 1.000000e+000  7.847819e-004
 1.247500e+000  7.227358e-004
 1.495000e+000  6.578507e-004
 1.742500e+000  6.567772e-004
 1.990000e+000  4.457507e-004
 2.237500e+000  5.491711e-004
 2.485000e+000  4.363759e-004
 2.732500e+000  3.953976e-004
 2.980000e+000  2.543587e-004
 3.227500e+000  4.239554e-004
 3.475000e+000  4.736639e-004
 3.722500e+000  4.382491e-004
 3.970000e+000  3.150593e-004
 4.217500e+000  2.521274e-004
 4.465000e+000  4.319542e-004
 4.712500e+000  4.006076e-004
 4.960000e+000  3.912037e-004
 5.207500e+000  8.897327e-004
 5.455000e+000  1.081500e-003
 5.702500e+000  4.333285e-004
 5.950000e+000  2.935326e-004
 6.197500e+000  3.657614e-004
 6.445000e+000  3.308498e-004
 6.692500e+000  1.600749e-004
 6.940000e+000  1.819635e-004
 7.187500e+000  2.282944e-004
 7.435000e+000  4.131488e-004
 7.682500e+000  4.073074e-004
 7.930000e+000  3.652604e-004
 8.177500e+000  2.608552e-004
 8.425000e+000  2.855072e-004
 8.672500e+000  3.149327e-004
 8.920000e+000  1.504363e-004
 9.167500e+000  2.263695e-004
 9.415000e+000  1.875769e-004
 9.662500e+000  2.068191e-004
 9.910000e+000  2.113428e-004
 1.015750e+001  1.631855e-004
 1.040500e+001  2.192768e-004
 1.065250e+001  3.287653e-004
 1.090000e+001  3.721194e-004
 1.114750e+001  1.704541e-004
 1.139500e+001  2.223562e-004
 1.164250e+001  2.584558e-004
 1.189000e+001  1.752607e-004
 1.213750e+001  9.947556e-005
 1.238500e+001  5.327349e-005
 1.263250e+001  1.664506e-004
 1.288000e+001  8.884410e-005
 1.312750e+001  2.164406e-004
 1.337500e+001  1.293294e-004
 1.362250e+001  1.335380e-004
 1.387000e+001  1.532851e-004
 1.411750e+001  6.258875e-005
 1.436500e+001  1.312636e-004
 1.461250e+001  1.861350e-004
 1.486000e+001  1.626342e-004
 1.510750e+001  8.163949e-005
 1.535500e+001  1.222334e-004
 1.560250e+001  2.251785e-004
 1.585000e+001  2.464322e-004
 1.609750e+001  2.109808e-004
 1.634500e+001  1.822506e-004
 1.659250e+001  8.466012e-005
 1.684000e+001  1.221301e-004
 1.708750e+001  1.415422e-004
 1.733500e+001  1.561341e-004
 1.758250e+001  1.386515e-004
 1.783000e+001  1.216455e-004
 1.807750e+001  9.170753e-005
 1.832500e+001  8.715973e-005
 1.857250e+001  1.259872e-004
 1.882000e+001  1.103553e-004
 1.906750e+001  1.328753e-004
 1.931500e+001  1.404324e-004
 1.956250e+001  1.328161e-004
 1.981000e+001  1.529208e-004
 2.005750e+001  1.636142e-004
 2.030500e+001  1.066562e-004
 2.055250e+001  8.900214e-005
 2.080000e+001  1.107283e-004
 2.104750e+001  1.125668e-004
 2.129500e+001  9.625126e-005
 2.154250e+001  8.741471e-005
 2.179000e+001  1.682417e-004
 2.203750e+001  1.945695e-004
 2.228500e+001  1.050977e-004
 2.253250e+001  8.520379e-005
 2.278000e+001  1.112601e-004
 2.302750e+001  1.112205e-004
 2.327500e+001  9.947748e-005
 2.352250e+001  1.487081e-004
 2.377000e+001  1.996955e-004
 2.401750e+001  1.758185e-004
 2.426500e+001  1.721270e-004
 2.451250e+001  2.044625e-004
 2.476000e+001  2.466453e-004
 2.500750e+001  1.726497e-004
 2.525500e+001  1.356585e-004
 2.550250e+001  1.162885e-004
 2.575000e+001  1.462266e-004
 2.599750e+001  1.520502e-004
 2.624500e+001  9.861830e-005
 2.649250e+001  1.276318e-004
 2.674000e+001  1.786670e-004
 2.698750e+001  2.493741e-004
 2.723500e+001  1.404993e-004
 2.748250e+001  2.216454e-004
 2.773000e+001  1.665393e-004
 2.797750e+001  2.152437e-004
 2.822500e+001  1.871539e-004
 2.847250e+001  1.609542e-004
 2.872000e+001  1.304462e-004
 2.896750e+001  1.330375e-004
 2.921500e+001  1.363971e-004
 2.946250e+001  9.015147e-005
 2.971000e+001  1.434353e-004
 2.995750e+001  1.343645e-004
 3.020500e+001  7.384842e-005
 3.045250e+001  9.083864e-005
 3.070000e+001  1.714917e-004
 3.094750e+001  1.399485e-004
 3.119500e+001  8.376935e-005
 3.144250e+001  5.095369e-005
 3.169000e+001  5.577499e-005
 3.193750e+001  8.527906e-005
 3.218500e+001  6.819110e-005
 3.243250e+001  1.333417e-004
 3.268000e+001  1.133074e-004
 3.292750e+001  1.014280e-004
 3.317500e+001  1.144068e-004
 3.342250e+001  1.170378e-004
 3.367000e+001  9.316777e-005
 3.391750e+001  1.617088e-004
 3.416500e+001  1.463415e-004
 3.441250e+001  1.407103e-004
 3.466000e+001  1.167896e-004
 3.490750e+001  9.578560e-005
 3.515500e+001  5.342797e-005
 3.540250e+001  9.237225e-005
 3.565000e+001  7.381683e-005
 3.589750e+001  1.265895e-004
 3.614500e+001  1.729188e-004
 3.639250e+001  1.994150e-004
 3.664000e+001  2.236843e-004
 3.688750e+001  1.862120e-004
 3.713500e+001  1.268802e-004
 3.738250e+001  1.417469e-004
 3.763000e+001  1.009250e-004
 3.787750e+001  5.417811e-005
 3.812500e+001  1.720444e-004
 3.837250e+001  1.827744e-004
 3.862000e+001  8.893560e-005
 3.886750e+001  1.147901e-004
 3.911500e+001  1.296173e-004
 3.936250e+001  1.127996e-004
 3.961000e+001  1.408714e-004
 3.985750e+001  1.161852e-004
 4.010500e+001  1.103728e-004
 4.035250e+001  1.186347e-004
 4.060000e+001  8.378359e-005
 4.084750e+001  1.311863e-004
 4.109500e+001  1.068290e-004
 4.134250e+001  8.612937e-005
 4.159000e+001  1.025972e-004
 4.183750e+001  6.767992e-005
 4.208500e+001  7.100250e-005
 4.233250e+001  4.144368e-005
 4.258000e+001  1.256172e-004
 4.282750e+001  1.354747e-004
 4.307500e+001  6.833870e-005
 4.332250e+001  1.288053e-004
 4.357000e+001  1.446278e-004
 4.381750e+001  1.248323e-004
 4.406500e+001  1.499889e-004
 4.431250e+001  1.206292e-004
 4.456000e+001  1.893326e-004
 4.480750e+001  1.841980e-004
 4.505500e+001  1.341696e-004
 4.530250e+001  7.513982e-005
 4.555000e+001  9.556668e-005
 4.579750e+001  1.545097e-004
 4.604500e+001  1.200956e-004
 4.629250e+001  1.530940e-004
 4.654000e+001  1.349621e-004
 4.678750e+001  8.357713e-005
 4.703500e+001  1.602006e-004
 4.728250e+001  1.313372e-004
 4.753000e+001  1.257972e-004
 4.777750e+001  8.865627e-005
 4.802500e+001  6.806517e-005
 4.827250e+001  8.974238e-005
 4.852000e+001  1.274525e-004
 4.876750e+001  1.041506e-004
 4.901500e+001  7.119190e-005
 4.926250e+001  1.033189e-004
 4.951000e+001  9.639013e-005
 4.975750e+001  6.968811e-004
 5.000500e+001  1.457400e-003
 5.025250e+001  8.096870e-004
 5.050000e+001  7.730738e-005
 5.074750e+001  8.900123e-005
 5.099500e+001  9.340788e-005
 5.124250e+001  1.129380e-004
 5.149000e+001  1.329588e-004
 5.173750e+001  9.408080e-005
 5.198500e+001  9.737436e-005
 5.223250e+001  8.349200e-005
 5.248000e+001  8.512739e-005
 5.272750e+001  1.029025e-004
 5.297500e+001  7.329379e-005
 5.322250e+001  7.350815e-005
 5.347000e+001  1.003906e-004
 5.371750e+001  1.636327e-004
 5.396500e+001  1.257952e-004
 5.421250e+001  5.995501e-005
 5.446000e+001  8.988705e-005
 5.470750e+001  1.120986e-004
 5.495500e+001  1.258802e-004
 5.520250e+001  1.033471e-004
 5.545000e+001  9.182364e-005
 5.569750e+001  7.579822e-005
 5.594500e+001  7.893909e-005
 5.619250e+001  8.602042e-005
 5.644000e+001  9.597370e-005
 5.668750e+001  1.123268e-004
 5.693500e+001  1.408204e-004
 5.718250e+001  1.378758e-004
 5.743000e+001  6.852116e-005
 5.767750e+001  1.192217e-004
 5.792500e+001  1.258589e-004
 5.817250e+001  4.988631e-005
 5.842000e+001  5.586866e-005
 5.866750e+001  1.179051e-004
 5.891500e+001  1.344290e-004
 5.916250e+001  1.004311e-004
 5.941000e+001  7.383623e-005
 5.965750e+001  1.041979e-004
 5.990500e+001  1.593988e-004
 6.015250e+001  1.389608e-004
 6.040000e+001  8.676223e-005
 6.064750e+001  1.307721e-004
 6.089500e+001  1.026779e-004
 6.114250e+001  6.918297e-005
 6.139000e+001  1.151414e-004
 6.163750e+001  1.964081e-004
 6.188500e+001  1.527821e-004
 6.213250e+001  7.685614e-005
 6.238000e+001  4.854321e-005
 6.262750e+001  7.523229e-005
 6.287500e+001  1.152924e-004
 6.312250e+001  1.060184e-004
 6.337000e+001  8.670801e-005
 6.361750e+001  1.086881e-004
 6.386500e+001  9.140218e-005
 6.411250e+001  7.921320e-005
 6.436000e+001  1.004785e-004
 6.460750e+001  7.325007e-005
 6.485500e+001  8.117953e-005
 6.510250e+001  1.372238e-004
 6.535000e+001  1.347181e-004
 6.559750e+001  9.697366e-005
 6.584500e+001  1.360434e-004
 6.609250e+001  1.517038e-004
 6.634000e+001  9.724712e-005
 6.658750e+001  5.869807e-005
 6.683500e+001  8.453300e-005
 6.708250e+001  1.035381e-004
 6.733000e+001  1.470456e-004
 6.757750e+001  1.533037e-004
 6.782500e+001  6.720577e-005
 6.807250e+001  1.103744e-004
 6.832000e+001  9.682630e-005
 6.856750e+001  8.970253e-005
 6.881500e+001  1.120074e-004
 6.906250e+001  8.509615e-005
 6.931000e+001  6.072382e-005
 6.955750e+001  5.527842e-005
 6.980500e+001  7.003537e-005
 7.005250e+001  7.458228e-005
 7.030000e+001  6.885898e-005
 7.054750e+001  7.752433e-005
 7.079500e+001  7.319761e-005
 7.104250e+001  3.872319e-005
 7.129000e+001  6.746771e-005
 7.153750e+001  9.616541e-005
 7.178500e+001  9.645688e-005
 7.203250e+001  1.142650e-004
 7.228000e+001  1.041403e-004
 7.252750e+001  1.227187e-004
 7.277500e+001  1.365750e-004
 7.302250e+001  5.497554e-005
 7.327000e+001  8.590056e-005
 7.351750e+001  1.187279e-004
 7.376500e+001  1.104568e-004
 7.401250e+001  1.020457e-004
 7.426000e+001  7.711354e-005
 7.450750e+001  8.952984e-005
 7.475500e+001  7.256705e-005
 7.500250e+001  8.600672e-005
 7.525000e+001  1.813491e-004
 7.549750e+001  1.294471e-004
 7.574500e+001  1.157124e-004
 7.599250e+001  8.541025e-005
 7.624000e+001  1.050130e-004
 7.648750e+001  1.144166e-004
 7.673500e+001  1.041592e-004
 7.698250e+001  1.163379e-004
 7.723000e+001  1.567456e-004
 7.747750e+001  1.517331e-004
 7.772500e+001  6.884710e-005
 7.797250e+001  1.020411e-004
 7.822000e+001  1.051096e-004
 7.846750e+001  8.716871e-005
 7.871500e+001  6.254984e-005
 7.896250e+001  9.345047e-005
 7.921000e+001  9.855668e-005
 7.945750e+001  7.872019e-005
 7.970500e+001  1.101397e-004
 7.995250e+001  1.335129e-004
 8.020000e+001  1.042498e-004
 8.044750e+001  8.807967e-005
 8.069500e+001  5.750112e-005
 8.094250e+001  8.768717e-005
 8.119000e+001  7.795523e-005
 8.143750e+001  6.038771e-005
 8.168500e+001  1.064260e-004
 8.193250e+001  1.013962e-004
 8.218000e+001  1.104433e-004
 8.242750e+001  1.147871e-004
 8.267500e+001  9.288004e-005
 8.292250e+001  9.472313e-005
 8.317000e+001  6.495341e-005
 8.341750e+001  9.261651e-005
 8.366500e+001  1.456329e-004
 8.391250e+001  8.295135e-005
 8.416000e+001  7.486980e-005
 8.440750e+001  8.038047e-005
 8.465500e+001  1.274151e-004
 8.490250e+001  9.172102e-005
 8.515000e+001  8.830180e-005
 8.539750e+001  5.319876e-005
 8.564500e+001  9.018941e-005
 8.589250e+001  9.919049e-005
 8.614000e+001  1.030809e-004
 8.638750e+001  1.257199e-004
 8.663500e+001  8.742105e-005
 8.688250e+001  5.683452e-005
 8.713000e+001  5.873419e-005
 8.737750e+001  1.414933e-004
 8.762500e+001  1.347506e-004
 8.787250e+001  1.245302e-004
 8.812000e+001  1.267597e-004
 8.836750e+001  9.757406e-005
 8.861500e+001  6.879275e-005
 8.886250e+001  1.117304e-004
 8.911000e+001  6.606974e-005
 8.935750e+001  1.321747e-004
 8.960500e+001  8.647607e-005
 8.985250e+001  8.207765e-005
 9.010000e+001  1.245549e-004
 9.034750e+001  1.163323e-004
 9.059500e+001  9.007697e-005
 9.084250e+001  1.331909e-004
 9.109000e+001  1.177622e-004
 9.133750e+001  3.760360e-005
 9.158500e+001  8.070565e-005
 9.183250e+001  7.692617e-005
 9.208000e+001  6.930240e-005
 9.232750e+001  9.667675e-005
 9.257500e+001  1.340758e-004
 9.282250e+001  1.107163e-004
 9.307000e+001  4.676054e-005
 9.331750e+001  5.448623e-005
 9.356500e+001  1.416998e-004
 9.381250e+001  1.271490e-004
 9.406000e+001  1.176517e-004
 9.430750e+001  1.394293e-004
 9.455500e+001  1.252005e-004
 9.480250e+001  8.670446e-005
 9.505000e+001  9.106020e-005
 9.529750e+001  8.266988e-005
 9.554500e+001  1.033818e-004
 9.579250e+001  1.139269e-004
 9.604000e+001  1.122086e-004
 9.628750e+001  6.021110e-005
 9.653500e+001  1.202580e-004
 9.678250e+001  1.071229e-004
 9.703000e+001  1.498137e-004
 9.727750e+001  1.699376e-004
 9.752500e+001  1.201374e-004
 9.777250e+001  8.820322e-005
 9.802000e+001  1.574897e-004
 9.826750e+001  1.817794e-004
 9.851500e+001  1.232521e-004
 9.876250e+001  7.251004e-005
 9.901000e+001  7.635693e-005
 9.925750e+001  8.595282e-005
 9.950500e+001  1.003730e-004
 9.975250e+001  1.057943e-004
 1.000000e+002  2.185142e-004
