 1.000000e+001  1.427060e-004
 1.061875e+001  1.127819e-004
 1.123750e+001  1.237556e-004
 1.185625e+001  1.157978e-004
 1.247500e+001  9.383956e-005
 1.309375e+001  1.271730e-004
 1.371250e+001  1.332037e-004
 1.433125e+001  1.087960e-004
 1.495000e+001  1.064942e-004
 1.556875e+001  1.141322e-004
 1.618750e+001  1.057903e-004
 1.680625e+001  8.679703e-005
 1.742500e+001  9.401884e-005
 1.804375e+001  9.744177e-005
 1.866250e+001  1.046230e-004
 1.928125e+001  1.068296e-004
 1.990000e+001  9.520479e-005
 2.051875e+001  8.587010e-005
 2.113750e+001  9.025516e-005
 2.175625e+001  9.002491e-005
 2.237500e+001  8.252720e-005
 2.299375e+001  9.926208e-005
 2.361250e+001  9.207625e-005
 2.423125e+001  1.207140e-004
 2.485000e+001  1.041164e-004
 2.546875e+001  1.055499e-004
 2.608750e+001  9.855915e-005
 2.670625e+001  8.302537e-005
 2.732500e+001  9.444689e-005
 2.794375e+001  9.323308e-005
 2.856250e+001  8.413561e-005
 2.918125e+001  8.717443e-005
 2.980000e+001  7.289745e-005
 3.041875e+001  8.083173e-005
 3.103750e+001  8.478513e-005
 3.165625e+001  9.078474e-005
 3.227500e+001  1.132999e-004
 3.289375e+001  1.063273e-004
 3.351250e+001  8.436751e-005
 3.413125e+001  7.461743e-005
 3.475000e+001  8.783626e-005
 3.536875e+001  1.042913e-004
 3.598750e+001  1.003096e-004
 3.660625e+001  8.881484e-005
 3.722500e+001  8.609139e-005
 3.784375e+001  9.489568e-005
 3.846250e+001  7.941674e-005
 3.908125e+001  7.859684e-005
 3.970000e+001  8.249022e-005
 4.031875e+001  7.138580e-005
 4.093750e+001  7.730032e-005
 4.155625e+001  9.133244e-005
 4.217500e+001  1.017626e-004
 4.279375e+001  1.070248e-004
 4.341250e+001  1.128986e-004
 4.403125e+001  1.179349e-004
 4.465000e+001  8.944547e-005
 4.526875e+001  8.480980e-005
 4.588750e+001  7.973369e-005
 4.650625e+001  7.318018e-005
 4.712500e+001  7.672390e-005
 4.774375e+001  9.414001e-005
 4.836250e+001  8.004610e-005
 4.898125e+001  2.053011e-004
 4.960000e+001  1.527973e-003
 5.021875e+001  1.904502e-003
 5.083750e+001  5.307766e-004
 5.145625e+001  1.083108e-004
 5.207500e+001  8.340827e-005
 5.269375e+001  8.825858e-005
 5.331250e+001  7.399101e-005
 5.393125e+001  8.506414e-005
 5.455000e+001  7.881350e-005
 5.516875e+001  7.345200e-005
 5.578750e+001  7.847295e-005
 5.640625e+001  8.547367e-005
 5.702500e+001  9.019458e-005
 5.764375e+001  8.376349e-005
 5.826250e+001  7.168318e-005
 5.888125e+001  8.058441e-005
 5.950000e+001  1.007514e-004
 6.011875e+001  1.017483e-004
 6.073750e+001  7.372160e-005
 6.135625e+001  6.908050e-005
 6.197500e+001  6.601265e-005
 6.259375e+001  8.226681e-005
 6.321250e+001  8.556144e-005
 6.383125e+001  6.910564e-005
 6.445000e+001  7.590746e-005
 6.506875e+001  8.646926e-005
 6.568750e+001  8.494084e-005
 6.630625e+001  9.061331e-005
 6.692500e+001  6.889820e-005
 6.754375e+001  6.848926e-005
 6.816250e+001  8.489303e-005
 6.878125e+001  8.357998e-005
 6.940000e+001  6.803592e-005
 7.001875e+001  8.018575e-005
 7.063750e+001  7.918191e-005
 7.125625e+001  7.782529e-005
 7.187500e+001  6.829945e-005
 7.249375e+001  7.474774e-005
 7.311250e+001  8.131213e-005
 7.373125e+001  8.314918e-005
 7.435000e+001  8.156623e-005
 7.496875e+001  8.517097e-005
 7.558750e+001  9.478071e-005
 7.620625e+001  9.017783e-005
 7.682500e+001  7.922078e-005
 7.744375e+001  7.353942e-005
 7.806250e+001  7.984177e-005
 7.868125e+001  7.070820e-005
 7.930000e+001  6.081591e-005
 7.991875e+001  7.047500e-005
 8.053750e+001  6.847978e-005
 8.115625e+001  7.904715e-005
 8.177500e+001  8.775949e-005
 8.239375e+001  9.024739e-005
 8.301250e+001  8.131352e-005
 8.363125e+001  7.000919e-005
 8.425000e+001  7.037131e-005
 8.486875e+001  6.281633e-005
 8.548750e+001  5.970620e-005
 8.610625e+001  6.678632e-005
 8.672500e+001  6.495330e-005
 8.734375e+001  6.505109e-005
 8.796250e+001  7.116117e-005
 8.858125e+001  8.358466e-005
 8.920000e+001  8.398982e-005
 8.981875e+001  8.831622e-005
 9.043750e+001  8.421130e-005
 9.105625e+001  6.674306e-005
 9.167500e+001  7.652635e-005
 9.229375e+001  8.748845e-005
 9.291250e+001  9.543994e-005
 9.353125e+001  9.244293e-005
 9.415000e+001  8.507731e-005
 9.476875e+001  7.945571e-005
 9.538750e+001  8.438061e-005
 9.600625e+001  8.041029e-005
 9.662500e+001  8.076742e-005
 9.724375e+001  7.700433e-005
 9.786250e+001  7.948361e-005
 9.848125e+001  9.290220e-005
 9.910000e+001  9.032285e-005
 9.971875e+001  1.140379e-004
 1.003375e+002  1.029227e-004
 1.009563e+002  8.649910e-005
 1.015750e+002  7.910624e-005
 1.021938e+002  7.456506e-005
 1.028125e+002  7.451500e-005
 1.034313e+002  5.759880e-005
 1.040500e+002  6.017084e-005
 1.046688e+002  7.177841e-005
 1.052875e+002  8.481498e-005
 1.059063e+002  8.911444e-005
 1.065250e+002  7.601100e-005
 1.071438e+002  7.916685e-005
 1.077625e+002  6.393099e-005
 1.083813e+002  6.985835e-005
 1.090000e+002  6.346871e-005
 1.096188e+002  6.007690e-005
 1.102375e+002  7.206138e-005
 1.108563e+002  9.265441e-005
 1.114750e+002  7.883191e-005
 1.120938e+002  6.720517e-005
 1.127125e+002  7.275299e-005
 1.133313e+002  7.504256e-005
 1.139500e+002  8.224685e-005
 1.145688e+002  6.671697e-005
 1.151875e+002  6.458506e-005
 1.158063e+002  6.510041e-005
 1.164250e+002  8.224323e-005
 1.170438e+002  7.433724e-005
 1.176625e+002  6.810395e-005
 1.182813e+002  7.593364e-005
 1.189000e+002  7.576695e-005
 1.195188e+002  8.120963e-005
 1.201375e+002  8.760136e-005
 1.207563e+002  7.053302e-005
 1.213750e+002  8.299077e-005
 1.219938e+002  7.432158e-005
 1.226125e+002  6.325350e-005
 1.232313e+002  7.070270e-005
 1.238500e+002  7.492068e-005
 1.244688e+002  7.251010e-005
 1.250875e+002  8.565281e-005
 1.257063e+002  7.834851e-005
 1.263250e+002  6.324616e-005
 1.269438e+002  6.839038e-005
 1.275625e+002  6.240267e-005
 1.281813e+002  6.349982e-005
 1.288000e+002  5.155569e-005
 1.294188e+002  5.159858e-005
 1.300375e+002  6.688750e-005
 1.306563e+002  6.265340e-005
 1.312750e+002  6.389569e-005
 1.318938e+002  6.247443e-005
 1.325125e+002  7.131492e-005
 1.331313e+002  7.914531e-005
 1.337500e+002  7.185671e-005
 1.343688e+002  5.685879e-005
 1.349875e+002  6.051599e-005
 1.356063e+002  6.151150e-005
 1.362250e+002  7.400074e-005
 1.368438e+002  7.725603e-005
 1.374625e+002  7.516530e-005
 1.380813e+002  7.689396e-005
 1.387000e+002  6.849545e-005
 1.393188e+002  6.755658e-005
 1.399375e+002  7.043821e-005
 1.405563e+002  8.103184e-005
 1.411750e+002  8.099321e-005
 1.417938e+002  6.556789e-005
 1.424125e+002  6.964132e-005
 1.430313e+002  7.626076e-005
 1.436500e+002  8.732847e-005
 1.442688e+002  8.460712e-005
 1.448875e+002  6.796772e-005
 1.455063e+002  7.227184e-005
 1.461250e+002  7.362114e-005
 1.467438e+002  6.712817e-005
 1.473625e+002  7.991215e-005
 1.479813e+002  9.067409e-005
 1.486000e+002  8.510017e-005
 1.492188e+002  3.820370e-004
 1.498375e+002  1.307492e-003
 1.504563e+002  1.052722e-003
 1.510750e+002  1.363438e-004
 1.516938e+002  8.435192e-005
 1.523125e+002  7.483479e-005
 1.529313e+002  5.495996e-005
 1.535500e+002  5.869793e-005
 1.541688e+002  6.455393e-005
 1.547875e+002  8.193578e-005
 1.554063e+002  8.198360e-005
 1.560250e+002  7.909614e-005
 1.566438e+002  6.990973e-005
 1.572625e+002  6.524805e-005
 1.578813e+002  5.456131e-005
 1.585000e+002  6.953043e-005
 1.591188e+002  8.563636e-005
 1.597375e+002  8.250435e-005
 1.603563e+002  5.790722e-005
 1.609750e+002  6.914107e-005
 1.615938e+002  7.086398e-005
 1.622125e+002  6.601550e-005
 1.628313e+002  7.000737e-005
 1.634500e+002  6.429992e-005
 1.640688e+002  5.643572e-005
 1.646875e+002  7.499011e-005
 1.653063e+002  8.059681e-005
 1.659250e+002  6.546603e-005
 1.665438e+002  7.777178e-005
 1.671625e+002  8.090027e-005
 1.677813e+002  5.991568e-005
 1.684000e+002  5.346835e-005
 1.690188e+002  7.147422e-005
 1.696375e+002  7.514621e-005
 1.702563e+002  6.912474e-005
 1.708750e+002  7.211221e-005
 1.714938e+002  6.418427e-005
 1.721125e+002  6.699911e-005
 1.727313e+002  7.209125e-005
 1.733500e+002  6.681042e-005
 1.739688e+002  6.297044e-005
 1.745875e+002  7.151709e-005
 1.752063e+002  6.834021e-005
 1.758250e+002  7.703108e-005
 1.764438e+002  7.819165e-005
 1.770625e+002  6.835470e-005
 1.776813e+002  6.627959e-005
 1.783000e+002  7.042144e-005
 1.789188e+002  6.593684e-005
 1.795375e+002  5.725509e-005
 1.801563e+002  7.557897e-005
 1.807750e+002  7.464780e-005
 1.813938e+002  6.183767e-005
 1.820125e+002  5.126599e-005
 1.826313e+002  7.012903e-005
 1.832500e+002  7.206109e-005
 1.838688e+002  5.345910e-005
 1.844875e+002  6.860000e-005
 1.851063e+002  4.620840e-005
 1.857250e+002  5.427085e-005
 1.863438e+002  5.898774e-005
 1.869625e+002  7.708785e-005
 1.875813e+002  7.419123e-005
 1.882000e+002  5.769925e-005
 1.888188e+002  6.774633e-005
 1.894375e+002  8.097433e-005
 1.900563e+002  7.573100e-005
 1.906750e+002  8.197301e-005
 1.912938e+002  8.603630e-005
 1.919125e+002  7.382004e-005
 1.925313e+002  5.805205e-005
 1.931500e+002  7.040978e-005
 1.937688e+002  7.270689e-005
 1.943875e+002  7.078654e-005
 1.950063e+002  7.175448e-005
 1.956250e+002  5.826064e-005
 1.962438e+002  5.792715e-005
 1.968625e+002  6.717673e-005
 1.974813e+002  6.711681e-005
 1.981000e+002  8.464140e-005
 1.987188e+002  8.763116e-005
 1.993375e+002  6.907453e-005
 1.999563e+002  8.489056e-005
 2.005750e+002  7.382364e-005
 2.011938e+002  7.533632e-005
 2.018125e+002  7.198315e-005
 2.024313e+002  7.994671e-005
 2.030500e+002  7.784248e-005
 2.036688e+002  7.454612e-005
 2.042875e+002  7.220675e-005
 2.049063e+002  7.075038e-005
 2.055250e+002  8.068450e-005
 2.061438e+002  7.345294e-005
 2.067625e+002  8.686965e-005
 2.073813e+002  9.449168e-005
 2.080000e+002  8.558515e-005
 2.086188e+002  6.436569e-005
 2.092375e+002  7.002525e-005
 2.098563e+002  7.331353e-005
 2.104750e+002  7.829189e-005
 2.110938e+002  7.308759e-005
 2.117125e+002  5.986250e-005
 2.123313e+002  6.704892e-005
 2.129500e+002  6.331254e-005
 2.135688e+002  6.317470e-005
 2.141875e+002  6.986073e-005
 2.148063e+002  7.875013e-005
 2.154250e+002  8.086580e-005
 2.160438e+002  6.703728e-005
 2.166625e+002  6.874415e-005
 2.172813e+002  5.904529e-005
 2.179000e+002  6.577848e-005
 2.185188e+002  6.388555e-005
 2.191375e+002  5.820370e-005
 2.197563e+002  5.253366e-005
 2.203750e+002  6.862948e-005
 2.209938e+002  7.952683e-005
 2.216125e+002  7.268311e-005
 2.222313e+002  7.676542e-005
 2.228500e+002  7.934622e-005
 2.234688e+002  6.397904e-005
 2.240875e+002  6.856892e-005
 2.247063e+002  6.325070e-005
 2.253250e+002  7.216677e-005
 2.259438e+002  7.088013e-005
 2.265625e+002  6.268806e-005
 2.271813e+002  7.029337e-005
 2.278000e+002  7.551077e-005
 2.284188e+002  7.936336e-005
 2.290375e+002  6.849617e-005
 2.296563e+002  6.412138e-005
 2.302750e+002  5.743037e-005
 2.308938e+002  6.754030e-005
 2.315125e+002  6.780675e-005
 2.321313e+002  6.428270e-005
 2.327500e+002  6.265374e-005
 2.333688e+002  6.690922e-005
 2.339875e+002  6.805175e-005
 2.346063e+002  7.548872e-005
 2.352250e+002  8.681284e-005
 2.358438e+002  7.276921e-005
 2.364625e+002  8.100410e-005
 2.370813e+002  6.861149e-005
 2.377000e+002  5.819085e-005
 2.383188e+002  5.853000e-005
 2.389375e+002  6.356132e-005
 2.395563e+002  7.038048e-005
 2.401750e+002  7.027915e-005
 2.407938e+002  7.515063e-005
 2.414125e+002  6.554350e-005
 2.420313e+002  6.772107e-005
 2.426500e+002  6.222919e-005
 2.432688e+002  6.688720e-005
 2.438875e+002  7.600308e-005
 2.445063e+002  7.404151e-005
 2.451250e+002  6.737031e-005
 2.457438e+002  6.228892e-005
 2.463625e+002  6.503472e-005
 2.469813e+002  6.013648e-005
 2.476000e+002  6.289368e-005
 2.482188e+002  6.597459e-005
 2.488375e+002  4.342464e-005
 2.494563e+002  2.265508e-004
 2.500750e+002  4.471265e-004
 2.506938e+002  2.292014e-004
 2.513125e+002  6.163737e-005
 2.519313e+002  7.762206e-005
 2.525500e+002  7.847329e-005
 2.531688e+002  7.421400e-005
 2.537875e+002  6.708965e-005
 2.544063e+002  6.355975e-005
 2.550250e+002  6.830049e-005
 2.556438e+002  6.557161e-005
 2.562625e+002  7.005989e-005
 2.568813e+002  7.582790e-005
 2.575000e+002  7.060284e-005
 2.581188e+002  6.126538e-005
 2.587375e+002  6.608477e-005
 2.593563e+002  8.064241e-005
 2.599750e+002  7.910784e-005
 2.605938e+002  7.429946e-005
 2.612125e+002  7.737194e-005
 2.618313e+002  7.315339e-005
 2.624500e+002  8.239896e-005
 2.630688e+002  8.281366e-005
 2.636875e+002  7.555062e-005
 2.643063e+002  7.249684e-005
 2.649250e+002  6.980152e-005
 2.655438e+002  7.085575e-005
 2.661625e+002  7.196476e-005
 2.667813e+002  8.397305e-005
 2.674000e+002  6.945415e-005
 2.680188e+002  8.022892e-005
 2.686375e+002  7.796061e-005
 2.692563e+002  7.177550e-005
 2.698750e+002  6.082468e-005
 2.704938e+002  6.757381e-005
 2.711125e+002  5.403570e-005
 2.717313e+002  5.153927e-005
 2.723500e+002  6.362921e-005
 2.729688e+002  7.079248e-005
 2.735875e+002  7.503262e-005
 2.742063e+002  7.443698e-005
 2.748250e+002  7.066847e-005
 2.754438e+002  6.927362e-005
 2.760625e+002  5.581773e-005
 2.766813e+002  7.248773e-005
 2.773000e+002  7.378330e-005
 2.779188e+002  6.796456e-005
 2.785375e+002  6.904498e-005
 2.791563e+002  7.165520e-005
 2.797750e+002  6.976732e-005
 2.803938e+002  6.770102e-005
 2.810125e+002  6.697904e-005
 2.816313e+002  7.685231e-005
 2.822500e+002  7.276395e-005
 2.828688e+002  8.187950e-005
 2.834875e+002  7.416134e-005
 2.841063e+002  7.180473e-005
 2.847250e+002  6.596846e-005
 2.853438e+002  6.548024e-005
 2.859625e+002  7.355389e-005
 2.865813e+002  6.817886e-005
 2.872000e+002  6.221443e-005
 2.878188e+002  6.818503e-005
 2.884375e+002  8.785389e-005
 2.890563e+002  7.689271e-005
 2.896750e+002  6.027847e-005
 2.902938e+002  6.266527e-005
 2.909125e+002  7.240324e-005
 2.915313e+002  6.676461e-005
 2.921500e+002  7.300766e-005
 2.927688e+002  7.113656e-005
 2.933875e+002  7.264655e-005
 2.940063e+002  7.102842e-005
 2.946250e+002  7.591114e-005
 2.952438e+002  6.169713e-005
 2.958625e+002  5.234852e-005
 2.964813e+002  5.620170e-005
 2.971000e+002  6.973389e-005
 2.977188e+002  7.485112e-005
 2.983375e+002  6.421258e-005
 2.989563e+002  6.019704e-005
 2.995750e+002  8.159655e-005
 3.001938e+002  7.780031e-005
 3.008125e+002  7.762542e-005
 3.014313e+002  6.693715e-005
 3.020500e+002  6.289683e-005
 3.026688e+002  7.786497e-005
 3.032875e+002  6.833016e-005
 3.039063e+002  6.728943e-005
 3.045250e+002  6.057115e-005
 3.051438e+002  6.060228e-005
 3.057625e+002  8.063666e-005
 3.063813e+002  7.367133e-005
 3.070000e+002  7.358724e-005
 3.076188e+002  7.102776e-005
 3.082375e+002  6.650466e-005
 3.088563e+002  6.157911e-005
 3.094750e+002  6.122887e-005
 3.100938e+002  6.793241e-005
 3.107125e+002  7.306840e-005
 3.113313e+002  6.614539e-005
 3.119500e+002  6.831754e-005
 3.125688e+002  7.486103e-005
 3.131875e+002  8.370746e-005
 3.138063e+002  7.401318e-005
 3.144250e+002  6.204864e-005
 3.150437e+002  6.669650e-005
 3.156625e+002  6.106323e-005
 3.162812e+002  5.662462e-005
 3.169000e+002  7.501068e-005
 3.175187e+002  6.420977e-005
 3.181375e+002  6.606321e-005
 3.187562e+002  7.598997e-005
 3.193750e+002  6.638929e-005
 3.199937e+002  6.997062e-005
 3.206125e+002  5.902931e-005
 3.212312e+002  7.073441e-005
 3.218500e+002  7.781968e-005
 3.224687e+002  6.960289e-005
 3.230875e+002  5.216165e-005
 3.237062e+002  6.245432e-005
 3.243250e+002  6.977078e-005
 3.249437e+002  6.489988e-005
 3.255625e+002  6.876705e-005
 3.261812e+002  7.239010e-005
 3.268000e+002  7.714210e-005
 3.274187e+002  7.101412e-005
 3.280375e+002  7.438854e-005
 3.286562e+002  7.529680e-005
 3.292750e+002  6.186191e-005
 3.298937e+002  6.087051e-005
 3.305125e+002  7.279504e-005
 3.311312e+002  7.468103e-005
 3.317500e+002  7.371523e-005
 3.323687e+002  5.697653e-005
 3.329875e+002  6.564551e-005
 3.336062e+002  7.543247e-005
 3.342250e+002  6.727622e-005
 3.348437e+002  5.814655e-005
 3.354625e+002  5.646887e-005
 3.360812e+002  7.157532e-005
 3.367000e+002  6.962838e-005
 3.373187e+002  6.257311e-005
 3.379375e+002  7.393268e-005
 3.385562e+002  6.922812e-005
 3.391750e+002  7.666493e-005
 3.397937e+002  6.312109e-005
 3.404125e+002  7.442559e-005
 3.410312e+002  6.488194e-005
 3.416500e+002  5.935952e-005
 3.422687e+002  5.405217e-005
 3.428875e+002  5.842403e-005
 3.435062e+002  6.856758e-005
 3.441250e+002  7.415984e-005
 3.447437e+002  7.165867e-005
 3.453625e+002  6.522011e-005
 3.459812e+002  6.553621e-005
 3.466000e+002  6.648249e-005
 3.472187e+002  6.194020e-005
 3.478375e+002  7.715950e-005
 3.484562e+002  7.476747e-005
 3.490750e+002  6.850255e-005
 3.496937e+002  9.027908e-005
 3.503125e+002  9.486759e-005
 3.509312e+002  7.524933e-005
 3.515500e+002  6.401167e-005
 3.521687e+002  6.924496e-005
 3.527875e+002  6.650777e-005
 3.534062e+002  5.652963e-005
 3.540250e+002  6.327686e-005
 3.546437e+002  6.710793e-005
 3.552625e+002  5.954442e-005
 3.558812e+002  5.831659e-005
 3.565000e+002  6.556512e-005
 3.571187e+002  9.754541e-005
 3.577375e+002  8.439346e-005
 3.583562e+002  5.292389e-005
 3.589750e+002  6.227919e-005
 3.595937e+002  8.377891e-005
 3.602125e+002  7.586323e-005
 3.608312e+002  6.631735e-005
 3.614500e+002  6.878360e-005
 3.620687e+002  6.041568e-005
 3.626875e+002  6.257141e-005
 3.633062e+002  6.429277e-005
 3.639250e+002  8.093435e-005
 3.645437e+002  7.668075e-005
 3.651625e+002  7.069508e-005
 3.657812e+002  6.726230e-005
 3.664000e+002  6.490208e-005
 3.670187e+002  8.731794e-005
 3.676375e+002  7.443697e-005
 3.682562e+002  7.097701e-005
 3.688750e+002  6.266680e-005
 3.694937e+002  5.758327e-005
 3.701125e+002  6.962361e-005
 3.707312e+002  8.145662e-005
 3.713500e+002  7.443733e-005
 3.719687e+002  6.397464e-005
 3.725875e+002  6.856454e-005
 3.732062e+002  8.130020e-005
 3.738250e+002  8.725689e-005
 3.744437e+002  6.546575e-005
 3.750625e+002  7.737560e-005
 3.756812e+002  8.405900e-005
 3.763000e+002  7.724818e-005
 3.769187e+002  6.666908e-005
 3.775375e+002  4.777750e-005
 3.781562e+002  6.901720e-005
 3.787750e+002  7.681903e-005
 3.793937e+002  7.390269e-005
 3.800125e+002  5.157471e-005
 3.806312e+002  5.699301e-005
 3.812500e+002  5.830894e-005
 3.818687e+002  5.581599e-005
 3.824875e+002  6.826552e-005
 3.831062e+002  6.312454e-005
 3.837250e+002  7.826124e-005
 3.843437e+002  8.641218e-005
 3.849625e+002  6.785542e-005
 3.855812e+002  5.817319e-005
 3.862000e+002  5.484987e-005
 3.868187e+002  7.392128e-005
 3.874375e+002  7.119392e-005
 3.880562e+002  7.437818e-005
 3.886750e+002  6.835155e-005
 3.892937e+002  6.407555e-005
 3.899125e+002  7.339010e-005
 3.905312e+002  7.353355e-005
 3.911500e+002  7.438710e-005
 3.917687e+002  7.152579e-005
 3.923875e+002  7.396586e-005
 3.930062e+002  7.469022e-005
 3.936250e+002  8.264582e-005
 3.942437e+002  7.734279e-005
 3.948625e+002  7.211375e-005
 3.954812e+002  5.986856e-005
 3.961000e+002  4.523204e-005
 3.967187e+002  6.772416e-005
 3.973375e+002  7.181091e-005
 3.979562e+002  7.508670e-005
 3.985750e+002  7.319315e-005
 3.991937e+002  6.438050e-005
 3.998125e+002  5.533513e-005
 4.004312e+002  7.104452e-005
 4.010500e+002  8.195069e-005
 4.016687e+002  7.948153e-005
 4.022875e+002  6.584222e-005
 4.029062e+002  6.138775e-005
 4.035250e+002  6.305398e-005
 4.041437e+002  7.575802e-005
 4.047625e+002  6.585781e-005
 4.053812e+002  6.848945e-005
 4.060000e+002  8.357467e-005
 4.066187e+002  7.170967e-005
 4.072375e+002  5.995866e-005
 4.078562e+002  5.549316e-005
 4.084750e+002  5.658568e-005
 4.090937e+002  6.353958e-005
 4.097125e+002  7.304483e-005
 4.103312e+002  6.749050e-005
 4.109500e+002  6.630879e-005
 4.115687e+002  5.811243e-005
 4.121875e+002  6.228632e-005
 4.128062e+002  7.767219e-005
 4.134250e+002  7.496680e-005
 4.140437e+002  6.876882e-005
 4.146625e+002  7.971003e-005
 4.152812e+002  7.080582e-005
 4.159000e+002  6.543904e-005
 4.165187e+002  7.238744e-005
 4.171375e+002  7.786045e-005
 4.177562e+002  6.948284e-005
 4.183750e+002  6.907403e-005
 4.189937e+002  6.722861e-005
 4.196125e+002  7.668466e-005
 4.202312e+002  8.044100e-005
 4.208500e+002  8.133660e-005
 4.214687e+002  6.167902e-005
 4.220875e+002  6.970282e-005
 4.227062e+002  8.501654e-005
 4.233250e+002  7.333969e-005
 4.239437e+002  6.872068e-005
 4.245625e+002  6.226409e-005
 4.251812e+002  6.425753e-005
 4.258000e+002  7.395970e-005
 4.264187e+002  7.497938e-005
 4.270375e+002  7.587219e-005
 4.276562e+002  8.274147e-005
 4.282750e+002  9.346530e-005
 4.288937e+002  6.812864e-005
 4.295125e+002  5.880689e-005
 4.301312e+002  5.952391e-005
 4.307500e+002  7.861591e-005
 4.313687e+002  8.508466e-005
 4.319875e+002  7.604064e-005
 4.326062e+002  8.066904e-005
 4.332250e+002  8.871495e-005
 4.338437e+002  8.368297e-005
 4.344625e+002  9.229313e-005
 4.350812e+002  8.813616e-005
 4.357000e+002  7.093325e-005
 4.363187e+002  6.910259e-005
 4.369375e+002  7.431733e-005
 4.375562e+002  7.477400e-005
 4.381750e+002  6.428306e-005
 4.387937e+002  7.317131e-005
 4.394125e+002  6.531916e-005
 4.400312e+002  6.199071e-005
 4.406500e+002  6.912871e-005
 4.412687e+002  7.348627e-005
 4.418875e+002  6.776545e-005
 4.425062e+002  5.596847e-005
 4.431250e+002  6.025426e-005
 4.437437e+002  7.712659e-005
 4.443625e+002  7.166657e-005
 4.449812e+002  6.237186e-005
 4.456000e+002  6.158786e-005
 4.462187e+002  6.922815e-005
 4.468375e+002  6.922139e-005
 4.474562e+002  6.003768e-005
 4.480750e+002  5.706720e-005
 4.486937e+002  5.779695e-005
 4.493125e+002  8.607497e-005
 4.499312e+002  2.061210e-004
 4.505500e+002  1.760236e-004
 4.511687e+002  7.193986e-005
 4.517875e+002  6.641855e-005
 4.524062e+002  5.632726e-005
 4.530250e+002  6.638053e-005
 4.536437e+002  6.518403e-005
 4.542625e+002  7.397591e-005
 4.548812e+002  6.865619e-005
 4.555000e+002  6.775683e-005
 4.561187e+002  6.380839e-005
 4.567375e+002  7.686899e-005
 4.573562e+002  7.063357e-005
 4.579750e+002  5.291527e-005
 4.585937e+002  6.078844e-005
 4.592125e+002  7.004212e-005
 4.598312e+002  7.185587e-005
 4.604500e+002  7.038603e-005
 4.610687e+002  7.515481e-005
 4.616875e+002  8.802049e-005
 4.623062e+002  8.738440e-005
 4.629250e+002  7.515220e-005
 4.635437e+002  6.440832e-005
 4.641625e+002  6.474585e-005
 4.647812e+002  6.561299e-005
 4.654000e+002  6.098133e-005
 4.660187e+002  5.929486e-005
 4.666375e+002  7.275840e-005
 4.672562e+002  7.733506e-005
 4.678750e+002  6.174918e-005
 4.684937e+002  7.381513e-005
 4.691125e+002  8.320964e-005
 4.697312e+002  7.878726e-005
 4.703500e+002  6.859344e-005
 4.709687e+002  6.638551e-005
 4.715875e+002  6.592146e-005
 4.722062e+002  6.687389e-005
 4.728250e+002  7.339426e-005
 4.734437e+002  6.851673e-005
 4.740625e+002  7.162280e-005
 4.746812e+002  7.284547e-005
 4.753000e+002  6.203560e-005
 4.759187e+002  6.330266e-005
 4.765375e+002  6.484981e-005
 4.771562e+002  6.268919e-005
 4.777750e+002  5.173811e-005
 4.783937e+002  6.542977e-005
 4.790125e+002  7.410108e-005
 4.796312e+002  6.537630e-005
 4.802500e+002  6.692041e-005
 4.808687e+002  6.990881e-005
 4.814875e+002  6.482858e-005
 4.821062e+002  7.209265e-005
 4.827250e+002  6.519809e-005
 4.833437e+002  6.915889e-005
 4.839625e+002  7.626928e-005
 4.845812e+002  7.192254e-005
 4.852000e+002  7.289101e-005
 4.858187e+002  6.330953e-005
 4.864375e+002  6.099143e-005
 4.870562e+002  7.330783e-005
 4.876750e+002  6.966297e-005
 4.882937e+002  6.517345e-005
 4.889125e+002  6.569891e-005
 4.895312e+002  7.552602e-005
 4.901500e+002  6.931043e-005
 4.907687e+002  6.731082e-005
 4.913875e+002  7.001952e-005
 4.920062e+002  7.218730e-005
 4.926250e+002  7.389738e-005
 4.932437e+002  7.828561e-005
 4.938625e+002  8.202685e-005
 4.944812e+002  6.528439e-005
 4.951000e+002  6.463660e-005
 4.957187e+002  6.263949e-005
 4.963375e+002  7.995328e-005
 4.969562e+002  8.276509e-005
 4.975750e+002  7.884951e-005
 4.981937e+002  6.634594e-005
 4.988125e+002  7.170778e-005
 4.994312e+002  7.635789e-005
 5.000500e+002  9.748440e-005
 5.006687e+002  8.094414e-005
 5.012875e+002  7.296746e-005
 5.019062e+002  7.084858e-005
 5.025250e+002  7.212492e-005
 5.031437e+002  7.531608e-005
 5.037625e+002  6.208078e-005
 5.043812e+002  6.155123e-005
 5.050000e+002  8.321563e-005
 5.056187e+002  8.235624e-005
 5.062375e+002  7.149387e-005
 5.068562e+002  6.717252e-005
 5.074750e+002  7.021275e-005
 5.080937e+002  7.421211e-005
 5.087125e+002  7.070153e-005
 5.093312e+002  7.320825e-005
 5.099500e+002  6.591582e-005
 5.105687e+002  7.188666e-005
 5.111875e+002  6.665591e-005
 5.118062e+002  6.202699e-005
 5.124250e+002  7.231723e-005
 5.130437e+002  6.511245e-005
 5.136625e+002  7.238546e-005
 5.142812e+002  6.606090e-005
 5.149000e+002  8.072530e-005
 5.155187e+002  7.023561e-005
 5.161375e+002  6.383939e-005
 5.167562e+002  7.025055e-005
 5.173750e+002  6.835914e-005
 5.179937e+002  7.002882e-005
 5.186125e+002  6.511157e-005
 5.192312e+002  8.142469e-005
 5.198500e+002  8.279511e-005
 5.204687e+002  7.597023e-005
 5.210875e+002  6.686517e-005
 5.217062e+002  7.528764e-005
 5.223250e+002  8.601820e-005
 5.229437e+002  6.815081e-005
 5.235625e+002  5.727726e-005
 5.241812e+002  6.355091e-005
 5.248000e+002  5.916572e-005
 5.254187e+002  6.116500e-005
 5.260375e+002  6.506387e-005
 5.266562e+002  6.466322e-005
 5.272750e+002  6.309107e-005
 5.278937e+002  6.835750e-005
 5.285125e+002  6.921262e-005
 5.291312e+002  6.532865e-005
 5.297500e+002  6.672841e-005
 5.303687e+002  7.057155e-005
 5.309875e+002  6.959890e-005
 5.316062e+002  7.735328e-005
 5.322250e+002  7.053410e-005
 5.328437e+002  6.374906e-005
 5.334625e+002  6.216095e-005
 5.340812e+002  6.991488e-005
 5.347000e+002  6.537424e-005
 5.353187e+002  6.365995e-005
 5.359375e+002  6.728200e-005
 5.365562e+002  6.506443e-005
 5.371750e+002  6.748907e-005
 5.377937e+002  7.401293e-005
 5.384125e+002  7.017356e-005
 5.390312e+002  7.432723e-005
 5.396500e+002  7.724908e-005
 5.402687e+002  6.765015e-005
 5.408875e+002  5.796739e-005
 5.415062e+002  7.245941e-005
 5.421250e+002  6.443965e-005
 5.427437e+002  5.978659e-005
 5.433625e+002  5.252552e-005
 5.439812e+002  6.724712e-005
 5.446000e+002  6.854416e-005
 5.452187e+002  7.037452e-005
 5.458375e+002  8.296413e-005
 5.464562e+002  6.924938e-005
 5.470750e+002  7.087600e-005
 5.476937e+002  6.703516e-005
 5.483125e+002  5.919329e-005
 5.489312e+002  5.955731e-005
 5.495500e+002  8.442012e-005
 5.501687e+002  1.262232e-004
 5.507875e+002  9.429367e-005
 5.514062e+002  6.918097e-005
 5.520250e+002  6.200027e-005
 5.526437e+002  6.688011e-005
 5.532625e+002  5.942755e-005
 5.538812e+002  5.378219e-005
 5.545000e+002  7.096022e-005
 5.551187e+002  6.854483e-005
 5.557375e+002  6.270859e-005
 5.563562e+002  6.108328e-005
 5.569750e+002  7.213167e-005
 5.575937e+002  8.691628e-005
 5.582125e+002  7.898902e-005
 5.588312e+002  4.755886e-005
 5.594500e+002  5.600761e-005
 5.600687e+002  6.650542e-005
 5.606875e+002  7.023630e-005
 5.613062e+002  7.578451e-005
 5.619250e+002  8.459899e-005
 5.625437e+002  7.363909e-005
 5.631625e+002  7.681688e-005
 5.637812e+002  6.983091e-005
 5.644000e+002  7.148611e-005
 5.650187e+002  6.442343e-005
 5.656375e+002  6.836168e-005
 5.662562e+002  6.713772e-005
 5.668750e+002  6.722240e-005
 5.674937e+002  7.041982e-005
 5.681125e+002  6.070044e-005
 5.687312e+002  6.203115e-005
 5.693500e+002  4.720665e-005
 5.699687e+002  5.489939e-005
 5.705875e+002  5.149991e-005
 5.712062e+002  5.629210e-005
 5.718250e+002  7.116454e-005
 5.724437e+002  8.337307e-005
 5.730625e+002  8.125672e-005
 5.736812e+002  6.767617e-005
 5.743000e+002  7.053607e-005
 5.749187e+002  7.186089e-005
 5.755375e+002  7.547821e-005
 5.761562e+002  7.031380e-005
 5.767750e+002  7.298671e-005
 5.773937e+002  8.309617e-005
 5.780125e+002  7.839581e-005
 5.786312e+002  6.175943e-005
 5.792500e+002  6.217849e-005
 5.798687e+002  6.958939e-005
 5.804875e+002  6.270344e-005
 5.811062e+002  7.840228e-005
 5.817250e+002  7.117128e-005
 5.823437e+002  6.722558e-005
 5.829625e+002  5.650491e-005
 5.835812e+002  6.967288e-005
 5.842000e+002  7.164698e-005
 5.848187e+002  6.681115e-005
 5.854375e+002  6.349866e-005
 5.860562e+002  6.651774e-005
 5.866750e+002  7.159742e-005
 5.872937e+002  7.188698e-005
 5.879125e+002  6.315884e-005
 5.885312e+002  5.450716e-005
 5.891500e+002  5.969283e-005
 5.897687e+002  6.101380e-005
 5.903875e+002  6.024267e-005
 5.910062e+002  7.283596e-005
 5.916250e+002  6.939908e-005
 5.922437e+002  6.879094e-005
 5.928625e+002  6.641912e-005
 5.934812e+002  7.010916e-005
 5.941000e+002  7.107717e-005
 5.947187e+002  6.872653e-005
 5.953375e+002  7.919208e-005
 5.959562e+002  7.398659e-005
 5.965750e+002  6.209332e-005
 5.971937e+002  6.224999e-005
 5.978125e+002  5.148971e-005
 5.984312e+002  6.804427e-005
 5.990500e+002  6.692923e-005
 5.996687e+002  7.859782e-005
 6.002875e+002  7.421111e-005
 6.009062e+002  8.210730e-005
 6.015250e+002  7.729259e-005
 6.021437e+002  7.030122e-005
 6.027625e+002  6.952385e-005
 6.033812e+002  6.900674e-005
 6.040000e+002  7.932121e-005
 6.046187e+002  7.552330e-005
 6.052375e+002  7.344143e-005
 6.058562e+002  7.298027e-005
 6.064750e+002  7.083867e-005
 6.070937e+002  6.340453e-005
 6.077125e+002  6.129863e-005
 6.083312e+002  6.674146e-005
 6.089500e+002  7.655745e-005
 6.095687e+002  7.475331e-005
 6.101875e+002  6.340980e-005
 6.108062e+002  6.706831e-005
 6.114250e+002  6.735998e-005
 6.120437e+002  5.978222e-005
 6.126625e+002  6.048123e-005
 6.132812e+002  7.460499e-005
 6.139000e+002  7.207984e-005
 6.145187e+002  7.081783e-005
 6.151375e+002  7.300129e-005
 6.157562e+002  7.140191e-005
 6.163750e+002  5.699449e-005
 6.169937e+002  7.031697e-005
 6.176125e+002  7.059049e-005
 6.182312e+002  6.456998e-005
 6.188500e+002  7.282981e-005
 6.194687e+002  6.703000e-005
 6.200875e+002  7.130708e-005
 6.207062e+002  8.358450e-005
 6.213250e+002  7.927568e-005
 6.219437e+002  7.846752e-005
 6.225625e+002  7.865431e-005
 6.231812e+002  7.183189e-005
 6.238000e+002  7.306254e-005
 6.244187e+002  8.915156e-005
 6.250375e+002  8.003712e-005
 6.256562e+002  7.845329e-005
 6.262750e+002  6.346857e-005
 6.268937e+002  6.374010e-005
 6.275125e+002  6.937209e-005
 6.281312e+002  6.862477e-005
 6.287500e+002  6.540458e-005
 6.293687e+002  5.415575e-005
 6.299875e+002  5.818757e-005
 6.306062e+002  5.821290e-005
 6.312250e+002  6.113551e-005
 6.318437e+002  8.024326e-005
 6.324625e+002  7.593738e-005
 6.330812e+002  6.929750e-005
 6.337000e+002  7.874550e-005
 6.343187e+002  7.047608e-005
 6.349375e+002  8.125670e-005
 6.355562e+002  7.231506e-005
 6.361750e+002  5.709309e-005
 6.367937e+002  6.374112e-005
 6.374125e+002  7.575115e-005
 6.380312e+002  6.797364e-005
 6.386500e+002  5.817177e-005
 6.392687e+002  6.624687e-005
 6.398875e+002  7.054887e-005
 6.405062e+002  7.067282e-005
 6.411250e+002  9.013672e-005
 6.417437e+002  8.618779e-005
 6.423625e+002  6.903960e-005
 6.429812e+002  6.726182e-005
 6.436000e+002  6.770567e-005
 6.442187e+002  6.688932e-005
 6.448375e+002  7.323315e-005
 6.454562e+002  7.212365e-005
 6.460750e+002  7.145858e-005
 6.466937e+002  7.194116e-005
 6.473125e+002  6.048319e-005
 6.479312e+002  5.714138e-005
 6.485500e+002  5.951040e-005
 6.491687e+002  5.904801e-005
 6.497875e+002  8.616514e-005
 6.504062e+002  9.842267e-005
 6.510250e+002  7.120955e-005
 6.516437e+002  6.938616e-005
 6.522625e+002  7.510268e-005
 6.528812e+002  8.257738e-005
 6.535000e+002  7.295620e-005
 6.541187e+002  5.878942e-005
 6.547375e+002  6.349681e-005
 6.553562e+002  6.899069e-005
 6.559750e+002  6.492658e-005
 6.565937e+002  6.553120e-005
 6.572125e+002  7.978416e-005
 6.578312e+002  7.302211e-005
 6.584500e+002  6.704575e-005
 6.590687e+002  6.390463e-005
 6.596875e+002  6.907695e-005
 6.603062e+002  7.648634e-005
 6.609250e+002  7.094237e-005
 6.615437e+002  8.265435e-005
 6.621625e+002  7.911397e-005
 6.627812e+002  6.271127e-005
 6.634000e+002  5.947781e-005
 6.640187e+002  7.073811e-005
 6.646375e+002  6.775600e-005
 6.652562e+002  6.124324e-005
 6.658750e+002  5.953410e-005
 6.664937e+002  5.649516e-005
 6.671125e+002  6.238259e-005
 6.677312e+002  7.625682e-005
 6.683500e+002  7.028413e-005
 6.689687e+002  5.937111e-005
 6.695875e+002  6.808394e-005
 6.702062e+002  6.000507e-005
 6.708250e+002  6.306981e-005
 6.714437e+002  8.199591e-005
 6.720625e+002  7.658063e-005
 6.726812e+002  6.623200e-005
 6.733000e+002  7.522628e-005
 6.739187e+002  7.935001e-005
 6.745375e+002  7.187992e-005
 6.751562e+002  8.058184e-005
 6.757750e+002  6.198209e-005
 6.763937e+002  8.599100e-005
 6.770125e+002  8.534120e-005
 6.776312e+002  7.193617e-005
 6.782500e+002  6.727863e-005
 6.788687e+002  5.848111e-005
 6.794875e+002  6.672133e-005
 6.801062e+002  6.544171e-005
 6.807250e+002  7.010707e-005
 6.813437e+002  7.291702e-005
 6.819625e+002  6.513194e-005
 6.825812e+002  6.738293e-005
 6.832000e+002  7.907898e-005
 6.838187e+002  6.912900e-005
 6.844375e+002  6.906767e-005
 6.850562e+002  6.239751e-005
 6.856750e+002  6.275204e-005
 6.862937e+002  6.857718e-005
 6.869125e+002  7.593329e-005
 6.875312e+002  7.675191e-005
 6.881500e+002  8.193363e-005
 6.887687e+002  8.527804e-005
 6.893875e+002  6.926699e-005
 6.900062e+002  6.880538e-005
 6.906250e+002  8.073809e-005
 6.912437e+002  6.922655e-005
 6.918625e+002  7.044233e-005
 6.924812e+002  7.109901e-005
 6.931000e+002  6.931148e-005
 6.937187e+002  6.957028e-005
 6.943375e+002  6.397486e-005
 6.949562e+002  6.679930e-005
 6.955750e+002  6.228807e-005
 6.961937e+002  7.180578e-005
 6.968125e+002  6.899197e-005
 6.974312e+002  6.887410e-005
 6.980500e+002  6.632419e-005
 6.986687e+002  5.342117e-005
 6.992875e+002  6.127225e-005
 6.999062e+002  5.936037e-005
 7.005250e+002  7.625567e-005
 7.011437e+002  6.379994e-005
 7.017625e+002  5.706505e-005
 7.023812e+002  7.514874e-005
 7.030000e+002  7.563930e-005
 7.036187e+002  7.034343e-005
 7.042375e+002  6.621719e-005
 7.048562e+002  7.608479e-005
 7.054750e+002  8.122538e-005
 7.060937e+002  9.019212e-005
 7.067125e+002  7.692053e-005
 7.073312e+002  6.850466e-005
 7.079500e+002  6.104407e-005
 7.085687e+002  7.580348e-005
 7.091875e+002  6.530765e-005
 7.098062e+002  5.911651e-005
 7.104250e+002  6.431710e-005
 7.110437e+002  7.231146e-005
 7.116625e+002  6.899652e-005
 7.122812e+002  7.328034e-005
 7.129000e+002  6.141382e-005
 7.135187e+002  6.985614e-005
 7.141375e+002  6.832167e-005
 7.147562e+002  7.428602e-005
 7.153750e+002  7.570181e-005
 7.159937e+002  9.137884e-005
 7.166125e+002  8.513367e-005
 7.172312e+002  8.235257e-005
 7.178500e+002  7.943096e-005
 7.184687e+002  8.240043e-005
 7.190875e+002  6.484160e-005
 7.197062e+002  6.171168e-005
 7.203250e+002  6.230478e-005
 7.209437e+002  6.781116e-005
 7.215625e+002  6.418830e-005
 7.221812e+002  6.190847e-005
 7.228000e+002  6.899784e-005
 7.234187e+002  6.015730e-005
 7.240375e+002  5.361047e-005
 7.246562e+002  5.837083e-005
 7.252750e+002  5.057206e-005
 7.258937e+002  6.017922e-005
 7.265125e+002  7.065332e-005
 7.271312e+002  6.257012e-005
 7.277500e+002  6.237015e-005
 7.283687e+002  5.958950e-005
 7.289875e+002  6.337626e-005
 7.296062e+002  8.491275e-005
 7.302250e+002  7.227992e-005
 7.308437e+002  5.629211e-005
 7.314625e+002  6.023873e-005
 7.320812e+002  6.063511e-005
 7.327000e+002  7.312457e-005
 7.333187e+002  7.046886e-005
 7.339375e+002  6.476493e-005
 7.345562e+002  6.357488e-005
 7.351750e+002  6.906101e-005
 7.357937e+002  6.917377e-005
 7.364125e+002  6.323518e-005
 7.370312e+002  6.608347e-005
 7.376500e+002  6.540155e-005
 7.382687e+002  7.030836e-005
 7.388875e+002  6.550139e-005
 7.395062e+002  4.933071e-005
 7.401250e+002  6.119255e-005
 7.407437e+002  5.672745e-005
 7.413625e+002  5.842917e-005
 7.419812e+002  7.752906e-005
 7.426000e+002  7.511908e-005
 7.432187e+002  6.520686e-005
 7.438375e+002  6.559572e-005
 7.444562e+002  7.127992e-005
 7.450750e+002  7.527104e-005
 7.456937e+002  7.220131e-005
 7.463125e+002  6.973166e-005
 7.469312e+002  7.065179e-005
 7.475500e+002  7.391792e-005
 7.481687e+002  6.526520e-005
 7.487875e+002  7.726128e-005
 7.494062e+002  6.740097e-005
 7.500250e+002  6.227641e-005
 7.506437e+002  6.617131e-005
 7.512625e+002  6.969089e-005
 7.518812e+002  6.432235e-005
 7.525000e+002  7.590924e-005
 7.531187e+002  7.161607e-005
 7.537375e+002  7.737463e-005
 7.543562e+002  7.606861e-005
 7.549750e+002  6.842501e-005
 7.555937e+002  6.075230e-005
 7.562125e+002  6.234643e-005
 7.568312e+002  6.748677e-005
 7.574500e+002  6.890750e-005
 7.580687e+002  7.452857e-005
 7.586875e+002  6.539834e-005
 7.593062e+002  6.878668e-005
 7.599250e+002  5.774414e-005
 7.605437e+002  6.101060e-005
 7.611625e+002  6.863355e-005
 7.617812e+002  5.775177e-005
 7.624000e+002  6.973471e-005
 7.630187e+002  7.625814e-005
 7.636375e+002  5.931921e-005
 7.642562e+002  5.200697e-005
 7.648750e+002  5.928450e-005
 7.654937e+002  5.543300e-005
 7.661125e+002  6.266986e-005
 7.667312e+002  7.293251e-005
 7.673500e+002  7.521716e-005
 7.679687e+002  7.831875e-005
 7.685875e+002  6.100458e-005
 7.692062e+002  5.783214e-005
 7.698250e+002  5.950174e-005
 7.704437e+002  7.334077e-005
 7.710625e+002  8.016845e-005
 7.716812e+002  6.549898e-005
 7.723000e+002  7.827330e-005
 7.729187e+002  8.106938e-005
 7.735375e+002  6.572732e-005
 7.741562e+002  7.232814e-005
 7.747750e+002  7.423125e-005
 7.753937e+002  8.102735e-005
 7.760125e+002  8.604278e-005
 7.766312e+002  6.706542e-005
 7.772500e+002  5.625446e-005
 7.778687e+002  6.954055e-005
 7.784875e+002  7.237156e-005
 7.791062e+002  6.892269e-005
 7.797250e+002  5.526235e-005
 7.803437e+002  6.311085e-005
 7.809625e+002  6.145205e-005
 7.815812e+002  7.478285e-005
 7.822000e+002  7.218332e-005
 7.828187e+002  7.343731e-005
 7.834375e+002  7.360136e-005
 7.840562e+002  7.094252e-005
 7.846750e+002  6.474522e-005
 7.852937e+002  6.727923e-005
 7.859125e+002  7.728604e-005
 7.865312e+002  7.139427e-005
 7.871500e+002  6.968771e-005
 7.877687e+002  6.801321e-005
 7.883875e+002  5.826241e-005
 7.890062e+002  7.111739e-005
 7.896250e+002  8.067641e-005
 7.902437e+002  8.163974e-005
 7.908625e+002  7.942601e-005
 7.914812e+002  7.306386e-005
 7.921000e+002  8.346386e-005
 7.927187e+002  7.857187e-005
 7.933375e+002  7.480630e-005
 7.939562e+002  7.425658e-005
 7.945750e+002  6.583930e-005
 7.951937e+002  6.903028e-005
 7.958125e+002  6.902168e-005
 7.964312e+002  6.335718e-005
 7.970500e+002  6.418300e-005
 7.976687e+002  6.523686e-005
 7.982875e+002  7.186552e-005
 7.989062e+002  6.588330e-005
 7.995250e+002  6.033223e-005
 8.001437e+002  5.796029e-005
 8.007625e+002  6.999692e-005
 8.013812e+002  6.784609e-005
 8.020000e+002  6.342366e-005
 8.026187e+002  6.127251e-005
 8.032375e+002  6.086117e-005
 8.038562e+002  6.970986e-005
 8.044750e+002  6.416691e-005
 8.050937e+002  6.982326e-005
 8.057125e+002  7.835827e-005
 8.063312e+002  7.274454e-005
 8.069500e+002  6.954813e-005
 8.075687e+002  6.069551e-005
 8.081875e+002  5.743583e-005
 8.088062e+002  6.441561e-005
 8.094250e+002  7.188529e-005
 8.100437e+002  8.476530e-005
 8.106625e+002  7.578030e-005
 8.112812e+002  6.839046e-005
 8.119000e+002  7.729216e-005
 8.125187e+002  7.587524e-005
 8.131375e+002  7.846208e-005
 8.137562e+002  7.557355e-005
 8.143750e+002  7.763819e-005
 8.149937e+002  6.777354e-005
 8.156125e+002  6.526874e-005
 8.162312e+002  7.356252e-005
 8.168500e+002  7.742647e-005
 8.174687e+002  8.122089e-005
 8.180875e+002  6.152323e-005
 8.187062e+002  7.555756e-005
 8.193250e+002  7.826803e-005
 8.199437e+002  7.694774e-005
 8.205625e+002  6.924276e-005
 8.211812e+002  6.809630e-005
 8.218000e+002  6.648239e-005
 8.224187e+002  7.492912e-005
 8.230375e+002  6.186612e-005
 8.236562e+002  7.497985e-005
 8.242750e+002  7.501242e-005
 8.248937e+002  6.518758e-005
 8.255125e+002  7.039934e-005
 8.261312e+002  7.613922e-005
 8.267500e+002  7.140817e-005
 8.273687e+002  6.118577e-005
 8.279875e+002  7.300258e-005
 8.286062e+002  8.435940e-005
 8.292250e+002  8.674055e-005
 8.298437e+002  8.168049e-005
 8.304625e+002  6.626217e-005
 8.310812e+002  6.640636e-005
 8.317000e+002  6.770104e-005
 8.323187e+002  8.015945e-005
 8.329375e+002  7.760260e-005
 8.335562e+002  7.263462e-005
 8.341750e+002  5.439603e-005
 8.347937e+002  5.339686e-005
 8.354125e+002  6.382619e-005
 8.360312e+002  6.428799e-005
 8.366500e+002  6.089544e-005
 8.372687e+002  6.235979e-005
 8.378875e+002  6.375766e-005
 8.385062e+002  5.714563e-005
 8.391250e+002  7.382025e-005
 8.397437e+002  7.021017e-005
 8.403625e+002  6.385819e-005
 8.409812e+002  7.036526e-005
 8.416000e+002  6.693319e-005
 8.422187e+002  6.333873e-005
 8.428375e+002  6.525470e-005
 8.434562e+002  6.523485e-005
 8.440750e+002  6.126042e-005
 8.446937e+002  5.895598e-005
 8.453125e+002  6.468505e-005
 8.459312e+002  5.373307e-005
 8.465500e+002  6.653280e-005
 8.471687e+002  5.385005e-005
 8.477875e+002  7.472457e-005
 8.484062e+002  8.203978e-005
 8.490250e+002  5.939207e-005
 8.496437e+002  6.549008e-005
 8.502625e+002  8.515417e-005
 8.508812e+002  7.440388e-005
 8.515000e+002  5.941061e-005
 8.521187e+002  7.935760e-005
 8.527375e+002  8.162880e-005
 8.533562e+002  6.738206e-005
 8.539750e+002  6.939726e-005
 8.545937e+002  6.219442e-005
 8.552125e+002  6.112616e-005
 8.558312e+002  6.725683e-005
 8.564500e+002  7.586433e-005
 8.570687e+002  6.498751e-005
 8.576875e+002  6.584791e-005
 8.583062e+002  5.721175e-005
 8.589250e+002  6.465992e-005
 8.595437e+002  7.213445e-005
 8.601625e+002  7.461815e-005
 8.607812e+002  6.861573e-005
 8.614000e+002  6.806931e-005
 8.620187e+002  7.669090e-005
 8.626375e+002  6.683429e-005
 8.632562e+002  6.580447e-005
 8.638750e+002  7.668713e-005
 8.644937e+002  7.553783e-005
 8.651125e+002  6.889555e-005
 8.657312e+002  7.088956e-005
 8.663500e+002  7.586670e-005
 8.669687e+002  7.923452e-005
 8.675875e+002  7.110425e-005
 8.682062e+002  7.070319e-005
 8.688250e+002  7.043465e-005
 8.694437e+002  6.937181e-005
 8.700625e+002  7.568232e-005
 8.706812e+002  7.242207e-005
 8.713000e+002  5.987988e-005
 8.719187e+002  5.528441e-005
 8.725375e+002  6.243733e-005
 8.731562e+002  6.033004e-005
 8.737750e+002  5.138067e-005
 8.743937e+002  6.436809e-005
 8.750125e+002  5.906484e-005
 8.756312e+002  5.067290e-005
 8.762500e+002  6.118596e-005
 8.768687e+002  5.928459e-005
 8.774875e+002  6.996639e-005
 8.781062e+002  7.958377e-005
 8.787250e+002  7.205627e-005
 8.793437e+002  7.702740e-005
 8.799625e+002  6.900698e-005
 8.805812e+002  5.943437e-005
 8.812000e+002  7.296112e-005
 8.818187e+002  8.856965e-005
 8.824375e+002  7.351704e-005
 8.830562e+002  6.135266e-005
 8.836750e+002  6.404143e-005
 8.842937e+002  7.029951e-005
 8.849125e+002  5.755753e-005
 8.855312e+002  6.187207e-005
 8.861500e+002  7.327936e-005
 8.867687e+002  6.349087e-005
 8.873875e+002  6.293492e-005
 8.880062e+002  7.537456e-005
 8.886250e+002  6.039583e-005
 8.892437e+002  7.712811e-005
 8.898625e+002  7.142399e-005
 8.904812e+002  5.915220e-005
 8.911000e+002  7.514712e-005
 8.917187e+002  6.795129e-005
 8.923375e+002  7.355942e-005
 8.929562e+002  7.219405e-005
 8.935750e+002  6.873068e-005
 8.941937e+002  6.377353e-005
 8.948125e+002  6.320125e-005
 8.954312e+002  5.032606e-005
 8.960500e+002  7.175628e-005
 8.966687e+002  7.754589e-005
 8.972875e+002  7.767694e-005
 8.979062e+002  7.323488e-005
 8.985250e+002  6.250205e-005
 8.991437e+002  7.881105e-005
 8.997625e+002  6.499144e-005
 9.003812e+002  6.399526e-005
 9.010000e+002  6.134943e-005
 9.016187e+002  6.296119e-005
 9.022375e+002  6.979805e-005
 9.028562e+002  6.483903e-005
 9.034750e+002  6.056140e-005
 9.040937e+002  5.417624e-005
 9.047125e+002  6.492060e-005
 9.053312e+002  6.853751e-005
 9.059500e+002  7.134350e-005
 9.065687e+002  6.341291e-005
 9.071875e+002  5.295107e-005
 9.078062e+002  7.208800e-005
 9.084250e+002  6.840752e-005
 9.090437e+002  7.095343e-005
 9.096625e+002  7.130790e-005
 9.102812e+002  7.162965e-005
 9.109000e+002  7.714600e-005
 9.115187e+002  8.096053e-005
 9.121375e+002  6.677536e-005
 9.127562e+002  5.212545e-005
 9.133750e+002  5.915960e-005
 9.139937e+002  6.078338e-005
 9.146125e+002  6.505638e-005
 9.152312e+002  7.552592e-005
 9.158500e+002  7.590588e-005
 9.164687e+002  6.130855e-005
 9.170875e+002  5.978654e-005
 9.177062e+002  6.215341e-005
 9.183250e+002  6.949562e-005
 9.189437e+002  6.978364e-005
 9.195625e+002  7.987161e-005
 9.201812e+002  7.774933e-005
 9.208000e+002  7.133201e-005
 9.214187e+002  6.720408e-005
 9.220375e+002  6.528312e-005
 9.226562e+002  7.114157e-005
 9.232750e+002  6.846450e-005
 9.238937e+002  6.663299e-005
 9.245125e+002  5.912469e-005
 9.251312e+002  6.633570e-005
 9.257500e+002  7.297216e-005
 9.263687e+002  7.121564e-005
 9.269875e+002  6.804917e-005
 9.276062e+002  7.981715e-005
 9.282250e+002  7.685001e-005
 9.288437e+002  6.415347e-005
 9.294625e+002  5.602761e-005
 9.300812e+002  6.188479e-005
 9.307000e+002  7.071338e-005
 9.313187e+002  6.507463e-005
 9.319375e+002  5.866377e-005
 9.325562e+002  7.136711e-005
 9.331750e+002  6.959600e-005
 9.337937e+002  6.280358e-005
 9.344125e+002  6.469600e-005
 9.350312e+002  7.239949e-005
 9.356500e+002  7.124053e-005
 9.362687e+002  7.329734e-005
 9.368875e+002  7.908914e-005
 9.375062e+002  7.977215e-005
 9.381250e+002  6.989835e-005
 9.387437e+002  5.933599e-005
 9.393625e+002  5.948912e-005
 9.399812e+002  6.178731e-005
 9.406000e+002  5.844880e-005
 9.412187e+002  6.161389e-005
 9.418375e+002  7.260530e-005
 9.424562e+002  6.688415e-005
 9.430750e+002  6.941660e-005
 9.436937e+002  6.908238e-005
 9.443125e+002  6.570450e-005
 9.449312e+002  5.486849e-005
 9.455500e+002  5.419638e-005
 9.461687e+002  6.999890e-005
 9.467875e+002  7.222240e-005
 9.474062e+002  7.193496e-005
 9.480250e+002  6.705492e-005
 9.486437e+002  6.568878e-005
 9.492625e+002  5.913152e-005
 9.498812e+002  5.821924e-005
 9.505000e+002  5.612822e-005
 9.511187e+002  5.644338e-005
 9.517375e+002  6.642217e-005
 9.523562e+002  7.888703e-005
 9.529750e+002  7.612047e-005
 9.535937e+002  7.568225e-005
 9.542125e+002  6.133616e-005
 9.548312e+002  5.652869e-005
 9.554500e+002  5.669563e-005
 9.560687e+002  6.978094e-005
 9.566875e+002  6.913364e-005
 9.573062e+002  5.248266e-005
 9.579250e+002  5.361138e-005
 9.585437e+002  7.279296e-005
 9.591625e+002  7.615975e-005
 9.597812e+002  8.438711e-005
 9.604000e+002  6.683005e-005
 9.610187e+002  6.930898e-005
 9.616375e+002  7.257613e-005
 9.622562e+002  7.234872e-005
 9.628750e+002  7.157253e-005
 9.634937e+002  5.433275e-005
 9.641125e+002  6.173298e-005
 9.647312e+002  7.906329e-005
 9.653500e+002  8.478289e-005
 9.659687e+002  6.673972e-005
 9.665875e+002  5.981515e-005
 9.672062e+002  5.735269e-005
 9.678250e+002  5.755468e-005
 9.684437e+002  6.289250e-005
 9.690625e+002  6.939110e-005
 9.696812e+002  7.457591e-005
 9.703000e+002  7.044265e-005
 9.709187e+002  6.355977e-005
 9.715375e+002  4.810239e-005
 9.721562e+002  6.097394e-005
 9.727750e+002  6.927819e-005
 9.733937e+002  7.933033e-005
 9.740125e+002  6.455589e-005
 9.746312e+002  6.788337e-005
 9.752500e+002  6.180010e-005
 9.758687e+002  5.511886e-005
 9.764875e+002  5.535169e-005
 9.771062e+002  5.353544e-005
 9.777250e+002  5.785734e-005
 9.783437e+002  6.676970e-005
 9.789625e+002  6.663368e-005
 9.795812e+002  5.971404e-005
 9.802000e+002  6.198816e-005
 9.808187e+002  6.145698e-005
 9.814375e+002  7.442068e-005
 9.820562e+002  7.291638e-005
 9.826750e+002  6.755267e-005
 9.832937e+002  5.877165e-005
 9.839125e+002  5.574968e-005
 9.845312e+002  6.008048e-005
 9.851500e+002  6.655602e-005
 9.857687e+002  7.769225e-005
 9.863875e+002  7.355861e-005
 9.870062e+002  7.598915e-005
 9.876250e+002  8.079589e-005
 9.882437e+002  8.160285e-005
 9.888625e+002  8.226300e-005
 9.894812e+002  8.048934e-005
 9.901000e+002  7.228089e-005
 9.907187e+002  6.779218e-005
 9.913375e+002  6.642398e-005
 9.919562e+002  6.886139e-005
 9.925750e+002  5.159491e-005
 9.931937e+002  6.672174e-005
 9.938125e+002  8.604709e-005
 9.944312e+002  8.122342e-005
 9.950500e+002  7.703365e-005
 9.956687e+002  7.024030e-005
 9.962875e+002  5.896347e-005
 9.969062e+002  6.114927e-005
 9.975250e+002  6.366150e-005
 9.981437e+002  6.805000e-005
 9.987625e+002  6.976763e-005
 9.993812e+002  6.128692e-005
 1.000000e+003  7.263576e-005
