 1.000000e+000  5.555652e-004
 1.247500e+000  4.850593e-004
 1.495000e+000  4.311817e-004
 1.742500e+000  3.763993e-004
 1.990000e+000  3.527403e-004
 2.237500e+000  3.060173e-004
 2.485000e+000  3.470265e-004
 2.732500e+000  3.190895e-004
 2.980000e+000  2.568373e-004
 3.227500e+000  2.951930e-004
 3.475000e+000  2.830928e-004
 3.722500e+000  2.822723e-004
 3.970000e+000  2.787274e-004
 4.217500e+000  2.494844e-004
 4.465000e+000  2.379989e-004
 4.712500e+000  2.404742e-004
 4.960000e+000  2.406768e-004
 5.207500e+000  2.411207e-004
 5.455000e+000  2.043223e-004
 5.702500e+000  2.275143e-004
 5.950000e+000  2.461254e-004
 6.197500e+000  2.488019e-004
 6.445000e+000  2.353835e-004
 6.692500e+000  2.164556e-004
 6.940000e+000  1.999051e-004
 7.187500e+000  1.790647e-004
 7.435000e+000  1.858344e-004
 7.682500e+000  1.885171e-004
 7.930000e+000  1.642475e-004
 8.177500e+000  1.659574e-004
 8.425000e+000  1.532159e-004
 8.672500e+000  1.620134e-004
 8.920000e+000  1.696279e-004
 9.167500e+000  1.630182e-004
 9.415000e+000  1.806035e-004
 9.662500e+000  1.837541e-004
 9.910000e+000  2.041889e-004
 1.015750e+001  1.800070e-004
 1.040500e+001  1.706434e-004
 1.065250e+001  1.598460e-004
 1.090000e+001  1.666286e-004
 1.114750e+001  1.833870e-004
 1.139500e+001  1.561689e-004
 1.164250e+001  1.295603e-004
 1.189000e+001  1.489792e-004
 1.213750e+001  1.425687e-004
 1.238500e+001  1.384447e-004
 1.263250e+001  1.570512e-004
 1.288000e+001  1.647224e-004
 1.312750e+001  1.793185e-004
 1.337500e+001  1.655119e-004
 1.362250e+001  1.701412e-004
 1.387000e+001  1.671677e-004
 1.411750e+001  1.553360e-004
 1.436500e+001  1.355612e-004
 1.461250e+001  1.262632e-004
 1.486000e+001  1.354942e-004
 1.510750e+001  1.426732e-004
 1.535500e+001  1.127765e-004
 1.560250e+001  1.107663e-004
 1.585000e+001  1.284888e-004
 1.609750e+001  1.364989e-004
 1.634500e+001  1.539848e-004
 1.659250e+001  1.405616e-004
 1.684000e+001  1.230667e-004
 1.708750e+001  1.353217e-004
 1.733500e+001  1.539504e-004
 1.758250e+001  1.486541e-004
 1.783000e+001  1.297476e-004
 1.807750e+001  1.387979e-004
 1.832500e+001  1.430469e-004
 1.857250e+001  1.245785e-004
 1.882000e+001  1.196938e-004
 1.906750e+001  1.287544e-004
 1.931500e+001  1.160871e-004
 1.956250e+001  1.275028e-004
 1.981000e+001  1.222268e-004
 2.005750e+001  1.477631e-004
 2.030500e+001  1.464132e-004
 2.055250e+001  1.239762e-004
 2.080000e+001  1.300296e-004
 2.104750e+001  1.300680e-004
 2.129500e+001  1.094216e-004
 2.154250e+001  1.319270e-004
 2.179000e+001  1.313459e-004
 2.203750e+001  1.273577e-004
 2.228500e+001  1.246129e-004
 2.253250e+001  1.300999e-004
 2.278000e+001  1.286860e-004
 2.302750e+001  1.139164e-004
 2.327500e+001  1.158848e-004
 2.352250e+001  1.175162e-004
 2.377000e+001  1.240841e-004
 2.401750e+001  1.205576e-004
 2.426500e+001  1.158830e-004
 2.451250e+001  1.282400e-004
 2.476000e+001  1.202149e-004
 2.500750e+001  1.036174e-004
 2.525500e+001  1.132081e-004
 2.550250e+001  1.188456e-004
 2.575000e+001  1.182784e-004
 2.599750e+001  1.079173e-004
 2.624500e+001  1.173668e-004
 2.649250e+001  1.116960e-004
 2.674000e+001  1.016812e-004
 2.698750e+001  1.038433e-004
 2.723500e+001  1.153204e-004
 2.748250e+001  1.081630e-004
 2.773000e+001  1.105407e-004
 2.797750e+001  9.959982e-005
 2.822500e+001  9.783683e-005
 2.847250e+001  1.037167e-004
 2.872000e+001  1.028142e-004
 2.896750e+001  1.082764e-004
 2.921500e+001  1.171412e-004
 2.946250e+001  1.312898e-004
 2.971000e+001  1.209969e-004
 2.995750e+001  1.178766e-004
 3.020500e+001  1.143871e-004
 3.045250e+001  1.131169e-004
 3.070000e+001  1.018411e-004
 3.094750e+001  9.816391e-005
 3.119500e+001  1.110504e-004
 3.144250e+001  1.198954e-004
 3.169000e+001  1.092403e-004
 3.193750e+001  1.086246e-004
 3.218500e+001  1.040427e-004
 3.243250e+001  9.917964e-005
 3.268000e+001  1.044838e-004
 3.292750e+001  1.129879e-004
 3.317500e+001  1.058490e-004
 3.342250e+001  1.084827e-004
 3.367000e+001  1.042177e-004
 3.391750e+001  1.069012e-004
 3.416500e+001  1.114042e-004
 3.441250e+001  1.132921e-004
 3.466000e+001  1.055993e-004
 3.490750e+001  1.088480e-004
 3.515500e+001  1.052241e-004
 3.540250e+001  1.103081e-004
 3.565000e+001  1.024686e-004
 3.589750e+001  9.850163e-005
 3.614500e+001  1.063384e-004
 3.639250e+001  1.118796e-004
 3.664000e+001  1.136026e-004
 3.688750e+001  1.174417e-004
 3.713500e+001  1.169272e-004
 3.738250e+001  1.105056e-004
 3.763000e+001  9.490264e-005
 3.787750e+001  9.968986e-005
 3.812500e+001  1.127498e-004
 3.837250e+001  9.904969e-005
 3.862000e+001  9.012420e-005
 3.886750e+001  9.766176e-005
 3.911500e+001  1.055676e-004
 3.936250e+001  1.073457e-004
 3.961000e+001  1.062404e-004
 3.985750e+001  9.250527e-005
 4.010500e+001  9.253951e-005
 4.035250e+001  9.304227e-005
 4.060000e+001  1.093050e-004
 4.084750e+001  1.135619e-004
 4.109500e+001  1.059112e-004
 4.134250e+001  1.064644e-004
 4.159000e+001  9.777391e-005
 4.183750e+001  1.056957e-004
 4.208500e+001  9.270360e-005
 4.233250e+001  1.076444e-004
 4.258000e+001  1.080601e-004
 4.282750e+001  9.676290e-005
 4.307500e+001  1.101667e-004
 4.332250e+001  1.222959e-004
 4.357000e+001  1.182217e-004
 4.381750e+001  1.104170e-004
 4.406500e+001  9.983234e-005
 4.431250e+001  8.651422e-005
 4.456000e+001  9.402074e-005
 4.480750e+001  8.966793e-005
 4.505500e+001  9.351024e-005
 4.530250e+001  9.767610e-005
 4.555000e+001  9.110930e-005
 4.579750e+001  1.006354e-004
 4.604500e+001  1.001991e-004
 4.629250e+001  1.036114e-004
 4.654000e+001  1.025445e-004
 4.678750e+001  1.028670e-004
 4.703500e+001  1.031331e-004
 4.728250e+001  8.819345e-005
 4.753000e+001  8.621534e-005
 4.777750e+001  1.016918e-004
 4.802500e+001  1.085563e-004
 4.827250e+001  1.038384e-004
 4.852000e+001  1.036618e-004
 4.876750e+001  1.063786e-004
 4.901500e+001  1.330419e-004
 4.926250e+001  1.799476e-004
 4.951000e+001  5.741359e-004
 4.975750e+001  3.175343e-002
 5.000500e+001  6.824743e-002
 5.025250e+001  3.674592e-002
 5.050000e+001  7.782038e-004
 5.074750e+001  2.310591e-004
 5.099500e+001  1.102394e-004
 5.124250e+001  1.033065e-004
 5.149000e+001  1.083390e-004
 5.173750e+001  8.670759e-005
 5.198500e+001  8.483370e-005
 5.223250e+001  8.970375e-005
 5.248000e+001  1.026632e-004
 5.272750e+001  9.504419e-005
 5.297500e+001  9.423313e-005
 5.322250e+001  9.769540e-005
 5.347000e+001  9.019156e-005
 5.371750e+001  8.489029e-005
 5.396500e+001  8.379533e-005
 5.421250e+001  7.505394e-005
 5.446000e+001  8.159420e-005
 5.470750e+001  8.743566e-005
 5.495500e+001  1.051952e-004
 5.520250e+001  9.945606e-005
 5.545000e+001  8.703058e-005
 5.569750e+001  9.705253e-005
 5.594500e+001  8.762282e-005
 5.619250e+001  8.737941e-005
 5.644000e+001  9.520930e-005
 5.668750e+001  8.121362e-005
 5.693500e+001  8.097896e-005
 5.718250e+001  8.794363e-005
 5.743000e+001  7.599330e-005
 5.767750e+001  8.626239e-005
 5.792500e+001  8.758122e-005
 5.817250e+001  8.112336e-005
 5.842000e+001  8.700237e-005
 5.866750e+001  9.647138e-005
 5.891500e+001  9.292952e-005
 5.916250e+001  8.665500e-005
 5.941000e+001  8.265578e-005
 5.965750e+001  8.361935e-005
 5.990500e+001  1.442105e-004
 6.015250e+001  1.507313e-004
 6.040000e+001  1.070596e-004
 6.064750e+001  1.026236e-004
 6.089500e+001  9.157578e-005
 6.114250e+001  7.145167e-005
 6.139000e+001  8.437432e-005
 6.163750e+001  1.015135e-004
 6.188500e+001  1.001256e-004
 6.213250e+001  8.733948e-005
 6.238000e+001  9.126923e-005
 6.262750e+001  9.966367e-005
 6.287500e+001  1.065121e-004
 6.312250e+001  1.021601e-004
 6.337000e+001  8.519063e-005
 6.361750e+001  8.524201e-005
 6.386500e+001  8.831848e-005
 6.411250e+001  8.406819e-005
 6.436000e+001  8.988882e-005
 6.460750e+001  8.274417e-005
 6.485500e+001  8.750991e-005
 6.510250e+001  9.332714e-005
 6.535000e+001  8.491358e-005
 6.559750e+001  8.808101e-005
 6.584500e+001  7.985477e-005
 6.609250e+001  7.909772e-005
 6.634000e+001  7.616431e-005
 6.658750e+001  8.137008e-005
 6.683500e+001  8.607721e-005
 6.708250e+001  9.834243e-005
 6.733000e+001  9.400530e-005
 6.757750e+001  8.831382e-005
 6.782500e+001  8.695010e-005
 6.807250e+001  9.251390e-005
 6.832000e+001  9.235746e-005
 6.856750e+001  8.422125e-005
 6.881500e+001  8.978364e-005
 6.906250e+001  1.015210e-004
 6.931000e+001  8.343200e-005
 6.955750e+001  8.834281e-005
 6.980500e+001  9.030369e-005
 7.005250e+001  8.983962e-005
 7.030000e+001  7.984546e-005
 7.054750e+001  6.648826e-005
 7.079500e+001  7.464271e-005
 7.104250e+001  8.366002e-005
 7.129000e+001  8.484565e-005
 7.153750e+001  8.440126e-005
 7.178500e+001  8.060751e-005
 7.203250e+001  8.685211e-005
 7.228000e+001  9.823112e-005
 7.252750e+001  7.816417e-005
 7.277500e+001  7.910466e-005
 7.302250e+001  1.033130e-004
 7.327000e+001  1.057534e-004
 7.351750e+001  8.240614e-005
 7.376500e+001  7.878190e-005
 7.401250e+001  7.868062e-005
 7.426000e+001  8.501395e-005
 7.450750e+001  8.541569e-005
 7.475500e+001  9.072678e-005
 7.500250e+001  9.694630e-005
 7.525000e+001  8.986912e-005
 7.549750e+001  9.288484e-005
 7.574500e+001  8.954122e-005
 7.599250e+001  8.936082e-005
 7.624000e+001  8.994026e-005
 7.648750e+001  8.937284e-005
 7.673500e+001  9.386063e-005
 7.698250e+001  8.765212e-005
 7.723000e+001  9.254559e-005
 7.747750e+001  9.551844e-005
 7.772500e+001  1.070804e-004
 7.797250e+001  1.366939e-004
 7.822000e+001  1.392357e-004
 7.846750e+001  1.035335e-004
 7.871500e+001  8.029363e-005
 7.896250e+001  8.450192e-005
 7.921000e+001  7.574177e-005
 7.945750e+001  7.899684e-005
 7.970500e+001  7.616394e-005
 7.995250e+001  8.819681e-005
 8.020000e+001  9.282767e-005
 8.044750e+001  7.379604e-005
 8.069500e+001  7.618478e-005
 8.094250e+001  7.604684e-005
 8.119000e+001  8.712401e-005
 8.143750e+001  1.084630e-004
 8.168500e+001  1.010714e-004
 8.193250e+001  8.752707e-005
 8.218000e+001  8.573213e-005
 8.242750e+001  8.617019e-005
 8.267500e+001  8.256235e-005
 8.292250e+001  8.489575e-005
 8.317000e+001  8.219395e-005
 8.341750e+001  7.785895e-005
 8.366500e+001  8.845704e-005
 8.391250e+001  9.744844e-005
 8.416000e+001  9.719210e-005
 8.440750e+001  1.036219e-004
 8.465500e+001  8.688308e-005
 8.490250e+001  8.079062e-005
 8.515000e+001  8.907384e-005
 8.539750e+001  8.771661e-005
 8.564500e+001  9.238148e-005
 8.589250e+001  8.894317e-005
 8.614000e+001  8.241467e-005
 8.638750e+001  9.072616e-005
 8.663500e+001  1.019429e-004
 8.688250e+001  9.265745e-005
 8.713000e+001  7.994817e-005
 8.737750e+001  8.722267e-005
 8.762500e+001  8.752751e-005
 8.787250e+001  8.678936e-005
 8.812000e+001  9.214259e-005
 8.836750e+001  8.035866e-005
 8.861500e+001  7.435844e-005
 8.886250e+001  8.010802e-005
 8.911000e+001  7.729662e-005
 8.935750e+001  7.045119e-005
 8.960500e+001  7.365698e-005
 8.985250e+001  6.922821e-005
 9.010000e+001  7.455095e-005
 9.034750e+001  7.544422e-005
 9.059500e+001  8.134548e-005
 9.084250e+001  8.490404e-005
 9.109000e+001  8.416021e-005
 9.133750e+001  9.080133e-005
 9.158500e+001  9.321357e-005
 9.183250e+001  8.446189e-005
 9.208000e+001  7.929122e-005
 9.232750e+001  9.122004e-005
 9.257500e+001  9.064350e-005
 9.282250e+001  7.565053e-005
 9.307000e+001  7.072108e-005
 9.331750e+001  8.033943e-005
 9.356500e+001  7.440518e-005
 9.381250e+001  7.756764e-005
 9.406000e+001  9.133274e-005
 9.430750e+001  9.333368e-005
 9.455500e+001  7.808938e-005
 9.480250e+001  8.055652e-005
 9.505000e+001  9.206937e-005
 9.529750e+001  9.104617e-005
 9.554500e+001  8.496784e-005
 9.579250e+001  7.504914e-005
 9.604000e+001  8.053452e-005
 9.628750e+001  8.934022e-005
 9.653500e+001  9.118333e-005
 9.678250e+001  9.200653e-005
 9.703000e+001  8.247954e-005
 9.727750e+001  7.454435e-005
 9.752500e+001  8.468142e-005
 9.777250e+001  8.548921e-005
 9.802000e+001  8.343248e-005
 9.826750e+001  9.197686e-005
 9.851500e+001  8.866448e-005
 9.876250e+001  8.126406e-005
 9.901000e+001  7.637333e-005
 9.925750e+001  7.950070e-005
 9.950500e+001  7.907550e-005
 9.975250e+001  1.863533e-004
 1.000000e+002  4.479768e-004
