 1.000000e+001  3.859864e-004
 1.061875e+001  4.014016e-004
 1.123750e+001  3.682831e-004
 1.185625e+001  3.814748e-004
 1.247500e+001  3.832439e-004
 1.309375e+001  3.554034e-004
 1.371250e+001  3.498401e-004
 1.433125e+001  3.674634e-004
 1.495000e+001  2.993753e-004
 1.556875e+001  3.045620e-004
 1.618750e+001  3.244700e-004
 1.680625e+001  3.795530e-004
 1.742500e+001  3.193704e-004
 1.804375e+001  2.994504e-004
 1.866250e+001  3.286878e-004
 1.928125e+001  3.183224e-004
 1.990000e+001  3.032680e-004
 2.051875e+001  2.787011e-004
 2.113750e+001  2.385487e-004
 2.175625e+001  2.878153e-004
 2.237500e+001  3.275595e-004
 2.299375e+001  2.934422e-004
 2.361250e+001  2.739394e-004
 2.423125e+001  2.746933e-004
 2.485000e+001  2.199237e-004
 2.546875e+001  1.994310e-004
 2.608750e+001  2.864197e-004
 2.670625e+001  2.920934e-004
 2.732500e+001  2.373949e-004
 2.794375e+001  2.785702e-004
 2.856250e+001  2.352758e-004
 2.918125e+001  2.386555e-004
 2.980000e+001  2.338691e-004
 3.041875e+001  2.887744e-004
 3.103750e+001  2.618445e-004
 3.165625e+001  2.952253e-004
 3.227500e+001  2.530170e-004
 3.289375e+001  2.139718e-004
 3.351250e+001  1.869099e-004
 3.413125e+001  2.128681e-004
 3.475000e+001  2.107705e-004
 3.536875e+001  1.771121e-004
 3.598750e+001  1.959314e-004
 3.660625e+001  2.229523e-004
 3.722500e+001  2.381443e-004
 3.784375e+001  1.928286e-004
 3.846250e+001  2.753023e-004
 3.908125e+001  3.473699e-004
 3.970000e+001  3.414813e-004
 4.031875e+001  2.987927e-004
 4.093750e+001  2.219321e-004
 4.155625e+001  1.776144e-004
 4.217500e+001  2.477135e-004
 4.279375e+001  3.745492e-004
 4.341250e+001  2.669943e-004
 4.403125e+001  1.800075e-004
 4.465000e+001  2.319855e-004
 4.526875e+001  2.080481e-004
 4.588750e+001  1.637843e-004
 4.650625e+001  1.674680e-004
 4.712500e+001  2.074755e-004
 4.774375e+001  2.013170e-004
 4.836250e+001  3.526786e-004
 4.898125e+001  1.062004e-003
 4.960000e+001  9.706301e-003
 5.021875e+001  1.236902e-002
 5.083750e+001  3.574225e-003
 5.145625e+001  4.229432e-004
 5.207500e+001  2.144658e-004
 5.269375e+001  1.898009e-004
 5.331250e+001  1.544859e-004
 5.393125e+001  1.875599e-004
 5.455000e+001  1.938623e-004
 5.516875e+001  1.798688e-004
 5.578750e+001  1.367356e-004
 5.640625e+001  1.187886e-004
 5.702500e+001  1.253623e-004
 5.764375e+001  8.954949e-005
 5.826250e+001  1.089549e-004
 5.888125e+001  1.469857e-004
 5.950000e+001  1.695523e-004
 6.011875e+001  1.478167e-004
 6.073750e+001  1.557063e-004
 6.135625e+001  1.727184e-004
 6.197500e+001  1.330853e-004
 6.259375e+001  1.442302e-004
 6.321250e+001  1.761655e-004
 6.383125e+001  1.818721e-004
 6.445000e+001  1.655132e-004
 6.506875e+001  1.630311e-004
 6.568750e+001  1.600621e-004
 6.630625e+001  1.697292e-004
 6.692500e+001  1.331435e-004
 6.754375e+001  1.672869e-004
 6.816250e+001  1.758442e-004
 6.878125e+001  1.758891e-004
 6.940000e+001  1.877683e-004
 7.001875e+001  1.794222e-004
 7.063750e+001  1.769676e-004
 7.125625e+001  1.688675e-004
 7.187500e+001  1.171915e-004
 7.249375e+001  1.325626e-004
 7.311250e+001  1.279684e-004
 7.373125e+001  1.244206e-004
 7.435000e+001  1.391088e-004
 7.496875e+001  1.373114e-004
 7.558750e+001  1.985149e-004
 7.620625e+001  1.633417e-004
 7.682500e+001  1.269586e-004
 7.744375e+001  1.618022e-004
 7.806250e+001  1.819918e-004
 7.868125e+001  1.554720e-004
 7.930000e+001  1.250793e-004
 7.991875e+001  9.831889e-005
 8.053750e+001  8.178239e-005
 8.115625e+001  1.059071e-004
 8.177500e+001  1.159411e-004
 8.239375e+001  1.082382e-004
 8.301250e+001  1.289363e-004
 8.363125e+001  1.185264e-004
 8.425000e+001  1.022727e-004
 8.486875e+001  7.702007e-005
 8.548750e+001  8.335333e-005
 8.610625e+001  9.395952e-005
 8.672500e+001  1.186085e-004
 8.734375e+001  1.235602e-004
 8.796250e+001  1.032677e-004
 8.858125e+001  1.020176e-004
 8.920000e+001  1.257813e-004
 8.981875e+001  1.381123e-004
 9.043750e+001  1.212372e-004
 9.105625e+001  1.585772e-004
 9.167500e+001  2.071589e-004
 9.229375e+001  1.524051e-004
 9.291250e+001  8.284552e-005
 9.353125e+001  1.025558e-004
 9.415000e+001  1.018870e-004
 9.476875e+001  1.056874e-004
 9.538750e+001  1.090993e-004
 9.600625e+001  1.079948e-004
 9.662500e+001  1.261418e-004
 9.724375e+001  1.337384e-004
 9.786250e+001  1.219695e-004
 9.848125e+001  9.859800e-005
 9.910000e+001  1.184460e-004
 9.971875e+001  3.251329e-004
 1.003375e+002  3.066333e-004
 1.009563e+002  1.060116e-004
 1.015750e+002  1.106148e-004
 1.021938e+002  1.036171e-004
 1.028125e+002  1.092812e-004
 1.034313e+002  1.175347e-004
 1.040500e+002  1.029173e-004
 1.046688e+002  1.054940e-004
 1.052875e+002  8.650863e-005
 1.059063e+002  9.733689e-005
 1.065250e+002  1.069789e-004
 1.071438e+002  1.083108e-004
 1.077625e+002  8.580608e-005
 1.083813e+002  7.720005e-005
 1.090000e+002  8.811262e-005
 1.096188e+002  9.169086e-005
 1.102375e+002  9.916066e-005
 1.108563e+002  1.025217e-004
 1.114750e+002  8.891387e-005
 1.120938e+002  8.458462e-005
 1.127125e+002  9.042465e-005
 1.133313e+002  9.008177e-005
 1.139500e+002  7.755742e-005
 1.145688e+002  7.908261e-005
 1.151875e+002  8.063038e-005
 1.158063e+002  9.863615e-005
 1.164250e+002  9.266774e-005
 1.170438e+002  9.042788e-005
 1.176625e+002  6.925388e-005
 1.182813e+002  8.963893e-005
 1.189000e+002  8.278786e-005
 1.195188e+002  1.170223e-004
 1.201375e+002  1.497923e-004
 1.207563e+002  1.046729e-004
 1.213750e+002  8.107862e-005
 1.219938e+002  6.773421e-005
 1.226125e+002  8.657504e-005
 1.232313e+002  8.863507e-005
 1.238500e+002  7.048124e-005
 1.244688e+002  9.356136e-005
 1.250875e+002  9.180252e-005
 1.257063e+002  9.038205e-005
 1.263250e+002  8.924744e-005
 1.269438e+002  8.613467e-005
 1.275625e+002  8.670739e-005
 1.281813e+002  7.172967e-005
 1.288000e+002  7.729130e-005
 1.294188e+002  8.682332e-005
 1.300375e+002  7.699032e-005
 1.306563e+002  7.549962e-005
 1.312750e+002  7.619008e-005
 1.318938e+002  7.116381e-005
 1.325125e+002  8.988492e-005
 1.331313e+002  7.069806e-005
 1.337500e+002  5.284248e-005
 1.343688e+002  6.151922e-005
 1.349875e+002  7.254812e-005
 1.356063e+002  7.822855e-005
 1.362250e+002  7.366734e-005
 1.368438e+002  7.972127e-005
 1.374625e+002  8.940095e-005
 1.380813e+002  1.010899e-004
 1.387000e+002  7.618584e-005
 1.393188e+002  7.336700e-005
 1.399375e+002  1.078412e-004
 1.405563e+002  9.235594e-005
 1.411750e+002  7.377546e-005
 1.417938e+002  8.936202e-005
 1.424125e+002  7.893154e-005
 1.430313e+002  6.980401e-005
 1.436500e+002  7.665859e-005
 1.442688e+002  7.343896e-005
 1.448875e+002  6.318688e-005
 1.455063e+002  5.453074e-005
 1.461250e+002  6.667073e-005
 1.467438e+002  7.478945e-005
 1.473625e+002  8.189220e-005
 1.479813e+002  1.071764e-004
 1.486000e+002  2.724508e-004
 1.492188e+002  2.434023e-003
 1.498375e+002  8.769716e-003
 1.504563e+002  7.158530e-003
 1.510750e+002  9.507363e-004
 1.516938e+002  1.615008e-004
 1.523125e+002  1.149111e-004
 1.529313e+002  7.312153e-005
 1.535500e+002  7.489847e-005
 1.541688e+002  6.176846e-005
 1.547875e+002  5.791942e-005
 1.554063e+002  6.448834e-005
 1.560250e+002  6.845447e-005
 1.566438e+002  7.031689e-005
 1.572625e+002  6.204885e-005
 1.578813e+002  5.247324e-005
 1.585000e+002  5.568520e-005
 1.591188e+002  6.122558e-005
 1.597375e+002  6.844587e-005
 1.603563e+002  7.432580e-005
 1.609750e+002  6.998321e-005
 1.615938e+002  5.622018e-005
 1.622125e+002  6.285800e-005
 1.628313e+002  6.933561e-005
 1.634500e+002  7.559731e-005
 1.640688e+002  6.043527e-005
 1.646875e+002  5.001429e-005
 1.653063e+002  7.188532e-005
 1.659250e+002  7.599774e-005
 1.665438e+002  5.189294e-005
 1.671625e+002  5.709650e-005
 1.677813e+002  6.479618e-005
 1.684000e+002  6.293178e-005
 1.690188e+002  6.820830e-005
 1.696375e+002  5.181539e-005
 1.702563e+002  6.042193e-005
 1.708750e+002  6.775695e-005
 1.714938e+002  5.585878e-005
 1.721125e+002  5.587703e-005
 1.727313e+002  5.799440e-005
 1.733500e+002  5.628901e-005
 1.739688e+002  5.603291e-005
 1.745875e+002  6.681354e-005
 1.752063e+002  6.938856e-005
 1.758250e+002  6.777899e-005
 1.764438e+002  6.457655e-005
 1.770625e+002  6.146194e-005
 1.776813e+002  7.320282e-005
 1.783000e+002  7.355039e-005
 1.789188e+002  6.738304e-005
 1.795375e+002  5.190383e-005
 1.801563e+002  5.840275e-005
 1.807750e+002  4.180519e-005
 1.813938e+002  4.418933e-005
 1.820125e+002  5.005857e-005
 1.826313e+002  5.368306e-005
 1.832500e+002  5.568725e-005
 1.838688e+002  4.853746e-005
 1.844875e+002  5.104915e-005
 1.851063e+002  5.843877e-005
 1.857250e+002  4.964948e-005
 1.863438e+002  5.380859e-005
 1.869625e+002  5.229838e-005
 1.875813e+002  6.567887e-005
 1.882000e+002  7.342053e-005
 1.888188e+002  6.527231e-005
 1.894375e+002  6.208374e-005
 1.900563e+002  6.106140e-005
 1.906750e+002  6.219333e-005
 1.912938e+002  5.099901e-005
 1.919125e+002  4.947249e-005
 1.925313e+002  4.587228e-005
 1.931500e+002  4.879590e-005
 1.937688e+002  3.686035e-005
 1.943875e+002  4.377003e-005
 1.950063e+002  3.893363e-005
 1.956250e+002  4.345445e-005
 1.962438e+002  5.076751e-005
 1.968625e+002  5.373265e-005
 1.974813e+002  5.400092e-005
 1.981000e+002  5.134241e-005
 1.987188e+002  4.812468e-005
 1.993375e+002  1.678326e-004
 1.999563e+002  4.569669e-004
 2.005750e+002  3.113721e-004
 2.011938e+002  6.582245e-005
 2.018125e+002  5.116763e-005
 2.024313e+002  5.012160e-005
 2.030500e+002  4.510751e-005
 2.036688e+002  4.172631e-005
 2.042875e+002  5.211715e-005
 2.049063e+002  5.397318e-005
 2.055250e+002  5.286470e-005
 2.061438e+002  5.266794e-005
 2.067625e+002  6.266908e-005
 2.073813e+002  6.205218e-005
 2.080000e+002  5.577360e-005
 2.086188e+002  5.472308e-005
 2.092375e+002  3.884360e-005
 2.098563e+002  3.789342e-005
 2.104750e+002  3.688825e-005
 2.110938e+002  4.304231e-005
 2.117125e+002  5.407014e-005
 2.123313e+002  6.322085e-005
 2.129500e+002  6.289357e-005
 2.135688e+002  5.546188e-005
 2.141875e+002  5.034894e-005
 2.148063e+002  5.085428e-005
 2.154250e+002  3.594154e-005
 2.160438e+002  4.461842e-005
 2.166625e+002  3.833575e-005
 2.172813e+002  5.356619e-005
 2.179000e+002  6.952739e-005
 2.185188e+002  6.255391e-005
 2.191375e+002  5.008692e-005
 2.197563e+002  4.047614e-005
 2.203750e+002  3.543787e-005
 2.209938e+002  4.303328e-005
 2.216125e+002  4.663886e-005
 2.222313e+002  3.810354e-005
 2.228500e+002  4.490222e-005
 2.234688e+002  4.405002e-005
 2.240875e+002  4.859935e-005
 2.247063e+002  4.217947e-005
 2.253250e+002  5.218030e-005
 2.259438e+002  5.228154e-005
 2.265625e+002  5.083019e-005
 2.271813e+002  4.736564e-005
 2.278000e+002  5.084733e-005
 2.284188e+002  4.923327e-005
 2.290375e+002  4.541596e-005
 2.296563e+002  5.067776e-005
 2.302750e+002  5.321004e-005
 2.308938e+002  3.275652e-005
 2.315125e+002  4.739495e-005
 2.321313e+002  5.342609e-005
 2.327500e+002  6.323258e-005
 2.333688e+002  5.986091e-005
 2.339875e+002  5.492190e-005
 2.346063e+002  4.131021e-005
 2.352250e+002  4.857401e-005
 2.358438e+002  3.915393e-005
 2.364625e+002  4.462258e-005
 2.370813e+002  5.052391e-005
 2.377000e+002  5.313421e-005
 2.383188e+002  4.755054e-005
 2.389375e+002  3.653609e-005
 2.395563e+002  3.249540e-005
 2.401750e+002  5.224125e-005
 2.407938e+002  4.134125e-005
 2.414125e+002  3.951224e-005
 2.420313e+002  5.103419e-005
 2.426500e+002  5.546459e-005
 2.432688e+002  4.712867e-005
 2.438875e+002  4.886330e-005
 2.445063e+002  4.913427e-005
 2.451250e+002  4.367965e-005
 2.457438e+002  3.379313e-005
 2.463625e+002  4.654228e-005
 2.469813e+002  4.927051e-005
 2.476000e+002  4.448906e-005
 2.482188e+002  3.695839e-005
 2.488375e+002  3.785941e-005
 2.494563e+002  1.024221e-003
 2.500750e+002  2.141091e-003
 2.506938e+002  1.109267e-003
 2.513125e+002  5.115662e-005
 2.519313e+002  5.177883e-005
 2.525500e+002  3.619394e-005
 2.531688e+002  3.692807e-005
 2.537875e+002  4.731795e-005
 2.544063e+002  4.127020e-005
 2.550250e+002  2.952666e-005
 2.556438e+002  4.549441e-005
 2.562625e+002  4.830188e-005
 2.568813e+002  4.767299e-005
 2.575000e+002  4.608278e-005
 2.581188e+002  3.968100e-005
 2.587375e+002  4.031014e-005
 2.593563e+002  5.111345e-005
 2.599750e+002  4.654212e-005
 2.605938e+002  4.594798e-005
 2.612125e+002  5.311773e-005
 2.618313e+002  5.456884e-005
 2.624500e+002  4.479029e-005
 2.630688e+002  5.304464e-005
 2.636875e+002  4.692541e-005
 2.643063e+002  5.315224e-005
 2.649250e+002  4.950323e-005
 2.655438e+002  5.047478e-005
 2.661625e+002  5.923172e-005
 2.667813e+002  4.762410e-005
 2.674000e+002  3.667028e-005
 2.680188e+002  3.812494e-005
 2.686375e+002  4.314622e-005
 2.692563e+002  4.766862e-005
 2.698750e+002  3.391648e-005
 2.704938e+002  3.427659e-005
 2.711125e+002  4.260323e-005
 2.717313e+002  4.072547e-005
 2.723500e+002  4.190725e-005
 2.729688e+002  3.982116e-005
 2.735875e+002  3.729931e-005
 2.742063e+002  5.184434e-005
 2.748250e+002  4.062368e-005
 2.754438e+002  5.195636e-005
 2.760625e+002  5.667349e-005
 2.766813e+002  4.281691e-005
 2.773000e+002  4.222532e-005
 2.779188e+002  4.102744e-005
 2.785375e+002  3.583844e-005
 2.791563e+002  4.546259e-005
 2.797750e+002  3.745345e-005
 2.803938e+002  4.256539e-005
 2.810125e+002  5.080349e-005
 2.816313e+002  5.586853e-005
 2.822500e+002  4.235500e-005
 2.828688e+002  3.009342e-005
 2.834875e+002  3.645561e-005
 2.841063e+002  3.560905e-005
 2.847250e+002  3.431964e-005
 2.853438e+002  3.881694e-005
 2.859625e+002  3.438394e-005
 2.865813e+002  4.114796e-005
 2.872000e+002  4.227592e-005
 2.878188e+002  2.651158e-005
 2.884375e+002  3.741144e-005
 2.890563e+002  4.518510e-005
 2.896750e+002  4.605740e-005
 2.902938e+002  4.323299e-005
 2.909125e+002  3.561040e-005
 2.915313e+002  3.488517e-005
 2.921500e+002  3.828632e-005
 2.927688e+002  3.255258e-005
 2.933875e+002  3.312773e-005
 2.940063e+002  4.188367e-005
 2.946250e+002  4.092345e-005
 2.952438e+002  4.348840e-005
 2.958625e+002  4.510342e-005
 2.964813e+002  3.930216e-005
 2.971000e+002  3.711607e-005
 2.977188e+002  3.268812e-005
 2.983375e+002  3.910666e-005
 2.989563e+002  5.090746e-005
 2.995750e+002  4.921302e-004
 3.001938e+002  7.958695e-004
 3.008125e+002  3.175715e-004
 3.014313e+002  4.824102e-005
 3.020500e+002  5.542034e-005
 3.026688e+002  4.687659e-005
 3.032875e+002  4.459148e-005
 3.039063e+002  3.947348e-005
 3.045250e+002  4.051644e-005
 3.051438e+002  4.328047e-005
 3.057625e+002  4.052808e-005
 3.063813e+002  4.021654e-005
 3.070000e+002  4.650278e-005
 3.076188e+002  4.911234e-005
 3.082375e+002  3.921373e-005
 3.088563e+002  4.275375e-005
 3.094750e+002  3.927947e-005
 3.100938e+002  3.935218e-005
 3.107125e+002  3.952752e-005
 3.113313e+002  4.058039e-005
 3.119500e+002  5.059586e-005
 3.125688e+002  5.204352e-005
 3.131875e+002  4.648006e-005
 3.138063e+002  3.956339e-005
 3.144250e+002  4.226680e-005
 3.150437e+002  5.066062e-005
 3.156625e+002  5.192865e-005
 3.162812e+002  4.464709e-005
 3.169000e+002  4.944746e-005
 3.175187e+002  4.039054e-005
 3.181375e+002  4.720598e-005
 3.187562e+002  4.045405e-005
 3.193750e+002  4.524421e-005
 3.199937e+002  4.330347e-005
 3.206125e+002  4.888660e-005
 3.212312e+002  4.934796e-005
 3.218500e+002  2.914598e-005
 3.224687e+002  4.039505e-005
 3.230875e+002  3.842948e-005
 3.237062e+002  4.257356e-005
 3.243250e+002  4.018221e-005
 3.249437e+002  4.518026e-005
 3.255625e+002  5.371143e-005
 3.261812e+002  4.585026e-005
 3.268000e+002  4.466802e-005
 3.274187e+002  3.882066e-005
 3.280375e+002  4.084395e-005
 3.286562e+002  3.944265e-005
 3.292750e+002  4.022034e-005
 3.298937e+002  4.050639e-005
 3.305125e+002  3.372450e-005
 3.311312e+002  4.991996e-005
 3.317500e+002  5.166306e-005
 3.323687e+002  4.774900e-005
 3.329875e+002  4.125374e-005
 3.336062e+002  2.993127e-005
 3.342250e+002  3.639078e-005
 3.348437e+002  3.594816e-005
 3.354625e+002  3.592757e-005
 3.360812e+002  3.377520e-005
 3.367000e+002  2.938932e-005
 3.373187e+002  3.699158e-005
 3.379375e+002  4.629304e-005
 3.385562e+002  5.314820e-005
 3.391750e+002  3.995033e-005
 3.397937e+002  3.153277e-005
 3.404125e+002  3.999273e-005
 3.410312e+002  5.341217e-005
 3.416500e+002  4.381226e-005
 3.422687e+002  3.868682e-005
 3.428875e+002  4.426232e-005
 3.435062e+002  4.634497e-005
 3.441250e+002  4.870173e-005
 3.447437e+002  4.092865e-005
 3.453625e+002  4.205043e-005
 3.459812e+002  4.672305e-005
 3.466000e+002  4.116492e-005
 3.472187e+002  3.913344e-005
 3.478375e+002  4.288655e-005
 3.484562e+002  5.109518e-005
 3.490750e+002  6.799922e-005
 3.496937e+002  5.134529e-004
 3.503125e+002  6.699439e-004
 3.509312e+002  2.088614e-004
 3.515500e+002  5.170680e-005
 3.521687e+002  4.667782e-005
 3.527875e+002  4.808737e-005
 3.534062e+002  4.067452e-005
 3.540250e+002  3.832553e-005
 3.546437e+002  3.544652e-005
 3.552625e+002  4.635581e-005
 3.558812e+002  5.255855e-005
 3.565000e+002  4.498983e-005
 3.571187e+002  4.073087e-005
 3.577375e+002  3.130054e-005
 3.583562e+002  3.184819e-005
 3.589750e+002  3.640681e-005
 3.595937e+002  3.781860e-005
 3.602125e+002  4.517352e-005
 3.608312e+002  4.869188e-005
 3.614500e+002  4.067757e-005
 3.620687e+002  3.134393e-005
 3.626875e+002  3.228418e-005
 3.633062e+002  3.765855e-005
 3.639250e+002  3.593879e-005
 3.645437e+002  3.297586e-005
 3.651625e+002  4.103729e-005
 3.657812e+002  3.877071e-005
 3.664000e+002  3.146009e-005
 3.670187e+002  3.087790e-005
 3.676375e+002  4.024737e-005
 3.682562e+002  4.145761e-005
 3.688750e+002  4.175325e-005
 3.694937e+002  3.909065e-005
 3.701125e+002  3.850864e-005
 3.707312e+002  3.915255e-005
 3.713500e+002  3.431175e-005
 3.719687e+002  3.037970e-005
 3.725875e+002  3.014570e-005
 3.732062e+002  3.373559e-005
 3.738250e+002  3.933510e-005
 3.744437e+002  3.653166e-005
 3.750625e+002  3.925245e-005
 3.756812e+002  4.048830e-005
 3.763000e+002  4.037078e-005
 3.769187e+002  4.341641e-005
 3.775375e+002  3.701278e-005
 3.781562e+002  3.336207e-005
 3.787750e+002  3.144778e-005
 3.793937e+002  3.946429e-005
 3.800125e+002  3.826731e-005
 3.806312e+002  3.575633e-005
 3.812500e+002  3.877416e-005
 3.818687e+002  4.459811e-005
 3.824875e+002  4.806980e-005
 3.831062e+002  3.633221e-005
 3.837250e+002  3.557507e-005
 3.843437e+002  3.954814e-005
 3.849625e+002  4.008274e-005
 3.855812e+002  3.328859e-005
 3.862000e+002  3.336875e-005
 3.868187e+002  4.156812e-005
 3.874375e+002  4.346116e-005
 3.880562e+002  3.844098e-005
 3.886750e+002  3.035070e-005
 3.892937e+002  3.536770e-005
 3.899125e+002  4.443128e-005
 3.905312e+002  4.526131e-005
 3.911500e+002  4.661479e-005
 3.917687e+002  4.981853e-005
 3.923875e+002  4.005935e-005
 3.930062e+002  4.709340e-005
 3.936250e+002  4.508832e-005
 3.942437e+002  4.330753e-005
 3.948625e+002  3.437680e-005
 3.954812e+002  3.606775e-005
 3.961000e+002  3.816979e-005
 3.967187e+002  4.095023e-005
 3.973375e+002  3.826689e-005
 3.979562e+002  4.512872e-005
 3.985750e+002  4.559489e-005
 3.991937e+002  1.289486e-004
 3.998125e+002  6.134537e-004
 4.004312e+002  6.356362e-004
 4.010500e+002  1.433326e-004
 4.016687e+002  3.594238e-005
 4.022875e+002  2.719576e-005
 4.029062e+002  3.215168e-005
 4.035250e+002  4.116327e-005
 4.041437e+002  2.811502e-005
 4.047625e+002  2.788400e-005
 4.053812e+002  3.647263e-005
 4.060000e+002  3.172796e-005
 4.066187e+002  3.408528e-005
 4.072375e+002  3.810348e-005
 4.078562e+002  2.456550e-005
 4.084750e+002  2.884079e-005
 4.090937e+002  4.289561e-005
 4.097125e+002  4.680452e-005
 4.103312e+002  3.406221e-005
 4.109500e+002  3.409452e-005
 4.115687e+002  3.175908e-005
 4.121875e+002  3.797927e-005
 4.128062e+002  3.605856e-005
 4.134250e+002  3.977975e-005
 4.140437e+002  3.837760e-005
 4.146625e+002  4.116520e-005
 4.152812e+002  3.234604e-005
 4.159000e+002  2.795357e-005
 4.165187e+002  3.588178e-005
 4.171375e+002  3.661935e-005
 4.177562e+002  3.947951e-005
 4.183750e+002  3.479768e-005
 4.189937e+002  3.206755e-005
 4.196125e+002  3.274001e-005
 4.202312e+002  3.444373e-005
 4.208500e+002  3.877235e-005
 4.214687e+002  4.120401e-005
 4.220875e+002  3.216518e-005
 4.227062e+002  4.429124e-005
 4.233250e+002  3.988240e-005
 4.239437e+002  3.776236e-005
 4.245625e+002  3.467017e-005
 4.251812e+002  3.552997e-005
 4.258000e+002  4.476974e-005
 4.264187e+002  4.529187e-005
 4.270375e+002  4.097697e-005
 4.276562e+002  4.166622e-005
 4.282750e+002  2.778251e-005
 4.288937e+002  3.393431e-005
 4.295125e+002  3.482231e-005
 4.301312e+002  4.099332e-005
 4.307500e+002  4.366043e-005
 4.313687e+002  3.459860e-005
 4.319875e+002  4.026806e-005
 4.326062e+002  4.704636e-005
 4.332250e+002  3.425665e-005
 4.338437e+002  2.317226e-005
 4.344625e+002  3.846530e-005
 4.350812e+002  3.834421e-005
 4.357000e+002  2.974672e-005
 4.363187e+002  2.880471e-005
 4.369375e+002  4.076477e-005
 4.375562e+002  4.470595e-005
 4.381750e+002  4.493888e-005
 4.387937e+002  3.865307e-005
 4.394125e+002  3.247566e-005
 4.400312e+002  3.962302e-005
 4.406500e+002  4.379755e-005
 4.412687e+002  3.577436e-005
 4.418875e+002  3.904900e-005
 4.425062e+002  3.253934e-005
 4.431250e+002  3.937105e-005
 4.437437e+002  3.864978e-005
 4.443625e+002  3.520163e-005
 4.449812e+002  4.187985e-005
 4.456000e+002  4.373494e-005
 4.462187e+002  4.047572e-005
 4.468375e+002  4.116370e-005
 4.474562e+002  3.647037e-005
 4.480750e+002  3.363229e-005
 4.486937e+002  4.089765e-005
 4.493125e+002  1.546436e-004
 4.499312e+002  5.875039e-004
 4.505500e+002  4.926982e-004
 4.511687e+002  8.185072e-005
 4.517875e+002  3.574287e-005
 4.524062e+002  2.751635e-005
 4.530250e+002  3.853609e-005
 4.536437e+002  3.477537e-005
 4.542625e+002  4.118788e-005
 4.548812e+002  3.665476e-005
 4.555000e+002  3.523019e-005
 4.561187e+002  3.341476e-005
 4.567375e+002  3.620511e-005
 4.573562e+002  3.630068e-005
 4.579750e+002  3.954529e-005
 4.585937e+002  2.771658e-005
 4.592125e+002  2.625652e-005
 4.598312e+002  3.604580e-005
 4.604500e+002  4.295250e-005
 4.610687e+002  4.572215e-005
 4.616875e+002  3.131211e-005
 4.623062e+002  2.659050e-005
 4.629250e+002  3.439893e-005
 4.635437e+002  4.545333e-005
 4.641625e+002  4.789958e-005
 4.647812e+002  3.477390e-005
 4.654000e+002  3.914415e-005
 4.660187e+002  3.050179e-005
 4.666375e+002  3.448389e-005
 4.672562e+002  3.040861e-005
 4.678750e+002  3.688962e-005
 4.684937e+002  3.028372e-005
 4.691125e+002  3.314158e-005
 4.697312e+002  4.378114e-005
 4.703500e+002  4.340976e-005
 4.709687e+002  3.859854e-005
 4.715875e+002  3.076262e-005
 4.722062e+002  2.636753e-005
 4.728250e+002  3.830326e-005
 4.734437e+002  3.221653e-005
 4.740625e+002  3.032626e-005
 4.746812e+002  3.165649e-005
 4.753000e+002  2.917444e-005
 4.759187e+002  2.739489e-005
 4.765375e+002  3.066645e-005
 4.771562e+002  3.951711e-005
 4.777750e+002  4.017904e-005
 4.783937e+002  4.243792e-005
 4.790125e+002  4.518518e-005
 4.796312e+002  4.084304e-005
 4.802500e+002  3.615260e-005
 4.808687e+002  3.431839e-005
 4.814875e+002  4.181320e-005
 4.821062e+002  3.949543e-005
 4.827250e+002  2.659233e-005
 4.833437e+002  2.891743e-005
 4.839625e+002  3.280359e-005
 4.845812e+002  3.086236e-005
 4.852000e+002  3.719168e-005
 4.858187e+002  3.794210e-005
 4.864375e+002  2.875985e-005
 4.870562e+002  2.333057e-005
 4.876750e+002  2.580173e-005
 4.882937e+002  3.334365e-005
 4.889125e+002  2.978638e-005
 4.895312e+002  2.961652e-005
 4.901500e+002  3.679576e-005
 4.907687e+002  3.660106e-005
 4.913875e+002  4.064657e-005
 4.920062e+002  4.254750e-005
 4.926250e+002  3.572880e-005
 4.932437e+002  3.562333e-005
 4.938625e+002  3.903083e-005
 4.944812e+002  3.216709e-005
 4.951000e+002  3.085331e-005
 4.957187e+002  2.864689e-005
 4.963375e+002  3.566304e-005
 4.969562e+002  3.924370e-005
 4.975750e+002  4.277684e-005
 4.981937e+002  4.542943e-005
 4.988125e+002  4.062522e-005
 4.994312e+002  2.842682e-004
 5.000500e+002  7.741033e-004
 5.006687e+002  5.212052e-004
 5.012875e+002  5.673602e-005
 5.019062e+002  3.408570e-005
 5.025250e+002  3.990442e-005
 5.031437e+002  4.791871e-005
 5.037625e+002  4.497996e-005
 5.043812e+002  3.867385e-005
 5.050000e+002  3.372188e-005
 5.056187e+002  2.718215e-005
 5.062375e+002  2.989006e-005
 5.068562e+002  3.242014e-005
 5.074750e+002  2.821712e-005
 5.080937e+002  3.453467e-005
 5.087125e+002  3.766900e-005
 5.093312e+002  3.836273e-005
 5.099500e+002  3.099973e-005
 5.105687e+002  3.074566e-005
 5.111875e+002  3.828815e-005
 5.118062e+002  4.733726e-005
 5.124250e+002  4.807631e-005
 5.130437e+002  3.779519e-005
 5.136625e+002  4.009507e-005
 5.142812e+002  4.008181e-005
 5.149000e+002  3.855661e-005
 5.155187e+002  3.575915e-005
 5.161375e+002  3.086897e-005
 5.167562e+002  3.769799e-005
 5.173750e+002  4.039418e-005
 5.179937e+002  3.355413e-005
 5.186125e+002  3.683736e-005
 5.192312e+002  3.339839e-005
 5.198500e+002  3.143876e-005
 5.204687e+002  3.393285e-005
 5.210875e+002  3.576629e-005
 5.217062e+002  3.953609e-005
 5.223250e+002  3.890363e-005
 5.229437e+002  3.139817e-005
 5.235625e+002  3.974340e-005
 5.241812e+002  3.379015e-005
 5.248000e+002  3.276059e-005
 5.254187e+002  3.842981e-005
 5.260375e+002  2.681666e-005
 5.266562e+002  3.297435e-005
 5.272750e+002  3.566838e-005
 5.278937e+002  3.091002e-005
 5.285125e+002  3.113053e-005
 5.291312e+002  3.102980e-005
 5.297500e+002  3.625911e-005
 5.303687e+002  3.904012e-005
 5.309875e+002  3.557479e-005
 5.316062e+002  3.522395e-005
 5.322250e+002  3.826596e-005
 5.328437e+002  3.785421e-005
 5.334625e+002  3.106555e-005
 5.340812e+002  3.217916e-005
 5.347000e+002  3.844845e-005
 5.353187e+002  3.249858e-005
 5.359375e+002  3.511166e-005
 5.365562e+002  3.150286e-005
 5.371750e+002  3.320941e-005
 5.377937e+002  3.271285e-005
 5.384125e+002  3.262378e-005
 5.390312e+002  3.467663e-005
 5.396500e+002  3.215385e-005
 5.402687e+002  2.922162e-005
 5.408875e+002  3.490381e-005
 5.415062e+002  3.021740e-005
 5.421250e+002  3.257219e-005
 5.427437e+002  3.138171e-005
 5.433625e+002  2.402240e-005
 5.439812e+002  2.593255e-005
 5.446000e+002  2.883262e-005
 5.452187e+002  3.868199e-005
 5.458375e+002  3.229375e-005
 5.464562e+002  3.029212e-005
 5.470750e+002  3.327503e-005
 5.476937e+002  3.366431e-005
 5.483125e+002  3.696789e-005
 5.489312e+002  3.664504e-005
 5.495500e+002  4.396112e-004
 5.501687e+002  9.497775e-004
 5.507875e+002  5.128392e-004
 5.514062e+002  3.944531e-005
 5.520250e+002  3.870904e-005
 5.526437e+002  4.440145e-005
 5.532625e+002  4.237395e-005
 5.538812e+002  3.823011e-005
 5.545000e+002  4.290125e-005
 5.551187e+002  3.343924e-005
 5.557375e+002  3.131667e-005
 5.563562e+002  3.356707e-005
 5.569750e+002  2.733922e-005
 5.575937e+002  3.675710e-005
 5.582125e+002  3.466506e-005
 5.588312e+002  2.889280e-005
 5.594500e+002  3.552475e-005
 5.600687e+002  3.727322e-005
 5.606875e+002  2.946750e-005
 5.613062e+002  3.067215e-005
 5.619250e+002  3.309128e-005
 5.625437e+002  3.421548e-005
 5.631625e+002  4.187879e-005
 5.637812e+002  4.013556e-005
 5.644000e+002  2.910158e-005
 5.650187e+002  3.235654e-005
 5.656375e+002  3.349022e-005
 5.662562e+002  3.800259e-005
 5.668750e+002  3.561198e-005
 5.674937e+002  3.509463e-005
 5.681125e+002  3.412402e-005
 5.687312e+002  3.457558e-005
 5.693500e+002  4.046705e-005
 5.699687e+002  3.682933e-005
 5.705875e+002  4.067534e-005
 5.712062e+002  4.887980e-005
 5.718250e+002  4.134708e-005
 5.724437e+002  2.947760e-005
 5.730625e+002  3.100609e-005
 5.736812e+002  3.266282e-005
 5.743000e+002  3.394609e-005
 5.749187e+002  3.690755e-005
 5.755375e+002  3.756914e-005
 5.761562e+002  4.163439e-005
 5.767750e+002  3.317656e-005
 5.773937e+002  3.764038e-005
 5.780125e+002  2.798155e-005
 5.786312e+002  2.744921e-005
 5.792500e+002  3.641234e-005
 5.798687e+002  3.256124e-005
 5.804875e+002  2.938527e-005
 5.811062e+002  3.276510e-005
 5.817250e+002  3.914768e-005
 5.823437e+002  3.441922e-005
 5.829625e+002  2.741928e-005
 5.835812e+002  3.139130e-005
 5.842000e+002  2.894382e-005
 5.848187e+002  3.023445e-005
 5.854375e+002  3.547416e-005
 5.860562e+002  3.317145e-005
 5.866750e+002  3.037520e-005
 5.872937e+002  3.474541e-005
 5.879125e+002  3.457065e-005
 5.885312e+002  3.144979e-005
 5.891500e+002  3.501785e-005
 5.897687e+002  2.907745e-005
 5.903875e+002  2.449274e-005
 5.910062e+002  3.816977e-005
 5.916250e+002  4.240295e-005
 5.922437e+002  3.579489e-005
 5.928625e+002  3.999951e-005
 5.934812e+002  4.533494e-005
 5.941000e+002  4.321428e-005
 5.947187e+002  4.033171e-005
 5.953375e+002  3.511075e-005
 5.959562e+002  4.107444e-005
 5.965750e+002  4.150129e-005
 5.971937e+002  4.411120e-005
 5.978125e+002  4.148826e-005
 5.984312e+002  3.480815e-005
 5.990500e+002  4.164908e-005
 5.996687e+002  2.736485e-004
 6.002875e+002  4.532898e-004
 6.009062e+002  1.896775e-004
 6.015250e+002  3.289610e-005
 6.021437e+002  3.805572e-005
 6.027625e+002  4.104311e-005
 6.033812e+002  3.350088e-005
 6.040000e+002  3.293190e-005
 6.046187e+002  2.969039e-005
 6.052375e+002  2.872908e-005
 6.058562e+002  2.818085e-005
 6.064750e+002  2.907947e-005
 6.070937e+002  2.817138e-005
 6.077125e+002  3.698463e-005
 6.083312e+002  3.208767e-005
 6.089500e+002  2.656434e-005
 6.095687e+002  3.054071e-005
 6.101875e+002  3.144246e-005
 6.108062e+002  2.961445e-005
 6.114250e+002  3.370383e-005
 6.120437e+002  3.976248e-005
 6.126625e+002  4.204704e-005
 6.132812e+002  3.518703e-005
 6.139000e+002  3.418604e-005
 6.145187e+002  2.504830e-005
 6.151375e+002  2.831758e-005
 6.157562e+002  2.801315e-005
 6.163750e+002  2.866844e-005
 6.169937e+002  3.335124e-005
 6.176125e+002  3.231884e-005
 6.182312e+002  3.027974e-005
 6.188500e+002  3.342553e-005
 6.194687e+002  3.289238e-005
 6.200875e+002  3.478161e-005
 6.207062e+002  3.883013e-005
 6.213250e+002  3.991062e-005
 6.219437e+002  3.357540e-005
 6.225625e+002  2.926616e-005
 6.231812e+002  3.652222e-005
 6.238000e+002  4.040767e-005
 6.244187e+002  3.846410e-005
 6.250375e+002  2.877902e-005
 6.256562e+002  3.513404e-005
 6.262750e+002  4.695370e-005
 6.268937e+002  3.981051e-005
 6.275125e+002  3.399617e-005
 6.281312e+002  3.481365e-005
 6.287500e+002  3.996222e-005
 6.293687e+002  4.089198e-005
 6.299875e+002  4.083168e-005
 6.306062e+002  3.526035e-005
 6.312250e+002  3.497964e-005
 6.318437e+002  4.045380e-005
 6.324625e+002  3.905690e-005
 6.330812e+002  3.456379e-005
 6.337000e+002  3.302426e-005
 6.343187e+002  3.486153e-005
 6.349375e+002  4.150403e-005
 6.355562e+002  4.062026e-005
 6.361750e+002  3.246166e-005
 6.367937e+002  2.947260e-005
 6.374125e+002  3.356848e-005
 6.380312e+002  3.736545e-005
 6.386500e+002  3.658629e-005
 6.392687e+002  3.090982e-005
 6.398875e+002  3.017932e-005
 6.405062e+002  2.664461e-005
 6.411250e+002  3.313243e-005
 6.417437e+002  2.961896e-005
 6.423625e+002  2.931602e-005
 6.429812e+002  3.664780e-005
 6.436000e+002  3.253053e-005
 6.442187e+002  3.621323e-005
 6.448375e+002  4.263202e-005
 6.454562e+002  3.562200e-005
 6.460750e+002  3.093250e-005
 6.466937e+002  3.451647e-005
 6.473125e+002  3.887424e-005
 6.479312e+002  4.244027e-005
 6.485500e+002  5.085105e-005
 6.491687e+002  7.354542e-005
 6.497875e+002  7.035761e-004
 6.504062e+002  9.495086e-004
 6.510250e+002  3.090496e-004
 6.516437e+002  3.583813e-005
 6.522625e+002  4.532202e-005
 6.528812e+002  4.495742e-005
 6.535000e+002  3.848151e-005
 6.541187e+002  3.570975e-005
 6.547375e+002  3.545244e-005
 6.553562e+002  3.673989e-005
 6.559750e+002  2.830353e-005
 6.565937e+002  2.847630e-005
 6.572125e+002  3.479296e-005
 6.578312e+002  2.978182e-005
 6.584500e+002  3.002476e-005
 6.590687e+002  3.089382e-005
 6.596875e+002  3.285517e-005
 6.603062e+002  3.129832e-005
 6.609250e+002  2.253961e-005
 6.615437e+002  2.558945e-005
 6.621625e+002  2.458360e-005
 6.627812e+002  2.843855e-005
 6.634000e+002  3.283497e-005
 6.640187e+002  3.269007e-005
 6.646375e+002  3.196212e-005
 6.652562e+002  2.946883e-005
 6.658750e+002  3.428104e-005
 6.664937e+002  3.803095e-005
 6.671125e+002  2.691248e-005
 6.677312e+002  2.593313e-005
 6.683500e+002  2.704470e-005
 6.689687e+002  3.683973e-005
 6.695875e+002  3.730970e-005
 6.702062e+002  3.538130e-005
 6.708250e+002  4.175894e-005
 6.714437e+002  4.290887e-005
 6.720625e+002  3.189863e-005
 6.726812e+002  3.582855e-005
 6.733000e+002  3.482402e-005
 6.739187e+002  3.075352e-005
 6.745375e+002  3.772476e-005
 6.751562e+002  3.824469e-005
 6.757750e+002  4.163721e-005
 6.763937e+002  3.362160e-005
 6.770125e+002  3.143887e-005
 6.776312e+002  3.634095e-005
 6.782500e+002  2.901153e-005
 6.788687e+002  3.676232e-005
 6.794875e+002  3.596472e-005
 6.801062e+002  3.415497e-005
 6.807250e+002  4.126323e-005
 6.813437e+002  4.391382e-005
 6.819625e+002  3.051043e-005
 6.825812e+002  3.129113e-005
 6.832000e+002  3.395656e-005
 6.838187e+002  3.452894e-005
 6.844375e+002  3.434682e-005
 6.850562e+002  3.103939e-005
 6.856750e+002  3.589095e-005
 6.862937e+002  3.141390e-005
 6.869125e+002  3.207653e-005
 6.875312e+002  4.050915e-005
 6.881500e+002  2.857382e-005
 6.887687e+002  2.880589e-005
 6.893875e+002  3.101599e-005
 6.900062e+002  3.297310e-005
 6.906250e+002  2.838600e-005
 6.912437e+002  3.155996e-005
 6.918625e+002  3.540371e-005
 6.924812e+002  3.975147e-005
 6.931000e+002  3.216520e-005
 6.937187e+002  4.035294e-005
 6.943375e+002  3.760731e-005
 6.949562e+002  2.476782e-005
 6.955750e+002  3.009121e-005
 6.961937e+002  2.982255e-005
 6.968125e+002  2.912957e-005
 6.974312e+002  3.036957e-005
 6.980500e+002  3.175737e-005
 6.986687e+002  3.140088e-005
 6.992875e+002  8.404589e-005
 6.999062e+002  4.776795e-004
 7.005250e+002  5.200168e-004
 7.011437e+002  1.304497e-004
 7.017625e+002  3.308975e-005
 7.023812e+002  3.409230e-005
 7.030000e+002  3.421304e-005
 7.036187e+002  3.693374e-005
 7.042375e+002  3.541964e-005
 7.048562e+002  4.090213e-005
 7.054750e+002  3.933729e-005
 7.060937e+002  2.708704e-005
 7.067125e+002  2.491520e-005
 7.073312e+002  3.480140e-005
 7.079500e+002  4.115596e-005
 7.085687e+002  3.648985e-005
 7.091875e+002  2.915653e-005
 7.098062e+002  2.596232e-005
 7.104250e+002  3.273580e-005
 7.110437e+002  2.821460e-005
 7.116625e+002  3.370750e-005
 7.122812e+002  2.855390e-005
 7.129000e+002  2.476755e-005
 7.135187e+002  3.027942e-005
 7.141375e+002  2.976612e-005
 7.147562e+002  3.137781e-005
 7.153750e+002  2.994723e-005
 7.159937e+002  2.629394e-005
 7.166125e+002  2.711412e-005
 7.172312e+002  2.912509e-005
 7.178500e+002  3.185493e-005
 7.184687e+002  4.439734e-005
 7.190875e+002  3.953017e-005
 7.197062e+002  2.988841e-005
 7.203250e+002  3.282861e-005
 7.209437e+002  4.072750e-005
 7.215625e+002  3.343623e-005
 7.221812e+002  2.899059e-005
 7.228000e+002  3.359776e-005
 7.234187e+002  2.961391e-005
 7.240375e+002  3.328205e-005
 7.246562e+002  3.134482e-005
 7.252750e+002  3.272574e-005
 7.258937e+002  3.178244e-005
 7.265125e+002  3.304214e-005
 7.271312e+002  4.673192e-005
 7.277500e+002  3.850611e-005
 7.283687e+002  2.131425e-005
 7.289875e+002  3.101635e-005
 7.296062e+002  3.697334e-005
 7.302250e+002  3.400122e-005
 7.308437e+002  3.232733e-005
 7.314625e+002  2.260200e-005
 7.320812e+002  2.927449e-005
 7.327000e+002  2.845380e-005
 7.333187e+002  3.118627e-005
 7.339375e+002  3.193904e-005
 7.345562e+002  3.962496e-005
 7.351750e+002  3.288246e-005
 7.357937e+002  3.031376e-005
 7.364125e+002  3.689196e-005
 7.370312e+002  3.525347e-005
 7.376500e+002  3.214192e-005
 7.382687e+002  2.881748e-005
 7.388875e+002  2.149829e-005
 7.395062e+002  2.813238e-005
 7.401250e+002  3.646611e-005
 7.407437e+002  3.186379e-005
 7.413625e+002  3.568643e-005
 7.419812e+002  3.181949e-005
 7.426000e+002  2.660615e-005
 7.432187e+002  2.754028e-005
 7.438375e+002  2.851572e-005
 7.444562e+002  3.092638e-005
 7.450750e+002  2.934065e-005
 7.456937e+002  3.267716e-005
 7.463125e+002  3.331173e-005
 7.469312e+002  3.172146e-005
 7.475500e+002  3.141399e-005
 7.481687e+002  3.111300e-005
 7.487875e+002  3.887768e-005
 7.494062e+002  1.548140e-004
 7.500250e+002  5.860183e-004
 7.506437e+002  5.061144e-004
 7.512625e+002  8.286615e-005
 7.518812e+002  3.805754e-005
 7.525000e+002  3.883289e-005
 7.531187e+002  4.407107e-005
 7.537375e+002  3.746796e-005
 7.543562e+002  3.620107e-005
 7.549750e+002  3.049023e-005
 7.555937e+002  2.698573e-005
 7.562125e+002  2.376134e-005
 7.568312e+002  2.844542e-005
 7.574500e+002  3.303732e-005
 7.580687e+002  3.043275e-005
 7.586875e+002  2.919180e-005
 7.593062e+002  2.976725e-005
 7.599250e+002  3.307782e-005
 7.605437e+002  3.661776e-005
 7.611625e+002  3.063249e-005
 7.617812e+002  3.177423e-005
 7.624000e+002  3.332930e-005
 7.630187e+002  3.419869e-005
 7.636375e+002  3.423464e-005
 7.642562e+002  3.154283e-005
 7.648750e+002  2.945759e-005
 7.654937e+002  3.132289e-005
 7.661125e+002  2.239048e-005
 7.667312e+002  3.130180e-005
 7.673500e+002  3.775427e-005
 7.679687e+002  3.981216e-005
 7.685875e+002  3.467544e-005
 7.692062e+002  3.106878e-005
 7.698250e+002  3.226963e-005
 7.704437e+002  3.343536e-005
 7.710625e+002  3.551949e-005
 7.716812e+002  2.971873e-005
 7.723000e+002  3.242866e-005
 7.729187e+002  4.031270e-005
 7.735375e+002  4.164654e-005
 7.741562e+002  3.923031e-005
 7.747750e+002  2.916641e-005
 7.753937e+002  3.278713e-005
 7.760125e+002  3.201591e-005
 7.766312e+002  3.514835e-005
 7.772500e+002  3.555029e-005
 7.778687e+002  3.566705e-005
 7.784875e+002  4.266267e-005
 7.791062e+002  3.952649e-005
 7.797250e+002  3.340633e-005
 7.803437e+002  2.983006e-005
 7.809625e+002  2.257443e-005
 7.815812e+002  2.462626e-005
 7.822000e+002  2.659406e-005
 7.828187e+002  2.423972e-005
 7.834375e+002  2.627131e-005
 7.840562e+002  2.918370e-005
 7.846750e+002  3.086375e-005
 7.852937e+002  3.134763e-005
 7.859125e+002  3.678544e-005
 7.865312e+002  3.353079e-005
 7.871500e+002  3.241421e-005
 7.877687e+002  3.577631e-005
 7.883875e+002  3.789223e-005
 7.890062e+002  3.283894e-005
 7.896250e+002  2.785688e-005
 7.902437e+002  2.678518e-005
 7.908625e+002  2.907206e-005
 7.914812e+002  3.588611e-005
 7.921000e+002  3.201935e-005
 7.927187e+002  2.766762e-005
 7.933375e+002  2.748431e-005
 7.939562e+002  3.276223e-005
 7.945750e+002  2.444068e-005
 7.951937e+002  2.943327e-005
 7.958125e+002  3.402292e-005
 7.964312e+002  3.451112e-005
 7.970500e+002  3.906160e-005
 7.976687e+002  3.632873e-005
 7.982875e+002  3.201330e-005
 7.989062e+002  3.501982e-005
 7.995250e+002  1.384755e-004
 8.001437e+002  3.872679e-004
 8.007625e+002  2.724796e-004
 8.013812e+002  3.357422e-005
 8.020000e+002  3.350507e-005
 8.026187e+002  4.151420e-005
 8.032375e+002  3.763019e-005
 8.038562e+002  2.471295e-005
 8.044750e+002  2.637868e-005
 8.050937e+002  3.110992e-005
 8.057125e+002  3.094555e-005
 8.063312e+002  3.319498e-005
 8.069500e+002  2.932881e-005
 8.075687e+002  3.185411e-005
 8.081875e+002  4.135521e-005
 8.088062e+002  3.286852e-005
 8.094250e+002  3.183082e-005
 8.100437e+002  2.759293e-005
 8.106625e+002  2.518192e-005
 8.112812e+002  2.616024e-005
 8.119000e+002  2.996430e-005
 8.125187e+002  3.121830e-005
 8.131375e+002  3.173011e-005
 8.137562e+002  2.793028e-005
 8.143750e+002  3.372446e-005
 8.149937e+002  3.403790e-005
 8.156125e+002  2.944966e-005
 8.162312e+002  2.490503e-005
 8.168500e+002  2.709143e-005
 8.174687e+002  2.808980e-005
 8.180875e+002  2.509439e-005
 8.187062e+002  3.495576e-005
 8.193250e+002  3.871500e-005
 8.199437e+002  3.904507e-005
 8.205625e+002  3.364271e-005
 8.211812e+002  3.530604e-005
 8.218000e+002  3.473105e-005
 8.224187e+002  3.360056e-005
 8.230375e+002  3.274949e-005
 8.236562e+002  3.585448e-005
 8.242750e+002  3.594471e-005
 8.248937e+002  3.325149e-005
 8.255125e+002  3.361907e-005
 8.261312e+002  3.323793e-005
 8.267500e+002  3.114062e-005
 8.273687e+002  3.331534e-005
 8.279875e+002  3.353176e-005
 8.286062e+002  3.336698e-005
 8.292250e+002  2.859176e-005
 8.298437e+002  2.703150e-005
 8.304625e+002  3.177392e-005
 8.310812e+002  2.770318e-005
 8.317000e+002  2.301423e-005
 8.323187e+002  2.855896e-005
 8.329375e+002  3.273032e-005
 8.335562e+002  3.613445e-005
 8.341750e+002  3.422165e-005
 8.347937e+002  3.266506e-005
 8.354125e+002  3.164499e-005
 8.360312e+002  2.982292e-005
 8.366500e+002  3.025965e-005
 8.372687e+002  3.071178e-005
 8.378875e+002  2.758612e-005
 8.385062e+002  2.707155e-005
 8.391250e+002  2.838432e-005
 8.397437e+002  3.867711e-005
 8.403625e+002  3.313678e-005
 8.409812e+002  3.445847e-005
 8.416000e+002  3.650159e-005
 8.422187e+002  3.519990e-005
 8.428375e+002  2.855399e-005
 8.434562e+002  3.404815e-005
 8.440750e+002  2.693467e-005
 8.446937e+002  2.141684e-005
 8.453125e+002  2.908216e-005
 8.459312e+002  3.422685e-005
 8.465500e+002  3.889772e-005
 8.471687e+002  4.565690e-005
 8.477875e+002  3.627787e-005
 8.484062e+002  3.548167e-005
 8.490250e+002  3.674213e-005
 8.496437e+002  3.150266e-004
 8.502625e+002  6.916361e-004
 8.508812e+002  3.849816e-004
 8.515000e+002  3.917498e-005
 8.521187e+002  3.467900e-005
 8.527375e+002  4.193241e-005
 8.533562e+002  4.467283e-005
 8.539750e+002  3.774206e-005
 8.545937e+002  3.024141e-005
 8.552125e+002  3.611756e-005
 8.558312e+002  3.531152e-005
 8.564500e+002  2.981397e-005
 8.570687e+002  3.326252e-005
 8.576875e+002  3.271021e-005
 8.583062e+002  3.156399e-005
 8.589250e+002  2.939890e-005
 8.595437e+002  3.175844e-005
 8.601625e+002  2.986299e-005
 8.607812e+002  3.116312e-005
 8.614000e+002  3.340949e-005
 8.620187e+002  3.098102e-005
 8.626375e+002  2.917281e-005
 8.632562e+002  3.164396e-005
 8.638750e+002  3.214179e-005
 8.644937e+002  3.360864e-005
 8.651125e+002  3.249653e-005
 8.657312e+002  3.207830e-005
 8.663500e+002  2.893013e-005
 8.669687e+002  3.130054e-005
 8.675875e+002  3.244979e-005
 8.682062e+002  2.851196e-005
 8.688250e+002  2.427272e-005
 8.694437e+002  2.919820e-005
 8.700625e+002  2.771728e-005
 8.706812e+002  2.601688e-005
 8.713000e+002  2.905968e-005
 8.719187e+002  2.800037e-005
 8.725375e+002  3.343004e-005
 8.731562e+002  3.215426e-005
 8.737750e+002  3.175070e-005
 8.743937e+002  3.849692e-005
 8.750125e+002  3.604698e-005
 8.756312e+002  3.387678e-005
 8.762500e+002  3.772906e-005
 8.768687e+002  2.979106e-005
 8.774875e+002  3.111311e-005
 8.781062e+002  2.705846e-005
 8.787250e+002  2.907976e-005
 8.793437e+002  3.186081e-005
 8.799625e+002  3.507249e-005
 8.805812e+002  4.118503e-005
 8.812000e+002  3.628933e-005
 8.818187e+002  2.948492e-005
 8.824375e+002  3.699477e-005
 8.830562e+002  3.166941e-005
 8.836750e+002  2.992126e-005
 8.842937e+002  3.231629e-005
 8.849125e+002  3.433826e-005
 8.855312e+002  3.296167e-005
 8.861500e+002  3.219449e-005
 8.867687e+002  3.464337e-005
 8.873875e+002  3.169249e-005
 8.880062e+002  3.174581e-005
 8.886250e+002  2.657434e-005
 8.892437e+002  1.689654e-005
 8.898625e+002  2.633332e-005
 8.904812e+002  3.315445e-005
 8.911000e+002  2.874447e-005
 8.917187e+002  3.410985e-005
 8.923375e+002  3.630050e-005
 8.929562e+002  2.819695e-005
 8.935750e+002  2.668629e-005
 8.941937e+002  2.780053e-005
 8.948125e+002  3.267862e-005
 8.954312e+002  3.264591e-005
 8.960500e+002  3.326712e-005
 8.966687e+002  3.640550e-005
 8.972875e+002  3.964810e-005
 8.979062e+002  3.337038e-005
 8.985250e+002  3.333435e-005
 8.991437e+002  3.201254e-005
 8.997625e+002  1.807539e-004
 9.003812e+002  3.276477e-004
 9.010000e+002  1.498188e-004
 9.016187e+002  3.242984e-005
 9.022375e+002  2.832477e-005
 9.028562e+002  2.477288e-005
 9.034750e+002  2.391019e-005
 9.040937e+002  2.659441e-005
 9.047125e+002  3.214910e-005
 9.053312e+002  3.419267e-005
 9.059500e+002  3.017823e-005
 9.065687e+002  3.848801e-005
 9.071875e+002  4.367054e-005
 9.078062e+002  3.727453e-005
 9.084250e+002  3.474894e-005
 9.090437e+002  3.150504e-005
 9.096625e+002  2.130405e-005
 9.102812e+002  3.026487e-005
 9.109000e+002  2.866723e-005
 9.115187e+002  2.529934e-005
 9.121375e+002  3.015074e-005
 9.127562e+002  3.068584e-005
 9.133750e+002  2.598158e-005
 9.139937e+002  3.096683e-005
 9.146125e+002  3.406829e-005
 9.152312e+002  3.319741e-005
 9.158500e+002  3.088007e-005
 9.164687e+002  2.454105e-005
 9.170875e+002  2.861425e-005
 9.177062e+002  2.979466e-005
 9.183250e+002  3.117777e-005
 9.189437e+002  3.276763e-005
 9.195625e+002  2.740668e-005
 9.201812e+002  2.533659e-005
 9.208000e+002  2.172290e-005
 9.214187e+002  2.720142e-005
 9.220375e+002  2.338016e-005
 9.226562e+002  2.078577e-005
 9.232750e+002  2.541904e-005
 9.238937e+002  2.520047e-005
 9.245125e+002  2.528452e-005
 9.251312e+002  2.795177e-005
 9.257500e+002  2.712666e-005
 9.263687e+002  3.518921e-005
 9.269875e+002  3.330622e-005
 9.276062e+002  3.020107e-005
 9.282250e+002  2.852597e-005
 9.288437e+002  2.968492e-005
 9.294625e+002  3.006895e-005
 9.300812e+002  3.348435e-005
 9.307000e+002  3.364449e-005
 9.313187e+002  3.033684e-005
 9.319375e+002  2.846273e-005
 9.325562e+002  2.814626e-005
 9.331750e+002  3.249625e-005
 9.337937e+002  3.064720e-005
 9.344125e+002  3.080452e-005
 9.350312e+002  2.788921e-005
 9.356500e+002  3.131939e-005
 9.362687e+002  2.841544e-005
 9.368875e+002  2.582401e-005
 9.375062e+002  3.110112e-005
 9.381250e+002  3.065227e-005
 9.387437e+002  2.747044e-005
 9.393625e+002  2.515473e-005
 9.399812e+002  2.891056e-005
 9.406000e+002  3.214215e-005
 9.412187e+002  2.888474e-005
 9.418375e+002  3.215055e-005
 9.424562e+002  4.183021e-005
 9.430750e+002  3.819484e-005
 9.436937e+002  3.366946e-005
 9.443125e+002  3.232805e-005
 9.449312e+002  2.849946e-005
 9.455500e+002  2.362734e-005
 9.461687e+002  3.195268e-005
 9.467875e+002  3.530386e-005
 9.474062e+002  3.081633e-005
 9.480250e+002  3.473969e-005
 9.486437e+002  2.945137e-005
 9.492625e+002  5.536353e-005
 9.498812e+002  4.165407e-004
 9.505000e+002  5.794918e-004
 9.511187e+002  2.039626e-004
 9.517375e+002  3.029374e-005
 9.523562e+002  3.403672e-005
 9.529750e+002  4.531943e-005
 9.535937e+002  4.417470e-005
 9.542125e+002  3.528879e-005
 9.548312e+002  3.358787e-005
 9.554500e+002  3.876410e-005
 9.560687e+002  3.493330e-005
 9.566875e+002  3.293056e-005
 9.573062e+002  3.218189e-005
 9.579250e+002  2.677766e-005
 9.585437e+002  2.348571e-005
 9.591625e+002  2.720297e-005
 9.597812e+002  3.557117e-005
 9.604000e+002  3.021172e-005
 9.610187e+002  2.789849e-005
 9.616375e+002  2.867176e-005
 9.622562e+002  3.192639e-005
 9.628750e+002  3.192960e-005
 9.634937e+002  2.881894e-005
 9.641125e+002  2.326346e-005
 9.647312e+002  2.721702e-005
 9.653500e+002  3.412530e-005
 9.659687e+002  3.562455e-005
 9.665875e+002  2.778553e-005
 9.672062e+002  2.475140e-005
 9.678250e+002  3.397288e-005
 9.684437e+002  3.414338e-005
 9.690625e+002  2.718212e-005
 9.696812e+002  2.301040e-005
 9.703000e+002  2.628470e-005
 9.709187e+002  2.193967e-005
 9.715375e+002  2.297958e-005
 9.721562e+002  3.044187e-005
 9.727750e+002  2.782762e-005
 9.733937e+002  3.070137e-005
 9.740125e+002  3.391730e-005
 9.746312e+002  3.207118e-005
 9.752500e+002  3.115408e-005
 9.758687e+002  2.663920e-005
 9.764875e+002  2.610165e-005
 9.771062e+002  3.533107e-005
 9.777250e+002  2.810637e-005
 9.783437e+002  3.188947e-005
 9.789625e+002  2.918068e-005
 9.795812e+002  2.729457e-005
 9.802000e+002  3.245542e-005
 9.808187e+002  3.752500e-005
 9.814375e+002  3.221664e-005
 9.820562e+002  3.288804e-005
 9.826750e+002  2.323432e-005
 9.832937e+002  2.619676e-005
 9.839125e+002  2.317804e-005
 9.845312e+002  2.968260e-005
 9.851500e+002  2.942045e-005
 9.857687e+002  2.567582e-005
 9.863875e+002  2.749829e-005
 9.870062e+002  3.606583e-005
 9.876250e+002  3.510017e-005
 9.882437e+002  3.482554e-005
 9.888625e+002  3.467934e-005
 9.894812e+002  3.948493e-005
 9.901000e+002  3.692017e-005
 9.907187e+002  3.365003e-005
 9.913375e+002  3.611237e-005
 9.919562e+002  3.680152e-005
 9.925750e+002  3.583476e-005
 9.931937e+002  3.730372e-005
 9.938125e+002  3.859165e-005
 9.944312e+002  2.945278e-005
 9.950500e+002  2.626165e-005
 9.956687e+002  2.174810e-005
 9.962875e+002  2.654003e-005
 9.969062e+002  3.225066e-005
 9.975250e+002  2.602247e-005
 9.981437e+002  3.499293e-005
 9.987625e+002  3.990100e-005
 9.993812e+002  5.473716e-005
 1.000000e+003  2.448472e-004
