 1.000000e+000  9.860056e-004
 1.247500e+000  8.158421e-004
 1.495000e+000  6.776286e-004
 1.742500e+000  4.333814e-004
 1.990000e+000  6.494077e-004
 2.237500e+000  7.250775e-004
 2.485000e+000  7.306413e-004
 2.732500e+000  5.011447e-004
 2.980000e+000  4.016191e-004
 3.227500e+000  3.969094e-004
 3.475000e+000  2.862254e-004
 3.722500e+000  3.980028e-004
 3.970000e+000  3.647580e-004
 4.217500e+000  3.367551e-004
 4.465000e+000  3.147872e-004
 4.712500e+000  3.280554e-004
 4.960000e+000  3.050510e-004
 5.207500e+000  3.608516e-004
 5.455000e+000  2.035979e-004
 5.702500e+000  2.053923e-004
 5.950000e+000  2.635783e-004
 6.197500e+000  3.137136e-004
 6.445000e+000  3.070426e-004
 6.692500e+000  2.995659e-004
 6.940000e+000  3.664970e-004
 7.187500e+000  3.567151e-004
 7.435000e+000  2.657354e-004
 7.682500e+000  3.553467e-004
 7.930000e+000  4.301439e-004
 8.177500e+000  3.977967e-004
 8.425000e+000  3.166696e-004
 8.672500e+000  1.675355e-004
 8.920000e+000  9.856537e-005
 9.167500e+000  1.097045e-004
 9.415000e+000  1.175745e-004
 9.662500e+000  2.101880e-004
 9.910000e+000  2.052487e-004
 1.015750e+001  1.591167e-004
 1.040500e+001  1.866895e-004
 1.065250e+001  1.989831e-004
 1.090000e+001  2.620576e-004
 1.114750e+001  3.063183e-004
 1.139500e+001  2.875710e-004
 1.164250e+001  2.414085e-004
 1.189000e+001  2.672976e-004
 1.213750e+001  1.981862e-004
 1.238500e+001  5.629869e-005
 1.263250e+001  1.101917e-004
 1.288000e+001  2.011105e-004
 1.312750e+001  2.234701e-004
 1.337500e+001  1.603310e-004
 1.362250e+001  9.350238e-005
 1.387000e+001  1.036000e-004
 1.411750e+001  2.133091e-004
 1.436500e+001  2.032466e-004
 1.461250e+001  1.641820e-004
 1.486000e+001  1.650947e-004
 1.510750e+001  1.145663e-004
 1.535500e+001  1.175866e-004
 1.560250e+001  2.039272e-004
 1.585000e+001  1.670186e-004
 1.609750e+001  1.994883e-004
 1.634500e+001  2.261156e-004
 1.659250e+001  1.529586e-004
 1.684000e+001  1.208303e-004
 1.708750e+001  2.334212e-004
 1.733500e+001  1.980507e-004
 1.758250e+001  1.122218e-004
 1.783000e+001  1.395297e-004
 1.807750e+001  1.278658e-004
 1.832500e+001  2.247102e-004
 1.857250e+001  2.861226e-004
 1.882000e+001  1.960378e-004
 1.906750e+001  1.623675e-004
 1.931500e+001  1.687230e-004
 1.956250e+001  1.779837e-004
 1.981000e+001  8.765115e-005
 2.005750e+001  1.640399e-004
 2.030500e+001  1.450279e-004
 2.055250e+001  1.343272e-004
 2.080000e+001  7.323036e-005
 2.104750e+001  1.046028e-004
 2.129500e+001  1.040836e-004
 2.154250e+001  1.317761e-004
 2.179000e+001  1.400683e-004
 2.203750e+001  1.427805e-004
 2.228500e+001  1.277489e-004
 2.253250e+001  1.461954e-004
 2.278000e+001  1.646292e-004
 2.302750e+001  1.182657e-004
 2.327500e+001  1.256426e-004
 2.352250e+001  2.126982e-004
 2.377000e+001  1.638021e-004
 2.401750e+001  1.599538e-004
 2.426500e+001  1.318030e-004
 2.451250e+001  1.438106e-004
 2.476000e+001  2.002104e-004
 2.500750e+001  2.241608e-004
 2.525500e+001  2.304413e-004
 2.550250e+001  1.701237e-004
 2.575000e+001  1.589540e-004
 2.599750e+001  1.803082e-004
 2.624500e+001  1.338977e-004
 2.649250e+001  1.593936e-004
 2.674000e+001  1.610038e-004
 2.698750e+001  8.322691e-005
 2.723500e+001  1.885180e-004
 2.748250e+001  1.954679e-004
 2.773000e+001  1.816451e-004
 2.797750e+001  1.887432e-004
 2.822500e+001  1.685940e-004
 2.847250e+001  1.565354e-004
 2.872000e+001  1.332996e-004
 2.896750e+001  1.488750e-004
 2.921500e+001  1.222689e-004
 2.946250e+001  1.187923e-004
 2.971000e+001  1.509093e-004
 2.995750e+001  1.231604e-004
 3.020500e+001  9.888623e-005
 3.045250e+001  1.470701e-004
 3.070000e+001  2.170187e-004
 3.094750e+001  1.772040e-004
 3.119500e+001  1.360412e-004
 3.144250e+001  1.632307e-004
 3.169000e+001  1.406599e-004
 3.193750e+001  1.234252e-004
 3.218500e+001  1.407822e-004
 3.243250e+001  1.359815e-004
 3.268000e+001  9.937710e-005
 3.292750e+001  8.808287e-005
 3.317500e+001  9.505986e-005
 3.342250e+001  9.367492e-005
 3.367000e+001  1.433859e-004
 3.391750e+001  8.715092e-005
 3.416500e+001  1.318924e-004
 3.441250e+001  1.411902e-004
 3.466000e+001  1.402915e-004
 3.490750e+001  1.206407e-004
 3.515500e+001  9.037785e-005
 3.540250e+001  8.056851e-005
 3.565000e+001  9.651101e-005
 3.589750e+001  1.328270e-004
 3.614500e+001  9.043125e-005
 3.639250e+001  9.823392e-005
 3.664000e+001  1.303001e-004
 3.688750e+001  1.534227e-004
 3.713500e+001  1.374442e-004
 3.738250e+001  1.340384e-004
 3.763000e+001  1.503662e-004
 3.787750e+001  1.328649e-004
 3.812500e+001  1.006196e-004
 3.837250e+001  8.028068e-005
 3.862000e+001  1.140625e-004
 3.886750e+001  1.171335e-004
 3.911500e+001  1.152814e-004
 3.936250e+001  2.346503e-004
 3.961000e+001  2.718442e-004
 3.985750e+001  1.300696e-004
 4.010500e+001  1.372979e-004
 4.035250e+001  9.976086e-005
 4.060000e+001  7.158031e-005
 4.084750e+001  1.400988e-004
 4.109500e+001  1.566135e-004
 4.134250e+001  1.149822e-004
 4.159000e+001  1.368953e-004
 4.183750e+001  1.156396e-004
 4.208500e+001  1.181120e-004
 4.233250e+001  9.304141e-005
 4.258000e+001  2.156963e-004
 4.282750e+001  2.016234e-004
 4.307500e+001  1.299529e-004
 4.332250e+001  1.253009e-004
 4.357000e+001  1.053361e-004
 4.381750e+001  6.234007e-005
 4.406500e+001  1.185055e-004
 4.431250e+001  1.263462e-004
 4.456000e+001  1.165497e-004
 4.480750e+001  1.200100e-004
 4.505500e+001  8.600821e-005
 4.530250e+001  9.303884e-005
 4.555000e+001  7.492761e-005
 4.579750e+001  8.907845e-005
 4.604500e+001  7.940268e-005
 4.629250e+001  1.164676e-004
 4.654000e+001  1.447900e-004
 4.678750e+001  1.002937e-004
 4.703500e+001  1.340578e-004
 4.728250e+001  1.272850e-004
 4.753000e+001  9.394568e-005
 4.777750e+001  1.329344e-004
 4.802500e+001  1.344541e-004
 4.827250e+001  9.585870e-005
 4.852000e+001  8.244632e-005
 4.876750e+001  1.025783e-004
 4.901500e+001  1.230600e-004
 4.926250e+001  1.032295e-004
 4.951000e+001  1.501222e-004
 4.975750e+001  5.524682e-003
 5.000500e+001  1.235300e-002
 5.025250e+001  6.919933e-003
 5.050000e+001  2.617008e-004
 5.074750e+001  9.842562e-005
 5.099500e+001  8.045601e-005
 5.124250e+001  1.070948e-004
 5.149000e+001  1.251040e-004
 5.173750e+001  1.295068e-004
 5.198500e+001  1.128692e-004
 5.223250e+001  8.811950e-005
 5.248000e+001  4.976677e-005
 5.272750e+001  8.832393e-005
 5.297500e+001  1.006124e-004
 5.322250e+001  1.134971e-004
 5.347000e+001  1.050076e-004
 5.371750e+001  9.732634e-005
 5.396500e+001  9.415700e-005
 5.421250e+001  8.835204e-005
 5.446000e+001  1.214393e-004
 5.470750e+001  1.271748e-004
 5.495500e+001  1.118038e-004
 5.520250e+001  9.465485e-005
 5.545000e+001  6.775477e-005
 5.569750e+001  5.730602e-005
 5.594500e+001  7.292258e-005
 5.619250e+001  4.400836e-005
 5.644000e+001  1.048869e-004
 5.668750e+001  1.339603e-004
 5.693500e+001  1.197386e-004
 5.718250e+001  1.324080e-004
 5.743000e+001  1.049978e-004
 5.767750e+001  8.119238e-005
 5.792500e+001  9.551659e-005
 5.817250e+001  8.645102e-005
 5.842000e+001  1.197654e-004
 5.866750e+001  1.153723e-004
 5.891500e+001  8.895900e-005
 5.916250e+001  1.125650e-004
 5.941000e+001  1.148243e-004
 5.965750e+001  1.012570e-004
 5.990500e+001  6.244072e-005
 6.015250e+001  4.841790e-005
 6.040000e+001  6.796790e-005
 6.064750e+001  4.644316e-005
 6.089500e+001  5.777248e-005
 6.114250e+001  1.003803e-004
 6.139000e+001  8.918363e-005
 6.163750e+001  1.009380e-004
 6.188500e+001  1.386155e-004
 6.213250e+001  6.711354e-005
 6.238000e+001  8.488538e-005
 6.262750e+001  1.092478e-004
 6.287500e+001  7.810397e-005
 6.312250e+001  2.941165e-005
 6.337000e+001  6.666472e-005
 6.361750e+001  7.803639e-005
 6.386500e+001  6.455908e-005
 6.411250e+001  4.454065e-005
 6.436000e+001  9.021713e-005
 6.460750e+001  9.350261e-005
 6.485500e+001  9.162531e-005
 6.510250e+001  6.527694e-005
 6.535000e+001  5.663253e-005
 6.559750e+001  7.836533e-005
 6.584500e+001  5.391556e-005
 6.609250e+001  6.032997e-005
 6.634000e+001  4.978580e-005
 6.658750e+001  9.323786e-005
 6.683500e+001  1.015337e-004
 6.708250e+001  5.098388e-005
 6.733000e+001  9.526070e-005
 6.757750e+001  9.940062e-005
 6.782500e+001  1.243229e-004
 6.807250e+001  1.003360e-004
 6.832000e+001  9.056907e-005
 6.856750e+001  7.830986e-005
 6.881500e+001  7.577605e-005
 6.906250e+001  7.693430e-005
 6.931000e+001  8.590315e-005
 6.955750e+001  1.247084e-004
 6.980500e+001  1.348488e-004
 7.005250e+001  1.898172e-004
 7.030000e+001  1.613391e-004
 7.054750e+001  1.107311e-004
 7.079500e+001  5.393338e-005
 7.104250e+001  9.356439e-005
 7.129000e+001  1.079788e-004
 7.153750e+001  7.508565e-005
 7.178500e+001  6.077831e-005
 7.203250e+001  7.689519e-005
 7.228000e+001  7.249892e-005
 7.252750e+001  9.166366e-005
 7.277500e+001  9.547718e-005
 7.302250e+001  9.257322e-005
 7.327000e+001  6.921358e-005
 7.351750e+001  7.569505e-005
 7.376500e+001  9.895546e-005
 7.401250e+001  1.270043e-004
 7.426000e+001  1.212161e-004
 7.450750e+001  7.591516e-005
 7.475500e+001  6.488455e-005
 7.500250e+001  5.454342e-005
 7.525000e+001  8.866698e-005
 7.549750e+001  1.510526e-004
 7.574500e+001  1.139764e-004
 7.599250e+001  4.364198e-005
 7.624000e+001  5.108944e-005
 7.648750e+001  5.701842e-005
 7.673500e+001  4.820387e-005
 7.698250e+001  6.497492e-005
 7.723000e+001  7.743130e-005
 7.747750e+001  7.541165e-005
 7.772500e+001  7.796785e-005
 7.797250e+001  8.033758e-005
 7.822000e+001  8.889079e-005
 7.846750e+001  6.430163e-005
 7.871500e+001  7.071420e-005
 7.896250e+001  1.451192e-004
 7.921000e+001  1.464123e-004
 7.945750e+001  1.189013e-004
 7.970500e+001  9.138688e-005
 7.995250e+001  6.415508e-005
 8.020000e+001  4.992442e-005
 8.044750e+001  4.560534e-005
 8.069500e+001  3.013370e-005
 8.094250e+001  5.849232e-005
 8.119000e+001  6.866621e-005
 8.143750e+001  4.215897e-005
 8.168500e+001  5.835753e-005
 8.193250e+001  7.129769e-005
 8.218000e+001  6.909999e-005
 8.242750e+001  6.241249e-005
 8.267500e+001  4.093689e-005
 8.292250e+001  5.665281e-005
 8.317000e+001  6.819066e-005
 8.341750e+001  5.315113e-005
 8.366500e+001  5.759655e-005
 8.391250e+001  8.052264e-005
 8.416000e+001  9.022404e-005
 8.440750e+001  7.224392e-005
 8.465500e+001  4.864879e-005
 8.490250e+001  5.412533e-005
 8.515000e+001  5.711121e-005
 8.539750e+001  5.947469e-005
 8.564500e+001  3.168371e-005
 8.589250e+001  5.435064e-005
 8.614000e+001  7.285288e-005
 8.638750e+001  6.131791e-005
 8.663500e+001  6.549431e-005
 8.688250e+001  8.836312e-005
 8.713000e+001  7.298904e-005
 8.737750e+001  5.888462e-005
 8.762500e+001  4.214918e-005
 8.787250e+001  6.258349e-005
 8.812000e+001  4.392868e-005
 8.836750e+001  4.114981e-005
 8.861500e+001  7.234263e-005
 8.886250e+001  6.837629e-005
 8.911000e+001  5.467797e-005
 8.935750e+001  4.965265e-005
 8.960500e+001  3.670749e-005
 8.985250e+001  2.869859e-005
 9.010000e+001  6.734855e-005
 9.034750e+001  5.661718e-005
 9.059500e+001  6.298995e-005
 9.084250e+001  7.940284e-005
 9.109000e+001  8.691158e-005
 9.133750e+001  6.159030e-005
 9.158500e+001  9.578931e-005
 9.183250e+001  8.131341e-005
 9.208000e+001  7.188886e-005
 9.232750e+001  5.849114e-005
 9.257500e+001  3.768297e-005
 9.282250e+001  3.779264e-005
 9.307000e+001  5.281685e-005
 9.331750e+001  6.627057e-005
 9.356500e+001  5.109865e-005
 9.381250e+001  5.992521e-005
 9.406000e+001  6.209628e-005
 9.430750e+001  5.869723e-005
 9.455500e+001  4.496419e-005
 9.480250e+001  6.326207e-005
 9.505000e+001  5.434591e-005
 9.529750e+001  5.916099e-005
 9.554500e+001  5.186240e-005
 9.579250e+001  4.388828e-005
 9.604000e+001  4.423905e-005
 9.628750e+001  5.159563e-005
 9.653500e+001  5.673943e-005
 9.678250e+001  6.101742e-005
 9.703000e+001  6.580872e-005
 9.727750e+001  6.628995e-005
 9.752500e+001  6.950796e-005
 9.777250e+001  5.271219e-005
 9.802000e+001  6.867665e-005
 9.826750e+001  6.369741e-005
 9.851500e+001  4.225068e-005
 9.876250e+001  2.849462e-005
 9.901000e+001  6.016933e-005
 9.925750e+001  7.916742e-005
 9.950500e+001  6.705084e-005
 9.975250e+001  1.156044e-004
 1.000000e+002  2.867665e-004
