 1.000000e+000  1.103066e-003
 1.247500e+000  1.275003e-003
 1.495000e+000  1.025741e-003
 1.742500e+000  7.749136e-004
 1.990000e+000  8.992383e-004
 2.237500e+000  1.134052e-003
 2.485000e+000  8.312228e-004
 2.732500e+000  9.871904e-004
 2.980000e+000  6.451097e-004
 3.227500e+000  5.015133e-004
 3.475000e+000  8.736860e-004
 3.722500e+000  9.029119e-004
 3.970000e+000  6.233993e-004
 4.217500e+000  2.763039e-004
 4.465000e+000  5.415986e-004
 4.712500e+000  6.597654e-004
 4.960000e+000  6.230996e-004
 5.207500e+000  6.881740e-004
 5.455000e+000  6.684419e-004
 5.702500e+000  6.027744e-004
 5.950000e+000  2.991443e-004
 6.197500e+000  3.015629e-004
 6.445000e+000  3.724568e-004
 6.692500e+000  3.848205e-004
 6.940000e+000  5.064443e-004
 7.187500e+000  4.641497e-004
 7.435000e+000  3.200035e-004
 7.682500e+000  3.294534e-004
 7.930000e+000  3.765580e-004
 8.177500e+000  4.568863e-004
 8.425000e+000  5.736306e-004
 8.672500e+000  4.069778e-004
 8.920000e+000  3.271729e-004
 9.167500e+000  2.126435e-004
 9.415000e+000  2.090796e-004
 9.662500e+000  2.687560e-004
 9.910000e+000  2.970148e-004
 1.015750e+001  3.654618e-004
 1.040500e+001  4.516509e-004
 1.065250e+001  2.795816e-004
 1.090000e+001  3.755373e-004
 1.114750e+001  3.352345e-004
 1.139500e+001  4.092400e-004
 1.164250e+001  4.263554e-004
 1.189000e+001  3.286105e-004
 1.213750e+001  1.726636e-004
 1.238500e+001  3.302129e-004
 1.263250e+001  4.182937e-004
 1.288000e+001  2.824370e-004
 1.312750e+001  3.169516e-004
 1.337500e+001  2.469543e-004
 1.362250e+001  3.020628e-004
 1.387000e+001  1.776953e-004
 1.411750e+001  1.995147e-004
 1.436500e+001  2.746991e-004
 1.461250e+001  2.866948e-004
 1.486000e+001  2.690254e-004
 1.510750e+001  2.745811e-004
 1.535500e+001  1.982626e-004
 1.560250e+001  2.270679e-004
 1.585000e+001  3.530211e-004
 1.609750e+001  2.440565e-004
 1.634500e+001  2.133025e-004
 1.659250e+001  3.600192e-004
 1.684000e+001  2.908184e-004
 1.708750e+001  1.186749e-004
 1.733500e+001  2.871170e-004
 1.758250e+001  2.912213e-004
 1.783000e+001  2.625299e-004
 1.807750e+001  1.061817e-004
 1.832500e+001  1.591540e-004
 1.857250e+001  1.814790e-004
 1.882000e+001  3.208287e-004
 1.906750e+001  3.123239e-004
 1.931500e+001  2.732791e-004
 1.956250e+001  3.148289e-004
 1.981000e+001  2.505785e-004
 2.005750e+001  1.740758e-004
 2.030500e+001  2.019497e-004
 2.055250e+001  2.158964e-004
 2.080000e+001  2.679754e-004
 2.104750e+001  3.445359e-004
 2.129500e+001  3.200989e-004
 2.154250e+001  1.893246e-004
 2.179000e+001  2.295579e-004
 2.203750e+001  3.447822e-004
 2.228500e+001  3.368789e-004
 2.253250e+001  2.586621e-004
 2.278000e+001  2.522053e-004
 2.302750e+001  2.238640e-004
 2.327500e+001  1.605925e-004
 2.352250e+001  3.014813e-004
 2.377000e+001  2.913288e-004
 2.401750e+001  2.409273e-004
 2.426500e+001  2.194795e-004
 2.451250e+001  3.160098e-004
 2.476000e+001  1.906913e-004
 2.500750e+001  1.924397e-004
 2.525500e+001  2.573953e-004
 2.550250e+001  2.476038e-004
 2.575000e+001  1.439151e-004
 2.599750e+001  1.074609e-004
 2.624500e+001  2.887801e-004
 2.649250e+001  3.512802e-004
 2.674000e+001  2.336035e-004
 2.698750e+001  2.210146e-004
 2.723500e+001  2.583794e-004
 2.748250e+001  1.973178e-004
 2.773000e+001  1.913356e-004
 2.797750e+001  2.029468e-004
 2.822500e+001  1.661660e-004
 2.847250e+001  1.869563e-004
 2.872000e+001  2.120741e-004
 2.896750e+001  1.473915e-004
 2.921500e+001  2.306281e-004
 2.946250e+001  2.043051e-004
 2.971000e+001  1.991849e-004
 2.995750e+001  2.002681e-004
 3.020500e+001  2.368875e-004
 3.045250e+001  1.903191e-004
 3.070000e+001  2.626531e-004
 3.094750e+001  3.508604e-004
 3.119500e+001  2.490031e-004
 3.144250e+001  2.189880e-004
 3.169000e+001  2.383141e-004
 3.193750e+001  3.365640e-004
 3.218500e+001  2.704776e-004
 3.243250e+001  2.371217e-004
 3.268000e+001  2.583286e-004
 3.292750e+001  2.095082e-004
 3.317500e+001  1.425527e-004
 3.342250e+001  1.286481e-004
 3.367000e+001  1.767222e-004
 3.391750e+001  3.200876e-004
 3.416500e+001  3.586257e-004
 3.441250e+001  1.501869e-004
 3.466000e+001  2.036054e-004
 3.490750e+001  2.430881e-004
 3.515500e+001  2.674486e-004
 3.540250e+001  2.684970e-004
 3.565000e+001  2.692055e-004
 3.589750e+001  2.015306e-004
 3.614500e+001  2.364812e-004
 3.639250e+001  1.797362e-004
 3.664000e+001  1.334658e-004
 3.688750e+001  1.972048e-004
 3.713500e+001  2.289472e-004
 3.738250e+001  1.939336e-004
 3.763000e+001  1.626512e-004
 3.787750e+001  1.944462e-004
 3.812500e+001  2.508678e-004
 3.837250e+001  2.239434e-004
 3.862000e+001  2.212754e-004
 3.886750e+001  9.833502e-005
 3.911500e+001  2.892989e-004
 3.936250e+001  4.031698e-004
 3.961000e+001  3.879782e-004
 3.985750e+001  2.912700e-004
 4.010500e+001  2.214672e-004
 4.035250e+001  2.376263e-004
 4.060000e+001  2.209014e-004
 4.084750e+001  1.216758e-004
 4.109500e+001  1.314312e-004
 4.134250e+001  2.068340e-004
 4.159000e+001  1.763553e-004
 4.183750e+001  2.212530e-004
 4.208500e+001  2.263240e-004
 4.233250e+001  1.815700e-004
 4.258000e+001  2.788770e-004
 4.282750e+001  3.575129e-004
 4.307500e+001  2.635369e-004
 4.332250e+001  2.804811e-004
 4.357000e+001  2.837818e-004
 4.381750e+001  2.185486e-004
 4.406500e+001  1.974340e-004
 4.431250e+001  2.144909e-004
 4.456000e+001  2.288760e-004
 4.480750e+001  2.119952e-004
 4.505500e+001  2.174931e-004
 4.530250e+001  2.205912e-004
 4.555000e+001  2.239648e-004
 4.579750e+001  2.020230e-004
 4.604500e+001  1.575510e-004
 4.629250e+001  1.158106e-004
 4.654000e+001  1.218468e-004
 4.678750e+001  1.808740e-004
 4.703500e+001  1.769360e-004
 4.728250e+001  2.056130e-004
 4.753000e+001  1.608885e-004
 4.777750e+001  1.109107e-004
 4.802500e+001  1.741240e-004
 4.827250e+001  2.094083e-004
 4.852000e+001  1.479419e-004
 4.876750e+001  1.154019e-004
 4.901500e+001  1.570826e-004
 4.926250e+001  2.213082e-004
 4.951000e+001  3.561094e-004
 4.975750e+001  9.063944e-003
 5.000500e+001  1.946684e-002
 5.025250e+001  1.046869e-002
 5.050000e+001  3.158667e-004
 5.074750e+001  9.838313e-005
 5.099500e+001  1.902363e-004
 5.124250e+001  2.289487e-004
 5.149000e+001  1.913642e-004
 5.173750e+001  1.516564e-004
 5.198500e+001  1.486269e-004
 5.223250e+001  9.635738e-005
 5.248000e+001  1.446497e-004
 5.272750e+001  1.717923e-004
 5.297500e+001  1.452395e-004
 5.322250e+001  1.614080e-004
 5.347000e+001  1.471905e-004
 5.371750e+001  1.223158e-004
 5.396500e+001  1.228475e-004
 5.421250e+001  1.314322e-004
 5.446000e+001  1.041038e-004
 5.470750e+001  1.398607e-004
 5.495500e+001  1.757339e-004
 5.520250e+001  1.224896e-004
 5.545000e+001  1.179481e-004
 5.569750e+001  1.818060e-004
 5.594500e+001  1.716902e-004
 5.619250e+001  8.100629e-005
 5.644000e+001  1.387068e-004
 5.668750e+001  2.125960e-004
 5.693500e+001  2.508191e-004
 5.718250e+001  1.908524e-004
 5.743000e+001  1.038091e-004
 5.767750e+001  1.562568e-004
 5.792500e+001  1.955764e-004
 5.817250e+001  1.027275e-004
 5.842000e+001  1.713858e-004
 5.866750e+001  1.796786e-004
 5.891500e+001  7.672997e-005
 5.916250e+001  1.086565e-004
 5.941000e+001  1.194912e-004
 5.965750e+001  1.232588e-004
 5.990500e+001  1.411107e-004
 6.015250e+001  9.973582e-005
 6.040000e+001  1.557917e-004
 6.064750e+001  1.500476e-004
 6.089500e+001  1.156891e-004
 6.114250e+001  1.100942e-004
 6.139000e+001  1.292439e-004
 6.163750e+001  2.162979e-004
 6.188500e+001  2.435865e-004
 6.213250e+001  1.200451e-004
 6.238000e+001  1.199033e-004
 6.262750e+001  2.209024e-004
 6.287500e+001  1.767426e-004
 6.312250e+001  1.094899e-004
 6.337000e+001  6.853701e-005
 6.361750e+001  8.945653e-005
 6.386500e+001  1.146728e-004
 6.411250e+001  1.389333e-004
 6.436000e+001  1.534364e-004
 6.460750e+001  1.360683e-004
 6.485500e+001  1.126245e-004
 6.510250e+001  1.354746e-004
 6.535000e+001  1.116452e-004
 6.559750e+001  8.809976e-005
 6.584500e+001  1.108984e-004
 6.609250e+001  1.358021e-004
 6.634000e+001  1.115756e-004
 6.658750e+001  1.209809e-004
 6.683500e+001  1.157728e-004
 6.708250e+001  9.841984e-005
 6.733000e+001  9.980202e-005
 6.757750e+001  9.941435e-005
 6.782500e+001  1.213266e-004
 6.807250e+001  1.859418e-004
 6.832000e+001  2.070601e-004
 6.856750e+001  1.710799e-004
 6.881500e+001  1.443802e-004
 6.906250e+001  1.362150e-004
 6.931000e+001  1.316969e-004
 6.955750e+001  1.222916e-004
 6.980500e+001  1.215430e-004
 7.005250e+001  1.142267e-004
 7.030000e+001  9.594016e-005
 7.054750e+001  1.281320e-004
 7.079500e+001  1.338774e-004
 7.104250e+001  1.004853e-004
 7.129000e+001  9.173290e-005
 7.153750e+001  8.450833e-005
 7.178500e+001  7.171280e-005
 7.203250e+001  9.412761e-005
 7.228000e+001  1.833911e-004
 7.252750e+001  1.637652e-004
 7.277500e+001  1.531693e-004
 7.302250e+001  1.332454e-004
 7.327000e+001  9.305454e-005
 7.351750e+001  8.626360e-005
 7.376500e+001  9.906166e-005
 7.401250e+001  1.392707e-004
 7.426000e+001  1.289049e-004
 7.450750e+001  1.419612e-004
 7.475500e+001  1.308720e-004
 7.500250e+001  1.146362e-004
 7.525000e+001  1.037668e-004
 7.549750e+001  3.610066e-004
 7.574500e+001  4.396087e-004
 7.599250e+001  2.062845e-004
 7.624000e+001  1.104287e-004
 7.648750e+001  9.335825e-005
 7.673500e+001  8.610538e-005
 7.698250e+001  1.290684e-004
 7.723000e+001  1.581633e-004
 7.747750e+001  1.254530e-004
 7.772500e+001  7.986832e-005
 7.797250e+001  3.566260e-005
 7.822000e+001  7.623220e-005
 7.846750e+001  1.001469e-004
 7.871500e+001  1.263394e-004
 7.896250e+001  1.120907e-004
 7.921000e+001  8.715706e-005
 7.945750e+001  1.066369e-004
 7.970500e+001  1.031429e-004
 7.995250e+001  1.684505e-004
 8.020000e+001  1.365900e-004
 8.044750e+001  1.167333e-004
 8.069500e+001  1.581478e-004
 8.094250e+001  9.183548e-005
 8.119000e+001  1.008411e-004
 8.143750e+001  1.686297e-004
 8.168500e+001  1.292850e-004
 8.193250e+001  1.019906e-004
 8.218000e+001  7.896969e-005
 8.242750e+001  9.849179e-005
 8.267500e+001  1.094618e-004
 8.292250e+001  1.179247e-004
 8.317000e+001  8.708868e-005
 8.341750e+001  9.315672e-005
 8.366500e+001  8.282002e-005
 8.391250e+001  1.256759e-004
 8.416000e+001  1.126842e-004
 8.440750e+001  1.207418e-004
 8.465500e+001  1.078761e-004
 8.490250e+001  6.668150e-005
 8.515000e+001  9.531100e-005
 8.539750e+001  1.088960e-004
 8.564500e+001  9.929270e-005
 8.589250e+001  1.338724e-004
 8.614000e+001  1.189738e-004
 8.638750e+001  1.222892e-004
 8.663500e+001  1.360633e-004
 8.688250e+001  1.223962e-004
 8.713000e+001  1.275088e-004
 8.737750e+001  1.250218e-004
 8.762500e+001  1.144125e-004
 8.787250e+001  1.540638e-004
 8.812000e+001  1.412618e-004
 8.836750e+001  7.440814e-005
 8.861500e+001  1.017261e-004
 8.886250e+001  9.225902e-005
 8.911000e+001  1.242700e-004
 8.935750e+001  1.801443e-004
 8.960500e+001  1.519772e-004
 8.985250e+001  1.250439e-004
 9.010000e+001  8.129049e-005
 9.034750e+001  7.342825e-005
 9.059500e+001  7.007412e-005
 9.084250e+001  1.270810e-004
 9.109000e+001  1.282551e-004
 9.133750e+001  1.703438e-004
 9.158500e+001  2.347819e-004
 9.183250e+001  1.351008e-004
 9.208000e+001  6.744674e-005
 9.232750e+001  1.048438e-004
 9.257500e+001  8.744766e-005
 9.282250e+001  7.943656e-005
 9.307000e+001  8.673300e-005
 9.331750e+001  8.678910e-005
 9.356500e+001  1.227071e-004
 9.381250e+001  9.866843e-005
 9.406000e+001  9.765978e-005
 9.430750e+001  4.992763e-005
 9.455500e+001  5.499980e-005
 9.480250e+001  7.105355e-005
 9.505000e+001  6.191299e-005
 9.529750e+001  6.038281e-005
 9.554500e+001  8.413295e-005
 9.579250e+001  9.521667e-005
 9.604000e+001  1.058959e-004
 9.628750e+001  9.765426e-005
 9.653500e+001  7.724088e-005
 9.678250e+001  7.303777e-005
 9.703000e+001  1.033142e-004
 9.727750e+001  1.589762e-004
 9.752500e+001  1.180436e-004
 9.777250e+001  8.043871e-005
 9.802000e+001  6.338844e-005
 9.826750e+001  7.444938e-005
 9.851500e+001  9.849680e-005
 9.876250e+001  1.242372e-004
 9.901000e+001  1.148570e-004
 9.925750e+001  7.529921e-005
 9.950500e+001  1.139466e-004
 9.975250e+001  2.140946e-004
 1.000000e+002  4.404641e-004
