 1.000000e+000  3.699721e-004
 1.247500e+000  4.989908e-004
 1.495000e+000  3.783568e-004
 1.742500e+000  3.072943e-004
 1.990000e+000  2.966116e-004
 2.237500e+000  4.306165e-004
 2.485000e+000  3.727604e-004
 2.732500e+000  3.512405e-004
 2.980000e+000  2.670049e-004
 3.227500e+000  2.662876e-004
 3.475000e+000  2.228196e-004
 3.722500e+000  1.730128e-004
 3.970000e+000  1.981520e-004
 4.217500e+000  2.257702e-004
 4.465000e+000  2.122963e-004
 4.712500e+000  1.634391e-004
 4.960000e+000  1.853805e-004
 5.207500e+000  2.264762e-004
 5.455000e+000  1.450770e-004
 5.702500e+000  1.573151e-004
 5.950000e+000  1.862616e-004
 6.197500e+000  1.334731e-004
 6.445000e+000  1.345269e-004
 6.692500e+000  1.477709e-004
 6.940000e+000  2.186071e-004
 7.187500e+000  1.561610e-004
 7.435000e+000  1.702522e-004
 7.682500e+000  1.346223e-004
 7.930000e+000  9.901717e-005
 8.177500e+000  1.489117e-004
 8.425000e+000  2.126988e-004
 8.672500e+000  1.828937e-004
 8.920000e+000  1.468370e-004
 9.167500e+000  1.303334e-004
 9.415000e+000  1.269180e-004
 9.662500e+000  1.679481e-004
 9.910000e+000  1.805790e-004
 1.015750e+001  1.347897e-004
 1.040500e+001  1.816972e-004
 1.065250e+001  2.000366e-004
 1.090000e+001  2.035774e-004
 1.114750e+001  1.466321e-004
 1.139500e+001  1.798504e-004
 1.164250e+001  2.082214e-004
 1.189000e+001  1.806501e-004
 1.213750e+001  6.813946e-005
 1.238500e+001  1.711344e-004
 1.263250e+001  2.136810e-004
 1.288000e+001  1.437498e-004
 1.312750e+001  1.201840e-004
 1.337500e+001  1.274508e-004
 1.362250e+001  1.293823e-004
 1.387000e+001  9.432199e-005
 1.411750e+001  7.974066e-005
 1.436500e+001  9.433363e-005
 1.461250e+001  1.090687e-004
 1.486000e+001  1.178160e-004
 1.510750e+001  1.577777e-004
 1.535500e+001  1.520889e-004
 1.560250e+001  1.666777e-004
 1.585000e+001  2.052629e-004
 1.609750e+001  1.711739e-004
 1.634500e+001  1.192824e-004
 1.659250e+001  9.674104e-005
 1.684000e+001  8.282500e-005
 1.708750e+001  9.379452e-005
 1.733500e+001  1.263917e-004
 1.758250e+001  1.725293e-004
 1.783000e+001  1.361286e-004
 1.807750e+001  1.118469e-004
 1.832500e+001  1.170984e-004
 1.857250e+001  1.118768e-004
 1.882000e+001  1.155120e-004
 1.906750e+001  1.093340e-004
 1.931500e+001  9.789628e-005
 1.956250e+001  1.221517e-004
 1.981000e+001  9.330727e-005
 2.005750e+001  1.170037e-004
 2.030500e+001  1.366733e-004
 2.055250e+001  1.152132e-004
 2.080000e+001  1.105190e-004
 2.104750e+001  1.239927e-004
 2.129500e+001  9.739274e-005
 2.154250e+001  8.885030e-005
 2.179000e+001  8.753522e-005
 2.203750e+001  7.499826e-005
 2.228500e+001  8.823782e-005
 2.253250e+001  9.446274e-005
 2.278000e+001  1.158370e-004
 2.302750e+001  1.241520e-004
 2.327500e+001  9.065677e-005
 2.352250e+001  8.962480e-005
 2.377000e+001  1.207204e-004
 2.401750e+001  1.389183e-004
 2.426500e+001  1.440947e-004
 2.451250e+001  1.171834e-004
 2.476000e+001  1.170891e-004
 2.500750e+001  1.015506e-004
 2.525500e+001  1.197476e-004
 2.550250e+001  1.253579e-004
 2.575000e+001  1.233488e-004
 2.599750e+001  6.601940e-005
 2.624500e+001  9.708170e-005
 2.649250e+001  1.016812e-004
 2.674000e+001  1.048041e-004
 2.698750e+001  7.318241e-005
 2.723500e+001  8.966229e-005
 2.748250e+001  8.672261e-005
 2.773000e+001  1.008619e-004
 2.797750e+001  1.001645e-004
 2.822500e+001  9.774873e-005
 2.847250e+001  1.119270e-004
 2.872000e+001  1.102172e-004
 2.896750e+001  1.019384e-004
 2.921500e+001  1.005724e-004
 2.946250e+001  1.076043e-004
 2.971000e+001  1.171178e-004
 2.995750e+001  9.604228e-005
 3.020500e+001  1.297126e-004
 3.045250e+001  1.393757e-004
 3.070000e+001  1.250395e-004
 3.094750e+001  8.700728e-005
 3.119500e+001  5.466765e-005
 3.144250e+001  1.041230e-004
 3.169000e+001  1.293097e-004
 3.193750e+001  9.442422e-005
 3.218500e+001  1.066581e-004
 3.243250e+001  1.046359e-004
 3.268000e+001  9.470414e-005
 3.292750e+001  1.122298e-004
 3.317500e+001  1.171332e-004
 3.342250e+001  1.197226e-004
 3.367000e+001  1.155275e-004
 3.391750e+001  9.558037e-005
 3.416500e+001  9.851364e-005
 3.441250e+001  7.899317e-005
 3.466000e+001  8.285302e-005
 3.490750e+001  7.750012e-005
 3.515500e+001  8.364696e-005
 3.540250e+001  9.133436e-005
 3.565000e+001  9.174200e-005
 3.589750e+001  9.814044e-005
 3.614500e+001  1.010267e-004
 3.639250e+001  6.304044e-005
 3.664000e+001  7.143079e-005
 3.688750e+001  9.995885e-005
 3.713500e+001  1.142983e-004
 3.738250e+001  9.792623e-005
 3.763000e+001  1.568372e-004
 3.787750e+001  1.502010e-004
 3.812500e+001  1.140088e-004
 3.837250e+001  9.493142e-005
 3.862000e+001  1.102049e-004
 3.886750e+001  9.942916e-005
 3.911500e+001  1.088822e-004
 3.936250e+001  9.457378e-005
 3.961000e+001  5.229669e-005
 3.985750e+001  6.752948e-005
 4.010500e+001  1.026930e-004
 4.035250e+001  1.026752e-004
 4.060000e+001  1.051987e-004
 4.084750e+001  1.271116e-004
 4.109500e+001  1.220938e-004
 4.134250e+001  9.052027e-005
 4.159000e+001  7.155293e-005
 4.183750e+001  8.644173e-005
 4.208500e+001  6.881754e-005
 4.233250e+001  9.167468e-005
 4.258000e+001  9.226153e-005
 4.282750e+001  9.860796e-005
 4.307500e+001  1.181929e-004
 4.332250e+001  9.451254e-005
 4.357000e+001  8.794975e-005
 4.381750e+001  1.136649e-004
 4.406500e+001  9.046334e-005
 4.431250e+001  7.919132e-005
 4.456000e+001  8.702855e-005
 4.480750e+001  1.367678e-004
 4.505500e+001  1.558993e-004
 4.530250e+001  1.128244e-004
 4.555000e+001  8.849230e-005
 4.579750e+001  1.084592e-004
 4.604500e+001  1.312726e-004
 4.629250e+001  1.266713e-004
 4.654000e+001  6.984176e-005
 4.678750e+001  8.841328e-005
 4.703500e+001  1.092992e-004
 4.728250e+001  8.575368e-005
 4.753000e+001  1.003466e-004
 4.777750e+001  6.795885e-005
 4.802500e+001  4.379458e-005
 4.827250e+001  5.033046e-005
 4.852000e+001  5.408980e-005
 4.876750e+001  8.195334e-005
 4.901500e+001  1.043341e-004
 4.926250e+001  8.492906e-005
 4.951000e+001  5.936209e-005
 4.975750e+001  9.141447e-004
 5.000500e+001  2.190016e-003
 5.025250e+001  1.318823e-003
 5.050000e+001  1.279399e-004
 5.074750e+001  1.052555e-004
 5.099500e+001  6.577240e-005
 5.124250e+001  8.435626e-005
 5.149000e+001  1.104463e-004
 5.173750e+001  8.750349e-005
 5.198500e+001  7.218190e-005
 5.223250e+001  8.173363e-005
 5.248000e+001  9.364310e-005
 5.272750e+001  1.093149e-004
 5.297500e+001  9.452765e-005
 5.322250e+001  1.264294e-004
 5.347000e+001  1.177643e-004
 5.371750e+001  7.275018e-005
 5.396500e+001  8.314478e-005
 5.421250e+001  7.699813e-005
 5.446000e+001  9.488447e-005
 5.470750e+001  8.805448e-005
 5.495500e+001  9.787454e-005
 5.520250e+001  9.108559e-005
 5.545000e+001  6.136551e-005
 5.569750e+001  1.283694e-004
 5.594500e+001  1.125338e-004
 5.619250e+001  5.666369e-005
 5.644000e+001  6.702656e-005
 5.668750e+001  9.497536e-005
 5.693500e+001  1.129373e-004
 5.718250e+001  9.353615e-005
 5.743000e+001  5.916452e-005
 5.767750e+001  8.664118e-005
 5.792500e+001  9.073904e-005
 5.817250e+001  1.057477e-004
 5.842000e+001  1.003652e-004
 5.866750e+001  6.823792e-005
 5.891500e+001  3.742124e-005
 5.916250e+001  7.373429e-005
 5.941000e+001  1.148292e-004
 5.965750e+001  9.937982e-005
 5.990500e+001  1.353947e-004
 6.015250e+001  1.045677e-004
 6.040000e+001  5.236399e-005
 6.064750e+001  6.683956e-005
 6.089500e+001  7.380700e-005
 6.114250e+001  7.004549e-005
 6.139000e+001  6.232480e-005
 6.163750e+001  8.910311e-005
 6.188500e+001  7.686932e-005
 6.213250e+001  7.769698e-005
 6.238000e+001  8.042311e-005
 6.262750e+001  1.011374e-004
 6.287500e+001  9.155053e-005
 6.312250e+001  7.467149e-005
 6.337000e+001  8.973495e-005
 6.361750e+001  8.293153e-005
 6.386500e+001  1.001659e-004
 6.411250e+001  8.578755e-005
 6.436000e+001  9.290587e-005
 6.460750e+001  8.848887e-005
 6.485500e+001  5.686857e-005
 6.510250e+001  6.157466e-005
 6.535000e+001  7.926751e-005
 6.559750e+001  7.625577e-005
 6.584500e+001  8.257372e-005
 6.609250e+001  7.258407e-005
 6.634000e+001  7.429783e-005
 6.658750e+001  8.926694e-005
 6.683500e+001  1.158901e-004
 6.708250e+001  1.033465e-004
 6.733000e+001  7.216094e-005
 6.757750e+001  5.725400e-005
 6.782500e+001  7.001789e-005
 6.807250e+001  9.698214e-005
 6.832000e+001  1.059957e-004
 6.856750e+001  1.078945e-004
 6.881500e+001  7.595236e-005
 6.906250e+001  7.030753e-005
 6.931000e+001  6.088934e-005
 6.955750e+001  5.391459e-005
 6.980500e+001  4.291611e-005
 7.005250e+001  8.350638e-005
 7.030000e+001  7.154342e-005
 7.054750e+001  6.723404e-005
 7.079500e+001  8.867012e-005
 7.104250e+001  7.181462e-005
 7.129000e+001  7.198026e-005
 7.153750e+001  8.121215e-005
 7.178500e+001  6.642472e-005
 7.203250e+001  7.736287e-005
 7.228000e+001  8.834891e-005
 7.252750e+001  7.033859e-005
 7.277500e+001  8.490882e-005
 7.302250e+001  8.652223e-005
 7.327000e+001  7.634864e-005
 7.351750e+001  7.001687e-005
 7.376500e+001  7.082586e-005
 7.401250e+001  1.060672e-004
 7.426000e+001  8.000105e-005
 7.450750e+001  5.391701e-005
 7.475500e+001  5.912627e-005
 7.500250e+001  6.980855e-005
 7.525000e+001  5.112099e-005
 7.549750e+001  6.280658e-005
 7.574500e+001  5.851905e-005
 7.599250e+001  6.468393e-005
 7.624000e+001  8.566785e-005
 7.648750e+001  8.235664e-005
 7.673500e+001  5.795666e-005
 7.698250e+001  5.932931e-005
 7.723000e+001  6.185386e-005
 7.747750e+001  1.113465e-004
 7.772500e+001  9.790840e-005
 7.797250e+001  5.796520e-005
 7.822000e+001  1.037830e-004
 7.846750e+001  1.216449e-004
 7.871500e+001  1.063148e-004
 7.896250e+001  1.066740e-004
 7.921000e+001  7.895730e-005
 7.945750e+001  6.876576e-005
 7.970500e+001  7.746830e-005
 7.995250e+001  9.224153e-005
 8.020000e+001  9.983866e-005
 8.044750e+001  9.883664e-005
 8.069500e+001  7.985252e-005
 8.094250e+001  8.146041e-005
 8.119000e+001  9.004420e-005
 8.143750e+001  6.577414e-005
 8.168500e+001  6.433868e-005
 8.193250e+001  8.817545e-005
 8.218000e+001  1.001994e-004
 8.242750e+001  8.742550e-005
 8.267500e+001  6.917991e-005
 8.292250e+001  1.024624e-004
 8.317000e+001  1.192111e-004
 8.341750e+001  9.962718e-005
 8.366500e+001  4.101028e-005
 8.391250e+001  7.786237e-005
 8.416000e+001  7.991552e-005
 8.440750e+001  4.559520e-005
 8.465500e+001  6.964106e-005
 8.490250e+001  6.908546e-005
 8.515000e+001  4.852328e-005
 8.539750e+001  7.198027e-005
 8.564500e+001  6.183184e-005
 8.589250e+001  6.779271e-005
 8.614000e+001  8.463837e-005
 8.638750e+001  8.165918e-005
 8.663500e+001  8.960705e-005
 8.688250e+001  7.958809e-005
 8.713000e+001  6.580469e-005
 8.737750e+001  5.857639e-005
 8.762500e+001  7.839320e-005
 8.787250e+001  1.024661e-004
 8.812000e+001  9.245300e-005
 8.836750e+001  8.067585e-005
 8.861500e+001  5.469890e-005
 8.886250e+001  8.491586e-005
 8.911000e+001  8.220690e-005
 8.935750e+001  9.373720e-005
 8.960500e+001  1.001533e-004
 8.985250e+001  7.444938e-005
 9.010000e+001  8.188160e-005
 9.034750e+001  8.396493e-005
 9.059500e+001  6.706294e-005
 9.084250e+001  5.467323e-005
 9.109000e+001  6.189067e-005
 9.133750e+001  7.634438e-005
 9.158500e+001  7.302956e-005
 9.183250e+001  8.538180e-005
 9.208000e+001  9.863708e-005
 9.232750e+001  9.665551e-005
 9.257500e+001  4.729453e-005
 9.282250e+001  8.134463e-005
 9.307000e+001  8.123120e-005
 9.331750e+001  6.794459e-005
 9.356500e+001  8.761350e-005
 9.381250e+001  8.618458e-005
 9.406000e+001  5.626024e-005
 9.430750e+001  5.932914e-005
 9.455500e+001  5.718596e-005
 9.480250e+001  9.784276e-005
 9.505000e+001  9.608671e-005
 9.529750e+001  8.435475e-005
 9.554500e+001  7.050442e-005
 9.579250e+001  6.087353e-005
 9.604000e+001  6.581896e-005
 9.628750e+001  6.208254e-005
 9.653500e+001  5.304136e-005
 9.678250e+001  5.907605e-005
 9.703000e+001  7.475956e-005
 9.727750e+001  7.690062e-005
 9.752500e+001  6.719563e-005
 9.777250e+001  6.932079e-005
 9.802000e+001  7.944583e-005
 9.826750e+001  3.892281e-005
 9.851500e+001  5.688424e-005
 9.876250e+001  7.571844e-005
 9.901000e+001  1.006452e-004
 9.925750e+001  7.462672e-005
 9.950500e+001  5.679613e-005
 9.975250e+001  8.670773e-005
 1.000000e+002  1.241135e-004
