 1.000000e+001  1.161900e-003
 1.061875e+001  1.324311e-003
 1.123750e+001  1.494489e-003
 1.185625e+001  1.326555e-003
 1.247500e+001  1.289732e-003
 1.309375e+001  1.325452e-003
 1.371250e+001  9.046928e-004
 1.433125e+001  1.088046e-003
 1.495000e+001  1.492724e-003
 1.556875e+001  1.599120e-003
 1.618750e+001  1.512571e-003
 1.680625e+001  1.013190e-003
 1.742500e+001  1.215616e-003
 1.804375e+001  1.124281e-003
 1.866250e+001  9.829799e-004
 1.928125e+001  8.357411e-004
 1.990000e+001  8.037405e-004
 2.051875e+001  7.456807e-004
 2.113750e+001  8.694101e-004
 2.175625e+001  9.854523e-004
 2.237500e+001  1.132906e-003
 2.299375e+001  9.936821e-004
 2.361250e+001  7.674210e-004
 2.423125e+001  7.695629e-004
 2.485000e+001  9.840168e-004
 2.546875e+001  8.304398e-004
 2.608750e+001  7.875954e-004
 2.670625e+001  6.880734e-004
 2.732500e+001  7.541593e-004
 2.794375e+001  8.527382e-004
 2.856250e+001  7.963443e-004
 2.918125e+001  6.883513e-004
 2.980000e+001  6.930005e-004
 3.041875e+001  6.640426e-004
 3.103750e+001  7.106806e-004
 3.165625e+001  5.738272e-004
 3.227500e+001  4.352073e-004
 3.289375e+001  5.998681e-004
 3.351250e+001  6.347410e-004
 3.413125e+001  7.532000e-004
 3.475000e+001  7.624217e-004
 3.536875e+001  4.738226e-004
 3.598750e+001  5.601579e-004
 3.660625e+001  6.820452e-004
 3.722500e+001  5.051570e-004
 3.784375e+001  3.630166e-004
 3.846250e+001  5.046807e-004
 3.908125e+001  5.623235e-004
 3.970000e+001  6.240111e-004
 4.031875e+001  5.944527e-004
 4.093750e+001  4.541023e-004
 4.155625e+001  5.134926e-004
 4.217500e+001  4.760331e-004
 4.279375e+001  5.552886e-004
 4.341250e+001  5.180632e-004
 4.403125e+001  3.901010e-004
 4.465000e+001  4.768260e-004
 4.526875e+001  4.974566e-004
 4.588750e+001  3.490944e-004
 4.650625e+001  3.678287e-004
 4.712500e+001  4.714265e-004
 4.774375e+001  7.360408e-004
 4.836250e+001  1.862266e-003
 4.898125e+001  1.071169e-002
 4.960000e+001  7.690383e-002
 5.021875e+001  9.236880e-002
 5.083750e+001  2.495400e-002
 5.145625e+001  2.765139e-003
 5.207500e+001  8.227029e-004
 5.269375e+001  5.328127e-004
 5.331250e+001  3.751301e-004
 5.393125e+001  3.258148e-004
 5.455000e+001  3.086124e-004
 5.516875e+001  3.217387e-004
 5.578750e+001  3.664083e-004
 5.640625e+001  3.004726e-004
 5.702500e+001  3.029510e-004
 5.764375e+001  3.549767e-004
 5.826250e+001  3.777690e-004
 5.888125e+001  3.912862e-004
 5.950000e+001  3.125367e-004
 6.011875e+001  2.753253e-004
 6.073750e+001  3.222577e-004
 6.135625e+001  3.161917e-004
 6.197500e+001  2.959804e-004
 6.259375e+001  3.066924e-004
 6.321250e+001  2.759876e-004
 6.383125e+001  2.913924e-004
 6.445000e+001  3.194057e-004
 6.506875e+001  3.044329e-004
 6.568750e+001  2.541516e-004
 6.630625e+001  2.406641e-004
 6.692500e+001  3.274527e-004
 6.754375e+001  2.016743e-004
 6.816250e+001  2.300888e-004
 6.878125e+001  2.234378e-004
 6.940000e+001  1.868227e-004
 7.001875e+001  2.443153e-004
 7.063750e+001  2.284981e-004
 7.125625e+001  2.460194e-004
 7.187500e+001  3.117845e-004
 7.249375e+001  2.890169e-004
 7.311250e+001  2.849125e-004
 7.373125e+001  2.678674e-004
 7.435000e+001  2.383475e-004
 7.496875e+001  4.173802e-004
 7.558750e+001  6.784499e-004
 7.620625e+001  4.448556e-004
 7.682500e+001  2.186175e-004
 7.744375e+001  2.595913e-004
 7.806250e+001  2.157804e-004
 7.868125e+001  2.608722e-004
 7.930000e+001  2.567686e-004
 7.991875e+001  2.540794e-004
 8.053750e+001  2.649462e-004
 8.115625e+001  2.635728e-004
 8.177500e+001  2.522793e-004
 8.239375e+001  2.535092e-004
 8.301250e+001  2.321821e-004
 8.363125e+001  2.557477e-004
 8.425000e+001  2.977950e-004
 8.486875e+001  2.718814e-004
 8.548750e+001  2.593176e-004
 8.610625e+001  2.062203e-004
 8.672500e+001  2.004955e-004
 8.734375e+001  2.073646e-004
 8.796250e+001  2.158695e-004
 8.858125e+001  1.934123e-004
 8.920000e+001  2.104141e-004
 8.981875e+001  2.102348e-004
 9.043750e+001  2.088445e-004
 9.105625e+001  3.084648e-004
 9.167500e+001  3.214852e-004
 9.229375e+001  2.434611e-004
 9.291250e+001  2.082388e-004
 9.353125e+001  1.658103e-004
 9.415000e+001  1.856045e-004
 9.476875e+001  2.056570e-004
 9.538750e+001  2.278605e-004
 9.600625e+001  2.721703e-004
 9.662500e+001  2.871704e-004
 9.724375e+001  2.235387e-004
 9.786250e+001  2.848770e-004
 9.848125e+001  4.704647e-004
 9.910000e+001  2.785562e-003
 9.971875e+001  1.181567e-002
 1.003375e+002  1.091407e-002
 1.009563e+002  2.006649e-003
 1.015750e+002  3.434944e-004
 1.021938e+002  2.717321e-004
 1.028125e+002  2.180230e-004
 1.034313e+002  2.255565e-004
 1.040500e+002  2.009872e-004
 1.046688e+002  1.841146e-004
 1.052875e+002  1.485105e-004
 1.059063e+002  1.831825e-004
 1.065250e+002  2.020805e-004
 1.071438e+002  2.201580e-004
 1.077625e+002  1.765127e-004
 1.083813e+002  1.925734e-004
 1.090000e+002  1.738219e-004
 1.096188e+002  1.810458e-004
 1.102375e+002  1.692503e-004
 1.108563e+002  2.199919e-004
 1.114750e+002  1.945728e-004
 1.120938e+002  1.674630e-004
 1.127125e+002  1.959226e-004
 1.133313e+002  1.699873e-004
 1.139500e+002  1.875860e-004
 1.145688e+002  1.920914e-004
 1.151875e+002  2.033569e-004
 1.158063e+002  2.394959e-004
 1.164250e+002  2.411169e-004
 1.170438e+002  1.819731e-004
 1.176625e+002  1.426190e-004
 1.182813e+002  1.809303e-004
 1.189000e+002  2.283070e-004
 1.195188e+002  1.906059e-004
 1.201375e+002  1.530289e-004
 1.207563e+002  1.951869e-004
 1.213750e+002  2.016894e-004
 1.219938e+002  1.788646e-004
 1.226125e+002  2.569836e-004
 1.232313e+002  2.460029e-004
 1.238500e+002  1.784588e-004
 1.244688e+002  2.909344e-004
 1.250875e+002  3.353563e-004
 1.257063e+002  2.344715e-004
 1.263250e+002  1.809719e-004
 1.269438e+002  2.148434e-004
 1.275625e+002  2.429530e-004
 1.281813e+002  2.285539e-004
 1.288000e+002  1.724127e-004
 1.294188e+002  1.903856e-004
 1.300375e+002  1.726283e-004
 1.306563e+002  2.146341e-004
 1.312750e+002  1.888566e-004
 1.318938e+002  1.622716e-004
 1.325125e+002  1.833238e-004
 1.331313e+002  2.094204e-004
 1.337500e+002  3.188338e-004
 1.343688e+002  2.810782e-004
 1.349875e+002  2.048649e-004
 1.356063e+002  1.854772e-004
 1.362250e+002  1.844796e-004
 1.368438e+002  2.034269e-004
 1.374625e+002  2.330319e-004
 1.380813e+002  2.198260e-004
 1.387000e+002  2.196983e-004
 1.393188e+002  2.178820e-004
 1.399375e+002  2.072600e-004
 1.405563e+002  2.693441e-004
 1.411750e+002  2.283108e-004
 1.417938e+002  2.108857e-004
 1.424125e+002  2.492274e-004
 1.430313e+002  2.288921e-004
 1.436500e+002  2.560117e-004
 1.442688e+002  1.926897e-004
 1.448875e+002  1.570423e-004
 1.455063e+002  1.857341e-004
 1.461250e+002  2.041037e-004
 1.467438e+002  2.344288e-004
 1.473625e+002  3.281813e-004
 1.479813e+002  4.934259e-004
 1.486000e+002  1.411953e-003
 1.492188e+002  2.091934e-002
 1.498375e+002  6.105190e-002
 1.504563e+002  4.285691e-002
 1.510750e+002  3.644070e-003
 1.516938e+002  8.654319e-004
 1.523125e+002  3.779327e-004
 1.529313e+002  2.334056e-004
 1.535500e+002  2.125318e-004
 1.541688e+002  2.154769e-004
 1.547875e+002  2.002510e-004
 1.554063e+002  2.224162e-004
 1.560250e+002  2.020647e-004
 1.566438e+002  2.012165e-004
 1.572625e+002  2.147788e-004
 1.578813e+002  1.730994e-004
 1.585000e+002  1.956159e-004
 1.591188e+002  1.671683e-004
 1.597375e+002  1.698467e-004
 1.603563e+002  1.595532e-004
 1.609750e+002  1.302624e-004
 1.615938e+002  1.343940e-004
 1.622125e+002  1.262072e-004
 1.628313e+002  1.629652e-004
 1.634500e+002  1.802348e-004
 1.640688e+002  1.739131e-004
 1.646875e+002  1.827652e-004
 1.653063e+002  2.083694e-004
 1.659250e+002  2.485471e-004
 1.665438e+002  1.970368e-004
 1.671625e+002  1.426018e-004
 1.677813e+002  1.449492e-004
 1.684000e+002  1.520553e-004
 1.690188e+002  1.638395e-004
 1.696375e+002  1.437024e-004
 1.702563e+002  1.589923e-004
 1.708750e+002  1.729231e-004
 1.714938e+002  1.790110e-004
 1.721125e+002  1.553242e-004
 1.727313e+002  1.548349e-004
 1.733500e+002  1.132037e-004
 1.739688e+002  1.306158e-004
 1.745875e+002  2.098168e-004
 1.752063e+002  2.105116e-004
 1.758250e+002  1.085623e-004
 1.764438e+002  1.126393e-004
 1.770625e+002  1.190425e-004
 1.776813e+002  1.210641e-004
 1.783000e+002  1.184329e-004
 1.789188e+002  1.077620e-004
 1.795375e+002  1.206229e-004
 1.801563e+002  1.192097e-004
 1.807750e+002  1.351701e-004
 1.813938e+002  1.282279e-004
 1.820125e+002  1.283521e-004
 1.826313e+002  1.201183e-004
 1.832500e+002  1.118720e-004
 1.838688e+002  1.128559e-004
 1.844875e+002  8.999448e-005
 1.851063e+002  1.143383e-004
 1.857250e+002  1.086881e-004
 1.863438e+002  1.024996e-004
 1.869625e+002  1.103638e-004
 1.875813e+002  9.981788e-005
 1.882000e+002  1.006771e-004
 1.888188e+002  1.090092e-004
 1.894375e+002  9.318624e-005
 1.900563e+002  8.959566e-005
 1.906750e+002  1.000341e-004
 1.912938e+002  1.203910e-004
 1.919125e+002  1.192841e-004
 1.925313e+002  1.079856e-004
 1.931500e+002  1.109003e-004
 1.937688e+002  1.089205e-004
 1.943875e+002  1.121693e-004
 1.950063e+002  9.423073e-005
 1.956250e+002  1.123968e-004
 1.962438e+002  1.246329e-004
 1.968625e+002  1.377272e-004
 1.974813e+002  1.311569e-004
 1.981000e+002  1.210341e-004
 1.987188e+002  9.897459e-005
 1.993375e+002  1.729691e-003
 1.999563e+002  3.657669e-003
 2.005750e+002  1.945127e-003
 2.011938e+002  1.178957e-004
 2.018125e+002  1.072272e-004
 2.024313e+002  1.186840e-004
 2.030500e+002  1.177896e-004
 2.036688e+002  1.191152e-004
 2.042875e+002  1.147600e-004
 2.049063e+002  1.076021e-004
 2.055250e+002  1.081864e-004
 2.061438e+002  1.075746e-004
 2.067625e+002  1.089963e-004
 2.073813e+002  1.010446e-004
 2.080000e+002  8.863592e-005
 2.086188e+002  9.831080e-005
 2.092375e+002  9.942916e-005
 2.098563e+002  1.104340e-004
 2.104750e+002  8.912454e-005
 2.110938e+002  9.339053e-005
 2.117125e+002  8.438715e-005
 2.123313e+002  8.521939e-005
 2.129500e+002  7.716039e-005
 2.135688e+002  1.013393e-004
 2.141875e+002  1.290361e-004
 2.148063e+002  1.085740e-004
 2.154250e+002  9.488554e-005
 2.160438e+002  1.023385e-004
 2.166625e+002  8.985609e-005
 2.172813e+002  7.482020e-005
 2.179000e+002  8.392627e-005
 2.185188e+002  8.468682e-005
 2.191375e+002  1.190659e-004
 2.197563e+002  1.103384e-004
 2.203750e+002  9.566079e-005
 2.209938e+002  1.148893e-004
 2.216125e+002  1.322787e-004
 2.222313e+002  9.875623e-005
 2.228500e+002  8.666044e-005
 2.234688e+002  9.202369e-005
 2.240875e+002  1.085579e-004
 2.247063e+002  1.580620e-004
 2.253250e+002  1.430746e-004
 2.259438e+002  9.646010e-005
 2.265625e+002  9.434098e-005
 2.271813e+002  1.035442e-004
 2.278000e+002  9.229113e-005
 2.284188e+002  9.470771e-005
 2.290375e+002  1.179747e-004
 2.296563e+002  1.255440e-004
 2.302750e+002  9.629938e-005
 2.308938e+002  8.580488e-005
 2.315125e+002  1.102170e-004
 2.321313e+002  1.134617e-004
 2.327500e+002  1.041093e-004
 2.333688e+002  1.360881e-004
 2.339875e+002  1.484368e-004
 2.346063e+002  1.241153e-004
 2.352250e+002  1.197289e-004
 2.358438e+002  1.115628e-004
 2.364625e+002  1.033250e-004
 2.370813e+002  9.051721e-005
 2.377000e+002  8.423861e-005
 2.383188e+002  1.076875e-004
 2.389375e+002  1.227655e-004
 2.395563e+002  9.285263e-005
 2.401750e+002  8.029840e-005
 2.407938e+002  1.175124e-004
 2.414125e+002  1.271868e-004
 2.420313e+002  1.057962e-004
 2.426500e+002  9.658107e-005
 2.432688e+002  1.009035e-004
 2.438875e+002  1.381456e-004
 2.445063e+002  1.096374e-004
 2.451250e+002  7.502441e-005
 2.457438e+002  1.203872e-004
 2.463625e+002  1.388036e-004
 2.469813e+002  8.202332e-005
 2.476000e+002  1.208074e-004
 2.482188e+002  1.462348e-004
 2.488375e+002  6.341031e-004
 2.494563e+002  9.537292e-003
 2.500750e+002  1.504002e-002
 2.506938e+002  5.817456e-003
 2.513125e+002  3.720585e-004
 2.519313e+002  1.464503e-004
 2.525500e+002  1.407433e-004
 2.531688e+002  1.170901e-004
 2.537875e+002  9.598181e-005
 2.544063e+002  9.780340e-005
 2.550250e+002  1.102233e-004
 2.556438e+002  1.129626e-004
 2.562625e+002  1.047378e-004
 2.568813e+002  8.652703e-005
 2.575000e+002  9.132709e-005
 2.581188e+002  1.056656e-004
 2.587375e+002  1.271647e-004
 2.593563e+002  1.097288e-004
 2.599750e+002  8.460389e-005
 2.605938e+002  1.012028e-004
 2.612125e+002  1.122096e-004
 2.618313e+002  8.056526e-005
 2.624500e+002  1.085947e-004
 2.630688e+002  1.080194e-004
 2.636875e+002  8.209050e-005
 2.643063e+002  9.324211e-005
 2.649250e+002  1.222293e-004
 2.655438e+002  1.260774e-004
 2.661625e+002  1.226029e-004
 2.667813e+002  6.888611e-005
 2.674000e+002  8.388067e-005
 2.680188e+002  1.061413e-004
 2.686375e+002  9.255370e-005
 2.692563e+002  8.412204e-005
 2.698750e+002  9.380764e-005
 2.704938e+002  1.136145e-004
 2.711125e+002  1.018764e-004
 2.717313e+002  1.019246e-004
 2.723500e+002  9.472343e-005
 2.729688e+002  7.216450e-005
 2.735875e+002  8.486152e-005
 2.742063e+002  1.135718e-004
 2.748250e+002  1.222432e-004
 2.754438e+002  1.048076e-004
 2.760625e+002  8.524184e-005
 2.766813e+002  1.043901e-004
 2.773000e+002  9.293167e-005
 2.779188e+002  9.572883e-005
 2.785375e+002  9.268245e-005
 2.791563e+002  7.153480e-005
 2.797750e+002  6.747328e-005
 2.803938e+002  7.960931e-005
 2.810125e+002  8.177047e-005
 2.816313e+002  8.030106e-005
 2.822500e+002  9.420210e-005
 2.828688e+002  8.670113e-005
 2.834875e+002  1.170177e-004
 2.841063e+002  9.929136e-005
 2.847250e+002  6.173793e-005
 2.853438e+002  9.224400e-005
 2.859625e+002  1.071441e-004
 2.865813e+002  9.294000e-005
 2.872000e+002  8.337503e-005
 2.878188e+002  6.836664e-005
 2.884375e+002  8.488080e-005
 2.890563e+002  9.134692e-005
 2.896750e+002  6.868046e-005
 2.902938e+002  7.582092e-005
 2.909125e+002  8.288589e-005
 2.915313e+002  6.703484e-005
 2.921500e+002  7.915816e-005
 2.927688e+002  9.386131e-005
 2.933875e+002  8.276369e-005
 2.940063e+002  7.338412e-005
 2.946250e+002  6.075416e-005
 2.952438e+002  7.663978e-005
 2.958625e+002  7.116970e-005
 2.964813e+002  8.126448e-005
 2.971000e+002  8.682381e-005
 2.977188e+002  7.898660e-005
 2.983375e+002  8.385183e-005
 2.989563e+002  1.244531e-004
 2.995750e+002  6.484503e-004
 3.001938e+002  7.674846e-004
 3.008125e+002  2.147486e-004
 3.014313e+002  7.177758e-005
 3.020500e+002  7.739206e-005
 3.026688e+002  5.547591e-005
 3.032875e+002  4.988256e-005
 3.039063e+002  7.949807e-005
 3.045250e+002  8.554739e-005
 3.051438e+002  7.176939e-005
 3.057625e+002  7.539474e-005
 3.063813e+002  8.453995e-005
 3.070000e+002  7.335828e-005
 3.076188e+002  9.029790e-005
 3.082375e+002  9.185028e-005
 3.088563e+002  7.169614e-005
 3.094750e+002  7.522242e-005
 3.100938e+002  9.226504e-005
 3.107125e+002  7.873097e-005
 3.113313e+002  6.565119e-005
 3.119500e+002  6.617824e-005
 3.125688e+002  9.614470e-005
 3.131875e+002  8.089821e-005
 3.138063e+002  7.079181e-005
 3.144250e+002  8.824462e-005
 3.150437e+002  7.832946e-005
 3.156625e+002  5.268844e-005
 3.162812e+002  8.317469e-005
 3.169000e+002  8.013244e-005
 3.175187e+002  7.285790e-005
 3.181375e+002  9.527483e-005
 3.187562e+002  9.690251e-005
 3.193750e+002  7.930116e-005
 3.199937e+002  1.003129e-004
 3.206125e+002  8.936107e-005
 3.212312e+002  6.702918e-005
 3.218500e+002  7.753262e-005
 3.224687e+002  9.583306e-005
 3.230875e+002  5.456924e-005
 3.237062e+002  7.686541e-005
 3.243250e+002  9.871215e-005
 3.249437e+002  8.378261e-005
 3.255625e+002  6.444355e-005
 3.261812e+002  6.755941e-005
 3.268000e+002  8.590596e-005
 3.274187e+002  8.398460e-005
 3.280375e+002  9.229742e-005
 3.286562e+002  8.701298e-005
 3.292750e+002  7.162053e-005
 3.298937e+002  6.093407e-005
 3.305125e+002  5.184730e-005
 3.311312e+002  6.206220e-005
 3.317500e+002  7.675121e-005
 3.323687e+002  6.846067e-005
 3.329875e+002  7.070539e-005
 3.336062e+002  9.608957e-005
 3.342250e+002  9.988315e-005
 3.348437e+002  6.438028e-005
 3.354625e+002  6.270214e-005
 3.360812e+002  7.651863e-005
 3.367000e+002  7.886028e-005
 3.373187e+002  8.150947e-005
 3.379375e+002  6.224653e-005
 3.385562e+002  4.838555e-005
 3.391750e+002  5.392362e-005
 3.397937e+002  5.429801e-005
 3.404125e+002  7.140142e-005
 3.410312e+002  8.700376e-005
 3.416500e+002  8.739715e-005
 3.422687e+002  7.748711e-005
 3.428875e+002  8.510642e-005
 3.435062e+002  7.532093e-005
 3.441250e+002  7.072471e-005
 3.447437e+002  7.210061e-005
 3.453625e+002  7.235709e-005
 3.459812e+002  7.080555e-005
 3.466000e+002  7.511166e-005
 3.472187e+002  7.909581e-005
 3.478375e+002  7.742874e-005
 3.484562e+002  9.663084e-005
 3.490750e+002  7.956525e-004
 3.496937e+002  3.335131e-003
 3.503125e+002  3.064957e-003
 3.509312e+002  5.213134e-004
 3.515500e+002  1.228885e-004
 3.521687e+002  8.488139e-005
 3.527875e+002  6.406536e-005
 3.534062e+002  7.971212e-005
 3.540250e+002  7.334214e-005
 3.546437e+002  7.089560e-005
 3.552625e+002  8.951776e-005
 3.558812e+002  8.047939e-005
 3.565000e+002  7.386916e-005
 3.571187e+002  6.210163e-005
 3.577375e+002  6.408471e-005
 3.583562e+002  7.049953e-005
 3.589750e+002  6.616644e-005
 3.595937e+002  6.597661e-005
 3.602125e+002  7.152578e-005
 3.608312e+002  7.194389e-005
 3.614500e+002  8.497079e-005
 3.620687e+002  8.904334e-005
 3.626875e+002  7.505524e-005
 3.633062e+002  7.153969e-005
 3.639250e+002  7.881614e-005
 3.645437e+002  7.310610e-005
 3.651625e+002  6.909977e-005
 3.657812e+002  7.506530e-005
 3.664000e+002  6.915227e-005
 3.670187e+002  5.400558e-005
 3.676375e+002  6.569486e-005
 3.682562e+002  5.835592e-005
 3.688750e+002  6.724942e-005
 3.694937e+002  7.190849e-005
 3.701125e+002  7.987704e-005
 3.707312e+002  6.081859e-005
 3.713500e+002  5.647561e-005
 3.719687e+002  7.613158e-005
 3.725875e+002  7.425075e-005
 3.732062e+002  6.160419e-005
 3.738250e+002  7.347200e-005
 3.744437e+002  8.237102e-005
 3.750625e+002  8.322302e-005
 3.756812e+002  8.576045e-005
 3.763000e+002  7.932785e-005
 3.769187e+002  6.874856e-005
 3.775375e+002  6.986956e-005
 3.781562e+002  7.464641e-005
 3.787750e+002  7.807406e-005
 3.793937e+002  7.501048e-005
 3.800125e+002  6.302613e-005
 3.806312e+002  6.604432e-005
 3.812500e+002  7.745426e-005
 3.818687e+002  6.808989e-005
 3.824875e+002  5.504495e-005
 3.831062e+002  6.124670e-005
 3.837250e+002  6.789068e-005
 3.843437e+002  7.322900e-005
 3.849625e+002  8.566043e-005
 3.855812e+002  6.935659e-005
 3.862000e+002  8.261221e-005
 3.868187e+002  7.961414e-005
 3.874375e+002  5.949358e-005
 3.880562e+002  6.232791e-005
 3.886750e+002  6.915418e-005
 3.892937e+002  7.562887e-005
 3.899125e+002  6.887174e-005
 3.905312e+002  8.251908e-005
 3.911500e+002  8.464420e-005
 3.917687e+002  7.485150e-005
 3.923875e+002  6.676010e-005
 3.930062e+002  5.268631e-005
 3.936250e+002  7.669466e-005
 3.942437e+002  9.041533e-005
 3.948625e+002  7.145108e-005
 3.954812e+002  5.539905e-005
 3.961000e+002  5.821602e-005
 3.967187e+002  5.575912e-005
 3.973375e+002  5.214098e-005
 3.979562e+002  4.467200e-005
 3.985750e+002  6.076878e-005
 3.991937e+002  1.596513e-004
 3.998125e+002  4.626487e-004
 4.004312e+002  3.370420e-004
 4.010500e+002  6.647407e-005
 4.016687e+002  6.162432e-005
 4.022875e+002  7.897281e-005
 4.029062e+002  6.886958e-005
 4.035250e+002  6.143907e-005
 4.041437e+002  6.645873e-005
 4.047625e+002  7.282520e-005
 4.053812e+002  5.411566e-005
 4.060000e+002  6.187082e-005
 4.066187e+002  5.770594e-005
 4.072375e+002  5.729908e-005
 4.078562e+002  5.089293e-005
 4.084750e+002  3.952577e-005
 4.090937e+002  5.916961e-005
 4.097125e+002  5.294211e-005
 4.103312e+002  6.053774e-005
 4.109500e+002  6.721971e-005
 4.115687e+002  7.830310e-005
 4.121875e+002  6.292181e-005
 4.128062e+002  5.560850e-005
 4.134250e+002  6.534566e-005
 4.140437e+002  6.362022e-005
 4.146625e+002  4.479097e-005
 4.152812e+002  6.076305e-005
 4.159000e+002  7.939971e-005
 4.165187e+002  7.963621e-005
 4.171375e+002  7.134701e-005
 4.177562e+002  6.518521e-005
 4.183750e+002  7.030925e-005
 4.189937e+002  7.331385e-005
 4.196125e+002  6.637813e-005
 4.202312e+002  6.858649e-005
 4.208500e+002  5.860825e-005
 4.214687e+002  5.133614e-005
 4.220875e+002  5.502273e-005
 4.227062e+002  6.300526e-005
 4.233250e+002  6.709498e-005
 4.239437e+002  6.928120e-005
 4.245625e+002  8.763970e-005
 4.251812e+002  9.748101e-005
 4.258000e+002  6.418517e-005
 4.264187e+002  7.119594e-005
 4.270375e+002  8.275185e-005
 4.276562e+002  7.312679e-005
 4.282750e+002  6.628442e-005
 4.288937e+002  6.507811e-005
 4.295125e+002  6.771106e-005
 4.301312e+002  7.642069e-005
 4.307500e+002  6.291958e-005
 4.313687e+002  5.897837e-005
 4.319875e+002  6.758453e-005
 4.326062e+002  9.263128e-005
 4.332250e+002  8.333599e-005
 4.338437e+002  9.307400e-005
 4.344625e+002  7.633042e-005
 4.350812e+002  5.686152e-005
 4.357000e+002  6.941424e-005
 4.363187e+002  6.479455e-005
 4.369375e+002  7.104166e-005
 4.375562e+002  7.034655e-005
 4.381750e+002  6.398219e-005
 4.387937e+002  5.385456e-005
 4.394125e+002  6.906724e-005
 4.400312e+002  6.070136e-005
 4.406500e+002  6.243569e-005
 4.412687e+002  5.591753e-005
 4.418875e+002  5.716730e-005
 4.425062e+002  6.182160e-005
 4.431250e+002  5.896950e-005
 4.437437e+002  7.947089e-005
 4.443625e+002  6.162518e-005
 4.449812e+002  5.642742e-005
 4.456000e+002  6.986448e-005
 4.462187e+002  5.565280e-005
 4.468375e+002  6.802052e-005
 4.474562e+002  7.500724e-005
 4.480750e+002  6.531918e-005
 4.486937e+002  6.965460e-005
 4.493125e+002  1.699980e-003
 4.499312e+002  3.568336e-003
 4.505500e+002  1.884271e-003
 4.511687e+002  8.691325e-005
 4.517875e+002  8.501225e-005
 4.524062e+002  7.289889e-005
 4.530250e+002  8.339918e-005
 4.536437e+002  7.270382e-005
 4.542625e+002  5.208039e-005
 4.548812e+002  5.411205e-005
 4.555000e+002  4.973675e-005
 4.561187e+002  5.246355e-005
 4.567375e+002  5.951448e-005
 4.573562e+002  5.113523e-005
 4.579750e+002  5.870015e-005
 4.585937e+002  5.827004e-005
 4.592125e+002  6.071303e-005
 4.598312e+002  6.603076e-005
 4.604500e+002  6.096419e-005
 4.610687e+002  6.007569e-005
 4.616875e+002  6.824683e-005
 4.623062e+002  5.535876e-005
 4.629250e+002  6.271842e-005
 4.635437e+002  6.298677e-005
 4.641625e+002  7.382904e-005
 4.647812e+002  7.602457e-005
 4.654000e+002  8.310336e-005
 4.660187e+002  7.762576e-005
 4.666375e+002  5.691115e-005
 4.672562e+002  5.790424e-005
 4.678750e+002  6.124809e-005
 4.684937e+002  6.308901e-005
 4.691125e+002  6.738332e-005
 4.697312e+002  4.319458e-005
 4.703500e+002  5.691788e-005
 4.709687e+002  5.468486e-005
 4.715875e+002  5.252686e-005
 4.722062e+002  4.703722e-005
 4.728250e+002  4.696046e-005
 4.734437e+002  4.014048e-005
 4.740625e+002  5.419476e-005
 4.746812e+002  5.806051e-005
 4.753000e+002  5.367372e-005
 4.759187e+002  4.876646e-005
 4.765375e+002  6.930103e-005
 4.771562e+002  5.863554e-005
 4.777750e+002  4.751781e-005
 4.783937e+002  5.195345e-005
 4.790125e+002  6.583301e-005
 4.796312e+002  5.750427e-005
 4.802500e+002  5.154990e-005
 4.808687e+002  4.703732e-005
 4.814875e+002  5.713644e-005
 4.821062e+002  6.161493e-005
 4.827250e+002  6.650317e-005
 4.833437e+002  6.631877e-005
 4.839625e+002  5.338951e-005
 4.845812e+002  5.424878e-005
 4.852000e+002  7.367170e-005
 4.858187e+002  9.228079e-005
 4.864375e+002  7.139731e-005
 4.870562e+002  6.005755e-005
 4.876750e+002  4.566344e-005
 4.882937e+002  5.560665e-005
 4.889125e+002  7.291168e-005
 4.895312e+002  6.954029e-005
 4.901500e+002  5.825723e-005
 4.907687e+002  6.474269e-005
 4.913875e+002  6.972703e-005
 4.920062e+002  6.339194e-005
 4.926250e+002  6.919850e-005
 4.932437e+002  5.754546e-005
 4.938625e+002  7.149181e-005
 4.944812e+002  7.082380e-005
 4.951000e+002  5.663669e-005
 4.957187e+002  5.590015e-005
 4.963375e+002  6.921554e-005
 4.969562e+002  7.004841e-005
 4.975750e+002  4.178691e-005
 4.981937e+002  5.537756e-005
 4.988125e+002  8.200664e-005
 4.994312e+002  8.165909e-004
 5.000500e+002  1.294442e-003
 5.006687e+002  5.408256e-004
 5.012875e+002  5.930027e-005
 5.019062e+002  5.854296e-005
 5.025250e+002  7.248445e-005
 5.031437e+002  6.366430e-005
 5.037625e+002  6.761726e-005
 5.043812e+002  5.774351e-005
 5.050000e+002  5.470813e-005
 5.056187e+002  4.989903e-005
 5.062375e+002  4.002683e-005
 5.068562e+002  4.769957e-005
 5.074750e+002  5.665715e-005
 5.080937e+002  5.761471e-005
 5.087125e+002  6.191391e-005
 5.093312e+002  7.185788e-005
 5.099500e+002  6.165401e-005
 5.105687e+002  5.924495e-005
 5.111875e+002  5.853011e-005
 5.118062e+002  7.367871e-005
 5.124250e+002  6.533395e-005
 5.130437e+002  4.729152e-005
 5.136625e+002  5.946209e-005
 5.142812e+002  7.081049e-005
 5.149000e+002  7.305886e-005
 5.155187e+002  6.796065e-005
 5.161375e+002  7.035444e-005
 5.167562e+002  6.566238e-005
 5.173750e+002  6.285934e-005
 5.179937e+002  6.394768e-005
 5.186125e+002  4.843895e-005
 5.192312e+002  7.376197e-005
 5.198500e+002  6.060239e-005
 5.204687e+002  5.714816e-005
 5.210875e+002  5.413192e-005
 5.217062e+002  6.822046e-005
 5.223250e+002  6.366094e-005
 5.229437e+002  7.386940e-005
 5.235625e+002  9.019035e-005
 5.241812e+002  1.035687e-004
 5.248000e+002  1.281224e-004
 5.254187e+002  9.311921e-005
 5.260375e+002  6.483728e-005
 5.266562e+002  6.250220e-005
 5.272750e+002  7.065467e-005
 5.278937e+002  6.782526e-005
 5.285125e+002  6.257812e-005
 5.291312e+002  6.426795e-005
 5.297500e+002  6.422415e-005
 5.303687e+002  6.460215e-005
 5.309875e+002  7.677857e-005
 5.316062e+002  8.607143e-005
 5.322250e+002  8.934536e-005
 5.328437e+002  9.139822e-005
 5.334625e+002  1.004619e-004
 5.340812e+002  1.126118e-004
 5.347000e+002  9.545871e-005
 5.353187e+002  7.577309e-005
 5.359375e+002  9.289931e-005
 5.365562e+002  7.232025e-005
 5.371750e+002  7.299264e-005
 5.377937e+002  6.970866e-005
 5.384125e+002  6.523098e-005
 5.390312e+002  6.688943e-005
 5.396500e+002  7.001465e-005
 5.402687e+002  7.172409e-005
 5.408875e+002  6.615748e-005
 5.415062e+002  6.976189e-005
 5.421250e+002  6.275284e-005
 5.427437e+002  5.350504e-005
 5.433625e+002  6.863574e-005
 5.439812e+002  8.032227e-005
 5.446000e+002  8.432038e-005
 5.452187e+002  6.546247e-005
 5.458375e+002  7.372389e-005
 5.464562e+002  7.642938e-005
 5.470750e+002  7.133640e-005
 5.476937e+002  9.301975e-005
 5.483125e+002  1.009466e-004
 5.489312e+002  6.478175e-004
 5.495500e+002  4.176675e-003
 5.501687e+002  4.993353e-003
 5.507875e+002  1.356182e-003
 5.514062e+002  2.008550e-004
 5.520250e+002  1.037008e-004
 5.526437e+002  7.183031e-005
 5.532625e+002  8.876013e-005
 5.538812e+002  8.432540e-005
 5.545000e+002  5.838937e-005
 5.551187e+002  6.773195e-005
 5.557375e+002  5.831345e-005
 5.563562e+002  7.627644e-005
 5.569750e+002  7.316650e-005
 5.575937e+002  7.467247e-005
 5.582125e+002  7.409288e-005
 5.588312e+002  8.222502e-005
 5.594500e+002  6.771162e-005
 5.600687e+002  5.527377e-005
 5.606875e+002  4.868905e-005
 5.613062e+002  6.308354e-005
 5.619250e+002  6.200690e-005
 5.625437e+002  6.227021e-005
 5.631625e+002  6.754069e-005
 5.637812e+002  6.624889e-005
 5.644000e+002  6.647196e-005
 5.650187e+002  6.023910e-005
 5.656375e+002  7.108386e-005
 5.662562e+002  7.583449e-005
 5.668750e+002  5.233843e-005
 5.674937e+002  6.001503e-005
 5.681125e+002  6.165246e-005
 5.687312e+002  4.891591e-005
 5.693500e+002  4.786125e-005
 5.699687e+002  5.357075e-005
 5.705875e+002  5.160529e-005
 5.712062e+002  5.940881e-005
 5.718250e+002  6.237318e-005
 5.724437e+002  4.831458e-005
 5.730625e+002  6.466962e-005
 5.736812e+002  5.949202e-005
 5.743000e+002  6.635694e-005
 5.749187e+002  7.978677e-005
 5.755375e+002  7.076704e-005
 5.761562e+002  5.822597e-005
 5.767750e+002  5.167559e-005
 5.773937e+002  6.027814e-005
 5.780125e+002  7.129536e-005
 5.786312e+002  5.927450e-005
 5.792500e+002  4.891574e-005
 5.798687e+002  5.563155e-005
 5.804875e+002  8.465817e-005
 5.811062e+002  7.290593e-005
 5.817250e+002  5.962301e-005
 5.823437e+002  5.157056e-005
 5.829625e+002  4.810042e-005
 5.835812e+002  5.767461e-005
 5.842000e+002  6.102595e-005
 5.848187e+002  6.345506e-005
 5.854375e+002  4.541552e-005
 5.860562e+002  5.012906e-005
 5.866750e+002  4.187002e-005
 5.872937e+002  5.848612e-005
 5.879125e+002  5.012980e-005
 5.885312e+002  6.352823e-005
 5.891500e+002  5.924184e-005
 5.897687e+002  4.951498e-005
 5.903875e+002  6.295783e-005
 5.910062e+002  6.151071e-005
 5.916250e+002  5.409175e-005
 5.922437e+002  6.363456e-005
 5.928625e+002  5.994152e-005
 5.934812e+002  6.925831e-005
 5.941000e+002  6.842266e-005
 5.947187e+002  5.910594e-005
 5.953375e+002  5.038298e-005
 5.959562e+002  3.738979e-005
 5.965750e+002  4.098217e-005
 5.971937e+002  4.178354e-005
 5.978125e+002  5.734647e-005
 5.984312e+002  4.859877e-005
 5.990500e+002  9.571296e-005
 5.996687e+002  3.506650e-004
 6.002875e+002  3.343103e-004
 6.009062e+002  9.119119e-005
 6.015250e+002  5.884771e-005
 6.021437e+002  6.052006e-005
 6.027625e+002  6.063160e-005
 6.033812e+002  4.768973e-005
 6.040000e+002  6.076548e-005
 6.046187e+002  5.374915e-005
 6.052375e+002  4.878747e-005
 6.058562e+002  6.005031e-005
 6.064750e+002  6.295435e-005
 6.070937e+002  5.344136e-005
 6.077125e+002  6.596478e-005
 6.083312e+002  5.172022e-005
 6.089500e+002  4.950758e-005
 6.095687e+002  5.336288e-005
 6.101875e+002  5.805734e-005
 6.108062e+002  7.476914e-005
 6.114250e+002  6.532580e-005
 6.120437e+002  4.775613e-005
 6.126625e+002  4.537504e-005
 6.132812e+002  5.736553e-005
 6.139000e+002  6.665136e-005
 6.145187e+002  6.931181e-005
 6.151375e+002  7.329088e-005
 6.157562e+002  7.421707e-005
 6.163750e+002  4.640340e-005
 6.169937e+002  3.573639e-005
 6.176125e+002  5.937573e-005
 6.182312e+002  6.777193e-005
 6.188500e+002  6.525437e-005
 6.194687e+002  5.956650e-005
 6.200875e+002  6.568517e-005
 6.207062e+002  5.788661e-005
 6.213250e+002  6.380438e-005
 6.219437e+002  5.262601e-005
 6.225625e+002  4.962741e-005
 6.231812e+002  6.325251e-005
 6.238000e+002  6.014982e-005
 6.244187e+002  9.663498e-005
 6.250375e+002  1.289325e-004
 6.256562e+002  9.212644e-005
 6.262750e+002  8.585225e-005
 6.268937e+002  6.566953e-005
 6.275125e+002  3.588760e-005
 6.281312e+002  5.207926e-005
 6.287500e+002  5.377881e-005
 6.293687e+002  5.624689e-005
 6.299875e+002  5.471260e-005
 6.306062e+002  5.548341e-005
 6.312250e+002  7.338324e-005
 6.318437e+002  6.841731e-005
 6.324625e+002  7.723626e-005
 6.330812e+002  8.186137e-005
 6.337000e+002  1.188304e-004
 6.343187e+002  9.517664e-005
 6.349375e+002  6.041205e-005
 6.355562e+002  7.449819e-005
 6.361750e+002  6.155589e-005
 6.367937e+002  6.601486e-005
 6.374125e+002  6.951051e-005
 6.380312e+002  5.176743e-005
 6.386500e+002  4.055468e-005
 6.392687e+002  5.095200e-005
 6.398875e+002  4.598318e-005
 6.405062e+002  5.182088e-005
 6.411250e+002  6.395621e-005
 6.417437e+002  5.371003e-005
 6.423625e+002  7.327399e-005
 6.429812e+002  6.657289e-005
 6.436000e+002  5.894082e-005
 6.442187e+002  4.353830e-005
 6.448375e+002  3.701990e-005
 6.454562e+002  5.921345e-005
 6.460750e+002  7.953181e-005
 6.466937e+002  8.052315e-005
 6.473125e+002  6.727150e-005
 6.479312e+002  9.300930e-005
 6.485500e+002  1.243635e-004
 6.491687e+002  1.523148e-003
 6.497875e+002  4.328981e-003
 6.504062e+002  3.049144e-003
 6.510250e+002  2.750375e-004
 6.516437e+002  1.403709e-004
 6.522625e+002  7.176759e-005
 6.528812e+002  7.360466e-005
 6.535000e+002  7.239641e-005
 6.541187e+002  6.218419e-005
 6.547375e+002  5.518289e-005
 6.553562e+002  6.024820e-005
 6.559750e+002  5.282720e-005
 6.565937e+002  6.377988e-005
 6.572125e+002  6.096444e-005
 6.578312e+002  7.649933e-005
 6.584500e+002  9.053881e-005
 6.590687e+002  9.605809e-005
 6.596875e+002  7.954521e-005
 6.603062e+002  5.482532e-005
 6.609250e+002  5.581186e-005
 6.615437e+002  6.376405e-005
 6.621625e+002  5.527726e-005
 6.627812e+002  6.485822e-005
 6.634000e+002  6.714728e-005
 6.640187e+002  6.687603e-005
 6.646375e+002  6.399420e-005
 6.652562e+002  7.773647e-005
 6.658750e+002  9.555856e-005
 6.664937e+002  7.910682e-005
 6.671125e+002  4.690813e-005
 6.677312e+002  5.607173e-005
 6.683500e+002  6.324529e-005
 6.689687e+002  6.452229e-005
 6.695875e+002  5.903792e-005
 6.702062e+002  4.982607e-005
 6.708250e+002  5.485413e-005
 6.714437e+002  6.944858e-005
 6.720625e+002  7.124800e-005
 6.726812e+002  7.609254e-005
 6.733000e+002  6.883820e-005
 6.739187e+002  6.677650e-005
 6.745375e+002  1.152665e-004
 6.751562e+002  1.311366e-004
 6.757750e+002  8.752848e-005
 6.763937e+002  5.160123e-005
 6.770125e+002  6.779299e-005
 6.776312e+002  7.001648e-005
 6.782500e+002  6.871982e-005
 6.788687e+002  5.720482e-005
 6.794875e+002  5.370025e-005
 6.801062e+002  3.431229e-005
 6.807250e+002  4.640467e-005
 6.813437e+002  5.560274e-005
 6.819625e+002  7.017283e-005
 6.825812e+002  7.413835e-005
 6.832000e+002  7.827428e-005
 6.838187e+002  8.035892e-005
 6.844375e+002  5.539148e-005
 6.850562e+002  5.670914e-005
 6.856750e+002  6.467559e-005
 6.862937e+002  7.159547e-005
 6.869125e+002  7.523838e-005
 6.875312e+002  5.923406e-005
 6.881500e+002  4.380277e-005
 6.887687e+002  4.829253e-005
 6.893875e+002  5.491261e-005
 6.900062e+002  5.094291e-005
 6.906250e+002  6.210703e-005
 6.912437e+002  7.609932e-005
 6.918625e+002  6.678968e-005
 6.924812e+002  5.990219e-005
 6.931000e+002  5.370592e-005
 6.937187e+002  5.249213e-005
 6.943375e+002  5.455043e-005
 6.949562e+002  5.039811e-005
 6.955750e+002  4.123562e-005
 6.961937e+002  4.846697e-005
 6.968125e+002  4.723027e-005
 6.974312e+002  5.670010e-005
 6.980500e+002  5.084198e-005
 6.986687e+002  5.157119e-005
 6.992875e+002  3.555089e-004
 6.999062e+002  7.553735e-004
 7.005250e+002  4.054822e-004
 7.011437e+002  4.318849e-005
 7.017625e+002  3.908508e-005
 7.023812e+002  5.086880e-005
 7.030000e+002  5.400385e-005
 7.036187e+002  5.600945e-005
 7.042375e+002  6.274020e-005
 7.048562e+002  5.770638e-005
 7.054750e+002  3.998161e-005
 7.060937e+002  3.581887e-005
 7.067125e+002  4.475813e-005
 7.073312e+002  6.656889e-005
 7.079500e+002  7.102406e-005
 7.085687e+002  6.615190e-005
 7.091875e+002  5.198707e-005
 7.098062e+002  6.028614e-005
 7.104250e+002  6.238825e-005
 7.110437e+002  4.860242e-005
 7.116625e+002  4.618406e-005
 7.122812e+002  5.442710e-005
 7.129000e+002  4.900915e-005
 7.135187e+002  4.620238e-005
 7.141375e+002  5.272832e-005
 7.147562e+002  5.496089e-005
 7.153750e+002  6.049949e-005
 7.159937e+002  8.200682e-005
 7.166125e+002  7.579876e-005
 7.172312e+002  4.176929e-005
 7.178500e+002  4.765983e-005
 7.184687e+002  4.533602e-005
 7.190875e+002  4.559868e-005
 7.197062e+002  5.432091e-005
 7.203250e+002  6.183035e-005
 7.209437e+002  5.565848e-005
 7.215625e+002  5.659385e-005
 7.221812e+002  5.687283e-005
 7.228000e+002  6.192661e-005
 7.234187e+002  4.838999e-005
 7.240375e+002  6.277467e-005
 7.246562e+002  1.137147e-004
 7.252750e+002  1.159080e-004
 7.258937e+002  6.772711e-005
 7.265125e+002  6.594667e-005
 7.271312e+002  6.704952e-005
 7.277500e+002  5.972214e-005
 7.283687e+002  5.452159e-005
 7.289875e+002  5.172212e-005
 7.296062e+002  4.859197e-005
 7.302250e+002  5.473362e-005
 7.308437e+002  6.691882e-005
 7.314625e+002  5.846031e-005
 7.320812e+002  7.170398e-005
 7.327000e+002  7.040140e-005
 7.333187e+002  7.721668e-005
 7.339375e+002  9.583523e-005
 7.345562e+002  7.323295e-005
 7.351750e+002  4.984543e-005
 7.357937e+002  5.364138e-005
 7.364125e+002  7.642127e-005
 7.370312e+002  7.249947e-005
 7.376500e+002  5.170820e-005
 7.382687e+002  5.305914e-005
 7.388875e+002  6.581744e-005
 7.395062e+002  6.536754e-005
 7.401250e+002  4.933485e-005
 7.407437e+002  5.560380e-005
 7.413625e+002  4.199008e-005
 7.419812e+002  4.969734e-005
 7.426000e+002  7.056167e-005
 7.432187e+002  7.740985e-005
 7.438375e+002  6.207848e-005
 7.444562e+002  6.311651e-005
 7.450750e+002  5.863156e-005
 7.456937e+002  5.958308e-005
 7.463125e+002  7.632124e-005
 7.469312e+002  6.018818e-005
 7.475500e+002  6.463817e-005
 7.481687e+002  7.937211e-005
 7.487875e+002  1.753766e-004
 7.494062e+002  1.843799e-003
 7.500250e+002  2.863441e-003
 7.506437e+002  1.110727e-003
 7.512625e+002  1.085318e-004
 7.518812e+002  6.087965e-005
 7.525000e+002  5.586823e-005
 7.531187e+002  6.031156e-005
 7.537375e+002  7.011072e-005
 7.543562e+002  6.547446e-005
 7.549750e+002  6.296405e-005
 7.555937e+002  5.679201e-005
 7.562125e+002  6.272638e-005
 7.568312e+002  5.213161e-005
 7.574500e+002  6.263993e-005
 7.580687e+002  5.999163e-005
 7.586875e+002  6.127100e-005
 7.593062e+002  6.242984e-005
 7.599250e+002  5.150505e-005
 7.605437e+002  5.101196e-005
 7.611625e+002  4.557082e-005
 7.617812e+002  5.090154e-005
 7.624000e+002  5.222943e-005
 7.630187e+002  5.646606e-005
 7.636375e+002  4.570731e-005
 7.642562e+002  4.985219e-005
 7.648750e+002  4.934887e-005
 7.654937e+002  6.517441e-005
 7.661125e+002  6.965889e-005
 7.667312e+002  5.559479e-005
 7.673500e+002  5.895351e-005
 7.679687e+002  7.231429e-005
 7.685875e+002  5.711274e-005
 7.692062e+002  5.004215e-005
 7.698250e+002  4.174033e-005
 7.704437e+002  3.737150e-005
 7.710625e+002  4.732681e-005
 7.716812e+002  4.423235e-005
 7.723000e+002  5.271393e-005
 7.729187e+002  6.569555e-005
 7.735375e+002  4.587372e-005
 7.741562e+002  5.594958e-005
 7.747750e+002  8.306204e-005
 7.753937e+002  7.416927e-005
 7.760125e+002  3.561279e-005
 7.766312e+002  4.181073e-005
 7.772500e+002  6.423608e-005
 7.778687e+002  6.517091e-005
 7.784875e+002  6.194825e-005
 7.791062e+002  5.136901e-005
 7.797250e+002  5.061739e-005
 7.803437e+002  5.555316e-005
 7.809625e+002  5.471780e-005
 7.815812e+002  5.729262e-005
 7.822000e+002  5.921952e-005
 7.828187e+002  6.087716e-005
 7.834375e+002  6.035212e-005
 7.840562e+002  5.113536e-005
 7.846750e+002  4.594978e-005
 7.852937e+002  4.103005e-005
 7.859125e+002  5.162853e-005
 7.865312e+002  5.210503e-005
 7.871500e+002  5.407368e-005
 7.877687e+002  5.242769e-005
 7.883875e+002  6.501985e-005
 7.890062e+002  5.453547e-005
 7.896250e+002  3.938200e-005
 7.902437e+002  4.603155e-005
 7.908625e+002  5.414018e-005
 7.914812e+002  4.870444e-005
 7.921000e+002  4.647041e-005
 7.927187e+002  5.200725e-005
 7.933375e+002  5.490717e-005
 7.939562e+002  4.980465e-005
 7.945750e+002  5.094367e-005
 7.951937e+002  3.492600e-005
 7.958125e+002  4.693040e-005
 7.964312e+002  4.373274e-005
 7.970500e+002  4.591827e-005
 7.976687e+002  4.214917e-005
 7.982875e+002  5.250920e-005
 7.989062e+002  9.103179e-005
 7.995250e+002  4.621762e-004
 8.001437e+002  5.539494e-004
 8.007625e+002  1.633351e-004
 8.013812e+002  5.253808e-005
 8.020000e+002  6.417510e-005
 8.026187e+002  5.661442e-005
 8.032375e+002  3.848671e-005
 8.038562e+002  3.951341e-005
 8.044750e+002  3.717559e-005
 8.050937e+002  4.606407e-005
 8.057125e+002  5.224723e-005
 8.063312e+002  4.496521e-005
 8.069500e+002  3.506744e-005
 8.075687e+002  4.730398e-005
 8.081875e+002  6.331185e-005
 8.088062e+002  6.006486e-005
 8.094250e+002  5.107245e-005
 8.100437e+002  4.705941e-005
 8.106625e+002  5.616723e-005
 8.112812e+002  4.642778e-005
 8.119000e+002  5.244434e-005
 8.125187e+002  4.756889e-005
 8.131375e+002  4.297028e-005
 8.137562e+002  4.352487e-005
 8.143750e+002  5.882116e-005
 8.149937e+002  6.813896e-005
 8.156125e+002  6.847255e-005
 8.162312e+002  7.486383e-005
 8.168500e+002  5.615434e-005
 8.174687e+002  5.183380e-005
 8.180875e+002  5.404754e-005
 8.187062e+002  5.978095e-005
 8.193250e+002  4.798166e-005
 8.199437e+002  3.675237e-005
 8.205625e+002  4.261535e-005
 8.211812e+002  4.166074e-005
 8.218000e+002  4.844439e-005
 8.224187e+002  4.627431e-005
 8.230375e+002  4.258901e-005
 8.236562e+002  3.815657e-005
 8.242750e+002  7.631505e-005
 8.248937e+002  1.130100e-004
 8.255125e+002  8.908237e-005
 8.261312e+002  5.656428e-005
 8.267500e+002  5.361875e-005
 8.273687e+002  5.614025e-005
 8.279875e+002  6.246794e-005
 8.286062e+002  5.227833e-005
 8.292250e+002  4.897282e-005
 8.298437e+002  5.054352e-005
 8.304625e+002  6.241446e-005
 8.310812e+002  6.757982e-005
 8.317000e+002  6.022473e-005
 8.323187e+002  5.524200e-005
 8.329375e+002  5.844420e-005
 8.335562e+002  6.062177e-005
 8.341750e+002  7.456409e-005
 8.347937e+002  6.608480e-005
 8.354125e+002  6.449309e-005
 8.360312e+002  6.080305e-005
 8.366500e+002  5.518035e-005
 8.372687e+002  6.258477e-005
 8.378875e+002  4.294396e-005
 8.385062e+002  3.907597e-005
 8.391250e+002  5.157907e-005
 8.397437e+002  5.141429e-005
 8.403625e+002  6.777107e-005
 8.409812e+002  8.643770e-005
 8.416000e+002  6.542459e-005
 8.422187e+002  5.944972e-005
 8.428375e+002  6.089821e-005
 8.434562e+002  5.897853e-005
 8.440750e+002  5.199724e-005
 8.446937e+002  5.418961e-005
 8.453125e+002  6.682084e-005
 8.459312e+002  6.014024e-005
 8.465500e+002  5.973645e-005
 8.471687e+002  6.593947e-005
 8.477875e+002  7.627373e-005
 8.484062e+002  6.271842e-005
 8.490250e+002  5.793687e-004
 8.496437e+002  2.234974e-003
 8.502625e+002  2.050826e-003
 8.508812e+002  3.637653e-004
 8.515000e+002  1.064830e-004
 8.521187e+002  7.820710e-005
 8.527375e+002  5.696318e-005
 8.533562e+002  3.719999e-005
 8.539750e+002  3.543593e-005
 8.545937e+002  3.488669e-005
 8.552125e+002  4.785280e-005
 8.558312e+002  4.931502e-005
 8.564500e+002  5.236314e-005
 8.570687e+002  5.745215e-005
 8.576875e+002  5.408628e-005
 8.583062e+002  5.958078e-005
 8.589250e+002  4.500088e-005
 8.595437e+002  4.497846e-005
 8.601625e+002  4.274843e-005
 8.607812e+002  5.313744e-005
 8.614000e+002  5.751076e-005
 8.620187e+002  5.000511e-005
 8.626375e+002  5.047302e-005
 8.632562e+002  4.475033e-005
 8.638750e+002  4.550493e-005
 8.644937e+002  4.658936e-005
 8.651125e+002  4.280080e-005
 8.657312e+002  6.490337e-005
 8.663500e+002  7.624518e-005
 8.669687e+002  6.096476e-005
 8.675875e+002  6.542788e-005
 8.682062e+002  6.749446e-005
 8.688250e+002  4.697215e-005
 8.694437e+002  4.018084e-005
 8.700625e+002  4.080387e-005
 8.706812e+002  5.248758e-005
 8.713000e+002  4.747723e-005
 8.719187e+002  4.102812e-005
 8.725375e+002  3.689006e-005
 8.731562e+002  5.352478e-005
 8.737750e+002  5.525018e-005
 8.743937e+002  6.171737e-005
 8.750125e+002  7.987137e-005
 8.756312e+002  5.886065e-005
 8.762500e+002  5.402759e-005
 8.768687e+002  4.974412e-005
 8.774875e+002  5.797343e-005
 8.781062e+002  4.742261e-005
 8.787250e+002  3.724610e-005
 8.793437e+002  3.956308e-005
 8.799625e+002  5.361012e-005
 8.805812e+002  5.596017e-005
 8.812000e+002  5.390849e-005
 8.818187e+002  4.985929e-005
 8.824375e+002  5.731665e-005
 8.830562e+002  6.010506e-005
 8.836750e+002  5.058533e-005
 8.842937e+002  4.886879e-005
 8.849125e+002  4.526740e-005
 8.855312e+002  3.910264e-005
 8.861500e+002  4.059966e-005
 8.867687e+002  4.583757e-005
 8.873875e+002  4.747895e-005
 8.880062e+002  5.635165e-005
 8.886250e+002  4.866218e-005
 8.892437e+002  4.526074e-005
 8.898625e+002  5.039683e-005
 8.904812e+002  4.436040e-005
 8.911000e+002  5.068896e-005
 8.917187e+002  5.090936e-005
 8.923375e+002  4.600355e-005
 8.929562e+002  4.132348e-005
 8.935750e+002  4.272706e-005
 8.941937e+002  3.822995e-005
 8.948125e+002  3.476242e-005
 8.954312e+002  3.689190e-005
 8.960500e+002  3.663587e-005
 8.966687e+002  3.782629e-005
 8.972875e+002  4.509843e-005
 8.979062e+002  4.631284e-005
 8.985250e+002  4.977040e-005
 8.991437e+002  1.426981e-004
 8.997625e+002  4.086955e-004
 9.003812e+002  2.929213e-004
 9.010000e+002  5.782125e-005
 9.016187e+002  4.892373e-005
 9.022375e+002  4.798820e-005
 9.028562e+002  4.948856e-005
 9.034750e+002  5.206896e-005
 9.040937e+002  3.967151e-005
 9.047125e+002  3.859728e-005
 9.053312e+002  5.273999e-005
 9.059500e+002  5.128710e-005
 9.065687e+002  4.571852e-005
 9.071875e+002  5.033242e-005
 9.078062e+002  4.861734e-005
 9.084250e+002  4.601398e-005
 9.090437e+002  4.681511e-005
 9.096625e+002  4.856531e-005
 9.102812e+002  4.876076e-005
 9.109000e+002  5.129863e-005
 9.115187e+002  5.089712e-005
 9.121375e+002  4.813453e-005
 9.127562e+002  4.820162e-005
 9.133750e+002  4.650753e-005
 9.139937e+002  4.955097e-005
 9.146125e+002  4.584733e-005
 9.152312e+002  4.835865e-005
 9.158500e+002  5.528629e-005
 9.164687e+002  5.357207e-005
 9.170875e+002  3.310724e-005
 9.177062e+002  4.094557e-005
 9.183250e+002  5.490341e-005
 9.189437e+002  4.639336e-005
 9.195625e+002  3.430517e-005
 9.201812e+002  3.819335e-005
 9.208000e+002  3.232972e-005
 9.214187e+002  4.473895e-005
 9.220375e+002  4.634847e-005
 9.226562e+002  4.174595e-005
 9.232750e+002  5.217865e-005
 9.238937e+002  5.471106e-005
 9.245125e+002  7.163704e-005
 9.251312e+002  7.331239e-005
 9.257500e+002  4.737788e-005
 9.263687e+002  5.076149e-005
 9.269875e+002  5.544124e-005
 9.276062e+002  3.866691e-005
 9.282250e+002  3.581106e-005
 9.288437e+002  4.595826e-005
 9.294625e+002  5.171841e-005
 9.300812e+002  4.283240e-005
 9.307000e+002  3.702301e-005
 9.313187e+002  4.157845e-005
 9.319375e+002  4.862737e-005
 9.325562e+002  5.137211e-005
 9.331750e+002  4.571669e-005
 9.337937e+002  6.282926e-005
 9.344125e+002  5.292793e-005
 9.350312e+002  4.709665e-005
 9.356500e+002  4.477222e-005
 9.362687e+002  3.779393e-005
 9.368875e+002  4.493211e-005
 9.375062e+002  5.135648e-005
 9.381250e+002  4.233761e-005
 9.387437e+002  3.695628e-005
 9.393625e+002  4.400727e-005
 9.399812e+002  3.497779e-005
 9.406000e+002  4.226204e-005
 9.412187e+002  3.645576e-005
 9.418375e+002  4.381315e-005
 9.424562e+002  4.216415e-005
 9.430750e+002  3.326910e-005
 9.436937e+002  5.402248e-005
 9.443125e+002  5.737299e-005
 9.449312e+002  4.231588e-005
 9.455500e+002  5.468864e-005
 9.461687e+002  5.756581e-005
 9.467875e+002  5.089456e-005
 9.474062e+002  4.638028e-005
 9.480250e+002  5.111364e-005
 9.486437e+002  6.466715e-005
 9.492625e+002  7.345123e-004
 9.498812e+002  1.495883e-003
 9.505000e+002  8.074898e-004
 9.511187e+002  7.769143e-005
 9.517375e+002  6.333032e-005
 9.523562e+002  4.928612e-005
 9.529750e+002  4.651477e-005
 9.535937e+002  4.349058e-005
 9.542125e+002  4.848735e-005
 9.548312e+002  6.068315e-005
 9.554500e+002  5.257288e-005
 9.560687e+002  5.467441e-005
 9.566875e+002  4.998045e-005
 9.573062e+002  5.768397e-005
 9.579250e+002  6.784705e-005
 9.585437e+002  5.012883e-005
 9.591625e+002  3.957882e-005
 9.597812e+002  4.340366e-005
 9.604000e+002  4.424357e-005
 9.610187e+002  5.458663e-005
 9.616375e+002  5.810554e-005
 9.622562e+002  5.401368e-005
 9.628750e+002  3.703457e-005
 9.634937e+002  4.855748e-005
 9.641125e+002  4.827546e-005
 9.647312e+002  4.115532e-005
 9.653500e+002  5.834835e-005
 9.659687e+002  7.177913e-005
 9.665875e+002  5.496600e-005
 9.672062e+002  3.905615e-005
 9.678250e+002  4.736340e-005
 9.684437e+002  5.296201e-005
 9.690625e+002  4.988057e-005
 9.696812e+002  5.431758e-005
 9.703000e+002  3.979553e-005
 9.709187e+002  3.733221e-005
 9.715375e+002  4.374084e-005
 9.721562e+002  5.696271e-005
 9.727750e+002  5.239938e-005
 9.733937e+002  4.484596e-005
 9.740125e+002  5.677368e-005
 9.746312e+002  7.824473e-005
 9.752500e+002  7.470638e-005
 9.758687e+002  5.045101e-005
 9.764875e+002  3.892184e-005
 9.771062e+002  4.305264e-005
 9.777250e+002  3.374437e-005
 9.783437e+002  3.413166e-005
 9.789625e+002  5.021137e-005
 9.795812e+002  4.758973e-005
 9.802000e+002  5.113499e-005
 9.808187e+002  4.258366e-005
 9.814375e+002  3.483139e-005
 9.820562e+002  2.900271e-005
 9.826750e+002  3.834718e-005
 9.832937e+002  5.114963e-005
 9.839125e+002  6.029488e-005
 9.845312e+002  6.698708e-005
 9.851500e+002  5.894236e-005
 9.857687e+002  5.057081e-005
 9.863875e+002  5.275620e-005
 9.870062e+002  5.196501e-005
 9.876250e+002  4.186930e-005
 9.882437e+002  4.332998e-005
 9.888625e+002  4.331734e-005
 9.894812e+002  4.610923e-005
 9.901000e+002  3.138355e-005
 9.907187e+002  4.137477e-005
 9.913375e+002  3.080582e-005
 9.919562e+002  3.679629e-005
 9.925750e+002  3.585675e-005
 9.931937e+002  3.690485e-005
 9.938125e+002  3.498052e-005
 9.944312e+002  3.667222e-005
 9.950500e+002  4.544154e-005
 9.956687e+002  4.185999e-005
 9.962875e+002  3.951893e-005
 9.969062e+002  4.540982e-005
 9.975250e+002  4.823353e-005
 9.981437e+002  4.620692e-005
 9.987625e+002  5.531410e-005
 9.993812e+002  3.213493e-004
 1.000000e+003  4.916539e-004
