 1.000000e+000  8.559882e-004
 1.247500e+000  8.439919e-004
 1.495000e+000  9.777565e-004
 1.742500e+000  5.689805e-004
 1.990000e+000  7.517610e-004
 2.237500e+000  6.340105e-004
 2.485000e+000  5.839377e-004
 2.732500e+000  6.892552e-004
 2.980000e+000  6.067077e-004
 3.227500e+000  2.692307e-004
 3.475000e+000  5.304395e-004
 3.722500e+000  4.469735e-004
 3.970000e+000  5.242690e-004
 4.217500e+000  4.608986e-004
 4.465000e+000  3.676388e-004
 4.712500e+000  3.747109e-004
 4.960000e+000  5.024191e-004
 5.207500e+000  5.030005e-004
 5.455000e+000  3.609975e-004
 5.702500e+000  3.630636e-004
 5.950000e+000  3.835482e-004
 6.197500e+000  3.790253e-004
 6.445000e+000  3.472103e-004
 6.692500e+000  2.151687e-004
 6.940000e+000  1.414547e-004
 7.187500e+000  2.482399e-004
 7.435000e+000  4.261697e-004
 7.682500e+000  4.380468e-004
 7.930000e+000  2.831522e-004
 8.177500e+000  2.339048e-004
 8.425000e+000  2.652013e-004
 8.672500e+000  2.655836e-004
 8.920000e+000  2.372728e-004
 9.167500e+000  3.075353e-004
 9.415000e+000  3.024463e-004
 9.662500e+000  2.651110e-004
 9.910000e+000  1.435506e-004
 1.015750e+001  2.219469e-004
 1.040500e+001  2.714660e-004
 1.065250e+001  3.770147e-004
 1.090000e+001  3.165905e-004
 1.114750e+001  2.078831e-004
 1.139500e+001  1.432388e-004
 1.164250e+001  1.580890e-004
 1.189000e+001  1.698895e-004
 1.213750e+001  3.097562e-004
 1.238500e+001  1.462590e-004
 1.263250e+001  3.013429e-004
 1.288000e+001  3.397936e-004
 1.312750e+001  1.966780e-004
 1.337500e+001  1.892444e-004
 1.362250e+001  1.647347e-004
 1.387000e+001  2.686804e-004
 1.411750e+001  2.141464e-004
 1.436500e+001  1.736774e-004
 1.461250e+001  1.801626e-004
 1.486000e+001  2.182606e-004
 1.510750e+001  2.025161e-004
 1.535500e+001  1.998241e-004
 1.560250e+001  2.621946e-004
 1.585000e+001  3.201275e-004
 1.609750e+001  2.885180e-004
 1.634500e+001  2.835928e-004
 1.659250e+001  2.269791e-004
 1.684000e+001  9.845039e-005
 1.708750e+001  1.436279e-004
 1.733500e+001  1.474523e-004
 1.758250e+001  1.373081e-004
 1.783000e+001  2.176415e-004
 1.807750e+001  2.364693e-004
 1.832500e+001  2.379302e-004
 1.857250e+001  1.216476e-004
 1.882000e+001  1.537487e-004
 1.906750e+001  1.721958e-004
 1.931500e+001  1.983073e-004
 1.956250e+001  2.355169e-004
 1.981000e+001  2.238635e-004
 2.005750e+001  1.158838e-004
 2.030500e+001  2.036829e-004
 2.055250e+001  3.032815e-004
 2.080000e+001  3.080301e-004
 2.104750e+001  2.005498e-004
 2.129500e+001  1.654564e-004
 2.154250e+001  2.020451e-004
 2.179000e+001  1.481982e-004
 2.203750e+001  1.971434e-004
 2.228500e+001  2.336651e-004
 2.253250e+001  1.358450e-004
 2.278000e+001  1.822675e-004
 2.302750e+001  2.225162e-004
 2.327500e+001  1.339787e-004
 2.352250e+001  1.696343e-004
 2.377000e+001  2.134968e-004
 2.401750e+001  2.264398e-004
 2.426500e+001  1.646463e-004
 2.451250e+001  2.207439e-004
 2.476000e+001  1.948384e-004
 2.500750e+001  1.284217e-004
 2.525500e+001  1.640139e-004
 2.550250e+001  1.639021e-004
 2.575000e+001  9.996757e-005
 2.599750e+001  1.228465e-004
 2.624500e+001  1.825237e-004
 2.649250e+001  1.721046e-004
 2.674000e+001  2.090076e-004
 2.698750e+001  1.755072e-004
 2.723500e+001  1.621774e-004
 2.748250e+001  2.719218e-004
 2.773000e+001  2.066722e-004
 2.797750e+001  1.120311e-004
 2.822500e+001  1.230352e-004
 2.847250e+001  1.929807e-004
 2.872000e+001  2.353259e-004
 2.896750e+001  1.789278e-004
 2.921500e+001  2.015712e-004
 2.946250e+001  2.497147e-004
 2.971000e+001  1.566069e-004
 2.995750e+001  1.214405e-004
 3.020500e+001  1.437799e-004
 3.045250e+001  1.780531e-004
 3.070000e+001  1.553355e-004
 3.094750e+001  1.754426e-004
 3.119500e+001  1.787508e-004
 3.144250e+001  1.190232e-004
 3.169000e+001  1.482792e-004
 3.193750e+001  1.745234e-004
 3.218500e+001  1.419355e-004
 3.243250e+001  1.506845e-004
 3.268000e+001  1.754261e-004
 3.292750e+001  2.010186e-004
 3.317500e+001  1.645271e-004
 3.342250e+001  1.135633e-004
 3.367000e+001  1.356066e-004
 3.391750e+001  2.068225e-004
 3.416500e+001  1.608708e-004
 3.441250e+001  1.312057e-004
 3.466000e+001  1.774878e-004
 3.490750e+001  1.939175e-004
 3.515500e+001  1.179593e-004
 3.540250e+001  1.500044e-004
 3.565000e+001  1.246707e-004
 3.589750e+001  1.193321e-004
 3.614500e+001  1.688002e-004
 3.639250e+001  1.888571e-004
 3.664000e+001  1.546570e-004
 3.688750e+001  1.566569e-004
 3.713500e+001  1.436845e-004
 3.738250e+001  1.632814e-004
 3.763000e+001  1.598282e-004
 3.787750e+001  1.415661e-004
 3.812500e+001  1.553437e-004
 3.837250e+001  1.529910e-004
 3.862000e+001  1.614828e-004
 3.886750e+001  2.252509e-004
 3.911500e+001  1.870165e-004
 3.936250e+001  1.478412e-004
 3.961000e+001  1.818751e-004
 3.985750e+001  1.498914e-004
 4.010500e+001  1.408412e-004
 4.035250e+001  1.522454e-004
 4.060000e+001  1.623682e-004
 4.084750e+001  1.396710e-004
 4.109500e+001  1.270411e-004
 4.134250e+001  1.702146e-004
 4.159000e+001  1.274671e-004
 4.183750e+001  8.494216e-005
 4.208500e+001  1.303752e-004
 4.233250e+001  1.543793e-004
 4.258000e+001  2.935247e-004
 4.282750e+001  2.741380e-004
 4.307500e+001  1.332423e-004
 4.332250e+001  1.441229e-004
 4.357000e+001  1.072663e-004
 4.381750e+001  8.746907e-005
 4.406500e+001  1.478724e-004
 4.431250e+001  2.133496e-004
 4.456000e+001  1.394814e-004
 4.480750e+001  1.128545e-004
 4.505500e+001  1.132844e-004
 4.530250e+001  1.227627e-004
 4.555000e+001  1.257081e-004
 4.579750e+001  1.065304e-004
 4.604500e+001  1.276510e-004
 4.629250e+001  8.570014e-005
 4.654000e+001  1.168702e-004
 4.678750e+001  1.570492e-004
 4.703500e+001  1.175383e-004
 4.728250e+001  7.364959e-005
 4.753000e+001  1.148206e-004
 4.777750e+001  1.678523e-004
 4.802500e+001  1.358049e-004
 4.827250e+001  1.208997e-004
 4.852000e+001  1.086564e-004
 4.876750e+001  1.322536e-004
 4.901500e+001  1.157910e-004
 4.926250e+001  1.473393e-004
 4.951000e+001  3.756521e-004
 4.975750e+001  8.385217e-003
 5.000500e+001  1.383171e-002
 5.025250e+001  5.604046e-003
 5.050000e+001  3.149430e-004
 5.074750e+001  1.654725e-004
 5.099500e+001  1.586358e-004
 5.124250e+001  1.175588e-004
 5.149000e+001  1.472543e-004
 5.173750e+001  1.589981e-004
 5.198500e+001  1.163212e-004
 5.223250e+001  1.010384e-004
 5.248000e+001  1.656028e-004
 5.272750e+001  1.349037e-004
 5.297500e+001  8.332832e-005
 5.322250e+001  8.390618e-005
 5.347000e+001  8.728013e-005
 5.371750e+001  1.217682e-004
 5.396500e+001  1.233186e-004
 5.421250e+001  1.527549e-004
 5.446000e+001  1.552794e-004
 5.470750e+001  1.555514e-004
 5.495500e+001  1.082666e-004
 5.520250e+001  9.671278e-005
 5.545000e+001  8.609717e-005
 5.569750e+001  1.011505e-004
 5.594500e+001  1.346032e-004
 5.619250e+001  1.387502e-004
 5.644000e+001  1.144022e-004
 5.668750e+001  8.695296e-005
 5.693500e+001  1.412691e-004
 5.718250e+001  1.104876e-004
 5.743000e+001  1.074030e-004
 5.767750e+001  7.029789e-005
 5.792500e+001  7.564656e-005
 5.817250e+001  1.014449e-004
 5.842000e+001  8.420064e-005
 5.866750e+001  5.337013e-005
 5.891500e+001  6.668713e-005
 5.916250e+001  1.065193e-004
 5.941000e+001  9.049247e-005
 5.965750e+001  8.375752e-005
 5.990500e+001  8.939190e-005
 6.015250e+001  7.569782e-005
 6.040000e+001  1.061608e-004
 6.064750e+001  9.714890e-005
 6.089500e+001  1.026357e-004
 6.114250e+001  8.369684e-005
 6.139000e+001  8.876781e-005
 6.163750e+001  1.214373e-004
 6.188500e+001  1.280681e-004
 6.213250e+001  6.901110e-005
 6.238000e+001  7.000892e-005
 6.262750e+001  8.136521e-005
 6.287500e+001  9.938055e-005
 6.312250e+001  6.921469e-005
 6.337000e+001  9.938091e-005
 6.361750e+001  8.876294e-005
 6.386500e+001  7.799833e-005
 6.411250e+001  6.790449e-005
 6.436000e+001  1.097901e-004
 6.460750e+001  9.731265e-005
 6.485500e+001  1.009677e-004
 6.510250e+001  1.216008e-004
 6.535000e+001  1.038445e-004
 6.559750e+001  9.936265e-005
 6.584500e+001  6.780480e-005
 6.609250e+001  6.430169e-005
 6.634000e+001  8.060106e-005
 6.658750e+001  1.118265e-004
 6.683500e+001  7.805130e-005
 6.708250e+001  7.382004e-005
 6.733000e+001  1.120565e-004
 6.757750e+001  1.176033e-004
 6.782500e+001  1.063054e-004
 6.807250e+001  1.127392e-004
 6.832000e+001  7.196590e-005
 6.856750e+001  6.812910e-005
 6.881500e+001  7.550378e-005
 6.906250e+001  6.856919e-005
 6.931000e+001  6.545558e-005
 6.955750e+001  7.066662e-005
 6.980500e+001  7.972428e-005
 7.005250e+001  1.067133e-004
 7.030000e+001  1.018781e-004
 7.054750e+001  8.362936e-005
 7.079500e+001  7.510208e-005
 7.104250e+001  9.021488e-005
 7.129000e+001  9.540926e-005
 7.153750e+001  1.042044e-004
 7.178500e+001  1.360650e-004
 7.203250e+001  9.885563e-005
 7.228000e+001  7.367471e-005
 7.252750e+001  6.706686e-005
 7.277500e+001  6.899646e-005
 7.302250e+001  9.761662e-005
 7.327000e+001  9.601258e-005
 7.351750e+001  8.105278e-005
 7.376500e+001  8.031375e-005
 7.401250e+001  1.027330e-004
 7.426000e+001  1.018091e-004
 7.450750e+001  7.207766e-005
 7.475500e+001  4.836440e-005
 7.500250e+001  8.380087e-005
 7.525000e+001  1.217831e-004
 7.549750e+001  3.041684e-004
 7.574500e+001  2.032799e-004
 7.599250e+001  7.271949e-005
 7.624000e+001  5.468747e-005
 7.648750e+001  7.168973e-005
 7.673500e+001  8.146812e-005
 7.698250e+001  9.425681e-005
 7.723000e+001  6.686372e-005
 7.747750e+001  7.876623e-005
 7.772500e+001  9.828757e-005
 7.797250e+001  1.095501e-004
 7.822000e+001  7.780940e-005
 7.846750e+001  9.093434e-005
 7.871500e+001  9.004357e-005
 7.896250e+001  8.646768e-005
 7.921000e+001  9.317889e-005
 7.945750e+001  1.332240e-004
 7.970500e+001  1.065673e-004
 7.995250e+001  6.560037e-005
 8.020000e+001  4.745583e-005
 8.044750e+001  8.038097e-005
 8.069500e+001  1.000578e-004
 8.094250e+001  7.937194e-005
 8.119000e+001  6.574330e-005
 8.143750e+001  4.093947e-005
 8.168500e+001  4.546184e-005
 8.193250e+001  5.315112e-005
 8.218000e+001  5.230035e-005
 8.242750e+001  6.580086e-005
 8.267500e+001  1.030091e-004
 8.292250e+001  6.578255e-005
 8.317000e+001  6.181404e-005
 8.341750e+001  8.233542e-005
 8.366500e+001  8.851933e-005
 8.391250e+001  5.402631e-005
 8.416000e+001  5.482045e-005
 8.440750e+001  5.969191e-005
 8.465500e+001  4.545948e-005
 8.490250e+001  6.755812e-005
 8.515000e+001  6.976283e-005
 8.539750e+001  6.758485e-005
 8.564500e+001  5.275186e-005
 8.589250e+001  7.290666e-005
 8.614000e+001  8.712998e-005
 8.638750e+001  1.044774e-004
 8.663500e+001  9.883281e-005
 8.688250e+001  5.816689e-005
 8.713000e+001  5.563833e-005
 8.737750e+001  5.989670e-005
 8.762500e+001  5.706406e-005
 8.787250e+001  4.091428e-005
 8.812000e+001  5.889395e-005
 8.836750e+001  7.972880e-005
 8.861500e+001  9.996463e-005
 8.886250e+001  8.785212e-005
 8.911000e+001  7.011244e-005
 8.935750e+001  5.971264e-005
 8.960500e+001  6.557227e-005
 8.985250e+001  6.691553e-005
 9.010000e+001  6.878390e-005
 9.034750e+001  9.495955e-005
 9.059500e+001  1.059038e-004
 9.084250e+001  8.216337e-005
 9.109000e+001  7.089040e-005
 9.133750e+001  1.264130e-004
 9.158500e+001  1.041930e-004
 9.183250e+001  5.385615e-005
 9.208000e+001  4.224536e-005
 9.232750e+001  7.309570e-005
 9.257500e+001  5.870888e-005
 9.282250e+001  3.418422e-005
 9.307000e+001  3.648938e-005
 9.331750e+001  4.111444e-005
 9.356500e+001  7.363003e-005
 9.381250e+001  8.149130e-005
 9.406000e+001  4.052743e-005
 9.430750e+001  4.668269e-005
 9.455500e+001  5.765216e-005
 9.480250e+001  5.971722e-005
 9.505000e+001  5.056798e-005
 9.529750e+001  7.614134e-005
 9.554500e+001  9.221665e-005
 9.579250e+001  9.140667e-005
 9.604000e+001  8.024341e-005
 9.628750e+001  8.519788e-005
 9.653500e+001  7.245537e-005
 9.678250e+001  5.241518e-005
 9.703000e+001  6.627436e-005
 9.727750e+001  6.424908e-005
 9.752500e+001  4.398807e-005
 9.777250e+001  5.688973e-005
 9.802000e+001  3.727734e-005
 9.826750e+001  3.295047e-005
 9.851500e+001  3.697683e-005
 9.876250e+001  3.431845e-005
 9.901000e+001  4.851866e-005
 9.925750e+001  4.612218e-005
 9.950500e+001  4.724131e-005
 9.975250e+001  1.293978e-004
 1.000000e+002  2.303747e-004
