 1.000000e+001  1.006694e-004
 1.061875e+001  8.492373e-005
 1.123750e+001  7.274096e-005
 1.185625e+001  9.872673e-005
 1.247500e+001  1.191937e-004
 1.309375e+001  9.515582e-005
 1.371250e+001  1.033459e-004
 1.433125e+001  1.033942e-004
 1.495000e+001  9.723739e-005
 1.556875e+001  1.089880e-004
 1.618750e+001  1.109875e-004
 1.680625e+001  1.022679e-004
 1.742500e+001  9.804224e-005
 1.804375e+001  8.577124e-005
 1.866250e+001  8.578464e-005
 1.928125e+001  6.926840e-005
 1.990000e+001  7.230201e-005
 2.051875e+001  8.473533e-005
 2.113750e+001  9.797666e-005
 2.175625e+001  1.014993e-004
 2.237500e+001  7.981958e-005
 2.299375e+001  8.558311e-005
 2.361250e+001  9.676085e-005
 2.423125e+001  8.864536e-005
 2.485000e+001  8.819590e-005
 2.546875e+001  8.332697e-005
 2.608750e+001  8.208788e-005
 2.670625e+001  9.471089e-005
 2.732500e+001  1.029787e-004
 2.794375e+001  1.025010e-004
 2.856250e+001  9.970653e-005
 2.918125e+001  6.292394e-005
 2.980000e+001  8.969652e-005
 3.041875e+001  9.959732e-005
 3.103750e+001  8.216874e-005
 3.165625e+001  8.980383e-005
 3.227500e+001  8.310661e-005
 3.289375e+001  8.664965e-005
 3.351250e+001  8.513324e-005
 3.413125e+001  8.306412e-005
 3.475000e+001  8.175533e-005
 3.536875e+001  7.490938e-005
 3.598750e+001  7.542516e-005
 3.660625e+001  8.082890e-005
 3.722500e+001  8.290974e-005
 3.784375e+001  8.086348e-005
 3.846250e+001  8.716792e-005
 3.908125e+001  8.120732e-005
 3.970000e+001  8.365750e-005
 4.031875e+001  8.357335e-005
 4.093750e+001  8.761961e-005
 4.155625e+001  8.093397e-005
 4.217500e+001  7.754232e-005
 4.279375e+001  7.061213e-005
 4.341250e+001  7.413174e-005
 4.403125e+001  6.516049e-005
 4.465000e+001  6.691637e-005
 4.526875e+001  7.335110e-005
 4.588750e+001  6.672079e-005
 4.650625e+001  7.772609e-005
 4.712500e+001  7.950323e-005
 4.774375e+001  7.719597e-005
 4.836250e+001  9.082271e-005
 4.898125e+001  2.094859e-004
 4.960000e+001  1.556019e-003
 5.021875e+001  1.904350e-003
 5.083750e+001  5.215593e-004
 5.145625e+001  1.100809e-004
 5.207500e+001  7.531025e-005
 5.269375e+001  8.176054e-005
 5.331250e+001  7.653707e-005
 5.393125e+001  8.085685e-005
 5.455000e+001  7.478953e-005
 5.516875e+001  9.367062e-005
 5.578750e+001  7.190019e-005
 5.640625e+001  8.989028e-005
 5.702500e+001  8.193266e-005
 5.764375e+001  8.241698e-005
 5.826250e+001  8.855006e-005
 5.888125e+001  8.340897e-005
 5.950000e+001  7.474468e-005
 6.011875e+001  7.009100e-005
 6.073750e+001  6.522669e-005
 6.135625e+001  6.901437e-005
 6.197500e+001  8.130371e-005
 6.259375e+001  8.393804e-005
 6.321250e+001  8.682640e-005
 6.383125e+001  9.119529e-005
 6.445000e+001  7.071750e-005
 6.506875e+001  7.483262e-005
 6.568750e+001  7.807503e-005
 6.630625e+001  7.147002e-005
 6.692500e+001  7.840300e-005
 6.754375e+001  7.409653e-005
 6.816250e+001  7.130163e-005
 6.878125e+001  7.924350e-005
 6.940000e+001  7.818204e-005
 7.001875e+001  7.620761e-005
 7.063750e+001  7.905762e-005
 7.125625e+001  8.110958e-005
 7.187500e+001  8.553610e-005
 7.249375e+001  8.329660e-005
 7.311250e+001  7.152976e-005
 7.373125e+001  6.210944e-005
 7.435000e+001  7.870894e-005
 7.496875e+001  8.131151e-005
 7.558750e+001  8.468124e-005
 7.620625e+001  9.092974e-005
 7.682500e+001  8.260697e-005
 7.744375e+001  8.259098e-005
 7.806250e+001  9.049680e-005
 7.868125e+001  8.415198e-005
 7.930000e+001  6.724970e-005
 7.991875e+001  6.379083e-005
 8.053750e+001  7.098160e-005
 8.115625e+001  8.485080e-005
 8.177500e+001  7.961388e-005
 8.239375e+001  7.349193e-005
 8.301250e+001  7.637373e-005
 8.363125e+001  8.771679e-005
 8.425000e+001  8.412011e-005
 8.486875e+001  7.650588e-005
 8.548750e+001  6.869098e-005
 8.610625e+001  7.162281e-005
 8.672500e+001  7.902233e-005
 8.734375e+001  6.787735e-005
 8.796250e+001  6.895191e-005
 8.858125e+001  8.543560e-005
 8.920000e+001  9.143459e-005
 8.981875e+001  8.647908e-005
 9.043750e+001  7.477601e-005
 9.105625e+001  6.386325e-005
 9.167500e+001  7.030484e-005
 9.229375e+001  7.124759e-005
 9.291250e+001  6.684366e-005
 9.353125e+001  7.344743e-005
 9.415000e+001  7.263837e-005
 9.476875e+001  7.096198e-005
 9.538750e+001  6.906910e-005
 9.600625e+001  7.719403e-005
 9.662500e+001  7.875854e-005
 9.724375e+001  7.759111e-005
 9.786250e+001  7.232986e-005
 9.848125e+001  7.249052e-005
 9.910000e+001  7.191976e-005
 9.971875e+001  1.391858e-004
 1.003375e+002  1.301846e-004
 1.009563e+002  7.794936e-005
 1.015750e+002  7.478253e-005
 1.021938e+002  8.103167e-005
 1.028125e+002  7.612133e-005
 1.034313e+002  7.124718e-005
 1.040500e+002  6.106071e-005
 1.046688e+002  6.116815e-005
 1.052875e+002  7.580778e-005
 1.059063e+002  8.679880e-005
 1.065250e+002  7.974643e-005
 1.071438e+002  6.874609e-005
 1.077625e+002  8.314347e-005
 1.083813e+002  8.047416e-005
 1.090000e+002  7.127940e-005
 1.096188e+002  7.602450e-005
 1.102375e+002  8.107659e-005
 1.108563e+002  8.259696e-005
 1.114750e+002  6.961521e-005
 1.120938e+002  6.645483e-005
 1.127125e+002  8.123429e-005
 1.133313e+002  7.143268e-005
 1.139500e+002  7.214907e-005
 1.145688e+002  6.949673e-005
 1.151875e+002  8.040044e-005
 1.158063e+002  7.308085e-005
 1.164250e+002  7.381976e-005
 1.170438e+002  7.091712e-005
 1.176625e+002  7.209837e-005
 1.182813e+002  6.644125e-005
 1.189000e+002  6.983053e-005
 1.195188e+002  7.012875e-005
 1.201375e+002  7.134119e-005
 1.207563e+002  8.689823e-005
 1.213750e+002  7.249211e-005
 1.219938e+002  7.147478e-005
 1.226125e+002  8.283684e-005
 1.232313e+002  8.878824e-005
 1.238500e+002  7.836714e-005
 1.244688e+002  7.909860e-005
 1.250875e+002  5.984273e-005
 1.257063e+002  6.475708e-005
 1.263250e+002  7.054437e-005
 1.269438e+002  7.149927e-005
 1.275625e+002  7.109467e-005
 1.281813e+002  7.682368e-005
 1.288000e+002  6.777980e-005
 1.294188e+002  6.748230e-005
 1.300375e+002  8.311054e-005
 1.306563e+002  8.123916e-005
 1.312750e+002  6.932697e-005
 1.318938e+002  6.511816e-005
 1.325125e+002  8.081350e-005
 1.331313e+002  7.788692e-005
 1.337500e+002  7.739038e-005
 1.343688e+002  8.367983e-005
 1.349875e+002  7.274930e-005
 1.356063e+002  5.835134e-005
 1.362250e+002  6.757728e-005
 1.368438e+002  6.742999e-005
 1.374625e+002  7.146649e-005
 1.380813e+002  7.238519e-005
 1.387000e+002  7.682935e-005
 1.393188e+002  8.296558e-005
 1.399375e+002  8.078860e-005
 1.405563e+002  8.118161e-005
 1.411750e+002  7.257875e-005
 1.417938e+002  7.448697e-005
 1.424125e+002  7.832028e-005
 1.430313e+002  7.715811e-005
 1.436500e+002  6.960103e-005
 1.442688e+002  7.838446e-005
 1.448875e+002  7.936447e-005
 1.455063e+002  6.586213e-005
 1.461250e+002  6.716018e-005
 1.467438e+002  6.283353e-005
 1.473625e+002  6.680911e-005
 1.479813e+002  8.564321e-005
 1.486000e+002  7.394290e-005
 1.492188e+002  4.758005e-004
 1.498375e+002  1.462555e-003
 1.504563e+002  1.107566e-003
 1.510750e+002  1.488799e-004
 1.516938e+002  9.117774e-005
 1.523125e+002  7.361180e-005
 1.529313e+002  6.947396e-005
 1.535500e+002  5.999044e-005
 1.541688e+002  6.581727e-005
 1.547875e+002  7.329672e-005
 1.554063e+002  7.225682e-005
 1.560250e+002  6.913905e-005
 1.566438e+002  6.114559e-005
 1.572625e+002  7.137542e-005
 1.578813e+002  6.876995e-005
 1.585000e+002  6.534578e-005
 1.591188e+002  6.892819e-005
 1.597375e+002  7.827336e-005
 1.603563e+002  7.234485e-005
 1.609750e+002  6.040652e-005
 1.615938e+002  6.905482e-005
 1.622125e+002  7.533863e-005
 1.628313e+002  6.532161e-005
 1.634500e+002  5.999747e-005
 1.640688e+002  6.933711e-005
 1.646875e+002  6.289032e-005
 1.653063e+002  5.974624e-005
 1.659250e+002  5.761942e-005
 1.665438e+002  6.195079e-005
 1.671625e+002  7.034497e-005
 1.677813e+002  7.638438e-005
 1.684000e+002  6.729737e-005
 1.690188e+002  6.421786e-005
 1.696375e+002  7.975092e-005
 1.702563e+002  7.491047e-005
 1.708750e+002  6.194778e-005
 1.714938e+002  6.418490e-005
 1.721125e+002  7.073494e-005
 1.727313e+002  7.822861e-005
 1.733500e+002  7.565618e-005
 1.739688e+002  7.742918e-005
 1.745875e+002  7.891149e-005
 1.752063e+002  7.799238e-005
 1.758250e+002  7.485021e-005
 1.764438e+002  7.527088e-005
 1.770625e+002  7.851060e-005
 1.776813e+002  8.507517e-005
 1.783000e+002  7.835113e-005
 1.789188e+002  6.478357e-005
 1.795375e+002  6.546132e-005
 1.801563e+002  7.016978e-005
 1.807750e+002  7.654031e-005
 1.813938e+002  8.023310e-005
 1.820125e+002  6.278885e-005
 1.826313e+002  7.022567e-005
 1.832500e+002  6.881678e-005
 1.838688e+002  6.570496e-005
 1.844875e+002  7.673086e-005
 1.851063e+002  7.972203e-005
 1.857250e+002  6.501489e-005
 1.863438e+002  5.933509e-005
 1.869625e+002  6.603335e-005
 1.875813e+002  6.537485e-005
 1.882000e+002  6.409797e-005
 1.888188e+002  6.471543e-005
 1.894375e+002  5.482918e-005
 1.900563e+002  5.738000e-005
 1.906750e+002  6.713587e-005
 1.912938e+002  6.000553e-005
 1.919125e+002  8.055839e-005
 1.925313e+002  7.871303e-005
 1.931500e+002  7.580097e-005
 1.937688e+002  7.179459e-005
 1.943875e+002  7.613416e-005
 1.950063e+002  9.687244e-005
 1.956250e+002  8.433812e-005
 1.962438e+002  6.117035e-005
 1.968625e+002  5.242232e-005
 1.974813e+002  7.238205e-005
 1.981000e+002  7.544753e-005
 1.987188e+002  6.963025e-005
 1.993375e+002  8.229080e-005
 1.999563e+002  9.540031e-005
 2.005750e+002  8.024544e-005
 2.011938e+002  6.730516e-005
 2.018125e+002  6.783393e-005
 2.024313e+002  7.524833e-005
 2.030500e+002  7.458259e-005
 2.036688e+002  6.676468e-005
 2.042875e+002  6.884349e-005
 2.049063e+002  6.639103e-005
 2.055250e+002  7.245318e-005
 2.061438e+002  5.962723e-005
 2.067625e+002  7.352624e-005
 2.073813e+002  7.544482e-005
 2.080000e+002  7.725289e-005
 2.086188e+002  8.000853e-005
 2.092375e+002  6.895363e-005
 2.098563e+002  7.258645e-005
 2.104750e+002  7.569701e-005
 2.110938e+002  6.024333e-005
 2.117125e+002  8.030749e-005
 2.123313e+002  7.333670e-005
 2.129500e+002  6.595663e-005
 2.135688e+002  5.919377e-005
 2.141875e+002  6.303212e-005
 2.148063e+002  8.139549e-005
 2.154250e+002  7.379335e-005
 2.160438e+002  6.282951e-005
 2.166625e+002  6.791572e-005
 2.172813e+002  7.919704e-005
 2.179000e+002  8.043320e-005
 2.185188e+002  6.731177e-005
 2.191375e+002  6.955247e-005
 2.197563e+002  7.331016e-005
 2.203750e+002  7.514741e-005
 2.209938e+002  7.901092e-005
 2.216125e+002  8.141940e-005
 2.222313e+002  7.044447e-005
 2.228500e+002  6.153434e-005
 2.234688e+002  7.478263e-005
 2.240875e+002  8.471493e-005
 2.247063e+002  6.984460e-005
 2.253250e+002  6.219129e-005
 2.259438e+002  6.274034e-005
 2.265625e+002  6.303797e-005
 2.271813e+002  7.619931e-005
 2.278000e+002  7.069192e-005
 2.284188e+002  6.275393e-005
 2.290375e+002  6.903823e-005
 2.296563e+002  6.614995e-005
 2.302750e+002  6.516600e-005
 2.308938e+002  6.210670e-005
 2.315125e+002  6.457731e-005
 2.321313e+002  7.293770e-005
 2.327500e+002  6.480715e-005
 2.333688e+002  7.468439e-005
 2.339875e+002  8.652257e-005
 2.346063e+002  7.060992e-005
 2.352250e+002  6.558423e-005
 2.358438e+002  7.654430e-005
 2.364625e+002  7.672401e-005
 2.370813e+002  7.382584e-005
 2.377000e+002  7.364380e-005
 2.383188e+002  7.997416e-005
 2.389375e+002  8.631822e-005
 2.395563e+002  7.106313e-005
 2.401750e+002  7.599979e-005
 2.407938e+002  6.639587e-005
 2.414125e+002  6.067221e-005
 2.420313e+002  7.974759e-005
 2.426500e+002  8.125020e-005
 2.432688e+002  7.268671e-005
 2.438875e+002  7.253450e-005
 2.445063e+002  6.343497e-005
 2.451250e+002  6.474741e-005
 2.457438e+002  6.921349e-005
 2.463625e+002  7.441657e-005
 2.469813e+002  7.429018e-005
 2.476000e+002  7.018130e-005
 2.482188e+002  6.199883e-005
 2.488375e+002  6.815684e-005
 2.494563e+002  2.276390e-004
 2.500750e+002  4.071549e-004
 2.506938e+002  1.978692e-004
 2.513125e+002  6.881062e-005
 2.519313e+002  7.675088e-005
 2.525500e+002  7.724050e-005
 2.531688e+002  6.396085e-005
 2.537875e+002  6.770952e-005
 2.544063e+002  8.382219e-005
 2.550250e+002  7.267946e-005
 2.556438e+002  7.087050e-005
 2.562625e+002  7.046278e-005
 2.568813e+002  7.497469e-005
 2.575000e+002  7.806961e-005
 2.581188e+002  8.129637e-005
 2.587375e+002  7.237016e-005
 2.593563e+002  7.203269e-005
 2.599750e+002  7.431628e-005
 2.605938e+002  7.138363e-005
 2.612125e+002  5.627020e-005
 2.618313e+002  6.704904e-005
 2.624500e+002  6.880485e-005
 2.630688e+002  6.253791e-005
 2.636875e+002  7.456910e-005
 2.643063e+002  7.353563e-005
 2.649250e+002  8.144537e-005
 2.655438e+002  8.586645e-005
 2.661625e+002  6.919317e-005
 2.667813e+002  6.667568e-005
 2.674000e+002  7.269586e-005
 2.680188e+002  7.412232e-005
 2.686375e+002  7.353822e-005
 2.692563e+002  7.002949e-005
 2.698750e+002  6.212914e-005
 2.704938e+002  5.969946e-005
 2.711125e+002  6.378574e-005
 2.717313e+002  6.207398e-005
 2.723500e+002  7.210026e-005
 2.729688e+002  7.359165e-005
 2.735875e+002  8.423619e-005
 2.742063e+002  7.941060e-005
 2.748250e+002  8.011256e-005
 2.754438e+002  9.858098e-005
 2.760625e+002  7.997764e-005
 2.766813e+002  6.762571e-005
 2.773000e+002  6.061446e-005
 2.779188e+002  7.270946e-005
 2.785375e+002  7.018309e-005
 2.791563e+002  6.335671e-005
 2.797750e+002  7.096501e-005
 2.803938e+002  7.025968e-005
 2.810125e+002  7.886486e-005
 2.816313e+002  7.141898e-005
 2.822500e+002  6.502054e-005
 2.828688e+002  7.119915e-005
 2.834875e+002  7.613250e-005
 2.841063e+002  7.616037e-005
 2.847250e+002  7.492440e-005
 2.853438e+002  7.708456e-005
 2.859625e+002  6.238847e-005
 2.865813e+002  6.020371e-005
 2.872000e+002  6.954492e-005
 2.878188e+002  7.271482e-005
 2.884375e+002  7.508092e-005
 2.890563e+002  7.573897e-005
 2.896750e+002  6.488538e-005
 2.902938e+002  5.737411e-005
 2.909125e+002  6.814237e-005
 2.915313e+002  6.240414e-005
 2.921500e+002  8.078016e-005
 2.927688e+002  9.426433e-005
 2.933875e+002  8.875329e-005
 2.940063e+002  6.988896e-005
 2.946250e+002  6.453657e-005
 2.952438e+002  7.386772e-005
 2.958625e+002  7.633252e-005
 2.964813e+002  6.715235e-005
 2.971000e+002  6.148439e-005
 2.977188e+002  5.572799e-005
 2.983375e+002  6.299471e-005
 2.989563e+002  6.266903e-005
 2.995750e+002  6.765014e-005
 3.001938e+002  6.910309e-005
 3.008125e+002  6.425064e-005
 3.014313e+002  7.173332e-005
 3.020500e+002  7.438258e-005
 3.026688e+002  7.324660e-005
 3.032875e+002  7.753361e-005
 3.039063e+002  6.690217e-005
 3.045250e+002  6.679268e-005
 3.051438e+002  7.472431e-005
 3.057625e+002  6.675958e-005
 3.063813e+002  6.865231e-005
 3.070000e+002  6.322074e-005
 3.076188e+002  7.305880e-005
 3.082375e+002  7.551916e-005
 3.088563e+002  8.056345e-005
 3.094750e+002  7.129719e-005
 3.100938e+002  7.134285e-005
 3.107125e+002  6.554275e-005
 3.113313e+002  6.398279e-005
 3.119500e+002  7.256389e-005
 3.125688e+002  6.385691e-005
 3.131875e+002  6.178835e-005
 3.138063e+002  6.731983e-005
 3.144250e+002  6.910207e-005
 3.150437e+002  8.038561e-005
 3.156625e+002  6.941176e-005
 3.162812e+002  6.007708e-005
 3.169000e+002  7.288632e-005
 3.175187e+002  7.501038e-005
 3.181375e+002  6.237044e-005
 3.187562e+002  6.417513e-005
 3.193750e+002  5.910219e-005
 3.199937e+002  6.077208e-005
 3.206125e+002  6.723185e-005
 3.212312e+002  6.331514e-005
 3.218500e+002  7.203231e-005
 3.224687e+002  7.601710e-005
 3.230875e+002  7.033305e-005
 3.237062e+002  6.859848e-005
 3.243250e+002  7.138016e-005
 3.249437e+002  6.196126e-005
 3.255625e+002  6.400989e-005
 3.261812e+002  6.084745e-005
 3.268000e+002  6.251140e-005
 3.274187e+002  6.556212e-005
 3.280375e+002  7.427623e-005
 3.286562e+002  8.312826e-005
 3.292750e+002  7.037776e-005
 3.298937e+002  6.001934e-005
 3.305125e+002  5.623538e-005
 3.311312e+002  6.421820e-005
 3.317500e+002  6.006979e-005
 3.323687e+002  6.188180e-005
 3.329875e+002  6.650497e-005
 3.336062e+002  7.975466e-005
 3.342250e+002  7.244984e-005
 3.348437e+002  7.048059e-005
 3.354625e+002  7.303188e-005
 3.360812e+002  7.090634e-005
 3.367000e+002  6.401514e-005
 3.373187e+002  6.424749e-005
 3.379375e+002  8.043504e-005
 3.385562e+002  6.779851e-005
 3.391750e+002  7.459862e-005
 3.397937e+002  7.586313e-005
 3.404125e+002  6.867205e-005
 3.410312e+002  6.182041e-005
 3.416500e+002  7.220028e-005
 3.422687e+002  7.120497e-005
 3.428875e+002  5.495003e-005
 3.435062e+002  7.560632e-005
 3.441250e+002  7.313199e-005
 3.447437e+002  7.852656e-005
 3.453625e+002  6.710425e-005
 3.459812e+002  6.048491e-005
 3.466000e+002  7.820003e-005
 3.472187e+002  8.024292e-005
 3.478375e+002  7.129550e-005
 3.484562e+002  7.911689e-005
 3.490750e+002  7.358871e-005
 3.496937e+002  7.491622e-005
 3.503125e+002  6.878332e-005
 3.509312e+002  7.255482e-005
 3.515500e+002  6.703864e-005
 3.521687e+002  7.741784e-005
 3.527875e+002  7.716866e-005
 3.534062e+002  7.716445e-005
 3.540250e+002  6.408383e-005
 3.546437e+002  7.133139e-005
 3.552625e+002  7.499972e-005
 3.558812e+002  6.787633e-005
 3.565000e+002  6.439071e-005
 3.571187e+002  5.923084e-005
 3.577375e+002  6.272474e-005
 3.583562e+002  7.020587e-005
 3.589750e+002  6.349688e-005
 3.595937e+002  6.799386e-005
 3.602125e+002  6.404787e-005
 3.608312e+002  6.104089e-005
 3.614500e+002  7.122344e-005
 3.620687e+002  7.437253e-005
 3.626875e+002  7.268933e-005
 3.633062e+002  7.129877e-005
 3.639250e+002  7.203269e-005
 3.645437e+002  7.704145e-005
 3.651625e+002  7.944374e-005
 3.657812e+002  7.680089e-005
 3.664000e+002  7.593848e-005
 3.670187e+002  7.305117e-005
 3.676375e+002  7.157664e-005
 3.682562e+002  6.451721e-005
 3.688750e+002  6.584161e-005
 3.694937e+002  6.405462e-005
 3.701125e+002  6.353105e-005
 3.707312e+002  6.131298e-005
 3.713500e+002  7.083605e-005
 3.719687e+002  7.837212e-005
 3.725875e+002  7.702978e-005
 3.732062e+002  8.564366e-005
 3.738250e+002  8.136506e-005
 3.744437e+002  6.890894e-005
 3.750625e+002  6.841517e-005
 3.756812e+002  6.768452e-005
 3.763000e+002  6.308237e-005
 3.769187e+002  6.530193e-005
 3.775375e+002  7.926108e-005
 3.781562e+002  7.121298e-005
 3.787750e+002  7.631235e-005
 3.793937e+002  6.594790e-005
 3.800125e+002  6.925930e-005
 3.806312e+002  7.046197e-005
 3.812500e+002  7.643886e-005
 3.818687e+002  7.027767e-005
 3.824875e+002  6.405059e-005
 3.831062e+002  8.530707e-005
 3.837250e+002  8.294946e-005
 3.843437e+002  7.279671e-005
 3.849625e+002  6.422205e-005
 3.855812e+002  5.380831e-005
 3.862000e+002  5.770048e-005
 3.868187e+002  6.107983e-005
 3.874375e+002  6.770532e-005
 3.880562e+002  7.635932e-005
 3.886750e+002  5.985828e-005
 3.892937e+002  5.948525e-005
 3.899125e+002  6.225607e-005
 3.905312e+002  6.639322e-005
 3.911500e+002  7.201187e-005
 3.917687e+002  8.736506e-005
 3.923875e+002  8.347691e-005
 3.930062e+002  7.028453e-005
 3.936250e+002  8.068655e-005
 3.942437e+002  7.633884e-005
 3.948625e+002  6.623513e-005
 3.954812e+002  6.510411e-005
 3.961000e+002  8.218362e-005
 3.967187e+002  8.305909e-005
 3.973375e+002  7.248383e-005
 3.979562e+002  7.377973e-005
 3.985750e+002  8.394813e-005
 3.991937e+002  6.706954e-005
 3.998125e+002  7.150345e-005
 4.004312e+002  8.159992e-005
 4.010500e+002  7.553522e-005
 4.016687e+002  8.148774e-005
 4.022875e+002  6.500964e-005
 4.029062e+002  7.010883e-005
 4.035250e+002  7.235971e-005
 4.041437e+002  6.800782e-005
 4.047625e+002  6.497579e-005
 4.053812e+002  8.489395e-005
 4.060000e+002  7.633471e-005
 4.066187e+002  7.185228e-005
 4.072375e+002  8.135030e-005
 4.078562e+002  7.390214e-005
 4.084750e+002  5.647359e-005
 4.090937e+002  5.554671e-005
 4.097125e+002  7.553567e-005
 4.103312e+002  8.164617e-005
 4.109500e+002  6.705409e-005
 4.115687e+002  4.983090e-005
 4.121875e+002  5.909798e-005
 4.128062e+002  8.269635e-005
 4.134250e+002  7.780788e-005
 4.140437e+002  7.775815e-005
 4.146625e+002  8.550098e-005
 4.152812e+002  7.909894e-005
 4.159000e+002  8.218164e-005
 4.165187e+002  8.185458e-005
 4.171375e+002  7.609767e-005
 4.177562e+002  6.569211e-005
 4.183750e+002  5.333411e-005
 4.189937e+002  6.793895e-005
 4.196125e+002  7.824621e-005
 4.202312e+002  7.728338e-005
 4.208500e+002  8.052665e-005
 4.214687e+002  8.232016e-005
 4.220875e+002  6.289425e-005
 4.227062e+002  6.261874e-005
 4.233250e+002  6.953529e-005
 4.239437e+002  6.492989e-005
 4.245625e+002  6.458533e-005
 4.251812e+002  6.722708e-005
 4.258000e+002  6.835189e-005
 4.264187e+002  6.548935e-005
 4.270375e+002  6.408625e-005
 4.276562e+002  6.686550e-005
 4.282750e+002  5.678542e-005
 4.288937e+002  7.049027e-005
 4.295125e+002  7.485085e-005
 4.301312e+002  7.308538e-005
 4.307500e+002  8.385202e-005
 4.313687e+002  7.604471e-005
 4.319875e+002  8.058638e-005
 4.326062e+002  7.586280e-005
 4.332250e+002  6.954324e-005
 4.338437e+002  5.888410e-005
 4.344625e+002  6.308157e-005
 4.350812e+002  6.867479e-005
 4.357000e+002  7.148316e-005
 4.363187e+002  6.476637e-005
 4.369375e+002  7.890906e-005
 4.375562e+002  7.498105e-005
 4.381750e+002  8.192511e-005
 4.387937e+002  8.462175e-005
 4.394125e+002  8.845481e-005
 4.400312e+002  6.938327e-005
 4.406500e+002  6.749435e-005
 4.412687e+002  6.208926e-005
 4.418875e+002  6.800028e-005
 4.425062e+002  7.323916e-005
 4.431250e+002  7.409191e-005
 4.437437e+002  6.751100e-005
 4.443625e+002  6.805336e-005
 4.449812e+002  6.746417e-005
 4.456000e+002  5.270748e-005
 4.462187e+002  7.545479e-005
 4.468375e+002  6.886050e-005
 4.474562e+002  7.418885e-005
 4.480750e+002  7.040498e-005
 4.486937e+002  6.614735e-005
 4.493125e+002  9.896228e-005
 4.499312e+002  2.123027e-004
 4.505500e+002  1.516121e-004
 4.511687e+002  6.923878e-005
 4.517875e+002  6.615963e-005
 4.524062e+002  6.829959e-005
 4.530250e+002  5.984171e-005
 4.536437e+002  6.787530e-005
 4.542625e+002  8.097122e-005
 4.548812e+002  8.322807e-005
 4.555000e+002  7.775897e-005
 4.561187e+002  8.055774e-005
 4.567375e+002  8.125359e-005
 4.573562e+002  6.987847e-005
 4.579750e+002  7.403182e-005
 4.585937e+002  7.843263e-005
 4.592125e+002  7.169608e-005
 4.598312e+002  7.018763e-005
 4.604500e+002  6.974434e-005
 4.610687e+002  6.031267e-005
 4.616875e+002  7.093726e-005
 4.623062e+002  6.726959e-005
 4.629250e+002  6.598377e-005
 4.635437e+002  6.654664e-005
 4.641625e+002  7.016842e-005
 4.647812e+002  6.646640e-005
 4.654000e+002  7.269691e-005
 4.660187e+002  8.188085e-005
 4.666375e+002  8.470365e-005
 4.672562e+002  8.142594e-005
 4.678750e+002  7.161605e-005
 4.684937e+002  5.217148e-005
 4.691125e+002  5.325249e-005
 4.697312e+002  5.740048e-005
 4.703500e+002  5.661568e-005
 4.709687e+002  5.305333e-005
 4.715875e+002  6.215498e-005
 4.722062e+002  6.232347e-005
 4.728250e+002  7.849894e-005
 4.734437e+002  8.424789e-005
 4.740625e+002  8.575937e-005
 4.746812e+002  8.072822e-005
 4.753000e+002  6.632536e-005
 4.759187e+002  6.842861e-005
 4.765375e+002  5.984722e-005
 4.771562e+002  5.147499e-005
 4.777750e+002  6.313557e-005
 4.783937e+002  7.848330e-005
 4.790125e+002  7.759334e-005
 4.796312e+002  6.644511e-005
 4.802500e+002  6.566896e-005
 4.808687e+002  7.058239e-005
 4.814875e+002  6.304658e-005
 4.821062e+002  6.903474e-005
 4.827250e+002  7.816321e-005
 4.833437e+002  7.702005e-005
 4.839625e+002  8.144694e-005
 4.845812e+002  8.305658e-005
 4.852000e+002  6.728281e-005
 4.858187e+002  7.159029e-005
 4.864375e+002  7.863269e-005
 4.870562e+002  7.542202e-005
 4.876750e+002  6.554502e-005
 4.882937e+002  5.892577e-005
 4.889125e+002  7.569729e-005
 4.895312e+002  7.875524e-005
 4.901500e+002  6.609995e-005
 4.907687e+002  6.236833e-005
 4.913875e+002  7.051047e-005
 4.920062e+002  7.422266e-005
 4.926250e+002  7.209852e-005
 4.932437e+002  7.654638e-005
 4.938625e+002  6.536831e-005
 4.944812e+002  7.216231e-005
 4.951000e+002  6.990122e-005
 4.957187e+002  7.833224e-005
 4.963375e+002  7.378914e-005
 4.969562e+002  5.716857e-005
 4.975750e+002  5.872706e-005
 4.981937e+002  8.811899e-005
 4.988125e+002  9.012238e-005
 4.994312e+002  7.516692e-005
 5.000500e+002  6.510331e-005
 5.006687e+002  6.074400e-005
 5.012875e+002  6.923474e-005
 5.019062e+002  8.328154e-005
 5.025250e+002  7.892150e-005
 5.031437e+002  8.050528e-005
 5.037625e+002  8.563362e-005
 5.043812e+002  7.958384e-005
 5.050000e+002  6.564391e-005
 5.056187e+002  6.824300e-005
 5.062375e+002  7.131669e-005
 5.068562e+002  6.915687e-005
 5.074750e+002  7.426023e-005
 5.080937e+002  6.650486e-005
 5.087125e+002  7.468312e-005
 5.093312e+002  6.883944e-005
 5.099500e+002  6.772036e-005
 5.105687e+002  7.328385e-005
 5.111875e+002  6.656692e-005
 5.118062e+002  7.699802e-005
 5.124250e+002  7.743682e-005
 5.130437e+002  7.400522e-005
 5.136625e+002  8.299729e-005
 5.142812e+002  8.233142e-005
 5.149000e+002  6.658983e-005
 5.155187e+002  6.182628e-005
 5.161375e+002  6.119800e-005
 5.167562e+002  5.902159e-005
 5.173750e+002  7.549222e-005
 5.179937e+002  7.962184e-005
 5.186125e+002  8.175787e-005
 5.192312e+002  7.339431e-005
 5.198500e+002  6.885151e-005
 5.204687e+002  6.545228e-005
 5.210875e+002  7.015898e-005
 5.217062e+002  6.576877e-005
 5.223250e+002  6.628469e-005
 5.229437e+002  6.716924e-005
 5.235625e+002  7.158772e-005
 5.241812e+002  7.632929e-005
 5.248000e+002  7.287751e-005
 5.254187e+002  7.459048e-005
 5.260375e+002  7.275272e-005
 5.266562e+002  6.447809e-005
 5.272750e+002  6.858571e-005
 5.278937e+002  7.244632e-005
 5.285125e+002  6.549275e-005
 5.291312e+002  7.839261e-005
 5.297500e+002  8.609331e-005
 5.303687e+002  8.292737e-005
 5.309875e+002  6.649489e-005
 5.316062e+002  6.463147e-005
 5.322250e+002  6.398077e-005
 5.328437e+002  5.923364e-005
 5.334625e+002  6.729538e-005
 5.340812e+002  7.449419e-005
 5.347000e+002  6.954681e-005
 5.353187e+002  6.402775e-005
 5.359375e+002  6.501810e-005
 5.365562e+002  6.595143e-005
 5.371750e+002  7.540221e-005
 5.377937e+002  8.040380e-005
 5.384125e+002  8.384310e-005
 5.390312e+002  8.029248e-005
 5.396500e+002  8.084763e-005
 5.402687e+002  7.122699e-005
 5.408875e+002  7.834503e-005
 5.415062e+002  8.865282e-005
 5.421250e+002  8.094168e-005
 5.427437e+002  6.443814e-005
 5.433625e+002  5.898764e-005
 5.439812e+002  6.112280e-005
 5.446000e+002  5.374365e-005
 5.452187e+002  6.082271e-005
 5.458375e+002  6.653842e-005
 5.464562e+002  5.484186e-005
 5.470750e+002  6.359469e-005
 5.476937e+002  6.008475e-005
 5.483125e+002  6.550714e-005
 5.489312e+002  6.932198e-005
 5.495500e+002  8.007103e-005
 5.501687e+002  8.783584e-005
 5.507875e+002  6.596957e-005
 5.514062e+002  7.039650e-005
 5.520250e+002  8.205791e-005
 5.526437e+002  7.053650e-005
 5.532625e+002  5.917853e-005
 5.538812e+002  6.569918e-005
 5.545000e+002  6.711019e-005
 5.551187e+002  6.092505e-005
 5.557375e+002  6.366512e-005
 5.563562e+002  5.862077e-005
 5.569750e+002  5.775569e-005
 5.575937e+002  7.717205e-005
 5.582125e+002  8.228843e-005
 5.588312e+002  6.630739e-005
 5.594500e+002  6.444973e-005
 5.600687e+002  6.115422e-005
 5.606875e+002  7.428304e-005
 5.613062e+002  7.518792e-005
 5.619250e+002  6.020284e-005
 5.625437e+002  4.913760e-005
 5.631625e+002  5.533771e-005
 5.637812e+002  5.937467e-005
 5.644000e+002  5.784776e-005
 5.650187e+002  6.113263e-005
 5.656375e+002  7.291662e-005
 5.662562e+002  6.722624e-005
 5.668750e+002  5.868593e-005
 5.674937e+002  7.124698e-005
 5.681125e+002  7.433580e-005
 5.687312e+002  7.392728e-005
 5.693500e+002  7.327721e-005
 5.699687e+002  8.576760e-005
 5.705875e+002  7.866358e-005
 5.712062e+002  7.286500e-005
 5.718250e+002  7.159267e-005
 5.724437e+002  7.304929e-005
 5.730625e+002  6.080963e-005
 5.736812e+002  6.900852e-005
 5.743000e+002  6.494673e-005
 5.749187e+002  7.108261e-005
 5.755375e+002  7.127479e-005
 5.761562e+002  6.328980e-005
 5.767750e+002  6.984294e-005
 5.773937e+002  7.176997e-005
 5.780125e+002  7.487796e-005
 5.786312e+002  7.462333e-005
 5.792500e+002  5.712927e-005
 5.798687e+002  5.838829e-005
 5.804875e+002  6.826643e-005
 5.811062e+002  6.903921e-005
 5.817250e+002  5.582590e-005
 5.823437e+002  6.573981e-005
 5.829625e+002  7.238411e-005
 5.835812e+002  7.308007e-005
 5.842000e+002  7.191561e-005
 5.848187e+002  7.687708e-005
 5.854375e+002  6.286863e-005
 5.860562e+002  6.436896e-005
 5.866750e+002  7.641499e-005
 5.872937e+002  7.737202e-005
 5.879125e+002  7.238883e-005
 5.885312e+002  6.204356e-005
 5.891500e+002  5.420397e-005
 5.897687e+002  5.492271e-005
 5.903875e+002  5.763124e-005
 5.910062e+002  7.159679e-005
 5.916250e+002  6.296444e-005
 5.922437e+002  5.786597e-005
 5.928625e+002  6.591736e-005
 5.934812e+002  6.681896e-005
 5.941000e+002  6.253171e-005
 5.947187e+002  7.018601e-005
 5.953375e+002  8.394916e-005
 5.959562e+002  8.202687e-005
 5.965750e+002  6.541474e-005
 5.971937e+002  7.068504e-005
 5.978125e+002  6.967421e-005
 5.984312e+002  7.533512e-005
 5.990500e+002  7.597666e-005
 5.996687e+002  6.760724e-005
 6.002875e+002  8.041486e-005
 6.009062e+002  7.257084e-005
 6.015250e+002  6.849791e-005
 6.021437e+002  7.302321e-005
 6.027625e+002  7.683116e-005
 6.033812e+002  6.875561e-005
 6.040000e+002  6.297546e-005
 6.046187e+002  6.743363e-005
 6.052375e+002  6.561992e-005
 6.058562e+002  6.524832e-005
 6.064750e+002  7.979118e-005
 6.070937e+002  8.609993e-005
 6.077125e+002  6.968768e-005
 6.083312e+002  7.033452e-005
 6.089500e+002  6.672039e-005
 6.095687e+002  6.725199e-005
 6.101875e+002  6.275854e-005
 6.108062e+002  6.699505e-005
 6.114250e+002  7.659480e-005
 6.120437e+002  8.020418e-005
 6.126625e+002  7.175812e-005
 6.132812e+002  7.706480e-005
 6.139000e+002  6.943176e-005
 6.145187e+002  7.018410e-005
 6.151375e+002  6.952930e-005
 6.157562e+002  6.633157e-005
 6.163750e+002  5.518434e-005
 6.169937e+002  6.056263e-005
 6.176125e+002  6.668533e-005
 6.182312e+002  7.033325e-005
 6.188500e+002  6.345875e-005
 6.194687e+002  6.490759e-005
 6.200875e+002  6.600035e-005
 6.207062e+002  6.936135e-005
 6.213250e+002  6.932278e-005
 6.219437e+002  6.358163e-005
 6.225625e+002  7.960032e-005
 6.231812e+002  8.042626e-005
 6.238000e+002  6.528466e-005
 6.244187e+002  6.130210e-005
 6.250375e+002  5.776071e-005
 6.256562e+002  6.457728e-005
 6.262750e+002  6.849896e-005
 6.268937e+002  8.170847e-005
 6.275125e+002  7.192741e-005
 6.281312e+002  6.519730e-005
 6.287500e+002  6.663767e-005
 6.293687e+002  7.283417e-005
 6.299875e+002  7.104337e-005
 6.306062e+002  6.788873e-005
 6.312250e+002  6.883009e-005
 6.318437e+002  7.337576e-005
 6.324625e+002  6.014364e-005
 6.330812e+002  5.134573e-005
 6.337000e+002  6.974185e-005
 6.343187e+002  8.174890e-005
 6.349375e+002  7.976951e-005
 6.355562e+002  8.572250e-005
 6.361750e+002  8.027067e-005
 6.367937e+002  7.141776e-005
 6.374125e+002  6.316696e-005
 6.380312e+002  5.891372e-005
 6.386500e+002  7.001115e-005
 6.392687e+002  7.494635e-005
 6.398875e+002  6.215427e-005
 6.405062e+002  6.372663e-005
 6.411250e+002  6.749235e-005
 6.417437e+002  6.627636e-005
 6.423625e+002  6.363058e-005
 6.429812e+002  6.440817e-005
 6.436000e+002  6.505869e-005
 6.442187e+002  6.481665e-005
 6.448375e+002  7.182276e-005
 6.454562e+002  7.668966e-005
 6.460750e+002  6.190774e-005
 6.466937e+002  6.643162e-005
 6.473125e+002  6.613132e-005
 6.479312e+002  7.454814e-005
 6.485500e+002  7.663728e-005
 6.491687e+002  6.972321e-005
 6.497875e+002  7.663988e-005
 6.504062e+002  7.076446e-005
 6.510250e+002  7.392241e-005
 6.516437e+002  8.275392e-005
 6.522625e+002  8.203378e-005
 6.528812e+002  8.257085e-005
 6.535000e+002  7.282618e-005
 6.541187e+002  5.871931e-005
 6.547375e+002  5.662868e-005
 6.553562e+002  6.702355e-005
 6.559750e+002  4.916921e-005
 6.565937e+002  6.642874e-005
 6.572125e+002  6.208715e-005
 6.578312e+002  5.700842e-005
 6.584500e+002  5.887353e-005
 6.590687e+002  7.991755e-005
 6.596875e+002  7.677058e-005
 6.603062e+002  6.399555e-005
 6.609250e+002  6.553302e-005
 6.615437e+002  6.762435e-005
 6.621625e+002  6.312841e-005
 6.627812e+002  5.884849e-005
 6.634000e+002  7.133986e-005
 6.640187e+002  6.191589e-005
 6.646375e+002  5.386368e-005
 6.652562e+002  6.710584e-005
 6.658750e+002  6.491245e-005
 6.664937e+002  5.875257e-005
 6.671125e+002  6.410588e-005
 6.677312e+002  7.376659e-005
 6.683500e+002  8.078012e-005
 6.689687e+002  5.924080e-005
 6.695875e+002  5.510793e-005
 6.702062e+002  5.386973e-005
 6.708250e+002  5.997393e-005
 6.714437e+002  7.448918e-005
 6.720625e+002  6.891398e-005
 6.726812e+002  7.186034e-005
 6.733000e+002  6.896035e-005
 6.739187e+002  7.649460e-005
 6.745375e+002  6.545944e-005
 6.751562e+002  6.450642e-005
 6.757750e+002  5.550904e-005
 6.763937e+002  7.457405e-005
 6.770125e+002  7.982956e-005
 6.776312e+002  7.739080e-005
 6.782500e+002  6.340596e-005
 6.788687e+002  5.861725e-005
 6.794875e+002  6.468530e-005
 6.801062e+002  6.323582e-005
 6.807250e+002  5.351897e-005
 6.813437e+002  7.216874e-005
 6.819625e+002  8.390642e-005
 6.825812e+002  8.453638e-005
 6.832000e+002  7.843121e-005
 6.838187e+002  7.108466e-005
 6.844375e+002  6.704499e-005
 6.850562e+002  6.128668e-005
 6.856750e+002  5.117424e-005
 6.862937e+002  7.041137e-005
 6.869125e+002  7.332609e-005
 6.875312e+002  6.601645e-005
 6.881500e+002  7.729391e-005
 6.887687e+002  7.466324e-005
 6.893875e+002  6.435538e-005
 6.900062e+002  6.691490e-005
 6.906250e+002  7.998667e-005
 6.912437e+002  6.104628e-005
 6.918625e+002  6.936853e-005
 6.924812e+002  6.916766e-005
 6.931000e+002  6.908382e-005
 6.937187e+002  7.346372e-005
 6.943375e+002  6.678969e-005
 6.949562e+002  6.458294e-005
 6.955750e+002  6.377338e-005
 6.961937e+002  7.015923e-005
 6.968125e+002  7.280841e-005
 6.974312e+002  8.271874e-005
 6.980500e+002  7.050416e-005
 6.986687e+002  6.714872e-005
 6.992875e+002  6.482265e-005
 6.999062e+002  6.391941e-005
 7.005250e+002  7.064206e-005
 7.011437e+002  6.699498e-005
 7.017625e+002  6.078685e-005
 7.023812e+002  6.939321e-005
 7.030000e+002  7.288801e-005
 7.036187e+002  5.580705e-005
 7.042375e+002  5.645341e-005
 7.048562e+002  7.676319e-005
 7.054750e+002  7.619040e-005
 7.060937e+002  6.668977e-005
 7.067125e+002  6.187926e-005
 7.073312e+002  7.071899e-005
 7.079500e+002  6.814366e-005
 7.085687e+002  6.672988e-005
 7.091875e+002  5.287064e-005
 7.098062e+002  6.149528e-005
 7.104250e+002  7.831137e-005
 7.110437e+002  7.317860e-005
 7.116625e+002  7.252054e-005
 7.122812e+002  6.976329e-005
 7.129000e+002  7.696839e-005
 7.135187e+002  6.667987e-005
 7.141375e+002  6.775956e-005
 7.147562e+002  6.965979e-005
 7.153750e+002  8.211146e-005
 7.159937e+002  6.836883e-005
 7.166125e+002  5.901923e-005
 7.172312e+002  5.101258e-005
 7.178500e+002  5.067928e-005
 7.184687e+002  5.802341e-005
 7.190875e+002  6.926100e-005
 7.197062e+002  7.219528e-005
 7.203250e+002  7.762694e-005
 7.209437e+002  7.179623e-005
 7.215625e+002  7.310459e-005
 7.221812e+002  7.526674e-005
 7.228000e+002  7.207455e-005
 7.234187e+002  7.462784e-005
 7.240375e+002  6.617220e-005
 7.246562e+002  6.682969e-005
 7.252750e+002  6.978324e-005
 7.258937e+002  7.956447e-005
 7.265125e+002  6.663045e-005
 7.271312e+002  7.952467e-005
 7.277500e+002  7.611767e-005
 7.283687e+002  6.985511e-005
 7.289875e+002  7.204775e-005
 7.296062e+002  7.112395e-005
 7.302250e+002  5.769457e-005
 7.308437e+002  6.555406e-005
 7.314625e+002  6.751837e-005
 7.320812e+002  6.516036e-005
 7.327000e+002  7.151336e-005
 7.333187e+002  7.210347e-005
 7.339375e+002  6.395298e-005
 7.345562e+002  5.754138e-005
 7.351750e+002  6.918500e-005
 7.357937e+002  6.415585e-005
 7.364125e+002  6.802418e-005
 7.370312e+002  7.198764e-005
 7.376500e+002  7.712299e-005
 7.382687e+002  8.856615e-005
 7.388875e+002  7.825038e-005
 7.395062e+002  5.781411e-005
 7.401250e+002  4.658369e-005
 7.407437e+002  6.422684e-005
 7.413625e+002  7.595603e-005
 7.419812e+002  6.937468e-005
 7.426000e+002  6.121293e-005
 7.432187e+002  6.286612e-005
 7.438375e+002  7.422231e-005
 7.444562e+002  8.297212e-005
 7.450750e+002  8.114977e-005
 7.456937e+002  6.578600e-005
 7.463125e+002  7.188038e-005
 7.469312e+002  7.657219e-005
 7.475500e+002  5.057107e-005
 7.481687e+002  6.246964e-005
 7.487875e+002  7.419286e-005
 7.494062e+002  5.643426e-005
 7.500250e+002  6.983282e-005
 7.506437e+002  5.498183e-005
 7.512625e+002  6.073238e-005
 7.518812e+002  7.239356e-005
 7.525000e+002  7.254550e-005
 7.531187e+002  6.417582e-005
 7.537375e+002  6.188068e-005
 7.543562e+002  6.543595e-005
 7.549750e+002  6.605649e-005
 7.555937e+002  7.540712e-005
 7.562125e+002  6.450081e-005
 7.568312e+002  6.343077e-005
 7.574500e+002  6.028206e-005
 7.580687e+002  6.025464e-005
 7.586875e+002  7.299866e-005
 7.593062e+002  6.875797e-005
 7.599250e+002  6.905609e-005
 7.605437e+002  7.688957e-005
 7.611625e+002  6.998441e-005
 7.617812e+002  6.254327e-005
 7.624000e+002  6.164748e-005
 7.630187e+002  6.324713e-005
 7.636375e+002  6.329121e-005
 7.642562e+002  6.731523e-005
 7.648750e+002  7.241807e-005
 7.654937e+002  7.823356e-005
 7.661125e+002  7.019017e-005
 7.667312e+002  6.481590e-005
 7.673500e+002  6.922382e-005
 7.679687e+002  9.142107e-005
 7.685875e+002  8.798722e-005
 7.692062e+002  7.910351e-005
 7.698250e+002  6.081369e-005
 7.704437e+002  6.054354e-005
 7.710625e+002  6.228352e-005
 7.716812e+002  7.184937e-005
 7.723000e+002  6.641609e-005
 7.729187e+002  7.515252e-005
 7.735375e+002  7.225319e-005
 7.741562e+002  6.199304e-005
 7.747750e+002  6.943245e-005
 7.753937e+002  6.681471e-005
 7.760125e+002  5.095405e-005
 7.766312e+002  6.457818e-005
 7.772500e+002  6.545979e-005
 7.778687e+002  7.192068e-005
 7.784875e+002  7.406483e-005
 7.791062e+002  7.356159e-005
 7.797250e+002  7.848615e-005
 7.803437e+002  8.132531e-005
 7.809625e+002  7.003510e-005
 7.815812e+002  6.211665e-005
 7.822000e+002  5.867740e-005
 7.828187e+002  6.606683e-005
 7.834375e+002  7.635255e-005
 7.840562e+002  7.026810e-005
 7.846750e+002  6.196346e-005
 7.852937e+002  6.482118e-005
 7.859125e+002  6.279984e-005
 7.865312e+002  7.083320e-005
 7.871500e+002  6.485366e-005
 7.877687e+002  7.437012e-005
 7.883875e+002  6.253823e-005
 7.890062e+002  6.155620e-005
 7.896250e+002  7.354147e-005
 7.902437e+002  7.780427e-005
 7.908625e+002  8.224886e-005
 7.914812e+002  7.533827e-005
 7.921000e+002  7.361557e-005
 7.927187e+002  7.918599e-005
 7.933375e+002  7.589845e-005
 7.939562e+002  6.011154e-005
 7.945750e+002  5.125316e-005
 7.951937e+002  7.199743e-005
 7.958125e+002  7.614445e-005
 7.964312e+002  7.026420e-005
 7.970500e+002  6.960016e-005
 7.976687e+002  6.205006e-005
 7.982875e+002  5.934944e-005
 7.989062e+002  6.426366e-005
 7.995250e+002  6.952950e-005
 8.001437e+002  6.754183e-005
 8.007625e+002  6.276993e-005
 8.013812e+002  7.608260e-005
 8.020000e+002  8.014389e-005
 8.026187e+002  7.659992e-005
 8.032375e+002  8.003109e-005
 8.038562e+002  8.112472e-005
 8.044750e+002  6.494608e-005
 8.050937e+002  5.862743e-005
 8.057125e+002  6.904140e-005
 8.063312e+002  7.822084e-005
 8.069500e+002  8.523987e-005
 8.075687e+002  8.362067e-005
 8.081875e+002  6.968516e-005
 8.088062e+002  6.686334e-005
 8.094250e+002  7.926456e-005
 8.100437e+002  6.480043e-005
 8.106625e+002  6.865936e-005
 8.112812e+002  7.127645e-005
 8.119000e+002  7.095566e-005
 8.125187e+002  6.453887e-005
 8.131375e+002  5.920788e-005
 8.137562e+002  5.964864e-005
 8.143750e+002  6.700326e-005
 8.149937e+002  7.042663e-005
 8.156125e+002  6.562762e-005
 8.162312e+002  6.579538e-005
 8.168500e+002  7.260570e-005
 8.174687e+002  7.241581e-005
 8.180875e+002  6.613269e-005
 8.187062e+002  5.786151e-005
 8.193250e+002  4.795160e-005
 8.199437e+002  6.731596e-005
 8.205625e+002  7.273019e-005
 8.211812e+002  7.029474e-005
 8.218000e+002  6.141348e-005
 8.224187e+002  6.160985e-005
 8.230375e+002  5.831167e-005
 8.236562e+002  6.503465e-005
 8.242750e+002  6.226371e-005
 8.248937e+002  7.178598e-005
 8.255125e+002  6.344511e-005
 8.261312e+002  6.010442e-005
 8.267500e+002  5.882753e-005
 8.273687e+002  7.357217e-005
 8.279875e+002  6.153143e-005
 8.286062e+002  6.207827e-005
 8.292250e+002  6.452071e-005
 8.298437e+002  7.493387e-005
 8.304625e+002  7.194636e-005
 8.310812e+002  6.873719e-005
 8.317000e+002  6.219599e-005
 8.323187e+002  7.101386e-005
 8.329375e+002  7.519621e-005
 8.335562e+002  7.269076e-005
 8.341750e+002  7.049639e-005
 8.347937e+002  7.087905e-005
 8.354125e+002  6.249185e-005
 8.360312e+002  6.461406e-005
 8.366500e+002  5.972599e-005
 8.372687e+002  6.220316e-005
 8.378875e+002  6.241532e-005
 8.385062e+002  8.128052e-005
 8.391250e+002  6.908442e-005
 8.397437e+002  6.199679e-005
 8.403625e+002  7.132994e-005
 8.409812e+002  5.874983e-005
 8.416000e+002  6.929800e-005
 8.422187e+002  7.869390e-005
 8.428375e+002  6.940081e-005
 8.434562e+002  6.442577e-005
 8.440750e+002  6.744373e-005
 8.446937e+002  6.508253e-005
 8.453125e+002  7.108711e-005
 8.459312e+002  7.608732e-005
 8.465500e+002  6.761015e-005
 8.471687e+002  6.930102e-005
 8.477875e+002  6.682212e-005
 8.484062e+002  6.801777e-005
 8.490250e+002  7.328451e-005
 8.496437e+002  8.589499e-005
 8.502625e+002  8.827902e-005
 8.508812e+002  8.782325e-005
 8.515000e+002  7.979148e-005
 8.521187e+002  7.117816e-005
 8.527375e+002  6.742411e-005
 8.533562e+002  7.259143e-005
 8.539750e+002  6.749734e-005
 8.545937e+002  6.510364e-005
 8.552125e+002  6.657194e-005
 8.558312e+002  5.604443e-005
 8.564500e+002  5.707703e-005
 8.570687e+002  6.924265e-005
 8.576875e+002  5.484351e-005
 8.583062e+002  5.698939e-005
 8.589250e+002  6.387499e-005
 8.595437e+002  5.183118e-005
 8.601625e+002  4.614580e-005
 8.607812e+002  5.875845e-005
 8.614000e+002  6.978698e-005
 8.620187e+002  5.589192e-005
 8.626375e+002  6.514311e-005
 8.632562e+002  6.911139e-005
 8.638750e+002  6.941306e-005
 8.644937e+002  6.723110e-005
 8.651125e+002  5.737619e-005
 8.657312e+002  6.195218e-005
 8.663500e+002  6.805639e-005
 8.669687e+002  6.276569e-005
 8.675875e+002  5.797763e-005
 8.682062e+002  7.083484e-005
 8.688250e+002  6.630625e-005
 8.694437e+002  6.745084e-005
 8.700625e+002  6.797592e-005
 8.706812e+002  6.331781e-005
 8.713000e+002  5.952021e-005
 8.719187e+002  6.198935e-005
 8.725375e+002  5.912533e-005
 8.731562e+002  6.043614e-005
 8.737750e+002  6.620947e-005
 8.743937e+002  6.075635e-005
 8.750125e+002  8.091506e-005
 8.756312e+002  9.091160e-005
 8.762500e+002  7.688932e-005
 8.768687e+002  6.877434e-005
 8.774875e+002  6.962567e-005
 8.781062e+002  7.431039e-005
 8.787250e+002  7.715689e-005
 8.793437e+002  7.796536e-005
 8.799625e+002  7.618820e-005
 8.805812e+002  6.569163e-005
 8.812000e+002  6.944120e-005
 8.818187e+002  6.619033e-005
 8.824375e+002  5.114314e-005
 8.830562e+002  7.054575e-005
 8.836750e+002  7.959184e-005
 8.842937e+002  7.014994e-005
 8.849125e+002  7.116929e-005
 8.855312e+002  6.897435e-005
 8.861500e+002  7.756750e-005
 8.867687e+002  7.423617e-005
 8.873875e+002  6.366787e-005
 8.880062e+002  6.903652e-005
 8.886250e+002  8.266600e-005
 8.892437e+002  7.749769e-005
 8.898625e+002  6.139689e-005
 8.904812e+002  6.066043e-005
 8.911000e+002  6.157049e-005
 8.917187e+002  6.427678e-005
 8.923375e+002  6.149191e-005
 8.929562e+002  6.868397e-005
 8.935750e+002  7.094711e-005
 8.941937e+002  6.411869e-005
 8.948125e+002  5.743029e-005
 8.954312e+002  6.777417e-005
 8.960500e+002  8.620576e-005
 8.966687e+002  7.371012e-005
 8.972875e+002  6.466074e-005
 8.979062e+002  6.441783e-005
 8.985250e+002  6.559073e-005
 8.991437e+002  7.342614e-005
 8.997625e+002  7.372620e-005
 9.003812e+002  7.105645e-005
 9.010000e+002  6.466266e-005
 9.016187e+002  5.838817e-005
 9.022375e+002  5.903715e-005
 9.028562e+002  6.184729e-005
 9.034750e+002  6.767080e-005
 9.040937e+002  6.360670e-005
 9.047125e+002  6.707999e-005
 9.053312e+002  8.239878e-005
 9.059500e+002  7.715224e-005
 9.065687e+002  5.921838e-005
 9.071875e+002  6.218550e-005
 9.078062e+002  7.717240e-005
 9.084250e+002  6.456170e-005
 9.090437e+002  5.309702e-005
 9.096625e+002  6.154843e-005
 9.102812e+002  7.157003e-005
 9.109000e+002  7.271590e-005
 9.115187e+002  7.963246e-005
 9.121375e+002  7.803740e-005
 9.127562e+002  7.270231e-005
 9.133750e+002  6.171906e-005
 9.139937e+002  5.725246e-005
 9.146125e+002  7.056179e-005
 9.152312e+002  7.414661e-005
 9.158500e+002  6.731756e-005
 9.164687e+002  7.038937e-005
 9.170875e+002  6.681390e-005
 9.177062e+002  5.821240e-005
 9.183250e+002  6.301775e-005
 9.189437e+002  6.566528e-005
 9.195625e+002  6.418257e-005
 9.201812e+002  7.189770e-005
 9.208000e+002  5.902708e-005
 9.214187e+002  5.758661e-005
 9.220375e+002  6.355691e-005
 9.226562e+002  6.744472e-005
 9.232750e+002  6.872926e-005
 9.238937e+002  6.648033e-005
 9.245125e+002  7.151633e-005
 9.251312e+002  7.897165e-005
 9.257500e+002  8.577258e-005
 9.263687e+002  6.692436e-005
 9.269875e+002  5.975897e-005
 9.276062e+002  5.927997e-005
 9.282250e+002  6.100181e-005
 9.288437e+002  7.229602e-005
 9.294625e+002  8.044718e-005
 9.300812e+002  7.783284e-005
 9.307000e+002  5.538218e-005
 9.313187e+002  5.176702e-005
 9.319375e+002  6.106688e-005
 9.325562e+002  7.163150e-005
 9.331750e+002  8.058734e-005
 9.337937e+002  8.670769e-005
 9.344125e+002  7.425878e-005
 9.350312e+002  6.688987e-005
 9.356500e+002  6.591398e-005
 9.362687e+002  6.849711e-005
 9.368875e+002  7.369978e-005
 9.375062e+002  8.411638e-005
 9.381250e+002  8.478014e-005
 9.387437e+002  7.508368e-005
 9.393625e+002  7.142910e-005
 9.399812e+002  7.754196e-005
 9.406000e+002  8.228183e-005
 9.412187e+002  7.972982e-005
 9.418375e+002  8.072544e-005
 9.424562e+002  7.294929e-005
 9.430750e+002  7.055035e-005
 9.436937e+002  6.916614e-005
 9.443125e+002  6.421185e-005
 9.449312e+002  7.058811e-005
 9.455500e+002  6.757780e-005
 9.461687e+002  6.596261e-005
 9.467875e+002  6.177430e-005
 9.474062e+002  5.658017e-005
 9.480250e+002  6.414013e-005
 9.486437e+002  5.907154e-005
 9.492625e+002  7.369303e-005
 9.498812e+002  8.001571e-005
 9.505000e+002  8.513322e-005
 9.511187e+002  8.615981e-005
 9.517375e+002  7.561834e-005
 9.523562e+002  5.830944e-005
 9.529750e+002  5.940683e-005
 9.535937e+002  6.187142e-005
 9.542125e+002  5.951778e-005
 9.548312e+002  6.056841e-005
 9.554500e+002  6.613787e-005
 9.560687e+002  6.344077e-005
 9.566875e+002  6.506718e-005
 9.573062e+002  6.419805e-005
 9.579250e+002  7.605628e-005
 9.585437e+002  7.353041e-005
 9.591625e+002  6.849772e-005
 9.597812e+002  8.132612e-005
 9.604000e+002  7.552854e-005
 9.610187e+002  8.033827e-005
 9.616375e+002  7.905480e-005
 9.622562e+002  6.206484e-005
 9.628750e+002  5.663049e-005
 9.634937e+002  7.177835e-005
 9.641125e+002  6.815541e-005
 9.647312e+002  6.662770e-005
 9.653500e+002  5.302836e-005
 9.659687e+002  5.436023e-005
 9.665875e+002  6.608906e-005
 9.672062e+002  6.598772e-005
 9.678250e+002  7.071585e-005
 9.684437e+002  7.755907e-005
 9.690625e+002  7.697947e-005
 9.696812e+002  7.111715e-005
 9.703000e+002  6.969731e-005
 9.709187e+002  8.658908e-005
 9.715375e+002  7.904773e-005
 9.721562e+002  5.854228e-005
 9.727750e+002  6.914186e-005
 9.733937e+002  5.783020e-005
 9.740125e+002  6.598187e-005
 9.746312e+002  7.496513e-005
 9.752500e+002  7.572068e-005
 9.758687e+002  6.808241e-005
 9.764875e+002  6.314930e-005
 9.771062e+002  5.039266e-005
 9.777250e+002  5.958021e-005
 9.783437e+002  6.827101e-005
 9.789625e+002  6.290123e-005
 9.795812e+002  6.388792e-005
 9.802000e+002  7.408654e-005
 9.808187e+002  6.677432e-005
 9.814375e+002  6.409457e-005
 9.820562e+002  6.431305e-005
 9.826750e+002  6.367407e-005
 9.832937e+002  6.801323e-005
 9.839125e+002  5.783528e-005
 9.845312e+002  5.272560e-005
 9.851500e+002  6.165184e-005
 9.857687e+002  7.052070e-005
 9.863875e+002  6.482725e-005
 9.870062e+002  7.472995e-005
 9.876250e+002  6.992992e-005
 9.882437e+002  8.118580e-005
 9.888625e+002  7.494295e-005
 9.894812e+002  7.679565e-005
 9.901000e+002  7.730851e-005
 9.907187e+002  6.947409e-005
 9.913375e+002  6.065942e-005
 9.919562e+002  6.702819e-005
 9.925750e+002  7.781881e-005
 9.931937e+002  7.555388e-005
 9.938125e+002  6.584983e-005
 9.944312e+002  6.305239e-005
 9.950500e+002  6.943312e-005
 9.956687e+002  6.940733e-005
 9.962875e+002  6.338388e-005
 9.969062e+002  6.504002e-005
 9.975250e+002  6.574313e-005
 9.981437e+002  6.704692e-005
 9.987625e+002  7.155750e-005
 9.993812e+002  6.932570e-005
 1.000000e+003  7.313349e-005
