 1.000000e+001  1.211502e-004
 1.061875e+001  9.016393e-005
 1.123750e+001  9.504421e-005
 1.185625e+001  1.090074e-004
 1.247500e+001  9.405244e-005
 1.309375e+001  1.133877e-004
 1.371250e+001  1.162869e-004
 1.433125e+001  1.267630e-004
 1.495000e+001  1.274010e-004
 1.556875e+001  1.050795e-004
 1.618750e+001  1.005487e-004
 1.680625e+001  1.006170e-004
 1.742500e+001  9.387047e-005
 1.804375e+001  1.104083e-004
 1.866250e+001  1.381339e-004
 1.928125e+001  1.220174e-004
 1.990000e+001  9.051223e-005
 2.051875e+001  8.259952e-005
 2.113750e+001  8.725654e-005
 2.175625e+001  9.520390e-005
 2.237500e+001  1.132699e-004
 2.299375e+001  9.585456e-005
 2.361250e+001  8.600820e-005
 2.423125e+001  9.850620e-005
 2.485000e+001  1.110824e-004
 2.546875e+001  1.014703e-004
 2.608750e+001  9.381881e-005
 2.670625e+001  9.023262e-005
 2.732500e+001  1.060345e-004
 2.794375e+001  1.035424e-004
 2.856250e+001  9.233613e-005
 2.918125e+001  9.016004e-005
 2.980000e+001  7.417051e-005
 3.041875e+001  9.451603e-005
 3.103750e+001  1.007183e-004
 3.165625e+001  8.713814e-005
 3.227500e+001  8.756409e-005
 3.289375e+001  8.676298e-005
 3.351250e+001  7.576250e-005
 3.413125e+001  8.351023e-005
 3.475000e+001  9.702127e-005
 3.536875e+001  1.070357e-004
 3.598750e+001  1.011247e-004
 3.660625e+001  8.547156e-005
 3.722500e+001  8.747207e-005
 3.784375e+001  7.755111e-005
 3.846250e+001  7.314804e-005
 3.908125e+001  7.426975e-005
 3.970000e+001  7.349213e-005
 4.031875e+001  6.235280e-005
 4.093750e+001  6.761497e-005
 4.155625e+001  7.881286e-005
 4.217500e+001  7.271601e-005
 4.279375e+001  7.530447e-005
 4.341250e+001  9.390372e-005
 4.403125e+001  1.046079e-004
 4.465000e+001  8.059611e-005
 4.526875e+001  7.489979e-005
 4.588750e+001  7.942282e-005
 4.650625e+001  8.564433e-005
 4.712500e+001  9.476105e-005
 4.774375e+001  8.607982e-005
 4.836250e+001  7.646317e-005
 4.898125e+001  2.043136e-004
 4.960000e+001  1.459850e-003
 5.021875e+001  1.830427e-003
 5.083750e+001  5.308318e-004
 5.145625e+001  8.758425e-005
 5.207500e+001  7.220969e-005
 5.269375e+001  7.344277e-005
 5.331250e+001  8.327699e-005
 5.393125e+001  9.220298e-005
 5.455000e+001  7.456812e-005
 5.516875e+001  7.697597e-005
 5.578750e+001  6.626611e-005
 5.640625e+001  5.464711e-005
 5.702500e+001  6.607980e-005
 5.764375e+001  7.962983e-005
 5.826250e+001  7.484208e-005
 5.888125e+001  6.475963e-005
 5.950000e+001  7.482183e-005
 6.011875e+001  9.831034e-005
 6.073750e+001  8.707246e-005
 6.135625e+001  6.813480e-005
 6.197500e+001  6.652632e-005
 6.259375e+001  6.876862e-005
 6.321250e+001  6.165614e-005
 6.383125e+001  6.608871e-005
 6.445000e+001  6.236699e-005
 6.506875e+001  7.346298e-005
 6.568750e+001  6.965314e-005
 6.630625e+001  6.890416e-005
 6.692500e+001  7.082365e-005
 6.754375e+001  7.430405e-005
 6.816250e+001  8.065611e-005
 6.878125e+001  9.549070e-005
 6.940000e+001  8.703872e-005
 7.001875e+001  8.099215e-005
 7.063750e+001  6.051463e-005
 7.125625e+001  7.118730e-005
 7.187500e+001  8.073342e-005
 7.249375e+001  8.349894e-005
 7.311250e+001  6.681821e-005
 7.373125e+001  9.117364e-005
 7.435000e+001  8.262912e-005
 7.496875e+001  7.412492e-005
 7.558750e+001  7.999563e-005
 7.620625e+001  6.712525e-005
 7.682500e+001  7.726580e-005
 7.744375e+001  8.709741e-005
 7.806250e+001  6.722324e-005
 7.868125e+001  8.427293e-005
 7.930000e+001  7.087150e-005
 7.991875e+001  8.697283e-005
 8.053750e+001  8.296595e-005
 8.115625e+001  9.091521e-005
 8.177500e+001  6.954023e-005
 8.239375e+001  7.695047e-005
 8.301250e+001  7.768097e-005
 8.363125e+001  7.188255e-005
 8.425000e+001  8.052045e-005
 8.486875e+001  6.596634e-005
 8.548750e+001  6.787228e-005
 8.610625e+001  7.486261e-005
 8.672500e+001  6.055938e-005
 8.734375e+001  8.266861e-005
 8.796250e+001  9.254648e-005
 8.858125e+001  8.697334e-005
 8.920000e+001  7.148581e-005
 8.981875e+001  7.596397e-005
 9.043750e+001  7.862031e-005
 9.105625e+001  7.838664e-005
 9.167500e+001  7.010869e-005
 9.229375e+001  7.779588e-005
 9.291250e+001  8.563196e-005
 9.353125e+001  7.262820e-005
 9.415000e+001  6.092583e-005
 9.476875e+001  5.198642e-005
 9.538750e+001  7.010989e-005
 9.600625e+001  6.786648e-005
 9.662500e+001  6.881023e-005
 9.724375e+001  6.711077e-005
 9.786250e+001  5.709172e-005
 9.848125e+001  6.661217e-005
 9.910000e+001  6.745404e-005
 9.971875e+001  9.288202e-005
 1.003375e+002  9.258683e-005
 1.009563e+002  6.660370e-005
 1.015750e+002  6.207226e-005
 1.021938e+002  7.046403e-005
 1.028125e+002  8.067567e-005
 1.034313e+002  7.311934e-005
 1.040500e+002  6.090027e-005
 1.046688e+002  5.522036e-005
 1.052875e+002  6.044313e-005
 1.059063e+002  7.489916e-005
 1.065250e+002  7.315991e-005
 1.071438e+002  7.013968e-005
 1.077625e+002  6.641866e-005
 1.083813e+002  7.559939e-005
 1.090000e+002  7.118358e-005
 1.096188e+002  5.133776e-005
 1.102375e+002  5.935957e-005
 1.108563e+002  7.586387e-005
 1.114750e+002  6.391294e-005
 1.120938e+002  6.813746e-005
 1.127125e+002  7.030456e-005
 1.133313e+002  7.185937e-005
 1.139500e+002  6.500100e-005
 1.145688e+002  7.713702e-005
 1.151875e+002  6.481697e-005
 1.158063e+002  6.334875e-005
 1.164250e+002  8.861857e-005
 1.170438e+002  8.776291e-005
 1.176625e+002  5.964094e-005
 1.182813e+002  7.385474e-005
 1.189000e+002  8.330102e-005
 1.195188e+002  8.718944e-005
 1.201375e+002  8.598718e-005
 1.207563e+002  8.027053e-005
 1.213750e+002  8.750471e-005
 1.219938e+002  7.394155e-005
 1.226125e+002  8.826589e-005
 1.232313e+002  7.105100e-005
 1.238500e+002  6.242462e-005
 1.244688e+002  7.825920e-005
 1.250875e+002  6.682893e-005
 1.257063e+002  8.230830e-005
 1.263250e+002  7.368422e-005
 1.269438e+002  7.754383e-005
 1.275625e+002  9.063158e-005
 1.281813e+002  6.508983e-005
 1.288000e+002  5.490298e-005
 1.294188e+002  5.527987e-005
 1.300375e+002  5.106616e-005
 1.306563e+002  6.303581e-005
 1.312750e+002  7.836625e-005
 1.318938e+002  7.372293e-005
 1.325125e+002  6.662430e-005
 1.331313e+002  7.075519e-005
 1.337500e+002  7.867927e-005
 1.343688e+002  7.256236e-005
 1.349875e+002  7.053284e-005
 1.356063e+002  7.588736e-005
 1.362250e+002  7.548400e-005
 1.368438e+002  8.824707e-005
 1.374625e+002  8.110020e-005
 1.380813e+002  5.758808e-005
 1.387000e+002  7.027903e-005
 1.393188e+002  6.761691e-005
 1.399375e+002  6.968720e-005
 1.405563e+002  7.626421e-005
 1.411750e+002  6.691522e-005
 1.417938e+002  6.882434e-005
 1.424125e+002  8.059584e-005
 1.430313e+002  7.951000e-005
 1.436500e+002  6.720869e-005
 1.442688e+002  5.050152e-005
 1.448875e+002  6.622548e-005
 1.455063e+002  7.599550e-005
 1.461250e+002  7.541633e-005
 1.467438e+002  6.367758e-005
 1.473625e+002  6.352379e-005
 1.479813e+002  5.848931e-005
 1.486000e+002  7.329847e-005
 1.492188e+002  4.591220e-004
 1.498375e+002  1.506660e-003
 1.504563e+002  1.156116e-003
 1.510750e+002  1.280743e-004
 1.516938e+002  8.105989e-005
 1.523125e+002  6.848565e-005
 1.529313e+002  6.174761e-005
 1.535500e+002  5.548159e-005
 1.541688e+002  6.979965e-005
 1.547875e+002  8.056165e-005
 1.554063e+002  7.930818e-005
 1.560250e+002  7.168309e-005
 1.566438e+002  6.525523e-005
 1.572625e+002  6.689529e-005
 1.578813e+002  6.089320e-005
 1.585000e+002  6.696765e-005
 1.591188e+002  6.174784e-005
 1.597375e+002  6.494670e-005
 1.603563e+002  7.925507e-005
 1.609750e+002  7.541661e-005
 1.615938e+002  6.377234e-005
 1.622125e+002  5.666726e-005
 1.628313e+002  6.982106e-005
 1.634500e+002  7.532572e-005
 1.640688e+002  6.243016e-005
 1.646875e+002  7.309384e-005
 1.653063e+002  6.587619e-005
 1.659250e+002  6.341346e-005
 1.665438e+002  5.747372e-005
 1.671625e+002  6.591988e-005
 1.677813e+002  5.268287e-005
 1.684000e+002  5.980641e-005
 1.690188e+002  6.826662e-005
 1.696375e+002  6.834568e-005
 1.702563e+002  7.096943e-005
 1.708750e+002  6.942839e-005
 1.714938e+002  6.802312e-005
 1.721125e+002  6.727508e-005
 1.727313e+002  6.374387e-005
 1.733500e+002  5.646736e-005
 1.739688e+002  6.617796e-005
 1.745875e+002  8.460962e-005
 1.752063e+002  7.416446e-005
 1.758250e+002  8.108975e-005
 1.764438e+002  9.308735e-005
 1.770625e+002  8.669366e-005
 1.776813e+002  8.409510e-005
 1.783000e+002  7.194255e-005
 1.789188e+002  6.355564e-005
 1.795375e+002  6.391971e-005
 1.801563e+002  6.947644e-005
 1.807750e+002  5.247181e-005
 1.813938e+002  5.665292e-005
 1.820125e+002  5.836608e-005
 1.826313e+002  3.974291e-005
 1.832500e+002  5.465462e-005
 1.838688e+002  6.151762e-005
 1.844875e+002  7.559814e-005
 1.851063e+002  6.715214e-005
 1.857250e+002  7.754148e-005
 1.863438e+002  8.400552e-005
 1.869625e+002  8.261482e-005
 1.875813e+002  7.141666e-005
 1.882000e+002  7.104259e-005
 1.888188e+002  7.683470e-005
 1.894375e+002  6.856892e-005
 1.900563e+002  6.514327e-005
 1.906750e+002  6.064428e-005
 1.912938e+002  5.983552e-005
 1.919125e+002  8.031305e-005
 1.925313e+002  8.717627e-005
 1.931500e+002  9.100915e-005
 1.937688e+002  7.888752e-005
 1.943875e+002  6.923090e-005
 1.950063e+002  6.614196e-005
 1.956250e+002  6.397743e-005
 1.962438e+002  7.256369e-005
 1.968625e+002  7.920481e-005
 1.974813e+002  6.966665e-005
 1.981000e+002  6.266914e-005
 1.987188e+002  7.213797e-005
 1.993375e+002  7.036276e-005
 1.999563e+002  7.973664e-005
 2.005750e+002  7.356687e-005
 2.011938e+002  6.969777e-005
 2.018125e+002  7.439859e-005
 2.024313e+002  7.810107e-005
 2.030500e+002  7.395690e-005
 2.036688e+002  6.378316e-005
 2.042875e+002  6.334346e-005
 2.049063e+002  8.274286e-005
 2.055250e+002  7.515063e-005
 2.061438e+002  7.145023e-005
 2.067625e+002  6.620558e-005
 2.073813e+002  6.501722e-005
 2.080000e+002  5.471061e-005
 2.086188e+002  7.464808e-005
 2.092375e+002  7.153156e-005
 2.098563e+002  6.887097e-005
 2.104750e+002  7.316881e-005
 2.110938e+002  5.686055e-005
 2.117125e+002  7.021186e-005
 2.123313e+002  6.794230e-005
 2.129500e+002  6.371583e-005
 2.135688e+002  6.638917e-005
 2.141875e+002  6.176272e-005
 2.148063e+002  6.506126e-005
 2.154250e+002  7.595092e-005
 2.160438e+002  6.534285e-005
 2.166625e+002  5.992990e-005
 2.172813e+002  5.993896e-005
 2.179000e+002  6.892989e-005
 2.185188e+002  6.972188e-005
 2.191375e+002  8.595778e-005
 2.197563e+002  7.311382e-005
 2.203750e+002  7.808127e-005
 2.209938e+002  6.698025e-005
 2.216125e+002  5.627432e-005
 2.222313e+002  5.935172e-005
 2.228500e+002  5.924967e-005
 2.234688e+002  7.672209e-005
 2.240875e+002  8.350840e-005
 2.247063e+002  6.474340e-005
 2.253250e+002  5.708346e-005
 2.259438e+002  6.229760e-005
 2.265625e+002  7.472876e-005
 2.271813e+002  6.750705e-005
 2.278000e+002  6.269520e-005
 2.284188e+002  6.402359e-005
 2.290375e+002  6.093924e-005
 2.296563e+002  7.985126e-005
 2.302750e+002  7.806010e-005
 2.308938e+002  7.265039e-005
 2.315125e+002  6.230628e-005
 2.321313e+002  6.158654e-005
 2.327500e+002  5.351810e-005
 2.333688e+002  6.512437e-005
 2.339875e+002  6.696568e-005
 2.346063e+002  7.443099e-005
 2.352250e+002  7.339763e-005
 2.358438e+002  7.174366e-005
 2.364625e+002  6.466310e-005
 2.370813e+002  7.084930e-005
 2.377000e+002  6.153642e-005
 2.383188e+002  6.670618e-005
 2.389375e+002  7.094309e-005
 2.395563e+002  6.155271e-005
 2.401750e+002  6.393666e-005
 2.407938e+002  6.532573e-005
 2.414125e+002  7.861859e-005
 2.420313e+002  8.629755e-005
 2.426500e+002  7.200117e-005
 2.432688e+002  7.329770e-005
 2.438875e+002  7.746593e-005
 2.445063e+002  6.845971e-005
 2.451250e+002  7.518583e-005
 2.457438e+002  6.824795e-005
 2.463625e+002  5.617076e-005
 2.469813e+002  6.174435e-005
 2.476000e+002  4.714934e-005
 2.482188e+002  5.497483e-005
 2.488375e+002  5.782194e-005
 2.494563e+002  2.248407e-004
 2.500750e+002  4.296174e-004
 2.506938e+002  2.171959e-004
 2.513125e+002  6.163995e-005
 2.519313e+002  5.983206e-005
 2.525500e+002  7.231223e-005
 2.531688e+002  7.532098e-005
 2.537875e+002  7.066688e-005
 2.544063e+002  6.663137e-005
 2.550250e+002  6.640545e-005
 2.556438e+002  5.982357e-005
 2.562625e+002  6.163137e-005
 2.568813e+002  7.099298e-005
 2.575000e+002  5.888506e-005
 2.581188e+002  6.763308e-005
 2.587375e+002  7.320973e-005
 2.593563e+002  5.604127e-005
 2.599750e+002  5.877866e-005
 2.605938e+002  6.904669e-005
 2.612125e+002  5.786191e-005
 2.618313e+002  5.839219e-005
 2.624500e+002  6.639941e-005
 2.630688e+002  8.273791e-005
 2.636875e+002  7.287811e-005
 2.643063e+002  6.325029e-005
 2.649250e+002  5.405078e-005
 2.655438e+002  6.006233e-005
 2.661625e+002  6.341153e-005
 2.667813e+002  5.895090e-005
 2.674000e+002  6.593697e-005
 2.680188e+002  6.285810e-005
 2.686375e+002  7.136483e-005
 2.692563e+002  7.739622e-005
 2.698750e+002  5.841873e-005
 2.704938e+002  7.173821e-005
 2.711125e+002  6.712143e-005
 2.717313e+002  5.646877e-005
 2.723500e+002  6.967734e-005
 2.729688e+002  6.840700e-005
 2.735875e+002  6.080977e-005
 2.742063e+002  5.623450e-005
 2.748250e+002  5.798538e-005
 2.754438e+002  5.812766e-005
 2.760625e+002  6.286617e-005
 2.766813e+002  6.086630e-005
 2.773000e+002  5.686131e-005
 2.779188e+002  6.330833e-005
 2.785375e+002  4.514290e-005
 2.791563e+002  5.682494e-005
 2.797750e+002  5.377883e-005
 2.803938e+002  4.713405e-005
 2.810125e+002  5.899344e-005
 2.816313e+002  7.510460e-005
 2.822500e+002  8.497130e-005
 2.828688e+002  8.142590e-005
 2.834875e+002  7.675354e-005
 2.841063e+002  7.319715e-005
 2.847250e+002  6.927069e-005
 2.853438e+002  5.993751e-005
 2.859625e+002  6.550147e-005
 2.865813e+002  7.603729e-005
 2.872000e+002  7.047663e-005
 2.878188e+002  5.818829e-005
 2.884375e+002  6.130317e-005
 2.890563e+002  6.380459e-005
 2.896750e+002  6.694168e-005
 2.902938e+002  7.731502e-005
 2.909125e+002  7.041497e-005
 2.915313e+002  7.132242e-005
 2.921500e+002  7.381203e-005
 2.927688e+002  8.484776e-005
 2.933875e+002  7.539616e-005
 2.940063e+002  6.181426e-005
 2.946250e+002  5.376298e-005
 2.952438e+002  6.596720e-005
 2.958625e+002  7.487104e-005
 2.964813e+002  6.521667e-005
 2.971000e+002  6.406438e-005
 2.977188e+002  6.657849e-005
 2.983375e+002  6.051835e-005
 2.989563e+002  5.796211e-005
 2.995750e+002  6.258429e-005
 3.001938e+002  5.792862e-005
 3.008125e+002  6.129858e-005
 3.014313e+002  5.556856e-005
 3.020500e+002  7.178754e-005
 3.026688e+002  6.800079e-005
 3.032875e+002  5.553030e-005
 3.039063e+002  6.426263e-005
 3.045250e+002  5.932293e-005
 3.051438e+002  6.474030e-005
 3.057625e+002  8.008561e-005
 3.063813e+002  6.598057e-005
 3.070000e+002  6.823679e-005
 3.076188e+002  6.877549e-005
 3.082375e+002  7.247081e-005
 3.088563e+002  6.740417e-005
 3.094750e+002  8.022118e-005
 3.100938e+002  7.925286e-005
 3.107125e+002  8.125473e-005
 3.113313e+002  7.879685e-005
 3.119500e+002  5.617428e-005
 3.125688e+002  6.457083e-005
 3.131875e+002  6.464791e-005
 3.138063e+002  6.340311e-005
 3.144250e+002  7.720701e-005
 3.150437e+002  7.118923e-005
 3.156625e+002  8.717447e-005
 3.162812e+002  6.772346e-005
 3.169000e+002  6.132133e-005
 3.175187e+002  5.392854e-005
 3.181375e+002  6.237163e-005
 3.187562e+002  7.017507e-005
 3.193750e+002  5.904880e-005
 3.199937e+002  6.029965e-005
 3.206125e+002  7.344242e-005
 3.212312e+002  7.987921e-005
 3.218500e+002  8.074147e-005
 3.224687e+002  7.539169e-005
 3.230875e+002  6.908732e-005
 3.237062e+002  6.446116e-005
 3.243250e+002  6.410032e-005
 3.249437e+002  6.125243e-005
 3.255625e+002  6.963684e-005
 3.261812e+002  7.007796e-005
 3.268000e+002  6.621892e-005
 3.274187e+002  7.037004e-005
 3.280375e+002  6.409672e-005
 3.286562e+002  6.196534e-005
 3.292750e+002  7.300949e-005
 3.298937e+002  7.357172e-005
 3.305125e+002  7.233830e-005
 3.311312e+002  6.961273e-005
 3.317500e+002  7.096450e-005
 3.323687e+002  6.695447e-005
 3.329875e+002  6.552017e-005
 3.336062e+002  5.042100e-005
 3.342250e+002  6.509031e-005
 3.348437e+002  7.429252e-005
 3.354625e+002  7.684404e-005
 3.360812e+002  6.456454e-005
 3.367000e+002  6.103046e-005
 3.373187e+002  7.374101e-005
 3.379375e+002  8.597872e-005
 3.385562e+002  7.942245e-005
 3.391750e+002  7.265430e-005
 3.397937e+002  6.769361e-005
 3.404125e+002  7.698421e-005
 3.410312e+002  7.024790e-005
 3.416500e+002  8.105676e-005
 3.422687e+002  8.319353e-005
 3.428875e+002  6.814821e-005
 3.435062e+002  5.892490e-005
 3.441250e+002  6.360029e-005
 3.447437e+002  6.242698e-005
 3.453625e+002  7.532291e-005
 3.459812e+002  8.467314e-005
 3.466000e+002  6.695987e-005
 3.472187e+002  7.445349e-005
 3.478375e+002  7.517367e-005
 3.484562e+002  6.196874e-005
 3.490750e+002  7.355083e-005
 3.496937e+002  9.323978e-005
 3.503125e+002  9.929225e-005
 3.509312e+002  7.196712e-005
 3.515500e+002  6.645847e-005
 3.521687e+002  7.252871e-005
 3.527875e+002  8.052659e-005
 3.534062e+002  6.816948e-005
 3.540250e+002  6.548812e-005
 3.546437e+002  7.620424e-005
 3.552625e+002  7.265930e-005
 3.558812e+002  8.154609e-005
 3.565000e+002  7.843157e-005
 3.571187e+002  7.929868e-005
 3.577375e+002  6.562288e-005
 3.583562e+002  6.085600e-005
 3.589750e+002  7.656749e-005
 3.595937e+002  6.956121e-005
 3.602125e+002  7.622566e-005
 3.608312e+002  7.377319e-005
 3.614500e+002  6.680650e-005
 3.620687e+002  5.969471e-005
 3.626875e+002  5.990190e-005
 3.633062e+002  6.497833e-005
 3.639250e+002  6.356731e-005
 3.645437e+002  7.368715e-005
 3.651625e+002  6.979354e-005
 3.657812e+002  6.438590e-005
 3.664000e+002  6.544989e-005
 3.670187e+002  6.533962e-005
 3.676375e+002  7.218565e-005
 3.682562e+002  6.142686e-005
 3.688750e+002  6.047845e-005
 3.694937e+002  6.021487e-005
 3.701125e+002  6.288237e-005
 3.707312e+002  6.809902e-005
 3.713500e+002  5.954814e-005
 3.719687e+002  8.350003e-005
 3.725875e+002  8.838497e-005
 3.732062e+002  7.038449e-005
 3.738250e+002  6.261093e-005
 3.744437e+002  6.888687e-005
 3.750625e+002  5.605976e-005
 3.756812e+002  6.069041e-005
 3.763000e+002  7.670524e-005
 3.769187e+002  7.563257e-005
 3.775375e+002  6.184303e-005
 3.781562e+002  5.723417e-005
 3.787750e+002  6.537059e-005
 3.793937e+002  6.839555e-005
 3.800125e+002  6.519785e-005
 3.806312e+002  6.100896e-005
 3.812500e+002  7.555307e-005
 3.818687e+002  8.443260e-005
 3.824875e+002  5.755577e-005
 3.831062e+002  6.382994e-005
 3.837250e+002  6.682451e-005
 3.843437e+002  7.141052e-005
 3.849625e+002  7.153718e-005
 3.855812e+002  7.107506e-005
 3.862000e+002  7.791792e-005
 3.868187e+002  6.539945e-005
 3.874375e+002  6.868435e-005
 3.880562e+002  8.337597e-005
 3.886750e+002  7.241235e-005
 3.892937e+002  6.926196e-005
 3.899125e+002  7.381955e-005
 3.905312e+002  7.253650e-005
 3.911500e+002  6.505109e-005
 3.917687e+002  5.404351e-005
 3.923875e+002  6.260056e-005
 3.930062e+002  7.611134e-005
 3.936250e+002  7.278679e-005
 3.942437e+002  6.425556e-005
 3.948625e+002  6.309999e-005
 3.954812e+002  7.300792e-005
 3.961000e+002  6.875484e-005
 3.967187e+002  5.988391e-005
 3.973375e+002  7.308671e-005
 3.979562e+002  7.158253e-005
 3.985750e+002  7.256652e-005
 3.991937e+002  5.358706e-005
 3.998125e+002  6.084927e-005
 4.004312e+002  6.599212e-005
 4.010500e+002  6.606776e-005
 4.016687e+002  7.066382e-005
 4.022875e+002  6.987433e-005
 4.029062e+002  7.565687e-005
 4.035250e+002  6.456121e-005
 4.041437e+002  5.302039e-005
 4.047625e+002  6.452231e-005
 4.053812e+002  7.866840e-005
 4.060000e+002  6.814708e-005
 4.066187e+002  6.066009e-005
 4.072375e+002  6.625420e-005
 4.078562e+002  7.085374e-005
 4.084750e+002  6.758226e-005
 4.090937e+002  6.580947e-005
 4.097125e+002  7.253152e-005
 4.103312e+002  6.694040e-005
 4.109500e+002  4.560982e-005
 4.115687e+002  6.093471e-005
 4.121875e+002  7.075811e-005
 4.128062e+002  6.981415e-005
 4.134250e+002  8.771377e-005
 4.140437e+002  8.593917e-005
 4.146625e+002  6.377636e-005
 4.152812e+002  5.705482e-005
 4.159000e+002  6.298482e-005
 4.165187e+002  6.904881e-005
 4.171375e+002  7.115829e-005
 4.177562e+002  7.731189e-005
 4.183750e+002  7.734823e-005
 4.189937e+002  7.306372e-005
 4.196125e+002  7.047015e-005
 4.202312e+002  6.583187e-005
 4.208500e+002  4.912680e-005
 4.214687e+002  5.108692e-005
 4.220875e+002  6.624869e-005
 4.227062e+002  6.546467e-005
 4.233250e+002  6.967036e-005
 4.239437e+002  8.254472e-005
 4.245625e+002  7.921551e-005
 4.251812e+002  7.627325e-005
 4.258000e+002  8.588098e-005
 4.264187e+002  7.676825e-005
 4.270375e+002  6.855586e-005
 4.276562e+002  7.992991e-005
 4.282750e+002  7.862951e-005
 4.288937e+002  7.439618e-005
 4.295125e+002  7.917493e-005
 4.301312e+002  7.830836e-005
 4.307500e+002  8.068566e-005
 4.313687e+002  8.264027e-005
 4.319875e+002  6.856305e-005
 4.326062e+002  5.723286e-005
 4.332250e+002  5.198901e-005
 4.338437e+002  7.173197e-005
 4.344625e+002  7.740548e-005
 4.350812e+002  7.246302e-005
 4.357000e+002  6.770918e-005
 4.363187e+002  7.183204e-005
 4.369375e+002  8.185187e-005
 4.375562e+002  6.634425e-005
 4.381750e+002  6.957580e-005
 4.387937e+002  5.709181e-005
 4.394125e+002  5.445796e-005
 4.400312e+002  7.280149e-005
 4.406500e+002  8.629600e-005
 4.412687e+002  7.370577e-005
 4.418875e+002  7.125441e-005
 4.425062e+002  7.889454e-005
 4.431250e+002  6.989792e-005
 4.437437e+002  7.122663e-005
 4.443625e+002  6.364262e-005
 4.449812e+002  6.484464e-005
 4.456000e+002  7.813009e-005
 4.462187e+002  7.914950e-005
 4.468375e+002  6.085947e-005
 4.474562e+002  5.947184e-005
 4.480750e+002  6.706707e-005
 4.486937e+002  7.822860e-005
 4.493125e+002  8.098293e-005
 4.499312e+002  1.104553e-004
 4.505500e+002  8.053747e-005
 4.511687e+002  6.461772e-005
 4.517875e+002  8.094896e-005
 4.524062e+002  7.414343e-005
 4.530250e+002  7.095335e-005
 4.536437e+002  6.349565e-005
 4.542625e+002  4.932616e-005
 4.548812e+002  6.298116e-005
 4.555000e+002  6.505902e-005
 4.561187e+002  8.644814e-005
 4.567375e+002  8.555866e-005
 4.573562e+002  6.455964e-005
 4.579750e+002  6.447084e-005
 4.585937e+002  6.956672e-005
 4.592125e+002  7.125328e-005
 4.598312e+002  6.422525e-005
 4.604500e+002  5.340659e-005
 4.610687e+002  6.588770e-005
 4.616875e+002  7.166452e-005
 4.623062e+002  6.339181e-005
 4.629250e+002  6.295284e-005
 4.635437e+002  5.956999e-005
 4.641625e+002  5.582185e-005
 4.647812e+002  7.343002e-005
 4.654000e+002  6.844566e-005
 4.660187e+002  6.263252e-005
 4.666375e+002  6.290188e-005
 4.672562e+002  5.865791e-005
 4.678750e+002  7.721406e-005
 4.684937e+002  7.465845e-005
 4.691125e+002  7.104058e-005
 4.697312e+002  7.248822e-005
 4.703500e+002  5.982561e-005
 4.709687e+002  6.916249e-005
 4.715875e+002  6.787120e-005
 4.722062e+002  6.891649e-005
 4.728250e+002  6.460883e-005
 4.734437e+002  5.607661e-005
 4.740625e+002  6.776505e-005
 4.746812e+002  7.025815e-005
 4.753000e+002  7.839251e-005
 4.759187e+002  6.642827e-005
 4.765375e+002  6.582740e-005
 4.771562e+002  6.898628e-005
 4.777750e+002  8.867206e-005
 4.783937e+002  7.885343e-005
 4.790125e+002  6.455198e-005
 4.796312e+002  7.285402e-005
 4.802500e+002  7.637615e-005
 4.808687e+002  6.467038e-005
 4.814875e+002  5.716094e-005
 4.821062e+002  6.515631e-005
 4.827250e+002  6.745523e-005
 4.833437e+002  6.132398e-005
 4.839625e+002  7.159891e-005
 4.845812e+002  6.646974e-005
 4.852000e+002  6.065606e-005
 4.858187e+002  6.054546e-005
 4.864375e+002  5.959820e-005
 4.870562e+002  5.521802e-005
 4.876750e+002  6.391113e-005
 4.882937e+002  6.699504e-005
 4.889125e+002  6.673761e-005
 4.895312e+002  6.807608e-005
 4.901500e+002  7.382045e-005
 4.907687e+002  6.363351e-005
 4.913875e+002  5.975492e-005
 4.920062e+002  6.724694e-005
 4.926250e+002  6.481281e-005
 4.932437e+002  5.295598e-005
 4.938625e+002  7.107528e-005
 4.944812e+002  7.970157e-005
 4.951000e+002  6.785419e-005
 4.957187e+002  7.766963e-005
 4.963375e+002  7.511535e-005
 4.969562e+002  6.851393e-005
 4.975750e+002  7.398790e-005
 4.981937e+002  5.939422e-005
 4.988125e+002  6.101862e-005
 4.994312e+002  7.182568e-005
 5.000500e+002  7.814779e-005
 5.006687e+002  7.026694e-005
 5.012875e+002  6.950337e-005
 5.019062e+002  9.260311e-005
 5.025250e+002  7.544913e-005
 5.031437e+002  6.409805e-005
 5.037625e+002  6.296997e-005
 5.043812e+002  6.757981e-005
 5.050000e+002  5.927578e-005
 5.056187e+002  5.840135e-005
 5.062375e+002  7.168573e-005
 5.068562e+002  6.485209e-005
 5.074750e+002  6.228199e-005
 5.080937e+002  6.869980e-005
 5.087125e+002  5.922109e-005
 5.093312e+002  6.131605e-005
 5.099500e+002  6.594451e-005
 5.105687e+002  8.419674e-005
 5.111875e+002  7.346064e-005
 5.118062e+002  6.945640e-005
 5.124250e+002  5.904612e-005
 5.130437e+002  4.364405e-005
 5.136625e+002  5.854224e-005
 5.142812e+002  5.399222e-005
 5.149000e+002  7.123279e-005
 5.155187e+002  7.833952e-005
 5.161375e+002  6.878476e-005
 5.167562e+002  6.581578e-005
 5.173750e+002  5.120121e-005
 5.179937e+002  5.982609e-005
 5.186125e+002  6.834109e-005
 5.192312e+002  6.320960e-005
 5.198500e+002  5.052165e-005
 5.204687e+002  6.419979e-005
 5.210875e+002  7.273032e-005
 5.217062e+002  6.010743e-005
 5.223250e+002  6.904284e-005
 5.229437e+002  6.993153e-005
 5.235625e+002  7.729115e-005
 5.241812e+002  7.572171e-005
 5.248000e+002  5.929487e-005
 5.254187e+002  4.833657e-005
 5.260375e+002  5.548380e-005
 5.266562e+002  6.594267e-005
 5.272750e+002  6.126935e-005
 5.278937e+002  7.059260e-005
 5.285125e+002  5.839011e-005
 5.291312e+002  5.704427e-005
 5.297500e+002  7.417532e-005
 5.303687e+002  7.266593e-005
 5.309875e+002  6.911823e-005
 5.316062e+002  6.407678e-005
 5.322250e+002  6.862154e-005
 5.328437e+002  6.712742e-005
 5.334625e+002  6.492970e-005
 5.340812e+002  6.498491e-005
 5.347000e+002  7.483966e-005
 5.353187e+002  6.912546e-005
 5.359375e+002  6.330854e-005
 5.365562e+002  5.917048e-005
 5.371750e+002  7.396937e-005
 5.377937e+002  6.529340e-005
 5.384125e+002  6.050295e-005
 5.390312e+002  8.036115e-005
 5.396500e+002  6.962537e-005
 5.402687e+002  5.871058e-005
 5.408875e+002  6.364031e-005
 5.415062e+002  7.182058e-005
 5.421250e+002  7.838871e-005
 5.427437e+002  7.466310e-005
 5.433625e+002  8.318656e-005
 5.439812e+002  7.975669e-005
 5.446000e+002  7.293621e-005
 5.452187e+002  5.992864e-005
 5.458375e+002  7.350896e-005
 5.464562e+002  7.703687e-005
 5.470750e+002  8.074957e-005
 5.476937e+002  8.590003e-005
 5.483125e+002  7.822456e-005
 5.489312e+002  7.726035e-005
 5.495500e+002  6.900398e-005
 5.501687e+002  9.253616e-005
 5.507875e+002  8.887956e-005
 5.514062e+002  6.316716e-005
 5.520250e+002  5.940794e-005
 5.526437e+002  7.465133e-005
 5.532625e+002  7.999160e-005
 5.538812e+002  6.855274e-005
 5.545000e+002  5.991551e-005
 5.551187e+002  6.054176e-005
 5.557375e+002  6.042464e-005
 5.563562e+002  5.853630e-005
 5.569750e+002  5.684429e-005
 5.575937e+002  6.357890e-005
 5.582125e+002  6.927901e-005
 5.588312e+002  6.438776e-005
 5.594500e+002  5.531802e-005
 5.600687e+002  5.463546e-005
 5.606875e+002  7.601683e-005
 5.613062e+002  7.010184e-005
 5.619250e+002  5.818592e-005
 5.625437e+002  6.685779e-005
 5.631625e+002  7.371250e-005
 5.637812e+002  6.522830e-005
 5.644000e+002  7.372623e-005
 5.650187e+002  6.666002e-005
 5.656375e+002  7.017356e-005
 5.662562e+002  8.604357e-005
 5.668750e+002  6.941933e-005
 5.674937e+002  7.234919e-005
 5.681125e+002  7.596885e-005
 5.687312e+002  7.168792e-005
 5.693500e+002  7.307289e-005
 5.699687e+002  6.920239e-005
 5.705875e+002  6.566597e-005
 5.712062e+002  6.226463e-005
 5.718250e+002  6.029705e-005
 5.724437e+002  6.693801e-005
 5.730625e+002  6.205480e-005
 5.736812e+002  6.789642e-005
 5.743000e+002  7.121232e-005
 5.749187e+002  7.559608e-005
 5.755375e+002  6.943948e-005
 5.761562e+002  6.049803e-005
 5.767750e+002  6.687993e-005
 5.773937e+002  7.965540e-005
 5.780125e+002  7.201022e-005
 5.786312e+002  7.001651e-005
 5.792500e+002  6.719170e-005
 5.798687e+002  6.755108e-005
 5.804875e+002  7.656125e-005
 5.811062e+002  6.206824e-005
 5.817250e+002  5.780790e-005
 5.823437e+002  5.897520e-005
 5.829625e+002  6.938228e-005
 5.835812e+002  6.635578e-005
 5.842000e+002  7.604184e-005
 5.848187e+002  7.732488e-005
 5.854375e+002  7.144941e-005
 5.860562e+002  7.338268e-005
 5.866750e+002  6.712221e-005
 5.872937e+002  6.885007e-005
 5.879125e+002  5.743897e-005
 5.885312e+002  6.537573e-005
 5.891500e+002  7.491768e-005
 5.897687e+002  6.027302e-005
 5.903875e+002  5.720862e-005
 5.910062e+002  6.904542e-005
 5.916250e+002  6.175205e-005
 5.922437e+002  5.666003e-005
 5.928625e+002  4.614683e-005
 5.934812e+002  4.889605e-005
 5.941000e+002  5.389231e-005
 5.947187e+002  6.199501e-005
 5.953375e+002  6.287598e-005
 5.959562e+002  8.198100e-005
 5.965750e+002  7.110039e-005
 5.971937e+002  6.784991e-005
 5.978125e+002  6.039358e-005
 5.984312e+002  7.256314e-005
 5.990500e+002  7.561993e-005
 5.996687e+002  6.540663e-005
 6.002875e+002  7.753190e-005
 6.009062e+002  5.986117e-005
 6.015250e+002  5.760344e-005
 6.021437e+002  5.584111e-005
 6.027625e+002  5.374423e-005
 6.033812e+002  5.749801e-005
 6.040000e+002  5.205608e-005
 6.046187e+002  5.661140e-005
 6.052375e+002  7.100293e-005
 6.058562e+002  7.539887e-005
 6.064750e+002  7.172306e-005
 6.070937e+002  6.575981e-005
 6.077125e+002  7.268061e-005
 6.083312e+002  8.191324e-005
 6.089500e+002  7.823313e-005
 6.095687e+002  6.541906e-005
 6.101875e+002  8.157018e-005
 6.108062e+002  7.868692e-005
 6.114250e+002  6.076664e-005
 6.120437e+002  5.583388e-005
 6.126625e+002  5.454591e-005
 6.132812e+002  5.881210e-005
 6.139000e+002  6.224515e-005
 6.145187e+002  6.323188e-005
 6.151375e+002  6.353004e-005
 6.157562e+002  8.143613e-005
 6.163750e+002  8.491737e-005
 6.169937e+002  7.590409e-005
 6.176125e+002  9.161638e-005
 6.182312e+002  8.189603e-005
 6.188500e+002  7.381950e-005
 6.194687e+002  6.679062e-005
 6.200875e+002  6.384827e-005
 6.207062e+002  6.467746e-005
 6.213250e+002  5.210758e-005
 6.219437e+002  8.174229e-005
 6.225625e+002  7.467746e-005
 6.231812e+002  7.129689e-005
 6.238000e+002  7.662820e-005
 6.244187e+002  7.309805e-005
 6.250375e+002  6.764207e-005
 6.256562e+002  6.358949e-005
 6.262750e+002  7.245248e-005
 6.268937e+002  6.522929e-005
 6.275125e+002  8.173131e-005
 6.281312e+002  8.281624e-005
 6.287500e+002  7.595586e-005
 6.293687e+002  6.986367e-005
 6.299875e+002  6.508495e-005
 6.306062e+002  5.252963e-005
 6.312250e+002  5.569218e-005
 6.318437e+002  6.774909e-005
 6.324625e+002  7.982083e-005
 6.330812e+002  7.793587e-005
 6.337000e+002  6.475757e-005
 6.343187e+002  7.864588e-005
 6.349375e+002  8.270611e-005
 6.355562e+002  6.721367e-005
 6.361750e+002  6.485255e-005
 6.367937e+002  4.493909e-005
 6.374125e+002  5.522059e-005
 6.380312e+002  5.634297e-005
 6.386500e+002  6.606502e-005
 6.392687e+002  6.465261e-005
 6.398875e+002  6.619621e-005
 6.405062e+002  6.643603e-005
 6.411250e+002  6.911781e-005
 6.417437e+002  8.222917e-005
 6.423625e+002  6.685457e-005
 6.429812e+002  5.876354e-005
 6.436000e+002  6.983811e-005
 6.442187e+002  7.308722e-005
 6.448375e+002  7.544118e-005
 6.454562e+002  6.137757e-005
 6.460750e+002  5.412962e-005
 6.466937e+002  4.720553e-005
 6.473125e+002  5.294722e-005
 6.479312e+002  6.638570e-005
 6.485500e+002  7.206205e-005
 6.491687e+002  6.614426e-005
 6.497875e+002  7.562074e-005
 6.504062e+002  7.647415e-005
 6.510250e+002  5.938305e-005
 6.516437e+002  8.213681e-005
 6.522625e+002  7.181279e-005
 6.528812e+002  5.947977e-005
 6.535000e+002  7.585811e-005
 6.541187e+002  6.732707e-005
 6.547375e+002  5.987386e-005
 6.553562e+002  5.977387e-005
 6.559750e+002  5.220316e-005
 6.565937e+002  6.778178e-005
 6.572125e+002  7.531233e-005
 6.578312e+002  6.360937e-005
 6.584500e+002  5.291112e-005
 6.590687e+002  4.874421e-005
 6.596875e+002  6.217226e-005
 6.603062e+002  5.225396e-005
 6.609250e+002  5.590243e-005
 6.615437e+002  5.702495e-005
 6.621625e+002  5.102243e-005
 6.627812e+002  5.856490e-005
 6.634000e+002  5.987491e-005
 6.640187e+002  7.155381e-005
 6.646375e+002  7.121780e-005
 6.652562e+002  5.824229e-005
 6.658750e+002  6.101320e-005
 6.664937e+002  6.691693e-005
 6.671125e+002  5.920981e-005
 6.677312e+002  5.659633e-005
 6.683500e+002  5.738403e-005
 6.689687e+002  6.705414e-005
 6.695875e+002  5.433281e-005
 6.702062e+002  6.152455e-005
 6.708250e+002  7.777507e-005
 6.714437e+002  7.011884e-005
 6.720625e+002  5.564734e-005
 6.726812e+002  6.327655e-005
 6.733000e+002  7.078253e-005
 6.739187e+002  6.469547e-005
 6.745375e+002  7.703311e-005
 6.751562e+002  7.762000e-005
 6.757750e+002  7.177319e-005
 6.763937e+002  8.542457e-005
 6.770125e+002  7.185160e-005
 6.776312e+002  6.903559e-005
 6.782500e+002  6.215963e-005
 6.788687e+002  5.919116e-005
 6.794875e+002  6.014715e-005
 6.801062e+002  8.019873e-005
 6.807250e+002  8.536179e-005
 6.813437e+002  7.420442e-005
 6.819625e+002  7.744343e-005
 6.825812e+002  7.469974e-005
 6.832000e+002  7.319203e-005
 6.838187e+002  6.266644e-005
 6.844375e+002  6.839139e-005
 6.850562e+002  6.821091e-005
 6.856750e+002  6.747138e-005
 6.862937e+002  7.219139e-005
 6.869125e+002  7.229011e-005
 6.875312e+002  7.593093e-005
 6.881500e+002  7.324927e-005
 6.887687e+002  6.795694e-005
 6.893875e+002  5.766694e-005
 6.900062e+002  5.315459e-005
 6.906250e+002  5.492853e-005
 6.912437e+002  7.591850e-005
 6.918625e+002  6.838426e-005
 6.924812e+002  7.089210e-005
 6.931000e+002  7.007118e-005
 6.937187e+002  6.195772e-005
 6.943375e+002  6.256438e-005
 6.949562e+002  6.782730e-005
 6.955750e+002  5.524934e-005
 6.961937e+002  6.620165e-005
 6.968125e+002  5.857478e-005
 6.974312e+002  3.980793e-005
 6.980500e+002  5.849138e-005
 6.986687e+002  6.686042e-005
 6.992875e+002  6.123827e-005
 6.999062e+002  7.253939e-005
 7.005250e+002  7.878109e-005
 7.011437e+002  6.302494e-005
 7.017625e+002  5.072572e-005
 7.023812e+002  4.845929e-005
 7.030000e+002  5.637967e-005
 7.036187e+002  8.315731e-005
 7.042375e+002  7.736710e-005
 7.048562e+002  4.865089e-005
 7.054750e+002  3.639947e-005
 7.060937e+002  6.200740e-005
 7.067125e+002  6.989837e-005
 7.073312e+002  7.257512e-005
 7.079500e+002  8.197282e-005
 7.085687e+002  7.958904e-005
 7.091875e+002  6.257320e-005
 7.098062e+002  6.960108e-005
 7.104250e+002  6.937516e-005
 7.110437e+002  6.627724e-005
 7.116625e+002  6.384612e-005
 7.122812e+002  5.829917e-005
 7.129000e+002  5.909393e-005
 7.135187e+002  7.571779e-005
 7.141375e+002  6.279763e-005
 7.147562e+002  6.366895e-005
 7.153750e+002  7.419715e-005
 7.159937e+002  6.401977e-005
 7.166125e+002  7.592112e-005
 7.172312e+002  7.374035e-005
 7.178500e+002  6.620691e-005
 7.184687e+002  5.842150e-005
 7.190875e+002  6.054463e-005
 7.197062e+002  6.964750e-005
 7.203250e+002  6.422861e-005
 7.209437e+002  5.081806e-005
 7.215625e+002  5.821201e-005
 7.221812e+002  5.881650e-005
 7.228000e+002  7.524103e-005
 7.234187e+002  7.535314e-005
 7.240375e+002  6.626436e-005
 7.246562e+002  6.315161e-005
 7.252750e+002  7.443784e-005
 7.258937e+002  7.294078e-005
 7.265125e+002  7.270341e-005
 7.271312e+002  6.647724e-005
 7.277500e+002  7.851621e-005
 7.283687e+002  6.440837e-005
 7.289875e+002  6.418213e-005
 7.296062e+002  8.104111e-005
 7.302250e+002  7.680798e-005
 7.308437e+002  6.669645e-005
 7.314625e+002  8.116370e-005
 7.320812e+002  7.934209e-005
 7.327000e+002  6.301185e-005
 7.333187e+002  6.848624e-005
 7.339375e+002  7.607931e-005
 7.345562e+002  6.381560e-005
 7.351750e+002  5.109701e-005
 7.357937e+002  6.443139e-005
 7.364125e+002  6.641068e-005
 7.370312e+002  6.373849e-005
 7.376500e+002  6.029075e-005
 7.382687e+002  6.881544e-005
 7.388875e+002  6.718773e-005
 7.395062e+002  7.333945e-005
 7.401250e+002  7.679344e-005
 7.407437e+002  7.046063e-005
 7.413625e+002  6.119165e-005
 7.419812e+002  5.646756e-005
 7.426000e+002  8.069195e-005
 7.432187e+002  8.785967e-005
 7.438375e+002  5.203869e-005
 7.444562e+002  5.422598e-005
 7.450750e+002  6.409861e-005
 7.456937e+002  5.921870e-005
 7.463125e+002  6.441960e-005
 7.469312e+002  7.177209e-005
 7.475500e+002  7.017238e-005
 7.481687e+002  6.756220e-005
 7.487875e+002  6.979545e-005
 7.494062e+002  6.529164e-005
 7.500250e+002  1.101191e-004
 7.506437e+002  8.224873e-005
 7.512625e+002  7.863348e-005
 7.518812e+002  8.397809e-005
 7.525000e+002  7.027967e-005
 7.531187e+002  7.977950e-005
 7.537375e+002  6.151643e-005
 7.543562e+002  6.954928e-005
 7.549750e+002  7.833386e-005
 7.555937e+002  6.798012e-005
 7.562125e+002  5.665856e-005
 7.568312e+002  4.547122e-005
 7.574500e+002  5.334182e-005
 7.580687e+002  7.064094e-005
 7.586875e+002  8.586799e-005
 7.593062e+002  7.804345e-005
 7.599250e+002  6.039536e-005
 7.605437e+002  6.447443e-005
 7.611625e+002  6.985119e-005
 7.617812e+002  5.934221e-005
 7.624000e+002  5.734093e-005
 7.630187e+002  7.337638e-005
 7.636375e+002  7.192134e-005
 7.642562e+002  7.568091e-005
 7.648750e+002  6.840531e-005
 7.654937e+002  6.229573e-005
 7.661125e+002  5.699427e-005
 7.667312e+002  4.732316e-005
 7.673500e+002  6.723822e-005
 7.679687e+002  7.397724e-005
 7.685875e+002  7.087985e-005
 7.692062e+002  6.370121e-005
 7.698250e+002  7.200479e-005
 7.704437e+002  7.068798e-005
 7.710625e+002  7.223529e-005
 7.716812e+002  7.118710e-005
 7.723000e+002  5.482563e-005
 7.729187e+002  6.669050e-005
 7.735375e+002  7.887836e-005
 7.741562e+002  6.517066e-005
 7.747750e+002  7.034480e-005
 7.753937e+002  6.958672e-005
 7.760125e+002  7.695304e-005
 7.766312e+002  9.218382e-005
 7.772500e+002  9.022310e-005
 7.778687e+002  7.316332e-005
 7.784875e+002  6.046530e-005
 7.791062e+002  6.632684e-005
 7.797250e+002  6.387442e-005
 7.803437e+002  5.909206e-005
 7.809625e+002  5.599818e-005
 7.815812e+002  6.024367e-005
 7.822000e+002  6.017845e-005
 7.828187e+002  6.155151e-005
 7.834375e+002  6.064749e-005
 7.840562e+002  5.562512e-005
 7.846750e+002  5.945449e-005
 7.852937e+002  6.780431e-005
 7.859125e+002  6.774400e-005
 7.865312e+002  5.346144e-005
 7.871500e+002  5.886828e-005
 7.877687e+002  5.896225e-005
 7.883875e+002  4.538619e-005
 7.890062e+002  5.217178e-005
 7.896250e+002  7.008103e-005
 7.902437e+002  6.627262e-005
 7.908625e+002  7.637408e-005
 7.914812e+002  6.728314e-005
 7.921000e+002  5.396774e-005
 7.927187e+002  6.397625e-005
 7.933375e+002  5.473272e-005
 7.939562e+002  6.059986e-005
 7.945750e+002  5.952000e-005
 7.951937e+002  7.121141e-005
 7.958125e+002  6.587529e-005
 7.964312e+002  6.425545e-005
 7.970500e+002  7.832121e-005
 7.976687e+002  7.432395e-005
 7.982875e+002  7.928050e-005
 7.989062e+002  8.650723e-005
 7.995250e+002  6.754413e-005
 8.001437e+002  5.645333e-005
 8.007625e+002  5.794021e-005
 8.013812e+002  8.347607e-005
 8.020000e+002  7.671129e-005
 8.026187e+002  5.903669e-005
 8.032375e+002  4.910736e-005
 8.038562e+002  5.236796e-005
 8.044750e+002  5.986736e-005
 8.050937e+002  5.645808e-005
 8.057125e+002  5.574375e-005
 8.063312e+002  6.373696e-005
 8.069500e+002  4.511934e-005
 8.075687e+002  5.748274e-005
 8.081875e+002  5.169264e-005
 8.088062e+002  7.240387e-005
 8.094250e+002  7.026443e-005
 8.100437e+002  8.116111e-005
 8.106625e+002  8.703820e-005
 8.112812e+002  7.433913e-005
 8.119000e+002  7.355370e-005
 8.125187e+002  6.563512e-005
 8.131375e+002  5.212165e-005
 8.137562e+002  4.888136e-005
 8.143750e+002  4.992938e-005
 8.149937e+002  7.035943e-005
 8.156125e+002  8.363011e-005
 8.162312e+002  5.731502e-005
 8.168500e+002  7.515768e-005
 8.174687e+002  6.867502e-005
 8.180875e+002  5.864690e-005
 8.187062e+002  4.438083e-005
 8.193250e+002  6.219865e-005
 8.199437e+002  6.992761e-005
 8.205625e+002  6.379187e-005
 8.211812e+002  6.711851e-005
 8.218000e+002  6.004396e-005
 8.224187e+002  6.798880e-005
 8.230375e+002  8.063628e-005
 8.236562e+002  7.394604e-005
 8.242750e+002  6.678364e-005
 8.248937e+002  6.624972e-005
 8.255125e+002  7.521031e-005
 8.261312e+002  7.702706e-005
 8.267500e+002  7.449976e-005
 8.273687e+002  5.370779e-005
 8.279875e+002  5.980096e-005
 8.286062e+002  5.997569e-005
 8.292250e+002  6.818895e-005
 8.298437e+002  6.564204e-005
 8.304625e+002  6.153291e-005
 8.310812e+002  6.257297e-005
 8.317000e+002  6.883675e-005
 8.323187e+002  6.658094e-005
 8.329375e+002  7.474607e-005
 8.335562e+002  6.857408e-005
 8.341750e+002  5.933675e-005
 8.347937e+002  6.693547e-005
 8.354125e+002  6.382724e-005
 8.360312e+002  5.295549e-005
 8.366500e+002  6.696383e-005
 8.372687e+002  6.794265e-005
 8.378875e+002  7.171039e-005
 8.385062e+002  6.896245e-005
 8.391250e+002  5.791304e-005
 8.397437e+002  6.548869e-005
 8.403625e+002  7.131468e-005
 8.409812e+002  6.855765e-005
 8.416000e+002  8.307199e-005
 8.422187e+002  8.507273e-005
 8.428375e+002  6.469783e-005
 8.434562e+002  5.851420e-005
 8.440750e+002  6.073039e-005
 8.446937e+002  7.287084e-005
 8.453125e+002  6.466965e-005
 8.459312e+002  5.725915e-005
 8.465500e+002  5.982518e-005
 8.471687e+002  5.421882e-005
 8.477875e+002  5.694609e-005
 8.484062e+002  6.956296e-005
 8.490250e+002  7.124767e-005
 8.496437e+002  8.634657e-005
 8.502625e+002  9.996920e-005
 8.508812e+002  5.809733e-005
 8.515000e+002  6.514243e-005
 8.521187e+002  7.299731e-005
 8.527375e+002  6.869300e-005
 8.533562e+002  6.365823e-005
 8.539750e+002  6.933351e-005
 8.545937e+002  6.879741e-005
 8.552125e+002  6.346027e-005
 8.558312e+002  8.246718e-005
 8.564500e+002  8.020809e-005
 8.570687e+002  6.268632e-005
 8.576875e+002  5.808906e-005
 8.583062e+002  6.681008e-005
 8.589250e+002  7.238992e-005
 8.595437e+002  6.696115e-005
 8.601625e+002  6.763101e-005
 8.607812e+002  7.434397e-005
 8.614000e+002  6.626058e-005
 8.620187e+002  6.274013e-005
 8.626375e+002  7.365450e-005
 8.632562e+002  7.130870e-005
 8.638750e+002  5.848721e-005
 8.644937e+002  4.791079e-005
 8.651125e+002  6.231775e-005
 8.657312e+002  6.144917e-005
 8.663500e+002  6.704428e-005
 8.669687e+002  7.370816e-005
 8.675875e+002  6.804786e-005
 8.682062e+002  6.585677e-005
 8.688250e+002  5.154958e-005
 8.694437e+002  4.646716e-005
 8.700625e+002  6.745268e-005
 8.706812e+002  6.514160e-005
 8.713000e+002  5.302972e-005
 8.719187e+002  7.074126e-005
 8.725375e+002  8.706009e-005
 8.731562e+002  8.084766e-005
 8.737750e+002  7.066489e-005
 8.743937e+002  6.877425e-005
 8.750125e+002  6.870497e-005
 8.756312e+002  7.269596e-005
 8.762500e+002  7.114008e-005
 8.768687e+002  7.202585e-005
 8.774875e+002  7.273906e-005
 8.781062e+002  7.624545e-005
 8.787250e+002  6.614527e-005
 8.793437e+002  6.003384e-005
 8.799625e+002  7.622912e-005
 8.805812e+002  7.356637e-005
 8.812000e+002  7.949326e-005
 8.818187e+002  6.986426e-005
 8.824375e+002  6.646087e-005
 8.830562e+002  6.460634e-005
 8.836750e+002  7.960129e-005
 8.842937e+002  8.255664e-005
 8.849125e+002  6.991167e-005
 8.855312e+002  7.538025e-005
 8.861500e+002  7.663635e-005
 8.867687e+002  6.286828e-005
 8.873875e+002  4.419996e-005
 8.880062e+002  5.409007e-005
 8.886250e+002  7.327334e-005
 8.892437e+002  7.002347e-005
 8.898625e+002  6.349852e-005
 8.904812e+002  6.212319e-005
 8.911000e+002  6.118643e-005
 8.917187e+002  5.988822e-005
 8.923375e+002  5.874810e-005
 8.929562e+002  6.942465e-005
 8.935750e+002  6.205235e-005
 8.941937e+002  6.546927e-005
 8.948125e+002  7.225837e-005
 8.954312e+002  4.779107e-005
 8.960500e+002  5.964840e-005
 8.966687e+002  6.598259e-005
 8.972875e+002  6.748605e-005
 8.979062e+002  6.133908e-005
 8.985250e+002  6.150710e-005
 8.991437e+002  5.649172e-005
 8.997625e+002  5.394314e-005
 9.003812e+002  6.954226e-005
 9.010000e+002  7.903276e-005
 9.016187e+002  7.576853e-005
 9.022375e+002  5.128334e-005
 9.028562e+002  5.685746e-005
 9.034750e+002  7.170330e-005
 9.040937e+002  6.707695e-005
 9.047125e+002  7.312294e-005
 9.053312e+002  6.760382e-005
 9.059500e+002  6.269206e-005
 9.065687e+002  6.595245e-005
 9.071875e+002  6.858506e-005
 9.078062e+002  6.976768e-005
 9.084250e+002  7.488698e-005
 9.090437e+002  6.142889e-005
 9.096625e+002  5.467938e-005
 9.102812e+002  6.491341e-005
 9.109000e+002  5.576644e-005
 9.115187e+002  6.608072e-005
 9.121375e+002  6.787305e-005
 9.127562e+002  7.004636e-005
 9.133750e+002  6.435500e-005
 9.139937e+002  6.405706e-005
 9.146125e+002  6.918820e-005
 9.152312e+002  6.781863e-005
 9.158500e+002  7.190728e-005
 9.164687e+002  7.728140e-005
 9.170875e+002  7.928307e-005
 9.177062e+002  7.194956e-005
 9.183250e+002  6.314908e-005
 9.189437e+002  7.293123e-005
 9.195625e+002  6.530873e-005
 9.201812e+002  7.871815e-005
 9.208000e+002  8.528641e-005
 9.214187e+002  7.198085e-005
 9.220375e+002  5.762403e-005
 9.226562e+002  5.391090e-005
 9.232750e+002  6.076765e-005
 9.238937e+002  6.005276e-005
 9.245125e+002  6.872205e-005
 9.251312e+002  6.954807e-005
 9.257500e+002  6.618003e-005
 9.263687e+002  6.878664e-005
 9.269875e+002  6.352992e-005
 9.276062e+002  6.812154e-005
 9.282250e+002  7.258309e-005
 9.288437e+002  8.231271e-005
 9.294625e+002  6.673299e-005
 9.300812e+002  5.575243e-005
 9.307000e+002  6.808754e-005
 9.313187e+002  6.603321e-005
 9.319375e+002  6.178571e-005
 9.325562e+002  6.876208e-005
 9.331750e+002  7.355214e-005
 9.337937e+002  6.474336e-005
 9.344125e+002  7.030600e-005
 9.350312e+002  6.929473e-005
 9.356500e+002  6.018136e-005
 9.362687e+002  6.938316e-005
 9.368875e+002  8.587962e-005
 9.375062e+002  7.636974e-005
 9.381250e+002  6.658243e-005
 9.387437e+002  5.598480e-005
 9.393625e+002  5.184029e-005
 9.399812e+002  6.318495e-005
 9.406000e+002  6.539454e-005
 9.412187e+002  5.327135e-005
 9.418375e+002  4.769176e-005
 9.424562e+002  6.046545e-005
 9.430750e+002  6.364185e-005
 9.436937e+002  5.664000e-005
 9.443125e+002  5.550793e-005
 9.449312e+002  6.598849e-005
 9.455500e+002  7.215789e-005
 9.461687e+002  6.249443e-005
 9.467875e+002  6.757004e-005
 9.474062e+002  6.375506e-005
 9.480250e+002  6.047415e-005
 9.486437e+002  6.275554e-005
 9.492625e+002  6.074256e-005
 9.498812e+002  8.757600e-005
 9.505000e+002  8.433489e-005
 9.511187e+002  5.875951e-005
 9.517375e+002  7.291630e-005
 9.523562e+002  7.025737e-005
 9.529750e+002  7.065693e-005
 9.535937e+002  7.195614e-005
 9.542125e+002  5.786707e-005
 9.548312e+002  5.880291e-005
 9.554500e+002  6.238919e-005
 9.560687e+002  7.635271e-005
 9.566875e+002  8.060224e-005
 9.573062e+002  6.864742e-005
 9.579250e+002  5.850389e-005
 9.585437e+002  5.681703e-005
 9.591625e+002  7.317843e-005
 9.597812e+002  7.197438e-005
 9.604000e+002  6.157425e-005
 9.610187e+002  6.349057e-005
 9.616375e+002  6.833596e-005
 9.622562e+002  6.213617e-005
 9.628750e+002  7.238941e-005
 9.634937e+002  8.800512e-005
 9.641125e+002  8.005288e-005
 9.647312e+002  7.217977e-005
 9.653500e+002  8.244817e-005
 9.659687e+002  7.468653e-005
 9.665875e+002  6.155351e-005
 9.672062e+002  6.278183e-005
 9.678250e+002  5.675246e-005
 9.684437e+002  5.903791e-005
 9.690625e+002  5.795600e-005
 9.696812e+002  7.523886e-005
 9.703000e+002  6.490717e-005
 9.709187e+002  5.354564e-005
 9.715375e+002  5.815054e-005
 9.721562e+002  6.545003e-005
 9.727750e+002  6.189021e-005
 9.733937e+002  6.072874e-005
 9.740125e+002  6.849816e-005
 9.746312e+002  7.893457e-005
 9.752500e+002  7.230311e-005
 9.758687e+002  7.120954e-005
 9.764875e+002  6.694959e-005
 9.771062e+002  6.883975e-005
 9.777250e+002  5.842239e-005
 9.783437e+002  6.758405e-005
 9.789625e+002  6.517416e-005
 9.795812e+002  5.975379e-005
 9.802000e+002  7.238551e-005
 9.808187e+002  6.583792e-005
 9.814375e+002  5.387225e-005
 9.820562e+002  5.853776e-005
 9.826750e+002  5.480377e-005
 9.832937e+002  5.237570e-005
 9.839125e+002  4.896694e-005
 9.845312e+002  4.537998e-005
 9.851500e+002  5.756022e-005
 9.857687e+002  6.715159e-005
 9.863875e+002  7.544117e-005
 9.870062e+002  7.233415e-005
 9.876250e+002  7.281768e-005
 9.882437e+002  7.206169e-005
 9.888625e+002  7.773688e-005
 9.894812e+002  6.844509e-005
 9.901000e+002  6.813115e-005
 9.907187e+002  5.668613e-005
 9.913375e+002  6.397208e-005
 9.919562e+002  7.125247e-005
 9.925750e+002  7.023586e-005
 9.931937e+002  6.128958e-005
 9.938125e+002  7.577299e-005
 9.944312e+002  6.432337e-005
 9.950500e+002  5.769628e-005
 9.956687e+002  6.166879e-005
 9.962875e+002  6.874934e-005
 9.969062e+002  5.491405e-005
 9.975250e+002  5.441550e-005
 9.981437e+002  6.242163e-005
 9.987625e+002  6.088964e-005
 9.993812e+002  5.059727e-005
 1.000000e+003  5.143861e-005
