 1.000000e+001  2.675652e-004
 1.061875e+001  2.335290e-004
 1.123750e+001  2.135152e-004
 1.185625e+001  2.102331e-004
 1.247500e+001  1.718881e-004
 1.309375e+001  2.058939e-004
 1.371250e+001  2.118869e-004
 1.433125e+001  2.380670e-004
 1.495000e+001  2.143234e-004
 1.556875e+001  1.972303e-004
 1.618750e+001  1.820948e-004
 1.680625e+001  1.956075e-004
 1.742500e+001  1.950387e-004
 1.804375e+001  1.534543e-004
 1.866250e+001  1.803699e-004
 1.928125e+001  1.690162e-004
 1.990000e+001  1.441822e-004
 2.051875e+001  1.457490e-004
 2.113750e+001  1.726967e-004
 2.175625e+001  1.723776e-004
 2.237500e+001  1.723409e-004
 2.299375e+001  1.657666e-004
 2.361250e+001  1.379911e-004
 2.423125e+001  1.184277e-004
 2.485000e+001  1.685833e-004
 2.546875e+001  1.709522e-004
 2.608750e+001  1.817244e-004
 2.670625e+001  1.833111e-004
 2.732500e+001  1.694148e-004
 2.794375e+001  1.016166e-004
 2.856250e+001  1.322459e-004
 2.918125e+001  1.708967e-004
 2.980000e+001  1.242493e-004
 3.041875e+001  1.348901e-004
 3.103750e+001  1.292826e-004
 3.165625e+001  1.476480e-004
 3.227500e+001  1.492774e-004
 3.289375e+001  1.042763e-004
 3.351250e+001  1.119043e-004
 3.413125e+001  1.185005e-004
 3.475000e+001  1.264417e-004
 3.536875e+001  1.423050e-004
 3.598750e+001  1.484997e-004
 3.660625e+001  1.431929e-004
 3.722500e+001  1.384691e-004
 3.784375e+001  1.208816e-004
 3.846250e+001  1.126990e-004
 3.908125e+001  1.436129e-004
 3.970000e+001  1.523720e-004
 4.031875e+001  1.524009e-004
 4.093750e+001  1.329537e-004
 4.155625e+001  1.153297e-004
 4.217500e+001  1.500593e-004
 4.279375e+001  2.044043e-004
 4.341250e+001  1.649143e-004
 4.403125e+001  1.203443e-004
 4.465000e+001  1.038088e-004
 4.526875e+001  9.124106e-005
 4.588750e+001  9.564002e-005
 4.650625e+001  1.060639e-004
 4.712500e+001  1.090949e-004
 4.774375e+001  1.137384e-004
 4.836250e+001  1.814206e-004
 4.898125e+001  8.900344e-004
 4.960000e+001  6.229163e-003
 5.021875e+001  7.320225e-003
 5.083750e+001  1.887469e-003
 5.145625e+001  2.468194e-004
 5.207500e+001  1.175628e-004
 5.269375e+001  9.495069e-005
 5.331250e+001  9.373019e-005
 5.393125e+001  9.089466e-005
 5.455000e+001  9.914452e-005
 5.516875e+001  9.792179e-005
 5.578750e+001  8.912994e-005
 5.640625e+001  8.469626e-005
 5.702500e+001  8.898827e-005
 5.764375e+001  7.565739e-005
 5.826250e+001  6.709946e-005
 5.888125e+001  8.067852e-005
 5.950000e+001  6.959711e-005
 6.011875e+001  7.397240e-005
 6.073750e+001  9.187558e-005
 6.135625e+001  8.242568e-005
 6.197500e+001  8.940231e-005
 6.259375e+001  8.938958e-005
 6.321250e+001  8.536717e-005
 6.383125e+001  7.387351e-005
 6.445000e+001  8.797068e-005
 6.506875e+001  9.208917e-005
 6.568750e+001  9.570178e-005
 6.630625e+001  8.240584e-005
 6.692500e+001  7.845521e-005
 6.754375e+001  7.024756e-005
 6.816250e+001  6.148009e-005
 6.878125e+001  6.790628e-005
 6.940000e+001  5.916223e-005
 7.001875e+001  8.412316e-005
 7.063750e+001  1.097410e-004
 7.125625e+001  1.013756e-004
 7.187500e+001  8.808209e-005
 7.249375e+001  9.005251e-005
 7.311250e+001  6.598584e-005
 7.373125e+001  7.623230e-005
 7.435000e+001  8.133686e-005
 7.496875e+001  5.999608e-005
 7.558750e+001  2.172230e-004
 7.620625e+001  2.632739e-004
 7.682500e+001  1.045910e-004
 7.744375e+001  6.017180e-005
 7.806250e+001  6.600666e-005
 7.868125e+001  7.051335e-005
 7.930000e+001  7.741608e-005
 7.991875e+001  8.080770e-005
 8.053750e+001  5.867074e-005
 8.115625e+001  5.945104e-005
 8.177500e+001  6.303458e-005
 8.239375e+001  6.111433e-005
 8.301250e+001  5.427895e-005
 8.363125e+001  6.730488e-005
 8.425000e+001  5.980709e-005
 8.486875e+001  5.663071e-005
 8.548750e+001  6.902424e-005
 8.610625e+001  6.022509e-005
 8.672500e+001  7.482228e-005
 8.734375e+001  8.641581e-005
 8.796250e+001  6.031507e-005
 8.858125e+001  6.727918e-005
 8.920000e+001  6.839509e-005
 8.981875e+001  5.353753e-005
 9.043750e+001  5.811713e-005
 9.105625e+001  6.628878e-005
 9.167500e+001  1.156787e-004
 9.229375e+001  1.013183e-004
 9.291250e+001  6.182818e-005
 9.353125e+001  6.156818e-005
 9.415000e+001  5.153705e-005
 9.476875e+001  5.306805e-005
 9.538750e+001  5.959835e-005
 9.600625e+001  6.668444e-005
 9.662500e+001  6.244990e-005
 9.724375e+001  5.892578e-005
 9.786250e+001  5.543661e-005
 9.848125e+001  5.031088e-005
 9.910000e+001  6.102049e-005
 9.971875e+001  1.448337e-004
 1.003375e+002  1.453538e-004
 1.009563e+002  6.406036e-005
 1.015750e+002  4.350402e-005
 1.021938e+002  4.963815e-005
 1.028125e+002  5.394069e-005
 1.034313e+002  5.005624e-005
 1.040500e+002  4.994629e-005
 1.046688e+002  5.017585e-005
 1.052875e+002  5.820840e-005
 1.059063e+002  4.740309e-005
 1.065250e+002  4.487116e-005
 1.071438e+002  5.566910e-005
 1.077625e+002  4.625073e-005
 1.083813e+002  3.431751e-005
 1.090000e+002  4.358735e-005
 1.096188e+002  4.818251e-005
 1.102375e+002  5.038369e-005
 1.108563e+002  5.493452e-005
 1.114750e+002  4.985937e-005
 1.120938e+002  3.938643e-005
 1.127125e+002  3.642575e-005
 1.133313e+002  3.627513e-005
 1.139500e+002  4.679693e-005
 1.145688e+002  4.162654e-005
 1.151875e+002  4.354954e-005
 1.158063e+002  4.198247e-005
 1.164250e+002  3.896105e-005
 1.170438e+002  4.362322e-005
 1.176625e+002  4.451764e-005
 1.182813e+002  4.284887e-005
 1.189000e+002  4.136737e-005
 1.195188e+002  5.056878e-005
 1.201375e+002  6.963613e-005
 1.207563e+002  5.659086e-005
 1.213750e+002  4.520853e-005
 1.219938e+002  3.989536e-005
 1.226125e+002  3.775380e-005
 1.232313e+002  3.925124e-005
 1.238500e+002  5.273011e-005
 1.244688e+002  5.944118e-005
 1.250875e+002  5.106152e-005
 1.257063e+002  5.272597e-005
 1.263250e+002  3.819649e-005
 1.269438e+002  4.076777e-005
 1.275625e+002  4.585674e-005
 1.281813e+002  5.122256e-005
 1.288000e+002  3.822772e-005
 1.294188e+002  4.561516e-005
 1.300375e+002  4.589473e-005
 1.306563e+002  4.860349e-005
 1.312750e+002  4.310588e-005
 1.318938e+002  3.476031e-005
 1.325125e+002  4.050118e-005
 1.331313e+002  4.060449e-005
 1.337500e+002  3.826560e-005
 1.343688e+002  4.088188e-005
 1.349875e+002  3.417043e-005
 1.356063e+002  4.333258e-005
 1.362250e+002  3.619006e-005
 1.368438e+002  3.690009e-005
 1.374625e+002  3.810694e-005
 1.380813e+002  4.344911e-005
 1.387000e+002  4.393191e-005
 1.393188e+002  3.684742e-005
 1.399375e+002  5.363452e-005
 1.405563e+002  6.395031e-005
 1.411750e+002  5.218103e-005
 1.417938e+002  3.964199e-005
 1.424125e+002  4.127654e-005
 1.430313e+002  3.788584e-005
 1.436500e+002  4.093206e-005
 1.442688e+002  4.809678e-005
 1.448875e+002  3.597561e-005
 1.455063e+002  3.931238e-005
 1.461250e+002  3.709176e-005
 1.467438e+002  3.745720e-005
 1.473625e+002  3.710143e-005
 1.479813e+002  5.873813e-005
 1.486000e+002  1.227894e-004
 1.492188e+002  2.061758e-003
 1.498375e+002  5.541608e-003
 1.504563e+002  3.623184e-003
 1.510750e+002  2.325585e-004
 1.516938e+002  1.164773e-004
 1.523125e+002  7.058765e-005
 1.529313e+002  5.379183e-005
 1.535500e+002  4.546180e-005
 1.541688e+002  4.284356e-005
 1.547875e+002  3.926386e-005
 1.554063e+002  3.939410e-005
 1.560250e+002  4.254428e-005
 1.566438e+002  4.068760e-005
 1.572625e+002  3.792549e-005
 1.578813e+002  4.291687e-005
 1.585000e+002  4.566314e-005
 1.591188e+002  4.452994e-005
 1.597375e+002  4.892837e-005
 1.603563e+002  4.312287e-005
 1.609750e+002  3.645822e-005
 1.615938e+002  4.597298e-005
 1.622125e+002  5.288424e-005
 1.628313e+002  4.197388e-005
 1.634500e+002  3.392345e-005
 1.640688e+002  3.279395e-005
 1.646875e+002  3.452761e-005
 1.653063e+002  3.524305e-005
 1.659250e+002  3.119177e-005
 1.665438e+002  3.058236e-005
 1.671625e+002  2.694934e-005
 1.677813e+002  3.129178e-005
 1.684000e+002  2.858399e-005
 1.690188e+002  2.861948e-005
 1.696375e+002  2.842806e-005
 1.702563e+002  3.504476e-005
 1.708750e+002  3.638827e-005
 1.714938e+002  2.770777e-005
 1.721125e+002  3.152076e-005
 1.727313e+002  2.620898e-005
 1.733500e+002  3.652043e-005
 1.739688e+002  3.147206e-005
 1.745875e+002  3.524933e-005
 1.752063e+002  3.424856e-005
 1.758250e+002  3.247223e-005
 1.764438e+002  4.065639e-005
 1.770625e+002  4.279561e-005
 1.776813e+002  3.378274e-005
 1.783000e+002  3.393240e-005
 1.789188e+002  4.305246e-005
 1.795375e+002  4.425278e-005
 1.801563e+002  3.136616e-005
 1.807750e+002  2.722227e-005
 1.813938e+002  3.878129e-005
 1.820125e+002  4.645276e-005
 1.826313e+002  3.853151e-005
 1.832500e+002  3.475111e-005
 1.838688e+002  3.717029e-005
 1.844875e+002  3.510575e-005
 1.851063e+002  3.144881e-005
 1.857250e+002  3.286078e-005
 1.863438e+002  3.092550e-005
 1.869625e+002  3.002537e-005
 1.875813e+002  2.933362e-005
 1.882000e+002  3.537641e-005
 1.888188e+002  3.177538e-005
 1.894375e+002  2.657457e-005
 1.900563e+002  2.935081e-005
 1.906750e+002  3.646323e-005
 1.912938e+002  3.303957e-005
 1.919125e+002  3.074194e-005
 1.925313e+002  2.976909e-005
 1.931500e+002  2.721473e-005
 1.937688e+002  2.733504e-005
 1.943875e+002  2.779009e-005
 1.950063e+002  2.836632e-005
 1.956250e+002  3.212525e-005
 1.962438e+002  3.639705e-005
 1.968625e+002  3.349998e-005
 1.974813e+002  3.892720e-005
 1.981000e+002  3.222029e-005
 1.987188e+002  3.466131e-005
 1.993375e+002  1.480914e-004
 1.999563e+002  2.739678e-004
 2.005750e+002  1.292531e-004
 2.011938e+002  3.065733e-005
 2.018125e+002  2.997175e-005
 2.024313e+002  2.538292e-005
 2.030500e+002  3.211027e-005
 2.036688e+002  3.019209e-005
 2.042875e+002  3.725876e-005
 2.049063e+002  3.980628e-005
 2.055250e+002  3.157756e-005
 2.061438e+002  3.450333e-005
 2.067625e+002  3.105040e-005
 2.073813e+002  2.829136e-005
 2.080000e+002  2.482187e-005
 2.086188e+002  2.877776e-005
 2.092375e+002  2.763555e-005
 2.098563e+002  3.068586e-005
 2.104750e+002  3.100660e-005
 2.110938e+002  2.452486e-005
 2.117125e+002  2.383476e-005
 2.123313e+002  2.334558e-005
 2.129500e+002  2.237990e-005
 2.135688e+002  2.409085e-005
 2.141875e+002  2.376857e-005
 2.148063e+002  2.583752e-005
 2.154250e+002  2.677319e-005
 2.160438e+002  2.485512e-005
 2.166625e+002  2.922405e-005
 2.172813e+002  3.128146e-005
 2.179000e+002  2.830511e-005
 2.185188e+002  2.969154e-005
 2.191375e+002  3.362361e-005
 2.197563e+002  2.780730e-005
 2.203750e+002  2.813495e-005
 2.209938e+002  2.878323e-005
 2.216125e+002  2.416890e-005
 2.222313e+002  2.851501e-005
 2.228500e+002  3.300877e-005
 2.234688e+002  3.303711e-005
 2.240875e+002  3.065489e-005
 2.247063e+002  2.900654e-005
 2.253250e+002  2.595739e-005
 2.259438e+002  2.996035e-005
 2.265625e+002  3.497385e-005
 2.271813e+002  2.914837e-005
 2.278000e+002  2.571978e-005
 2.284188e+002  2.206346e-005
 2.290375e+002  2.796881e-005
 2.296563e+002  3.161825e-005
 2.302750e+002  2.621180e-005
 2.308938e+002  2.390934e-005
 2.315125e+002  2.808723e-005
 2.321313e+002  2.601199e-005
 2.327500e+002  2.465143e-005
 2.333688e+002  2.210042e-005
 2.339875e+002  2.514404e-005
 2.346063e+002  2.800332e-005
 2.352250e+002  2.592717e-005
 2.358438e+002  3.255467e-005
 2.364625e+002  2.950771e-005
 2.370813e+002  2.899751e-005
 2.377000e+002  2.854737e-005
 2.383188e+002  2.543705e-005
 2.389375e+002  2.508642e-005
 2.395563e+002  3.101358e-005
 2.401750e+002  2.868496e-005
 2.407938e+002  2.608788e-005
 2.414125e+002  2.563191e-005
 2.420313e+002  2.223617e-005
 2.426500e+002  2.411481e-005
 2.432688e+002  2.952474e-005
 2.438875e+002  2.754280e-005
 2.445063e+002  2.979563e-005
 2.451250e+002  2.813557e-005
 2.457438e+002  2.116442e-005
 2.463625e+002  2.436010e-005
 2.469813e+002  2.888158e-005
 2.476000e+002  3.575386e-005
 2.482188e+002  3.209659e-005
 2.488375e+002  7.463014e-005
 2.494563e+002  8.665600e-004
 2.500750e+002  1.226355e-003
 2.506938e+002  4.125534e-004
 2.513125e+002  4.602192e-005
 2.519313e+002  2.649483e-005
 2.525500e+002  2.055556e-005
 2.531688e+002  2.751948e-005
 2.537875e+002  3.219344e-005
 2.544063e+002  2.904849e-005
 2.550250e+002  2.665833e-005
 2.556438e+002  2.537536e-005
 2.562625e+002  2.317125e-005
 2.568813e+002  2.324614e-005
 2.575000e+002  2.450583e-005
 2.581188e+002  2.617375e-005
 2.587375e+002  2.361005e-005
 2.593563e+002  2.353037e-005
 2.599750e+002  2.547468e-005
 2.605938e+002  2.962699e-005
 2.612125e+002  3.528534e-005
 2.618313e+002  3.525912e-005
 2.624500e+002  3.015855e-005
 2.630688e+002  2.700397e-005
 2.636875e+002  2.667945e-005
 2.643063e+002  2.668718e-005
 2.649250e+002  2.602901e-005
 2.655438e+002  2.161672e-005
 2.661625e+002  2.328065e-005
 2.667813e+002  2.553369e-005
 2.674000e+002  2.594716e-005
 2.680188e+002  2.601571e-005
 2.686375e+002  2.468709e-005
 2.692563e+002  2.889910e-005
 2.698750e+002  2.997412e-005
 2.704938e+002  3.127321e-005
 2.711125e+002  2.747250e-005
 2.717313e+002  2.326305e-005
 2.723500e+002  2.263891e-005
 2.729688e+002  1.940220e-005
 2.735875e+002  2.147050e-005
 2.742063e+002  2.729895e-005
 2.748250e+002  3.151858e-005
 2.754438e+002  2.582526e-005
 2.760625e+002  2.141968e-005
 2.766813e+002  3.002561e-005
 2.773000e+002  2.801791e-005
 2.779188e+002  2.748942e-005
 2.785375e+002  2.700245e-005
 2.791563e+002  2.419993e-005
 2.797750e+002  2.570447e-005
 2.803938e+002  2.169022e-005
 2.810125e+002  2.455174e-005
 2.816313e+002  2.754597e-005
 2.822500e+002  2.782292e-005
 2.828688e+002  2.106475e-005
 2.834875e+002  1.966958e-005
 2.841063e+002  2.117927e-005
 2.847250e+002  2.355156e-005
 2.853438e+002  2.787411e-005
 2.859625e+002  2.499769e-005
 2.865813e+002  2.153831e-005
 2.872000e+002  2.235132e-005
 2.878188e+002  1.925980e-005
 2.884375e+002  2.685144e-005
 2.890563e+002  2.368204e-005
 2.896750e+002  2.384439e-005
 2.902938e+002  3.110983e-005
 2.909125e+002  2.618368e-005
 2.915313e+002  2.493500e-005
 2.921500e+002  2.884050e-005
 2.927688e+002  3.447848e-005
 2.933875e+002  2.995908e-005
 2.940063e+002  2.579427e-005
 2.946250e+002  3.026607e-005
 2.952438e+002  2.808226e-005
 2.958625e+002  2.802696e-005
 2.964813e+002  2.306661e-005
 2.971000e+002  2.246002e-005
 2.977188e+002  2.584639e-005
 2.983375e+002  2.659923e-005
 2.989563e+002  6.234106e-005
 2.995750e+002  3.328846e-004
 3.001938e+002  3.519938e-004
 3.008125e+002  7.765137e-005
 3.014313e+002  3.025967e-005
 3.020500e+002  2.735848e-005
 3.026688e+002  2.543495e-005
 3.032875e+002  2.197003e-005
 3.039063e+002  2.231404e-005
 3.045250e+002  3.212354e-005
 3.051438e+002  2.573103e-005
 3.057625e+002  1.768002e-005
 3.063813e+002  2.030945e-005
 3.070000e+002  2.180689e-005
 3.076188e+002  2.379098e-005
 3.082375e+002  2.923371e-005
 3.088563e+002  2.409515e-005
 3.094750e+002  2.786356e-005
 3.100938e+002  2.414066e-005
 3.107125e+002  2.722418e-005
 3.113313e+002  2.724312e-005
 3.119500e+002  2.292703e-005
 3.125688e+002  2.344714e-005
 3.131875e+002  2.348919e-005
 3.138063e+002  2.593274e-005
 3.144250e+002  3.090637e-005
 3.150437e+002  2.296767e-005
 3.156625e+002  2.016970e-005
 3.162812e+002  1.739097e-005
 3.169000e+002  2.331367e-005
 3.175187e+002  2.313043e-005
 3.181375e+002  2.407923e-005
 3.187562e+002  2.888121e-005
 3.193750e+002  3.129442e-005
 3.199937e+002  3.187459e-005
 3.206125e+002  3.016359e-005
 3.212312e+002  3.037186e-005
 3.218500e+002  2.659335e-005
 3.224687e+002  2.729829e-005
 3.230875e+002  2.713963e-005
 3.237062e+002  2.410440e-005
 3.243250e+002  2.369538e-005
 3.249437e+002  2.074839e-005
 3.255625e+002  1.953576e-005
 3.261812e+002  1.466557e-005
 3.268000e+002  2.214914e-005
 3.274187e+002  2.644517e-005
 3.280375e+002  2.426273e-005
 3.286562e+002  2.503775e-005
 3.292750e+002  1.889406e-005
 3.298937e+002  2.274824e-005
 3.305125e+002  1.873633e-005
 3.311312e+002  1.784008e-005
 3.317500e+002  2.248542e-005
 3.323687e+002  2.341881e-005
 3.329875e+002  2.495839e-005
 3.336062e+002  2.740809e-005
 3.342250e+002  2.793814e-005
 3.348437e+002  2.518848e-005
 3.354625e+002  2.022539e-005
 3.360812e+002  2.662641e-005
 3.367000e+002  2.555313e-005
 3.373187e+002  2.092612e-005
 3.379375e+002  2.414871e-005
 3.385562e+002  2.484008e-005
 3.391750e+002  2.547167e-005
 3.397937e+002  2.338167e-005
 3.404125e+002  2.651377e-005
 3.410312e+002  2.909585e-005
 3.416500e+002  2.460396e-005
 3.422687e+002  2.631577e-005
 3.428875e+002  2.844877e-005
 3.435062e+002  2.501530e-005
 3.441250e+002  2.089596e-005
 3.447437e+002  2.420851e-005
 3.453625e+002  2.564406e-005
 3.459812e+002  2.612226e-005
 3.466000e+002  2.539146e-005
 3.472187e+002  2.643068e-005
 3.478375e+002  3.184187e-005
 3.484562e+002  2.637086e-005
 3.490750e+002  1.050465e-004
 3.496937e+002  3.526137e-004
 3.503125e+002  2.770016e-004
 3.509312e+002  4.263925e-005
 3.515500e+002  2.669394e-005
 3.521687e+002  2.096859e-005
 3.527875e+002  2.220937e-005
 3.534062e+002  2.060730e-005
 3.540250e+002  2.112004e-005
 3.546437e+002  2.141238e-005
 3.552625e+002  2.526343e-005
 3.558812e+002  2.714569e-005
 3.565000e+002  2.798968e-005
 3.571187e+002  2.040775e-005
 3.577375e+002  2.255569e-005
 3.583562e+002  1.992361e-005
 3.589750e+002  2.185355e-005
 3.595937e+002  2.533821e-005
 3.602125e+002  2.870941e-005
 3.608312e+002  2.603832e-005
 3.614500e+002  2.698083e-005
 3.620687e+002  2.923269e-005
 3.626875e+002  2.375676e-005
 3.633062e+002  1.922187e-005
 3.639250e+002  2.167614e-005
 3.645437e+002  2.467493e-005
 3.651625e+002  2.467411e-005
 3.657812e+002  2.244792e-005
 3.664000e+002  2.694100e-005
 3.670187e+002  2.099846e-005
 3.676375e+002  1.659257e-005
 3.682562e+002  1.986571e-005
 3.688750e+002  2.243685e-005
 3.694937e+002  2.633035e-005
 3.701125e+002  2.313420e-005
 3.707312e+002  2.317269e-005
 3.713500e+002  1.987561e-005
 3.719687e+002  2.041044e-005
 3.725875e+002  1.976073e-005
 3.732062e+002  1.945782e-005
 3.738250e+002  2.313969e-005
 3.744437e+002  2.163016e-005
 3.750625e+002  2.325248e-005
 3.756812e+002  2.568701e-005
 3.763000e+002  2.479948e-005
 3.769187e+002  2.714374e-005
 3.775375e+002  3.046477e-005
 3.781562e+002  2.957129e-005
 3.787750e+002  2.521399e-005
 3.793937e+002  2.787214e-005
 3.800125e+002  2.044461e-005
 3.806312e+002  2.319306e-005
 3.812500e+002  2.640079e-005
 3.818687e+002  2.443561e-005
 3.824875e+002  2.001324e-005
 3.831062e+002  2.124615e-005
 3.837250e+002  2.126895e-005
 3.843437e+002  2.086795e-005
 3.849625e+002  2.033706e-005
 3.855812e+002  1.729351e-005
 3.862000e+002  2.570615e-005
 3.868187e+002  2.452278e-005
 3.874375e+002  2.222079e-005
 3.880562e+002  2.099436e-005
 3.886750e+002  2.482169e-005
 3.892937e+002  2.846106e-005
 3.899125e+002  2.551750e-005
 3.905312e+002  2.501778e-005
 3.911500e+002  1.975888e-005
 3.917687e+002  1.767264e-005
 3.923875e+002  1.921769e-005
 3.930062e+002  2.125746e-005
 3.936250e+002  2.590338e-005
 3.942437e+002  2.292519e-005
 3.948625e+002  2.499612e-005
 3.954812e+002  2.348838e-005
 3.961000e+002  2.633432e-005
 3.967187e+002  2.796428e-005
 3.973375e+002  2.785937e-005
 3.979562e+002  2.686458e-005
 3.985750e+002  2.649431e-005
 3.991937e+002  1.571252e-004
 3.998125e+002  3.641804e-004
 4.004312e+002  2.118116e-004
 4.010500e+002  2.936418e-005
 4.016687e+002  2.811650e-005
 4.022875e+002  2.089576e-005
 4.029062e+002  2.455810e-005
 4.035250e+002  2.424194e-005
 4.041437e+002  1.854835e-005
 4.047625e+002  2.000985e-005
 4.053812e+002  2.178431e-005
 4.060000e+002  2.587842e-005
 4.066187e+002  2.467840e-005
 4.072375e+002  2.500534e-005
 4.078562e+002  2.262797e-005
 4.084750e+002  2.156124e-005
 4.090937e+002  2.416953e-005
 4.097125e+002  1.952457e-005
 4.103312e+002  2.308993e-005
 4.109500e+002  2.611060e-005
 4.115687e+002  2.906132e-005
 4.121875e+002  2.431546e-005
 4.128062e+002  2.476818e-005
 4.134250e+002  2.434969e-005
 4.140437e+002  2.540628e-005
 4.146625e+002  2.291748e-005
 4.152812e+002  2.113822e-005
 4.159000e+002  2.025217e-005
 4.165187e+002  1.893231e-005
 4.171375e+002  2.003669e-005
 4.177562e+002  2.186845e-005
 4.183750e+002  2.379592e-005
 4.189937e+002  3.056277e-005
 4.196125e+002  2.221071e-005
 4.202312e+002  2.220201e-005
 4.208500e+002  2.570734e-005
 4.214687e+002  2.683469e-005
 4.220875e+002  2.502497e-005
 4.227062e+002  2.135824e-005
 4.233250e+002  2.354844e-005
 4.239437e+002  2.090878e-005
 4.245625e+002  1.783107e-005
 4.251812e+002  2.194549e-005
 4.258000e+002  2.365101e-005
 4.264187e+002  2.618873e-005
 4.270375e+002  2.885719e-005
 4.276562e+002  1.937941e-005
 4.282750e+002  1.506087e-005
 4.288937e+002  1.821611e-005
 4.295125e+002  1.921734e-005
 4.301312e+002  2.342700e-005
 4.307500e+002  2.752449e-005
 4.313687e+002  2.357752e-005
 4.319875e+002  2.432336e-005
 4.326062e+002  1.995071e-005
 4.332250e+002  2.035908e-005
 4.338437e+002  2.019048e-005
 4.344625e+002  1.875059e-005
 4.350812e+002  2.212926e-005
 4.357000e+002  2.326597e-005
 4.363187e+002  2.289232e-005
 4.369375e+002  2.196725e-005
 4.375562e+002  2.106162e-005
 4.381750e+002  2.789844e-005
 4.387937e+002  3.224305e-005
 4.394125e+002  2.582921e-005
 4.400312e+002  2.597536e-005
 4.406500e+002  2.306624e-005
 4.412687e+002  1.933974e-005
 4.418875e+002  1.911928e-005
 4.425062e+002  2.240766e-005
 4.431250e+002  2.894861e-005
 4.437437e+002  2.837345e-005
 4.443625e+002  2.537100e-005
 4.449812e+002  1.891896e-005
 4.456000e+002  1.454779e-005
 4.462187e+002  1.629418e-005
 4.468375e+002  1.741626e-005
 4.474562e+002  2.200738e-005
 4.480750e+002  2.646748e-005
 4.486937e+002  2.881478e-005
 4.493125e+002  1.950146e-004
 4.499312e+002  3.192069e-004
 4.505500e+002  1.351956e-004
 4.511687e+002  2.366427e-005
 4.517875e+002  2.523762e-005
 4.524062e+002  2.386709e-005
 4.530250e+002  1.965704e-005
 4.536437e+002  2.078232e-005
 4.542625e+002  2.507199e-005
 4.548812e+002  2.453547e-005
 4.555000e+002  2.230198e-005
 4.561187e+002  2.033943e-005
 4.567375e+002  2.519152e-005
 4.573562e+002  2.647986e-005
 4.579750e+002  2.038254e-005
 4.585937e+002  2.151234e-005
 4.592125e+002  2.433044e-005
 4.598312e+002  2.375279e-005
 4.604500e+002  2.538448e-005
 4.610687e+002  2.474224e-005
 4.616875e+002  2.145988e-005
 4.623062e+002  1.811946e-005
 4.629250e+002  2.068567e-005
 4.635437e+002  1.989841e-005
 4.641625e+002  2.155702e-005
 4.647812e+002  2.153882e-005
 4.654000e+002  1.898871e-005
 4.660187e+002  2.048868e-005
 4.666375e+002  2.782655e-005
 4.672562e+002  2.368486e-005
 4.678750e+002  2.036610e-005
 4.684937e+002  2.825627e-005
 4.691125e+002  2.358992e-005
 4.697312e+002  2.422371e-005
 4.703500e+002  2.317020e-005
 4.709687e+002  2.132006e-005
 4.715875e+002  2.286094e-005
 4.722062e+002  2.014706e-005
 4.728250e+002  1.760167e-005
 4.734437e+002  2.001315e-005
 4.740625e+002  2.278480e-005
 4.746812e+002  2.589717e-005
 4.753000e+002  2.513199e-005
 4.759187e+002  2.719574e-005
 4.765375e+002  2.852705e-005
 4.771562e+002  2.256024e-005
 4.777750e+002  2.286171e-005
 4.783937e+002  1.925785e-005
 4.790125e+002  1.836257e-005
 4.796312e+002  1.771645e-005
 4.802500e+002  2.432929e-005
 4.808687e+002  2.547410e-005
 4.814875e+002  2.063655e-005
 4.821062e+002  1.990061e-005
 4.827250e+002  2.388421e-005
 4.833437e+002  2.380350e-005
 4.839625e+002  2.118042e-005
 4.845812e+002  1.932643e-005
 4.852000e+002  2.210720e-005
 4.858187e+002  1.756937e-005
 4.864375e+002  2.117345e-005
 4.870562e+002  2.037239e-005
 4.876750e+002  1.792037e-005
 4.882937e+002  2.655614e-005
 4.889125e+002  2.984855e-005
 4.895312e+002  2.685634e-005
 4.901500e+002  2.170394e-005
 4.907687e+002  2.300248e-005
 4.913875e+002  2.358192e-005
 4.920062e+002  2.133729e-005
 4.926250e+002  2.002246e-005
 4.932437e+002  1.314409e-005
 4.938625e+002  1.680907e-005
 4.944812e+002  2.121020e-005
 4.951000e+002  2.340957e-005
 4.957187e+002  2.031452e-005
 4.963375e+002  2.013159e-005
 4.969562e+002  1.980287e-005
 4.975750e+002  2.247224e-005
 4.981937e+002  2.603350e-005
 4.988125e+002  4.366660e-005
 4.994312e+002  2.906118e-004
 5.000500e+002  3.543764e-004
 5.006687e+002  1.020247e-004
 5.012875e+002  2.272810e-005
 5.019062e+002  1.987347e-005
 5.025250e+002  2.123084e-005
 5.031437e+002  2.155298e-005
 5.037625e+002  2.133884e-005
 5.043812e+002  2.415049e-005
 5.050000e+002  1.936902e-005
 5.056187e+002  2.486925e-005
 5.062375e+002  2.659758e-005
 5.068562e+002  2.300734e-005
 5.074750e+002  1.930425e-005
 5.080937e+002  1.639860e-005
 5.087125e+002  2.097369e-005
 5.093312e+002  2.248778e-005
 5.099500e+002  2.234402e-005
 5.105687e+002  2.429374e-005
 5.111875e+002  2.447937e-005
 5.118062e+002  2.299962e-005
 5.124250e+002  2.639926e-005
 5.130437e+002  2.349864e-005
 5.136625e+002  2.242890e-005
 5.142812e+002  1.777916e-005
 5.149000e+002  1.524775e-005
 5.155187e+002  2.030093e-005
 5.161375e+002  2.635550e-005
 5.167562e+002  2.361870e-005
 5.173750e+002  2.019946e-005
 5.179937e+002  1.946464e-005
 5.186125e+002  1.934269e-005
 5.192312e+002  2.028648e-005
 5.198500e+002  2.354339e-005
 5.204687e+002  2.089429e-005
 5.210875e+002  2.589810e-005
 5.217062e+002  2.818909e-005
 5.223250e+002  2.424077e-005
 5.229437e+002  2.091330e-005
 5.235625e+002  2.385328e-005
 5.241812e+002  2.240398e-005
 5.248000e+002  1.798841e-005
 5.254187e+002  2.175772e-005
 5.260375e+002  2.388791e-005
 5.266562e+002  2.024795e-005
 5.272750e+002  1.968592e-005
 5.278937e+002  1.841526e-005
 5.285125e+002  2.395005e-005
 5.291312e+002  2.323848e-005
 5.297500e+002  2.005837e-005
 5.303687e+002  2.023963e-005
 5.309875e+002  2.463755e-005
 5.316062e+002  1.930854e-005
 5.322250e+002  2.652066e-005
 5.328437e+002  2.801482e-005
 5.334625e+002  2.241942e-005
 5.340812e+002  2.353991e-005
 5.347000e+002  2.453713e-005
 5.353187e+002  2.626173e-005
 5.359375e+002  2.243040e-005
 5.365562e+002  1.968179e-005
 5.371750e+002  1.884988e-005
 5.377937e+002  2.481928e-005
 5.384125e+002  2.657129e-005
 5.390312e+002  2.154206e-005
 5.396500e+002  2.003182e-005
 5.402687e+002  2.265300e-005
 5.408875e+002  1.603409e-005
 5.415062e+002  1.921052e-005
 5.421250e+002  2.168248e-005
 5.427437e+002  1.920851e-005
 5.433625e+002  1.822735e-005
 5.439812e+002  2.235183e-005
 5.446000e+002  2.456148e-005
 5.452187e+002  2.298579e-005
 5.458375e+002  2.337716e-005
 5.464562e+002  2.198616e-005
 5.470750e+002  2.312005e-005
 5.476937e+002  2.380576e-005
 5.483125e+002  2.343813e-005
 5.489312e+002  9.904604e-005
 5.495500e+002  4.371281e-004
 5.501687e+002  4.135401e-004
 5.507875e+002  8.433116e-005
 5.514062e+002  2.372571e-005
 5.520250e+002  2.132812e-005
 5.526437e+002  2.420126e-005
 5.532625e+002  2.225644e-005
 5.538812e+002  2.238975e-005
 5.545000e+002  2.329374e-005
 5.551187e+002  2.110750e-005
 5.557375e+002  1.602840e-005
 5.563562e+002  1.750117e-005
 5.569750e+002  2.144975e-005
 5.575937e+002  2.088759e-005
 5.582125e+002  1.547799e-005
 5.588312e+002  1.958489e-005
 5.594500e+002  2.170777e-005
 5.600687e+002  2.371999e-005
 5.606875e+002  2.164009e-005
 5.613062e+002  2.232740e-005
 5.619250e+002  2.146289e-005
 5.625437e+002  1.931414e-005
 5.631625e+002  2.365285e-005
 5.637812e+002  2.213895e-005
 5.644000e+002  2.012565e-005
 5.650187e+002  2.269496e-005
 5.656375e+002  2.508556e-005
 5.662562e+002  2.012434e-005
 5.668750e+002  1.926545e-005
 5.674937e+002  2.339565e-005
 5.681125e+002  2.397176e-005
 5.687312e+002  1.892107e-005
 5.693500e+002  1.852879e-005
 5.699687e+002  2.447892e-005
 5.705875e+002  2.282288e-005
 5.712062e+002  1.967864e-005
 5.718250e+002  1.959944e-005
 5.724437e+002  2.486588e-005
 5.730625e+002  2.449548e-005
 5.736812e+002  2.223640e-005
 5.743000e+002  2.034452e-005
 5.749187e+002  2.547122e-005
 5.755375e+002  2.491616e-005
 5.761562e+002  2.225343e-005
 5.767750e+002  1.915550e-005
 5.773937e+002  2.314445e-005
 5.780125e+002  2.482069e-005
 5.786312e+002  2.017183e-005
 5.792500e+002  2.022358e-005
 5.798687e+002  2.405869e-005
 5.804875e+002  2.087911e-005
 5.811062e+002  2.036488e-005
 5.817250e+002  1.959580e-005
 5.823437e+002  2.250200e-005
 5.829625e+002  2.559233e-005
 5.835812e+002  2.031663e-005
 5.842000e+002  1.717665e-005
 5.848187e+002  2.187227e-005
 5.854375e+002  2.322885e-005
 5.860562e+002  2.427434e-005
 5.866750e+002  2.331356e-005
 5.872937e+002  2.318943e-005
 5.879125e+002  2.531138e-005
 5.885312e+002  2.398467e-005
 5.891500e+002  1.984549e-005
 5.897687e+002  2.517193e-005
 5.903875e+002  2.622027e-005
 5.910062e+002  1.728682e-005
 5.916250e+002  2.172637e-005
 5.922437e+002  2.219243e-005
 5.928625e+002  2.058864e-005
 5.934812e+002  2.532905e-005
 5.941000e+002  1.985886e-005
 5.947187e+002  2.025328e-005
 5.953375e+002  2.104471e-005
 5.959562e+002  1.824305e-005
 5.965750e+002  2.018166e-005
 5.971937e+002  2.248543e-005
 5.978125e+002  2.089913e-005
 5.984312e+002  2.174028e-005
 5.990500e+002  7.984399e-005
 5.996687e+002  2.085750e-004
 6.002875e+002  1.411454e-004
 6.009062e+002  2.125930e-005
 6.015250e+002  2.096658e-005
 6.021437e+002  1.816627e-005
 6.027625e+002  2.412989e-005
 6.033812e+002  2.656626e-005
 6.040000e+002  2.274831e-005
 6.046187e+002  2.128462e-005
 6.052375e+002  2.074916e-005
 6.058562e+002  2.134571e-005
 6.064750e+002  1.852523e-005
 6.070937e+002  2.095666e-005
 6.077125e+002  1.887195e-005
 6.083312e+002  2.225630e-005
 6.089500e+002  1.838032e-005
 6.095687e+002  1.974923e-005
 6.101875e+002  1.991775e-005
 6.108062e+002  2.085417e-005
 6.114250e+002  2.223825e-005
 6.120437e+002  2.402082e-005
 6.126625e+002  1.781161e-005
 6.132812e+002  1.723413e-005
 6.139000e+002  1.768738e-005
 6.145187e+002  1.903351e-005
 6.151375e+002  2.301919e-005
 6.157562e+002  2.026902e-005
 6.163750e+002  1.796015e-005
 6.169937e+002  2.006305e-005
 6.176125e+002  2.013892e-005
 6.182312e+002  2.147604e-005
 6.188500e+002  2.029953e-005
 6.194687e+002  2.273477e-005
 6.200875e+002  2.176359e-005
 6.207062e+002  2.108715e-005
 6.213250e+002  1.964598e-005
 6.219437e+002  2.329759e-005
 6.225625e+002  2.369317e-005
 6.231812e+002  1.698541e-005
 6.238000e+002  1.960266e-005
 6.244187e+002  2.300185e-005
 6.250375e+002  2.387591e-005
 6.256562e+002  2.206578e-005
 6.262750e+002  2.000549e-005
 6.268937e+002  2.273078e-005
 6.275125e+002  2.598408e-005
 6.281312e+002  2.181796e-005
 6.287500e+002  2.226127e-005
 6.293687e+002  2.347207e-005
 6.299875e+002  2.293454e-005
 6.306062e+002  1.941669e-005
 6.312250e+002  2.375780e-005
 6.318437e+002  2.199694e-005
 6.324625e+002  1.927217e-005
 6.330812e+002  2.278906e-005
 6.337000e+002  1.956770e-005
 6.343187e+002  1.937718e-005
 6.349375e+002  2.568127e-005
 6.355562e+002  2.722842e-005
 6.361750e+002  2.620192e-005
 6.367937e+002  2.646709e-005
 6.374125e+002  2.510287e-005
 6.380312e+002  2.716227e-005
 6.386500e+002  2.859430e-005
 6.392687e+002  2.515758e-005
 6.398875e+002  2.313927e-005
 6.405062e+002  2.519209e-005
 6.411250e+002  2.115783e-005
 6.417437e+002  2.277848e-005
 6.423625e+002  1.609040e-005
 6.429812e+002  1.812212e-005
 6.436000e+002  2.052954e-005
 6.442187e+002  2.326088e-005
 6.448375e+002  2.520632e-005
 6.454562e+002  2.124985e-005
 6.460750e+002  2.096528e-005
 6.466937e+002  2.470095e-005
 6.473125e+002  2.089472e-005
 6.479312e+002  2.029354e-005
 6.485500e+002  2.325319e-005
 6.491687e+002  2.468783e-004
 6.497875e+002  4.997146e-004
 6.504062e+002  2.575705e-004
 6.510250e+002  2.113064e-005
 6.516437e+002  2.059224e-005
 6.522625e+002  1.792286e-005
 6.528812e+002  1.772279e-005
 6.535000e+002  2.165461e-005
 6.541187e+002  2.046525e-005
 6.547375e+002  2.027402e-005
 6.553562e+002  1.730883e-005
 6.559750e+002  2.036415e-005
 6.565937e+002  2.493401e-005
 6.572125e+002  2.419165e-005
 6.578312e+002  1.694905e-005
 6.584500e+002  2.150672e-005
 6.590687e+002  2.622086e-005
 6.596875e+002  2.701700e-005
 6.603062e+002  2.498095e-005
 6.609250e+002  2.515960e-005
 6.615437e+002  2.093535e-005
 6.621625e+002  1.870147e-005
 6.627812e+002  2.054338e-005
 6.634000e+002  2.009862e-005
 6.640187e+002  2.060478e-005
 6.646375e+002  1.937990e-005
 6.652562e+002  2.199097e-005
 6.658750e+002  1.857524e-005
 6.664937e+002  1.838341e-005
 6.671125e+002  1.625864e-005
 6.677312e+002  2.406342e-005
 6.683500e+002  2.487485e-005
 6.689687e+002  2.378841e-005
 6.695875e+002  2.130140e-005
 6.702062e+002  2.073330e-005
 6.708250e+002  2.125375e-005
 6.714437e+002  1.917808e-005
 6.720625e+002  2.036457e-005
 6.726812e+002  2.217399e-005
 6.733000e+002  2.475122e-005
 6.739187e+002  2.376918e-005
 6.745375e+002  2.217794e-005
 6.751562e+002  1.530437e-005
 6.757750e+002  1.850695e-005
 6.763937e+002  2.205632e-005
 6.770125e+002  2.158297e-005
 6.776312e+002  2.547568e-005
 6.782500e+002  2.225238e-005
 6.788687e+002  1.432844e-005
 6.794875e+002  1.525814e-005
 6.801062e+002  1.740870e-005
 6.807250e+002  2.234768e-005
 6.813437e+002  2.351795e-005
 6.819625e+002  2.220565e-005
 6.825812e+002  2.145457e-005
 6.832000e+002  1.857164e-005
 6.838187e+002  1.612361e-005
 6.844375e+002  1.810074e-005
 6.850562e+002  2.021380e-005
 6.856750e+002  2.376763e-005
 6.862937e+002  2.902804e-005
 6.869125e+002  2.403285e-005
 6.875312e+002  2.090750e-005
 6.881500e+002  2.188472e-005
 6.887687e+002  2.063343e-005
 6.893875e+002  2.191708e-005
 6.900062e+002  1.900646e-005
 6.906250e+002  2.133630e-005
 6.912437e+002  2.559821e-005
 6.918625e+002  2.112198e-005
 6.924812e+002  2.207743e-005
 6.931000e+002  1.856161e-005
 6.937187e+002  2.173326e-005
 6.943375e+002  1.929262e-005
 6.949562e+002  1.829081e-005
 6.955750e+002  2.169748e-005
 6.961937e+002  1.983753e-005
 6.968125e+002  2.310790e-005
 6.974312e+002  2.347448e-005
 6.980500e+002  2.170641e-005
 6.986687e+002  2.752067e-005
 6.992875e+002  1.845696e-004
 6.999062e+002  2.671006e-004
 7.005250e+002  9.392462e-005
 7.011437e+002  2.161814e-005
 7.017625e+002  1.817659e-005
 7.023812e+002  1.942109e-005
 7.030000e+002  1.956041e-005
 7.036187e+002  2.046837e-005
 7.042375e+002  1.890058e-005
 7.048562e+002  1.968794e-005
 7.054750e+002  1.997572e-005
 7.060937e+002  2.091003e-005
 7.067125e+002  2.427611e-005
 7.073312e+002  2.178453e-005
 7.079500e+002  1.913063e-005
 7.085687e+002  2.511057e-005
 7.091875e+002  2.205411e-005
 7.098062e+002  2.306687e-005
 7.104250e+002  2.113039e-005
 7.110437e+002  2.303914e-005
 7.116625e+002  2.163608e-005
 7.122812e+002  2.176345e-005
 7.129000e+002  2.092684e-005
 7.135187e+002  2.504934e-005
 7.141375e+002  2.459601e-005
 7.147562e+002  2.080456e-005
 7.153750e+002  1.683734e-005
 7.159937e+002  1.938091e-005
 7.166125e+002  2.033566e-005
 7.172312e+002  2.222677e-005
 7.178500e+002  2.274220e-005
 7.184687e+002  2.006073e-005
 7.190875e+002  1.850160e-005
 7.197062e+002  2.026071e-005
 7.203250e+002  2.254454e-005
 7.209437e+002  2.171094e-005
 7.215625e+002  2.306861e-005
 7.221812e+002  2.531420e-005
 7.228000e+002  1.967273e-005
 7.234187e+002  2.268121e-005
 7.240375e+002  2.248243e-005
 7.246562e+002  2.244322e-005
 7.252750e+002  2.182663e-005
 7.258937e+002  2.231495e-005
 7.265125e+002  1.562383e-005
 7.271312e+002  1.911496e-005
 7.277500e+002  1.740177e-005
 7.283687e+002  1.576310e-005
 7.289875e+002  2.203522e-005
 7.296062e+002  2.671418e-005
 7.302250e+002  2.502141e-005
 7.308437e+002  2.370900e-005
 7.314625e+002  2.255728e-005
 7.320812e+002  2.299436e-005
 7.327000e+002  2.175075e-005
 7.333187e+002  2.252873e-005
 7.339375e+002  1.846806e-005
 7.345562e+002  2.217425e-005
 7.351750e+002  2.156829e-005
 7.357937e+002  1.927274e-005
 7.364125e+002  2.001951e-005
 7.370312e+002  1.999463e-005
 7.376500e+002  1.469953e-005
 7.382687e+002  1.799911e-005
 7.388875e+002  2.331915e-005
 7.395062e+002  2.208682e-005
 7.401250e+002  1.949197e-005
 7.407437e+002  1.740801e-005
 7.413625e+002  1.708591e-005
 7.419812e+002  2.093706e-005
 7.426000e+002  2.218020e-005
 7.432187e+002  2.170776e-005
 7.438375e+002  2.251175e-005
 7.444562e+002  2.193084e-005
 7.450750e+002  2.120289e-005
 7.456937e+002  2.116302e-005
 7.463125e+002  2.211567e-005
 7.469312e+002  2.506825e-005
 7.475500e+002  2.250596e-005
 7.481687e+002  2.321665e-005
 7.487875e+002  3.880787e-005
 7.494062e+002  2.425427e-004
 7.500250e+002  2.814778e-004
 7.506437e+002  7.699644e-005
 7.512625e+002  2.117937e-005
 7.518812e+002  2.197659e-005
 7.525000e+002  2.249135e-005
 7.531187e+002  2.060585e-005
 7.537375e+002  1.892743e-005
 7.543562e+002  2.067112e-005
 7.549750e+002  1.843274e-005
 7.555937e+002  2.194031e-005
 7.562125e+002  1.756666e-005
 7.568312e+002  1.821362e-005
 7.574500e+002  1.746801e-005
 7.580687e+002  1.761235e-005
 7.586875e+002  2.030094e-005
 7.593062e+002  2.528211e-005
 7.599250e+002  2.351663e-005
 7.605437e+002  2.261098e-005
 7.611625e+002  2.656816e-005
 7.617812e+002  1.946039e-005
 7.624000e+002  1.623704e-005
 7.630187e+002  1.685543e-005
 7.636375e+002  2.368391e-005
 7.642562e+002  2.497243e-005
 7.648750e+002  1.965027e-005
 7.654937e+002  1.989612e-005
 7.661125e+002  1.898202e-005
 7.667312e+002  1.839171e-005
 7.673500e+002  1.703451e-005
 7.679687e+002  2.272070e-005
 7.685875e+002  2.207719e-005
 7.692062e+002  2.523836e-005
 7.698250e+002  1.856276e-005
 7.704437e+002  1.442158e-005
 7.710625e+002  1.961448e-005
 7.716812e+002  2.482563e-005
 7.723000e+002  2.530963e-005
 7.729187e+002  1.912068e-005
 7.735375e+002  1.487206e-005
 7.741562e+002  1.961417e-005
 7.747750e+002  2.502164e-005
 7.753937e+002  2.177217e-005
 7.760125e+002  1.788854e-005
 7.766312e+002  1.881909e-005
 7.772500e+002  1.808805e-005
 7.778687e+002  1.540142e-005
 7.784875e+002  2.102533e-005
 7.791062e+002  2.150850e-005
 7.797250e+002  2.011143e-005
 7.803437e+002  1.708808e-005
 7.809625e+002  2.282138e-005
 7.815812e+002  2.402247e-005
 7.822000e+002  2.172167e-005
 7.828187e+002  1.817768e-005
 7.834375e+002  2.164896e-005
 7.840562e+002  1.912474e-005
 7.846750e+002  2.100868e-005
 7.852937e+002  2.971039e-005
 7.859125e+002  2.333798e-005
 7.865312e+002  2.222624e-005
 7.871500e+002  1.986737e-005
 7.877687e+002  1.646850e-005
 7.883875e+002  2.133358e-005
 7.890062e+002  1.946816e-005
 7.896250e+002  2.002573e-005
 7.902437e+002  2.018990e-005
 7.908625e+002  2.068536e-005
 7.914812e+002  1.853602e-005
 7.921000e+002  2.164262e-005
 7.927187e+002  2.078704e-005
 7.933375e+002  2.106944e-005
 7.939562e+002  1.976399e-005
 7.945750e+002  2.000370e-005
 7.951937e+002  1.681661e-005
 7.958125e+002  1.801521e-005
 7.964312e+002  2.439561e-005
 7.970500e+002  2.058653e-005
 7.976687e+002  1.896659e-005
 7.982875e+002  2.178454e-005
 7.989062e+002  5.186518e-005
 7.995250e+002  1.780802e-004
 8.001437e+002  1.509636e-004
 8.007625e+002  3.272124e-005
 8.013812e+002  1.942694e-005
 8.020000e+002  1.827494e-005
 8.026187e+002  1.861845e-005
 8.032375e+002  1.826287e-005
 8.038562e+002  2.057661e-005
 8.044750e+002  2.204172e-005
 8.050937e+002  2.002088e-005
 8.057125e+002  1.414039e-005
 8.063312e+002  1.716119e-005
 8.069500e+002  2.150542e-005
 8.075687e+002  1.761069e-005
 8.081875e+002  2.174222e-005
 8.088062e+002  2.033371e-005
 8.094250e+002  1.825175e-005
 8.100437e+002  2.013255e-005
 8.106625e+002  2.131269e-005
 8.112812e+002  2.084027e-005
 8.119000e+002  2.666585e-005
 8.125187e+002  2.843099e-005
 8.131375e+002  2.126597e-005
 8.137562e+002  1.808112e-005
 8.143750e+002  2.435887e-005
 8.149937e+002  2.199169e-005
 8.156125e+002  2.112256e-005
 8.162312e+002  2.247492e-005
 8.168500e+002  2.661636e-005
 8.174687e+002  2.387779e-005
 8.180875e+002  1.962956e-005
 8.187062e+002  2.130436e-005
 8.193250e+002  2.200872e-005
 8.199437e+002  1.864946e-005
 8.205625e+002  1.978707e-005
 8.211812e+002  2.256055e-005
 8.218000e+002  2.354197e-005
 8.224187e+002  2.127259e-005
 8.230375e+002  2.223949e-005
 8.236562e+002  2.086073e-005
 8.242750e+002  1.631786e-005
 8.248937e+002  1.750177e-005
 8.255125e+002  1.950262e-005
 8.261312e+002  2.111619e-005
 8.267500e+002  2.126888e-005
 8.273687e+002  1.929753e-005
 8.279875e+002  1.737989e-005
 8.286062e+002  1.941665e-005
 8.292250e+002  1.737683e-005
 8.298437e+002  2.088999e-005
 8.304625e+002  2.155806e-005
 8.310812e+002  2.072457e-005
 8.317000e+002  2.059291e-005
 8.323187e+002  2.449307e-005
 8.329375e+002  2.437918e-005
 8.335562e+002  2.092060e-005
 8.341750e+002  2.075920e-005
 8.347937e+002  2.249591e-005
 8.354125e+002  2.364172e-005
 8.360312e+002  2.246410e-005
 8.366500e+002  2.033452e-005
 8.372687e+002  1.723094e-005
 8.378875e+002  1.429918e-005
 8.385062e+002  1.780261e-005
 8.391250e+002  2.168047e-005
 8.397437e+002  2.303696e-005
 8.403625e+002  2.686991e-005
 8.409812e+002  1.933225e-005
 8.416000e+002  1.943160e-005
 8.422187e+002  1.952748e-005
 8.428375e+002  2.418381e-005
 8.434562e+002  2.567171e-005
 8.440750e+002  2.102092e-005
 8.446937e+002  1.734871e-005
 8.453125e+002  2.244703e-005
 8.459312e+002  2.528761e-005
 8.465500e+002  2.500481e-005
 8.471687e+002  2.057318e-005
 8.477875e+002  2.289746e-005
 8.484062e+002  2.234750e-005
 8.490250e+002  1.448454e-004
 8.496437e+002  3.470546e-004
 8.502625e+002  2.185166e-004
 8.508812e+002  2.585235e-005
 8.515000e+002  2.720975e-005
 8.521187e+002  2.769088e-005
 8.527375e+002  2.566155e-005
 8.533562e+002  2.429193e-005
 8.539750e+002  1.950948e-005
 8.545937e+002  2.130297e-005
 8.552125e+002  2.200127e-005
 8.558312e+002  2.452162e-005
 8.564500e+002  2.281432e-005
 8.570687e+002  2.213331e-005
 8.576875e+002  2.351277e-005
 8.583062e+002  2.324118e-005
 8.589250e+002  2.145744e-005
 8.595437e+002  2.587969e-005
 8.601625e+002  2.376068e-005
 8.607812e+002  1.924873e-005
 8.614000e+002  2.061546e-005
 8.620187e+002  2.406542e-005
 8.626375e+002  2.223000e-005
 8.632562e+002  1.960928e-005
 8.638750e+002  2.162294e-005
 8.644937e+002  2.108828e-005
 8.651125e+002  2.050620e-005
 8.657312e+002  2.398992e-005
 8.663500e+002  2.460873e-005
 8.669687e+002  2.059106e-005
 8.675875e+002  1.812930e-005
 8.682062e+002  1.513852e-005
 8.688250e+002  2.022479e-005
 8.694437e+002  2.109493e-005
 8.700625e+002  2.226311e-005
 8.706812e+002  2.142350e-005
 8.713000e+002  2.356485e-005
 8.719187e+002  2.459014e-005
 8.725375e+002  2.368008e-005
 8.731562e+002  2.301014e-005
 8.737750e+002  1.777225e-005
 8.743937e+002  1.935162e-005
 8.750125e+002  2.273936e-005
 8.756312e+002  2.418955e-005
 8.762500e+002  2.562987e-005
 8.768687e+002  2.256871e-005
 8.774875e+002  1.920646e-005
 8.781062e+002  2.723367e-005
 8.787250e+002  2.279271e-005
 8.793437e+002  1.996349e-005
 8.799625e+002  1.709924e-005
 8.805812e+002  2.037390e-005
 8.812000e+002  2.262999e-005
 8.818187e+002  2.497768e-005
 8.824375e+002  2.480577e-005
 8.830562e+002  1.871059e-005
 8.836750e+002  2.307636e-005
 8.842937e+002  2.452411e-005
 8.849125e+002  2.188712e-005
 8.855312e+002  2.580793e-005
 8.861500e+002  2.180817e-005
 8.867687e+002  1.958039e-005
 8.873875e+002  3.123555e-005
 8.880062e+002  2.960663e-005
 8.886250e+002  2.388603e-005
 8.892437e+002  1.983519e-005
 8.898625e+002  1.723959e-005
 8.904812e+002  1.901518e-005
 8.911000e+002  2.225882e-005
 8.917187e+002  1.766372e-005
 8.923375e+002  2.109983e-005
 8.929562e+002  2.094638e-005
 8.935750e+002  2.385104e-005
 8.941937e+002  2.504649e-005
 8.948125e+002  1.869886e-005
 8.954312e+002  1.959756e-005
 8.960500e+002  2.066279e-005
 8.966687e+002  2.464417e-005
 8.972875e+002  2.060504e-005
 8.979062e+002  1.884350e-005
 8.985250e+002  2.253070e-005
 8.991437e+002  8.569850e-005
 8.997625e+002  1.528005e-004
 9.003812e+002  7.550199e-005
 9.010000e+002  1.966064e-005
 9.016187e+002  1.680331e-005
 9.022375e+002  2.229830e-005
 9.028562e+002  2.325774e-005
 9.034750e+002  1.538471e-005
 9.040937e+002  1.928219e-005
 9.047125e+002  2.339584e-005
 9.053312e+002  2.410613e-005
 9.059500e+002  2.973022e-005
 9.065687e+002  2.793790e-005
 9.071875e+002  1.978018e-005
 9.078062e+002  2.185735e-005
 9.084250e+002  2.452621e-005
 9.090437e+002  2.255127e-005
 9.096625e+002  2.037380e-005
 9.102812e+002  1.938943e-005
 9.109000e+002  1.898193e-005
 9.115187e+002  1.973444e-005
 9.121375e+002  1.724360e-005
 9.127562e+002  1.661993e-005
 9.133750e+002  1.652609e-005
 9.139937e+002  2.004004e-005
 9.146125e+002  1.911483e-005
 9.152312e+002  1.870628e-005
 9.158500e+002  2.415008e-005
 9.164687e+002  2.702835e-005
 9.170875e+002  2.552147e-005
 9.177062e+002  1.632460e-005
 9.183250e+002  1.296354e-005
 9.189437e+002  1.937574e-005
 9.195625e+002  2.176464e-005
 9.201812e+002  2.247748e-005
 9.208000e+002  1.794766e-005
 9.214187e+002  1.553781e-005
 9.220375e+002  1.911111e-005
 9.226562e+002  2.002202e-005
 9.232750e+002  1.811696e-005
 9.238937e+002  2.029070e-005
 9.245125e+002  2.133273e-005
 9.251312e+002  2.198267e-005
 9.257500e+002  2.192043e-005
 9.263687e+002  2.003197e-005
 9.269875e+002  2.022597e-005
 9.276062e+002  1.884588e-005
 9.282250e+002  1.783040e-005
 9.288437e+002  2.372074e-005
 9.294625e+002  2.071864e-005
 9.300812e+002  1.772732e-005
 9.307000e+002  2.404530e-005
 9.313187e+002  2.126799e-005
 9.319375e+002  2.230952e-005
 9.325562e+002  2.396556e-005
 9.331750e+002  2.309648e-005
 9.337937e+002  1.994690e-005
 9.344125e+002  1.589368e-005
 9.350312e+002  1.534668e-005
 9.356500e+002  1.674579e-005
 9.362687e+002  1.732944e-005
 9.368875e+002  2.073494e-005
 9.375062e+002  1.673388e-005
 9.381250e+002  2.103452e-005
 9.387437e+002  2.073634e-005
 9.393625e+002  2.279346e-005
 9.399812e+002  2.678639e-005
 9.406000e+002  2.135227e-005
 9.412187e+002  2.129870e-005
 9.418375e+002  1.618959e-005
 9.424562e+002  1.615828e-005
 9.430750e+002  1.443555e-005
 9.436937e+002  1.903603e-005
 9.443125e+002  1.954802e-005
 9.449312e+002  1.601648e-005
 9.455500e+002  2.132882e-005
 9.461687e+002  2.361265e-005
 9.467875e+002  1.913791e-005
 9.474062e+002  1.792645e-005
 9.480250e+002  1.826914e-005
 9.486437e+002  2.576340e-005
 9.492625e+002  2.136435e-004
 9.498812e+002  2.904929e-004
 9.505000e+002  9.415381e-005
 9.511187e+002  2.262044e-005
 9.517375e+002  2.134029e-005
 9.523562e+002  2.184647e-005
 9.529750e+002  2.228829e-005
 9.535937e+002  2.213250e-005
 9.542125e+002  1.599772e-005
 9.548312e+002  1.503428e-005
 9.554500e+002  2.408307e-005
 9.560687e+002  2.199163e-005
 9.566875e+002  1.966593e-005
 9.573062e+002  1.963207e-005
 9.579250e+002  1.791658e-005
 9.585437e+002  1.931353e-005
 9.591625e+002  2.094054e-005
 9.597812e+002  1.961484e-005
 9.604000e+002  2.327234e-005
 9.610187e+002  2.054067e-005
 9.616375e+002  1.962749e-005
 9.622562e+002  2.125247e-005
 9.628750e+002  1.875819e-005
 9.634937e+002  1.848150e-005
 9.641125e+002  1.862854e-005
 9.647312e+002  1.814828e-005
 9.653500e+002  1.995422e-005
 9.659687e+002  2.499457e-005
 9.665875e+002  2.149287e-005
 9.672062e+002  2.428179e-005
 9.678250e+002  2.439194e-005
 9.684437e+002  2.137398e-005
 9.690625e+002  2.155859e-005
 9.696812e+002  1.990606e-005
 9.703000e+002  2.011314e-005
 9.709187e+002  1.736964e-005
 9.715375e+002  1.624692e-005
 9.721562e+002  1.697357e-005
 9.727750e+002  2.235973e-005
 9.733937e+002  2.318503e-005
 9.740125e+002  2.582247e-005
 9.746312e+002  2.445904e-005
 9.752500e+002  2.058131e-005
 9.758687e+002  1.819478e-005
 9.764875e+002  1.718212e-005
 9.771062e+002  2.084899e-005
 9.777250e+002  2.061019e-005
 9.783437e+002  1.913767e-005
 9.789625e+002  2.217477e-005
 9.795812e+002  2.330714e-005
 9.802000e+002  1.872755e-005
 9.808187e+002  1.773172e-005
 9.814375e+002  1.685221e-005
 9.820562e+002  1.910400e-005
 9.826750e+002  2.439678e-005
 9.832937e+002  2.150278e-005
 9.839125e+002  2.152743e-005
 9.845312e+002  2.037540e-005
 9.851500e+002  1.686579e-005
 9.857687e+002  2.361621e-005
 9.863875e+002  2.455728e-005
 9.870062e+002  2.093122e-005
 9.876250e+002  2.411977e-005
 9.882437e+002  2.302671e-005
 9.888625e+002  2.273602e-005
 9.894812e+002  2.216330e-005
 9.901000e+002  2.082151e-005
 9.907187e+002  1.685546e-005
 9.913375e+002  1.556553e-005
 9.919562e+002  2.247004e-005
 9.925750e+002  2.393073e-005
 9.931937e+002  1.796807e-005
 9.938125e+002  2.078616e-005
 9.944312e+002  2.038093e-005
 9.950500e+002  2.074070e-005
 9.956687e+002  1.988403e-005
 9.962875e+002  2.271453e-005
 9.969062e+002  2.300517e-005
 9.975250e+002  2.443726e-005
 9.981437e+002  2.270707e-005
 9.987625e+002  3.071777e-005
 9.993812e+002  1.254248e-004
 1.000000e+003  1.293987e-004
