 1.000000e+001  1.306416e-004
 1.061875e+001  1.266732e-004
 1.123750e+001  1.209001e-004
 1.185625e+001  1.151135e-004
 1.247500e+001  1.129937e-004
 1.309375e+001  1.119010e-004
 1.371250e+001  1.196370e-004
 1.433125e+001  1.142215e-004
 1.495000e+001  8.840426e-005
 1.556875e+001  8.882091e-005
 1.618750e+001  9.594010e-005
 1.680625e+001  1.027465e-004
 1.742500e+001  9.921416e-005
 1.804375e+001  9.568447e-005
 1.866250e+001  9.711722e-005
 1.928125e+001  1.003181e-004
 1.990000e+001  9.957041e-005
 2.051875e+001  9.042381e-005
 2.113750e+001  9.436632e-005
 2.175625e+001  7.935506e-005
 2.237500e+001  8.382396e-005
 2.299375e+001  7.652196e-005
 2.361250e+001  8.854175e-005
 2.423125e+001  1.063798e-004
 2.485000e+001  9.175458e-005
 2.546875e+001  1.038398e-004
 2.608750e+001  1.016746e-004
 2.670625e+001  8.795709e-005
 2.732500e+001  8.735223e-005
 2.794375e+001  6.120361e-005
 2.856250e+001  7.733520e-005
 2.918125e+001  7.648422e-005
 2.980000e+001  7.665717e-005
 3.041875e+001  8.635527e-005
 3.103750e+001  8.856665e-005
 3.165625e+001  9.667861e-005
 3.227500e+001  8.486580e-005
 3.289375e+001  8.123545e-005
 3.351250e+001  9.144134e-005
 3.413125e+001  8.600437e-005
 3.475000e+001  7.848182e-005
 3.536875e+001  7.117751e-005
 3.598750e+001  8.247363e-005
 3.660625e+001  8.541612e-005
 3.722500e+001  7.605077e-005
 3.784375e+001  6.954835e-005
 3.846250e+001  7.781276e-005
 3.908125e+001  8.136862e-005
 3.970000e+001  8.099998e-005
 4.031875e+001  8.639325e-005
 4.093750e+001  7.660258e-005
 4.155625e+001  7.262640e-005
 4.217500e+001  8.418795e-005
 4.279375e+001  8.355638e-005
 4.341250e+001  8.294179e-005
 4.403125e+001  8.952092e-005
 4.465000e+001  8.780013e-005
 4.526875e+001  7.506284e-005
 4.588750e+001  7.929662e-005
 4.650625e+001  8.282271e-005
 4.712500e+001  8.483771e-005
 4.774375e+001  7.403750e-005
 4.836250e+001  7.687623e-005
 4.898125e+001  1.962819e-004
 4.960000e+001  1.239556e-003
 5.021875e+001  1.468103e-003
 5.083750e+001  3.918488e-004
 5.145625e+001  9.080862e-005
 5.207500e+001  8.747555e-005
 5.269375e+001  8.147810e-005
 5.331250e+001  8.995761e-005
 5.393125e+001  9.469686e-005
 5.455000e+001  8.017468e-005
 5.516875e+001  7.530891e-005
 5.578750e+001  7.700458e-005
 5.640625e+001  7.447255e-005
 5.702500e+001  7.776329e-005
 5.764375e+001  8.125310e-005
 5.826250e+001  7.836746e-005
 5.888125e+001  7.979208e-005
 5.950000e+001  7.657749e-005
 6.011875e+001  8.389960e-005
 6.073750e+001  7.485602e-005
 6.135625e+001  6.881991e-005
 6.197500e+001  8.121463e-005
 6.259375e+001  8.283601e-005
 6.321250e+001  8.223373e-005
 6.383125e+001  6.699303e-005
 6.445000e+001  7.835343e-005
 6.506875e+001  8.290778e-005
 6.568750e+001  7.264536e-005
 6.630625e+001  7.753026e-005
 6.692500e+001  8.550296e-005
 6.754375e+001  7.501126e-005
 6.816250e+001  7.131068e-005
 6.878125e+001  6.777967e-005
 6.940000e+001  7.306601e-005
 7.001875e+001  8.488942e-005
 7.063750e+001  8.574448e-005
 7.125625e+001  8.068945e-005
 7.187500e+001  7.654833e-005
 7.249375e+001  7.543552e-005
 7.311250e+001  6.840793e-005
 7.373125e+001  6.440746e-005
 7.435000e+001  6.944512e-005
 7.496875e+001  7.670191e-005
 7.558750e+001  8.040724e-005
 7.620625e+001  8.459430e-005
 7.682500e+001  8.899175e-005
 7.744375e+001  8.343536e-005
 7.806250e+001  8.406504e-005
 7.868125e+001  7.767339e-005
 7.930000e+001  7.940668e-005
 7.991875e+001  8.865245e-005
 8.053750e+001  7.816730e-005
 8.115625e+001  7.978425e-005
 8.177500e+001  6.932141e-005
 8.239375e+001  7.166638e-005
 8.301250e+001  7.976510e-005
 8.363125e+001  6.443304e-005
 8.425000e+001  7.038157e-005
 8.486875e+001  6.938213e-005
 8.548750e+001  7.800455e-005
 8.610625e+001  8.070449e-005
 8.672500e+001  6.974031e-005
 8.734375e+001  7.212439e-005
 8.796250e+001  7.771166e-005
 8.858125e+001  6.983670e-005
 8.920000e+001  7.296570e-005
 8.981875e+001  8.036442e-005
 9.043750e+001  7.460543e-005
 9.105625e+001  7.486900e-005
 9.167500e+001  8.090380e-005
 9.229375e+001  8.273548e-005
 9.291250e+001  7.887398e-005
 9.353125e+001  8.362269e-005
 9.415000e+001  7.859639e-005
 9.476875e+001  7.625080e-005
 9.538750e+001  6.153950e-005
 9.600625e+001  7.567658e-005
 9.662500e+001  7.478508e-005
 9.724375e+001  6.615403e-005
 9.786250e+001  7.597008e-005
 9.848125e+001  8.363950e-005
 9.910000e+001  7.474938e-005
 9.971875e+001  7.986617e-005
 1.003375e+002  7.526103e-005
 1.009563e+002  7.684614e-005
 1.015750e+002  8.158986e-005
 1.021938e+002  7.200904e-005
 1.028125e+002  6.808380e-005
 1.034313e+002  7.115107e-005
 1.040500e+002  7.749452e-005
 1.046688e+002  7.196119e-005
 1.052875e+002  7.152951e-005
 1.059063e+002  7.444561e-005
 1.065250e+002  7.115115e-005
 1.071438e+002  7.891492e-005
 1.077625e+002  8.138350e-005
 1.083813e+002  7.478298e-005
 1.090000e+002  8.503795e-005
 1.096188e+002  8.030460e-005
 1.102375e+002  7.173022e-005
 1.108563e+002  7.015339e-005
 1.114750e+002  6.556895e-005
 1.120938e+002  7.241579e-005
 1.127125e+002  8.139836e-005
 1.133313e+002  7.785295e-005
 1.139500e+002  8.210727e-005
 1.145688e+002  8.841769e-005
 1.151875e+002  7.642574e-005
 1.158063e+002  7.415037e-005
 1.164250e+002  8.053862e-005
 1.170438e+002  8.419778e-005
 1.176625e+002  7.737688e-005
 1.182813e+002  6.427512e-005
 1.189000e+002  5.920590e-005
 1.195188e+002  7.042004e-005
 1.201375e+002  6.940564e-005
 1.207563e+002  5.615026e-005
 1.213750e+002  6.736803e-005
 1.219938e+002  6.214886e-005
 1.226125e+002  7.397860e-005
 1.232313e+002  8.197578e-005
 1.238500e+002  8.294027e-005
 1.244688e+002  6.964639e-005
 1.250875e+002  6.560950e-005
 1.257063e+002  6.958728e-005
 1.263250e+002  8.156881e-005
 1.269438e+002  7.881791e-005
 1.275625e+002  6.699431e-005
 1.281813e+002  6.825964e-005
 1.288000e+002  7.585807e-005
 1.294188e+002  6.830229e-005
 1.300375e+002  6.653786e-005
 1.306563e+002  8.072378e-005
 1.312750e+002  7.409658e-005
 1.318938e+002  7.302769e-005
 1.325125e+002  8.054566e-005
 1.331313e+002  7.150027e-005
 1.337500e+002  7.216363e-005
 1.343688e+002  8.409798e-005
 1.349875e+002  8.996348e-005
 1.356063e+002  7.157669e-005
 1.362250e+002  7.330978e-005
 1.368438e+002  8.121529e-005
 1.374625e+002  6.561772e-005
 1.380813e+002  8.010461e-005
 1.387000e+002  7.219518e-005
 1.393188e+002  8.013894e-005
 1.399375e+002  7.670510e-005
 1.405563e+002  5.869816e-005
 1.411750e+002  5.974468e-005
 1.417938e+002  6.950027e-005
 1.424125e+002  7.497359e-005
 1.430313e+002  7.437273e-005
 1.436500e+002  7.955896e-005
 1.442688e+002  7.926202e-005
 1.448875e+002  7.224769e-005
 1.455063e+002  6.789757e-005
 1.461250e+002  7.623011e-005
 1.467438e+002  7.329388e-005
 1.473625e+002  6.018931e-005
 1.479813e+002  6.708974e-005
 1.486000e+002  6.615643e-005
 1.492188e+002  3.183287e-004
 1.498375e+002  8.507111e-004
 1.504563e+002  5.682266e-004
 1.510750e+002  7.045696e-005
 1.516938e+002  6.517118e-005
 1.523125e+002  6.684335e-005
 1.529313e+002  6.140530e-005
 1.535500e+002  6.825316e-005
 1.541688e+002  7.662662e-005
 1.547875e+002  7.978052e-005
 1.554063e+002  7.103284e-005
 1.560250e+002  7.572212e-005
 1.566438e+002  7.582431e-005
 1.572625e+002  7.674749e-005
 1.578813e+002  7.135275e-005
 1.585000e+002  7.562437e-005
 1.591188e+002  7.052350e-005
 1.597375e+002  6.617307e-005
 1.603563e+002  7.559459e-005
 1.609750e+002  7.333146e-005
 1.615938e+002  7.744460e-005
 1.622125e+002  6.823905e-005
 1.628313e+002  6.662779e-005
 1.634500e+002  6.528926e-005
 1.640688e+002  6.488346e-005
 1.646875e+002  6.836794e-005
 1.653063e+002  6.537938e-005
 1.659250e+002  6.365882e-005
 1.665438e+002  7.059481e-005
 1.671625e+002  7.702207e-005
 1.677813e+002  7.928927e-005
 1.684000e+002  7.392590e-005
 1.690188e+002  5.917642e-005
 1.696375e+002  6.402001e-005
 1.702563e+002  5.917767e-005
 1.708750e+002  6.921872e-005
 1.714938e+002  7.672559e-005
 1.721125e+002  6.728326e-005
 1.727313e+002  7.150099e-005
 1.733500e+002  6.211550e-005
 1.739688e+002  6.021027e-005
 1.745875e+002  7.059958e-005
 1.752063e+002  7.662441e-005
 1.758250e+002  6.565328e-005
 1.764438e+002  6.819141e-005
 1.770625e+002  7.305347e-005
 1.776813e+002  7.517068e-005
 1.783000e+002  7.980393e-005
 1.789188e+002  6.928816e-005
 1.795375e+002  6.743032e-005
 1.801563e+002  8.065473e-005
 1.807750e+002  8.098691e-005
 1.813938e+002  7.645394e-005
 1.820125e+002  6.526748e-005
 1.826313e+002  5.745481e-005
 1.832500e+002  6.926501e-005
 1.838688e+002  7.669909e-005
 1.844875e+002  5.933519e-005
 1.851063e+002  6.768289e-005
 1.857250e+002  7.960104e-005
 1.863438e+002  8.808391e-005
 1.869625e+002  7.601465e-005
 1.875813e+002  7.758325e-005
 1.882000e+002  7.698484e-005
 1.888188e+002  6.392644e-005
 1.894375e+002  7.047854e-005
 1.900563e+002  6.673377e-005
 1.906750e+002  6.288924e-005
 1.912938e+002  6.704050e-005
 1.919125e+002  6.824502e-005
 1.925313e+002  6.290930e-005
 1.931500e+002  6.573126e-005
 1.937688e+002  7.781092e-005
 1.943875e+002  7.217707e-005
 1.950063e+002  6.982082e-005
 1.956250e+002  8.572348e-005
 1.962438e+002  8.327771e-005
 1.968625e+002  7.966223e-005
 1.974813e+002  6.917756e-005
 1.981000e+002  6.691089e-005
 1.987188e+002  6.676273e-005
 1.993375e+002  6.228587e-005
 1.999563e+002  7.280796e-005
 2.005750e+002  7.494763e-005
 2.011938e+002  6.222676e-005
 2.018125e+002  6.903674e-005
 2.024313e+002  8.504236e-005
 2.030500e+002  7.938491e-005
 2.036688e+002  6.778812e-005
 2.042875e+002  6.661110e-005
 2.049063e+002  6.576170e-005
 2.055250e+002  6.915545e-005
 2.061438e+002  7.267781e-005
 2.067625e+002  7.230394e-005
 2.073813e+002  6.248334e-005
 2.080000e+002  6.658634e-005
 2.086188e+002  8.192757e-005
 2.092375e+002  7.287147e-005
 2.098563e+002  7.162966e-005
 2.104750e+002  8.196817e-005
 2.110938e+002  7.885185e-005
 2.117125e+002  7.398493e-005
 2.123313e+002  6.787201e-005
 2.129500e+002  7.368902e-005
 2.135688e+002  6.937152e-005
 2.141875e+002  7.331445e-005
 2.148063e+002  7.105345e-005
 2.154250e+002  6.227214e-005
 2.160438e+002  7.024670e-005
 2.166625e+002  6.722701e-005
 2.172813e+002  6.930634e-005
 2.179000e+002  6.336280e-005
 2.185188e+002  6.568423e-005
 2.191375e+002  6.895177e-005
 2.197563e+002  6.981439e-005
 2.203750e+002  6.585559e-005
 2.209938e+002  5.755863e-005
 2.216125e+002  5.312195e-005
 2.222313e+002  5.231340e-005
 2.228500e+002  6.040143e-005
 2.234688e+002  6.477082e-005
 2.240875e+002  7.375389e-005
 2.247063e+002  7.414687e-005
 2.253250e+002  6.971633e-005
 2.259438e+002  7.211994e-005
 2.265625e+002  7.877769e-005
 2.271813e+002  7.254164e-005
 2.278000e+002  7.189302e-005
 2.284188e+002  7.663394e-005
 2.290375e+002  7.230119e-005
 2.296563e+002  6.370856e-005
 2.302750e+002  6.035598e-005
 2.308938e+002  7.503666e-005
 2.315125e+002  7.610368e-005
 2.321313e+002  7.054648e-005
 2.327500e+002  6.959883e-005
 2.333688e+002  7.997139e-005
 2.339875e+002  8.330215e-005
 2.346063e+002  6.751302e-005
 2.352250e+002  6.435963e-005
 2.358438e+002  6.637308e-005
 2.364625e+002  6.479833e-005
 2.370813e+002  7.580151e-005
 2.377000e+002  8.173691e-005
 2.383188e+002  7.282998e-005
 2.389375e+002  6.269942e-005
 2.395563e+002  6.806837e-005
 2.401750e+002  7.476305e-005
 2.407938e+002  6.633154e-005
 2.414125e+002  7.263695e-005
 2.420313e+002  7.653385e-005
 2.426500e+002  7.400005e-005
 2.432688e+002  6.357786e-005
 2.438875e+002  6.531911e-005
 2.445063e+002  6.376315e-005
 2.451250e+002  6.561581e-005
 2.457438e+002  6.164872e-005
 2.463625e+002  7.116343e-005
 2.469813e+002  7.836032e-005
 2.476000e+002  7.357839e-005
 2.482188e+002  6.550448e-005
 2.488375e+002  6.318305e-005
 2.494563e+002  2.114361e-004
 2.500750e+002  3.076044e-004
 2.506938e+002  1.266971e-004
 2.513125e+002  6.673212e-005
 2.519313e+002  7.335541e-005
 2.525500e+002  7.333255e-005
 2.531688e+002  7.911037e-005
 2.537875e+002  8.358363e-005
 2.544063e+002  8.157410e-005
 2.550250e+002  8.293818e-005
 2.556438e+002  6.199412e-005
 2.562625e+002  5.720342e-005
 2.568813e+002  6.671522e-005
 2.575000e+002  7.352711e-005
 2.581188e+002  7.194966e-005
 2.587375e+002  7.010679e-005
 2.593563e+002  7.159867e-005
 2.599750e+002  6.730186e-005
 2.605938e+002  6.823580e-005
 2.612125e+002  6.765917e-005
 2.618313e+002  6.429930e-005
 2.624500e+002  7.079972e-005
 2.630688e+002  7.001438e-005
 2.636875e+002  6.195066e-005
 2.643063e+002  7.055631e-005
 2.649250e+002  7.573306e-005
 2.655438e+002  7.790951e-005
 2.661625e+002  7.342642e-005
 2.667813e+002  6.817573e-005
 2.674000e+002  6.975927e-005
 2.680188e+002  6.909486e-005
 2.686375e+002  7.232352e-005
 2.692563e+002  6.484241e-005
 2.698750e+002  6.767345e-005
 2.704938e+002  7.160816e-005
 2.711125e+002  7.142166e-005
 2.717313e+002  7.808116e-005
 2.723500e+002  8.112763e-005
 2.729688e+002  8.008839e-005
 2.735875e+002  6.451659e-005
 2.742063e+002  7.594964e-005
 2.748250e+002  7.604889e-005
 2.754438e+002  6.232305e-005
 2.760625e+002  6.411333e-005
 2.766813e+002  6.991360e-005
 2.773000e+002  6.915948e-005
 2.779188e+002  6.742012e-005
 2.785375e+002  7.774898e-005
 2.791563e+002  7.217204e-005
 2.797750e+002  6.774699e-005
 2.803938e+002  6.730232e-005
 2.810125e+002  6.519817e-005
 2.816313e+002  7.278175e-005
 2.822500e+002  8.145216e-005
 2.828688e+002  7.242223e-005
 2.834875e+002  7.123081e-005
 2.841063e+002  6.314865e-005
 2.847250e+002  7.516040e-005
 2.853438e+002  8.025964e-005
 2.859625e+002  7.195129e-005
 2.865813e+002  6.762849e-005
 2.872000e+002  6.668382e-005
 2.878188e+002  5.716528e-005
 2.884375e+002  6.261530e-005
 2.890563e+002  7.210161e-005
 2.896750e+002  6.974831e-005
 2.902938e+002  6.737279e-005
 2.909125e+002  7.325097e-005
 2.915313e+002  5.712793e-005
 2.921500e+002  6.692482e-005
 2.927688e+002  6.874151e-005
 2.933875e+002  7.511456e-005
 2.940063e+002  6.640702e-005
 2.946250e+002  7.433467e-005
 2.952438e+002  6.590863e-005
 2.958625e+002  5.670625e-005
 2.964813e+002  7.266879e-005
 2.971000e+002  7.810720e-005
 2.977188e+002  6.075168e-005
 2.983375e+002  6.649729e-005
 2.989563e+002  6.677190e-005
 2.995750e+002  6.338252e-005
 3.001938e+002  7.935977e-005
 3.008125e+002  9.351590e-005
 3.014313e+002  8.026916e-005
 3.020500e+002  6.746485e-005
 3.026688e+002  6.180028e-005
 3.032875e+002  6.541906e-005
 3.039063e+002  7.399313e-005
 3.045250e+002  6.436045e-005
 3.051438e+002  6.424605e-005
 3.057625e+002  7.217275e-005
 3.063813e+002  5.911868e-005
 3.070000e+002  5.494267e-005
 3.076188e+002  6.041133e-005
 3.082375e+002  5.934456e-005
 3.088563e+002  6.046330e-005
 3.094750e+002  5.768261e-005
 3.100938e+002  5.773225e-005
 3.107125e+002  6.239312e-005
 3.113313e+002  7.224607e-005
 3.119500e+002  7.666420e-005
 3.125688e+002  6.861995e-005
 3.131875e+002  7.118380e-005
 3.138063e+002  8.002394e-005
 3.144250e+002  7.562492e-005
 3.150437e+002  6.876086e-005
 3.156625e+002  6.561466e-005
 3.162812e+002  7.366689e-005
 3.169000e+002  8.186769e-005
 3.175187e+002  6.682459e-005
 3.181375e+002  6.405360e-005
 3.187562e+002  5.941652e-005
 3.193750e+002  6.187956e-005
 3.199937e+002  8.201933e-005
 3.206125e+002  7.305653e-005
 3.212312e+002  7.459935e-005
 3.218500e+002  7.046849e-005
 3.224687e+002  6.495970e-005
 3.230875e+002  6.229096e-005
 3.237062e+002  5.927594e-005
 3.243250e+002  7.636015e-005
 3.249437e+002  7.018559e-005
 3.255625e+002  6.583846e-005
 3.261812e+002  6.355429e-005
 3.268000e+002  5.620411e-005
 3.274187e+002  7.034927e-005
 3.280375e+002  6.683662e-005
 3.286562e+002  6.906309e-005
 3.292750e+002  5.692314e-005
 3.298937e+002  6.190460e-005
 3.305125e+002  6.364117e-005
 3.311312e+002  6.262711e-005
 3.317500e+002  6.619582e-005
 3.323687e+002  6.865274e-005
 3.329875e+002  6.907255e-005
 3.336062e+002  6.822460e-005
 3.342250e+002  7.833445e-005
 3.348437e+002  7.677658e-005
 3.354625e+002  8.092673e-005
 3.360812e+002  7.171851e-005
 3.367000e+002  8.135074e-005
 3.373187e+002  7.082940e-005
 3.379375e+002  6.925978e-005
 3.385562e+002  7.176553e-005
 3.391750e+002  6.252820e-005
 3.397937e+002  7.719573e-005
 3.404125e+002  8.003484e-005
 3.410312e+002  7.158076e-005
 3.416500e+002  7.888572e-005
 3.422687e+002  7.754264e-005
 3.428875e+002  7.013327e-005
 3.435062e+002  6.708939e-005
 3.441250e+002  7.181123e-005
 3.447437e+002  6.470035e-005
 3.453625e+002  6.355517e-005
 3.459812e+002  6.087138e-005
 3.466000e+002  6.827363e-005
 3.472187e+002  7.279129e-005
 3.478375e+002  6.904462e-005
 3.484562e+002  7.661232e-005
 3.490750e+002  7.887355e-005
 3.496937e+002  1.092224e-004
 3.503125e+002  1.058569e-004
 3.509312e+002  7.904756e-005
 3.515500e+002  6.306560e-005
 3.521687e+002  7.137488e-005
 3.527875e+002  7.058445e-005
 3.534062e+002  6.552291e-005
 3.540250e+002  6.949523e-005
 3.546437e+002  6.559390e-005
 3.552625e+002  7.048896e-005
 3.558812e+002  7.101711e-005
 3.565000e+002  6.055310e-005
 3.571187e+002  6.705558e-005
 3.577375e+002  5.505501e-005
 3.583562e+002  6.350189e-005
 3.589750e+002  7.039740e-005
 3.595937e+002  6.798865e-005
 3.602125e+002  7.698912e-005
 3.608312e+002  7.130995e-005
 3.614500e+002  5.751715e-005
 3.620687e+002  5.415844e-005
 3.626875e+002  7.057588e-005
 3.633062e+002  6.835441e-005
 3.639250e+002  6.887659e-005
 3.645437e+002  7.578252e-005
 3.651625e+002  6.687757e-005
 3.657812e+002  6.555624e-005
 3.664000e+002  5.460816e-005
 3.670187e+002  6.519908e-005
 3.676375e+002  6.793080e-005
 3.682562e+002  5.710682e-005
 3.688750e+002  6.015404e-005
 3.694937e+002  7.303770e-005
 3.701125e+002  5.848617e-005
 3.707312e+002  6.345788e-005
 3.713500e+002  7.170967e-005
 3.719687e+002  6.696622e-005
 3.725875e+002  7.066948e-005
 3.732062e+002  7.048475e-005
 3.738250e+002  6.098039e-005
 3.744437e+002  6.239986e-005
 3.750625e+002  6.244472e-005
 3.756812e+002  7.160660e-005
 3.763000e+002  7.407704e-005
 3.769187e+002  6.387992e-005
 3.775375e+002  5.653845e-005
 3.781562e+002  6.000201e-005
 3.787750e+002  7.050916e-005
 3.793937e+002  7.186201e-005
 3.800125e+002  6.132621e-005
 3.806312e+002  5.197975e-005
 3.812500e+002  5.404614e-005
 3.818687e+002  5.771329e-005
 3.824875e+002  6.308131e-005
 3.831062e+002  7.110219e-005
 3.837250e+002  7.586654e-005
 3.843437e+002  6.075983e-005
 3.849625e+002  6.310529e-005
 3.855812e+002  6.517853e-005
 3.862000e+002  6.100242e-005
 3.868187e+002  6.523210e-005
 3.874375e+002  6.025552e-005
 3.880562e+002  5.829107e-005
 3.886750e+002  6.002798e-005
 3.892937e+002  6.009532e-005
 3.899125e+002  5.864472e-005
 3.905312e+002  6.656013e-005
 3.911500e+002  7.454551e-005
 3.917687e+002  7.283492e-005
 3.923875e+002  7.363711e-005
 3.930062e+002  7.566925e-005
 3.936250e+002  6.823437e-005
 3.942437e+002  5.879601e-005
 3.948625e+002  7.383923e-005
 3.954812e+002  7.678273e-005
 3.961000e+002  7.348023e-005
 3.967187e+002  7.189531e-005
 3.973375e+002  6.601630e-005
 3.979562e+002  6.506759e-005
 3.985750e+002  6.360480e-005
 3.991937e+002  6.259035e-005
 3.998125e+002  7.513113e-005
 4.004312e+002  6.779485e-005
 4.010500e+002  7.148288e-005
 4.016687e+002  7.911158e-005
 4.022875e+002  6.997814e-005
 4.029062e+002  6.811700e-005
 4.035250e+002  6.565838e-005
 4.041437e+002  6.143478e-005
 4.047625e+002  6.680340e-005
 4.053812e+002  6.775238e-005
 4.060000e+002  6.762979e-005
 4.066187e+002  5.715114e-005
 4.072375e+002  6.521958e-005
 4.078562e+002  7.436852e-005
 4.084750e+002  7.253224e-005
 4.090937e+002  6.991524e-005
 4.097125e+002  7.188012e-005
 4.103312e+002  6.953294e-005
 4.109500e+002  8.166526e-005
 4.115687e+002  7.959286e-005
 4.121875e+002  6.829969e-005
 4.128062e+002  6.225362e-005
 4.134250e+002  6.540894e-005
 4.140437e+002  6.425084e-005
 4.146625e+002  6.663846e-005
 4.152812e+002  6.220840e-005
 4.159000e+002  7.061595e-005
 4.165187e+002  6.388024e-005
 4.171375e+002  6.267124e-005
 4.177562e+002  5.700292e-005
 4.183750e+002  5.947414e-005
 4.189937e+002  7.034135e-005
 4.196125e+002  7.273430e-005
 4.202312e+002  7.175618e-005
 4.208500e+002  6.934064e-005
 4.214687e+002  5.684364e-005
 4.220875e+002  6.009229e-005
 4.227062e+002  7.001400e-005
 4.233250e+002  6.858026e-005
 4.239437e+002  6.718696e-005
 4.245625e+002  7.164584e-005
 4.251812e+002  6.829160e-005
 4.258000e+002  7.345666e-005
 4.264187e+002  6.512718e-005
 4.270375e+002  5.877063e-005
 4.276562e+002  6.442875e-005
 4.282750e+002  6.945245e-005
 4.288937e+002  6.880931e-005
 4.295125e+002  6.426277e-005
 4.301312e+002  6.810876e-005
 4.307500e+002  6.497425e-005
 4.313687e+002  6.593571e-005
 4.319875e+002  7.321650e-005
 4.326062e+002  8.063684e-005
 4.332250e+002  7.517655e-005
 4.338437e+002  7.793332e-005
 4.344625e+002  7.607708e-005
 4.350812e+002  7.805064e-005
 4.357000e+002  6.568428e-005
 4.363187e+002  5.857291e-005
 4.369375e+002  6.108580e-005
 4.375562e+002  6.965405e-005
 4.381750e+002  7.130850e-005
 4.387937e+002  7.074151e-005
 4.394125e+002  6.448771e-005
 4.400312e+002  6.526109e-005
 4.406500e+002  7.421130e-005
 4.412687e+002  7.305486e-005
 4.418875e+002  6.497850e-005
 4.425062e+002  5.881184e-005
 4.431250e+002  6.086650e-005
 4.437437e+002  6.465802e-005
 4.443625e+002  5.320466e-005
 4.449812e+002  5.759648e-005
 4.456000e+002  5.999391e-005
 4.462187e+002  7.333242e-005
 4.468375e+002  7.045658e-005
 4.474562e+002  5.741718e-005
 4.480750e+002  7.009970e-005
 4.486937e+002  6.300632e-005
 4.493125e+002  5.755208e-005
 4.499312e+002  6.068851e-005
 4.505500e+002  5.738069e-005
 4.511687e+002  6.112045e-005
 4.517875e+002  5.904335e-005
 4.524062e+002  6.452558e-005
 4.530250e+002  7.216947e-005
 4.536437e+002  7.271403e-005
 4.542625e+002  6.037298e-005
 4.548812e+002  5.624303e-005
 4.555000e+002  6.038197e-005
 4.561187e+002  7.877127e-005
 4.567375e+002  7.490469e-005
 4.573562e+002  5.769387e-005
 4.579750e+002  5.757000e-005
 4.585937e+002  7.072070e-005
 4.592125e+002  5.795332e-005
 4.598312e+002  6.038490e-005
 4.604500e+002  6.694338e-005
 4.610687e+002  6.817393e-005
 4.616875e+002  6.587282e-005
 4.623062e+002  6.704456e-005
 4.629250e+002  7.332575e-005
 4.635437e+002  8.046183e-005
 4.641625e+002  7.425751e-005
 4.647812e+002  6.508763e-005
 4.654000e+002  6.368020e-005
 4.660187e+002  6.374210e-005
 4.666375e+002  7.034402e-005
 4.672562e+002  6.632218e-005
 4.678750e+002  6.737662e-005
 4.684937e+002  6.788892e-005
 4.691125e+002  6.255059e-005
 4.697312e+002  5.005123e-005
 4.703500e+002  5.985452e-005
 4.709687e+002  5.816796e-005
 4.715875e+002  6.710301e-005
 4.722062e+002  7.636984e-005
 4.728250e+002  6.649606e-005
 4.734437e+002  6.489412e-005
 4.740625e+002  6.395841e-005
 4.746812e+002  6.778571e-005
 4.753000e+002  7.165877e-005
 4.759187e+002  6.533255e-005
 4.765375e+002  6.692734e-005
 4.771562e+002  7.155544e-005
 4.777750e+002  7.069611e-005
 4.783937e+002  8.051405e-005
 4.790125e+002  7.446455e-005
 4.796312e+002  6.671880e-005
 4.802500e+002  5.787144e-005
 4.808687e+002  6.794866e-005
 4.814875e+002  6.184190e-005
 4.821062e+002  5.442385e-005
 4.827250e+002  6.017549e-005
 4.833437e+002  7.262683e-005
 4.839625e+002  6.858931e-005
 4.845812e+002  7.300550e-005
 4.852000e+002  8.418851e-005
 4.858187e+002  7.236734e-005
 4.864375e+002  6.600232e-005
 4.870562e+002  6.578232e-005
 4.876750e+002  6.719940e-005
 4.882937e+002  6.659043e-005
 4.889125e+002  6.477485e-005
 4.895312e+002  6.410306e-005
 4.901500e+002  6.541165e-005
 4.907687e+002  7.090420e-005
 4.913875e+002  6.675500e-005
 4.920062e+002  6.622978e-005
 4.926250e+002  6.788149e-005
 4.932437e+002  7.294131e-005
 4.938625e+002  7.277485e-005
 4.944812e+002  6.770963e-005
 4.951000e+002  7.696428e-005
 4.957187e+002  7.407773e-005
 4.963375e+002  6.591453e-005
 4.969562e+002  7.506540e-005
 4.975750e+002  7.342700e-005
 4.981937e+002  6.970099e-005
 4.988125e+002  7.237671e-005
 4.994312e+002  7.158631e-005
 5.000500e+002  6.780011e-005
 5.006687e+002  6.811273e-005
 5.012875e+002  7.184537e-005
 5.019062e+002  6.209595e-005
 5.025250e+002  5.414489e-005
 5.031437e+002  6.419385e-005
 5.037625e+002  7.186784e-005
 5.043812e+002  5.462878e-005
 5.050000e+002  5.998602e-005
 5.056187e+002  7.082699e-005
 5.062375e+002  7.141050e-005
 5.068562e+002  6.687915e-005
 5.074750e+002  6.367146e-005
 5.080937e+002  6.728268e-005
 5.087125e+002  6.504283e-005
 5.093312e+002  5.635659e-005
 5.099500e+002  5.993787e-005
 5.105687e+002  6.052256e-005
 5.111875e+002  5.865792e-005
 5.118062e+002  6.643538e-005
 5.124250e+002  6.860450e-005
 5.130437e+002  6.192004e-005
 5.136625e+002  5.981121e-005
 5.142812e+002  6.169161e-005
 5.149000e+002  6.772427e-005
 5.155187e+002  6.689702e-005
 5.161375e+002  7.352888e-005
 5.167562e+002  6.519220e-005
 5.173750e+002  6.471930e-005
 5.179937e+002  5.862337e-005
 5.186125e+002  6.750855e-005
 5.192312e+002  7.666505e-005
 5.198500e+002  6.111491e-005
 5.204687e+002  6.494985e-005
 5.210875e+002  6.386802e-005
 5.217062e+002  5.507852e-005
 5.223250e+002  6.834204e-005
 5.229437e+002  6.845725e-005
 5.235625e+002  5.574202e-005
 5.241812e+002  6.524567e-005
 5.248000e+002  7.042604e-005
 5.254187e+002  6.217654e-005
 5.260375e+002  6.561181e-005
 5.266562e+002  6.828223e-005
 5.272750e+002  6.799564e-005
 5.278937e+002  6.436896e-005
 5.285125e+002  7.028742e-005
 5.291312e+002  6.941040e-005
 5.297500e+002  6.563123e-005
 5.303687e+002  6.783417e-005
 5.309875e+002  7.648316e-005
 5.316062e+002  6.657734e-005
 5.322250e+002  5.936757e-005
 5.328437e+002  6.522843e-005
 5.334625e+002  5.992946e-005
 5.340812e+002  5.566649e-005
 5.347000e+002  7.570780e-005
 5.353187e+002  7.023071e-005
 5.359375e+002  7.205829e-005
 5.365562e+002  6.762468e-005
 5.371750e+002  6.659461e-005
 5.377937e+002  6.891561e-005
 5.384125e+002  8.554641e-005
 5.390312e+002  8.024373e-005
 5.396500e+002  7.202716e-005
 5.402687e+002  6.451677e-005
 5.408875e+002  5.698670e-005
 5.415062e+002  5.852012e-005
 5.421250e+002  7.153983e-005
 5.427437e+002  6.948938e-005
 5.433625e+002  6.165133e-005
 5.439812e+002  6.465142e-005
 5.446000e+002  6.353147e-005
 5.452187e+002  6.913908e-005
 5.458375e+002  5.708708e-005
 5.464562e+002  6.573020e-005
 5.470750e+002  6.390345e-005
 5.476937e+002  5.854468e-005
 5.483125e+002  6.157703e-005
 5.489312e+002  6.524546e-005
 5.495500e+002  7.233660e-005
 5.501687e+002  8.348205e-005
 5.507875e+002  6.567301e-005
 5.514062e+002  5.975416e-005
 5.520250e+002  6.279465e-005
 5.526437e+002  8.079106e-005
 5.532625e+002  8.821389e-005
 5.538812e+002  7.263279e-005
 5.545000e+002  6.146217e-005
 5.551187e+002  7.076561e-005
 5.557375e+002  7.244839e-005
 5.563562e+002  6.393372e-005
 5.569750e+002  6.558744e-005
 5.575937e+002  7.424168e-005
 5.582125e+002  6.440787e-005
 5.588312e+002  7.071540e-005
 5.594500e+002  7.016183e-005
 5.600687e+002  7.307203e-005
 5.606875e+002  7.287050e-005
 5.613062e+002  7.123881e-005
 5.619250e+002  6.935315e-005
 5.625437e+002  6.734001e-005
 5.631625e+002  7.292591e-005
 5.637812e+002  7.029073e-005
 5.644000e+002  6.347822e-005
 5.650187e+002  6.189604e-005
 5.656375e+002  6.129743e-005
 5.662562e+002  5.890094e-005
 5.668750e+002  5.983535e-005
 5.674937e+002  7.151162e-005
 5.681125e+002  6.706169e-005
 5.687312e+002  6.640072e-005
 5.693500e+002  8.100260e-005
 5.699687e+002  7.011088e-005
 5.705875e+002  6.476493e-005
 5.712062e+002  6.952523e-005
 5.718250e+002  7.444970e-005
 5.724437e+002  6.949918e-005
 5.730625e+002  6.540598e-005
 5.736812e+002  7.198454e-005
 5.743000e+002  7.322602e-005
 5.749187e+002  6.195163e-005
 5.755375e+002  5.742603e-005
 5.761562e+002  6.855155e-005
 5.767750e+002  7.839429e-005
 5.773937e+002  7.698650e-005
 5.780125e+002  6.489911e-005
 5.786312e+002  5.970926e-005
 5.792500e+002  6.386073e-005
 5.798687e+002  6.087962e-005
 5.804875e+002  7.176198e-005
 5.811062e+002  6.678598e-005
 5.817250e+002  6.373109e-005
 5.823437e+002  6.453033e-005
 5.829625e+002  7.780684e-005
 5.835812e+002  7.508198e-005
 5.842000e+002  6.776868e-005
 5.848187e+002  6.812491e-005
 5.854375e+002  6.097994e-005
 5.860562e+002  6.097558e-005
 5.866750e+002  7.216997e-005
 5.872937e+002  6.974449e-005
 5.879125e+002  6.267396e-005
 5.885312e+002  6.374460e-005
 5.891500e+002  6.930166e-005
 5.897687e+002  6.675066e-005
 5.903875e+002  5.813012e-005
 5.910062e+002  6.038964e-005
 5.916250e+002  6.654583e-005
 5.922437e+002  5.934275e-005
 5.928625e+002  5.914885e-005
 5.934812e+002  7.311225e-005
 5.941000e+002  7.087284e-005
 5.947187e+002  6.109752e-005
 5.953375e+002  7.181956e-005
 5.959562e+002  6.185986e-005
 5.965750e+002  5.364546e-005
 5.971937e+002  5.096085e-005
 5.978125e+002  6.244495e-005
 5.984312e+002  6.976560e-005
 5.990500e+002  7.341077e-005
 5.996687e+002  7.223039e-005
 6.002875e+002  7.759007e-005
 6.009062e+002  7.093561e-005
 6.015250e+002  6.822204e-005
 6.021437e+002  7.050983e-005
 6.027625e+002  6.931095e-005
 6.033812e+002  7.464806e-005
 6.040000e+002  6.299684e-005
 6.046187e+002  6.412770e-005
 6.052375e+002  5.393706e-005
 6.058562e+002  6.041673e-005
 6.064750e+002  7.087690e-005
 6.070937e+002  6.998103e-005
 6.077125e+002  5.729745e-005
 6.083312e+002  6.980025e-005
 6.089500e+002  6.681837e-005
 6.095687e+002  7.304314e-005
 6.101875e+002  6.228361e-005
 6.108062e+002  5.745051e-005
 6.114250e+002  6.336097e-005
 6.120437e+002  7.341333e-005
 6.126625e+002  8.019711e-005
 6.132812e+002  7.156693e-005
 6.139000e+002  7.644433e-005
 6.145187e+002  7.924040e-005
 6.151375e+002  7.042381e-005
 6.157562e+002  7.026852e-005
 6.163750e+002  5.947945e-005
 6.169937e+002  6.871036e-005
 6.176125e+002  7.018460e-005
 6.182312e+002  6.569811e-005
 6.188500e+002  7.097671e-005
 6.194687e+002  7.553709e-005
 6.200875e+002  6.984867e-005
 6.207062e+002  6.837785e-005
 6.213250e+002  6.995270e-005
 6.219437e+002  7.014015e-005
 6.225625e+002  5.965307e-005
 6.231812e+002  5.977045e-005
 6.238000e+002  7.048186e-005
 6.244187e+002  7.846502e-005
 6.250375e+002  7.663662e-005
 6.256562e+002  7.145852e-005
 6.262750e+002  6.399834e-005
 6.268937e+002  6.223188e-005
 6.275125e+002  5.978802e-005
 6.281312e+002  5.694113e-005
 6.287500e+002  7.122083e-005
 6.293687e+002  7.219719e-005
 6.299875e+002  6.941175e-005
 6.306062e+002  7.216726e-005
 6.312250e+002  7.247126e-005
 6.318437e+002  7.021980e-005
 6.324625e+002  6.958367e-005
 6.330812e+002  7.101242e-005
 6.337000e+002  6.843715e-005
 6.343187e+002  7.512500e-005
 6.349375e+002  6.737508e-005
 6.355562e+002  5.438324e-005
 6.361750e+002  6.627571e-005
 6.367937e+002  6.401574e-005
 6.374125e+002  6.855612e-005
 6.380312e+002  7.170825e-005
 6.386500e+002  6.448259e-005
 6.392687e+002  6.000406e-005
 6.398875e+002  6.226719e-005
 6.405062e+002  6.101196e-005
 6.411250e+002  6.795646e-005
 6.417437e+002  7.190496e-005
 6.423625e+002  7.312784e-005
 6.429812e+002  8.299965e-005
 6.436000e+002  6.702327e-005
 6.442187e+002  5.983978e-005
 6.448375e+002  6.745700e-005
 6.454562e+002  6.596044e-005
 6.460750e+002  6.150702e-005
 6.466937e+002  6.673515e-005
 6.473125e+002  6.560675e-005
 6.479312e+002  6.427013e-005
 6.485500e+002  6.144649e-005
 6.491687e+002  6.777191e-005
 6.497875e+002  8.011121e-005
 6.504062e+002  7.083314e-005
 6.510250e+002  6.662179e-005
 6.516437e+002  6.020748e-005
 6.522625e+002  6.840270e-005
 6.528812e+002  7.817030e-005
 6.535000e+002  7.218923e-005
 6.541187e+002  7.654123e-005
 6.547375e+002  7.158399e-005
 6.553562e+002  5.876760e-005
 6.559750e+002  6.426436e-005
 6.565937e+002  6.732614e-005
 6.572125e+002  6.115358e-005
 6.578312e+002  6.409078e-005
 6.584500e+002  7.300811e-005
 6.590687e+002  6.331759e-005
 6.596875e+002  6.567644e-005
 6.603062e+002  6.160127e-005
 6.609250e+002  6.259423e-005
 6.615437e+002  6.569218e-005
 6.621625e+002  6.631601e-005
 6.627812e+002  6.249642e-005
 6.634000e+002  6.592750e-005
 6.640187e+002  6.603609e-005
 6.646375e+002  6.187879e-005
 6.652562e+002  6.351502e-005
 6.658750e+002  6.339438e-005
 6.664937e+002  6.640729e-005
 6.671125e+002  6.824304e-005
 6.677312e+002  6.370327e-005
 6.683500e+002  5.992569e-005
 6.689687e+002  6.511697e-005
 6.695875e+002  6.537011e-005
 6.702062e+002  5.938123e-005
 6.708250e+002  6.825267e-005
 6.714437e+002  7.050961e-005
 6.720625e+002  6.917756e-005
 6.726812e+002  6.302626e-005
 6.733000e+002  5.745172e-005
 6.739187e+002  5.818248e-005
 6.745375e+002  6.454924e-005
 6.751562e+002  7.641401e-005
 6.757750e+002  7.063780e-005
 6.763937e+002  6.577703e-005
 6.770125e+002  6.390763e-005
 6.776312e+002  5.974025e-005
 6.782500e+002  6.284154e-005
 6.788687e+002  6.878826e-005
 6.794875e+002  6.580815e-005
 6.801062e+002  6.340382e-005
 6.807250e+002  6.623400e-005
 6.813437e+002  7.148720e-005
 6.819625e+002  7.332993e-005
 6.825812e+002  7.789844e-005
 6.832000e+002  6.787323e-005
 6.838187e+002  5.563490e-005
 6.844375e+002  7.018556e-005
 6.850562e+002  6.555986e-005
 6.856750e+002  6.773902e-005
 6.862937e+002  6.667128e-005
 6.869125e+002  6.485172e-005
 6.875312e+002  6.465801e-005
 6.881500e+002  6.392043e-005
 6.887687e+002  7.309760e-005
 6.893875e+002  8.428844e-005
 6.900062e+002  8.232748e-005
 6.906250e+002  7.391991e-005
 6.912437e+002  7.334006e-005
 6.918625e+002  6.863781e-005
 6.924812e+002  6.468919e-005
 6.931000e+002  7.747004e-005
 6.937187e+002  7.424932e-005
 6.943375e+002  6.362679e-005
 6.949562e+002  6.257219e-005
 6.955750e+002  5.733147e-005
 6.961937e+002  7.208179e-005
 6.968125e+002  7.554421e-005
 6.974312e+002  7.207090e-005
 6.980500e+002  6.742068e-005
 6.986687e+002  6.653672e-005
 6.992875e+002  7.140995e-005
 6.999062e+002  7.077288e-005
 7.005250e+002  7.460534e-005
 7.011437e+002  7.289006e-005
 7.017625e+002  7.529655e-005
 7.023812e+002  6.834030e-005
 7.030000e+002  6.312998e-005
 7.036187e+002  6.158625e-005
 7.042375e+002  6.408219e-005
 7.048562e+002  7.089903e-005
 7.054750e+002  6.910232e-005
 7.060937e+002  5.627755e-005
 7.067125e+002  6.380406e-005
 7.073312e+002  5.542840e-005
 7.079500e+002  6.709882e-005
 7.085687e+002  7.698542e-005
 7.091875e+002  6.319820e-005
 7.098062e+002  6.344206e-005
 7.104250e+002  7.364723e-005
 7.110437e+002  5.790423e-005
 7.116625e+002  6.102245e-005
 7.122812e+002  6.973618e-005
 7.129000e+002  7.666758e-005
 7.135187e+002  7.628766e-005
 7.141375e+002  7.258393e-005
 7.147562e+002  6.830128e-005
 7.153750e+002  6.461533e-005
 7.159937e+002  6.901074e-005
 7.166125e+002  6.959375e-005
 7.172312e+002  7.461586e-005
 7.178500e+002  7.812164e-005
 7.184687e+002  5.804804e-005
 7.190875e+002  6.666081e-005
 7.197062e+002  7.489490e-005
 7.203250e+002  6.861328e-005
 7.209437e+002  6.157563e-005
 7.215625e+002  5.368609e-005
 7.221812e+002  6.383876e-005
 7.228000e+002  8.101801e-005
 7.234187e+002  7.494222e-005
 7.240375e+002  6.698511e-005
 7.246562e+002  6.267847e-005
 7.252750e+002  6.232350e-005
 7.258937e+002  6.416169e-005
 7.265125e+002  5.838888e-005
 7.271312e+002  7.446141e-005
 7.277500e+002  7.654439e-005
 7.283687e+002  6.431899e-005
 7.289875e+002  6.358197e-005
 7.296062e+002  6.879203e-005
 7.302250e+002  7.288995e-005
 7.308437e+002  7.455983e-005
 7.314625e+002  6.420863e-005
 7.320812e+002  7.119642e-005
 7.327000e+002  7.011558e-005
 7.333187e+002  6.196949e-005
 7.339375e+002  5.770610e-005
 7.345562e+002  6.530635e-005
 7.351750e+002  6.517446e-005
 7.357937e+002  6.357983e-005
 7.364125e+002  6.066393e-005
 7.370312e+002  6.508272e-005
 7.376500e+002  7.119484e-005
 7.382687e+002  7.218499e-005
 7.388875e+002  7.498199e-005
 7.395062e+002  7.035481e-005
 7.401250e+002  6.542545e-005
 7.407437e+002  5.598232e-005
 7.413625e+002  4.620218e-005
 7.419812e+002  5.489518e-005
 7.426000e+002  6.626537e-005
 7.432187e+002  6.226373e-005
 7.438375e+002  5.741740e-005
 7.444562e+002  6.729774e-005
 7.450750e+002  5.948485e-005
 7.456937e+002  6.676465e-005
 7.463125e+002  5.947968e-005
 7.469312e+002  6.323926e-005
 7.475500e+002  6.579065e-005
 7.481687e+002  8.039553e-005
 7.487875e+002  7.692786e-005
 7.494062e+002  7.640114e-005
 7.500250e+002  7.881189e-005
 7.506437e+002  7.427327e-005
 7.512625e+002  6.780395e-005
 7.518812e+002  6.459527e-005
 7.525000e+002  6.321777e-005
 7.531187e+002  7.249184e-005
 7.537375e+002  7.483585e-005
 7.543562e+002  6.384813e-005
 7.549750e+002  6.565382e-005
 7.555937e+002  5.985318e-005
 7.562125e+002  6.212589e-005
 7.568312e+002  6.865368e-005
 7.574500e+002  6.768664e-005
 7.580687e+002  7.455539e-005
 7.586875e+002  6.940116e-005
 7.593062e+002  6.255538e-005
 7.599250e+002  5.944096e-005
 7.605437e+002  5.204606e-005
 7.611625e+002  6.336435e-005
 7.617812e+002  6.539171e-005
 7.624000e+002  8.287511e-005
 7.630187e+002  8.116862e-005
 7.636375e+002  6.862425e-005
 7.642562e+002  6.420624e-005
 7.648750e+002  6.270210e-005
 7.654937e+002  7.174546e-005
 7.661125e+002  6.650411e-005
 7.667312e+002  6.009103e-005
 7.673500e+002  5.917242e-005
 7.679687e+002  6.224473e-005
 7.685875e+002  7.186510e-005
 7.692062e+002  6.536523e-005
 7.698250e+002  6.550089e-005
 7.704437e+002  6.340322e-005
 7.710625e+002  6.787692e-005
 7.716812e+002  7.318389e-005
 7.723000e+002  6.600309e-005
 7.729187e+002  6.620859e-005
 7.735375e+002  6.073523e-005
 7.741562e+002  6.673243e-005
 7.747750e+002  7.115515e-005
 7.753937e+002  7.224114e-005
 7.760125e+002  7.590085e-005
 7.766312e+002  7.448375e-005
 7.772500e+002  6.703002e-005
 7.778687e+002  6.523617e-005
 7.784875e+002  5.901697e-005
 7.791062e+002  5.654811e-005
 7.797250e+002  6.152595e-005
 7.803437e+002  6.572520e-005
 7.809625e+002  6.111825e-005
 7.815812e+002  6.458000e-005
 7.822000e+002  5.876181e-005
 7.828187e+002  4.980454e-005
 7.834375e+002  5.981959e-005
 7.840562e+002  6.775660e-005
 7.846750e+002  6.228941e-005
 7.852937e+002  6.601505e-005
 7.859125e+002  6.922099e-005
 7.865312e+002  7.101408e-005
 7.871500e+002  6.192271e-005
 7.877687e+002  7.241635e-005
 7.883875e+002  6.430440e-005
 7.890062e+002  5.963677e-005
 7.896250e+002  5.425446e-005
 7.902437e+002  5.728805e-005
 7.908625e+002  6.813464e-005
 7.914812e+002  6.541506e-005
 7.921000e+002  6.202929e-005
 7.927187e+002  7.325168e-005
 7.933375e+002  7.618139e-005
 7.939562e+002  6.588955e-005
 7.945750e+002  6.035882e-005
 7.951937e+002  6.376161e-005
 7.958125e+002  7.084410e-005
 7.964312e+002  6.662886e-005
 7.970500e+002  6.739677e-005
 7.976687e+002  6.797460e-005
 7.982875e+002  6.541332e-005
 7.989062e+002  6.188924e-005
 7.995250e+002  6.472913e-005
 8.001437e+002  6.031699e-005
 8.007625e+002  6.003527e-005
 8.013812e+002  5.955592e-005
 8.020000e+002  6.437038e-005
 8.026187e+002  6.636124e-005
 8.032375e+002  6.195267e-005
 8.038562e+002  6.424679e-005
 8.044750e+002  6.491497e-005
 8.050937e+002  6.341818e-005
 8.057125e+002  6.264918e-005
 8.063312e+002  6.529490e-005
 8.069500e+002  6.473045e-005
 8.075687e+002  5.945983e-005
 8.081875e+002  6.418364e-005
 8.088062e+002  6.932690e-005
 8.094250e+002  6.681090e-005
 8.100437e+002  5.316456e-005
 8.106625e+002  6.388052e-005
 8.112812e+002  7.273231e-005
 8.119000e+002  7.528511e-005
 8.125187e+002  6.948657e-005
 8.131375e+002  6.888979e-005
 8.137562e+002  6.518672e-005
 8.143750e+002  6.338602e-005
 8.149937e+002  6.473607e-005
 8.156125e+002  6.366095e-005
 8.162312e+002  5.894071e-005
 8.168500e+002  6.743772e-005
 8.174687e+002  6.047877e-005
 8.180875e+002  6.277103e-005
 8.187062e+002  7.412307e-005
 8.193250e+002  7.810991e-005
 8.199437e+002  7.268632e-005
 8.205625e+002  6.090978e-005
 8.211812e+002  7.049705e-005
 8.218000e+002  6.904844e-005
 8.224187e+002  7.847573e-005
 8.230375e+002  6.637931e-005
 8.236562e+002  6.153705e-005
 8.242750e+002  6.510396e-005
 8.248937e+002  6.261837e-005
 8.255125e+002  6.352427e-005
 8.261312e+002  6.734750e-005
 8.267500e+002  6.280719e-005
 8.273687e+002  6.251792e-005
 8.279875e+002  6.387047e-005
 8.286062e+002  6.428182e-005
 8.292250e+002  7.106412e-005
 8.298437e+002  7.571090e-005
 8.304625e+002  6.829275e-005
 8.310812e+002  6.801250e-005
 8.317000e+002  6.670124e-005
 8.323187e+002  6.324961e-005
 8.329375e+002  7.328588e-005
 8.335562e+002  7.575962e-005
 8.341750e+002  6.106114e-005
 8.347937e+002  6.134248e-005
 8.354125e+002  6.890856e-005
 8.360312e+002  6.820297e-005
 8.366500e+002  5.807471e-005
 8.372687e+002  6.393890e-005
 8.378875e+002  6.641097e-005
 8.385062e+002  6.123792e-005
 8.391250e+002  6.220618e-005
 8.397437e+002  5.802600e-005
 8.403625e+002  5.681987e-005
 8.409812e+002  6.098066e-005
 8.416000e+002  5.761333e-005
 8.422187e+002  6.732325e-005
 8.428375e+002  6.924468e-005
 8.434562e+002  6.287329e-005
 8.440750e+002  7.308212e-005
 8.446937e+002  7.555696e-005
 8.453125e+002  7.362168e-005
 8.459312e+002  7.385230e-005
 8.465500e+002  7.632759e-005
 8.471687e+002  7.803025e-005
 8.477875e+002  6.935348e-005
 8.484062e+002  6.383691e-005
 8.490250e+002  6.157668e-005
 8.496437e+002  8.435616e-005
 8.502625e+002  7.828715e-005
 8.508812e+002  6.967132e-005
 8.515000e+002  7.302491e-005
 8.521187e+002  7.245856e-005
 8.527375e+002  5.841367e-005
 8.533562e+002  5.262358e-005
 8.539750e+002  5.981401e-005
 8.545937e+002  6.327597e-005
 8.552125e+002  6.395184e-005
 8.558312e+002  6.193092e-005
 8.564500e+002  6.045018e-005
 8.570687e+002  6.875584e-005
 8.576875e+002  7.130680e-005
 8.583062e+002  6.179766e-005
 8.589250e+002  6.270946e-005
 8.595437e+002  6.208027e-005
 8.601625e+002  6.065893e-005
 8.607812e+002  6.263903e-005
 8.614000e+002  5.776629e-005
 8.620187e+002  6.123710e-005
 8.626375e+002  6.354352e-005
 8.632562e+002  7.136198e-005
 8.638750e+002  7.471668e-005
 8.644937e+002  7.846829e-005
 8.651125e+002  6.864730e-005
 8.657312e+002  6.524480e-005
 8.663500e+002  6.394664e-005
 8.669687e+002  6.943784e-005
 8.675875e+002  6.973344e-005
 8.682062e+002  5.681559e-005
 8.688250e+002  5.066052e-005
 8.694437e+002  6.422721e-005
 8.700625e+002  7.255647e-005
 8.706812e+002  6.637230e-005
 8.713000e+002  6.023631e-005
 8.719187e+002  6.605281e-005
 8.725375e+002  7.144408e-005
 8.731562e+002  7.508377e-005
 8.737750e+002  8.164075e-005
 8.743937e+002  8.186761e-005
 8.750125e+002  7.456049e-005
 8.756312e+002  7.704346e-005
 8.762500e+002  6.501895e-005
 8.768687e+002  6.904441e-005
 8.774875e+002  6.936570e-005
 8.781062e+002  5.624792e-005
 8.787250e+002  6.399379e-005
 8.793437e+002  6.291567e-005
 8.799625e+002  5.975586e-005
 8.805812e+002  6.220698e-005
 8.812000e+002  7.174891e-005
 8.818187e+002  5.846600e-005
 8.824375e+002  5.692576e-005
 8.830562e+002  6.105795e-005
 8.836750e+002  6.028794e-005
 8.842937e+002  6.409850e-005
 8.849125e+002  7.760356e-005
 8.855312e+002  7.385093e-005
 8.861500e+002  5.915217e-005
 8.867687e+002  6.757605e-005
 8.873875e+002  6.251884e-005
 8.880062e+002  5.832349e-005
 8.886250e+002  6.230836e-005
 8.892437e+002  6.995232e-005
 8.898625e+002  7.266901e-005
 8.904812e+002  6.666138e-005
 8.911000e+002  5.790234e-005
 8.917187e+002  6.209451e-005
 8.923375e+002  5.797834e-005
 8.929562e+002  6.752902e-005
 8.935750e+002  7.543456e-005
 8.941937e+002  6.962580e-005
 8.948125e+002  5.784966e-005
 8.954312e+002  6.438803e-005
 8.960500e+002  6.706927e-005
 8.966687e+002  6.644831e-005
 8.972875e+002  7.077568e-005
 8.979062e+002  6.953820e-005
 8.985250e+002  6.337519e-005
 8.991437e+002  6.408653e-005
 8.997625e+002  6.281576e-005
 9.003812e+002  5.801163e-005
 9.010000e+002  5.150490e-005
 9.016187e+002  5.971397e-005
 9.022375e+002  5.625014e-005
 9.028562e+002  6.573714e-005
 9.034750e+002  6.482071e-005
 9.040937e+002  6.856146e-005
 9.047125e+002  6.544737e-005
 9.053312e+002  6.404346e-005
 9.059500e+002  6.190791e-005
 9.065687e+002  5.546838e-005
 9.071875e+002  6.086147e-005
 9.078062e+002  7.198882e-005
 9.084250e+002  6.622767e-005
 9.090437e+002  6.575071e-005
 9.096625e+002  6.154273e-005
 9.102812e+002  5.601690e-005
 9.109000e+002  5.622642e-005
 9.115187e+002  6.626712e-005
 9.121375e+002  7.231388e-005
 9.127562e+002  7.105740e-005
 9.133750e+002  6.652404e-005
 9.139937e+002  6.958098e-005
 9.146125e+002  6.319118e-005
 9.152312e+002  6.360612e-005
 9.158500e+002  6.494205e-005
 9.164687e+002  6.133427e-005
 9.170875e+002  5.883378e-005
 9.177062e+002  6.292190e-005
 9.183250e+002  7.289775e-005
 9.189437e+002  6.081435e-005
 9.195625e+002  5.482990e-005
 9.201812e+002  6.239487e-005
 9.208000e+002  6.678469e-005
 9.214187e+002  7.530496e-005
 9.220375e+002  7.488022e-005
 9.226562e+002  7.108674e-005
 9.232750e+002  7.759427e-005
 9.238937e+002  7.141578e-005
 9.245125e+002  5.767707e-005
 9.251312e+002  5.925760e-005
 9.257500e+002  5.252980e-005
 9.263687e+002  6.511284e-005
 9.269875e+002  6.997127e-005
 9.276062e+002  6.685019e-005
 9.282250e+002  5.923671e-005
 9.288437e+002  6.081316e-005
 9.294625e+002  6.886940e-005
 9.300812e+002  7.823356e-005
 9.307000e+002  7.882641e-005
 9.313187e+002  6.857492e-005
 9.319375e+002  7.601187e-005
 9.325562e+002  7.058867e-005
 9.331750e+002  5.976043e-005
 9.337937e+002  6.951291e-005
 9.344125e+002  7.456823e-005
 9.350312e+002  6.426703e-005
 9.356500e+002  7.284360e-005
 9.362687e+002  6.825575e-005
 9.368875e+002  6.408091e-005
 9.375062e+002  7.336568e-005
 9.381250e+002  6.810175e-005
 9.387437e+002  6.937839e-005
 9.393625e+002  7.276364e-005
 9.399812e+002  7.795703e-005
 9.406000e+002  7.566575e-005
 9.412187e+002  6.774514e-005
 9.418375e+002  6.101923e-005
 9.424562e+002  7.187036e-005
 9.430750e+002  7.744033e-005
 9.436937e+002  7.420447e-005
 9.443125e+002  7.134417e-005
 9.449312e+002  7.224943e-005
 9.455500e+002  7.413779e-005
 9.461687e+002  6.957491e-005
 9.467875e+002  7.113539e-005
 9.474062e+002  7.499278e-005
 9.480250e+002  6.855947e-005
 9.486437e+002  6.730670e-005
 9.492625e+002  6.261884e-005
 9.498812e+002  6.862042e-005
 9.505000e+002  6.306012e-005
 9.511187e+002  6.664840e-005
 9.517375e+002  6.821486e-005
 9.523562e+002  6.190325e-005
 9.529750e+002  5.493571e-005
 9.535937e+002  6.275819e-005
 9.542125e+002  6.946732e-005
 9.548312e+002  6.677065e-005
 9.554500e+002  7.182569e-005
 9.560687e+002  7.284883e-005
 9.566875e+002  6.660958e-005
 9.573062e+002  6.241474e-005
 9.579250e+002  6.436520e-005
 9.585437e+002  6.108221e-005
 9.591625e+002  6.470798e-005
 9.597812e+002  5.891515e-005
 9.604000e+002  6.915684e-005
 9.610187e+002  7.337649e-005
 9.616375e+002  6.878101e-005
 9.622562e+002  5.614729e-005
 9.628750e+002  6.577240e-005
 9.634937e+002  6.731056e-005
 9.641125e+002  6.735200e-005
 9.647312e+002  7.018628e-005
 9.653500e+002  5.840026e-005
 9.659687e+002  7.071458e-005
 9.665875e+002  7.302913e-005
 9.672062e+002  6.754894e-005
 9.678250e+002  7.491803e-005
 9.684437e+002  7.630126e-005
 9.690625e+002  6.538584e-005
 9.696812e+002  5.496543e-005
 9.703000e+002  6.312614e-005
 9.709187e+002  6.871725e-005
 9.715375e+002  7.343527e-005
 9.721562e+002  7.424434e-005
 9.727750e+002  6.824489e-005
 9.733937e+002  6.425347e-005
 9.740125e+002  6.547946e-005
 9.746312e+002  6.855330e-005
 9.752500e+002  7.270967e-005
 9.758687e+002  6.508747e-005
 9.764875e+002  6.177779e-005
 9.771062e+002  6.021131e-005
 9.777250e+002  5.926015e-005
 9.783437e+002  6.362162e-005
 9.789625e+002  6.901048e-005
 9.795812e+002  6.739585e-005
 9.802000e+002  7.187256e-005
 9.808187e+002  7.417170e-005
 9.814375e+002  8.060964e-005
 9.820562e+002  7.825362e-005
 9.826750e+002  6.853887e-005
 9.832937e+002  7.412036e-005
 9.839125e+002  8.197598e-005
 9.845312e+002  6.671987e-005
 9.851500e+002  6.259476e-005
 9.857687e+002  6.292692e-005
 9.863875e+002  6.226475e-005
 9.870062e+002  6.028614e-005
 9.876250e+002  5.944072e-005
 9.882437e+002  6.193893e-005
 9.888625e+002  7.252334e-005
 9.894812e+002  7.662046e-005
 9.901000e+002  6.864395e-005
 9.907187e+002  6.402671e-005
 9.913375e+002  6.782942e-005
 9.919562e+002  6.770719e-005
 9.925750e+002  6.802188e-005
 9.931937e+002  6.212330e-005
 9.938125e+002  6.389162e-005
 9.944312e+002  6.826232e-005
 9.950500e+002  6.166173e-005
 9.956687e+002  6.790752e-005
 9.962875e+002  6.732996e-005
 9.969062e+002  5.993966e-005
 9.975250e+002  5.873057e-005
 9.981437e+002  6.063082e-005
 9.987625e+002  6.420848e-005
 9.993812e+002  6.558196e-005
 1.000000e+003  6.871988e-005
