 1.000000e+000  4.215945e-004
 1.247500e+000  5.190458e-004
 1.495000e+000  3.249176e-004
 1.742500e+000  1.627954e-004
 1.990000e+000  2.349458e-004
 2.237500e+000  1.951813e-004
 2.485000e+000  1.500976e-004
 2.732500e+000  2.024349e-004
 2.980000e+000  2.254124e-004
 3.227500e+000  2.025673e-004
 3.475000e+000  1.650826e-004
 3.722500e+000  1.126786e-004
 3.970000e+000  1.475770e-004
 4.217500e+000  1.311772e-004
 4.465000e+000  1.901058e-004
 4.712500e+000  1.462248e-004
 4.960000e+000  1.545966e-004
 5.207500e+000  1.475921e-004
 5.455000e+000  1.328968e-004
 5.702500e+000  1.290987e-004
 5.950000e+000  1.644544e-004
 6.197500e+000  1.491023e-004
 6.445000e+000  1.431220e-004
 6.692500e+000  8.961172e-005
 6.940000e+000  1.252062e-004
 7.187500e+000  1.588084e-004
 7.435000e+000  1.819574e-004
 7.682500e+000  1.768067e-004
 7.930000e+000  1.367860e-004
 8.177500e+000  9.869823e-005
 8.425000e+000  8.779547e-005
 8.672500e+000  1.116120e-004
 8.920000e+000  1.694854e-004
 9.167500e+000  1.396882e-004
 9.415000e+000  1.487018e-004
 9.662500e+000  1.607230e-004
 9.910000e+000  1.187081e-004
 1.015750e+001  9.619223e-005
 1.040500e+001  1.147752e-004
 1.065250e+001  1.578666e-004
 1.090000e+001  1.393813e-004
 1.114750e+001  1.194601e-004
 1.139500e+001  9.663673e-005
 1.164250e+001  9.374907e-005
 1.189000e+001  7.557163e-005
 1.213750e+001  8.909950e-005
 1.238500e+001  9.693164e-005
 1.263250e+001  9.504008e-005
 1.288000e+001  9.871233e-005
 1.312750e+001  1.103226e-004
 1.337500e+001  1.133024e-004
 1.362250e+001  1.022675e-004
 1.387000e+001  9.556224e-005
 1.411750e+001  1.662174e-004
 1.436500e+001  1.186932e-004
 1.461250e+001  8.207652e-005
 1.486000e+001  9.437785e-005
 1.510750e+001  9.949821e-005
 1.535500e+001  1.146974e-004
 1.560250e+001  1.072058e-004
 1.585000e+001  6.698900e-005
 1.609750e+001  1.176904e-004
 1.634500e+001  8.243623e-005
 1.659250e+001  6.858341e-005
 1.684000e+001  1.026918e-004
 1.708750e+001  1.049427e-004
 1.733500e+001  1.254659e-004
 1.758250e+001  1.208637e-004
 1.783000e+001  8.299670e-005
 1.807750e+001  9.129452e-005
 1.832500e+001  9.198200e-005
 1.857250e+001  9.691341e-005
 1.882000e+001  7.442115e-005
 1.906750e+001  8.841921e-005
 1.931500e+001  8.347043e-005
 1.956250e+001  7.834291e-005
 1.981000e+001  1.076340e-004
 2.005750e+001  8.246374e-005
 2.030500e+001  9.208764e-005
 2.055250e+001  1.275350e-004
 2.080000e+001  1.211877e-004
 2.104750e+001  1.063698e-004
 2.129500e+001  7.695603e-005
 2.154250e+001  7.112964e-005
 2.179000e+001  1.000309e-004
 2.203750e+001  9.406491e-005
 2.228500e+001  9.068434e-005
 2.253250e+001  8.060967e-005
 2.278000e+001  9.146626e-005
 2.302750e+001  9.304408e-005
 2.327500e+001  1.042565e-004
 2.352250e+001  7.280493e-005
 2.377000e+001  7.778850e-005
 2.401750e+001  7.500517e-005
 2.426500e+001  8.434768e-005
 2.451250e+001  8.129165e-005
 2.476000e+001  7.768894e-005
 2.500750e+001  6.271762e-005
 2.525500e+001  8.536707e-005
 2.550250e+001  1.086265e-004
 2.575000e+001  1.077575e-004
 2.599750e+001  1.038011e-004
 2.624500e+001  7.286986e-005
 2.649250e+001  9.485852e-005
 2.674000e+001  1.066192e-004
 2.698750e+001  9.788199e-005
 2.723500e+001  7.135424e-005
 2.748250e+001  5.669612e-005
 2.773000e+001  8.435534e-005
 2.797750e+001  1.018898e-004
 2.822500e+001  1.174945e-004
 2.847250e+001  9.120250e-005
 2.872000e+001  7.515164e-005
 2.896750e+001  9.172469e-005
 2.921500e+001  7.206339e-005
 2.946250e+001  7.253670e-005
 2.971000e+001  7.119386e-005
 2.995750e+001  6.805668e-005
 3.020500e+001  5.616063e-005
 3.045250e+001  4.891317e-005
 3.070000e+001  6.935261e-005
 3.094750e+001  8.943190e-005
 3.119500e+001  9.240103e-005
 3.144250e+001  8.670424e-005
 3.169000e+001  1.005767e-004
 3.193750e+001  8.286006e-005
 3.218500e+001  7.057009e-005
 3.243250e+001  1.254111e-004
 3.268000e+001  1.251388e-004
 3.292750e+001  1.163235e-004
 3.317500e+001  7.993840e-005
 3.342250e+001  8.302914e-005
 3.367000e+001  8.257256e-005
 3.391750e+001  6.566501e-005
 3.416500e+001  7.010252e-005
 3.441250e+001  5.807948e-005
 3.466000e+001  9.588359e-005
 3.490750e+001  8.294862e-005
 3.515500e+001  8.775869e-005
 3.540250e+001  1.147535e-004
 3.565000e+001  9.615084e-005
 3.589750e+001  1.138653e-004
 3.614500e+001  9.809569e-005
 3.639250e+001  6.354026e-005
 3.664000e+001  8.777189e-005
 3.688750e+001  8.752319e-005
 3.713500e+001  1.032541e-004
 3.738250e+001  1.049382e-004
 3.763000e+001  7.376129e-005
 3.787750e+001  7.767570e-005
 3.812500e+001  8.974034e-005
 3.837250e+001  8.859132e-005
 3.862000e+001  1.019823e-004
 3.886750e+001  9.852345e-005
 3.911500e+001  8.517455e-005
 3.936250e+001  7.188659e-005
 3.961000e+001  5.809247e-005
 3.985750e+001  8.535520e-005
 4.010500e+001  8.283026e-005
 4.035250e+001  4.321451e-005
 4.060000e+001  8.015386e-005
 4.084750e+001  8.696326e-005
 4.109500e+001  7.843730e-005
 4.134250e+001  7.579627e-005
 4.159000e+001  8.712998e-005
 4.183750e+001  8.730230e-005
 4.208500e+001  6.462609e-005
 4.233250e+001  7.931905e-005
 4.258000e+001  9.268777e-005
 4.282750e+001  8.243941e-005
 4.307500e+001  8.312000e-005
 4.332250e+001  9.195323e-005
 4.357000e+001  7.746449e-005
 4.381750e+001  7.616049e-005
 4.406500e+001  8.292916e-005
 4.431250e+001  6.591142e-005
 4.456000e+001  6.645870e-005
 4.480750e+001  9.126022e-005
 4.505500e+001  9.652314e-005
 4.530250e+001  7.993369e-005
 4.555000e+001  6.568682e-005
 4.579750e+001  7.508539e-005
 4.604500e+001  8.465009e-005
 4.629250e+001  6.443265e-005
 4.654000e+001  5.481599e-005
 4.678750e+001  7.037786e-005
 4.703500e+001  8.939443e-005
 4.728250e+001  8.855487e-005
 4.753000e+001  9.625996e-005
 4.777750e+001  9.602014e-005
 4.802500e+001  9.473196e-005
 4.827250e+001  8.769796e-005
 4.852000e+001  5.876206e-005
 4.876750e+001  6.956648e-005
 4.901500e+001  8.975586e-005
 4.926250e+001  9.946943e-005
 4.951000e+001  1.378975e-004
 4.975750e+001  1.604393e-003
 5.000500e+001  2.487757e-003
 5.025250e+001  9.546327e-004
 5.050000e+001  8.134637e-005
 5.074750e+001  5.283132e-005
 5.099500e+001  5.159607e-005
 5.124250e+001  8.366287e-005
 5.149000e+001  9.082440e-005
 5.173750e+001  7.764621e-005
 5.198500e+001  6.636674e-005
 5.223250e+001  5.917095e-005
 5.248000e+001  8.185278e-005
 5.272750e+001  1.035317e-004
 5.297500e+001  6.353744e-005
 5.322250e+001  8.633718e-005
 5.347000e+001  9.039066e-005
 5.371750e+001  8.475321e-005
 5.396500e+001  7.143102e-005
 5.421250e+001  6.726069e-005
 5.446000e+001  8.271164e-005
 5.470750e+001  8.690357e-005
 5.495500e+001  1.082282e-004
 5.520250e+001  7.581435e-005
 5.545000e+001  1.060910e-004
 5.569750e+001  5.511561e-005
 5.594500e+001  6.476099e-005
 5.619250e+001  7.755302e-005
 5.644000e+001  8.714623e-005
 5.668750e+001  9.482762e-005
 5.693500e+001  1.000295e-004
 5.718250e+001  1.071612e-004
 5.743000e+001  7.118101e-005
 5.767750e+001  6.662257e-005
 5.792500e+001  8.244375e-005
 5.817250e+001  9.855096e-005
 5.842000e+001  7.112513e-005
 5.866750e+001  8.088249e-005
 5.891500e+001  7.162786e-005
 5.916250e+001  5.171586e-005
 5.941000e+001  7.512605e-005
 5.965750e+001  7.899018e-005
 5.990500e+001  1.238901e-004
 6.015250e+001  1.231916e-004
 6.040000e+001  9.700006e-005
 6.064750e+001  9.426820e-005
 6.089500e+001  7.719032e-005
 6.114250e+001  8.355149e-005
 6.139000e+001  7.077671e-005
 6.163750e+001  9.644530e-005
 6.188500e+001  1.108070e-004
 6.213250e+001  7.179399e-005
 6.238000e+001  7.405436e-005
 6.262750e+001  5.740825e-005
 6.287500e+001  9.876790e-005
 6.312250e+001  8.293076e-005
 6.337000e+001  6.499825e-005
 6.361750e+001  8.101034e-005
 6.386500e+001  8.484383e-005
 6.411250e+001  6.189688e-005
 6.436000e+001  5.063197e-005
 6.460750e+001  6.560133e-005
 6.485500e+001  6.574168e-005
 6.510250e+001  6.423891e-005
 6.535000e+001  6.265479e-005
 6.559750e+001  4.767830e-005
 6.584500e+001  5.014831e-005
 6.609250e+001  6.801012e-005
 6.634000e+001  6.871674e-005
 6.658750e+001  7.429117e-005
 6.683500e+001  9.238044e-005
 6.708250e+001  7.656392e-005
 6.733000e+001  6.219552e-005
 6.757750e+001  6.030884e-005
 6.782500e+001  7.517707e-005
 6.807250e+001  8.501351e-005
 6.832000e+001  1.010863e-004
 6.856750e+001  8.706895e-005
 6.881500e+001  7.490033e-005
 6.906250e+001  1.013523e-004
 6.931000e+001  5.933902e-005
 6.955750e+001  9.111202e-005
 6.980500e+001  1.053522e-004
 7.005250e+001  9.344379e-005
 7.030000e+001  5.791705e-005
 7.054750e+001  7.586127e-005
 7.079500e+001  8.373282e-005
 7.104250e+001  5.679199e-005
 7.129000e+001  7.624869e-005
 7.153750e+001  6.422131e-005
 7.178500e+001  7.604451e-005
 7.203250e+001  1.103190e-004
 7.228000e+001  9.180777e-005
 7.252750e+001  1.005958e-004
 7.277500e+001  7.883426e-005
 7.302250e+001  6.056017e-005
 7.327000e+001  5.915417e-005
 7.351750e+001  7.140341e-005
 7.376500e+001  8.631584e-005
 7.401250e+001  7.434350e-005
 7.426000e+001  7.041942e-005
 7.450750e+001  5.182464e-005
 7.475500e+001  6.006020e-005
 7.500250e+001  7.921728e-005
 7.525000e+001  9.896333e-005
 7.549750e+001  7.853690e-005
 7.574500e+001  5.436699e-005
 7.599250e+001  9.596240e-005
 7.624000e+001  8.796379e-005
 7.648750e+001  7.924138e-005
 7.673500e+001  7.206037e-005
 7.698250e+001  7.845829e-005
 7.723000e+001  7.464919e-005
 7.747750e+001  7.198854e-005
 7.772500e+001  7.217391e-005
 7.797250e+001  5.930930e-005
 7.822000e+001  8.724842e-005
 7.846750e+001  9.544440e-005
 7.871500e+001  5.353877e-005
 7.896250e+001  6.568940e-005
 7.921000e+001  8.319723e-005
 7.945750e+001  7.961022e-005
 7.970500e+001  5.557428e-005
 7.995250e+001  5.514504e-005
 8.020000e+001  6.747363e-005
 8.044750e+001  5.895771e-005
 8.069500e+001  7.175416e-005
 8.094250e+001  9.296210e-005
 8.119000e+001  9.772287e-005
 8.143750e+001  9.906795e-005
 8.168500e+001  8.519141e-005
 8.193250e+001  6.951086e-005
 8.218000e+001  7.007514e-005
 8.242750e+001  7.203872e-005
 8.267500e+001  8.195717e-005
 8.292250e+001  8.987243e-005
 8.317000e+001  8.495452e-005
 8.341750e+001  8.988822e-005
 8.366500e+001  7.199554e-005
 8.391250e+001  8.480413e-005
 8.416000e+001  8.705108e-005
 8.440750e+001  6.413221e-005
 8.465500e+001  4.021797e-005
 8.490250e+001  6.153057e-005
 8.515000e+001  4.961946e-005
 8.539750e+001  7.118240e-005
 8.564500e+001  7.987501e-005
 8.589250e+001  6.862261e-005
 8.614000e+001  4.951530e-005
 8.638750e+001  7.017789e-005
 8.663500e+001  8.134289e-005
 8.688250e+001  7.695211e-005
 8.713000e+001  9.323723e-005
 8.737750e+001  9.991635e-005
 8.762500e+001  9.266990e-005
 8.787250e+001  5.535512e-005
 8.812000e+001  7.220086e-005
 8.836750e+001  7.201837e-005
 8.861500e+001  9.749545e-005
 8.886250e+001  1.048791e-004
 8.911000e+001  8.806184e-005
 8.935750e+001  5.299188e-005
 8.960500e+001  4.984424e-005
 8.985250e+001  5.343413e-005
 9.010000e+001  3.450919e-005
 9.034750e+001  6.764958e-005
 9.059500e+001  8.992054e-005
 9.084250e+001  7.996014e-005
 9.109000e+001  8.260849e-005
 9.133750e+001  7.426170e-005
 9.158500e+001  6.082797e-005
 9.183250e+001  4.911800e-005
 9.208000e+001  5.780653e-005
 9.232750e+001  8.319730e-005
 9.257500e+001  7.717759e-005
 9.282250e+001  6.868160e-005
 9.307000e+001  7.426714e-005
 9.331750e+001  6.524536e-005
 9.356500e+001  5.920865e-005
 9.381250e+001  6.624859e-005
 9.406000e+001  5.722616e-005
 9.430750e+001  5.845064e-005
 9.455500e+001  3.858687e-005
 9.480250e+001  4.694952e-005
 9.505000e+001  4.568398e-005
 9.529750e+001  5.681750e-005
 9.554500e+001  6.118164e-005
 9.579250e+001  5.083644e-005
 9.604000e+001  3.785834e-005
 9.628750e+001  4.157776e-005
 9.653500e+001  4.330967e-005
 9.678250e+001  5.479483e-005
 9.703000e+001  9.625943e-005
 9.727750e+001  9.066590e-005
 9.752500e+001  7.040074e-005
 9.777250e+001  8.678154e-005
 9.802000e+001  8.934060e-005
 9.826750e+001  8.002330e-005
 9.851500e+001  8.800434e-005
 9.876250e+001  9.779016e-005
 9.901000e+001  8.138737e-005
 9.925750e+001  8.254284e-005
 9.950500e+001  6.504901e-005
 9.975250e+001  8.037869e-005
 1.000000e+002  9.723945e-005
