 1.000000e+000  2.749518e-004
 1.247500e+000  2.811707e-004
 1.495000e+000  3.186237e-004
 1.742500e+000  2.165831e-004
 1.990000e+000  2.309607e-004
 2.237500e+000  1.649789e-004
 2.485000e+000  2.416022e-004
 2.732500e+000  2.708441e-004
 2.980000e+000  2.799209e-004
 3.227500e+000  2.486701e-004
 3.475000e+000  2.040586e-004
 3.722500e+000  2.173005e-004
 3.970000e+000  2.109137e-004
 4.217500e+000  1.783052e-004
 4.465000e+000  2.160084e-004
 4.712500e+000  1.585553e-004
 4.960000e+000  1.798806e-004
 5.207500e+000  1.818445e-004
 5.455000e+000  1.073848e-004
 5.702500e+000  8.699127e-005
 5.950000e+000  1.690828e-004
 6.197500e+000  1.925693e-004
 6.445000e+000  1.696088e-004
 6.692500e+000  1.011563e-004
 6.940000e+000  1.327772e-004
 7.187500e+000  1.748676e-004
 7.435000e+000  1.501160e-004
 7.682500e+000  1.733503e-004
 7.930000e+000  1.373751e-004
 8.177500e+000  1.278046e-004
 8.425000e+000  1.416921e-004
 8.672500e+000  1.622792e-004
 8.920000e+000  1.629939e-004
 9.167500e+000  1.260800e-004
 9.415000e+000  1.105513e-004
 9.662500e+000  8.959619e-005
 9.910000e+000  1.323424e-004
 1.015750e+001  1.528032e-004
 1.040500e+001  1.549027e-004
 1.065250e+001  1.009213e-004
 1.090000e+001  1.208294e-004
 1.114750e+001  5.830267e-005
 1.139500e+001  7.565352e-005
 1.164250e+001  1.153666e-004
 1.189000e+001  1.220336e-004
 1.213750e+001  9.373858e-005
 1.238500e+001  7.153093e-005
 1.263250e+001  1.401507e-004
 1.288000e+001  1.073509e-004
 1.312750e+001  8.380426e-005
 1.337500e+001  1.004595e-004
 1.362250e+001  1.388451e-004
 1.387000e+001  1.597409e-004
 1.411750e+001  1.214438e-004
 1.436500e+001  1.167017e-004
 1.461250e+001  8.694144e-005
 1.486000e+001  8.467721e-005
 1.510750e+001  7.641526e-005
 1.535500e+001  9.526426e-005
 1.560250e+001  8.118163e-005
 1.585000e+001  6.978096e-005
 1.609750e+001  6.341002e-005
 1.634500e+001  6.980278e-005
 1.659250e+001  9.087038e-005
 1.684000e+001  9.760777e-005
 1.708750e+001  8.605300e-005
 1.733500e+001  7.100379e-005
 1.758250e+001  9.875826e-005
 1.783000e+001  8.259855e-005
 1.807750e+001  8.533953e-005
 1.832500e+001  8.409057e-005
 1.857250e+001  1.022943e-004
 1.882000e+001  9.724147e-005
 1.906750e+001  1.272645e-004
 1.931500e+001  1.233914e-004
 1.956250e+001  9.214741e-005
 1.981000e+001  1.096983e-004
 2.005750e+001  9.979866e-005
 2.030500e+001  1.227021e-004
 2.055250e+001  1.229608e-004
 2.080000e+001  9.707859e-005
 2.104750e+001  1.148432e-004
 2.129500e+001  1.187262e-004
 2.154250e+001  1.540511e-004
 2.179000e+001  1.251031e-004
 2.203750e+001  9.884469e-005
 2.228500e+001  9.854848e-005
 2.253250e+001  1.351595e-004
 2.278000e+001  1.149084e-004
 2.302750e+001  6.172053e-005
 2.327500e+001  6.232395e-005
 2.352250e+001  9.713035e-005
 2.377000e+001  1.419958e-004
 2.401750e+001  1.205228e-004
 2.426500e+001  9.488488e-005
 2.451250e+001  8.336730e-005
 2.476000e+001  8.368181e-005
 2.500750e+001  8.206437e-005
 2.525500e+001  7.316643e-005
 2.550250e+001  8.692895e-005
 2.575000e+001  9.733920e-005
 2.599750e+001  9.446757e-005
 2.624500e+001  6.310880e-005
 2.649250e+001  8.763400e-005
 2.674000e+001  7.014385e-005
 2.698750e+001  1.004219e-004
 2.723500e+001  9.965841e-005
 2.748250e+001  1.090902e-004
 2.773000e+001  7.295692e-005
 2.797750e+001  8.999071e-005
 2.822500e+001  1.059310e-004
 2.847250e+001  1.226205e-004
 2.872000e+001  7.578689e-005
 2.896750e+001  1.009586e-004
 2.921500e+001  1.185407e-004
 2.946250e+001  1.057699e-004
 2.971000e+001  1.260855e-004
 2.995750e+001  9.236077e-005
 3.020500e+001  8.238936e-005
 3.045250e+001  1.056834e-004
 3.070000e+001  1.000195e-004
 3.094750e+001  1.046418e-004
 3.119500e+001  8.873054e-005
 3.144250e+001  8.825268e-005
 3.169000e+001  9.254195e-005
 3.193750e+001  8.518070e-005
 3.218500e+001  9.653959e-005
 3.243250e+001  9.698512e-005
 3.268000e+001  8.770582e-005
 3.292750e+001  8.397119e-005
 3.317500e+001  7.431627e-005
 3.342250e+001  6.395897e-005
 3.367000e+001  6.137415e-005
 3.391750e+001  4.156450e-005
 3.416500e+001  4.248879e-005
 3.441250e+001  8.689048e-005
 3.466000e+001  9.238854e-005
 3.490750e+001  8.017093e-005
 3.515500e+001  7.930493e-005
 3.540250e+001  6.406238e-005
 3.565000e+001  9.691824e-005
 3.589750e+001  8.340047e-005
 3.614500e+001  6.608950e-005
 3.639250e+001  6.485824e-005
 3.664000e+001  4.244441e-005
 3.688750e+001  6.118345e-005
 3.713500e+001  6.972851e-005
 3.738250e+001  7.154262e-005
 3.763000e+001  7.264965e-005
 3.787750e+001  1.034751e-004
 3.812500e+001  8.595109e-005
 3.837250e+001  6.221421e-005
 3.862000e+001  7.698378e-005
 3.886750e+001  5.373790e-005
 3.911500e+001  4.340070e-005
 3.936250e+001  5.396292e-005
 3.961000e+001  5.986505e-005
 3.985750e+001  7.228648e-005
 4.010500e+001  6.702826e-005
 4.035250e+001  8.031650e-005
 4.060000e+001  7.316811e-005
 4.084750e+001  7.824990e-005
 4.109500e+001  1.057315e-004
 4.134250e+001  8.724951e-005
 4.159000e+001  4.916515e-005
 4.183750e+001  6.169798e-005
 4.208500e+001  7.511960e-005
 4.233250e+001  9.764014e-005
 4.258000e+001  8.118417e-005
 4.282750e+001  6.196879e-005
 4.307500e+001  5.711977e-005
 4.332250e+001  4.740355e-005
 4.357000e+001  7.557738e-005
 4.381750e+001  9.410582e-005
 4.406500e+001  7.952219e-005
 4.431250e+001  6.759401e-005
 4.456000e+001  4.487941e-005
 4.480750e+001  4.793838e-005
 4.505500e+001  6.785320e-005
 4.530250e+001  9.426287e-005
 4.555000e+001  8.245657e-005
 4.579750e+001  1.381907e-004
 4.604500e+001  1.181912e-004
 4.629250e+001  6.014933e-005
 4.654000e+001  6.893845e-005
 4.678750e+001  7.971552e-005
 4.703500e+001  9.105870e-005
 4.728250e+001  9.065662e-005
 4.753000e+001  1.017059e-004
 4.777750e+001  1.198187e-004
 4.802500e+001  8.973871e-005
 4.827250e+001  5.987363e-005
 4.852000e+001  6.304790e-005
 4.876750e+001  8.519131e-005
 4.901500e+001  9.771175e-005
 4.926250e+001  9.195801e-005
 4.951000e+001  1.207699e-004
 4.975750e+001  2.402982e-003
 5.000500e+001  4.501108e-003
 5.025250e+001  2.128312e-003
 5.050000e+001  7.704860e-005
 5.074750e+001  7.036895e-005
 5.099500e+001  7.516950e-005
 5.124250e+001  8.483466e-005
 5.149000e+001  5.603439e-005
 5.173750e+001  7.484547e-005
 5.198500e+001  7.370363e-005
 5.223250e+001  5.716431e-005
 5.248000e+001  6.636216e-005
 5.272750e+001  3.332207e-005
 5.297500e+001  5.211313e-005
 5.322250e+001  5.010622e-005
 5.347000e+001  5.313159e-005
 5.371750e+001  6.903294e-005
 5.396500e+001  8.160558e-005
 5.421250e+001  6.733775e-005
 5.446000e+001  6.521554e-005
 5.470750e+001  4.802697e-005
 5.495500e+001  5.032632e-005
 5.520250e+001  8.998581e-005
 5.545000e+001  1.088903e-004
 5.569750e+001  7.348959e-005
 5.594500e+001  5.310264e-005
 5.619250e+001  4.377467e-005
 5.644000e+001  9.512900e-005
 5.668750e+001  1.031675e-004
 5.693500e+001  8.930088e-005
 5.718250e+001  5.877143e-005
 5.743000e+001  5.901173e-005
 5.767750e+001  8.116278e-005
 5.792500e+001  8.119927e-005
 5.817250e+001  4.239458e-005
 5.842000e+001  6.889313e-005
 5.866750e+001  7.818546e-005
 5.891500e+001  9.641107e-005
 5.916250e+001  8.398329e-005
 5.941000e+001  7.652608e-005
 5.965750e+001  6.957435e-005
 5.990500e+001  1.153845e-004
 6.015250e+001  1.063215e-004
 6.040000e+001  6.409472e-005
 6.064750e+001  7.782272e-005
 6.089500e+001  6.881283e-005
 6.114250e+001  8.357377e-005
 6.139000e+001  6.488921e-005
 6.163750e+001  6.162877e-005
 6.188500e+001  9.383688e-005
 6.213250e+001  9.635660e-005
 6.238000e+001  9.204518e-005
 6.262750e+001  1.256063e-004
 6.287500e+001  1.104052e-004
 6.312250e+001  8.391495e-005
 6.337000e+001  9.441127e-005
 6.361750e+001  1.002401e-004
 6.386500e+001  7.968235e-005
 6.411250e+001  4.939109e-005
 6.436000e+001  5.772099e-005
 6.460750e+001  1.014364e-004
 6.485500e+001  8.059751e-005
 6.510250e+001  5.877265e-005
 6.535000e+001  8.232392e-005
 6.559750e+001  7.556328e-005
 6.584500e+001  7.556596e-005
 6.609250e+001  7.327306e-005
 6.634000e+001  7.620138e-005
 6.658750e+001  8.834146e-005
 6.683500e+001  7.951180e-005
 6.708250e+001  5.828584e-005
 6.733000e+001  9.163972e-005
 6.757750e+001  7.087118e-005
 6.782500e+001  8.374771e-005
 6.807250e+001  8.968256e-005
 6.832000e+001  6.512720e-005
 6.856750e+001  6.701782e-005
 6.881500e+001  1.047767e-004
 6.906250e+001  1.000182e-004
 6.931000e+001  8.134586e-005
 6.955750e+001  8.653957e-005
 6.980500e+001  1.031500e-004
 7.005250e+001  6.866485e-005
 7.030000e+001  9.603033e-005
 7.054750e+001  6.241459e-005
 7.079500e+001  8.332321e-005
 7.104250e+001  8.921881e-005
 7.129000e+001  7.163598e-005
 7.153750e+001  7.784266e-005
 7.178500e+001  7.354183e-005
 7.203250e+001  8.632286e-005
 7.228000e+001  6.121376e-005
 7.252750e+001  5.721695e-005
 7.277500e+001  8.214064e-005
 7.302250e+001  1.067320e-004
 7.327000e+001  8.982416e-005
 7.351750e+001  5.011736e-005
 7.376500e+001  3.167261e-005
 7.401250e+001  7.783304e-005
 7.426000e+001  8.304087e-005
 7.450750e+001  7.001740e-005
 7.475500e+001  8.284518e-005
 7.500250e+001  7.130605e-005
 7.525000e+001  7.649423e-005
 7.549750e+001  8.779248e-005
 7.574500e+001  7.105771e-005
 7.599250e+001  5.997126e-005
 7.624000e+001  7.527476e-005
 7.648750e+001  8.250182e-005
 7.673500e+001  7.180405e-005
 7.698250e+001  5.566441e-005
 7.723000e+001  6.382598e-005
 7.747750e+001  8.213594e-005
 7.772500e+001  5.140617e-005
 7.797250e+001  5.930061e-005
 7.822000e+001  6.189647e-005
 7.846750e+001  8.372063e-005
 7.871500e+001  9.181239e-005
 7.896250e+001  9.262008e-005
 7.921000e+001  1.041750e-004
 7.945750e+001  7.622848e-005
 7.970500e+001  6.889856e-005
 7.995250e+001  7.367954e-005
 8.020000e+001  5.020486e-005
 8.044750e+001  4.000486e-005
 8.069500e+001  5.850846e-005
 8.094250e+001  9.530600e-005
 8.119000e+001  9.298681e-005
 8.143750e+001  7.336596e-005
 8.168500e+001  5.895913e-005
 8.193250e+001  5.932228e-005
 8.218000e+001  6.989922e-005
 8.242750e+001  6.423861e-005
 8.267500e+001  5.785303e-005
 8.292250e+001  8.438988e-005
 8.317000e+001  8.730306e-005
 8.341750e+001  9.283696e-005
 8.366500e+001  7.640850e-005
 8.391250e+001  8.338654e-005
 8.416000e+001  7.512315e-005
 8.440750e+001  7.103736e-005
 8.465500e+001  6.511764e-005
 8.490250e+001  5.618006e-005
 8.515000e+001  6.876457e-005
 8.539750e+001  7.747191e-005
 8.564500e+001  7.224334e-005
 8.589250e+001  6.618327e-005
 8.614000e+001  8.867429e-005
 8.638750e+001  9.180056e-005
 8.663500e+001  8.574696e-005
 8.688250e+001  6.080640e-005
 8.713000e+001  6.304222e-005
 8.737750e+001  5.068950e-005
 8.762500e+001  3.797918e-005
 8.787250e+001  5.620084e-005
 8.812000e+001  9.903711e-005
 8.836750e+001  9.300629e-005
 8.861500e+001  7.335085e-005
 8.886250e+001  5.689678e-005
 8.911000e+001  6.364607e-005
 8.935750e+001  8.560498e-005
 8.960500e+001  5.820072e-005
 8.985250e+001  9.690394e-005
 9.010000e+001  5.849324e-005
 9.034750e+001  4.358091e-005
 9.059500e+001  6.646115e-005
 9.084250e+001  6.289408e-005
 9.109000e+001  5.687814e-005
 9.133750e+001  6.292533e-005
 9.158500e+001  6.977943e-005
 9.183250e+001  9.211970e-005
 9.208000e+001  7.754707e-005
 9.232750e+001  7.462592e-005
 9.257500e+001  5.448720e-005
 9.282250e+001  8.799627e-005
 9.307000e+001  1.165947e-004
 9.331750e+001  8.882164e-005
 9.356500e+001  8.018643e-005
 9.381250e+001  8.317099e-005
 9.406000e+001  4.808957e-005
 9.430750e+001  5.337794e-005
 9.455500e+001  6.633105e-005
 9.480250e+001  6.497224e-005
 9.505000e+001  7.806635e-005
 9.529750e+001  7.932580e-005
 9.554500e+001  8.990789e-005
 9.579250e+001  8.009469e-005
 9.604000e+001  7.888998e-005
 9.628750e+001  7.742909e-005
 9.653500e+001  5.232942e-005
 9.678250e+001  9.123456e-005
 9.703000e+001  8.449872e-005
 9.727750e+001  5.141960e-005
 9.752500e+001  6.116415e-005
 9.777250e+001  5.804050e-005
 9.802000e+001  5.044903e-005
 9.826750e+001  6.220737e-005
 9.851500e+001  6.499024e-005
 9.876250e+001  8.710924e-005
 9.901000e+001  8.053264e-005
 9.925750e+001  8.476591e-005
 9.950500e+001  7.987812e-005
 9.975250e+001  5.026792e-005
 1.000000e+002  1.314736e-004
