 1.000000e+001  1.402680e-004
 1.061875e+001  2.123561e-004
 1.123750e+001  2.745175e-004
 1.185625e+001  3.278344e-004
 1.247500e+001  4.190811e-004
 1.309375e+001  4.484080e-004
 1.371250e+001  4.943703e-004
 1.433125e+001  4.582491e-004
 1.495000e+001  3.158665e-004
 1.556875e+001  3.073376e-004
 1.618750e+001  2.371902e-004
 1.680625e+001  2.559498e-004
 1.742500e+001  2.650169e-004
 1.804375e+001  2.583801e-004
 1.866250e+001  2.344099e-004
 1.928125e+001  2.689420e-004
 1.990000e+001  2.279161e-004
 2.051875e+001  1.884770e-004
 2.113750e+001  1.929281e-004
 2.175625e+001  2.474091e-004
 2.237500e+001  1.954171e-004
 2.299375e+001  1.984817e-004
 2.361250e+001  1.645383e-004
 2.423125e+001  1.964400e-004
 2.485000e+001  1.758932e-004
 2.546875e+001  1.211166e-004
 2.608750e+001  1.042596e-004
 2.670625e+001  1.340061e-004
 2.732500e+001  1.798616e-004
 2.794375e+001  1.916825e-004
 2.856250e+001  2.291693e-004
 2.918125e+001  2.102442e-004
 2.980000e+001  2.483485e-004
 3.041875e+001  1.864199e-004
 3.103750e+001  1.665134e-004
 3.165625e+001  2.119632e-004
 3.227500e+001  2.182173e-004
 3.289375e+001  2.107106e-004
 3.351250e+001  2.047127e-004
 3.413125e+001  1.764497e-004
 3.475000e+001  1.407290e-004
 3.536875e+001  1.405629e-004
 3.598750e+001  1.274545e-004
 3.660625e+001  1.235552e-004
 3.722500e+001  1.354933e-004
 3.784375e+001  1.149431e-004
 3.846250e+001  8.604977e-005
 3.908125e+001  1.073768e-004
 3.970000e+001  1.195849e-004
 4.031875e+001  1.318658e-004
 4.093750e+001  1.519534e-004
 4.155625e+001  1.795065e-004
 4.217500e+001  1.771628e-004
 4.279375e+001  1.961302e-004
 4.341250e+001  1.653500e-004
 4.403125e+001  1.424756e-004
 4.465000e+001  1.474589e-004
 4.526875e+001  1.714503e-004
 4.588750e+001  1.611482e-004
 4.650625e+001  1.691223e-004
 4.712500e+001  1.535784e-004
 4.774375e+001  1.601559e-004
 4.836250e+001  1.445624e-004
 4.898125e+001  2.375648e-004
 4.960000e+001  1.432228e-003
 5.021875e+001  1.701863e-003
 5.083750e+001  4.957498e-004
 5.145625e+001  1.168236e-004
 5.207500e+001  1.286129e-004
 5.269375e+001  1.184222e-004
 5.331250e+001  1.087716e-004
 5.393125e+001  1.135660e-004
 5.455000e+001  1.045422e-004
 5.516875e+001  9.801672e-005
 5.578750e+001  9.666805e-005
 5.640625e+001  1.046448e-004
 5.702500e+001  9.488147e-005
 5.764375e+001  1.089112e-004
 5.826250e+001  1.198964e-004
 5.888125e+001  1.194433e-004
 5.950000e+001  1.061331e-004
 6.011875e+001  1.163444e-004
 6.073750e+001  1.219733e-004
 6.135625e+001  1.311489e-004
 6.197500e+001  1.381705e-004
 6.259375e+001  1.303527e-004
 6.321250e+001  1.333610e-004
 6.383125e+001  1.177470e-004
 6.445000e+001  8.746219e-005
 6.506875e+001  7.127466e-005
 6.568750e+001  7.017437e-005
 6.630625e+001  9.594836e-005
 6.692500e+001  8.751916e-005
 6.754375e+001  1.000962e-004
 6.816250e+001  1.016442e-004
 6.878125e+001  1.002344e-004
 6.940000e+001  1.341943e-004
 7.001875e+001  9.470886e-005
 7.063750e+001  1.121349e-004
 7.125625e+001  1.065702e-004
 7.187500e+001  1.040370e-004
 7.249375e+001  1.066919e-004
 7.311250e+001  1.387832e-004
 7.373125e+001  1.318915e-004
 7.435000e+001  1.475934e-004
 7.496875e+001  1.541126e-004
 7.558750e+001  1.662042e-004
 7.620625e+001  1.500079e-004
 7.682500e+001  1.426081e-004
 7.744375e+001  1.261402e-004
 7.806250e+001  1.360803e-004
 7.868125e+001  1.170596e-004
 7.930000e+001  1.196300e-004
 7.991875e+001  1.160709e-004
 8.053750e+001  9.848878e-005
 8.115625e+001  9.395997e-005
 8.177500e+001  1.130444e-004
 8.239375e+001  1.161515e-004
 8.301250e+001  1.217211e-004
 8.363125e+001  1.622867e-004
 8.425000e+001  1.215895e-004
 8.486875e+001  1.103699e-004
 8.548750e+001  9.519089e-005
 8.610625e+001  1.110178e-004
 8.672500e+001  7.971523e-005
 8.734375e+001  5.644323e-005
 8.796250e+001  7.175879e-005
 8.858125e+001  6.872062e-005
 8.920000e+001  8.445733e-005
 8.981875e+001  8.886855e-005
 9.043750e+001  1.003915e-004
 9.105625e+001  1.064701e-004
 9.167500e+001  9.094354e-005
 9.229375e+001  9.930218e-005
 9.291250e+001  9.405386e-005
 9.353125e+001  8.831589e-005
 9.415000e+001  9.771053e-005
 9.476875e+001  9.961694e-005
 9.538750e+001  1.082781e-004
 9.600625e+001  9.784254e-005
 9.662500e+001  8.792111e-005
 9.724375e+001  1.004410e-004
 9.786250e+001  1.126575e-004
 9.848125e+001  9.686751e-005
 9.910000e+001  9.614588e-005
 9.971875e+001  1.296237e-004
 1.003375e+002  1.285633e-004
 1.009563e+002  1.092174e-004
 1.015750e+002  1.000442e-004
 1.021938e+002  7.880620e-005
 1.028125e+002  7.087444e-005
 1.034313e+002  8.116974e-005
 1.040500e+002  9.343828e-005
 1.046688e+002  1.064456e-004
 1.052875e+002  1.257527e-004
 1.059063e+002  1.073792e-004
 1.065250e+002  1.163846e-004
 1.071438e+002  1.294300e-004
 1.077625e+002  1.080577e-004
 1.083813e+002  9.923430e-005
 1.090000e+002  8.005962e-005
 1.096188e+002  6.848236e-005
 1.102375e+002  8.829120e-005
 1.108563e+002  9.035185e-005
 1.114750e+002  8.227241e-005
 1.120938e+002  7.245806e-005
 1.127125e+002  9.124892e-005
 1.133313e+002  1.022511e-004
 1.139500e+002  9.550531e-005
 1.145688e+002  1.061950e-004
 1.151875e+002  9.867564e-005
 1.158063e+002  1.114407e-004
 1.164250e+002  1.197897e-004
 1.170438e+002  1.430240e-004
 1.176625e+002  1.471283e-004
 1.182813e+002  1.422175e-004
 1.189000e+002  1.132128e-004
 1.195188e+002  1.296509e-004
 1.201375e+002  1.251974e-004
 1.207563e+002  7.755758e-005
 1.213750e+002  9.991843e-005
 1.219938e+002  9.697960e-005
 1.226125e+002  8.290795e-005
 1.232313e+002  7.196212e-005
 1.238500e+002  9.317577e-005
 1.244688e+002  8.480084e-005
 1.250875e+002  9.200998e-005
 1.257063e+002  7.864817e-005
 1.263250e+002  6.607781e-005
 1.269438e+002  1.018607e-004
 1.275625e+002  1.010854e-004
 1.281813e+002  8.011269e-005
 1.288000e+002  7.518545e-005
 1.294188e+002  8.795555e-005
 1.300375e+002  7.938282e-005
 1.306563e+002  7.288872e-005
 1.312750e+002  7.914859e-005
 1.318938e+002  7.036494e-005
 1.325125e+002  7.866598e-005
 1.331313e+002  8.984520e-005
 1.337500e+002  9.901730e-005
 1.343688e+002  9.367317e-005
 1.349875e+002  9.948778e-005
 1.356063e+002  9.105743e-005
 1.362250e+002  8.410693e-005
 1.368438e+002  8.762442e-005
 1.374625e+002  9.409182e-005
 1.380813e+002  1.029017e-004
 1.387000e+002  8.555317e-005
 1.393188e+002  8.880483e-005
 1.399375e+002  8.876290e-005
 1.405563e+002  7.731672e-005
 1.411750e+002  8.807830e-005
 1.417938e+002  9.170061e-005
 1.424125e+002  8.670939e-005
 1.430313e+002  7.362490e-005
 1.436500e+002  7.457231e-005
 1.442688e+002  7.844111e-005
 1.448875e+002  8.295741e-005
 1.455063e+002  7.374790e-005
 1.461250e+002  7.933010e-005
 1.467438e+002  8.849475e-005
 1.473625e+002  9.186252e-005
 1.479813e+002  8.949166e-005
 1.486000e+002  1.002380e-004
 1.492188e+002  5.357530e-004
 1.498375e+002  1.580231e-003
 1.504563e+002  1.099799e-003
 1.510750e+002  1.147559e-004
 1.516938e+002  7.732056e-005
 1.523125e+002  7.536901e-005
 1.529313e+002  8.227781e-005
 1.535500e+002  9.566361e-005
 1.541688e+002  9.190520e-005
 1.547875e+002  8.060795e-005
 1.554063e+002  6.560331e-005
 1.560250e+002  8.531452e-005
 1.566438e+002  9.468688e-005
 1.572625e+002  1.065118e-004
 1.578813e+002  9.392263e-005
 1.585000e+002  8.933299e-005
 1.591188e+002  9.048997e-005
 1.597375e+002  9.741614e-005
 1.603563e+002  7.248239e-005
 1.609750e+002  6.627282e-005
 1.615938e+002  7.909241e-005
 1.622125e+002  8.339896e-005
 1.628313e+002  9.346144e-005
 1.634500e+002  8.244128e-005
 1.640688e+002  8.009257e-005
 1.646875e+002  9.880305e-005
 1.653063e+002  8.526236e-005
 1.659250e+002  8.011986e-005
 1.665438e+002  7.442089e-005
 1.671625e+002  8.479545e-005
 1.677813e+002  7.932374e-005
 1.684000e+002  8.683846e-005
 1.690188e+002  7.819891e-005
 1.696375e+002  7.275189e-005
 1.702563e+002  7.099446e-005
 1.708750e+002  9.094936e-005
 1.714938e+002  8.600135e-005
 1.721125e+002  8.722306e-005
 1.727313e+002  9.631732e-005
 1.733500e+002  6.610420e-005
 1.739688e+002  6.972829e-005
 1.745875e+002  8.977849e-005
 1.752063e+002  6.588991e-005
 1.758250e+002  4.902163e-005
 1.764438e+002  8.163226e-005
 1.770625e+002  7.804100e-005
 1.776813e+002  8.048118e-005
 1.783000e+002  9.908030e-005
 1.789188e+002  1.053110e-004
 1.795375e+002  8.850055e-005
 1.801563e+002  9.676161e-005
 1.807750e+002  6.685424e-005
 1.813938e+002  6.895744e-005
 1.820125e+002  8.544741e-005
 1.826313e+002  8.318317e-005
 1.832500e+002  6.985992e-005
 1.838688e+002  6.079245e-005
 1.844875e+002  7.177583e-005
 1.851063e+002  6.933185e-005
 1.857250e+002  1.003014e-004
 1.863438e+002  1.025202e-004
 1.869625e+002  8.649499e-005
 1.875813e+002  1.131180e-004
 1.882000e+002  9.716496e-005
 1.888188e+002  9.900409e-005
 1.894375e+002  8.696517e-005
 1.900563e+002  9.929186e-005
 1.906750e+002  1.044599e-004
 1.912938e+002  1.033596e-004
 1.919125e+002  9.190739e-005
 1.925313e+002  1.008814e-004
 1.931500e+002  1.169186e-004
 1.937688e+002  1.232880e-004
 1.943875e+002  8.515136e-005
 1.950063e+002  7.485897e-005
 1.956250e+002  9.180156e-005
 1.962438e+002  7.849628e-005
 1.968625e+002  7.850894e-005
 1.974813e+002  1.118673e-004
 1.981000e+002  9.571555e-005
 1.987188e+002  9.310591e-005
 1.993375e+002  1.139016e-004
 1.999563e+002  1.050650e-004
 2.005750e+002  8.587906e-005
 2.011938e+002  9.567669e-005
 2.018125e+002  1.031747e-004
 2.024313e+002  9.881280e-005
 2.030500e+002  1.034203e-004
 2.036688e+002  1.014710e-004
 2.042875e+002  6.876196e-005
 2.049063e+002  8.708877e-005
 2.055250e+002  8.565567e-005
 2.061438e+002  9.295363e-005
 2.067625e+002  8.515267e-005
 2.073813e+002  9.813824e-005
 2.080000e+002  1.069084e-004
 2.086188e+002  7.827401e-005
 2.092375e+002  7.370659e-005
 2.098563e+002  8.015655e-005
 2.104750e+002  6.581087e-005
 2.110938e+002  6.296031e-005
 2.117125e+002  6.445113e-005
 2.123313e+002  6.331275e-005
 2.129500e+002  5.581195e-005
 2.135688e+002  7.086685e-005
 2.141875e+002  8.432031e-005
 2.148063e+002  7.855491e-005
 2.154250e+002  6.863929e-005
 2.160438e+002  6.969990e-005
 2.166625e+002  6.306309e-005
 2.172813e+002  7.966530e-005
 2.179000e+002  8.658536e-005
 2.185188e+002  8.133670e-005
 2.191375e+002  7.262069e-005
 2.197563e+002  9.737613e-005
 2.203750e+002  1.068588e-004
 2.209938e+002  9.067125e-005
 2.216125e+002  9.319905e-005
 2.222313e+002  9.470828e-005
 2.228500e+002  7.593370e-005
 2.234688e+002  6.801890e-005
 2.240875e+002  7.138108e-005
 2.247063e+002  7.675257e-005
 2.253250e+002  8.407338e-005
 2.259438e+002  6.365425e-005
 2.265625e+002  6.087054e-005
 2.271813e+002  9.248256e-005
 2.278000e+002  8.303999e-005
 2.284188e+002  6.686459e-005
 2.290375e+002  6.624767e-005
 2.296563e+002  7.673279e-005
 2.302750e+002  8.792677e-005
 2.308938e+002  8.357075e-005
 2.315125e+002  6.627849e-005
 2.321313e+002  6.415028e-005
 2.327500e+002  5.848374e-005
 2.333688e+002  6.180254e-005
 2.339875e+002  7.070238e-005
 2.346063e+002  7.590822e-005
 2.352250e+002  5.649418e-005
 2.358438e+002  6.829016e-005
 2.364625e+002  7.133957e-005
 2.370813e+002  7.529862e-005
 2.377000e+002  8.252686e-005
 2.383188e+002  6.962591e-005
 2.389375e+002  5.811512e-005
 2.395563e+002  5.862695e-005
 2.401750e+002  6.783694e-005
 2.407938e+002  6.574770e-005
 2.414125e+002  6.468282e-005
 2.420313e+002  5.825922e-005
 2.426500e+002  6.951200e-005
 2.432688e+002  7.327459e-005
 2.438875e+002  6.196319e-005
 2.445063e+002  7.314698e-005
 2.451250e+002  6.438211e-005
 2.457438e+002  7.967515e-005
 2.463625e+002  9.567131e-005
 2.469813e+002  7.611017e-005
 2.476000e+002  5.852290e-005
 2.482188e+002  6.647324e-005
 2.488375e+002  7.577171e-005
 2.494563e+002  3.662108e-004
 2.500750e+002  5.391585e-004
 2.506938e+002  2.130380e-004
 2.513125e+002  6.368369e-005
 2.519313e+002  8.467998e-005
 2.525500e+002  9.069853e-005
 2.531688e+002  7.753340e-005
 2.537875e+002  7.049935e-005
 2.544063e+002  9.234734e-005
 2.550250e+002  9.910057e-005
 2.556438e+002  8.257413e-005
 2.562625e+002  6.382432e-005
 2.568813e+002  6.915685e-005
 2.575000e+002  6.653407e-005
 2.581188e+002  6.417535e-005
 2.587375e+002  6.214139e-005
 2.593563e+002  8.514817e-005
 2.599750e+002  8.277780e-005
 2.605938e+002  8.999546e-005
 2.612125e+002  7.185833e-005
 2.618313e+002  7.516565e-005
 2.624500e+002  8.790864e-005
 2.630688e+002  6.699379e-005
 2.636875e+002  7.139093e-005
 2.643063e+002  7.347849e-005
 2.649250e+002  7.608927e-005
 2.655438e+002  6.968560e-005
 2.661625e+002  6.275520e-005
 2.667813e+002  7.761826e-005
 2.674000e+002  8.524427e-005
 2.680188e+002  7.949548e-005
 2.686375e+002  7.328861e-005
 2.692563e+002  8.012286e-005
 2.698750e+002  7.628467e-005
 2.704938e+002  6.462001e-005
 2.711125e+002  5.787884e-005
 2.717313e+002  6.767560e-005
 2.723500e+002  9.034106e-005
 2.729688e+002  8.872551e-005
 2.735875e+002  7.561326e-005
 2.742063e+002  6.752837e-005
 2.748250e+002  6.187508e-005
 2.754438e+002  6.024680e-005
 2.760625e+002  6.669796e-005
 2.766813e+002  6.823674e-005
 2.773000e+002  6.833501e-005
 2.779188e+002  8.329456e-005
 2.785375e+002  8.270593e-005
 2.791563e+002  7.079021e-005
 2.797750e+002  7.886086e-005
 2.803938e+002  7.972632e-005
 2.810125e+002  7.587234e-005
 2.816313e+002  6.338563e-005
 2.822500e+002  7.217177e-005
 2.828688e+002  7.672302e-005
 2.834875e+002  6.843841e-005
 2.841063e+002  6.266348e-005
 2.847250e+002  6.337006e-005
 2.853438e+002  6.213993e-005
 2.859625e+002  7.219053e-005
 2.865813e+002  6.029054e-005
 2.872000e+002  7.387477e-005
 2.878188e+002  7.327407e-005
 2.884375e+002  7.183486e-005
 2.890563e+002  5.459801e-005
 2.896750e+002  6.301265e-005
 2.902938e+002  7.384744e-005
 2.909125e+002  8.177765e-005
 2.915313e+002  9.540231e-005
 2.921500e+002  8.831994e-005
 2.927688e+002  7.854490e-005
 2.933875e+002  6.218150e-005
 2.940063e+002  5.561109e-005
 2.946250e+002  6.842015e-005
 2.952438e+002  7.112919e-005
 2.958625e+002  7.233833e-005
 2.964813e+002  6.388916e-005
 2.971000e+002  7.531527e-005
 2.977188e+002  8.070586e-005
 2.983375e+002  7.758249e-005
 2.989563e+002  8.507952e-005
 2.995750e+002  8.282672e-005
 3.001938e+002  7.045836e-005
 3.008125e+002  8.836180e-005
 3.014313e+002  7.418284e-005
 3.020500e+002  7.391102e-005
 3.026688e+002  8.867438e-005
 3.032875e+002  9.044939e-005
 3.039063e+002  8.671028e-005
 3.045250e+002  8.194385e-005
 3.051438e+002  6.722182e-005
 3.057625e+002  7.706101e-005
 3.063813e+002  6.917871e-005
 3.070000e+002  6.616821e-005
 3.076188e+002  6.756914e-005
 3.082375e+002  7.068337e-005
 3.088563e+002  6.832899e-005
 3.094750e+002  7.612988e-005
 3.100938e+002  7.058770e-005
 3.107125e+002  6.890995e-005
 3.113313e+002  7.137511e-005
 3.119500e+002  8.202424e-005
 3.125688e+002  8.167435e-005
 3.131875e+002  6.806068e-005
 3.138063e+002  7.783445e-005
 3.144250e+002  8.702916e-005
 3.150437e+002  8.055827e-005
 3.156625e+002  7.727294e-005
 3.162812e+002  8.254992e-005
 3.169000e+002  7.353460e-005
 3.175187e+002  6.338321e-005
 3.181375e+002  6.547452e-005
 3.187562e+002  5.480920e-005
 3.193750e+002  6.795057e-005
 3.199937e+002  6.183534e-005
 3.206125e+002  7.722336e-005
 3.212312e+002  7.982415e-005
 3.218500e+002  8.231596e-005
 3.224687e+002  9.032984e-005
 3.230875e+002  7.652974e-005
 3.237062e+002  8.260655e-005
 3.243250e+002  7.915324e-005
 3.249437e+002  8.545949e-005
 3.255625e+002  8.098500e-005
 3.261812e+002  9.112751e-005
 3.268000e+002  6.113476e-005
 3.274187e+002  6.970648e-005
 3.280375e+002  7.300943e-005
 3.286562e+002  8.136264e-005
 3.292750e+002  9.302266e-005
 3.298937e+002  8.410364e-005
 3.305125e+002  6.003934e-005
 3.311312e+002  6.928533e-005
 3.317500e+002  7.197808e-005
 3.323687e+002  7.433701e-005
 3.329875e+002  8.098978e-005
 3.336062e+002  6.860258e-005
 3.342250e+002  7.369699e-005
 3.348437e+002  8.827733e-005
 3.354625e+002  8.714140e-005
 3.360812e+002  7.408969e-005
 3.367000e+002  6.852426e-005
 3.373187e+002  9.067082e-005
 3.379375e+002  8.738048e-005
 3.385562e+002  7.132496e-005
 3.391750e+002  7.493909e-005
 3.397937e+002  7.677352e-005
 3.404125e+002  6.876965e-005
 3.410312e+002  7.276056e-005
 3.416500e+002  6.263693e-005
 3.422687e+002  6.118360e-005
 3.428875e+002  7.445195e-005
 3.435062e+002  8.448293e-005
 3.441250e+002  7.517863e-005
 3.447437e+002  6.897580e-005
 3.453625e+002  7.333669e-005
 3.459812e+002  6.714820e-005
 3.466000e+002  7.145930e-005
 3.472187e+002  7.826850e-005
 3.478375e+002  6.890378e-005
 3.484562e+002  7.220897e-005
 3.490750e+002  8.939355e-005
 3.496937e+002  8.131535e-005
 3.503125e+002  7.530654e-005
 3.509312e+002  7.358049e-005
 3.515500e+002  6.885455e-005
 3.521687e+002  7.148021e-005
 3.527875e+002  7.232857e-005
 3.534062e+002  7.424443e-005
 3.540250e+002  8.263819e-005
 3.546437e+002  7.211103e-005
 3.552625e+002  7.616470e-005
 3.558812e+002  6.595830e-005
 3.565000e+002  7.586856e-005
 3.571187e+002  7.969027e-005
 3.577375e+002  8.178428e-005
 3.583562e+002  7.638952e-005
 3.589750e+002  7.147827e-005
 3.595937e+002  8.104637e-005
 3.602125e+002  7.045247e-005
 3.608312e+002  6.626876e-005
 3.614500e+002  5.695847e-005
 3.620687e+002  5.832314e-005
 3.626875e+002  5.991978e-005
 3.633062e+002  6.270729e-005
 3.639250e+002  6.529431e-005
 3.645437e+002  6.939400e-005
 3.651625e+002  7.083961e-005
 3.657812e+002  6.373543e-005
 3.664000e+002  6.720638e-005
 3.670187e+002  6.623201e-005
 3.676375e+002  7.339777e-005
 3.682562e+002  7.330040e-005
 3.688750e+002  7.675587e-005
 3.694937e+002  7.762861e-005
 3.701125e+002  7.421209e-005
 3.707312e+002  7.274384e-005
 3.713500e+002  7.525586e-005
 3.719687e+002  7.222816e-005
 3.725875e+002  7.120596e-005
 3.732062e+002  7.795121e-005
 3.738250e+002  8.611620e-005
 3.744437e+002  7.873614e-005
 3.750625e+002  8.009397e-005
 3.756812e+002  7.589090e-005
 3.763000e+002  8.642738e-005
 3.769187e+002  7.439145e-005
 3.775375e+002  6.866728e-005
 3.781562e+002  6.574469e-005
 3.787750e+002  7.690945e-005
 3.793937e+002  6.436868e-005
 3.800125e+002  8.072655e-005
 3.806312e+002  8.366289e-005
 3.812500e+002  6.978767e-005
 3.818687e+002  5.799284e-005
 3.824875e+002  7.045046e-005
 3.831062e+002  6.669209e-005
 3.837250e+002  8.673969e-005
 3.843437e+002  9.021982e-005
 3.849625e+002  6.853965e-005
 3.855812e+002  8.133313e-005
 3.862000e+002  8.101591e-005
 3.868187e+002  7.831964e-005
 3.874375e+002  7.490593e-005
 3.880562e+002  6.022561e-005
 3.886750e+002  6.678491e-005
 3.892937e+002  7.494775e-005
 3.899125e+002  5.776408e-005
 3.905312e+002  5.913512e-005
 3.911500e+002  7.418592e-005
 3.917687e+002  7.081377e-005
 3.923875e+002  7.186963e-005
 3.930062e+002  7.462858e-005
 3.936250e+002  8.314488e-005
 3.942437e+002  7.370878e-005
 3.948625e+002  6.039309e-005
 3.954812e+002  6.356394e-005
 3.961000e+002  5.386911e-005
 3.967187e+002  7.767312e-005
 3.973375e+002  7.302275e-005
 3.979562e+002  6.860209e-005
 3.985750e+002  6.869180e-005
 3.991937e+002  8.335960e-005
 3.998125e+002  7.639427e-005
 4.004312e+002  6.821985e-005
 4.010500e+002  5.888243e-005
 4.016687e+002  6.322218e-005
 4.022875e+002  6.481519e-005
 4.029062e+002  6.568326e-005
 4.035250e+002  7.020721e-005
 4.041437e+002  7.035039e-005
 4.047625e+002  6.994259e-005
 4.053812e+002  7.600360e-005
 4.060000e+002  8.671020e-005
 4.066187e+002  7.945452e-005
 4.072375e+002  8.689759e-005
 4.078562e+002  7.118153e-005
 4.084750e+002  6.294307e-005
 4.090937e+002  7.133095e-005
 4.097125e+002  6.298224e-005
 4.103312e+002  7.184431e-005
 4.109500e+002  7.077878e-005
 4.115687e+002  7.502925e-005
 4.121875e+002  7.828233e-005
 4.128062e+002  5.045372e-005
 4.134250e+002  6.385120e-005
 4.140437e+002  7.623758e-005
 4.146625e+002  7.116916e-005
 4.152812e+002  7.697410e-005
 4.159000e+002  8.468753e-005
 4.165187e+002  8.543569e-005
 4.171375e+002  9.768950e-005
 4.177562e+002  8.888667e-005
 4.183750e+002  7.818154e-005
 4.189937e+002  6.269406e-005
 4.196125e+002  6.168457e-005
 4.202312e+002  7.402057e-005
 4.208500e+002  6.670857e-005
 4.214687e+002  6.717411e-005
 4.220875e+002  8.723481e-005
 4.227062e+002  9.221718e-005
 4.233250e+002  8.867664e-005
 4.239437e+002  7.628498e-005
 4.245625e+002  8.390099e-005
 4.251812e+002  6.496034e-005
 4.258000e+002  6.453837e-005
 4.264187e+002  8.808685e-005
 4.270375e+002  8.406853e-005
 4.276562e+002  8.584056e-005
 4.282750e+002  6.715086e-005
 4.288937e+002  8.015429e-005
 4.295125e+002  8.939978e-005
 4.301312e+002  8.104455e-005
 4.307500e+002  8.517679e-005
 4.313687e+002  9.314331e-005
 4.319875e+002  8.885911e-005
 4.326062e+002  8.784316e-005
 4.332250e+002  8.440780e-005
 4.338437e+002  8.732037e-005
 4.344625e+002  7.967808e-005
 4.350812e+002  7.419467e-005
 4.357000e+002  7.112909e-005
 4.363187e+002  6.529765e-005
 4.369375e+002  7.589149e-005
 4.375562e+002  7.249235e-005
 4.381750e+002  7.675185e-005
 4.387937e+002  8.096182e-005
 4.394125e+002  5.962016e-005
 4.400312e+002  6.103974e-005
 4.406500e+002  7.304898e-005
 4.412687e+002  7.833851e-005
 4.418875e+002  6.464307e-005
 4.425062e+002  7.324108e-005
 4.431250e+002  8.933157e-005
 4.437437e+002  8.744387e-005
 4.443625e+002  7.074682e-005
 4.449812e+002  6.416558e-005
 4.456000e+002  7.026742e-005
 4.462187e+002  7.448148e-005
 4.468375e+002  7.699827e-005
 4.474562e+002  7.225124e-005
 4.480750e+002  7.192450e-005
 4.486937e+002  7.704238e-005
 4.493125e+002  1.124271e-004
 4.499312e+002  2.258361e-004
 4.505500e+002  1.355902e-004
 4.511687e+002  7.433644e-005
 4.517875e+002  8.905625e-005
 4.524062e+002  7.538860e-005
 4.530250e+002  6.188961e-005
 4.536437e+002  5.787835e-005
 4.542625e+002  5.293049e-005
 4.548812e+002  6.279482e-005
 4.555000e+002  8.189085e-005
 4.561187e+002  7.943693e-005
 4.567375e+002  7.448083e-005
 4.573562e+002  7.105494e-005
 4.579750e+002  7.500639e-005
 4.585937e+002  6.950339e-005
 4.592125e+002  6.781750e-005
 4.598312e+002  6.033602e-005
 4.604500e+002  5.506975e-005
 4.610687e+002  6.400714e-005
 4.616875e+002  6.805895e-005
 4.623062e+002  6.949435e-005
 4.629250e+002  6.464931e-005
 4.635437e+002  6.313806e-005
 4.641625e+002  6.556607e-005
 4.647812e+002  5.957202e-005
 4.654000e+002  5.104722e-005
 4.660187e+002  6.024258e-005
 4.666375e+002  6.873675e-005
 4.672562e+002  6.116090e-005
 4.678750e+002  6.071916e-005
 4.684937e+002  6.369643e-005
 4.691125e+002  7.097090e-005
 4.697312e+002  7.320595e-005
 4.703500e+002  6.717520e-005
 4.709687e+002  7.374440e-005
 4.715875e+002  5.483347e-005
 4.722062e+002  4.932877e-005
 4.728250e+002  5.746480e-005
 4.734437e+002  7.006708e-005
 4.740625e+002  6.606355e-005
 4.746812e+002  5.704843e-005
 4.753000e+002  6.768235e-005
 4.759187e+002  7.985597e-005
 4.765375e+002  7.427666e-005
 4.771562e+002  9.513382e-005
 4.777750e+002  8.205496e-005
 4.783937e+002  8.003931e-005
 4.790125e+002  6.867440e-005
 4.796312e+002  5.894667e-005
 4.802500e+002  6.292005e-005
 4.808687e+002  6.757750e-005
 4.814875e+002  7.324447e-005
 4.821062e+002  7.617862e-005
 4.827250e+002  7.261745e-005
 4.833437e+002  5.853319e-005
 4.839625e+002  6.733212e-005
 4.845812e+002  6.650460e-005
 4.852000e+002  6.185385e-005
 4.858187e+002  6.505222e-005
 4.864375e+002  7.421447e-005
 4.870562e+002  7.108967e-005
 4.876750e+002  6.791850e-005
 4.882937e+002  6.341096e-005
 4.889125e+002  6.054577e-005
 4.895312e+002  5.776230e-005
 4.901500e+002  5.196713e-005
 4.907687e+002  6.367537e-005
 4.913875e+002  6.722315e-005
 4.920062e+002  6.794622e-005
 4.926250e+002  6.874323e-005
 4.932437e+002  7.258037e-005
 4.938625e+002  7.720775e-005
 4.944812e+002  6.953828e-005
 4.951000e+002  6.648592e-005
 4.957187e+002  6.708776e-005
 4.963375e+002  6.284984e-005
 4.969562e+002  6.110659e-005
 4.975750e+002  6.950973e-005
 4.981937e+002  8.462528e-005
 4.988125e+002  8.494938e-005
 4.994312e+002  7.895072e-005
 5.000500e+002  8.792716e-005
 5.006687e+002  5.687700e-005
 5.012875e+002  7.139994e-005
 5.019062e+002  7.374867e-005
 5.025250e+002  7.109737e-005
 5.031437e+002  7.275800e-005
 5.037625e+002  7.082384e-005
 5.043812e+002  8.514385e-005
 5.050000e+002  8.588711e-005
 5.056187e+002  7.343978e-005
 5.062375e+002  8.088059e-005
 5.068562e+002  8.289903e-005
 5.074750e+002  6.815533e-005
 5.080937e+002  5.869765e-005
 5.087125e+002  5.698479e-005
 5.093312e+002  4.881822e-005
 5.099500e+002  6.441410e-005
 5.105687e+002  6.744930e-005
 5.111875e+002  5.450937e-005
 5.118062e+002  6.671183e-005
 5.124250e+002  6.757205e-005
 5.130437e+002  5.369010e-005
 5.136625e+002  6.069582e-005
 5.142812e+002  5.992588e-005
 5.149000e+002  5.177955e-005
 5.155187e+002  6.017835e-005
 5.161375e+002  6.021143e-005
 5.167562e+002  5.898509e-005
 5.173750e+002  6.713540e-005
 5.179937e+002  6.935938e-005
 5.186125e+002  5.877391e-005
 5.192312e+002  6.592804e-005
 5.198500e+002  8.833819e-005
 5.204687e+002  6.930084e-005
 5.210875e+002  6.562033e-005
 5.217062e+002  6.121331e-005
 5.223250e+002  5.713731e-005
 5.229437e+002  7.676894e-005
 5.235625e+002  7.362946e-005
 5.241812e+002  5.944791e-005
 5.248000e+002  6.377756e-005
 5.254187e+002  5.767903e-005
 5.260375e+002  7.789970e-005
 5.266562e+002  7.476895e-005
 5.272750e+002  8.062661e-005
 5.278937e+002  7.823551e-005
 5.285125e+002  6.403358e-005
 5.291312e+002  5.172327e-005
 5.297500e+002  7.668020e-005
 5.303687e+002  6.232516e-005
 5.309875e+002  6.195136e-005
 5.316062e+002  7.640700e-005
 5.322250e+002  7.316743e-005
 5.328437e+002  5.807782e-005
 5.334625e+002  6.907485e-005
 5.340812e+002  7.885282e-005
 5.347000e+002  7.605210e-005
 5.353187e+002  7.674571e-005
 5.359375e+002  6.771217e-005
 5.365562e+002  5.751373e-005
 5.371750e+002  4.162251e-005
 5.377937e+002  5.513556e-005
 5.384125e+002  6.120233e-005
 5.390312e+002  5.798614e-005
 5.396500e+002  6.788619e-005
 5.402687e+002  6.790271e-005
 5.408875e+002  6.561089e-005
 5.415062e+002  6.403788e-005
 5.421250e+002  6.823281e-005
 5.427437e+002  8.095147e-005
 5.433625e+002  7.145007e-005
 5.439812e+002  7.615965e-005
 5.446000e+002  7.601126e-005
 5.452187e+002  5.894442e-005
 5.458375e+002  7.895364e-005
 5.464562e+002  9.094801e-005
 5.470750e+002  8.417566e-005
 5.476937e+002  5.848123e-005
 5.483125e+002  7.960716e-005
 5.489312e+002  7.949597e-005
 5.495500e+002  1.303406e-004
 5.501687e+002  1.455063e-004
 5.507875e+002  7.541002e-005
 5.514062e+002  6.291938e-005
 5.520250e+002  6.378604e-005
 5.526437e+002  7.555048e-005
 5.532625e+002  5.647724e-005
 5.538812e+002  6.334283e-005
 5.545000e+002  7.795959e-005
 5.551187e+002  5.859165e-005
 5.557375e+002  7.351280e-005
 5.563562e+002  7.302846e-005
 5.569750e+002  6.844711e-005
 5.575937e+002  7.060622e-005
 5.582125e+002  7.753191e-005
 5.588312e+002  6.064719e-005
 5.594500e+002  6.101057e-005
 5.600687e+002  6.691402e-005
 5.606875e+002  5.418961e-005
 5.613062e+002  6.623131e-005
 5.619250e+002  7.038639e-005
 5.625437e+002  7.737995e-005
 5.631625e+002  7.636598e-005
 5.637812e+002  7.442765e-005
 5.644000e+002  6.549775e-005
 5.650187e+002  6.330607e-005
 5.656375e+002  6.662949e-005
 5.662562e+002  5.390228e-005
 5.668750e+002  6.931592e-005
 5.674937e+002  8.254012e-005
 5.681125e+002  7.916997e-005
 5.687312e+002  7.218964e-005
 5.693500e+002  6.484976e-005
 5.699687e+002  6.167522e-005
 5.705875e+002  6.262924e-005
 5.712062e+002  6.238442e-005
 5.718250e+002  5.079917e-005
 5.724437e+002  6.400562e-005
 5.730625e+002  7.422339e-005
 5.736812e+002  8.435831e-005
 5.743000e+002  7.900345e-005
 5.749187e+002  7.312361e-005
 5.755375e+002  7.737376e-005
 5.761562e+002  7.489189e-005
 5.767750e+002  5.969006e-005
 5.773937e+002  5.405438e-005
 5.780125e+002  6.272287e-005
 5.786312e+002  5.452138e-005
 5.792500e+002  5.308694e-005
 5.798687e+002  5.493148e-005
 5.804875e+002  5.527104e-005
 5.811062e+002  6.773635e-005
 5.817250e+002  7.801472e-005
 5.823437e+002  7.514233e-005
 5.829625e+002  5.807873e-005
 5.835812e+002  5.484993e-005
 5.842000e+002  7.443495e-005
 5.848187e+002  6.767193e-005
 5.854375e+002  7.258655e-005
 5.860562e+002  8.403133e-005
 5.866750e+002  7.110342e-005
 5.872937e+002  7.598904e-005
 5.879125e+002  8.338820e-005
 5.885312e+002  6.332708e-005
 5.891500e+002  7.493373e-005
 5.897687e+002  8.311771e-005
 5.903875e+002  7.303113e-005
 5.910062e+002  5.655226e-005
 5.916250e+002  4.998216e-005
 5.922437e+002  5.678328e-005
 5.928625e+002  6.017443e-005
 5.934812e+002  6.571167e-005
 5.941000e+002  7.405804e-005
 5.947187e+002  7.619352e-005
 5.953375e+002  6.350111e-005
 5.959562e+002  6.765958e-005
 5.965750e+002  7.800300e-005
 5.971937e+002  6.863354e-005
 5.978125e+002  4.818777e-005
 5.984312e+002  8.112986e-005
 5.990500e+002  7.900559e-005
 5.996687e+002  7.998937e-005
 6.002875e+002  7.624976e-005
 6.009062e+002  7.182135e-005
 6.015250e+002  6.366827e-005
 6.021437e+002  6.929871e-005
 6.027625e+002  7.347526e-005
 6.033812e+002  6.205628e-005
 6.040000e+002  7.667275e-005
 6.046187e+002  8.393787e-005
 6.052375e+002  5.866751e-005
 6.058562e+002  5.593667e-005
 6.064750e+002  6.087181e-005
 6.070937e+002  6.155976e-005
 6.077125e+002  7.727543e-005
 6.083312e+002  6.954520e-005
 6.089500e+002  6.564411e-005
 6.095687e+002  7.061024e-005
 6.101875e+002  7.442062e-005
 6.108062e+002  6.981096e-005
 6.114250e+002  6.818407e-005
 6.120437e+002  6.899333e-005
 6.126625e+002  6.994802e-005
 6.132812e+002  6.127859e-005
 6.139000e+002  6.691072e-005
 6.145187e+002  6.032066e-005
 6.151375e+002  7.482817e-005
 6.157562e+002  8.382419e-005
 6.163750e+002  5.664906e-005
 6.169937e+002  6.668490e-005
 6.176125e+002  9.719499e-005
 6.182312e+002  8.438156e-005
 6.188500e+002  6.393488e-005
 6.194687e+002  6.990739e-005
 6.200875e+002  7.305256e-005
 6.207062e+002  7.132657e-005
 6.213250e+002  6.272726e-005
 6.219437e+002  7.053948e-005
 6.225625e+002  5.934395e-005
 6.231812e+002  5.948982e-005
 6.238000e+002  6.661735e-005
 6.244187e+002  7.407605e-005
 6.250375e+002  5.685487e-005
 6.256562e+002  6.198873e-005
 6.262750e+002  6.876944e-005
 6.268937e+002  7.140245e-005
 6.275125e+002  7.893617e-005
 6.281312e+002  4.562504e-005
 6.287500e+002  5.258721e-005
 6.293687e+002  7.087077e-005
 6.299875e+002  7.328093e-005
 6.306062e+002  7.174610e-005
 6.312250e+002  7.260517e-005
 6.318437e+002  6.615022e-005
 6.324625e+002  7.817330e-005
 6.330812e+002  7.787997e-005
 6.337000e+002  5.629099e-005
 6.343187e+002  6.974816e-005
 6.349375e+002  7.776288e-005
 6.355562e+002  7.389222e-005
 6.361750e+002  8.193210e-005
 6.367937e+002  7.545246e-005
 6.374125e+002  7.438316e-005
 6.380312e+002  6.856282e-005
 6.386500e+002  6.737410e-005
 6.392687e+002  7.850056e-005
 6.398875e+002  7.134130e-005
 6.405062e+002  6.775593e-005
 6.411250e+002  5.953449e-005
 6.417437e+002  6.640971e-005
 6.423625e+002  5.809997e-005
 6.429812e+002  5.036879e-005
 6.436000e+002  6.828345e-005
 6.442187e+002  6.088017e-005
 6.448375e+002  6.259202e-005
 6.454562e+002  7.176377e-005
 6.460750e+002  7.498142e-005
 6.466937e+002  6.469111e-005
 6.473125e+002  5.535178e-005
 6.479312e+002  5.253193e-005
 6.485500e+002  5.711489e-005
 6.491687e+002  7.464852e-005
 6.497875e+002  9.900843e-005
 6.504062e+002  7.353265e-005
 6.510250e+002  5.966338e-005
 6.516437e+002  6.081486e-005
 6.522625e+002  5.578537e-005
 6.528812e+002  7.564176e-005
 6.535000e+002  6.728125e-005
 6.541187e+002  5.449414e-005
 6.547375e+002  5.206687e-005
 6.553562e+002  5.446904e-005
 6.559750e+002  6.558134e-005
 6.565937e+002  9.187729e-005
 6.572125e+002  8.997780e-005
 6.578312e+002  6.372648e-005
 6.584500e+002  7.090854e-005
 6.590687e+002  7.874674e-005
 6.596875e+002  8.163176e-005
 6.603062e+002  7.882543e-005
 6.609250e+002  6.634993e-005
 6.615437e+002  7.643596e-005
 6.621625e+002  5.887513e-005
 6.627812e+002  5.963889e-005
 6.634000e+002  5.675730e-005
 6.640187e+002  5.817898e-005
 6.646375e+002  5.625912e-005
 6.652562e+002  3.997556e-005
 6.658750e+002  5.730976e-005
 6.664937e+002  7.028746e-005
 6.671125e+002  7.389871e-005
 6.677312e+002  6.808305e-005
 6.683500e+002  6.177373e-005
 6.689687e+002  7.194363e-005
 6.695875e+002  7.365510e-005
 6.702062e+002  5.421228e-005
 6.708250e+002  6.865495e-005
 6.714437e+002  7.188864e-005
 6.720625e+002  7.771144e-005
 6.726812e+002  7.206707e-005
 6.733000e+002  6.883549e-005
 6.739187e+002  5.878375e-005
 6.745375e+002  6.632291e-005
 6.751562e+002  7.162474e-005
 6.757750e+002  6.664787e-005
 6.763937e+002  8.399532e-005
 6.770125e+002  7.618646e-005
 6.776312e+002  8.076178e-005
 6.782500e+002  7.233058e-005
 6.788687e+002  6.307556e-005
 6.794875e+002  5.499246e-005
 6.801062e+002  6.230745e-005
 6.807250e+002  6.765304e-005
 6.813437e+002  6.158104e-005
 6.819625e+002  5.533533e-005
 6.825812e+002  7.574786e-005
 6.832000e+002  7.890296e-005
 6.838187e+002  7.151663e-005
 6.844375e+002  5.773190e-005
 6.850562e+002  5.698545e-005
 6.856750e+002  7.359460e-005
 6.862937e+002  6.393899e-005
 6.869125e+002  7.414954e-005
 6.875312e+002  6.419623e-005
 6.881500e+002  7.253043e-005
 6.887687e+002  7.314174e-005
 6.893875e+002  7.194448e-005
 6.900062e+002  6.505689e-005
 6.906250e+002  5.976026e-005
 6.912437e+002  5.760365e-005
 6.918625e+002  6.428046e-005
 6.924812e+002  6.740903e-005
 6.931000e+002  4.895873e-005
 6.937187e+002  5.620813e-005
 6.943375e+002  6.946175e-005
 6.949562e+002  6.647001e-005
 6.955750e+002  7.271122e-005
 6.961937e+002  6.079954e-005
 6.968125e+002  6.155275e-005
 6.974312e+002  6.500187e-005
 6.980500e+002  6.728785e-005
 6.986687e+002  6.608870e-005
 6.992875e+002  7.606040e-005
 6.999062e+002  8.244825e-005
 7.005250e+002  5.755970e-005
 7.011437e+002  5.171400e-005
 7.017625e+002  6.411182e-005
 7.023812e+002  7.611722e-005
 7.030000e+002  6.333301e-005
 7.036187e+002  7.034713e-005
 7.042375e+002  8.786920e-005
 7.048562e+002  7.894885e-005
 7.054750e+002  6.475598e-005
 7.060937e+002  5.675344e-005
 7.067125e+002  5.923533e-005
 7.073312e+002  7.301436e-005
 7.079500e+002  5.801730e-005
 7.085687e+002  6.542853e-005
 7.091875e+002  6.559103e-005
 7.098062e+002  5.317723e-005
 7.104250e+002  5.551986e-005
 7.110437e+002  6.211612e-005
 7.116625e+002  7.245436e-005
 7.122812e+002  7.258106e-005
 7.129000e+002  6.393684e-005
 7.135187e+002  6.994133e-005
 7.141375e+002  7.373449e-005
 7.147562e+002  7.592070e-005
 7.153750e+002  8.599992e-005
 7.159937e+002  7.995633e-005
 7.166125e+002  7.795753e-005
 7.172312e+002  8.346502e-005
 7.178500e+002  7.309494e-005
 7.184687e+002  5.583586e-005
 7.190875e+002  5.063424e-005
 7.197062e+002  6.656305e-005
 7.203250e+002  8.175202e-005
 7.209437e+002  7.715681e-005
 7.215625e+002  7.297442e-005
 7.221812e+002  5.375343e-005
 7.228000e+002  5.411617e-005
 7.234187e+002  6.571300e-005
 7.240375e+002  7.100473e-005
 7.246562e+002  6.106579e-005
 7.252750e+002  5.731433e-005
 7.258937e+002  5.316399e-005
 7.265125e+002  8.130023e-005
 7.271312e+002  8.936034e-005
 7.277500e+002  7.280644e-005
 7.283687e+002  6.714938e-005
 7.289875e+002  8.234438e-005
 7.296062e+002  8.049974e-005
 7.302250e+002  6.120222e-005
 7.308437e+002  7.417846e-005
 7.314625e+002  5.595403e-005
 7.320812e+002  5.627925e-005
 7.327000e+002  7.813302e-005
 7.333187e+002  8.326689e-005
 7.339375e+002  7.092118e-005
 7.345562e+002  7.087949e-005
 7.351750e+002  6.304118e-005
 7.357937e+002  5.798228e-005
 7.364125e+002  7.469588e-005
 7.370312e+002  6.166692e-005
 7.376500e+002  6.735282e-005
 7.382687e+002  6.343172e-005
 7.388875e+002  6.037797e-005
 7.395062e+002  6.875994e-005
 7.401250e+002  6.315561e-005
 7.407437e+002  6.331902e-005
 7.413625e+002  5.405008e-005
 7.419812e+002  6.283652e-005
 7.426000e+002  6.969211e-005
 7.432187e+002  6.293877e-005
 7.438375e+002  6.134832e-005
 7.444562e+002  6.991029e-005
 7.450750e+002  6.680271e-005
 7.456937e+002  6.440211e-005
 7.463125e+002  7.446914e-005
 7.469312e+002  7.955277e-005
 7.475500e+002  7.919165e-005
 7.481687e+002  8.594361e-005
 7.487875e+002  7.962535e-005
 7.494062e+002  8.691125e-005
 7.500250e+002  8.691819e-005
 7.506437e+002  6.511334e-005
 7.512625e+002  8.930846e-005
 7.518812e+002  7.818620e-005
 7.525000e+002  5.823461e-005
 7.531187e+002  6.306622e-005
 7.537375e+002  5.514870e-005
 7.543562e+002  6.449721e-005
 7.549750e+002  7.007160e-005
 7.555937e+002  7.393979e-005
 7.562125e+002  6.620904e-005
 7.568312e+002  6.665730e-005
 7.574500e+002  6.031273e-005
 7.580687e+002  6.390863e-005
 7.586875e+002  7.667856e-005
 7.593062e+002  8.685273e-005
 7.599250e+002  7.802182e-005
 7.605437e+002  8.109619e-005
 7.611625e+002  7.856394e-005
 7.617812e+002  7.544061e-005
 7.624000e+002  6.574296e-005
 7.630187e+002  8.055887e-005
 7.636375e+002  7.421110e-005
 7.642562e+002  6.898554e-005
 7.648750e+002  7.442851e-005
 7.654937e+002  7.469405e-005
 7.661125e+002  7.209363e-005
 7.667312e+002  6.476724e-005
 7.673500e+002  5.761658e-005
 7.679687e+002  7.008838e-005
 7.685875e+002  7.079740e-005
 7.692062e+002  6.543570e-005
 7.698250e+002  7.898707e-005
 7.704437e+002  7.937584e-005
 7.710625e+002  8.106227e-005
 7.716812e+002  8.295460e-005
 7.723000e+002  7.837103e-005
 7.729187e+002  7.119213e-005
 7.735375e+002  6.160751e-005
 7.741562e+002  7.537947e-005
 7.747750e+002  6.130232e-005
 7.753937e+002  5.751146e-005
 7.760125e+002  5.906924e-005
 7.766312e+002  6.190771e-005
 7.772500e+002  6.350647e-005
 7.778687e+002  6.270128e-005
 7.784875e+002  8.213778e-005
 7.791062e+002  7.619029e-005
 7.797250e+002  7.351802e-005
 7.803437e+002  6.825085e-005
 7.809625e+002  6.621382e-005
 7.815812e+002  8.486721e-005
 7.822000e+002  8.349032e-005
 7.828187e+002  6.731691e-005
 7.834375e+002  5.257916e-005
 7.840562e+002  6.131471e-005
 7.846750e+002  6.639692e-005
 7.852937e+002  7.337751e-005
 7.859125e+002  7.815164e-005
 7.865312e+002  7.400658e-005
 7.871500e+002  6.912169e-005
 7.877687e+002  5.704411e-005
 7.883875e+002  6.524851e-005
 7.890062e+002  7.109409e-005
 7.896250e+002  7.243670e-005
 7.902437e+002  6.824586e-005
 7.908625e+002  7.741738e-005
 7.914812e+002  8.119304e-005
 7.921000e+002  7.049165e-005
 7.927187e+002  7.342918e-005
 7.933375e+002  7.423430e-005
 7.939562e+002  7.368509e-005
 7.945750e+002  7.018541e-005
 7.951937e+002  6.897951e-005
 7.958125e+002  6.209653e-005
 7.964312e+002  6.353003e-005
 7.970500e+002  6.227123e-005
 7.976687e+002  5.017430e-005
 7.982875e+002  6.256443e-005
 7.989062e+002  6.934343e-005
 7.995250e+002  5.681786e-005
 8.001437e+002  5.482689e-005
 8.007625e+002  6.181507e-005
 8.013812e+002  6.980538e-005
 8.020000e+002  6.818199e-005
 8.026187e+002  7.105605e-005
 8.032375e+002  6.045168e-005
 8.038562e+002  4.635771e-005
 8.044750e+002  6.864954e-005
 8.050937e+002  8.313605e-005
 8.057125e+002  7.362039e-005
 8.063312e+002  8.217944e-005
 8.069500e+002  7.300984e-005
 8.075687e+002  7.684573e-005
 8.081875e+002  8.333129e-005
 8.088062e+002  7.290702e-005
 8.094250e+002  6.337168e-005
 8.100437e+002  6.117999e-005
 8.106625e+002  6.541010e-005
 8.112812e+002  7.445653e-005
 8.119000e+002  7.929595e-005
 8.125187e+002  6.481591e-005
 8.131375e+002  5.221032e-005
 8.137562e+002  6.953191e-005
 8.143750e+002  6.450895e-005
 8.149937e+002  5.290818e-005
 8.156125e+002  5.208556e-005
 8.162312e+002  6.618046e-005
 8.168500e+002  4.788348e-005
 8.174687e+002  7.277460e-005
 8.180875e+002  8.465380e-005
 8.187062e+002  7.548287e-005
 8.193250e+002  6.525993e-005
 8.199437e+002  6.098297e-005
 8.205625e+002  5.909924e-005
 8.211812e+002  6.931434e-005
 8.218000e+002  6.063267e-005
 8.224187e+002  6.478395e-005
 8.230375e+002  5.873357e-005
 8.236562e+002  4.942783e-005
 8.242750e+002  6.314388e-005
 8.248937e+002  7.146217e-005
 8.255125e+002  6.984836e-005
 8.261312e+002  7.747624e-005
 8.267500e+002  7.969930e-005
 8.273687e+002  7.353381e-005
 8.279875e+002  5.546534e-005
 8.286062e+002  6.226331e-005
 8.292250e+002  6.141101e-005
 8.298437e+002  6.734734e-005
 8.304625e+002  7.129609e-005
 8.310812e+002  5.427853e-005
 8.317000e+002  5.423903e-005
 8.323187e+002  6.273927e-005
 8.329375e+002  5.268547e-005
 8.335562e+002  7.158357e-005
 8.341750e+002  7.307980e-005
 8.347937e+002  5.941613e-005
 8.354125e+002  5.217212e-005
 8.360312e+002  6.677293e-005
 8.366500e+002  7.956914e-005
 8.372687e+002  5.835935e-005
 8.378875e+002  6.088048e-005
 8.385062e+002  5.625439e-005
 8.391250e+002  5.184211e-005
 8.397437e+002  6.038021e-005
 8.403625e+002  4.705548e-005
 8.409812e+002  6.129522e-005
 8.416000e+002  6.376929e-005
 8.422187e+002  6.156653e-005
 8.428375e+002  7.065064e-005
 8.434562e+002  6.359280e-005
 8.440750e+002  7.945128e-005
 8.446937e+002  7.299747e-005
 8.453125e+002  7.078767e-005
 8.459312e+002  6.822406e-005
 8.465500e+002  6.354608e-005
 8.471687e+002  6.196429e-005
 8.477875e+002  5.204512e-005
 8.484062e+002  6.383265e-005
 8.490250e+002  8.140838e-005
 8.496437e+002  1.002961e-004
 8.502625e+002  7.930164e-005
 8.508812e+002  7.502962e-005
 8.515000e+002  6.561651e-005
 8.521187e+002  5.894125e-005
 8.527375e+002  6.450129e-005
 8.533562e+002  6.733661e-005
 8.539750e+002  8.205892e-005
 8.545937e+002  7.238257e-005
 8.552125e+002  5.429247e-005
 8.558312e+002  6.548106e-005
 8.564500e+002  6.599037e-005
 8.570687e+002  5.866787e-005
 8.576875e+002  6.003052e-005
 8.583062e+002  6.804575e-005
 8.589250e+002  6.839965e-005
 8.595437e+002  6.402162e-005
 8.601625e+002  7.745235e-005
 8.607812e+002  7.933083e-005
 8.614000e+002  6.506487e-005
 8.620187e+002  7.019625e-005
 8.626375e+002  6.944947e-005
 8.632562e+002  8.042888e-005
 8.638750e+002  7.145523e-005
 8.644937e+002  5.948814e-005
 8.651125e+002  5.730005e-005
 8.657312e+002  5.811175e-005
 8.663500e+002  7.682449e-005
 8.669687e+002  8.267370e-005
 8.675875e+002  9.085717e-005
 8.682062e+002  7.353598e-005
 8.688250e+002  6.954161e-005
 8.694437e+002  6.717084e-005
 8.700625e+002  5.790122e-005
 8.706812e+002  7.341549e-005
 8.713000e+002  8.343112e-005
 8.719187e+002  6.870908e-005
 8.725375e+002  7.611255e-005
 8.731562e+002  7.615555e-005
 8.737750e+002  7.028276e-005
 8.743937e+002  6.811610e-005
 8.750125e+002  5.439579e-005
 8.756312e+002  5.150410e-005
 8.762500e+002  7.225555e-005
 8.768687e+002  7.607083e-005
 8.774875e+002  7.265952e-005
 8.781062e+002  7.867616e-005
 8.787250e+002  5.484067e-005
 8.793437e+002  6.503519e-005
 8.799625e+002  6.788853e-005
 8.805812e+002  6.873822e-005
 8.812000e+002  6.043436e-005
 8.818187e+002  6.568584e-005
 8.824375e+002  6.996715e-005
 8.830562e+002  6.648514e-005
 8.836750e+002  6.319871e-005
 8.842937e+002  6.512326e-005
 8.849125e+002  6.031473e-005
 8.855312e+002  6.281642e-005
 8.861500e+002  6.391732e-005
 8.867687e+002  6.828887e-005
 8.873875e+002  7.459456e-005
 8.880062e+002  6.139088e-005
 8.886250e+002  6.117071e-005
 8.892437e+002  5.627821e-005
 8.898625e+002  5.458917e-005
 8.904812e+002  6.947692e-005
 8.911000e+002  6.717187e-005
 8.917187e+002  6.426906e-005
 8.923375e+002  6.658393e-005
 8.929562e+002  6.057980e-005
 8.935750e+002  6.498736e-005
 8.941937e+002  5.820716e-005
 8.948125e+002  5.515919e-005
 8.954312e+002  6.183746e-005
 8.960500e+002  7.219375e-005
 8.966687e+002  7.859640e-005
 8.972875e+002  4.805902e-005
 8.979062e+002  5.377228e-005
 8.985250e+002  6.055289e-005
 8.991437e+002  5.568279e-005
 8.997625e+002  7.422442e-005
 9.003812e+002  8.020038e-005
 9.010000e+002  7.520701e-005
 9.016187e+002  7.507113e-005
 9.022375e+002  8.399347e-005
 9.028562e+002  6.327137e-005
 9.034750e+002  5.881417e-005
 9.040937e+002  6.738984e-005
 9.047125e+002  6.535032e-005
 9.053312e+002  5.781636e-005
 9.059500e+002  6.823468e-005
 9.065687e+002  6.155594e-005
 9.071875e+002  5.684213e-005
 9.078062e+002  5.913561e-005
 9.084250e+002  4.863593e-005
 9.090437e+002  5.865628e-005
 9.096625e+002  7.170641e-005
 9.102812e+002  7.111771e-005
 9.109000e+002  6.405461e-005
 9.115187e+002  6.990516e-005
 9.121375e+002  7.218552e-005
 9.127562e+002  7.691105e-005
 9.133750e+002  6.922354e-005
 9.139937e+002  6.254515e-005
 9.146125e+002  5.543628e-005
 9.152312e+002  6.053795e-005
 9.158500e+002  6.705587e-005
 9.164687e+002  8.112836e-005
 9.170875e+002  6.784086e-005
 9.177062e+002  6.805389e-005
 9.183250e+002  6.204237e-005
 9.189437e+002  6.000600e-005
 9.195625e+002  6.441863e-005
 9.201812e+002  6.640801e-005
 9.208000e+002  6.544358e-005
 9.214187e+002  6.160103e-005
 9.220375e+002  4.903815e-005
 9.226562e+002  5.862170e-005
 9.232750e+002  7.196731e-005
 9.238937e+002  6.674188e-005
 9.245125e+002  7.105506e-005
 9.251312e+002  6.433357e-005
 9.257500e+002  6.016405e-005
 9.263687e+002  6.927010e-005
 9.269875e+002  7.125365e-005
 9.276062e+002  7.075959e-005
 9.282250e+002  6.174965e-005
 9.288437e+002  6.289829e-005
 9.294625e+002  5.502645e-005
 9.300812e+002  5.138619e-005
 9.307000e+002  6.257993e-005
 9.313187e+002  7.065759e-005
 9.319375e+002  7.215383e-005
 9.325562e+002  7.067231e-005
 9.331750e+002  5.776791e-005
 9.337937e+002  5.170243e-005
 9.344125e+002  5.868319e-005
 9.350312e+002  6.633106e-005
 9.356500e+002  6.109217e-005
 9.362687e+002  7.268925e-005
 9.368875e+002  5.767691e-005
 9.375062e+002  6.236694e-005
 9.381250e+002  5.985134e-005
 9.387437e+002  5.857071e-005
 9.393625e+002  6.009409e-005
 9.399812e+002  6.692991e-005
 9.406000e+002  7.579564e-005
 9.412187e+002  7.858863e-005
 9.418375e+002  8.325839e-005
 9.424562e+002  7.255750e-005
 9.430750e+002  5.962951e-005
 9.436937e+002  7.714551e-005
 9.443125e+002  8.755638e-005
 9.449312e+002  8.008511e-005
 9.455500e+002  5.426244e-005
 9.461687e+002  5.537651e-005
 9.467875e+002  5.957327e-005
 9.474062e+002  6.838567e-005
 9.480250e+002  5.838382e-005
 9.486437e+002  5.471820e-005
 9.492625e+002  6.667120e-005
 9.498812e+002  6.947959e-005
 9.505000e+002  6.210295e-005
 9.511187e+002  6.513088e-005
 9.517375e+002  7.025764e-005
 9.523562e+002  5.938643e-005
 9.529750e+002  5.179305e-005
 9.535937e+002  4.617851e-005
 9.542125e+002  4.121353e-005
 9.548312e+002  4.494987e-005
 9.554500e+002  7.387907e-005
 9.560687e+002  8.089347e-005
 9.566875e+002  6.528046e-005
 9.573062e+002  6.955017e-005
 9.579250e+002  6.554464e-005
 9.585437e+002  5.344661e-005
 9.591625e+002  6.075242e-005
 9.597812e+002  6.872226e-005
 9.604000e+002  8.421967e-005
 9.610187e+002  7.577586e-005
 9.616375e+002  6.130634e-005
 9.622562e+002  7.424245e-005
 9.628750e+002  7.897922e-005
 9.634937e+002  6.372733e-005
 9.641125e+002  6.925754e-005
 9.647312e+002  7.616276e-005
 9.653500e+002  7.501993e-005
 9.659687e+002  6.804813e-005
 9.665875e+002  7.898577e-005
 9.672062e+002  5.892041e-005
 9.678250e+002  5.396240e-005
 9.684437e+002  6.098981e-005
 9.690625e+002  6.667904e-005
 9.696812e+002  6.230690e-005
 9.703000e+002  6.244939e-005
 9.709187e+002  7.098684e-005
 9.715375e+002  7.778986e-005
 9.721562e+002  8.136291e-005
 9.727750e+002  7.834387e-005
 9.733937e+002  7.924271e-005
 9.740125e+002  6.783267e-005
 9.746312e+002  7.423267e-005
 9.752500e+002  8.534062e-005
 9.758687e+002  7.850344e-005
 9.764875e+002  8.529241e-005
 9.771062e+002  6.816824e-005
 9.777250e+002  6.971996e-005
 9.783437e+002  6.259950e-005
 9.789625e+002  6.353778e-005
 9.795812e+002  6.300157e-005
 9.802000e+002  7.021851e-005
 9.808187e+002  6.686211e-005
 9.814375e+002  5.314022e-005
 9.820562e+002  5.442335e-005
 9.826750e+002  5.147453e-005
 9.832937e+002  5.614188e-005
 9.839125e+002  4.478139e-005
 9.845312e+002  5.922962e-005
 9.851500e+002  7.175863e-005
 9.857687e+002  5.798674e-005
 9.863875e+002  5.929802e-005
 9.870062e+002  7.402678e-005
 9.876250e+002  5.695594e-005
 9.882437e+002  6.083186e-005
 9.888625e+002  6.195766e-005
 9.894812e+002  6.030331e-005
 9.901000e+002  6.350514e-005
 9.907187e+002  6.385516e-005
 9.913375e+002  6.364428e-005
 9.919562e+002  6.816550e-005
 9.925750e+002  7.157199e-005
 9.931937e+002  6.713173e-005
 9.938125e+002  6.433311e-005
 9.944312e+002  6.570801e-005
 9.950500e+002  4.998515e-005
 9.956687e+002  5.402449e-005
 9.962875e+002  5.654785e-005
 9.969062e+002  6.402479e-005
 9.975250e+002  8.102713e-005
 9.981437e+002  7.501886e-005
 9.987625e+002  6.607530e-005
 9.993812e+002  6.287478e-005
 1.000000e+003  7.471725e-005
