 1.000000e+001  1.609668e-004
 1.061875e+001  1.444779e-004
 1.123750e+001  1.483536e-004
 1.185625e+001  1.660493e-004
 1.247500e+001  1.427998e-004
 1.309375e+001  1.404359e-004
 1.371250e+001  1.307195e-004
 1.433125e+001  1.162787e-004
 1.495000e+001  1.259068e-004
 1.556875e+001  1.037480e-004
 1.618750e+001  9.957561e-005
 1.680625e+001  9.293112e-005
 1.742500e+001  1.052677e-004
 1.804375e+001  1.081984e-004
 1.866250e+001  1.068323e-004
 1.928125e+001  9.056079e-005
 1.990000e+001  9.971829e-005
 2.051875e+001  1.108163e-004
 2.113750e+001  1.165786e-004
 2.175625e+001  8.880048e-005
 2.237500e+001  8.171454e-005
 2.299375e+001  1.033898e-004
 2.361250e+001  1.206795e-004
 2.423125e+001  1.214286e-004
 2.485000e+001  1.037948e-004
 2.546875e+001  1.121245e-004
 2.608750e+001  1.121132e-004
 2.670625e+001  1.056167e-004
 2.732500e+001  9.470446e-005
 2.794375e+001  7.157313e-005
 2.856250e+001  7.902733e-005
 2.918125e+001  7.488932e-005
 2.980000e+001  8.060696e-005
 3.041875e+001  1.009271e-004
 3.103750e+001  1.095285e-004
 3.165625e+001  9.224706e-005
 3.227500e+001  9.243440e-005
 3.289375e+001  9.451008e-005
 3.351250e+001  9.336059e-005
 3.413125e+001  8.329491e-005
 3.475000e+001  9.454962e-005
 3.536875e+001  1.012231e-004
 3.598750e+001  1.072612e-004
 3.660625e+001  1.051323e-004
 3.722500e+001  9.072241e-005
 3.784375e+001  1.030115e-004
 3.846250e+001  9.002829e-005
 3.908125e+001  7.805442e-005
 3.970000e+001  8.092662e-005
 4.031875e+001  7.655306e-005
 4.093750e+001  7.729578e-005
 4.155625e+001  7.987536e-005
 4.217500e+001  8.196316e-005
 4.279375e+001  8.813415e-005
 4.341250e+001  9.790344e-005
 4.403125e+001  1.007870e-004
 4.465000e+001  9.780230e-005
 4.526875e+001  9.157603e-005
 4.588750e+001  7.028267e-005
 4.650625e+001  8.035676e-005
 4.712500e+001  9.462984e-005
 4.774375e+001  8.860398e-005
 4.836250e+001  6.952253e-005
 4.898125e+001  9.783850e-005
 4.960000e+001  5.170822e-004
 5.021875e+001  6.141873e-004
 5.083750e+001  1.861783e-004
 5.145625e+001  7.741007e-005
 5.207500e+001  7.758724e-005
 5.269375e+001  9.468437e-005
 5.331250e+001  9.389361e-005
 5.393125e+001  7.341791e-005
 5.455000e+001  8.743592e-005
 5.516875e+001  9.585309e-005
 5.578750e+001  9.004865e-005
 5.640625e+001  8.650135e-005
 5.702500e+001  8.798877e-005
 5.764375e+001  7.301660e-005
 5.826250e+001  8.521657e-005
 5.888125e+001  8.087865e-005
 5.950000e+001  6.972147e-005
 6.011875e+001  6.096331e-005
 6.073750e+001  6.420528e-005
 6.135625e+001  6.429234e-005
 6.197500e+001  8.197767e-005
 6.259375e+001  8.636262e-005
 6.321250e+001  7.700475e-005
 6.383125e+001  9.249274e-005
 6.445000e+001  9.623819e-005
 6.506875e+001  1.034216e-004
 6.568750e+001  1.097148e-004
 6.630625e+001  1.012997e-004
 6.692500e+001  1.063250e-004
 6.754375e+001  8.802511e-005
 6.816250e+001  8.662976e-005
 6.878125e+001  7.266185e-005
 6.940000e+001  6.676363e-005
 7.001875e+001  7.573057e-005
 7.063750e+001  8.568672e-005
 7.125625e+001  8.889607e-005
 7.187500e+001  8.596553e-005
 7.249375e+001  8.387807e-005
 7.311250e+001  8.900119e-005
 7.373125e+001  7.574470e-005
 7.435000e+001  5.494431e-005
 7.496875e+001  6.474531e-005
 7.558750e+001  7.551023e-005
 7.620625e+001  8.029407e-005
 7.682500e+001  7.969978e-005
 7.744375e+001  7.730134e-005
 7.806250e+001  7.606097e-005
 7.868125e+001  8.597971e-005
 7.930000e+001  6.650760e-005
 7.991875e+001  7.089414e-005
 8.053750e+001  6.974264e-005
 8.115625e+001  6.296203e-005
 8.177500e+001  7.567598e-005
 8.239375e+001  7.531501e-005
 8.301250e+001  6.620887e-005
 8.363125e+001  7.165088e-005
 8.425000e+001  7.026992e-005
 8.486875e+001  7.416167e-005
 8.548750e+001  7.103252e-005
 8.610625e+001  7.216915e-005
 8.672500e+001  7.824612e-005
 8.734375e+001  7.237874e-005
 8.796250e+001  8.120223e-005
 8.858125e+001  6.581691e-005
 8.920000e+001  7.000168e-005
 8.981875e+001  7.826121e-005
 9.043750e+001  8.560454e-005
 9.105625e+001  7.774006e-005
 9.167500e+001  5.744597e-005
 9.229375e+001  6.793539e-005
 9.291250e+001  8.628734e-005
 9.353125e+001  7.793031e-005
 9.415000e+001  7.620266e-005
 9.476875e+001  6.595836e-005
 9.538750e+001  8.658677e-005
 9.600625e+001  8.366389e-005
 9.662500e+001  8.970862e-005
 9.724375e+001  1.019575e-004
 9.786250e+001  7.993028e-005
 9.848125e+001  5.188734e-005
 9.910000e+001  6.707448e-005
 9.971875e+001  9.267371e-005
 1.003375e+002  1.028662e-004
 1.009563e+002  8.919626e-005
 1.015750e+002  6.875997e-005
 1.021938e+002  6.373145e-005
 1.028125e+002  5.748397e-005
 1.034313e+002  8.273749e-005
 1.040500e+002  8.887065e-005
 1.046688e+002  7.387839e-005
 1.052875e+002  8.358032e-005
 1.059063e+002  6.844322e-005
 1.065250e+002  6.016348e-005
 1.071438e+002  7.613846e-005
 1.077625e+002  7.750063e-005
 1.083813e+002  7.649234e-005
 1.090000e+002  8.438658e-005
 1.096188e+002  7.170323e-005
 1.102375e+002  6.362576e-005
 1.108563e+002  8.423453e-005
 1.114750e+002  7.641197e-005
 1.120938e+002  7.433295e-005
 1.127125e+002  7.071738e-005
 1.133313e+002  6.315425e-005
 1.139500e+002  7.841617e-005
 1.145688e+002  8.055172e-005
 1.151875e+002  6.761528e-005
 1.158063e+002  8.603637e-005
 1.164250e+002  1.037749e-004
 1.170438e+002  7.896077e-005
 1.176625e+002  5.284482e-005
 1.182813e+002  7.640733e-005
 1.189000e+002  7.040063e-005
 1.195188e+002  7.014603e-005
 1.201375e+002  7.630701e-005
 1.207563e+002  7.467289e-005
 1.213750e+002  8.184040e-005
 1.219938e+002  7.450424e-005
 1.226125e+002  6.983804e-005
 1.232313e+002  8.262317e-005
 1.238500e+002  7.761840e-005
 1.244688e+002  6.973285e-005
 1.250875e+002  7.418098e-005
 1.257063e+002  6.504794e-005
 1.263250e+002  6.673731e-005
 1.269438e+002  7.935765e-005
 1.275625e+002  5.130096e-005
 1.281813e+002  5.396583e-005
 1.288000e+002  7.858741e-005
 1.294188e+002  6.278286e-005
 1.300375e+002  6.659437e-005
 1.306563e+002  6.868719e-005
 1.312750e+002  6.030732e-005
 1.318938e+002  6.177515e-005
 1.325125e+002  5.558896e-005
 1.331313e+002  6.661023e-005
 1.337500e+002  6.722080e-005
 1.343688e+002  6.780395e-005
 1.349875e+002  6.749293e-005
 1.356063e+002  7.427941e-005
 1.362250e+002  7.895385e-005
 1.368438e+002  7.964023e-005
 1.374625e+002  6.888657e-005
 1.380813e+002  6.506231e-005
 1.387000e+002  7.180564e-005
 1.393188e+002  6.672440e-005
 1.399375e+002  8.638156e-005
 1.405563e+002  7.980696e-005
 1.411750e+002  6.873598e-005
 1.417938e+002  7.206342e-005
 1.424125e+002  7.880455e-005
 1.430313e+002  8.268542e-005
 1.436500e+002  7.528995e-005
 1.442688e+002  5.121396e-005
 1.448875e+002  6.443275e-005
 1.455063e+002  6.758655e-005
 1.461250e+002  6.110156e-005
 1.467438e+002  6.560359e-005
 1.473625e+002  7.343840e-005
 1.479813e+002  6.844097e-005
 1.486000e+002  7.132875e-005
 1.492188e+002  2.187887e-004
 1.498375e+002  5.778934e-004
 1.504563e+002  4.169638e-004
 1.510750e+002  8.386237e-005
 1.516938e+002  8.044018e-005
 1.523125e+002  8.488836e-005
 1.529313e+002  8.402290e-005
 1.535500e+002  9.189384e-005
 1.541688e+002  9.643452e-005
 1.547875e+002  8.463618e-005
 1.554063e+002  6.842094e-005
 1.560250e+002  5.942753e-005
 1.566438e+002  6.346270e-005
 1.572625e+002  7.567359e-005
 1.578813e+002  7.813590e-005
 1.585000e+002  7.542205e-005
 1.591188e+002  6.769501e-005
 1.597375e+002  6.031482e-005
 1.603563e+002  5.032284e-005
 1.609750e+002  7.257640e-005
 1.615938e+002  7.697723e-005
 1.622125e+002  6.791367e-005
 1.628313e+002  7.398127e-005
 1.634500e+002  7.938244e-005
 1.640688e+002  7.624203e-005
 1.646875e+002  6.302995e-005
 1.653063e+002  6.273996e-005
 1.659250e+002  7.421486e-005
 1.665438e+002  5.847701e-005
 1.671625e+002  5.841487e-005
 1.677813e+002  6.846479e-005
 1.684000e+002  6.860531e-005
 1.690188e+002  7.414501e-005
 1.696375e+002  7.306613e-005
 1.702563e+002  7.569152e-005
 1.708750e+002  7.193450e-005
 1.714938e+002  7.377284e-005
 1.721125e+002  6.318563e-005
 1.727313e+002  5.983320e-005
 1.733500e+002  6.245150e-005
 1.739688e+002  6.608946e-005
 1.745875e+002  6.925727e-005
 1.752063e+002  6.817862e-005
 1.758250e+002  6.752875e-005
 1.764438e+002  7.985233e-005
 1.770625e+002  8.853339e-005
 1.776813e+002  8.468588e-005
 1.783000e+002  8.580842e-005
 1.789188e+002  7.845359e-005
 1.795375e+002  7.649651e-005
 1.801563e+002  8.239079e-005
 1.807750e+002  7.215878e-005
 1.813938e+002  7.196397e-005
 1.820125e+002  8.386389e-005
 1.826313e+002  8.088145e-005
 1.832500e+002  7.507094e-005
 1.838688e+002  6.323521e-005
 1.844875e+002  7.229658e-005
 1.851063e+002  7.825107e-005
 1.857250e+002  7.883938e-005
 1.863438e+002  7.260857e-005
 1.869625e+002  6.845945e-005
 1.875813e+002  8.009027e-005
 1.882000e+002  7.181262e-005
 1.888188e+002  7.831216e-005
 1.894375e+002  7.765254e-005
 1.900563e+002  6.613245e-005
 1.906750e+002  5.616197e-005
 1.912938e+002  6.770686e-005
 1.919125e+002  7.755863e-005
 1.925313e+002  7.298146e-005
 1.931500e+002  8.116524e-005
 1.937688e+002  8.640246e-005
 1.943875e+002  7.527822e-005
 1.950063e+002  7.996101e-005
 1.956250e+002  7.003300e-005
 1.962438e+002  7.393365e-005
 1.968625e+002  7.768132e-005
 1.974813e+002  7.097550e-005
 1.981000e+002  6.526529e-005
 1.987188e+002  6.294095e-005
 1.993375e+002  7.092676e-005
 1.999563e+002  8.451596e-005
 2.005750e+002  8.749961e-005
 2.011938e+002  7.209815e-005
 2.018125e+002  6.854144e-005
 2.024313e+002  8.500162e-005
 2.030500e+002  8.576934e-005
 2.036688e+002  7.272181e-005
 2.042875e+002  6.176633e-005
 2.049063e+002  6.636042e-005
 2.055250e+002  6.876676e-005
 2.061438e+002  8.613194e-005
 2.067625e+002  9.164754e-005
 2.073813e+002  8.045630e-005
 2.080000e+002  6.335321e-005
 2.086188e+002  7.301462e-005
 2.092375e+002  7.704963e-005
 2.098563e+002  6.453095e-005
 2.104750e+002  7.314437e-005
 2.110938e+002  7.678342e-005
 2.117125e+002  6.601763e-005
 2.123313e+002  8.017706e-005
 2.129500e+002  6.513453e-005
 2.135688e+002  6.064640e-005
 2.141875e+002  6.638779e-005
 2.148063e+002  7.343700e-005
 2.154250e+002  5.802194e-005
 2.160438e+002  5.377917e-005
 2.166625e+002  5.789256e-005
 2.172813e+002  7.537221e-005
 2.179000e+002  8.486778e-005
 2.185188e+002  7.631220e-005
 2.191375e+002  8.750635e-005
 2.197563e+002  9.677034e-005
 2.203750e+002  7.178084e-005
 2.209938e+002  8.954903e-005
 2.216125e+002  7.989689e-005
 2.222313e+002  7.850615e-005
 2.228500e+002  7.554286e-005
 2.234688e+002  5.878984e-005
 2.240875e+002  4.939064e-005
 2.247063e+002  6.340496e-005
 2.253250e+002  9.134076e-005
 2.259438e+002  8.798111e-005
 2.265625e+002  8.552799e-005
 2.271813e+002  7.412879e-005
 2.278000e+002  7.231776e-005
 2.284188e+002  6.041431e-005
 2.290375e+002  5.852098e-005
 2.296563e+002  8.098797e-005
 2.302750e+002  7.760040e-005
 2.308938e+002  6.538411e-005
 2.315125e+002  6.747540e-005
 2.321313e+002  7.434109e-005
 2.327500e+002  5.688418e-005
 2.333688e+002  6.556539e-005
 2.339875e+002  8.870399e-005
 2.346063e+002  9.422133e-005
 2.352250e+002  6.310652e-005
 2.358438e+002  5.514037e-005
 2.364625e+002  6.016841e-005
 2.370813e+002  7.112393e-005
 2.377000e+002  7.643185e-005
 2.383188e+002  7.340948e-005
 2.389375e+002  6.091275e-005
 2.395563e+002  5.654843e-005
 2.401750e+002  5.073828e-005
 2.407938e+002  7.702679e-005
 2.414125e+002  7.745215e-005
 2.420313e+002  7.034427e-005
 2.426500e+002  7.172001e-005
 2.432688e+002  7.822905e-005
 2.438875e+002  6.337181e-005
 2.445063e+002  6.274383e-005
 2.451250e+002  7.368535e-005
 2.457438e+002  6.142204e-005
 2.463625e+002  6.083636e-005
 2.469813e+002  7.877033e-005
 2.476000e+002  7.550147e-005
 2.482188e+002  7.318629e-005
 2.488375e+002  6.290602e-005
 2.494563e+002  1.944717e-004
 2.500750e+002  2.975990e-004
 2.506938e+002  1.300756e-004
 2.513125e+002  6.438910e-005
 2.519313e+002  8.602299e-005
 2.525500e+002  8.510806e-005
 2.531688e+002  7.357534e-005
 2.537875e+002  7.857796e-005
 2.544063e+002  7.223849e-005
 2.550250e+002  6.037063e-005
 2.556438e+002  7.343208e-005
 2.562625e+002  6.936793e-005
 2.568813e+002  7.392685e-005
 2.575000e+002  7.526236e-005
 2.581188e+002  7.700645e-005
 2.587375e+002  7.930313e-005
 2.593563e+002  7.562652e-005
 2.599750e+002  8.228841e-005
 2.605938e+002  7.172432e-005
 2.612125e+002  6.322237e-005
 2.618313e+002  5.855578e-005
 2.624500e+002  6.537989e-005
 2.630688e+002  8.023848e-005
 2.636875e+002  7.116016e-005
 2.643063e+002  7.122683e-005
 2.649250e+002  7.174754e-005
 2.655438e+002  7.860991e-005
 2.661625e+002  7.598837e-005
 2.667813e+002  8.152237e-005
 2.674000e+002  6.971083e-005
 2.680188e+002  6.388879e-005
 2.686375e+002  7.735844e-005
 2.692563e+002  7.282793e-005
 2.698750e+002  8.247833e-005
 2.704938e+002  8.217791e-005
 2.711125e+002  8.361430e-005
 2.717313e+002  7.639449e-005
 2.723500e+002  7.729545e-005
 2.729688e+002  7.763466e-005
 2.735875e+002  6.150251e-005
 2.742063e+002  6.107566e-005
 2.748250e+002  7.332835e-005
 2.754438e+002  7.355721e-005
 2.760625e+002  7.580622e-005
 2.766813e+002  7.693360e-005
 2.773000e+002  7.711439e-005
 2.779188e+002  6.940509e-005
 2.785375e+002  6.947211e-005
 2.791563e+002  6.441590e-005
 2.797750e+002  6.359037e-005
 2.803938e+002  8.121496e-005
 2.810125e+002  8.086386e-005
 2.816313e+002  7.463765e-005
 2.822500e+002  7.528226e-005
 2.828688e+002  6.274749e-005
 2.834875e+002  6.593063e-005
 2.841063e+002  7.403490e-005
 2.847250e+002  7.588273e-005
 2.853438e+002  7.789133e-005
 2.859625e+002  7.556286e-005
 2.865813e+002  8.722280e-005
 2.872000e+002  7.460618e-005
 2.878188e+002  7.345258e-005
 2.884375e+002  6.811190e-005
 2.890563e+002  7.832257e-005
 2.896750e+002  7.636748e-005
 2.902938e+002  7.046077e-005
 2.909125e+002  6.422924e-005
 2.915313e+002  6.284049e-005
 2.921500e+002  6.717209e-005
 2.927688e+002  7.388574e-005
 2.933875e+002  6.155897e-005
 2.940063e+002  6.701250e-005
 2.946250e+002  6.607016e-005
 2.952438e+002  5.893883e-005
 2.958625e+002  6.174816e-005
 2.964813e+002  6.820927e-005
 2.971000e+002  7.610678e-005
 2.977188e+002  7.372807e-005
 2.983375e+002  7.573877e-005
 2.989563e+002  7.514027e-005
 2.995750e+002  7.140708e-005
 3.001938e+002  8.403566e-005
 3.008125e+002  6.256647e-005
 3.014313e+002  6.199894e-005
 3.020500e+002  6.988519e-005
 3.026688e+002  8.119759e-005
 3.032875e+002  8.569965e-005
 3.039063e+002  8.116492e-005
 3.045250e+002  8.173326e-005
 3.051438e+002  7.803994e-005
 3.057625e+002  8.380052e-005
 3.063813e+002  7.610328e-005
 3.070000e+002  7.044979e-005
 3.076188e+002  7.640011e-005
 3.082375e+002  7.751665e-005
 3.088563e+002  7.141350e-005
 3.094750e+002  6.596035e-005
 3.100938e+002  7.286263e-005
 3.107125e+002  7.076408e-005
 3.113313e+002  6.699273e-005
 3.119500e+002  6.446668e-005
 3.125688e+002  6.377206e-005
 3.131875e+002  8.595481e-005
 3.138063e+002  9.227730e-005
 3.144250e+002  9.345299e-005
 3.150437e+002  1.018048e-004
 3.156625e+002  8.122829e-005
 3.162812e+002  6.377996e-005
 3.169000e+002  6.829222e-005
 3.175187e+002  6.927011e-005
 3.181375e+002  8.137609e-005
 3.187562e+002  9.043384e-005
 3.193750e+002  6.294742e-005
 3.199937e+002  6.587440e-005
 3.206125e+002  6.669340e-005
 3.212312e+002  5.976659e-005
 3.218500e+002  6.882321e-005
 3.224687e+002  6.583222e-005
 3.230875e+002  5.869644e-005
 3.237062e+002  6.183861e-005
 3.243250e+002  7.071804e-005
 3.249437e+002  6.945477e-005
 3.255625e+002  6.992521e-005
 3.261812e+002  6.433461e-005
 3.268000e+002  6.924051e-005
 3.274187e+002  5.945858e-005
 3.280375e+002  6.876129e-005
 3.286562e+002  7.289253e-005
 3.292750e+002  8.563971e-005
 3.298937e+002  8.968154e-005
 3.305125e+002  7.884158e-005
 3.311312e+002  7.915463e-005
 3.317500e+002  6.117960e-005
 3.323687e+002  5.093777e-005
 3.329875e+002  7.090627e-005
 3.336062e+002  6.462745e-005
 3.342250e+002  6.615450e-005
 3.348437e+002  7.751567e-005
 3.354625e+002  6.971756e-005
 3.360812e+002  6.402879e-005
 3.367000e+002  7.063423e-005
 3.373187e+002  6.306654e-005
 3.379375e+002  5.637636e-005
 3.385562e+002  6.937942e-005
 3.391750e+002  7.949202e-005
 3.397937e+002  8.412318e-005
 3.404125e+002  7.479297e-005
 3.410312e+002  6.894026e-005
 3.416500e+002  5.763856e-005
 3.422687e+002  5.526364e-005
 3.428875e+002  6.804423e-005
 3.435062e+002  8.100608e-005
 3.441250e+002  8.001077e-005
 3.447437e+002  6.700658e-005
 3.453625e+002  4.885667e-005
 3.459812e+002  5.294423e-005
 3.466000e+002  6.252700e-005
 3.472187e+002  6.820828e-005
 3.478375e+002  6.546331e-005
 3.484562e+002  6.507551e-005
 3.490750e+002  5.788855e-005
 3.496937e+002  9.743051e-005
 3.503125e+002  1.036863e-004
 3.509312e+002  7.132590e-005
 3.515500e+002  7.089928e-005
 3.521687e+002  7.896280e-005
 3.527875e+002  7.048443e-005
 3.534062e+002  5.941603e-005
 3.540250e+002  6.447576e-005
 3.546437e+002  6.599432e-005
 3.552625e+002  7.109942e-005
 3.558812e+002  6.691568e-005
 3.565000e+002  5.264325e-005
 3.571187e+002  6.034820e-005
 3.577375e+002  6.921062e-005
 3.583562e+002  5.920572e-005
 3.589750e+002  6.826949e-005
 3.595937e+002  6.024838e-005
 3.602125e+002  6.958925e-005
 3.608312e+002  5.806724e-005
 3.614500e+002  6.540276e-005
 3.620687e+002  7.259484e-005
 3.626875e+002  7.748392e-005
 3.633062e+002  8.737155e-005
 3.639250e+002  7.563580e-005
 3.645437e+002  7.194625e-005
 3.651625e+002  7.357997e-005
 3.657812e+002  6.862090e-005
 3.664000e+002  6.196749e-005
 3.670187e+002  5.899448e-005
 3.676375e+002  5.883550e-005
 3.682562e+002  7.452521e-005
 3.688750e+002  7.435229e-005
 3.694937e+002  7.462604e-005
 3.701125e+002  7.878080e-005
 3.707312e+002  8.112460e-005
 3.713500e+002  7.824652e-005
 3.719687e+002  7.220237e-005
 3.725875e+002  7.055237e-005
 3.732062e+002  8.517169e-005
 3.738250e+002  7.304838e-005
 3.744437e+002  6.683879e-005
 3.750625e+002  6.779635e-005
 3.756812e+002  8.061716e-005
 3.763000e+002  7.891423e-005
 3.769187e+002  7.131141e-005
 3.775375e+002  5.524383e-005
 3.781562e+002  7.131120e-005
 3.787750e+002  7.770165e-005
 3.793937e+002  8.060883e-005
 3.800125e+002  7.640758e-005
 3.806312e+002  6.661571e-005
 3.812500e+002  5.908470e-005
 3.818687e+002  5.781705e-005
 3.824875e+002  6.192927e-005
 3.831062e+002  7.862575e-005
 3.837250e+002  8.046579e-005
 3.843437e+002  6.751904e-005
 3.849625e+002  8.139686e-005
 3.855812e+002  7.679140e-005
 3.862000e+002  6.107433e-005
 3.868187e+002  6.283419e-005
 3.874375e+002  7.564167e-005
 3.880562e+002  7.681537e-005
 3.886750e+002  6.389411e-005
 3.892937e+002  6.167957e-005
 3.899125e+002  6.260498e-005
 3.905312e+002  7.314378e-005
 3.911500e+002  7.656462e-005
 3.917687e+002  6.288382e-005
 3.923875e+002  7.140108e-005
 3.930062e+002  6.107621e-005
 3.936250e+002  6.781899e-005
 3.942437e+002  7.393744e-005
 3.948625e+002  5.628859e-005
 3.954812e+002  5.982471e-005
 3.961000e+002  7.793502e-005
 3.967187e+002  8.144731e-005
 3.973375e+002  6.117663e-005
 3.979562e+002  7.049166e-005
 3.985750e+002  7.995351e-005
 3.991937e+002  7.722910e-005
 3.998125e+002  6.736271e-005
 4.004312e+002  5.742471e-005
 4.010500e+002  6.270861e-005
 4.016687e+002  6.597058e-005
 4.022875e+002  6.846173e-005
 4.029062e+002  7.270803e-005
 4.035250e+002  7.760284e-005
 4.041437e+002  7.804487e-005
 4.047625e+002  7.188074e-005
 4.053812e+002  6.642055e-005
 4.060000e+002  5.714988e-005
 4.066187e+002  6.163575e-005
 4.072375e+002  6.485405e-005
 4.078562e+002  7.214579e-005
 4.084750e+002  6.707464e-005
 4.090937e+002  6.234535e-005
 4.097125e+002  5.485535e-005
 4.103312e+002  5.488954e-005
 4.109500e+002  8.310019e-005
 4.115687e+002  8.372144e-005
 4.121875e+002  6.654320e-005
 4.128062e+002  6.067077e-005
 4.134250e+002  6.297431e-005
 4.140437e+002  6.188850e-005
 4.146625e+002  6.985620e-005
 4.152812e+002  7.624124e-005
 4.159000e+002  6.655409e-005
 4.165187e+002  6.414644e-005
 4.171375e+002  6.723759e-005
 4.177562e+002  7.264152e-005
 4.183750e+002  5.497137e-005
 4.189937e+002  6.194409e-005
 4.196125e+002  6.130959e-005
 4.202312e+002  7.405600e-005
 4.208500e+002  7.205834e-005
 4.214687e+002  7.702730e-005
 4.220875e+002  6.290071e-005
 4.227062e+002  6.351726e-005
 4.233250e+002  6.064815e-005
 4.239437e+002  6.210216e-005
 4.245625e+002  6.282253e-005
 4.251812e+002  5.953887e-005
 4.258000e+002  6.884594e-005
 4.264187e+002  6.515734e-005
 4.270375e+002  5.166072e-005
 4.276562e+002  6.349206e-005
 4.282750e+002  7.130183e-005
 4.288937e+002  6.801368e-005
 4.295125e+002  6.335480e-005
 4.301312e+002  5.962428e-005
 4.307500e+002  5.830001e-005
 4.313687e+002  7.329351e-005
 4.319875e+002  7.826126e-005
 4.326062e+002  7.589848e-005
 4.332250e+002  6.753276e-005
 4.338437e+002  6.123522e-005
 4.344625e+002  6.413006e-005
 4.350812e+002  6.925553e-005
 4.357000e+002  7.207687e-005
 4.363187e+002  7.771183e-005
 4.369375e+002  7.265650e-005
 4.375562e+002  6.373624e-005
 4.381750e+002  6.752594e-005
 4.387937e+002  7.456639e-005
 4.394125e+002  6.730542e-005
 4.400312e+002  7.423348e-005
 4.406500e+002  8.148909e-005
 4.412687e+002  8.726218e-005
 4.418875e+002  7.743478e-005
 4.425062e+002  6.088150e-005
 4.431250e+002  6.577155e-005
 4.437437e+002  6.905341e-005
 4.443625e+002  5.966707e-005
 4.449812e+002  6.166618e-005
 4.456000e+002  7.938769e-005
 4.462187e+002  7.523001e-005
 4.468375e+002  6.852992e-005
 4.474562e+002  5.816313e-005
 4.480750e+002  8.852952e-005
 4.486937e+002  7.586816e-005
 4.493125e+002  8.952340e-005
 4.499312e+002  1.287467e-004
 4.505500e+002  9.103369e-005
 4.511687e+002  5.363921e-005
 4.517875e+002  5.822917e-005
 4.524062e+002  5.400750e-005
 4.530250e+002  6.457503e-005
 4.536437e+002  8.065126e-005
 4.542625e+002  9.127065e-005
 4.548812e+002  7.493954e-005
 4.555000e+002  7.924815e-005
 4.561187e+002  5.576526e-005
 4.567375e+002  5.019898e-005
 4.573562e+002  6.112313e-005
 4.579750e+002  7.068951e-005
 4.585937e+002  6.504924e-005
 4.592125e+002  6.571738e-005
 4.598312e+002  5.982814e-005
 4.604500e+002  6.465233e-005
 4.610687e+002  8.037982e-005
 4.616875e+002  7.943395e-005
 4.623062e+002  8.210945e-005
 4.629250e+002  6.766673e-005
 4.635437e+002  7.058111e-005
 4.641625e+002  6.579574e-005
 4.647812e+002  7.341408e-005
 4.654000e+002  6.522667e-005
 4.660187e+002  6.462849e-005
 4.666375e+002  6.045310e-005
 4.672562e+002  6.320738e-005
 4.678750e+002  6.374269e-005
 4.684937e+002  7.464431e-005
 4.691125e+002  8.678329e-005
 4.697312e+002  6.918680e-005
 4.703500e+002  7.202666e-005
 4.709687e+002  5.687795e-005
 4.715875e+002  7.579277e-005
 4.722062e+002  8.604647e-005
 4.728250e+002  6.335418e-005
 4.734437e+002  8.114909e-005
 4.740625e+002  8.465828e-005
 4.746812e+002  7.334620e-005
 4.753000e+002  8.082927e-005
 4.759187e+002  6.373181e-005
 4.765375e+002  6.291550e-005
 4.771562e+002  7.321298e-005
 4.777750e+002  8.336924e-005
 4.783937e+002  7.489440e-005
 4.790125e+002  7.078515e-005
 4.796312e+002  6.160694e-005
 4.802500e+002  7.955094e-005
 4.808687e+002  7.351179e-005
 4.814875e+002  5.997571e-005
 4.821062e+002  6.108369e-005
 4.827250e+002  7.192159e-005
 4.833437e+002  6.969807e-005
 4.839625e+002  7.396504e-005
 4.845812e+002  8.601110e-005
 4.852000e+002  6.032502e-005
 4.858187e+002  4.469500e-005
 4.864375e+002  6.573601e-005
 4.870562e+002  1.039394e-004
 4.876750e+002  8.450206e-005
 4.882937e+002  6.811108e-005
 4.889125e+002  8.057848e-005
 4.895312e+002  8.310195e-005
 4.901500e+002  7.303297e-005
 4.907687e+002  5.919101e-005
 4.913875e+002  5.526312e-005
 4.920062e+002  7.095438e-005
 4.926250e+002  7.154570e-005
 4.932437e+002  7.346686e-005
 4.938625e+002  6.975512e-005
 4.944812e+002  7.968704e-005
 4.951000e+002  6.168343e-005
 4.957187e+002  5.896563e-005
 4.963375e+002  6.333078e-005
 4.969562e+002  6.870450e-005
 4.975750e+002  7.451945e-005
 4.981937e+002  6.531037e-005
 4.988125e+002  6.046018e-005
 4.994312e+002  6.350554e-005
 5.000500e+002  5.289627e-005
 5.006687e+002  6.310514e-005
 5.012875e+002  7.104787e-005
 5.019062e+002  6.345798e-005
 5.025250e+002  5.618524e-005
 5.031437e+002  6.305083e-005
 5.037625e+002  7.043557e-005
 5.043812e+002  7.442973e-005
 5.050000e+002  7.572198e-005
 5.056187e+002  6.684031e-005
 5.062375e+002  6.696672e-005
 5.068562e+002  6.055355e-005
 5.074750e+002  6.373174e-005
 5.080937e+002  6.029088e-005
 5.087125e+002  6.014107e-005
 5.093312e+002  6.796625e-005
 5.099500e+002  9.003530e-005
 5.105687e+002  8.695010e-005
 5.111875e+002  6.835315e-005
 5.118062e+002  7.556916e-005
 5.124250e+002  6.130481e-005
 5.130437e+002  4.894265e-005
 5.136625e+002  6.300445e-005
 5.142812e+002  7.690456e-005
 5.149000e+002  7.304138e-005
 5.155187e+002  8.433944e-005
 5.161375e+002  8.521912e-005
 5.167562e+002  7.203855e-005
 5.173750e+002  5.760292e-005
 5.179937e+002  6.646003e-005
 5.186125e+002  7.395773e-005
 5.192312e+002  6.281548e-005
 5.198500e+002  5.839549e-005
 5.204687e+002  6.589686e-005
 5.210875e+002  6.598172e-005
 5.217062e+002  5.883062e-005
 5.223250e+002  6.605359e-005
 5.229437e+002  6.434040e-005
 5.235625e+002  6.521510e-005
 5.241812e+002  5.953640e-005
 5.248000e+002  6.307002e-005
 5.254187e+002  6.531178e-005
 5.260375e+002  6.832445e-005
 5.266562e+002  7.791908e-005
 5.272750e+002  8.208214e-005
 5.278937e+002  8.482511e-005
 5.285125e+002  7.512530e-005
 5.291312e+002  6.334117e-005
 5.297500e+002  6.152130e-005
 5.303687e+002  6.769749e-005
 5.309875e+002  6.612535e-005
 5.316062e+002  5.485608e-005
 5.322250e+002  4.917575e-005
 5.328437e+002  5.964905e-005
 5.334625e+002  6.697749e-005
 5.340812e+002  5.728014e-005
 5.347000e+002  6.400228e-005
 5.353187e+002  6.428553e-005
 5.359375e+002  7.356142e-005
 5.365562e+002  7.382128e-005
 5.371750e+002  5.796201e-005
 5.377937e+002  5.836748e-005
 5.384125e+002  6.960323e-005
 5.390312e+002  8.170214e-005
 5.396500e+002  7.693514e-005
 5.402687e+002  5.461252e-005
 5.408875e+002  6.214167e-005
 5.415062e+002  6.435305e-005
 5.421250e+002  6.141126e-005
 5.427437e+002  6.290027e-005
 5.433625e+002  5.508594e-005
 5.439812e+002  5.399402e-005
 5.446000e+002  5.897441e-005
 5.452187e+002  7.300832e-005
 5.458375e+002  6.867795e-005
 5.464562e+002  7.311070e-005
 5.470750e+002  7.365290e-005
 5.476937e+002  5.952819e-005
 5.483125e+002  5.221643e-005
 5.489312e+002  6.352647e-005
 5.495500e+002  8.396433e-005
 5.501687e+002  7.625051e-005
 5.507875e+002  6.941799e-005
 5.514062e+002  5.937855e-005
 5.520250e+002  4.590085e-005
 5.526437e+002  5.099631e-005
 5.532625e+002  5.539958e-005
 5.538812e+002  7.009698e-005
 5.545000e+002  6.940125e-005
 5.551187e+002  7.259643e-005
 5.557375e+002  6.963506e-005
 5.563562e+002  6.779203e-005
 5.569750e+002  6.451825e-005
 5.575937e+002  7.256240e-005
 5.582125e+002  7.377340e-005
 5.588312e+002  6.423138e-005
 5.594500e+002  5.797289e-005
 5.600687e+002  6.025552e-005
 5.606875e+002  5.507713e-005
 5.613062e+002  5.785085e-005
 5.619250e+002  7.539487e-005
 5.625437e+002  7.106454e-005
 5.631625e+002  7.468359e-005
 5.637812e+002  7.339618e-005
 5.644000e+002  5.883372e-005
 5.650187e+002  6.601796e-005
 5.656375e+002  6.302332e-005
 5.662562e+002  7.041091e-005
 5.668750e+002  9.209846e-005
 5.674937e+002  7.311061e-005
 5.681125e+002  6.419870e-005
 5.687312e+002  6.940029e-005
 5.693500e+002  7.365318e-005
 5.699687e+002  7.390766e-005
 5.705875e+002  7.120182e-005
 5.712062e+002  6.820390e-005
 5.718250e+002  6.526294e-005
 5.724437e+002  6.470502e-005
 5.730625e+002  5.514218e-005
 5.736812e+002  5.075065e-005
 5.743000e+002  7.178252e-005
 5.749187e+002  5.788950e-005
 5.755375e+002  5.592350e-005
 5.761562e+002  6.949963e-005
 5.767750e+002  6.233647e-005
 5.773937e+002  6.657495e-005
 5.780125e+002  6.812151e-005
 5.786312e+002  7.135056e-005
 5.792500e+002  6.145707e-005
 5.798687e+002  7.513717e-005
 5.804875e+002  8.154991e-005
 5.811062e+002  6.906661e-005
 5.817250e+002  6.810502e-005
 5.823437e+002  6.245131e-005
 5.829625e+002  5.179032e-005
 5.835812e+002  6.366327e-005
 5.842000e+002  7.630409e-005
 5.848187e+002  8.414527e-005
 5.854375e+002  6.654337e-005
 5.860562e+002  6.411825e-005
 5.866750e+002  6.982628e-005
 5.872937e+002  8.095649e-005
 5.879125e+002  8.430905e-005
 5.885312e+002  6.225062e-005
 5.891500e+002  5.614092e-005
 5.897687e+002  6.573792e-005
 5.903875e+002  7.192056e-005
 5.910062e+002  6.663314e-005
 5.916250e+002  6.375291e-005
 5.922437e+002  6.122888e-005
 5.928625e+002  5.674864e-005
 5.934812e+002  5.672265e-005
 5.941000e+002  4.756059e-005
 5.947187e+002  6.605075e-005
 5.953375e+002  5.669960e-005
 5.959562e+002  6.157584e-005
 5.965750e+002  5.004765e-005
 5.971937e+002  7.284891e-005
 5.978125e+002  8.337613e-005
 5.984312e+002  6.927252e-005
 5.990500e+002  6.438648e-005
 5.996687e+002  6.834725e-005
 6.002875e+002  7.274135e-005
 6.009062e+002  7.001640e-005
 6.015250e+002  6.139811e-005
 6.021437e+002  5.804453e-005
 6.027625e+002  5.508114e-005
 6.033812e+002  7.216932e-005
 6.040000e+002  5.877903e-005
 6.046187e+002  7.442713e-005
 6.052375e+002  7.970273e-005
 6.058562e+002  5.926453e-005
 6.064750e+002  7.691787e-005
 6.070937e+002  8.375456e-005
 6.077125e+002  6.869462e-005
 6.083312e+002  5.778207e-005
 6.089500e+002  6.540587e-005
 6.095687e+002  6.283802e-005
 6.101875e+002  5.995050e-005
 6.108062e+002  6.070240e-005
 6.114250e+002  5.785566e-005
 6.120437e+002  6.299047e-005
 6.126625e+002  8.116113e-005
 6.132812e+002  8.209584e-005
 6.139000e+002  7.237219e-005
 6.145187e+002  7.045313e-005
 6.151375e+002  6.127762e-005
 6.157562e+002  6.010867e-005
 6.163750e+002  5.486952e-005
 6.169937e+002  6.119282e-005
 6.176125e+002  7.561047e-005
 6.182312e+002  7.626192e-005
 6.188500e+002  7.936675e-005
 6.194687e+002  8.092876e-005
 6.200875e+002  7.678871e-005
 6.207062e+002  7.541985e-005
 6.213250e+002  5.451752e-005
 6.219437e+002  4.216464e-005
 6.225625e+002  4.947409e-005
 6.231812e+002  6.771191e-005
 6.238000e+002  7.328900e-005
 6.244187e+002  6.753360e-005
 6.250375e+002  5.909813e-005
 6.256562e+002  6.524848e-005
 6.262750e+002  6.404274e-005
 6.268937e+002  8.325372e-005
 6.275125e+002  7.016522e-005
 6.281312e+002  5.760365e-005
 6.287500e+002  5.823779e-005
 6.293687e+002  5.799140e-005
 6.299875e+002  6.646494e-005
 6.306062e+002  6.803462e-005
 6.312250e+002  5.950283e-005
 6.318437e+002  6.497415e-005
 6.324625e+002  6.420983e-005
 6.330812e+002  7.315123e-005
 6.337000e+002  8.039988e-005
 6.343187e+002  7.209297e-005
 6.349375e+002  6.643269e-005
 6.355562e+002  4.812115e-005
 6.361750e+002  5.385954e-005
 6.367937e+002  6.748847e-005
 6.374125e+002  6.725002e-005
 6.380312e+002  7.178383e-005
 6.386500e+002  6.920480e-005
 6.392687e+002  6.772350e-005
 6.398875e+002  6.071077e-005
 6.405062e+002  7.052117e-005
 6.411250e+002  8.053027e-005
 6.417437e+002  7.408180e-005
 6.423625e+002  7.462216e-005
 6.429812e+002  7.229688e-005
 6.436000e+002  7.253991e-005
 6.442187e+002  8.163573e-005
 6.448375e+002  8.952538e-005
 6.454562e+002  7.373427e-005
 6.460750e+002  7.158317e-005
 6.466937e+002  9.180838e-005
 6.473125e+002  6.404304e-005
 6.479312e+002  5.789704e-005
 6.485500e+002  7.744457e-005
 6.491687e+002  7.689974e-005
 6.497875e+002  6.807106e-005
 6.504062e+002  5.660477e-005
 6.510250e+002  6.352396e-005
 6.516437e+002  7.626487e-005
 6.522625e+002  7.351357e-005
 6.528812e+002  7.449500e-005
 6.535000e+002  7.933569e-005
 6.541187e+002  7.808423e-005
 6.547375e+002  5.652351e-005
 6.553562e+002  6.798401e-005
 6.559750e+002  7.768842e-005
 6.565937e+002  8.016325e-005
 6.572125e+002  8.616588e-005
 6.578312e+002  8.307246e-005
 6.584500e+002  8.868451e-005
 6.590687e+002  8.941963e-005
 6.596875e+002  9.198712e-005
 6.603062e+002  7.382679e-005
 6.609250e+002  5.069352e-005
 6.615437e+002  6.103179e-005
 6.621625e+002  7.847306e-005
 6.627812e+002  7.143085e-005
 6.634000e+002  8.361820e-005
 6.640187e+002  7.527931e-005
 6.646375e+002  5.742424e-005
 6.652562e+002  8.405056e-005
 6.658750e+002  7.411576e-005
 6.664937e+002  7.034519e-005
 6.671125e+002  7.059593e-005
 6.677312e+002  7.189286e-005
 6.683500e+002  6.106435e-005
 6.689687e+002  6.433826e-005
 6.695875e+002  7.531851e-005
 6.702062e+002  6.837506e-005
 6.708250e+002  8.860898e-005
 6.714437e+002  8.579921e-005
 6.720625e+002  6.731675e-005
 6.726812e+002  7.183470e-005
 6.733000e+002  5.858559e-005
 6.739187e+002  6.397668e-005
 6.745375e+002  6.568882e-005
 6.751562e+002  8.402884e-005
 6.757750e+002  6.790873e-005
 6.763937e+002  6.540541e-005
 6.770125e+002  6.652960e-005
 6.776312e+002  6.705395e-005
 6.782500e+002  7.530737e-005
 6.788687e+002  7.932860e-005
 6.794875e+002  6.341243e-005
 6.801062e+002  5.566430e-005
 6.807250e+002  6.043299e-005
 6.813437e+002  7.589976e-005
 6.819625e+002  7.978296e-005
 6.825812e+002  8.465126e-005
 6.832000e+002  7.073023e-005
 6.838187e+002  7.823686e-005
 6.844375e+002  9.170608e-005
 6.850562e+002  7.640810e-005
 6.856750e+002  6.821092e-005
 6.862937e+002  4.757040e-005
 6.869125e+002  5.572102e-005
 6.875312e+002  6.122848e-005
 6.881500e+002  5.541268e-005
 6.887687e+002  6.808483e-005
 6.893875e+002  6.979288e-005
 6.900062e+002  7.884791e-005
 6.906250e+002  7.895536e-005
 6.912437e+002  7.066938e-005
 6.918625e+002  5.694212e-005
 6.924812e+002  5.892694e-005
 6.931000e+002  7.701576e-005
 6.937187e+002  8.673399e-005
 6.943375e+002  6.725351e-005
 6.949562e+002  5.502125e-005
 6.955750e+002  7.277773e-005
 6.961937e+002  6.532280e-005
 6.968125e+002  4.874344e-005
 6.974312e+002  6.003660e-005
 6.980500e+002  6.841909e-005
 6.986687e+002  7.259132e-005
 6.992875e+002  6.147872e-005
 6.999062e+002  6.727474e-005
 7.005250e+002  6.915984e-005
 7.011437e+002  7.224229e-005
 7.017625e+002  7.623163e-005
 7.023812e+002  7.886482e-005
 7.030000e+002  7.322693e-005
 7.036187e+002  6.044771e-005
 7.042375e+002  7.384951e-005
 7.048562e+002  8.580855e-005
 7.054750e+002  7.278532e-005
 7.060937e+002  8.192485e-005
 7.067125e+002  7.327604e-005
 7.073312e+002  6.435870e-005
 7.079500e+002  7.628879e-005
 7.085687e+002  5.895544e-005
 7.091875e+002  6.364910e-005
 7.098062e+002  6.712297e-005
 7.104250e+002  6.495860e-005
 7.110437e+002  6.266296e-005
 7.116625e+002  6.630565e-005
 7.122812e+002  6.476975e-005
 7.129000e+002  7.459260e-005
 7.135187e+002  8.344892e-005
 7.141375e+002  8.583087e-005
 7.147562e+002  7.698292e-005
 7.153750e+002  8.941765e-005
 7.159937e+002  7.652722e-005
 7.166125e+002  7.721841e-005
 7.172312e+002  6.798366e-005
 7.178500e+002  5.597452e-005
 7.184687e+002  6.210206e-005
 7.190875e+002  7.192147e-005
 7.197062e+002  7.151033e-005
 7.203250e+002  5.714978e-005
 7.209437e+002  5.888534e-005
 7.215625e+002  6.258988e-005
 7.221812e+002  6.054904e-005
 7.228000e+002  6.729237e-005
 7.234187e+002  6.350225e-005
 7.240375e+002  7.434637e-005
 7.246562e+002  6.895773e-005
 7.252750e+002  5.266231e-005
 7.258937e+002  5.470315e-005
 7.265125e+002  7.364097e-005
 7.271312e+002  7.632474e-005
 7.277500e+002  7.989600e-005
 7.283687e+002  8.944925e-005
 7.289875e+002  6.716609e-005
 7.296062e+002  6.405608e-005
 7.302250e+002  8.772440e-005
 7.308437e+002  9.772506e-005
 7.314625e+002  7.673344e-005
 7.320812e+002  5.556049e-005
 7.327000e+002  7.026860e-005
 7.333187e+002  7.525805e-005
 7.339375e+002  7.393755e-005
 7.345562e+002  4.874772e-005
 7.351750e+002  4.956677e-005
 7.357937e+002  5.603398e-005
 7.364125e+002  7.363290e-005
 7.370312e+002  7.240013e-005
 7.376500e+002  4.950275e-005
 7.382687e+002  6.071742e-005
 7.388875e+002  7.379944e-005
 7.395062e+002  7.517248e-005
 7.401250e+002  6.972299e-005
 7.407437e+002  5.810568e-005
 7.413625e+002  5.549652e-005
 7.419812e+002  5.273525e-005
 7.426000e+002  6.899093e-005
 7.432187e+002  6.976049e-005
 7.438375e+002  5.794676e-005
 7.444562e+002  7.288248e-005
 7.450750e+002  7.494410e-005
 7.456937e+002  7.833001e-005
 7.463125e+002  6.679518e-005
 7.469312e+002  6.273956e-005
 7.475500e+002  6.035196e-005
 7.481687e+002  6.564453e-005
 7.487875e+002  7.858353e-005
 7.494062e+002  9.214814e-005
 7.500250e+002  9.625145e-005
 7.506437e+002  6.822280e-005
 7.512625e+002  5.614004e-005
 7.518812e+002  6.421165e-005
 7.525000e+002  7.955026e-005
 7.531187e+002  7.987471e-005
 7.537375e+002  8.520422e-005
 7.543562e+002  5.344762e-005
 7.549750e+002  5.260629e-005
 7.555937e+002  5.356591e-005
 7.562125e+002  4.907695e-005
 7.568312e+002  4.915001e-005
 7.574500e+002  6.672737e-005
 7.580687e+002  6.481968e-005
 7.586875e+002  7.847447e-005
 7.593062e+002  6.724586e-005
 7.599250e+002  4.946022e-005
 7.605437e+002  4.766291e-005
 7.611625e+002  4.572576e-005
 7.617812e+002  5.547448e-005
 7.624000e+002  6.595588e-005
 7.630187e+002  6.429345e-005
 7.636375e+002  6.026987e-005
 7.642562e+002  6.825466e-005
 7.648750e+002  7.180958e-005
 7.654937e+002  6.280446e-005
 7.661125e+002  7.482659e-005
 7.667312e+002  7.615009e-005
 7.673500e+002  6.852440e-005
 7.679687e+002  5.813285e-005
 7.685875e+002  7.098411e-005
 7.692062e+002  8.414375e-005
 7.698250e+002  7.465271e-005
 7.704437e+002  7.574929e-005
 7.710625e+002  6.768382e-005
 7.716812e+002  6.565499e-005
 7.723000e+002  7.646493e-005
 7.729187e+002  8.602022e-005
 7.735375e+002  8.161322e-005
 7.741562e+002  8.146833e-005
 7.747750e+002  5.759156e-005
 7.753937e+002  5.878167e-005
 7.760125e+002  7.783050e-005
 7.766312e+002  7.638148e-005
 7.772500e+002  5.634039e-005
 7.778687e+002  6.604426e-005
 7.784875e+002  7.491093e-005
 7.791062e+002  8.224517e-005
 7.797250e+002  7.166060e-005
 7.803437e+002  7.142995e-005
 7.809625e+002  9.535329e-005
 7.815812e+002  8.847745e-005
 7.822000e+002  7.665021e-005
 7.828187e+002  7.675874e-005
 7.834375e+002  8.218856e-005
 7.840562e+002  7.451926e-005
 7.846750e+002  6.314034e-005
 7.852937e+002  6.532566e-005
 7.859125e+002  6.902015e-005
 7.865312e+002  6.762055e-005
 7.871500e+002  6.349846e-005
 7.877687e+002  6.328481e-005
 7.883875e+002  7.642681e-005
 7.890062e+002  7.048455e-005
 7.896250e+002  5.713625e-005
 7.902437e+002  5.260915e-005
 7.908625e+002  6.402700e-005
 7.914812e+002  6.485451e-005
 7.921000e+002  6.755826e-005
 7.927187e+002  6.360585e-005
 7.933375e+002  7.291974e-005
 7.939562e+002  6.867048e-005
 7.945750e+002  4.889742e-005
 7.951937e+002  5.722419e-005
 7.958125e+002  7.064275e-005
 7.964312e+002  6.657238e-005
 7.970500e+002  6.503002e-005
 7.976687e+002  6.453881e-005
 7.982875e+002  6.597226e-005
 7.989062e+002  6.808126e-005
 7.995250e+002  6.648853e-005
 8.001437e+002  6.876327e-005
 8.007625e+002  6.727891e-005
 8.013812e+002  5.954858e-005
 8.020000e+002  7.189762e-005
 8.026187e+002  6.839053e-005
 8.032375e+002  5.481887e-005
 8.038562e+002  6.257475e-005
 8.044750e+002  6.377081e-005
 8.050937e+002  7.414696e-005
 8.057125e+002  7.018716e-005
 8.063312e+002  6.119791e-005
 8.069500e+002  6.553476e-005
 8.075687e+002  7.334457e-005
 8.081875e+002  7.085219e-005
 8.088062e+002  6.931206e-005
 8.094250e+002  6.414615e-005
 8.100437e+002  7.211748e-005
 8.106625e+002  7.207303e-005
 8.112812e+002  5.687831e-005
 8.119000e+002  6.659017e-005
 8.125187e+002  8.012279e-005
 8.131375e+002  7.017104e-005
 8.137562e+002  5.993973e-005
 8.143750e+002  5.660749e-005
 8.149937e+002  6.424704e-005
 8.156125e+002  6.692118e-005
 8.162312e+002  6.377045e-005
 8.168500e+002  6.169281e-005
 8.174687e+002  6.223255e-005
 8.180875e+002  8.096024e-005
 8.187062e+002  7.958884e-005
 8.193250e+002  6.648132e-005
 8.199437e+002  7.265045e-005
 8.205625e+002  7.160829e-005
 8.211812e+002  5.819042e-005
 8.218000e+002  4.438161e-005
 8.224187e+002  6.072690e-005
 8.230375e+002  6.501173e-005
 8.236562e+002  6.901397e-005
 8.242750e+002  7.688727e-005
 8.248937e+002  7.952672e-005
 8.255125e+002  7.633064e-005
 8.261312e+002  8.079836e-005
 8.267500e+002  7.686087e-005
 8.273687e+002  6.567617e-005
 8.279875e+002  6.541550e-005
 8.286062e+002  7.547554e-005
 8.292250e+002  6.634678e-005
 8.298437e+002  5.864739e-005
 8.304625e+002  5.775877e-005
 8.310812e+002  6.342026e-005
 8.317000e+002  5.732589e-005
 8.323187e+002  6.710835e-005
 8.329375e+002  7.083752e-005
 8.335562e+002  6.270285e-005
 8.341750e+002  5.642834e-005
 8.347937e+002  5.475399e-005
 8.354125e+002  5.856027e-005
 8.360312e+002  6.582966e-005
 8.366500e+002  7.292911e-005
 8.372687e+002  7.257013e-005
 8.378875e+002  6.181268e-005
 8.385062e+002  6.039983e-005
 8.391250e+002  7.596278e-005
 8.397437e+002  8.568975e-005
 8.403625e+002  9.231529e-005
 8.409812e+002  8.436985e-005
 8.416000e+002  6.376096e-005
 8.422187e+002  5.002115e-005
 8.428375e+002  6.556608e-005
 8.434562e+002  6.463018e-005
 8.440750e+002  5.893377e-005
 8.446937e+002  6.410089e-005
 8.453125e+002  5.787050e-005
 8.459312e+002  5.254578e-005
 8.465500e+002  6.505825e-005
 8.471687e+002  6.776376e-005
 8.477875e+002  6.391988e-005
 8.484062e+002  7.060681e-005
 8.490250e+002  8.757023e-005
 8.496437e+002  9.869248e-005
 8.502625e+002  8.049214e-005
 8.508812e+002  5.951066e-005
 8.515000e+002  5.971323e-005
 8.521187e+002  6.789979e-005
 8.527375e+002  7.781033e-005
 8.533562e+002  6.159349e-005
 8.539750e+002  6.105847e-005
 8.545937e+002  6.713235e-005
 8.552125e+002  5.405855e-005
 8.558312e+002  6.388775e-005
 8.564500e+002  7.626740e-005
 8.570687e+002  8.103692e-005
 8.576875e+002  7.698601e-005
 8.583062e+002  6.291096e-005
 8.589250e+002  7.711078e-005
 8.595437e+002  6.433223e-005
 8.601625e+002  5.862113e-005
 8.607812e+002  6.108461e-005
 8.614000e+002  6.726937e-005
 8.620187e+002  7.167957e-005
 8.626375e+002  7.309614e-005
 8.632562e+002  6.742111e-005
 8.638750e+002  6.782848e-005
 8.644937e+002  6.899098e-005
 8.651125e+002  7.738092e-005
 8.657312e+002  7.786966e-005
 8.663500e+002  7.474498e-005
 8.669687e+002  6.108650e-005
 8.675875e+002  7.168401e-005
 8.682062e+002  6.992826e-005
 8.688250e+002  6.987158e-005
 8.694437e+002  6.012770e-005
 8.700625e+002  7.863781e-005
 8.706812e+002  5.987911e-005
 8.713000e+002  6.870826e-005
 8.719187e+002  6.657002e-005
 8.725375e+002  6.245754e-005
 8.731562e+002  7.126247e-005
 8.737750e+002  7.273228e-005
 8.743937e+002  6.275900e-005
 8.750125e+002  6.832883e-005
 8.756312e+002  8.118809e-005
 8.762500e+002  8.367638e-005
 8.768687e+002  8.281505e-005
 8.774875e+002  7.366481e-005
 8.781062e+002  7.576805e-005
 8.787250e+002  7.642170e-005
 8.793437e+002  6.631427e-005
 8.799625e+002  6.966708e-005
 8.805812e+002  6.376918e-005
 8.812000e+002  6.340998e-005
 8.818187e+002  6.936175e-005
 8.824375e+002  5.377471e-005
 8.830562e+002  6.605923e-005
 8.836750e+002  7.064320e-005
 8.842937e+002  6.110300e-005
 8.849125e+002  6.256114e-005
 8.855312e+002  6.276502e-005
 8.861500e+002  6.033773e-005
 8.867687e+002  6.489860e-005
 8.873875e+002  7.085619e-005
 8.880062e+002  7.088502e-005
 8.886250e+002  6.132332e-005
 8.892437e+002  6.047341e-005
 8.898625e+002  5.168094e-005
 8.904812e+002  5.819652e-005
 8.911000e+002  5.648447e-005
 8.917187e+002  7.738330e-005
 8.923375e+002  7.811699e-005
 8.929562e+002  8.056998e-005
 8.935750e+002  7.472086e-005
 8.941937e+002  6.370804e-005
 8.948125e+002  6.523852e-005
 8.954312e+002  6.048884e-005
 8.960500e+002  5.486816e-005
 8.966687e+002  5.261212e-005
 8.972875e+002  6.214379e-005
 8.979062e+002  8.771761e-005
 8.985250e+002  6.770728e-005
 8.991437e+002  5.760254e-005
 8.997625e+002  7.418126e-005
 9.003812e+002  6.491875e-005
 9.010000e+002  5.551415e-005
 9.016187e+002  7.001624e-005
 9.022375e+002  5.917264e-005
 9.028562e+002  5.665177e-005
 9.034750e+002  5.598242e-005
 9.040937e+002  6.865838e-005
 9.047125e+002  7.907365e-005
 9.053312e+002  6.072762e-005
 9.059500e+002  7.741696e-005
 9.065687e+002  7.997900e-005
 9.071875e+002  7.159323e-005
 9.078062e+002  6.259893e-005
 9.084250e+002  5.205286e-005
 9.090437e+002  6.553785e-005
 9.096625e+002  6.758193e-005
 9.102812e+002  8.715159e-005
 9.109000e+002  8.006624e-005
 9.115187e+002  6.768652e-005
 9.121375e+002  7.841951e-005
 9.127562e+002  7.379495e-005
 9.133750e+002  6.548962e-005
 9.139937e+002  7.609826e-005
 9.146125e+002  7.776118e-005
 9.152312e+002  7.767613e-005
 9.158500e+002  7.352775e-005
 9.164687e+002  6.432589e-005
 9.170875e+002  6.926618e-005
 9.177062e+002  5.930669e-005
 9.183250e+002  6.215263e-005
 9.189437e+002  7.264163e-005
 9.195625e+002  7.900972e-005
 9.201812e+002  8.151208e-005
 9.208000e+002  7.201718e-005
 9.214187e+002  6.385237e-005
 9.220375e+002  7.121304e-005
 9.226562e+002  7.287612e-005
 9.232750e+002  5.487123e-005
 9.238937e+002  5.666235e-005
 9.245125e+002  5.439589e-005
 9.251312e+002  6.348975e-005
 9.257500e+002  6.935931e-005
 9.263687e+002  7.212031e-005
 9.269875e+002  6.322498e-005
 9.276062e+002  6.402339e-005
 9.282250e+002  7.268120e-005
 9.288437e+002  6.991971e-005
 9.294625e+002  7.830686e-005
 9.300812e+002  6.270705e-005
 9.307000e+002  6.330042e-005
 9.313187e+002  6.508281e-005
 9.319375e+002  6.456024e-005
 9.325562e+002  7.514704e-005
 9.331750e+002  6.783216e-005
 9.337937e+002  6.480753e-005
 9.344125e+002  7.160794e-005
 9.350312e+002  5.949060e-005
 9.356500e+002  5.684484e-005
 9.362687e+002  5.264099e-005
 9.368875e+002  5.946432e-005
 9.375062e+002  6.490767e-005
 9.381250e+002  6.902785e-005
 9.387437e+002  6.768421e-005
 9.393625e+002  6.165031e-005
 9.399812e+002  6.497766e-005
 9.406000e+002  6.369877e-005
 9.412187e+002  5.904582e-005
 9.418375e+002  7.233288e-005
 9.424562e+002  7.246915e-005
 9.430750e+002  6.743938e-005
 9.436937e+002  5.759588e-005
 9.443125e+002  5.755787e-005
 9.449312e+002  5.641692e-005
 9.455500e+002  7.097160e-005
 9.461687e+002  7.393520e-005
 9.467875e+002  5.420985e-005
 9.474062e+002  5.838108e-005
 9.480250e+002  7.379838e-005
 9.486437e+002  8.447031e-005
 9.492625e+002  8.896061e-005
 9.498812e+002  6.631833e-005
 9.505000e+002  5.834957e-005
 9.511187e+002  7.602273e-005
 9.517375e+002  6.823941e-005
 9.523562e+002  6.970811e-005
 9.529750e+002  7.826671e-005
 9.535937e+002  6.957481e-005
 9.542125e+002  6.537828e-005
 9.548312e+002  7.113316e-005
 9.554500e+002  6.546124e-005
 9.560687e+002  7.605817e-005
 9.566875e+002  6.439153e-005
 9.573062e+002  6.783568e-005
 9.579250e+002  8.317749e-005
 9.585437e+002  7.106104e-005
 9.591625e+002  6.586383e-005
 9.597812e+002  6.225148e-005
 9.604000e+002  7.166106e-005
 9.610187e+002  6.888222e-005
 9.616375e+002  6.369664e-005
 9.622562e+002  6.978633e-005
 9.628750e+002  6.755426e-005
 9.634937e+002  7.580020e-005
 9.641125e+002  7.625541e-005
 9.647312e+002  6.113904e-005
 9.653500e+002  6.232958e-005
 9.659687e+002  6.188338e-005
 9.665875e+002  7.860046e-005
 9.672062e+002  7.196598e-005
 9.678250e+002  6.830046e-005
 9.684437e+002  7.736297e-005
 9.690625e+002  7.424875e-005
 9.696812e+002  7.536774e-005
 9.703000e+002  8.125710e-005
 9.709187e+002  6.156819e-005
 9.715375e+002  7.621183e-005
 9.721562e+002  7.372397e-005
 9.727750e+002  6.442501e-005
 9.733937e+002  6.030661e-005
 9.740125e+002  7.035846e-005
 9.746312e+002  6.234454e-005
 9.752500e+002  6.742103e-005
 9.758687e+002  7.069930e-005
 9.764875e+002  7.477351e-005
 9.771062e+002  7.216074e-005
 9.777250e+002  7.301939e-005
 9.783437e+002  6.556521e-005
 9.789625e+002  5.388172e-005
 9.795812e+002  5.281800e-005
 9.802000e+002  7.453670e-005
 9.808187e+002  7.070793e-005
 9.814375e+002  6.193145e-005
 9.820562e+002  7.403546e-005
 9.826750e+002  5.200343e-005
 9.832937e+002  5.548353e-005
 9.839125e+002  6.776696e-005
 9.845312e+002  7.310077e-005
 9.851500e+002  6.751695e-005
 9.857687e+002  6.620267e-005
 9.863875e+002  7.387230e-005
 9.870062e+002  7.976429e-005
 9.876250e+002  6.966218e-005
 9.882437e+002  5.137215e-005
 9.888625e+002  6.263476e-005
 9.894812e+002  7.029673e-005
 9.901000e+002  4.859474e-005
 9.907187e+002  4.965902e-005
 9.913375e+002  4.982383e-005
 9.919562e+002  6.056055e-005
 9.925750e+002  6.176172e-005
 9.931937e+002  6.457023e-005
 9.938125e+002  6.994990e-005
 9.944312e+002  6.926599e-005
 9.950500e+002  7.093047e-005
 9.956687e+002  6.614551e-005
 9.962875e+002  6.493920e-005
 9.969062e+002  7.346486e-005
 9.975250e+002  6.805239e-005
 9.981437e+002  5.413700e-005
 9.987625e+002  5.136568e-005
 9.993812e+002  5.286494e-005
 1.000000e+003  5.804789e-005
