 1.000000e+001  1.809047e-004
 1.061875e+001  1.838206e-004
 1.123750e+001  2.410131e-004
 1.185625e+001  2.488683e-004
 1.247500e+001  2.002190e-004
 1.309375e+001  1.810469e-004
 1.371250e+001  2.192022e-004
 1.433125e+001  2.203380e-004
 1.495000e+001  2.124226e-004
 1.556875e+001  1.954574e-004
 1.618750e+001  1.611646e-004
 1.680625e+001  1.792931e-004
 1.742500e+001  1.732900e-004
 1.804375e+001  1.617422e-004
 1.866250e+001  1.522517e-004
 1.928125e+001  1.734125e-004
 1.990000e+001  1.733929e-004
 2.051875e+001  1.849448e-004
 2.113750e+001  1.761052e-004
 2.175625e+001  1.558445e-004
 2.237500e+001  1.694939e-004
 2.299375e+001  1.744488e-004
 2.361250e+001  1.571547e-004
 2.423125e+001  1.431966e-004
 2.485000e+001  1.599280e-004
 2.546875e+001  1.505307e-004
 2.608750e+001  1.337300e-004
 2.670625e+001  1.147317e-004
 2.732500e+001  1.416025e-004
 2.794375e+001  1.531009e-004
 2.856250e+001  1.652773e-004
 2.918125e+001  1.433143e-004
 2.980000e+001  1.337468e-004
 3.041875e+001  1.500683e-004
 3.103750e+001  1.239348e-004
 3.165625e+001  1.331411e-004
 3.227500e+001  1.328324e-004
 3.289375e+001  1.216438e-004
 3.351250e+001  1.406203e-004
 3.413125e+001  1.427201e-004
 3.475000e+001  1.306737e-004
 3.536875e+001  1.267751e-004
 3.598750e+001  1.190109e-004
 3.660625e+001  1.349851e-004
 3.722500e+001  1.503508e-004
 3.784375e+001  1.198070e-004
 3.846250e+001  1.181800e-004
 3.908125e+001  1.510862e-004
 3.970000e+001  1.642764e-004
 4.031875e+001  1.344470e-004
 4.093750e+001  1.165173e-004
 4.155625e+001  1.366938e-004
 4.217500e+001  1.663388e-004
 4.279375e+001  1.624066e-004
 4.341250e+001  1.047969e-004
 4.403125e+001  1.209545e-004
 4.465000e+001  1.138003e-004
 4.526875e+001  1.036844e-004
 4.588750e+001  1.278684e-004
 4.650625e+001  1.374572e-004
 4.712500e+001  1.282127e-004
 4.774375e+001  1.208989e-004
 4.836250e+001  1.638441e-004
 4.898125e+001  6.736294e-004
 4.960000e+001  5.457105e-003
 5.021875e+001  6.880337e-003
 5.083750e+001  1.996147e-003
 5.145625e+001  2.280317e-004
 5.207500e+001  1.172498e-004
 5.269375e+001  1.078854e-004
 5.331250e+001  1.100252e-004
 5.393125e+001  9.238247e-005
 5.455000e+001  9.449246e-005
 5.516875e+001  8.131866e-005
 5.578750e+001  9.678034e-005
 5.640625e+001  1.045858e-004
 5.702500e+001  1.247191e-004
 5.764375e+001  1.242264e-004
 5.826250e+001  9.814048e-005
 5.888125e+001  8.341979e-005
 5.950000e+001  6.865359e-005
 6.011875e+001  7.953008e-005
 6.073750e+001  7.254442e-005
 6.135625e+001  8.477707e-005
 6.197500e+001  8.421433e-005
 6.259375e+001  7.614019e-005
 6.321250e+001  7.697292e-005
 6.383125e+001  7.178329e-005
 6.445000e+001  5.367783e-005
 6.506875e+001  7.047791e-005
 6.568750e+001  7.356654e-005
 6.630625e+001  7.568658e-005
 6.692500e+001  7.921079e-005
 6.754375e+001  7.165393e-005
 6.816250e+001  8.295691e-005
 6.878125e+001  8.207195e-005
 6.940000e+001  6.619870e-005
 7.001875e+001  6.296723e-005
 7.063750e+001  7.033033e-005
 7.125625e+001  6.896488e-005
 7.187500e+001  7.942927e-005
 7.249375e+001  8.289111e-005
 7.311250e+001  6.500690e-005
 7.373125e+001  7.542416e-005
 7.435000e+001  8.712770e-005
 7.496875e+001  8.801198e-005
 7.558750e+001  1.399213e-004
 7.620625e+001  8.524550e-005
 7.682500e+001  5.792541e-005
 7.744375e+001  7.849604e-005
 7.806250e+001  9.299002e-005
 7.868125e+001  8.669714e-005
 7.930000e+001  6.569373e-005
 7.991875e+001  6.131270e-005
 8.053750e+001  7.484762e-005
 8.115625e+001  7.685896e-005
 8.177500e+001  6.689647e-005
 8.239375e+001  7.623735e-005
 8.301250e+001  8.405692e-005
 8.363125e+001  6.306140e-005
 8.425000e+001  6.786170e-005
 8.486875e+001  5.851437e-005
 8.548750e+001  6.186025e-005
 8.610625e+001  6.951254e-005
 8.672500e+001  5.971811e-005
 8.734375e+001  5.487649e-005
 8.796250e+001  5.074906e-005
 8.858125e+001  4.614658e-005
 8.920000e+001  3.211883e-005
 8.981875e+001  4.663344e-005
 9.043750e+001  6.622675e-005
 9.105625e+001  8.386861e-005
 9.167500e+001  8.576767e-005
 9.229375e+001  5.360504e-005
 9.291250e+001  5.086929e-005
 9.353125e+001  5.257356e-005
 9.415000e+001  5.912789e-005
 9.476875e+001  5.446861e-005
 9.538750e+001  5.552904e-005
 9.600625e+001  6.071962e-005
 9.662500e+001  6.890447e-005
 9.724375e+001  6.212024e-005
 9.786250e+001  4.601320e-005
 9.848125e+001  5.363282e-005
 9.910000e+001  7.188767e-005
 9.971875e+001  1.939129e-004
 1.003375e+002  1.955319e-004
 1.009563e+002  6.709584e-005
 1.015750e+002  5.675114e-005
 1.021938e+002  6.210840e-005
 1.028125e+002  6.096652e-005
 1.034313e+002  5.626024e-005
 1.040500e+002  4.814650e-005
 1.046688e+002  4.619443e-005
 1.052875e+002  5.573355e-005
 1.059063e+002  5.556398e-005
 1.065250e+002  4.806707e-005
 1.071438e+002  5.370695e-005
 1.077625e+002  4.987321e-005
 1.083813e+002  4.200051e-005
 1.090000e+002  3.562780e-005
 1.096188e+002  3.323560e-005
 1.102375e+002  4.018561e-005
 1.108563e+002  5.570804e-005
 1.114750e+002  4.987093e-005
 1.120938e+002  4.314571e-005
 1.127125e+002  5.358804e-005
 1.133313e+002  5.140957e-005
 1.139500e+002  5.302002e-005
 1.145688e+002  5.005506e-005
 1.151875e+002  4.417487e-005
 1.158063e+002  4.796320e-005
 1.164250e+002  4.122368e-005
 1.170438e+002  4.667045e-005
 1.176625e+002  4.455526e-005
 1.182813e+002  5.547141e-005
 1.189000e+002  5.141771e-005
 1.195188e+002  5.812700e-005
 1.201375e+002  6.023627e-005
 1.207563e+002  4.971215e-005
 1.213750e+002  4.437998e-005
 1.219938e+002  5.211271e-005
 1.226125e+002  4.946347e-005
 1.232313e+002  5.499530e-005
 1.238500e+002  5.101881e-005
 1.244688e+002  4.045169e-005
 1.250875e+002  4.054304e-005
 1.257063e+002  4.299516e-005
 1.263250e+002  4.394606e-005
 1.269438e+002  4.587946e-005
 1.275625e+002  4.360849e-005
 1.281813e+002  4.092953e-005
 1.288000e+002  4.778115e-005
 1.294188e+002  4.691706e-005
 1.300375e+002  4.564121e-005
 1.306563e+002  3.809369e-005
 1.312750e+002  4.582503e-005
 1.318938e+002  4.629072e-005
 1.325125e+002  4.112271e-005
 1.331313e+002  4.859578e-005
 1.337500e+002  4.817540e-005
 1.343688e+002  4.555962e-005
 1.349875e+002  3.878297e-005
 1.356063e+002  3.919769e-005
 1.362250e+002  3.817931e-005
 1.368438e+002  3.391749e-005
 1.374625e+002  3.311828e-005
 1.380813e+002  3.152782e-005
 1.387000e+002  3.508442e-005
 1.393188e+002  5.014574e-005
 1.399375e+002  4.809476e-005
 1.405563e+002  4.360730e-005
 1.411750e+002  4.555040e-005
 1.417938e+002  4.425207e-005
 1.424125e+002  4.520876e-005
 1.430313e+002  4.418540e-005
 1.436500e+002  4.140020e-005
 1.442688e+002  3.948974e-005
 1.448875e+002  3.495056e-005
 1.455063e+002  3.274283e-005
 1.461250e+002  4.268470e-005
 1.467438e+002  4.699728e-005
 1.473625e+002  5.117796e-005
 1.479813e+002  6.949206e-005
 1.486000e+002  1.343034e-004
 1.492188e+002  1.326825e-003
 1.498375e+002  4.752166e-003
 1.504563e+002  3.870386e-003
 1.510750e+002  5.063798e-004
 1.516938e+002  1.088428e-004
 1.523125e+002  5.241256e-005
 1.529313e+002  3.062605e-005
 1.535500e+002  3.213963e-005
 1.541688e+002  3.398384e-005
 1.547875e+002  3.018996e-005
 1.554063e+002  3.714945e-005
 1.560250e+002  4.429345e-005
 1.566438e+002  3.307770e-005
 1.572625e+002  3.641804e-005
 1.578813e+002  3.265832e-005
 1.585000e+002  3.309714e-005
 1.591188e+002  2.881854e-005
 1.597375e+002  3.655197e-005
 1.603563e+002  3.866907e-005
 1.609750e+002  3.755763e-005
 1.615938e+002  3.444406e-005
 1.622125e+002  2.982898e-005
 1.628313e+002  3.781762e-005
 1.634500e+002  3.463072e-005
 1.640688e+002  3.349475e-005
 1.646875e+002  3.906705e-005
 1.653063e+002  3.268016e-005
 1.659250e+002  3.945271e-005
 1.665438e+002  4.057544e-005
 1.671625e+002  2.993871e-005
 1.677813e+002  2.734055e-005
 1.684000e+002  2.835756e-005
 1.690188e+002  3.140308e-005
 1.696375e+002  3.249362e-005
 1.702563e+002  2.892866e-005
 1.708750e+002  2.897449e-005
 1.714938e+002  2.872848e-005
 1.721125e+002  3.412671e-005
 1.727313e+002  4.116101e-005
 1.733500e+002  3.797660e-005
 1.739688e+002  2.940234e-005
 1.745875e+002  3.767097e-005
 1.752063e+002  4.557545e-005
 1.758250e+002  4.668853e-005
 1.764438e+002  3.352855e-005
 1.770625e+002  2.751032e-005
 1.776813e+002  2.824029e-005
 1.783000e+002  3.014956e-005
 1.789188e+002  2.867106e-005
 1.795375e+002  3.195086e-005
 1.801563e+002  2.892946e-005
 1.807750e+002  3.403466e-005
 1.813938e+002  3.034925e-005
 1.820125e+002  3.286427e-005
 1.826313e+002  4.039734e-005
 1.832500e+002  3.085340e-005
 1.838688e+002  3.084437e-005
 1.844875e+002  3.841713e-005
 1.851063e+002  3.348234e-005
 1.857250e+002  2.874405e-005
 1.863438e+002  2.866987e-005
 1.869625e+002  2.664850e-005
 1.875813e+002  3.110578e-005
 1.882000e+002  3.075343e-005
 1.888188e+002  2.979345e-005
 1.894375e+002  3.205156e-005
 1.900563e+002  2.317008e-005
 1.906750e+002  2.508402e-005
 1.912938e+002  2.862510e-005
 1.919125e+002  2.790890e-005
 1.925313e+002  2.858213e-005
 1.931500e+002  3.131873e-005
 1.937688e+002  3.389564e-005
 1.943875e+002  3.184049e-005
 1.950063e+002  3.537364e-005
 1.956250e+002  3.111335e-005
 1.962438e+002  2.860052e-005
 1.968625e+002  3.045076e-005
 1.974813e+002  2.785766e-005
 1.981000e+002  2.858054e-005
 1.987188e+002  2.848361e-005
 1.993375e+002  4.744586e-005
 1.999563e+002  1.036856e-004
 2.005750e+002  7.459539e-005
 2.011938e+002  3.920962e-005
 2.018125e+002  3.641609e-005
 2.024313e+002  4.046348e-005
 2.030500e+002  2.970323e-005
 2.036688e+002  3.150622e-005
 2.042875e+002  3.686717e-005
 2.049063e+002  3.263777e-005
 2.055250e+002  2.994682e-005
 2.061438e+002  3.182640e-005
 2.067625e+002  3.226106e-005
 2.073813e+002  2.460230e-005
 2.080000e+002  2.237390e-005
 2.086188e+002  2.664868e-005
 2.092375e+002  2.597131e-005
 2.098563e+002  2.699137e-005
 2.104750e+002  2.418875e-005
 2.110938e+002  2.269885e-005
 2.117125e+002  2.497599e-005
 2.123313e+002  2.846186e-005
 2.129500e+002  2.204222e-005
 2.135688e+002  1.976197e-005
 2.141875e+002  2.201803e-005
 2.148063e+002  2.419435e-005
 2.154250e+002  2.845232e-005
 2.160438e+002  2.543834e-005
 2.166625e+002  2.697036e-005
 2.172813e+002  2.234436e-005
 2.179000e+002  2.150503e-005
 2.185188e+002  2.310682e-005
 2.191375e+002  2.205388e-005
 2.197563e+002  2.465384e-005
 2.203750e+002  2.818175e-005
 2.209938e+002  2.540211e-005
 2.216125e+002  2.395471e-005
 2.222313e+002  3.191647e-005
 2.228500e+002  3.035432e-005
 2.234688e+002  2.838104e-005
 2.240875e+002  2.760520e-005
 2.247063e+002  1.687343e-005
 2.253250e+002  2.971172e-005
 2.259438e+002  3.641502e-005
 2.265625e+002  3.004999e-005
 2.271813e+002  2.803193e-005
 2.278000e+002  2.315182e-005
 2.284188e+002  2.648625e-005
 2.290375e+002  2.059634e-005
 2.296563e+002  2.398490e-005
 2.302750e+002  2.671546e-005
 2.308938e+002  2.786628e-005
 2.315125e+002  2.792593e-005
 2.321313e+002  2.790318e-005
 2.327500e+002  2.566110e-005
 2.333688e+002  2.656923e-005
 2.339875e+002  2.943591e-005
 2.346063e+002  3.440336e-005
 2.352250e+002  3.174300e-005
 2.358438e+002  3.004170e-005
 2.364625e+002  3.768988e-005
 2.370813e+002  2.816299e-005
 2.377000e+002  3.015753e-005
 2.383188e+002  3.115936e-005
 2.389375e+002  3.134645e-005
 2.395563e+002  3.619725e-005
 2.401750e+002  3.254365e-005
 2.407938e+002  2.364743e-005
 2.414125e+002  2.392133e-005
 2.420313e+002  2.131548e-005
 2.426500e+002  2.135994e-005
 2.432688e+002  2.868636e-005
 2.438875e+002  2.766547e-005
 2.445063e+002  2.425149e-005
 2.451250e+002  2.535962e-005
 2.457438e+002  2.634795e-005
 2.463625e+002  2.692971e-005
 2.469813e+002  2.599623e-005
 2.476000e+002  2.489367e-005
 2.482188e+002  1.973100e-005
 2.488375e+002  2.586386e-005
 2.494563e+002  5.610291e-004
 2.500750e+002  1.146843e-003
 2.506938e+002  5.816906e-004
 2.513125e+002  2.178903e-005
 2.519313e+002  2.741299e-005
 2.525500e+002  2.614205e-005
 2.531688e+002  2.563606e-005
 2.537875e+002  2.563310e-005
 2.544063e+002  2.811706e-005
 2.550250e+002  2.025891e-005
 2.556438e+002  2.411033e-005
 2.562625e+002  2.884215e-005
 2.568813e+002  2.033105e-005
 2.575000e+002  2.484753e-005
 2.581188e+002  2.620275e-005
 2.587375e+002  2.741870e-005
 2.593563e+002  2.400243e-005
 2.599750e+002  2.304565e-005
 2.605938e+002  2.630148e-005
 2.612125e+002  2.987553e-005
 2.618313e+002  2.939228e-005
 2.624500e+002  2.056856e-005
 2.630688e+002  2.267929e-005
 2.636875e+002  2.796377e-005
 2.643063e+002  2.578093e-005
 2.649250e+002  2.996224e-005
 2.655438e+002  3.011527e-005
 2.661625e+002  2.503906e-005
 2.667813e+002  3.050969e-005
 2.674000e+002  2.605440e-005
 2.680188e+002  2.233122e-005
 2.686375e+002  2.388337e-005
 2.692563e+002  2.233921e-005
 2.698750e+002  2.300555e-005
 2.704938e+002  2.216162e-005
 2.711125e+002  2.173625e-005
 2.717313e+002  2.060468e-005
 2.723500e+002  1.854406e-005
 2.729688e+002  2.073387e-005
 2.735875e+002  2.458195e-005
 2.742063e+002  2.648797e-005
 2.748250e+002  2.888809e-005
 2.754438e+002  2.961188e-005
 2.760625e+002  3.166317e-005
 2.766813e+002  3.110181e-005
 2.773000e+002  2.508943e-005
 2.779188e+002  2.691145e-005
 2.785375e+002  2.546914e-005
 2.791563e+002  3.126922e-005
 2.797750e+002  2.552051e-005
 2.803938e+002  2.449524e-005
 2.810125e+002  2.462428e-005
 2.816313e+002  2.326405e-005
 2.822500e+002  2.386065e-005
 2.828688e+002  2.798917e-005
 2.834875e+002  2.866591e-005
 2.841063e+002  3.183254e-005
 2.847250e+002  3.597290e-005
 2.853438e+002  2.827273e-005
 2.859625e+002  2.095600e-005
 2.865813e+002  2.500015e-005
 2.872000e+002  2.037044e-005
 2.878188e+002  2.387469e-005
 2.884375e+002  2.317583e-005
 2.890563e+002  1.984707e-005
 2.896750e+002  2.237044e-005
 2.902938e+002  2.792998e-005
 2.909125e+002  2.864404e-005
 2.915313e+002  3.039654e-005
 2.921500e+002  2.931847e-005
 2.927688e+002  3.069727e-005
 2.933875e+002  2.007821e-005
 2.940063e+002  2.381172e-005
 2.946250e+002  2.283948e-005
 2.952438e+002  2.404198e-005
 2.958625e+002  2.444576e-005
 2.964813e+002  2.609597e-005
 2.971000e+002  3.068475e-005
 2.977188e+002  2.617763e-005
 2.983375e+002  2.470746e-005
 2.989563e+002  3.384551e-005
 2.995750e+002  2.269292e-004
 3.001938e+002  3.559023e-004
 3.008125e+002  1.417772e-004
 3.014313e+002  2.382693e-005
 3.020500e+002  2.493425e-005
 3.026688e+002  3.005721e-005
 3.032875e+002  2.890666e-005
 3.039063e+002  2.529977e-005
 3.045250e+002  3.155993e-005
 3.051438e+002  2.531567e-005
 3.057625e+002  1.815841e-005
 3.063813e+002  2.386280e-005
 3.070000e+002  2.289282e-005
 3.076188e+002  2.541026e-005
 3.082375e+002  2.731161e-005
 3.088563e+002  2.263643e-005
 3.094750e+002  2.002594e-005
 3.100938e+002  2.887710e-005
 3.107125e+002  2.851638e-005
 3.113313e+002  2.013183e-005
 3.119500e+002  2.616499e-005
 3.125688e+002  2.701406e-005
 3.131875e+002  2.946143e-005
 3.138063e+002  2.716602e-005
 3.144250e+002  2.112127e-005
 3.150437e+002  2.539238e-005
 3.156625e+002  2.483979e-005
 3.162812e+002  2.217737e-005
 3.169000e+002  2.441671e-005
 3.175187e+002  2.486135e-005
 3.181375e+002  2.608269e-005
 3.187562e+002  2.514415e-005
 3.193750e+002  2.070203e-005
 3.199937e+002  1.896182e-005
 3.206125e+002  2.739751e-005
 3.212312e+002  2.958850e-005
 3.218500e+002  2.548258e-005
 3.224687e+002  2.134367e-005
 3.230875e+002  2.229607e-005
 3.237062e+002  2.516950e-005
 3.243250e+002  2.103470e-005
 3.249437e+002  2.108919e-005
 3.255625e+002  2.549748e-005
 3.261812e+002  2.205279e-005
 3.268000e+002  2.102525e-005
 3.274187e+002  2.236777e-005
 3.280375e+002  2.265850e-005
 3.286562e+002  2.586945e-005
 3.292750e+002  2.520656e-005
 3.298937e+002  2.759119e-005
 3.305125e+002  2.595215e-005
 3.311312e+002  2.254156e-005
 3.317500e+002  2.580489e-005
 3.323687e+002  2.844571e-005
 3.329875e+002  2.429863e-005
 3.336062e+002  2.789123e-005
 3.342250e+002  2.263510e-005
 3.348437e+002  1.687098e-005
 3.354625e+002  2.068518e-005
 3.360812e+002  2.136750e-005
 3.367000e+002  2.176185e-005
 3.373187e+002  2.457509e-005
 3.379375e+002  2.310189e-005
 3.385562e+002  1.773200e-005
 3.391750e+002  2.043850e-005
 3.397937e+002  1.967225e-005
 3.404125e+002  1.844863e-005
 3.410312e+002  2.092305e-005
 3.416500e+002  1.823909e-005
 3.422687e+002  2.363885e-005
 3.428875e+002  3.028566e-005
 3.435062e+002  3.084708e-005
 3.441250e+002  3.002259e-005
 3.447437e+002  2.825187e-005
 3.453625e+002  1.968027e-005
 3.459812e+002  2.048009e-005
 3.466000e+002  2.510873e-005
 3.472187e+002  2.865647e-005
 3.478375e+002  3.091413e-005
 3.484562e+002  2.681927e-005
 3.490750e+002  4.531783e-005
 3.496937e+002  2.278896e-004
 3.503125e+002  2.866169e-004
 3.509312e+002  8.613236e-005
 3.515500e+002  2.165394e-005
 3.521687e+002  1.714614e-005
 3.527875e+002  1.887337e-005
 3.534062e+002  2.292488e-005
 3.540250e+002  3.035636e-005
 3.546437e+002  2.985841e-005
 3.552625e+002  2.606307e-005
 3.558812e+002  2.334234e-005
 3.565000e+002  2.537643e-005
 3.571187e+002  2.636902e-005
 3.577375e+002  2.361948e-005
 3.583562e+002  2.536820e-005
 3.589750e+002  2.056470e-005
 3.595937e+002  1.891224e-005
 3.602125e+002  2.340560e-005
 3.608312e+002  1.984225e-005
 3.614500e+002  2.026867e-005
 3.620687e+002  2.164730e-005
 3.626875e+002  2.372213e-005
 3.633062e+002  2.616333e-005
 3.639250e+002  2.629531e-005
 3.645437e+002  2.412076e-005
 3.651625e+002  1.960482e-005
 3.657812e+002  2.423888e-005
 3.664000e+002  1.952682e-005
 3.670187e+002  2.100977e-005
 3.676375e+002  2.833159e-005
 3.682562e+002  2.694549e-005
 3.688750e+002  2.072856e-005
 3.694937e+002  2.362992e-005
 3.701125e+002  2.423831e-005
 3.707312e+002  2.669445e-005
 3.713500e+002  1.939689e-005
 3.719687e+002  1.824256e-005
 3.725875e+002  2.778837e-005
 3.732062e+002  2.981691e-005
 3.738250e+002  2.207470e-005
 3.744437e+002  2.325976e-005
 3.750625e+002  2.632482e-005
 3.756812e+002  2.649415e-005
 3.763000e+002  2.653383e-005
 3.769187e+002  2.535391e-005
 3.775375e+002  2.585396e-005
 3.781562e+002  3.255592e-005
 3.787750e+002  3.196552e-005
 3.793937e+002  2.759210e-005
 3.800125e+002  2.145431e-005
 3.806312e+002  2.825830e-005
 3.812500e+002  3.295806e-005
 3.818687e+002  2.334984e-005
 3.824875e+002  2.152527e-005
 3.831062e+002  2.600620e-005
 3.837250e+002  2.750106e-005
 3.843437e+002  1.983566e-005
 3.849625e+002  2.265075e-005
 3.855812e+002  2.538065e-005
 3.862000e+002  2.460279e-005
 3.868187e+002  2.626757e-005
 3.874375e+002  2.195966e-005
 3.880562e+002  1.846175e-005
 3.886750e+002  1.933241e-005
 3.892937e+002  2.015711e-005
 3.899125e+002  2.215237e-005
 3.905312e+002  2.076694e-005
 3.911500e+002  2.229372e-005
 3.917687e+002  1.722578e-005
 3.923875e+002  1.954932e-005
 3.930062e+002  1.943571e-005
 3.936250e+002  2.473066e-005
 3.942437e+002  2.429433e-005
 3.948625e+002  2.226754e-005
 3.954812e+002  2.744849e-005
 3.961000e+002  2.772995e-005
 3.967187e+002  2.076881e-005
 3.973375e+002  2.172048e-005
 3.979562e+002  2.759026e-005
 3.985750e+002  2.035023e-005
 3.991937e+002  5.279575e-005
 3.998125e+002  2.570848e-004
 4.004312e+002  2.636123e-004
 4.010500e+002  5.422661e-005
 4.016687e+002  1.820385e-005
 4.022875e+002  1.531305e-005
 4.029062e+002  1.646819e-005
 4.035250e+002  1.822593e-005
 4.041437e+002  1.777519e-005
 4.047625e+002  1.983639e-005
 4.053812e+002  2.511988e-005
 4.060000e+002  2.579690e-005
 4.066187e+002  2.241416e-005
 4.072375e+002  1.797598e-005
 4.078562e+002  1.764248e-005
 4.084750e+002  2.379489e-005
 4.090937e+002  1.945285e-005
 4.097125e+002  1.844095e-005
 4.103312e+002  2.421658e-005
 4.109500e+002  2.022818e-005
 4.115687e+002  2.035440e-005
 4.121875e+002  1.945203e-005
 4.128062e+002  2.162643e-005
 4.134250e+002  2.434546e-005
 4.140437e+002  2.156299e-005
 4.146625e+002  2.336221e-005
 4.152812e+002  2.169944e-005
 4.159000e+002  1.769730e-005
 4.165187e+002  1.712438e-005
 4.171375e+002  1.600653e-005
 4.177562e+002  1.906157e-005
 4.183750e+002  2.425821e-005
 4.189937e+002  2.806469e-005
 4.196125e+002  2.708426e-005
 4.202312e+002  2.477436e-005
 4.208500e+002  1.736826e-005
 4.214687e+002  1.932292e-005
 4.220875e+002  2.498918e-005
 4.227062e+002  2.057151e-005
 4.233250e+002  1.930249e-005
 4.239437e+002  2.084034e-005
 4.245625e+002  1.897861e-005
 4.251812e+002  2.138761e-005
 4.258000e+002  2.199027e-005
 4.264187e+002  2.237843e-005
 4.270375e+002  2.143944e-005
 4.276562e+002  2.082732e-005
 4.282750e+002  1.909520e-005
 4.288937e+002  1.868429e-005
 4.295125e+002  2.134286e-005
 4.301312e+002  2.064821e-005
 4.307500e+002  2.200430e-005
 4.313687e+002  2.103734e-005
 4.319875e+002  1.529945e-005
 4.326062e+002  1.524386e-005
 4.332250e+002  2.032286e-005
 4.338437e+002  2.411708e-005
 4.344625e+002  2.668398e-005
 4.350812e+002  2.622315e-005
 4.357000e+002  2.303648e-005
 4.363187e+002  2.565672e-005
 4.369375e+002  2.043882e-005
 4.375562e+002  1.961866e-005
 4.381750e+002  2.019440e-005
 4.387937e+002  1.717730e-005
 4.394125e+002  2.051173e-005
 4.400312e+002  2.025152e-005
 4.406500e+002  2.058503e-005
 4.412687e+002  2.306141e-005
 4.418875e+002  2.179729e-005
 4.425062e+002  2.128068e-005
 4.431250e+002  2.005439e-005
 4.437437e+002  1.949461e-005
 4.443625e+002  1.809411e-005
 4.449812e+002  2.392593e-005
 4.456000e+002  2.229234e-005
 4.462187e+002  1.867656e-005
 4.468375e+002  1.877231e-005
 4.474562e+002  1.824432e-005
 4.480750e+002  1.981149e-005
 4.486937e+002  2.340336e-005
 4.493125e+002  6.585094e-005
 4.499312e+002  2.432505e-004
 4.505500e+002  2.044455e-004
 4.511687e+002  4.308433e-005
 4.517875e+002  2.301322e-005
 4.524062e+002  2.216883e-005
 4.530250e+002  2.257155e-005
 4.536437e+002  2.541154e-005
 4.542625e+002  2.633294e-005
 4.548812e+002  2.403631e-005
 4.555000e+002  2.486108e-005
 4.561187e+002  2.331925e-005
 4.567375e+002  2.625948e-005
 4.573562e+002  2.267994e-005
 4.579750e+002  1.789591e-005
 4.585937e+002  2.263068e-005
 4.592125e+002  2.376671e-005
 4.598312e+002  1.997918e-005
 4.604500e+002  2.184652e-005
 4.610687e+002  2.166580e-005
 4.616875e+002  2.219892e-005
 4.623062e+002  2.229712e-005
 4.629250e+002  2.244997e-005
 4.635437e+002  2.175886e-005
 4.641625e+002  1.947696e-005
 4.647812e+002  2.415552e-005
 4.654000e+002  2.113686e-005
 4.660187e+002  2.147626e-005
 4.666375e+002  2.365449e-005
 4.672562e+002  2.357253e-005
 4.678750e+002  2.334961e-005
 4.684937e+002  2.220383e-005
 4.691125e+002  1.636662e-005
 4.697312e+002  2.349833e-005
 4.703500e+002  2.445327e-005
 4.709687e+002  2.433132e-005
 4.715875e+002  2.106143e-005
 4.722062e+002  2.000029e-005
 4.728250e+002  2.161258e-005
 4.734437e+002  2.735987e-005
 4.740625e+002  2.872750e-005
 4.746812e+002  2.145744e-005
 4.753000e+002  1.940290e-005
 4.759187e+002  2.041335e-005
 4.765375e+002  2.389497e-005
 4.771562e+002  2.665012e-005
 4.777750e+002  2.102783e-005
 4.783937e+002  2.175192e-005
 4.790125e+002  2.320631e-005
 4.796312e+002  2.433554e-005
 4.802500e+002  2.184625e-005
 4.808687e+002  2.101185e-005
 4.814875e+002  1.968324e-005
 4.821062e+002  2.006295e-005
 4.827250e+002  2.248223e-005
 4.833437e+002  1.709652e-005
 4.839625e+002  1.696921e-005
 4.845812e+002  1.980363e-005
 4.852000e+002  1.775029e-005
 4.858187e+002  2.380028e-005
 4.864375e+002  2.338420e-005
 4.870562e+002  2.308636e-005
 4.876750e+002  2.432026e-005
 4.882937e+002  2.734125e-005
 4.889125e+002  2.540558e-005
 4.895312e+002  2.273088e-005
 4.901500e+002  2.270636e-005
 4.907687e+002  2.375228e-005
 4.913875e+002  2.452493e-005
 4.920062e+002  2.546323e-005
 4.926250e+002  2.252704e-005
 4.932437e+002  2.305830e-005
 4.938625e+002  2.531343e-005
 4.944812e+002  2.607428e-005
 4.951000e+002  1.912214e-005
 4.957187e+002  1.545611e-005
 4.963375e+002  2.274751e-005
 4.969562e+002  2.257415e-005
 4.975750e+002  2.134906e-005
 4.981937e+002  2.142240e-005
 4.988125e+002  1.827507e-005
 4.994312e+002  1.237032e-004
 5.000500e+002  3.233728e-004
 5.006687e+002  2.155731e-004
 5.012875e+002  2.710733e-005
 5.019062e+002  2.735263e-005
 5.025250e+002  2.673329e-005
 5.031437e+002  2.056422e-005
 5.037625e+002  2.091318e-005
 5.043812e+002  2.334763e-005
 5.050000e+002  2.610794e-005
 5.056187e+002  2.245183e-005
 5.062375e+002  2.080637e-005
 5.068562e+002  2.189292e-005
 5.074750e+002  2.118359e-005
 5.080937e+002  1.741225e-005
 5.087125e+002  2.351349e-005
 5.093312e+002  1.755513e-005
 5.099500e+002  1.797202e-005
 5.105687e+002  1.862150e-005
 5.111875e+002  2.066609e-005
 5.118062e+002  2.503884e-005
 5.124250e+002  2.470122e-005
 5.130437e+002  1.943417e-005
 5.136625e+002  2.303879e-005
 5.142812e+002  2.050881e-005
 5.149000e+002  2.470541e-005
 5.155187e+002  2.407837e-005
 5.161375e+002  2.019970e-005
 5.167562e+002  1.832305e-005
 5.173750e+002  1.778853e-005
 5.179937e+002  2.139274e-005
 5.186125e+002  2.316583e-005
 5.192312e+002  2.036514e-005
 5.198500e+002  1.938221e-005
 5.204687e+002  1.793656e-005
 5.210875e+002  2.079141e-005
 5.217062e+002  2.277359e-005
 5.223250e+002  1.837581e-005
 5.229437e+002  2.219997e-005
 5.235625e+002  2.369945e-005
 5.241812e+002  2.228693e-005
 5.248000e+002  1.813099e-005
 5.254187e+002  1.332855e-005
 5.260375e+002  1.368002e-005
 5.266562e+002  2.022481e-005
 5.272750e+002  2.049703e-005
 5.278937e+002  1.832104e-005
 5.285125e+002  1.861383e-005
 5.291312e+002  2.004629e-005
 5.297500e+002  2.048861e-005
 5.303687e+002  1.998177e-005
 5.309875e+002  1.767806e-005
 5.316062e+002  1.897345e-005
 5.322250e+002  2.046771e-005
 5.328437e+002  2.201314e-005
 5.334625e+002  2.424783e-005
 5.340812e+002  1.975351e-005
 5.347000e+002  1.806700e-005
 5.353187e+002  1.730179e-005
 5.359375e+002  2.144670e-005
 5.365562e+002  2.381939e-005
 5.371750e+002  2.024432e-005
 5.377937e+002  2.280746e-005
 5.384125e+002  2.634273e-005
 5.390312e+002  2.538968e-005
 5.396500e+002  2.405329e-005
 5.402687e+002  2.015320e-005
 5.408875e+002  2.147747e-005
 5.415062e+002  2.469509e-005
 5.421250e+002  1.973063e-005
 5.427437e+002  2.007629e-005
 5.433625e+002  2.293421e-005
 5.439812e+002  2.223107e-005
 5.446000e+002  2.083520e-005
 5.452187e+002  2.133211e-005
 5.458375e+002  2.259147e-005
 5.464562e+002  2.477932e-005
 5.470750e+002  2.573797e-005
 5.476937e+002  2.089515e-005
 5.483125e+002  1.945773e-005
 5.489312e+002  2.242229e-005
 5.495500e+002  2.003479e-004
 5.501687e+002  4.213486e-004
 5.507875e+002  2.280870e-004
 5.514062e+002  2.194943e-005
 5.520250e+002  2.362174e-005
 5.526437e+002  2.198815e-005
 5.532625e+002  2.601075e-005
 5.538812e+002  2.384544e-005
 5.545000e+002  1.783174e-005
 5.551187e+002  1.881058e-005
 5.557375e+002  1.979056e-005
 5.563562e+002  1.498596e-005
 5.569750e+002  1.568597e-005
 5.575937e+002  1.911876e-005
 5.582125e+002  2.234584e-005
 5.588312e+002  2.205829e-005
 5.594500e+002  1.636211e-005
 5.600687e+002  1.802274e-005
 5.606875e+002  2.524430e-005
 5.613062e+002  2.467707e-005
 5.619250e+002  2.223569e-005
 5.625437e+002  2.267261e-005
 5.631625e+002  2.084154e-005
 5.637812e+002  2.230724e-005
 5.644000e+002  1.775939e-005
 5.650187e+002  1.890509e-005
 5.656375e+002  2.239125e-005
 5.662562e+002  2.323135e-005
 5.668750e+002  2.044992e-005
 5.674937e+002  1.863466e-005
 5.681125e+002  1.972900e-005
 5.687312e+002  1.874673e-005
 5.693500e+002  2.197549e-005
 5.699687e+002  1.999947e-005
 5.705875e+002  2.203935e-005
 5.712062e+002  2.530283e-005
 5.718250e+002  1.671050e-005
 5.724437e+002  1.918653e-005
 5.730625e+002  2.065301e-005
 5.736812e+002  1.788338e-005
 5.743000e+002  1.888767e-005
 5.749187e+002  2.107592e-005
 5.755375e+002  2.302218e-005
 5.761562e+002  2.359231e-005
 5.767750e+002  2.392950e-005
 5.773937e+002  1.850430e-005
 5.780125e+002  1.755546e-005
 5.786312e+002  2.335105e-005
 5.792500e+002  2.661837e-005
 5.798687e+002  2.593033e-005
 5.804875e+002  2.145008e-005
 5.811062e+002  2.053449e-005
 5.817250e+002  1.812552e-005
 5.823437e+002  2.691696e-005
 5.829625e+002  2.445178e-005
 5.835812e+002  2.279152e-005
 5.842000e+002  2.158598e-005
 5.848187e+002  2.378035e-005
 5.854375e+002  2.284583e-005
 5.860562e+002  2.250042e-005
 5.866750e+002  2.140350e-005
 5.872937e+002  1.320706e-005
 5.879125e+002  1.682220e-005
 5.885312e+002  2.066709e-005
 5.891500e+002  2.280966e-005
 5.897687e+002  2.604884e-005
 5.903875e+002  2.400432e-005
 5.910062e+002  1.959465e-005
 5.916250e+002  2.017558e-005
 5.922437e+002  2.308341e-005
 5.928625e+002  2.225561e-005
 5.934812e+002  2.323122e-005
 5.941000e+002  1.653023e-005
 5.947187e+002  1.728497e-005
 5.953375e+002  1.838998e-005
 5.959562e+002  2.070184e-005
 5.965750e+002  2.388862e-005
 5.971937e+002  3.227393e-005
 5.978125e+002  2.779824e-005
 5.984312e+002  2.133189e-005
 5.990500e+002  2.180700e-005
 5.996687e+002  1.034914e-004
 6.002875e+002  1.634873e-004
 6.009062e+002  6.214454e-005
 6.015250e+002  1.916575e-005
 6.021437e+002  1.891014e-005
 6.027625e+002  1.831997e-005
 6.033812e+002  1.907798e-005
 6.040000e+002  1.692060e-005
 6.046187e+002  1.905612e-005
 6.052375e+002  1.962608e-005
 6.058562e+002  1.851836e-005
 6.064750e+002  2.015681e-005
 6.070937e+002  2.104917e-005
 6.077125e+002  1.895637e-005
 6.083312e+002  2.474643e-005
 6.089500e+002  2.552510e-005
 6.095687e+002  1.917289e-005
 6.101875e+002  1.564552e-005
 6.108062e+002  2.193404e-005
 6.114250e+002  2.714852e-005
 6.120437e+002  1.692505e-005
 6.126625e+002  1.621301e-005
 6.132812e+002  1.896865e-005
 6.139000e+002  2.151581e-005
 6.145187e+002  2.363249e-005
 6.151375e+002  2.052582e-005
 6.157562e+002  1.734689e-005
 6.163750e+002  1.776814e-005
 6.169937e+002  2.070483e-005
 6.176125e+002  2.511827e-005
 6.182312e+002  2.506908e-005
 6.188500e+002  2.335515e-005
 6.194687e+002  2.134259e-005
 6.200875e+002  2.480375e-005
 6.207062e+002  2.322673e-005
 6.213250e+002  2.074140e-005
 6.219437e+002  2.060652e-005
 6.225625e+002  2.759993e-005
 6.231812e+002  2.814332e-005
 6.238000e+002  2.540553e-005
 6.244187e+002  2.089572e-005
 6.250375e+002  2.166124e-005
 6.256562e+002  2.335510e-005
 6.262750e+002  2.337517e-005
 6.268937e+002  2.342233e-005
 6.275125e+002  2.508685e-005
 6.281312e+002  2.448971e-005
 6.287500e+002  2.319134e-005
 6.293687e+002  1.834032e-005
 6.299875e+002  1.790126e-005
 6.306062e+002  1.835564e-005
 6.312250e+002  2.477232e-005
 6.318437e+002  2.888629e-005
 6.324625e+002  2.090169e-005
 6.330812e+002  1.853595e-005
 6.337000e+002  2.118694e-005
 6.343187e+002  2.635526e-005
 6.349375e+002  2.795296e-005
 6.355562e+002  2.123624e-005
 6.361750e+002  1.899449e-005
 6.367937e+002  2.348997e-005
 6.374125e+002  1.982003e-005
 6.380312e+002  1.826353e-005
 6.386500e+002  1.624535e-005
 6.392687e+002  2.197278e-005
 6.398875e+002  2.394281e-005
 6.405062e+002  2.478127e-005
 6.411250e+002  2.068821e-005
 6.417437e+002  1.898882e-005
 6.423625e+002  1.717513e-005
 6.429812e+002  2.398243e-005
 6.436000e+002  2.356470e-005
 6.442187e+002  2.362745e-005
 6.448375e+002  2.227589e-005
 6.454562e+002  2.167960e-005
 6.460750e+002  2.226277e-005
 6.466937e+002  1.701770e-005
 6.473125e+002  1.908281e-005
 6.479312e+002  2.044735e-005
 6.485500e+002  1.938092e-005
 6.491687e+002  4.487043e-005
 6.497875e+002  3.003908e-004
 6.504062e+002  3.991613e-004
 6.510250e+002  1.249642e-004
 6.516437e+002  3.029496e-005
 6.522625e+002  2.187912e-005
 6.528812e+002  1.638677e-005
 6.535000e+002  1.688226e-005
 6.541187e+002  1.935923e-005
 6.547375e+002  1.973820e-005
 6.553562e+002  2.018901e-005
 6.559750e+002  2.481053e-005
 6.565937e+002  2.426987e-005
 6.572125e+002  1.951408e-005
 6.578312e+002  1.742766e-005
 6.584500e+002  1.786352e-005
 6.590687e+002  2.004890e-005
 6.596875e+002  1.791187e-005
 6.603062e+002  1.728663e-005
 6.609250e+002  2.159446e-005
 6.615437e+002  2.277533e-005
 6.621625e+002  2.029697e-005
 6.627812e+002  2.055791e-005
 6.634000e+002  2.145510e-005
 6.640187e+002  2.094756e-005
 6.646375e+002  1.945965e-005
 6.652562e+002  2.021829e-005
 6.658750e+002  2.088623e-005
 6.664937e+002  2.185370e-005
 6.671125e+002  1.736008e-005
 6.677312e+002  1.977581e-005
 6.683500e+002  2.140212e-005
 6.689687e+002  2.399864e-005
 6.695875e+002  2.690220e-005
 6.702062e+002  2.069256e-005
 6.708250e+002  2.201515e-005
 6.714437e+002  2.742290e-005
 6.720625e+002  2.344226e-005
 6.726812e+002  2.004002e-005
 6.733000e+002  1.980941e-005
 6.739187e+002  2.274790e-005
 6.745375e+002  2.329445e-005
 6.751562e+002  2.646990e-005
 6.757750e+002  2.809307e-005
 6.763937e+002  2.306930e-005
 6.770125e+002  1.680207e-005
 6.776312e+002  1.535946e-005
 6.782500e+002  2.564545e-005
 6.788687e+002  2.322124e-005
 6.794875e+002  2.253315e-005
 6.801062e+002  2.381099e-005
 6.807250e+002  2.195912e-005
 6.813437e+002  2.020561e-005
 6.819625e+002  1.919735e-005
 6.825812e+002  1.901294e-005
 6.832000e+002  2.144617e-005
 6.838187e+002  1.843658e-005
 6.844375e+002  1.776216e-005
 6.850562e+002  2.044876e-005
 6.856750e+002  2.082896e-005
 6.862937e+002  2.229484e-005
 6.869125e+002  1.493636e-005
 6.875312e+002  1.339383e-005
 6.881500e+002  1.929704e-005
 6.887687e+002  2.525341e-005
 6.893875e+002  2.380040e-005
 6.900062e+002  2.285034e-005
 6.906250e+002  1.740111e-005
 6.912437e+002  2.078780e-005
 6.918625e+002  2.567181e-005
 6.924812e+002  2.428830e-005
 6.931000e+002  2.342918e-005
 6.937187e+002  2.403831e-005
 6.943375e+002  1.928139e-005
 6.949562e+002  1.688473e-005
 6.955750e+002  1.932744e-005
 6.961937e+002  1.884079e-005
 6.968125e+002  2.088997e-005
 6.974312e+002  1.998383e-005
 6.980500e+002  1.693896e-005
 6.986687e+002  1.462547e-005
 6.992875e+002  4.445582e-005
 6.999062e+002  1.951106e-004
 7.005250e+002  2.076694e-004
 7.011437e+002  5.441425e-005
 7.017625e+002  2.129949e-005
 7.023812e+002  2.605588e-005
 7.030000e+002  2.359446e-005
 7.036187e+002  2.170997e-005
 7.042375e+002  1.772054e-005
 7.048562e+002  2.221334e-005
 7.054750e+002  2.114120e-005
 7.060937e+002  2.215078e-005
 7.067125e+002  2.014311e-005
 7.073312e+002  2.290992e-005
 7.079500e+002  2.004596e-005
 7.085687e+002  2.024396e-005
 7.091875e+002  1.762762e-005
 7.098062e+002  1.996589e-005
 7.104250e+002  2.402821e-005
 7.110437e+002  2.072000e-005
 7.116625e+002  2.059683e-005
 7.122812e+002  2.117003e-005
 7.129000e+002  2.094005e-005
 7.135187e+002  1.943954e-005
 7.141375e+002  1.331654e-005
 7.147562e+002  1.973100e-005
 7.153750e+002  2.269752e-005
 7.159937e+002  1.791443e-005
 7.166125e+002  1.323200e-005
 7.172312e+002  1.948656e-005
 7.178500e+002  2.081251e-005
 7.184687e+002  2.285383e-005
 7.190875e+002  2.167217e-005
 7.197062e+002  2.602389e-005
 7.203250e+002  2.178937e-005
 7.209437e+002  2.386407e-005
 7.215625e+002  2.373348e-005
 7.221812e+002  1.867878e-005
 7.228000e+002  1.799172e-005
 7.234187e+002  2.270486e-005
 7.240375e+002  1.905960e-005
 7.246562e+002  2.202669e-005
 7.252750e+002  2.282570e-005
 7.258937e+002  2.350833e-005
 7.265125e+002  1.972718e-005
 7.271312e+002  1.840822e-005
 7.277500e+002  2.116329e-005
 7.283687e+002  1.969654e-005
 7.289875e+002  1.999687e-005
 7.296062e+002  1.931027e-005
 7.302250e+002  2.320514e-005
 7.308437e+002  1.813803e-005
 7.314625e+002  2.077003e-005
 7.320812e+002  2.434238e-005
 7.327000e+002  2.646036e-005
 7.333187e+002  2.434635e-005
 7.339375e+002  1.790317e-005
 7.345562e+002  1.788233e-005
 7.351750e+002  2.119531e-005
 7.357937e+002  1.950753e-005
 7.364125e+002  1.561013e-005
 7.370312e+002  2.038501e-005
 7.376500e+002  2.610464e-005
 7.382687e+002  2.248829e-005
 7.388875e+002  2.109252e-005
 7.395062e+002  2.029157e-005
 7.401250e+002  1.995206e-005
 7.407437e+002  1.579241e-005
 7.413625e+002  1.926469e-005
 7.419812e+002  1.846982e-005
 7.426000e+002  2.050457e-005
 7.432187e+002  1.855913e-005
 7.438375e+002  1.940054e-005
 7.444562e+002  2.248149e-005
 7.450750e+002  2.453630e-005
 7.456937e+002  2.096236e-005
 7.463125e+002  2.057497e-005
 7.469312e+002  2.109575e-005
 7.475500e+002  2.178577e-005
 7.481687e+002  1.881318e-005
 7.487875e+002  2.201018e-005
 7.494062e+002  7.243851e-005
 7.500250e+002  2.427927e-004
 7.506437e+002  2.078505e-004
 7.512625e+002  4.182036e-005
 7.518812e+002  1.948685e-005
 7.525000e+002  1.622022e-005
 7.531187e+002  2.073942e-005
 7.537375e+002  2.187716e-005
 7.543562e+002  2.032740e-005
 7.549750e+002  2.026404e-005
 7.555937e+002  1.673417e-005
 7.562125e+002  1.937913e-005
 7.568312e+002  2.155714e-005
 7.574500e+002  2.158816e-005
 7.580687e+002  1.761401e-005
 7.586875e+002  1.611621e-005
 7.593062e+002  2.213389e-005
 7.599250e+002  2.504948e-005
 7.605437e+002  1.985857e-005
 7.611625e+002  1.811123e-005
 7.617812e+002  1.777340e-005
 7.624000e+002  1.565077e-005
 7.630187e+002  2.118571e-005
 7.636375e+002  2.142567e-005
 7.642562e+002  1.775780e-005
 7.648750e+002  1.623658e-005
 7.654937e+002  2.184284e-005
 7.661125e+002  2.360080e-005
 7.667312e+002  2.156782e-005
 7.673500e+002  1.852781e-005
 7.679687e+002  1.707186e-005
 7.685875e+002  1.878582e-005
 7.692062e+002  1.958435e-005
 7.698250e+002  1.679171e-005
 7.704437e+002  2.264732e-005
 7.710625e+002  2.176710e-005
 7.716812e+002  1.834462e-005
 7.723000e+002  1.830798e-005
 7.729187e+002  1.562957e-005
 7.735375e+002  1.651842e-005
 7.741562e+002  1.724428e-005
 7.747750e+002  2.146515e-005
 7.753937e+002  2.361822e-005
 7.760125e+002  2.372215e-005
 7.766312e+002  1.884871e-005
 7.772500e+002  2.147070e-005
 7.778687e+002  1.809037e-005
 7.784875e+002  2.388777e-005
 7.791062e+002  2.615630e-005
 7.797250e+002  2.099730e-005
 7.803437e+002  1.378074e-005
 7.809625e+002  1.717771e-005
 7.815812e+002  2.137860e-005
 7.822000e+002  2.604377e-005
 7.828187e+002  2.450629e-005
 7.834375e+002  1.874171e-005
 7.840562e+002  2.275618e-005
 7.846750e+002  2.124985e-005
 7.852937e+002  1.713284e-005
 7.859125e+002  2.424331e-005
 7.865312e+002  2.742400e-005
 7.871500e+002  2.417670e-005
 7.877687e+002  2.205703e-005
 7.883875e+002  1.948279e-005
 7.890062e+002  2.397679e-005
 7.896250e+002  2.350217e-005
 7.902437e+002  1.667622e-005
 7.908625e+002  1.728964e-005
 7.914812e+002  1.642599e-005
 7.921000e+002  1.777937e-005
 7.927187e+002  2.162467e-005
 7.933375e+002  2.218639e-005
 7.939562e+002  2.231354e-005
 7.945750e+002  1.822669e-005
 7.951937e+002  1.443351e-005
 7.958125e+002  1.685726e-005
 7.964312e+002  1.820359e-005
 7.970500e+002  2.315264e-005
 7.976687e+002  2.366477e-005
 7.982875e+002  2.277983e-005
 7.989062e+002  2.299097e-005
 7.995250e+002  5.890825e-005
 8.001437e+002  1.499291e-004
 8.007625e+002  1.040544e-004
 8.013812e+002  2.436044e-005
 8.020000e+002  2.321002e-005
 8.026187e+002  2.538963e-005
 8.032375e+002  1.942756e-005
 8.038562e+002  1.834015e-005
 8.044750e+002  1.979482e-005
 8.050937e+002  2.019681e-005
 8.057125e+002  1.842922e-005
 8.063312e+002  1.467659e-005
 8.069500e+002  1.510870e-005
 8.075687e+002  2.027974e-005
 8.081875e+002  1.962044e-005
 8.088062e+002  2.224024e-005
 8.094250e+002  1.983307e-005
 8.100437e+002  1.635221e-005
 8.106625e+002  1.841251e-005
 8.112812e+002  1.776113e-005
 8.119000e+002  1.851630e-005
 8.125187e+002  2.399162e-005
 8.131375e+002  2.257790e-005
 8.137562e+002  1.589157e-005
 8.143750e+002  1.824083e-005
 8.149937e+002  2.590867e-005
 8.156125e+002  2.369049e-005
 8.162312e+002  2.268571e-005
 8.168500e+002  2.165082e-005
 8.174687e+002  2.393369e-005
 8.180875e+002  2.376300e-005
 8.187062e+002  2.054379e-005
 8.193250e+002  2.269890e-005
 8.199437e+002  2.326763e-005
 8.205625e+002  2.075130e-005
 8.211812e+002  2.207278e-005
 8.218000e+002  2.051618e-005
 8.224187e+002  2.246644e-005
 8.230375e+002  2.486881e-005
 8.236562e+002  2.305267e-005
 8.242750e+002  2.034094e-005
 8.248937e+002  1.422012e-005
 8.255125e+002  2.046070e-005
 8.261312e+002  2.416319e-005
 8.267500e+002  1.772532e-005
 8.273687e+002  2.029914e-005
 8.279875e+002  2.373288e-005
 8.286062e+002  2.064675e-005
 8.292250e+002  1.982099e-005
 8.298437e+002  2.168771e-005
 8.304625e+002  1.816330e-005
 8.310812e+002  1.747523e-005
 8.317000e+002  1.801991e-005
 8.323187e+002  1.864239e-005
 8.329375e+002  1.991348e-005
 8.335562e+002  2.409292e-005
 8.341750e+002  2.333188e-005
 8.347937e+002  1.922444e-005
 8.354125e+002  1.951664e-005
 8.360312e+002  2.186915e-005
 8.366500e+002  2.075615e-005
 8.372687e+002  1.496001e-005
 8.378875e+002  1.940189e-005
 8.385062e+002  2.251038e-005
 8.391250e+002  2.064608e-005
 8.397437e+002  1.944120e-005
 8.403625e+002  1.662714e-005
 8.409812e+002  2.034540e-005
 8.416000e+002  2.095717e-005
 8.422187e+002  1.770219e-005
 8.428375e+002  1.835545e-005
 8.434562e+002  2.310617e-005
 8.440750e+002  1.741256e-005
 8.446937e+002  1.747090e-005
 8.453125e+002  1.908206e-005
 8.459312e+002  1.975191e-005
 8.465500e+002  2.144355e-005
 8.471687e+002  2.124952e-005
 8.477875e+002  2.349786e-005
 8.484062e+002  2.157539e-005
 8.490250e+002  2.211895e-005
 8.496437e+002  1.274937e-004
 8.502625e+002  2.751539e-004
 8.508812e+002  1.544297e-004
 8.515000e+002  2.389490e-005
 8.521187e+002  2.374884e-005
 8.527375e+002  2.348733e-005
 8.533562e+002  1.870979e-005
 8.539750e+002  2.454743e-005
 8.545937e+002  2.498630e-005
 8.552125e+002  2.155687e-005
 8.558312e+002  2.095844e-005
 8.564500e+002  2.480192e-005
 8.570687e+002  2.490112e-005
 8.576875e+002  2.079416e-005
 8.583062e+002  2.258643e-005
 8.589250e+002  2.265646e-005
 8.595437e+002  2.355364e-005
 8.601625e+002  2.371007e-005
 8.607812e+002  1.756522e-005
 8.614000e+002  1.879406e-005
 8.620187e+002  1.933323e-005
 8.626375e+002  1.780666e-005
 8.632562e+002  1.799595e-005
 8.638750e+002  2.030820e-005
 8.644937e+002  2.053813e-005
 8.651125e+002  1.915569e-005
 8.657312e+002  1.857892e-005
 8.663500e+002  2.013013e-005
 8.669687e+002  2.261592e-005
 8.675875e+002  2.232903e-005
 8.682062e+002  1.788874e-005
 8.688250e+002  1.985367e-005
 8.694437e+002  2.135015e-005
 8.700625e+002  2.039613e-005
 8.706812e+002  2.154379e-005
 8.713000e+002  2.070963e-005
 8.719187e+002  2.210685e-005
 8.725375e+002  1.859377e-005
 8.731562e+002  1.996295e-005
 8.737750e+002  1.985472e-005
 8.743937e+002  2.052646e-005
 8.750125e+002  2.177708e-005
 8.756312e+002  1.673398e-005
 8.762500e+002  2.074475e-005
 8.768687e+002  2.158506e-005
 8.774875e+002  1.714216e-005
 8.781062e+002  1.616738e-005
 8.787250e+002  1.866172e-005
 8.793437e+002  1.743467e-005
 8.799625e+002  1.956169e-005
 8.805812e+002  2.309006e-005
 8.812000e+002  1.878124e-005
 8.818187e+002  1.862582e-005
 8.824375e+002  1.865465e-005
 8.830562e+002  1.851063e-005
 8.836750e+002  1.702789e-005
 8.842937e+002  2.125917e-005
 8.849125e+002  2.006609e-005
 8.855312e+002  1.966626e-005
 8.861500e+002  2.015157e-005
 8.867687e+002  2.597952e-005
 8.873875e+002  2.181154e-005
 8.880062e+002  1.630687e-005
 8.886250e+002  1.673192e-005
 8.892437e+002  1.902231e-005
 8.898625e+002  1.979753e-005
 8.904812e+002  2.032577e-005
 8.911000e+002  2.203826e-005
 8.917187e+002  2.136311e-005
 8.923375e+002  1.793860e-005
 8.929562e+002  1.851740e-005
 8.935750e+002  1.806270e-005
 8.941937e+002  1.955637e-005
 8.948125e+002  1.680543e-005
 8.954312e+002  1.661823e-005
 8.960500e+002  1.953390e-005
 8.966687e+002  2.639187e-005
 8.972875e+002  2.157084e-005
 8.979062e+002  2.039475e-005
 8.985250e+002  1.897711e-005
 8.991437e+002  1.238809e-005
 8.997625e+002  7.116865e-005
 9.003812e+002  1.265251e-004
 9.010000e+002  5.989929e-005
 9.016187e+002  2.388190e-005
 9.022375e+002  2.133294e-005
 9.028562e+002  1.886262e-005
 9.034750e+002  1.271658e-005
 9.040937e+002  1.903486e-005
 9.047125e+002  2.054395e-005
 9.053312e+002  2.048323e-005
 9.059500e+002  2.218357e-005
 9.065687e+002  1.658536e-005
 9.071875e+002  1.106867e-005
 9.078062e+002  1.656938e-005
 9.084250e+002  1.924523e-005
 9.090437e+002  2.154870e-005
 9.096625e+002  2.193434e-005
 9.102812e+002  2.013270e-005
 9.109000e+002  2.036682e-005
 9.115187e+002  1.517602e-005
 9.121375e+002  1.700855e-005
 9.127562e+002  1.778814e-005
 9.133750e+002  2.001428e-005
 9.139937e+002  2.017689e-005
 9.146125e+002  1.756538e-005
 9.152312e+002  1.952225e-005
 9.158500e+002  2.174407e-005
 9.164687e+002  1.810782e-005
 9.170875e+002  1.962563e-005
 9.177062e+002  2.118967e-005
 9.183250e+002  2.393175e-005
 9.189437e+002  2.013766e-005
 9.195625e+002  1.841867e-005
 9.201812e+002  1.754002e-005
 9.208000e+002  2.008401e-005
 9.214187e+002  1.695176e-005
 9.220375e+002  1.953418e-005
 9.226562e+002  1.521107e-005
 9.232750e+002  1.730693e-005
 9.238937e+002  2.158588e-005
 9.245125e+002  1.869801e-005
 9.251312e+002  2.195478e-005
 9.257500e+002  2.466520e-005
 9.263687e+002  2.232615e-005
 9.269875e+002  1.800437e-005
 9.276062e+002  2.080130e-005
 9.282250e+002  2.255888e-005
 9.288437e+002  1.549067e-005
 9.294625e+002  1.956368e-005
 9.300812e+002  2.274388e-005
 9.307000e+002  2.576212e-005
 9.313187e+002  2.487986e-005
 9.319375e+002  2.264287e-005
 9.325562e+002  2.150100e-005
 9.331750e+002  2.160544e-005
 9.337937e+002  1.872174e-005
 9.344125e+002  1.885380e-005
 9.350312e+002  2.079557e-005
 9.356500e+002  1.870623e-005
 9.362687e+002  1.905963e-005
 9.368875e+002  1.985410e-005
 9.375062e+002  1.987926e-005
 9.381250e+002  2.010066e-005
 9.387437e+002  1.977605e-005
 9.393625e+002  2.198088e-005
 9.399812e+002  1.989090e-005
 9.406000e+002  1.932680e-005
 9.412187e+002  1.572090e-005
 9.418375e+002  1.547255e-005
 9.424562e+002  1.656503e-005
 9.430750e+002  1.835807e-005
 9.436937e+002  1.708079e-005
 9.443125e+002  2.248066e-005
 9.449312e+002  2.318892e-005
 9.455500e+002  1.646578e-005
 9.461687e+002  1.854540e-005
 9.467875e+002  1.541399e-005
 9.474062e+002  1.747757e-005
 9.480250e+002  1.711842e-005
 9.486437e+002  1.981590e-005
 9.492625e+002  2.977852e-005
 9.498812e+002  1.714103e-004
 9.505000e+002  2.235226e-004
 9.511187e+002  6.822930e-005
 9.517375e+002  1.840280e-005
 9.523562e+002  1.947653e-005
 9.529750e+002  1.711809e-005
 9.535937e+002  1.562686e-005
 9.542125e+002  1.581966e-005
 9.548312e+002  1.851618e-005
 9.554500e+002  2.406666e-005
 9.560687e+002  2.293200e-005
 9.566875e+002  2.013582e-005
 9.573062e+002  1.798726e-005
 9.579250e+002  1.752251e-005
 9.585437e+002  1.904493e-005
 9.591625e+002  1.552469e-005
 9.597812e+002  1.677133e-005
 9.604000e+002  2.075378e-005
 9.610187e+002  2.153165e-005
 9.616375e+002  1.476479e-005
 9.622562e+002  1.785936e-005
 9.628750e+002  1.792051e-005
 9.634937e+002  1.678547e-005
 9.641125e+002  2.321946e-005
 9.647312e+002  2.726624e-005
 9.653500e+002  1.995803e-005
 9.659687e+002  1.502784e-005
 9.665875e+002  1.598076e-005
 9.672062e+002  1.727576e-005
 9.678250e+002  1.646929e-005
 9.684437e+002  1.796476e-005
 9.690625e+002  1.853532e-005
 9.696812e+002  1.436721e-005
 9.703000e+002  1.563234e-005
 9.709187e+002  1.391367e-005
 9.715375e+002  1.929184e-005
 9.721562e+002  1.946192e-005
 9.727750e+002  1.402858e-005
 9.733937e+002  1.362415e-005
 9.740125e+002  1.764356e-005
 9.746312e+002  2.297957e-005
 9.752500e+002  2.822232e-005
 9.758687e+002  2.305956e-005
 9.764875e+002  2.257785e-005
 9.771062e+002  2.136690e-005
 9.777250e+002  2.272507e-005
 9.783437e+002  2.270792e-005
 9.789625e+002  1.994219e-005
 9.795812e+002  1.559280e-005
 9.802000e+002  1.669487e-005
 9.808187e+002  1.913347e-005
 9.814375e+002  1.676610e-005
 9.820562e+002  2.048456e-005
 9.826750e+002  1.904631e-005
 9.832937e+002  1.607150e-005
 9.839125e+002  2.040540e-005
 9.845312e+002  2.461537e-005
 9.851500e+002  1.961251e-005
 9.857687e+002  1.599947e-005
 9.863875e+002  1.562318e-005
 9.870062e+002  1.938566e-005
 9.876250e+002  1.650425e-005
 9.882437e+002  1.525902e-005
 9.888625e+002  1.583473e-005
 9.894812e+002  1.489624e-005
 9.901000e+002  1.734644e-005
 9.907187e+002  1.629604e-005
 9.913375e+002  1.583351e-005
 9.919562e+002  2.174645e-005
 9.925750e+002  2.071721e-005
 9.931937e+002  1.913864e-005
 9.938125e+002  1.807571e-005
 9.944312e+002  2.337821e-005
 9.950500e+002  2.459631e-005
 9.956687e+002  1.883599e-005
 9.962875e+002  2.059836e-005
 9.969062e+002  2.051803e-005
 9.975250e+002  2.145314e-005
 9.981437e+002  2.285971e-005
 9.987625e+002  1.881452e-005
 9.993812e+002  2.676239e-005
 1.000000e+003  9.475275e-005
