 1.000000e+000  1.346737e-003
 1.247500e+000  1.245096e-003
 1.495000e+000  1.318971e-003
 1.742500e+000  1.073929e-003
 1.990000e+000  1.061818e-003
 2.237500e+000  8.511434e-004
 2.485000e+000  6.820092e-004
 2.732500e+000  5.356012e-004
 2.980000e+000  4.915636e-004
 3.227500e+000  3.953875e-004
 3.475000e+000  4.660794e-004
 3.722500e+000  3.235805e-004
 3.970000e+000  5.455174e-004
 4.217500e+000  6.490566e-004
 4.465000e+000  5.269266e-004
 4.712500e+000  2.963371e-004
 4.960000e+000  4.753041e-004
 5.207500e+000  4.905438e-004
 5.455000e+000  2.902209e-004
 5.702500e+000  2.639453e-004
 5.950000e+000  2.512037e-004
 6.197500e+000  2.965334e-004
 6.445000e+000  3.088252e-004
 6.692500e+000  2.343356e-004
 6.940000e+000  2.727183e-004
 7.187500e+000  2.815743e-004
 7.435000e+000  2.823153e-004
 7.682500e+000  2.513482e-004
 7.930000e+000  2.189883e-004
 8.177500e+000  2.814158e-004
 8.425000e+000  1.798533e-004
 8.672500e+000  1.716571e-004
 8.920000e+000  2.311654e-004
 9.167500e+000  3.382776e-004
 9.415000e+000  2.957695e-004
 9.662500e+000  1.585072e-004
 9.910000e+000  1.517715e-004
 1.015750e+001  2.259169e-004
 1.040500e+001  1.805061e-004
 1.065250e+001  2.372089e-004
 1.090000e+001  1.062241e-004
 1.114750e+001  1.201713e-004
 1.139500e+001  1.452684e-004
 1.164250e+001  2.534274e-004
 1.189000e+001  2.629890e-004
 1.213750e+001  2.401411e-004
 1.238500e+001  1.897139e-004
 1.263250e+001  1.610783e-004
 1.288000e+001  9.190251e-005
 1.312750e+001  1.162301e-004
 1.337500e+001  1.595418e-004
 1.362250e+001  1.459580e-004
 1.387000e+001  1.616896e-004
 1.411750e+001  2.506212e-004
 1.436500e+001  2.663256e-004
 1.461250e+001  2.700175e-004
 1.486000e+001  2.073977e-004
 1.510750e+001  1.627914e-004
 1.535500e+001  2.281368e-004
 1.560250e+001  1.739065e-004
 1.585000e+001  1.315294e-004
 1.609750e+001  2.175273e-004
 1.634500e+001  1.748881e-004
 1.659250e+001  1.333792e-004
 1.684000e+001  2.029529e-004
 1.708750e+001  3.246196e-004
 1.733500e+001  2.403064e-004
 1.758250e+001  1.552780e-004
 1.783000e+001  1.592428e-004
 1.807750e+001  1.325522e-004
 1.832500e+001  1.556179e-004
 1.857250e+001  1.687698e-004
 1.882000e+001  1.622367e-004
 1.906750e+001  2.023528e-004
 1.931500e+001  1.680768e-004
 1.956250e+001  1.648070e-004
 1.981000e+001  1.985916e-004
 2.005750e+001  1.972236e-004
 2.030500e+001  1.602928e-004
 2.055250e+001  1.609819e-004
 2.080000e+001  1.960600e-004
 2.104750e+001  1.790480e-004
 2.129500e+001  1.794979e-004
 2.154250e+001  1.464569e-004
 2.179000e+001  9.585675e-005
 2.203750e+001  1.062423e-004
 2.228500e+001  9.117259e-005
 2.253250e+001  1.004154e-004
 2.278000e+001  1.246434e-004
 2.302750e+001  7.972387e-005
 2.327500e+001  1.314421e-004
 2.352250e+001  1.295856e-004
 2.377000e+001  6.296168e-005
 2.401750e+001  1.368701e-004
 2.426500e+001  1.476244e-004
 2.451250e+001  9.198901e-005
 2.476000e+001  1.276626e-004
 2.500750e+001  1.571911e-004
 2.525500e+001  2.354047e-004
 2.550250e+001  1.870418e-004
 2.575000e+001  1.468603e-004
 2.599750e+001  1.242087e-004
 2.624500e+001  1.674066e-004
 2.649250e+001  1.363318e-004
 2.674000e+001  1.068635e-004
 2.698750e+001  1.021497e-004
 2.723500e+001  1.275883e-004
 2.748250e+001  1.457385e-004
 2.773000e+001  1.836027e-004
 2.797750e+001  9.995629e-005
 2.822500e+001  1.045839e-004
 2.847250e+001  1.381627e-004
 2.872000e+001  1.693142e-004
 2.896750e+001  1.824104e-004
 2.921500e+001  1.241667e-004
 2.946250e+001  1.895689e-004
 2.971000e+001  1.149656e-004
 2.995750e+001  9.764965e-005
 3.020500e+001  1.187255e-004
 3.045250e+001  1.530282e-004
 3.070000e+001  1.649447e-004
 3.094750e+001  1.034154e-004
 3.119500e+001  9.404707e-005
 3.144250e+001  1.070453e-004
 3.169000e+001  1.249291e-004
 3.193750e+001  1.505211e-004
 3.218500e+001  9.423660e-005
 3.243250e+001  1.583649e-004
 3.268000e+001  1.558010e-004
 3.292750e+001  7.857516e-005
 3.317500e+001  7.070340e-005
 3.342250e+001  1.231603e-004
 3.367000e+001  1.269037e-004
 3.391750e+001  1.266337e-004
 3.416500e+001  1.277482e-004
 3.441250e+001  1.308593e-004
 3.466000e+001  1.290728e-004
 3.490750e+001  1.645870e-004
 3.515500e+001  1.150051e-004
 3.540250e+001  9.513012e-005
 3.565000e+001  8.700554e-005
 3.589750e+001  7.535150e-005
 3.614500e+001  7.537821e-005
 3.639250e+001  5.417464e-005
 3.664000e+001  9.146826e-005
 3.688750e+001  6.324881e-005
 3.713500e+001  1.200386e-004
 3.738250e+001  8.481769e-005
 3.763000e+001  8.375233e-005
 3.787750e+001  1.034381e-004
 3.812500e+001  1.431862e-004
 3.837250e+001  1.328982e-004
 3.862000e+001  1.194275e-004
 3.886750e+001  8.315836e-005
 3.911500e+001  1.430491e-004
 3.936250e+001  2.599684e-004
 3.961000e+001  1.815555e-004
 3.985750e+001  1.268714e-004
 4.010500e+001  1.412906e-004
 4.035250e+001  1.193325e-004
 4.060000e+001  1.291734e-004
 4.084750e+001  1.554616e-004
 4.109500e+001  1.310077e-004
 4.134250e+001  1.056687e-004
 4.159000e+001  9.053272e-005
 4.183750e+001  7.992903e-005
 4.208500e+001  1.285711e-004
 4.233250e+001  1.228058e-004
 4.258000e+001  2.744395e-004
 4.282750e+001  2.908971e-004
 4.307500e+001  1.052892e-004
 4.332250e+001  4.722679e-005
 4.357000e+001  9.674227e-005
 4.381750e+001  9.840903e-005
 4.406500e+001  1.057101e-004
 4.431250e+001  1.028370e-004
 4.456000e+001  1.076780e-004
 4.480750e+001  9.102697e-005
 4.505500e+001  8.040523e-005
 4.530250e+001  9.086601e-005
 4.555000e+001  1.404916e-004
 4.579750e+001  1.537181e-004
 4.604500e+001  1.273852e-004
 4.629250e+001  1.441734e-004
 4.654000e+001  1.255338e-004
 4.678750e+001  7.775912e-005
 4.703500e+001  1.100808e-004
 4.728250e+001  1.313241e-004
 4.753000e+001  1.069118e-004
 4.777750e+001  9.673589e-005
 4.802500e+001  1.168645e-004
 4.827250e+001  8.834111e-005
 4.852000e+001  5.623143e-005
 4.876750e+001  4.614640e-005
 4.901500e+001  9.834351e-005
 4.926250e+001  1.304407e-004
 4.951000e+001  1.136820e-004
 4.975750e+001  6.130060e-003
 5.000500e+001  1.169348e-002
 5.025250e+001  5.589028e-003
 5.050000e+001  9.087863e-005
 5.074750e+001  8.395953e-005
 5.099500e+001  1.024701e-004
 5.124250e+001  9.804468e-005
 5.149000e+001  6.364708e-005
 5.173750e+001  6.385911e-005
 5.198500e+001  9.075590e-005
 5.223250e+001  7.169474e-005
 5.248000e+001  9.573271e-005
 5.272750e+001  9.665574e-005
 5.297500e+001  4.771922e-005
 5.322250e+001  8.125445e-005
 5.347000e+001  7.926466e-005
 5.371750e+001  1.330525e-004
 5.396500e+001  1.061057e-004
 5.421250e+001  1.081830e-004
 5.446000e+001  1.318935e-004
 5.470750e+001  1.117714e-004
 5.495500e+001  7.229886e-005
 5.520250e+001  5.278194e-005
 5.545000e+001  7.384276e-005
 5.569750e+001  6.915429e-005
 5.594500e+001  7.255909e-005
 5.619250e+001  7.982726e-005
 5.644000e+001  7.393357e-005
 5.668750e+001  7.027654e-005
 5.693500e+001  6.322721e-005
 5.718250e+001  8.558500e-005
 5.743000e+001  7.647487e-005
 5.767750e+001  7.772982e-005
 5.792500e+001  6.198388e-005
 5.817250e+001  7.346422e-005
 5.842000e+001  9.733587e-005
 5.866750e+001  1.012594e-004
 5.891500e+001  8.034161e-005
 5.916250e+001  8.049523e-005
 5.941000e+001  8.768548e-005
 5.965750e+001  5.845768e-005
 5.990500e+001  7.321053e-005
 6.015250e+001  9.451911e-005
 6.040000e+001  8.374007e-005
 6.064750e+001  8.269103e-005
 6.089500e+001  5.769597e-005
 6.114250e+001  5.048183e-005
 6.139000e+001  6.803592e-005
 6.163750e+001  5.852833e-005
 6.188500e+001  6.243470e-005
 6.213250e+001  6.786877e-005
 6.238000e+001  8.351423e-005
 6.262750e+001  6.143630e-005
 6.287500e+001  6.696674e-005
 6.312250e+001  5.257440e-005
 6.337000e+001  5.404225e-005
 6.361750e+001  5.715844e-005
 6.386500e+001  8.459584e-005
 6.411250e+001  7.827271e-005
 6.436000e+001  7.910421e-005
 6.460750e+001  7.570353e-005
 6.485500e+001  7.985912e-005
 6.510250e+001  9.400710e-005
 6.535000e+001  9.050642e-005
 6.559750e+001  6.275609e-005
 6.584500e+001  7.592457e-005
 6.609250e+001  8.221881e-005
 6.634000e+001  8.022159e-005
 6.658750e+001  1.008771e-004
 6.683500e+001  7.546471e-005
 6.708250e+001  9.903265e-005
 6.733000e+001  6.198137e-005
 6.757750e+001  5.536516e-005
 6.782500e+001  8.025950e-005
 6.807250e+001  5.010869e-005
 6.832000e+001  7.499890e-005
 6.856750e+001  1.042070e-004
 6.881500e+001  7.233492e-005
 6.906250e+001  6.736446e-005
 6.931000e+001  6.439715e-005
 6.955750e+001  8.145546e-005
 6.980500e+001  9.467853e-005
 7.005250e+001  7.315963e-005
 7.030000e+001  6.217193e-005
 7.054750e+001  8.957974e-005
 7.079500e+001  1.009517e-004
 7.104250e+001  9.355296e-005
 7.129000e+001  1.101977e-004
 7.153750e+001  8.366347e-005
 7.178500e+001  8.499040e-005
 7.203250e+001  8.738180e-005
 7.228000e+001  3.766776e-005
 7.252750e+001  5.519626e-005
 7.277500e+001  4.660210e-005
 7.302250e+001  5.813547e-005
 7.327000e+001  6.357266e-005
 7.351750e+001  7.782247e-005
 7.376500e+001  7.901122e-005
 7.401250e+001  5.960968e-005
 7.426000e+001  7.122703e-005
 7.450750e+001  6.585168e-005
 7.475500e+001  5.514991e-005
 7.500250e+001  1.026186e-004
 7.525000e+001  1.420947e-004
 7.549750e+001  2.045846e-004
 7.574500e+001  1.295499e-004
 7.599250e+001  8.477299e-005
 7.624000e+001  6.715374e-005
 7.648750e+001  8.850710e-005
 7.673500e+001  1.015595e-004
 7.698250e+001  1.047902e-004
 7.723000e+001  9.044899e-005
 7.747750e+001  8.429062e-005
 7.772500e+001  6.308075e-005
 7.797250e+001  7.835643e-005
 7.822000e+001  1.080841e-004
 7.846750e+001  1.035248e-004
 7.871500e+001  9.236464e-005
 7.896250e+001  9.304322e-005
 7.921000e+001  8.819712e-005
 7.945750e+001  8.630999e-005
 7.970500e+001  3.511086e-005
 7.995250e+001  3.959727e-005
 8.020000e+001  5.635770e-005
 8.044750e+001  4.562285e-005
 8.069500e+001  6.596558e-005
 8.094250e+001  6.189831e-005
 8.119000e+001  3.733112e-005
 8.143750e+001  5.752718e-005
 8.168500e+001  6.507142e-005
 8.193250e+001  9.042418e-005
 8.218000e+001  8.575728e-005
 8.242750e+001  5.996369e-005
 8.267500e+001  7.050975e-005
 8.292250e+001  7.835362e-005
 8.317000e+001  5.826813e-005
 8.341750e+001  6.367253e-005
 8.366500e+001  5.651551e-005
 8.391250e+001  5.619364e-005
 8.416000e+001  5.566342e-005
 8.440750e+001  6.609035e-005
 8.465500e+001  4.686661e-005
 8.490250e+001  3.502287e-005
 8.515000e+001  5.403530e-005
 8.539750e+001  6.993067e-005
 8.564500e+001  8.511342e-005
 8.589250e+001  9.456301e-005
 8.614000e+001  7.803150e-005
 8.638750e+001  7.270450e-005
 8.663500e+001  5.564665e-005
 8.688250e+001  5.598276e-005
 8.713000e+001  6.238058e-005
 8.737750e+001  5.573149e-005
 8.762500e+001  4.677394e-005
 8.787250e+001  4.778974e-005
 8.812000e+001  5.538603e-005
 8.836750e+001  6.158836e-005
 8.861500e+001  7.394227e-005
 8.886250e+001  5.462518e-005
 8.911000e+001  5.145915e-005
 8.935750e+001  4.716243e-005
 8.960500e+001  8.275497e-005
 8.985250e+001  7.375505e-005
 9.010000e+001  5.268952e-005
 9.034750e+001  7.679941e-005
 9.059500e+001  6.022151e-005
 9.084250e+001  5.482136e-005
 9.109000e+001  8.467925e-005
 9.133750e+001  1.399895e-004
 9.158500e+001  9.779480e-005
 9.183250e+001  7.314042e-005
 9.208000e+001  1.090536e-004
 9.232750e+001  6.843121e-005
 9.257500e+001  4.278606e-005
 9.282250e+001  5.141640e-005
 9.307000e+001  3.678653e-005
 9.331750e+001  4.767949e-005
 9.356500e+001  7.132512e-005
 9.381250e+001  4.819567e-005
 9.406000e+001  5.466449e-005
 9.430750e+001  5.634784e-005
 9.455500e+001  5.003881e-005
 9.480250e+001  4.004928e-005
 9.505000e+001  5.721069e-005
 9.529750e+001  6.739554e-005
 9.554500e+001  5.823505e-005
 9.579250e+001  5.352037e-005
 9.604000e+001  5.707840e-005
 9.628750e+001  6.217347e-005
 9.653500e+001  6.531669e-005
 9.678250e+001  6.233071e-005
 9.703000e+001  3.934833e-005
 9.727750e+001  4.517862e-005
 9.752500e+001  5.746389e-005
 9.777250e+001  7.149871e-005
 9.802000e+001  7.147496e-005
 9.826750e+001  5.801288e-005
 9.851500e+001  5.980680e-005
 9.876250e+001  5.426345e-005
 9.901000e+001  4.841647e-005
 9.925750e+001  5.748744e-005
 9.950500e+001  5.393262e-005
 9.975250e+001  1.636869e-004
 1.000000e+002  2.805597e-004
