 1.000000e+000  4.786309e-004
 1.247500e+000  5.553820e-004
 1.495000e+000  4.214602e-004
 1.742500e+000  2.633119e-004
 1.990000e+000  2.106403e-004
 2.237500e+000  3.538242e-004
 2.485000e+000  3.838339e-004
 2.732500e+000  3.810583e-004
 2.980000e+000  3.631163e-004
 3.227500e+000  2.963632e-004
 3.475000e+000  2.679379e-004
 3.722500e+000  2.369443e-004
 3.970000e+000  1.504426e-004
 4.217500e+000  2.578247e-004
 4.465000e+000  2.446431e-004
 4.712500e+000  1.701818e-004
 4.960000e+000  1.821944e-004
 5.207500e+000  1.833324e-004
 5.455000e+000  2.023180e-004
 5.702500e+000  2.014288e-004
 5.950000e+000  2.534427e-004
 6.197500e+000  2.173179e-004
 6.445000e+000  1.632915e-004
 6.692500e+000  2.247824e-004
 6.940000e+000  1.528155e-004
 7.187500e+000  9.343606e-005
 7.435000e+000  1.130230e-004
 7.682500e+000  1.484908e-004
 7.930000e+000  2.026050e-004
 8.177500e+000  1.479474e-004
 8.425000e+000  1.422937e-004
 8.672500e+000  1.734156e-004
 8.920000e+000  1.639363e-004
 9.167500e+000  1.491546e-004
 9.415000e+000  1.505090e-004
 9.662500e+000  1.060472e-004
 9.910000e+000  1.355184e-004
 1.015750e+001  1.217938e-004
 1.040500e+001  1.283690e-004
 1.065250e+001  1.510697e-004
 1.090000e+001  1.878683e-004
 1.114750e+001  1.208645e-004
 1.139500e+001  1.284637e-004
 1.164250e+001  1.224148e-004
 1.189000e+001  1.841490e-004
 1.213750e+001  1.712778e-004
 1.238500e+001  9.436611e-005
 1.263250e+001  1.681610e-004
 1.288000e+001  1.952938e-004
 1.312750e+001  1.342743e-004
 1.337500e+001  1.149349e-004
 1.362250e+001  1.099033e-004
 1.387000e+001  1.015576e-004
 1.411750e+001  6.419898e-005
 1.436500e+001  8.178043e-005
 1.461250e+001  1.229290e-004
 1.486000e+001  1.151852e-004
 1.510750e+001  1.035698e-004
 1.535500e+001  1.367295e-004
 1.560250e+001  1.263522e-004
 1.585000e+001  1.076994e-004
 1.609750e+001  1.654727e-004
 1.634500e+001  1.498516e-004
 1.659250e+001  1.749888e-004
 1.684000e+001  1.293503e-004
 1.708750e+001  1.252507e-004
 1.733500e+001  1.401382e-004
 1.758250e+001  1.313066e-004
 1.783000e+001  1.314697e-004
 1.807750e+001  7.333937e-005
 1.832500e+001  6.503304e-005
 1.857250e+001  1.079383e-004
 1.882000e+001  1.228864e-004
 1.906750e+001  1.343915e-004
 1.931500e+001  1.418368e-004
 1.956250e+001  1.582246e-004
 1.981000e+001  1.082473e-004
 2.005750e+001  6.267268e-005
 2.030500e+001  1.041635e-004
 2.055250e+001  1.439260e-004
 2.080000e+001  1.721819e-004
 2.104750e+001  1.712540e-004
 2.129500e+001  1.776503e-004
 2.154250e+001  1.804535e-004
 2.179000e+001  1.643256e-004
 2.203750e+001  1.658516e-004
 2.228500e+001  1.582304e-004
 2.253250e+001  1.197317e-004
 2.278000e+001  1.107479e-004
 2.302750e+001  9.882280e-005
 2.327500e+001  7.279044e-005
 2.352250e+001  1.053860e-004
 2.377000e+001  1.033857e-004
 2.401750e+001  9.084156e-005
 2.426500e+001  1.110732e-004
 2.451250e+001  1.135669e-004
 2.476000e+001  7.810591e-005
 2.500750e+001  9.280596e-005
 2.525500e+001  1.090798e-004
 2.550250e+001  1.233703e-004
 2.575000e+001  9.712051e-005
 2.599750e+001  8.031738e-005
 2.624500e+001  8.800765e-005
 2.649250e+001  1.111819e-004
 2.674000e+001  1.071377e-004
 2.698750e+001  7.801809e-005
 2.723500e+001  5.948691e-005
 2.748250e+001  9.039327e-005
 2.773000e+001  6.333853e-005
 2.797750e+001  8.735937e-005
 2.822500e+001  1.047683e-004
 2.847250e+001  8.707281e-005
 2.872000e+001  1.010445e-004
 2.896750e+001  1.162863e-004
 2.921500e+001  1.096254e-004
 2.946250e+001  6.684673e-005
 2.971000e+001  1.057721e-004
 2.995750e+001  1.338631e-004
 3.020500e+001  8.942731e-005
 3.045250e+001  8.057935e-005
 3.070000e+001  9.109902e-005
 3.094750e+001  1.085251e-004
 3.119500e+001  1.397600e-004
 3.144250e+001  1.185560e-004
 3.169000e+001  1.151325e-004
 3.193750e+001  1.036161e-004
 3.218500e+001  7.244590e-005
 3.243250e+001  6.406238e-005
 3.268000e+001  4.064210e-005
 3.292750e+001  9.091705e-005
 3.317500e+001  9.795013e-005
 3.342250e+001  7.525415e-005
 3.367000e+001  7.844523e-005
 3.391750e+001  1.120437e-004
 3.416500e+001  1.197923e-004
 3.441250e+001  9.458432e-005
 3.466000e+001  9.755322e-005
 3.490750e+001  9.869646e-005
 3.515500e+001  8.481939e-005
 3.540250e+001  1.114032e-004
 3.565000e+001  1.282625e-004
 3.589750e+001  9.776447e-005
 3.614500e+001  1.072373e-004
 3.639250e+001  9.830532e-005
 3.664000e+001  9.072703e-005
 3.688750e+001  1.045006e-004
 3.713500e+001  9.067016e-005
 3.738250e+001  6.789925e-005
 3.763000e+001  7.758286e-005
 3.787750e+001  8.889433e-005
 3.812500e+001  8.563087e-005
 3.837250e+001  4.751512e-005
 3.862000e+001  7.148415e-005
 3.886750e+001  7.210902e-005
 3.911500e+001  8.922566e-005
 3.936250e+001  1.087806e-004
 3.961000e+001  1.142457e-004
 3.985750e+001  1.403538e-004
 4.010500e+001  1.149146e-004
 4.035250e+001  9.011788e-005
 4.060000e+001  7.160380e-005
 4.084750e+001  6.143280e-005
 4.109500e+001  5.331276e-005
 4.134250e+001  1.034734e-004
 4.159000e+001  8.411130e-005
 4.183750e+001  7.775847e-005
 4.208500e+001  7.531699e-005
 4.233250e+001  7.094911e-005
 4.258000e+001  8.774298e-005
 4.282750e+001  1.030689e-004
 4.307500e+001  9.784925e-005
 4.332250e+001  7.488835e-005
 4.357000e+001  1.057583e-004
 4.381750e+001  8.669901e-005
 4.406500e+001  8.296471e-005
 4.431250e+001  5.943526e-005
 4.456000e+001  5.920819e-005
 4.480750e+001  5.418909e-005
 4.505500e+001  7.867209e-005
 4.530250e+001  8.485395e-005
 4.555000e+001  1.139749e-004
 4.579750e+001  1.283871e-004
 4.604500e+001  7.340458e-005
 4.629250e+001  7.772724e-005
 4.654000e+001  1.104866e-004
 4.678750e+001  1.009108e-004
 4.703500e+001  5.459589e-005
 4.728250e+001  9.466375e-005
 4.753000e+001  1.209619e-004
 4.777750e+001  7.861286e-005
 4.802500e+001  7.497614e-005
 4.827250e+001  8.163053e-005
 4.852000e+001  7.794318e-005
 4.876750e+001  7.970860e-005
 4.901500e+001  6.939365e-005
 4.926250e+001  7.337493e-005
 4.951000e+001  8.387095e-005
 4.975750e+001  8.613581e-004
 5.000500e+001  1.565252e-003
 5.025250e+001  7.512223e-004
 5.050000e+001  8.549805e-005
 5.074750e+001  6.238585e-005
 5.099500e+001  7.548685e-005
 5.124250e+001  7.842995e-005
 5.149000e+001  5.640384e-005
 5.173750e+001  7.660840e-005
 5.198500e+001  1.156181e-004
 5.223250e+001  1.245646e-004
 5.248000e+001  7.627022e-005
 5.272750e+001  9.308734e-005
 5.297500e+001  8.771474e-005
 5.322250e+001  6.250558e-005
 5.347000e+001  1.063629e-004
 5.371750e+001  1.121725e-004
 5.396500e+001  7.345056e-005
 5.421250e+001  6.126654e-005
 5.446000e+001  9.881046e-005
 5.470750e+001  8.218459e-005
 5.495500e+001  7.820913e-005
 5.520250e+001  6.632680e-005
 5.545000e+001  6.864921e-005
 5.569750e+001  8.005545e-005
 5.594500e+001  6.142014e-005
 5.619250e+001  6.922846e-005
 5.644000e+001  5.535018e-005
 5.668750e+001  6.688787e-005
 5.693500e+001  9.105260e-005
 5.718250e+001  8.981613e-005
 5.743000e+001  5.008617e-005
 5.767750e+001  7.745464e-005
 5.792500e+001  9.423879e-005
 5.817250e+001  1.002941e-004
 5.842000e+001  1.069082e-004
 5.866750e+001  9.590826e-005
 5.891500e+001  1.082187e-004
 5.916250e+001  8.205629e-005
 5.941000e+001  1.323578e-004
 5.965750e+001  1.202220e-004
 5.990500e+001  9.945447e-005
 6.015250e+001  8.009772e-005
 6.040000e+001  6.444418e-005
 6.064750e+001  5.225344e-005
 6.089500e+001  7.653898e-005
 6.114250e+001  7.719481e-005
 6.139000e+001  8.954277e-005
 6.163750e+001  7.839690e-005
 6.188500e+001  7.995212e-005
 6.213250e+001  1.004915e-004
 6.238000e+001  4.983334e-005
 6.262750e+001  9.056843e-005
 6.287500e+001  1.159554e-004
 6.312250e+001  1.180174e-004
 6.337000e+001  6.857522e-005
 6.361750e+001  5.942282e-005
 6.386500e+001  6.277378e-005
 6.411250e+001  8.706146e-005
 6.436000e+001  8.162295e-005
 6.460750e+001  8.096817e-005
 6.485500e+001  9.291777e-005
 6.510250e+001  7.029780e-005
 6.535000e+001  8.015894e-005
 6.559750e+001  9.035464e-005
 6.584500e+001  1.168959e-004
 6.609250e+001  9.703005e-005
 6.634000e+001  7.232689e-005
 6.658750e+001  7.305553e-005
 6.683500e+001  9.086340e-005
 6.708250e+001  1.058458e-004
 6.733000e+001  6.939180e-005
 6.757750e+001  6.701839e-005
 6.782500e+001  7.202371e-005
 6.807250e+001  5.932598e-005
 6.832000e+001  8.744599e-005
 6.856750e+001  5.818645e-005
 6.881500e+001  6.929798e-005
 6.906250e+001  1.072825e-004
 6.931000e+001  9.143910e-005
 6.955750e+001  8.416959e-005
 6.980500e+001  9.579952e-005
 7.005250e+001  5.478474e-005
 7.030000e+001  7.010641e-005
 7.054750e+001  7.984653e-005
 7.079500e+001  6.056318e-005
 7.104250e+001  7.682163e-005
 7.129000e+001  8.635441e-005
 7.153750e+001  8.630030e-005
 7.178500e+001  6.151531e-005
 7.203250e+001  8.312121e-005
 7.228000e+001  8.784597e-005
 7.252750e+001  8.125372e-005
 7.277500e+001  7.482008e-005
 7.302250e+001  7.365611e-005
 7.327000e+001  8.879441e-005
 7.351750e+001  8.074666e-005
 7.376500e+001  9.517914e-005
 7.401250e+001  9.107064e-005
 7.426000e+001  9.105620e-005
 7.450750e+001  9.823801e-005
 7.475500e+001  8.461344e-005
 7.500250e+001  6.163524e-005
 7.525000e+001  1.070867e-004
 7.549750e+001  9.867481e-005
 7.574500e+001  7.858271e-005
 7.599250e+001  6.397338e-005
 7.624000e+001  8.025986e-005
 7.648750e+001  7.333953e-005
 7.673500e+001  5.745236e-005
 7.698250e+001  9.231276e-005
 7.723000e+001  8.337122e-005
 7.747750e+001  6.840355e-005
 7.772500e+001  8.233877e-005
 7.797250e+001  8.951815e-005
 7.822000e+001  7.275052e-005
 7.846750e+001  5.951876e-005
 7.871500e+001  6.661255e-005
 7.896250e+001  9.956257e-005
 7.921000e+001  9.621578e-005
 7.945750e+001  1.031457e-004
 7.970500e+001  7.538082e-005
 7.995250e+001  7.687775e-005
 8.020000e+001  5.069407e-005
 8.044750e+001  6.416591e-005
 8.069500e+001  6.986919e-005
 8.094250e+001  6.862206e-005
 8.119000e+001  6.755241e-005
 8.143750e+001  8.369894e-005
 8.168500e+001  8.666495e-005
 8.193250e+001  9.070081e-005
 8.218000e+001  7.341422e-005
 8.242750e+001  9.424605e-005
 8.267500e+001  9.642942e-005
 8.292250e+001  9.087694e-005
 8.317000e+001  8.596660e-005
 8.341750e+001  9.900113e-005
 8.366500e+001  7.691528e-005
 8.391250e+001  5.095488e-005
 8.416000e+001  5.935637e-005
 8.440750e+001  8.724405e-005
 8.465500e+001  8.748429e-005
 8.490250e+001  1.049159e-004
 8.515000e+001  8.572170e-005
 8.539750e+001  6.133831e-005
 8.564500e+001  7.976391e-005
 8.589250e+001  8.607526e-005
 8.614000e+001  6.224058e-005
 8.638750e+001  4.088303e-005
 8.663500e+001  8.697777e-005
 8.688250e+001  9.198919e-005
 8.713000e+001  9.484517e-005
 8.737750e+001  3.674673e-005
 8.762500e+001  5.902224e-005
 8.787250e+001  6.022983e-005
 8.812000e+001  8.752482e-005
 8.836750e+001  9.436630e-005
 8.861500e+001  8.402313e-005
 8.886250e+001  9.696616e-005
 8.911000e+001  9.380805e-005
 8.935750e+001  6.732065e-005
 8.960500e+001  6.562066e-005
 8.985250e+001  1.012261e-004
 9.010000e+001  1.112321e-004
 9.034750e+001  1.133058e-004
 9.059500e+001  6.078048e-005
 9.084250e+001  4.243412e-005
 9.109000e+001  5.657947e-005
 9.133750e+001  9.517931e-005
 9.158500e+001  9.182122e-005
 9.183250e+001  9.669983e-005
 9.208000e+001  8.149462e-005
 9.232750e+001  7.718647e-005
 9.257500e+001  5.742351e-005
 9.282250e+001  8.948143e-005
 9.307000e+001  1.199070e-004
 9.331750e+001  8.707632e-005
 9.356500e+001  5.618655e-005
 9.381250e+001  5.668316e-005
 9.406000e+001  9.478497e-005
 9.430750e+001  1.070491e-004
 9.455500e+001  1.139589e-004
 9.480250e+001  7.863346e-005
 9.505000e+001  5.759615e-005
 9.529750e+001  6.860978e-005
 9.554500e+001  6.268325e-005
 9.579250e+001  3.553758e-005
 9.604000e+001  6.933605e-005
 9.628750e+001  7.248737e-005
 9.653500e+001  7.858902e-005
 9.678250e+001  6.136766e-005
 9.703000e+001  5.291274e-005
 9.727750e+001  3.008317e-005
 9.752500e+001  5.133424e-005
 9.777250e+001  7.296017e-005
 9.802000e+001  5.339779e-005
 9.826750e+001  6.027280e-005
 9.851500e+001  8.318157e-005
 9.876250e+001  6.962260e-005
 9.901000e+001  5.693267e-005
 9.925750e+001  7.556966e-005
 9.950500e+001  9.597174e-005
 9.975250e+001  9.256447e-005
 1.000000e+002  1.041225e-004
