 1.000000e+001  1.225481e-004
 1.061875e+001  1.192550e-004
 1.123750e+001  1.302391e-004
 1.185625e+001  1.268410e-004
 1.247500e+001  1.243687e-004
 1.309375e+001  1.404067e-004
 1.371250e+001  1.231744e-004
 1.433125e+001  1.005508e-004
 1.495000e+001  1.028322e-004
 1.556875e+001  1.161381e-004
 1.618750e+001  1.193621e-004
 1.680625e+001  9.562201e-005
 1.742500e+001  7.813270e-005
 1.804375e+001  1.052057e-004
 1.866250e+001  1.056804e-004
 1.928125e+001  1.052189e-004
 1.990000e+001  1.004726e-004
 2.051875e+001  1.096274e-004
 2.113750e+001  1.068412e-004
 2.175625e+001  7.782428e-005
 2.237500e+001  7.429779e-005
 2.299375e+001  8.298364e-005
 2.361250e+001  8.276333e-005
 2.423125e+001  1.016092e-004
 2.485000e+001  8.952309e-005
 2.546875e+001  9.230444e-005
 2.608750e+001  8.810100e-005
 2.670625e+001  8.428200e-005
 2.732500e+001  9.439898e-005
 2.794375e+001  8.204983e-005
 2.856250e+001  9.412937e-005
 2.918125e+001  9.302235e-005
 2.980000e+001  7.859445e-005
 3.041875e+001  7.579084e-005
 3.103750e+001  7.275494e-005
 3.165625e+001  8.990494e-005
 3.227500e+001  9.415509e-005
 3.289375e+001  8.858783e-005
 3.351250e+001  8.330096e-005
 3.413125e+001  7.635265e-005
 3.475000e+001  6.289986e-005
 3.536875e+001  7.891999e-005
 3.598750e+001  7.378315e-005
 3.660625e+001  8.166005e-005
 3.722500e+001  7.839115e-005
 3.784375e+001  9.073622e-005
 3.846250e+001  7.745630e-005
 3.908125e+001  8.115686e-005
 3.970000e+001  6.750748e-005
 4.031875e+001  8.757760e-005
 4.093750e+001  9.365018e-005
 4.155625e+001  8.218471e-005
 4.217500e+001  5.824133e-005
 4.279375e+001  6.370272e-005
 4.341250e+001  7.621697e-005
 4.403125e+001  6.869437e-005
 4.465000e+001  8.765567e-005
 4.526875e+001  7.908417e-005
 4.588750e+001  8.550694e-005
 4.650625e+001  1.034856e-004
 4.712500e+001  7.899406e-005
 4.774375e+001  8.689406e-005
 4.836250e+001  9.929933e-005
 4.898125e+001  2.552120e-004
 4.960000e+001  1.759840e-003
 5.021875e+001  2.117508e-003
 5.083750e+001  5.927702e-004
 5.145625e+001  7.888248e-005
 5.207500e+001  6.774497e-005
 5.269375e+001  7.288832e-005
 5.331250e+001  7.314271e-005
 5.393125e+001  8.517770e-005
 5.455000e+001  8.263995e-005
 5.516875e+001  6.203585e-005
 5.578750e+001  7.514678e-005
 5.640625e+001  7.182984e-005
 5.702500e+001  8.065768e-005
 5.764375e+001  8.977124e-005
 5.826250e+001  7.291369e-005
 5.888125e+001  8.516850e-005
 5.950000e+001  7.766740e-005
 6.011875e+001  9.272230e-005
 6.073750e+001  8.751789e-005
 6.135625e+001  8.089388e-005
 6.197500e+001  7.780784e-005
 6.259375e+001  7.601512e-005
 6.321250e+001  7.256243e-005
 6.383125e+001  6.857213e-005
 6.445000e+001  6.478600e-005
 6.506875e+001  6.364117e-005
 6.568750e+001  6.804766e-005
 6.630625e+001  7.206281e-005
 6.692500e+001  8.325701e-005
 6.754375e+001  8.845276e-005
 6.816250e+001  8.438102e-005
 6.878125e+001  7.585373e-005
 6.940000e+001  7.517330e-005
 7.001875e+001  8.248594e-005
 7.063750e+001  8.999451e-005
 7.125625e+001  7.962172e-005
 7.187500e+001  7.221147e-005
 7.249375e+001  6.430838e-005
 7.311250e+001  5.415301e-005
 7.373125e+001  6.139372e-005
 7.435000e+001  9.183863e-005
 7.496875e+001  8.726175e-005
 7.558750e+001  7.585946e-005
 7.620625e+001  7.683792e-005
 7.682500e+001  7.835925e-005
 7.744375e+001  9.549207e-005
 7.806250e+001  8.655205e-005
 7.868125e+001  6.685521e-005
 7.930000e+001  6.606492e-005
 7.991875e+001  7.218647e-005
 8.053750e+001  8.275444e-005
 8.115625e+001  7.112504e-005
 8.177500e+001  7.477334e-005
 8.239375e+001  8.029427e-005
 8.301250e+001  7.048701e-005
 8.363125e+001  7.259532e-005
 8.425000e+001  7.348062e-005
 8.486875e+001  6.164390e-005
 8.548750e+001  6.614588e-005
 8.610625e+001  7.077284e-005
 8.672500e+001  7.076109e-005
 8.734375e+001  6.448005e-005
 8.796250e+001  6.416364e-005
 8.858125e+001  6.396518e-005
 8.920000e+001  6.619705e-005
 8.981875e+001  8.818208e-005
 9.043750e+001  9.080276e-005
 9.105625e+001  6.368174e-005
 9.167500e+001  6.584012e-005
 9.229375e+001  8.493089e-005
 9.291250e+001  9.183784e-005
 9.353125e+001  8.650924e-005
 9.415000e+001  8.047496e-005
 9.476875e+001  7.087920e-005
 9.538750e+001  6.706378e-005
 9.600625e+001  8.067585e-005
 9.662500e+001  7.938452e-005
 9.724375e+001  6.438874e-005
 9.786250e+001  6.630226e-005
 9.848125e+001  8.391946e-005
 9.910000e+001  7.441667e-005
 9.971875e+001  8.445502e-005
 1.003375e+002  7.966036e-005
 1.009563e+002  7.089633e-005
 1.015750e+002  7.514307e-005
 1.021938e+002  6.701638e-005
 1.028125e+002  7.791678e-005
 1.034313e+002  6.662292e-005
 1.040500e+002  5.411761e-005
 1.046688e+002  7.433877e-005
 1.052875e+002  7.710422e-005
 1.059063e+002  7.542944e-005
 1.065250e+002  9.172504e-005
 1.071438e+002  8.218495e-005
 1.077625e+002  7.708393e-005
 1.083813e+002  6.873546e-005
 1.090000e+002  6.020786e-005
 1.096188e+002  5.246135e-005
 1.102375e+002  5.898068e-005
 1.108563e+002  7.518988e-005
 1.114750e+002  8.603801e-005
 1.120938e+002  6.746970e-005
 1.127125e+002  6.065057e-005
 1.133313e+002  6.752519e-005
 1.139500e+002  6.051898e-005
 1.145688e+002  8.270959e-005
 1.151875e+002  7.620047e-005
 1.158063e+002  6.958879e-005
 1.164250e+002  7.228667e-005
 1.170438e+002  7.975829e-005
 1.176625e+002  9.111973e-005
 1.182813e+002  7.845422e-005
 1.189000e+002  7.168435e-005
 1.195188e+002  7.336770e-005
 1.201375e+002  8.083818e-005
 1.207563e+002  7.755527e-005
 1.213750e+002  8.223231e-005
 1.219938e+002  7.651447e-005
 1.226125e+002  7.455843e-005
 1.232313e+002  8.179231e-005
 1.238500e+002  8.115566e-005
 1.244688e+002  7.500615e-005
 1.250875e+002  7.749573e-005
 1.257063e+002  8.816237e-005
 1.263250e+002  7.816816e-005
 1.269438e+002  7.344022e-005
 1.275625e+002  9.240003e-005
 1.281813e+002  7.694816e-005
 1.288000e+002  6.987755e-005
 1.294188e+002  8.188828e-005
 1.300375e+002  7.855495e-005
 1.306563e+002  7.119914e-005
 1.312750e+002  7.929079e-005
 1.318938e+002  8.558434e-005
 1.325125e+002  9.190321e-005
 1.331313e+002  7.180748e-005
 1.337500e+002  7.432087e-005
 1.343688e+002  6.933962e-005
 1.349875e+002  5.347072e-005
 1.356063e+002  6.975926e-005
 1.362250e+002  7.901280e-005
 1.368438e+002  6.937798e-005
 1.374625e+002  7.183562e-005
 1.380813e+002  7.347686e-005
 1.387000e+002  6.611685e-005
 1.393188e+002  6.411211e-005
 1.399375e+002  6.228976e-005
 1.405563e+002  7.332581e-005
 1.411750e+002  6.328703e-005
 1.417938e+002  7.117114e-005
 1.424125e+002  8.059224e-005
 1.430313e+002  6.835432e-005
 1.436500e+002  7.245140e-005
 1.442688e+002  6.284115e-005
 1.448875e+002  5.240834e-005
 1.455063e+002  5.393512e-005
 1.461250e+002  6.284969e-005
 1.467438e+002  7.637485e-005
 1.473625e+002  7.075088e-005
 1.479813e+002  7.359423e-005
 1.486000e+002  6.339749e-005
 1.492188e+002  2.909053e-004
 1.498375e+002  8.553490e-004
 1.504563e+002  6.060381e-004
 1.510750e+002  7.943720e-005
 1.516938e+002  8.193796e-005
 1.523125e+002  6.746603e-005
 1.529313e+002  6.817034e-005
 1.535500e+002  7.228821e-005
 1.541688e+002  5.986928e-005
 1.547875e+002  6.731685e-005
 1.554063e+002  7.139723e-005
 1.560250e+002  7.324987e-005
 1.566438e+002  7.546132e-005
 1.572625e+002  7.410870e-005
 1.578813e+002  7.718786e-005
 1.585000e+002  7.331658e-005
 1.591188e+002  6.719857e-005
 1.597375e+002  6.591967e-005
 1.603563e+002  6.325272e-005
 1.609750e+002  6.826293e-005
 1.615938e+002  7.453428e-005
 1.622125e+002  7.755158e-005
 1.628313e+002  7.287619e-005
 1.634500e+002  5.432515e-005
 1.640688e+002  8.015451e-005
 1.646875e+002  8.063461e-005
 1.653063e+002  7.497605e-005
 1.659250e+002  7.263294e-005
 1.665438e+002  8.416553e-005
 1.671625e+002  7.402251e-005
 1.677813e+002  6.486393e-005
 1.684000e+002  6.790260e-005
 1.690188e+002  7.193243e-005
 1.696375e+002  8.030332e-005
 1.702563e+002  7.928896e-005
 1.708750e+002  7.178050e-005
 1.714938e+002  5.921434e-005
 1.721125e+002  6.415932e-005
 1.727313e+002  7.508135e-005
 1.733500e+002  6.859294e-005
 1.739688e+002  6.739530e-005
 1.745875e+002  7.609386e-005
 1.752063e+002  8.783824e-005
 1.758250e+002  7.941795e-005
 1.764438e+002  8.128885e-005
 1.770625e+002  7.396580e-005
 1.776813e+002  6.607815e-005
 1.783000e+002  5.751727e-005
 1.789188e+002  6.502684e-005
 1.795375e+002  5.296668e-005
 1.801563e+002  6.574038e-005
 1.807750e+002  6.819290e-005
 1.813938e+002  6.825709e-005
 1.820125e+002  7.975098e-005
 1.826313e+002  7.107427e-005
 1.832500e+002  6.124837e-005
 1.838688e+002  7.034622e-005
 1.844875e+002  8.323183e-005
 1.851063e+002  6.575575e-005
 1.857250e+002  6.292294e-005
 1.863438e+002  6.458973e-005
 1.869625e+002  7.152697e-005
 1.875813e+002  7.346418e-005
 1.882000e+002  7.166885e-005
 1.888188e+002  6.885017e-005
 1.894375e+002  6.791192e-005
 1.900563e+002  6.930053e-005
 1.906750e+002  6.834686e-005
 1.912938e+002  6.886788e-005
 1.919125e+002  6.342151e-005
 1.925313e+002  7.095895e-005
 1.931500e+002  7.145356e-005
 1.937688e+002  7.304286e-005
 1.943875e+002  7.108059e-005
 1.950063e+002  6.717660e-005
 1.956250e+002  6.309372e-005
 1.962438e+002  6.781651e-005
 1.968625e+002  7.186003e-005
 1.974813e+002  6.618012e-005
 1.981000e+002  7.971698e-005
 1.987188e+002  7.224059e-005
 1.993375e+002  7.431124e-005
 1.999563e+002  7.330259e-005
 2.005750e+002  6.673749e-005
 2.011938e+002  7.011469e-005
 2.018125e+002  6.313680e-005
 2.024313e+002  6.659391e-005
 2.030500e+002  5.727798e-005
 2.036688e+002  6.680059e-005
 2.042875e+002  7.260060e-005
 2.049063e+002  7.217723e-005
 2.055250e+002  6.668681e-005
 2.061438e+002  8.360845e-005
 2.067625e+002  6.695114e-005
 2.073813e+002  5.692475e-005
 2.080000e+002  6.045541e-005
 2.086188e+002  5.070091e-005
 2.092375e+002  6.034330e-005
 2.098563e+002  6.963408e-005
 2.104750e+002  6.546590e-005
 2.110938e+002  7.153778e-005
 2.117125e+002  6.336151e-005
 2.123313e+002  6.809113e-005
 2.129500e+002  7.390089e-005
 2.135688e+002  7.003012e-005
 2.141875e+002  8.162869e-005
 2.148063e+002  6.220434e-005
 2.154250e+002  5.347599e-005
 2.160438e+002  7.043110e-005
 2.166625e+002  7.211163e-005
 2.172813e+002  5.704804e-005
 2.179000e+002  7.635231e-005
 2.185188e+002  7.716868e-005
 2.191375e+002  7.958833e-005
 2.197563e+002  7.420439e-005
 2.203750e+002  6.293024e-005
 2.209938e+002  6.889269e-005
 2.216125e+002  4.660614e-005
 2.222313e+002  4.321421e-005
 2.228500e+002  5.834173e-005
 2.234688e+002  6.107641e-005
 2.240875e+002  6.189059e-005
 2.247063e+002  6.482761e-005
 2.253250e+002  7.061534e-005
 2.259438e+002  7.901983e-005
 2.265625e+002  6.738980e-005
 2.271813e+002  7.081548e-005
 2.278000e+002  6.714171e-005
 2.284188e+002  6.944640e-005
 2.290375e+002  5.620058e-005
 2.296563e+002  4.993113e-005
 2.302750e+002  6.806334e-005
 2.308938e+002  7.097976e-005
 2.315125e+002  6.664748e-005
 2.321313e+002  6.654349e-005
 2.327500e+002  6.712732e-005
 2.333688e+002  7.963304e-005
 2.339875e+002  8.020007e-005
 2.346063e+002  8.074138e-005
 2.352250e+002  7.039925e-005
 2.358438e+002  6.237794e-005
 2.364625e+002  8.093909e-005
 2.370813e+002  8.122609e-005
 2.377000e+002  7.209276e-005
 2.383188e+002  6.228493e-005
 2.389375e+002  6.841750e-005
 2.395563e+002  7.996352e-005
 2.401750e+002  8.086089e-005
 2.407938e+002  8.035039e-005
 2.414125e+002  6.839803e-005
 2.420313e+002  5.974446e-005
 2.426500e+002  6.809578e-005
 2.432688e+002  7.263165e-005
 2.438875e+002  7.476256e-005
 2.445063e+002  6.200511e-005
 2.451250e+002  6.924399e-005
 2.457438e+002  6.699996e-005
 2.463625e+002  5.942739e-005
 2.469813e+002  5.228653e-005
 2.476000e+002  6.395595e-005
 2.482188e+002  6.192286e-005
 2.488375e+002  7.206119e-005
 2.494563e+002  2.310195e-004
 2.500750e+002  3.242933e-004
 2.506938e+002  1.256234e-004
 2.513125e+002  7.719081e-005
 2.519313e+002  6.224038e-005
 2.525500e+002  6.825848e-005
 2.531688e+002  8.279572e-005
 2.537875e+002  8.157164e-005
 2.544063e+002  7.968520e-005
 2.550250e+002  7.057870e-005
 2.556438e+002  6.348714e-005
 2.562625e+002  6.598901e-005
 2.568813e+002  4.711223e-005
 2.575000e+002  5.267594e-005
 2.581188e+002  5.430543e-005
 2.587375e+002  6.022260e-005
 2.593563e+002  5.390292e-005
 2.599750e+002  6.433958e-005
 2.605938e+002  7.193760e-005
 2.612125e+002  6.681279e-005
 2.618313e+002  6.042649e-005
 2.624500e+002  6.305534e-005
 2.630688e+002  5.513028e-005
 2.636875e+002  5.409224e-005
 2.643063e+002  4.987542e-005
 2.649250e+002  6.204001e-005
 2.655438e+002  6.683010e-005
 2.661625e+002  7.623125e-005
 2.667813e+002  8.803580e-005
 2.674000e+002  7.764272e-005
 2.680188e+002  6.791870e-005
 2.686375e+002  5.864390e-005
 2.692563e+002  7.091452e-005
 2.698750e+002  6.147206e-005
 2.704938e+002  6.716608e-005
 2.711125e+002  7.988796e-005
 2.717313e+002  8.978009e-005
 2.723500e+002  7.660584e-005
 2.729688e+002  6.274541e-005
 2.735875e+002  7.616372e-005
 2.742063e+002  8.437746e-005
 2.748250e+002  7.504661e-005
 2.754438e+002  6.665974e-005
 2.760625e+002  6.812341e-005
 2.766813e+002  7.316657e-005
 2.773000e+002  7.146708e-005
 2.779188e+002  8.038834e-005
 2.785375e+002  7.455526e-005
 2.791563e+002  6.390652e-005
 2.797750e+002  6.747934e-005
 2.803938e+002  6.482913e-005
 2.810125e+002  6.165658e-005
 2.816313e+002  7.255947e-005
 2.822500e+002  7.929056e-005
 2.828688e+002  7.971767e-005
 2.834875e+002  8.294803e-005
 2.841063e+002  7.670741e-005
 2.847250e+002  6.413383e-005
 2.853438e+002  6.807419e-005
 2.859625e+002  7.676539e-005
 2.865813e+002  7.188424e-005
 2.872000e+002  6.782033e-005
 2.878188e+002  7.385076e-005
 2.884375e+002  7.520199e-005
 2.890563e+002  7.147411e-005
 2.896750e+002  6.658207e-005
 2.902938e+002  6.458823e-005
 2.909125e+002  7.147515e-005
 2.915313e+002  7.712424e-005
 2.921500e+002  7.450856e-005
 2.927688e+002  7.003071e-005
 2.933875e+002  5.886093e-005
 2.940063e+002  6.240191e-005
 2.946250e+002  6.387846e-005
 2.952438e+002  7.529409e-005
 2.958625e+002  7.497318e-005
 2.964813e+002  7.355844e-005
 2.971000e+002  7.140556e-005
 2.977188e+002  7.234433e-005
 2.983375e+002  7.326444e-005
 2.989563e+002  6.692227e-005
 2.995750e+002  8.101275e-005
 3.001938e+002  8.181354e-005
 3.008125e+002  6.137972e-005
 3.014313e+002  6.638077e-005
 3.020500e+002  7.298896e-005
 3.026688e+002  6.376043e-005
 3.032875e+002  6.055530e-005
 3.039063e+002  7.175018e-005
 3.045250e+002  7.419468e-005
 3.051438e+002  6.995244e-005
 3.057625e+002  5.514949e-005
 3.063813e+002  6.415118e-005
 3.070000e+002  5.682752e-005
 3.076188e+002  6.293820e-005
 3.082375e+002  6.912680e-005
 3.088563e+002  8.233255e-005
 3.094750e+002  7.431859e-005
 3.100938e+002  7.492580e-005
 3.107125e+002  7.008847e-005
 3.113313e+002  6.291161e-005
 3.119500e+002  6.939184e-005
 3.125688e+002  8.356129e-005
 3.131875e+002  7.353246e-005
 3.138063e+002  7.478030e-005
 3.144250e+002  7.203541e-005
 3.150437e+002  6.761898e-005
 3.156625e+002  6.849435e-005
 3.162812e+002  7.201466e-005
 3.169000e+002  7.512155e-005
 3.175187e+002  6.224533e-005
 3.181375e+002  7.026405e-005
 3.187562e+002  7.710207e-005
 3.193750e+002  6.566435e-005
 3.199937e+002  6.447570e-005
 3.206125e+002  6.867635e-005
 3.212312e+002  5.083058e-005
 3.218500e+002  6.528794e-005
 3.224687e+002  6.440647e-005
 3.230875e+002  7.663965e-005
 3.237062e+002  8.644571e-005
 3.243250e+002  8.793732e-005
 3.249437e+002  6.704282e-005
 3.255625e+002  6.216268e-005
 3.261812e+002  6.830407e-005
 3.268000e+002  8.072611e-005
 3.274187e+002  7.465495e-005
 3.280375e+002  6.551729e-005
 3.286562e+002  5.374290e-005
 3.292750e+002  6.757490e-005
 3.298937e+002  7.384946e-005
 3.305125e+002  6.505693e-005
 3.311312e+002  6.836362e-005
 3.317500e+002  7.691872e-005
 3.323687e+002  6.820852e-005
 3.329875e+002  5.863189e-005
 3.336062e+002  5.704045e-005
 3.342250e+002  6.952422e-005
 3.348437e+002  6.611319e-005
 3.354625e+002  6.430995e-005
 3.360812e+002  6.731533e-005
 3.367000e+002  7.921084e-005
 3.373187e+002  5.941029e-005
 3.379375e+002  5.786871e-005
 3.385562e+002  8.609733e-005
 3.391750e+002  8.673981e-005
 3.397937e+002  7.868535e-005
 3.404125e+002  7.969710e-005
 3.410312e+002  6.844888e-005
 3.416500e+002  6.656198e-005
 3.422687e+002  6.575600e-005
 3.428875e+002  5.865229e-005
 3.435062e+002  5.722665e-005
 3.441250e+002  6.046685e-005
 3.447437e+002  6.474106e-005
 3.453625e+002  6.791489e-005
 3.459812e+002  6.895159e-005
 3.466000e+002  7.297427e-005
 3.472187e+002  6.255914e-005
 3.478375e+002  6.467174e-005
 3.484562e+002  7.079664e-005
 3.490750e+002  7.847904e-005
 3.496937e+002  9.557679e-005
 3.503125e+002  8.135605e-005
 3.509312e+002  6.487096e-005
 3.515500e+002  6.401114e-005
 3.521687e+002  6.785913e-005
 3.527875e+002  5.397202e-005
 3.534062e+002  5.813255e-005
 3.540250e+002  5.747492e-005
 3.546437e+002  6.015248e-005
 3.552625e+002  6.253482e-005
 3.558812e+002  6.403411e-005
 3.565000e+002  7.321841e-005
 3.571187e+002  7.498946e-005
 3.577375e+002  6.692426e-005
 3.583562e+002  5.903602e-005
 3.589750e+002  6.238282e-005
 3.595937e+002  7.031841e-005
 3.602125e+002  7.030448e-005
 3.608312e+002  6.881303e-005
 3.614500e+002  6.460794e-005
 3.620687e+002  6.153376e-005
 3.626875e+002  5.912281e-005
 3.633062e+002  5.998574e-005
 3.639250e+002  6.176696e-005
 3.645437e+002  6.301904e-005
 3.651625e+002  5.316820e-005
 3.657812e+002  6.349322e-005
 3.664000e+002  6.653490e-005
 3.670187e+002  6.511953e-005
 3.676375e+002  5.492177e-005
 3.682562e+002  7.279565e-005
 3.688750e+002  6.837060e-005
 3.694937e+002  6.351070e-005
 3.701125e+002  6.303540e-005
 3.707312e+002  6.367902e-005
 3.713500e+002  5.604733e-005
 3.719687e+002  4.992601e-005
 3.725875e+002  6.172062e-005
 3.732062e+002  6.641747e-005
 3.738250e+002  6.159484e-005
 3.744437e+002  6.035368e-005
 3.750625e+002  6.020929e-005
 3.756812e+002  6.174720e-005
 3.763000e+002  5.686719e-005
 3.769187e+002  6.870363e-005
 3.775375e+002  4.929215e-005
 3.781562e+002  6.965052e-005
 3.787750e+002  7.412895e-005
 3.793937e+002  6.729371e-005
 3.800125e+002  6.828980e-005
 3.806312e+002  5.962988e-005
 3.812500e+002  6.432481e-005
 3.818687e+002  6.602876e-005
 3.824875e+002  7.074725e-005
 3.831062e+002  7.387342e-005
 3.837250e+002  7.242873e-005
 3.843437e+002  7.178431e-005
 3.849625e+002  5.865993e-005
 3.855812e+002  6.497266e-005
 3.862000e+002  7.409433e-005
 3.868187e+002  7.121914e-005
 3.874375e+002  7.729606e-005
 3.880562e+002  7.792338e-005
 3.886750e+002  8.047904e-005
 3.892937e+002  7.110010e-005
 3.899125e+002  7.237901e-005
 3.905312e+002  8.295700e-005
 3.911500e+002  7.437955e-005
 3.917687e+002  7.786376e-005
 3.923875e+002  8.166704e-005
 3.930062e+002  6.550170e-005
 3.936250e+002  6.320012e-005
 3.942437e+002  6.381305e-005
 3.948625e+002  6.427122e-005
 3.954812e+002  6.506895e-005
 3.961000e+002  6.785597e-005
 3.967187e+002  7.395476e-005
 3.973375e+002  7.464058e-005
 3.979562e+002  7.091253e-005
 3.985750e+002  6.149653e-005
 3.991937e+002  8.294384e-005
 3.998125e+002  7.806076e-005
 4.004312e+002  8.156384e-005
 4.010500e+002  7.690211e-005
 4.016687e+002  7.498942e-005
 4.022875e+002  8.866060e-005
 4.029062e+002  9.023000e-005
 4.035250e+002  7.054855e-005
 4.041437e+002  7.679594e-005
 4.047625e+002  7.325746e-005
 4.053812e+002  6.650646e-005
 4.060000e+002  5.166073e-005
 4.066187e+002  6.659298e-005
 4.072375e+002  5.828131e-005
 4.078562e+002  6.655823e-005
 4.084750e+002  5.877665e-005
 4.090937e+002  6.374953e-005
 4.097125e+002  5.605169e-005
 4.103312e+002  6.447112e-005
 4.109500e+002  7.978471e-005
 4.115687e+002  7.098043e-005
 4.121875e+002  5.747503e-005
 4.128062e+002  5.775584e-005
 4.134250e+002  7.400882e-005
 4.140437e+002  6.721716e-005
 4.146625e+002  6.260629e-005
 4.152812e+002  6.400153e-005
 4.159000e+002  6.463067e-005
 4.165187e+002  6.801357e-005
 4.171375e+002  6.089718e-005
 4.177562e+002  6.206513e-005
 4.183750e+002  6.064860e-005
 4.189937e+002  6.544423e-005
 4.196125e+002  6.671613e-005
 4.202312e+002  6.749521e-005
 4.208500e+002  6.243794e-005
 4.214687e+002  6.368437e-005
 4.220875e+002  7.038718e-005
 4.227062e+002  6.663413e-005
 4.233250e+002  5.976131e-005
 4.239437e+002  6.607551e-005
 4.245625e+002  7.128077e-005
 4.251812e+002  7.019501e-005
 4.258000e+002  6.234846e-005
 4.264187e+002  7.523389e-005
 4.270375e+002  6.935003e-005
 4.276562e+002  6.288521e-005
 4.282750e+002  6.582445e-005
 4.288937e+002  6.024581e-005
 4.295125e+002  6.006508e-005
 4.301312e+002  6.658311e-005
 4.307500e+002  6.911240e-005
 4.313687e+002  4.716351e-005
 4.319875e+002  4.958727e-005
 4.326062e+002  6.666574e-005
 4.332250e+002  6.763970e-005
 4.338437e+002  6.754480e-005
 4.344625e+002  7.114047e-005
 4.350812e+002  6.301460e-005
 4.357000e+002  4.868494e-005
 4.363187e+002  5.632438e-005
 4.369375e+002  6.196802e-005
 4.375562e+002  6.199540e-005
 4.381750e+002  6.314427e-005
 4.387937e+002  6.993711e-005
 4.394125e+002  6.867651e-005
 4.400312e+002  7.388467e-005
 4.406500e+002  7.678785e-005
 4.412687e+002  7.208271e-005
 4.418875e+002  7.000021e-005
 4.425062e+002  5.916524e-005
 4.431250e+002  7.370442e-005
 4.437437e+002  7.670943e-005
 4.443625e+002  6.715690e-005
 4.449812e+002  5.816623e-005
 4.456000e+002  7.532804e-005
 4.462187e+002  7.369989e-005
 4.468375e+002  6.577810e-005
 4.474562e+002  6.480552e-005
 4.480750e+002  6.658519e-005
 4.486937e+002  7.757273e-005
 4.493125e+002  1.153467e-004
 4.499312e+002  1.845337e-004
 4.505500e+002  1.026600e-004
 4.511687e+002  6.566361e-005
 4.517875e+002  6.894081e-005
 4.524062e+002  6.174559e-005
 4.530250e+002  6.660141e-005
 4.536437e+002  6.170334e-005
 4.542625e+002  5.862002e-005
 4.548812e+002  6.640982e-005
 4.555000e+002  5.816019e-005
 4.561187e+002  6.776372e-005
 4.567375e+002  7.259288e-005
 4.573562e+002  5.900500e-005
 4.579750e+002  5.792039e-005
 4.585937e+002  5.799563e-005
 4.592125e+002  4.856876e-005
 4.598312e+002  6.249047e-005
 4.604500e+002  6.517010e-005
 4.610687e+002  5.508240e-005
 4.616875e+002  5.642851e-005
 4.623062e+002  5.424928e-005
 4.629250e+002  5.491186e-005
 4.635437e+002  5.712868e-005
 4.641625e+002  6.861202e-005
 4.647812e+002  7.402766e-005
 4.654000e+002  7.416484e-005
 4.660187e+002  6.347974e-005
 4.666375e+002  5.925879e-005
 4.672562e+002  7.405197e-005
 4.678750e+002  7.563579e-005
 4.684937e+002  7.977608e-005
 4.691125e+002  7.128784e-005
 4.697312e+002  6.251264e-005
 4.703500e+002  7.130463e-005
 4.709687e+002  6.999111e-005
 4.715875e+002  5.125218e-005
 4.722062e+002  4.673170e-005
 4.728250e+002  5.417496e-005
 4.734437e+002  6.285784e-005
 4.740625e+002  6.088287e-005
 4.746812e+002  5.183362e-005
 4.753000e+002  5.577112e-005
 4.759187e+002  7.378162e-005
 4.765375e+002  7.617275e-005
 4.771562e+002  7.356479e-005
 4.777750e+002  6.049615e-005
 4.783937e+002  6.574292e-005
 4.790125e+002  6.664860e-005
 4.796312e+002  6.910060e-005
 4.802500e+002  6.950981e-005
 4.808687e+002  8.009934e-005
 4.814875e+002  7.562369e-005
 4.821062e+002  7.647754e-005
 4.827250e+002  7.229346e-005
 4.833437e+002  6.699027e-005
 4.839625e+002  6.158697e-005
 4.845812e+002  6.707513e-005
 4.852000e+002  6.715291e-005
 4.858187e+002  5.833590e-005
 4.864375e+002  6.988340e-005
 4.870562e+002  8.226918e-005
 4.876750e+002  6.756689e-005
 4.882937e+002  5.785155e-005
 4.889125e+002  5.758560e-005
 4.895312e+002  5.769492e-005
 4.901500e+002  6.955095e-005
 4.907687e+002  7.742739e-005
 4.913875e+002  6.278575e-005
 4.920062e+002  6.875247e-005
 4.926250e+002  8.022097e-005
 4.932437e+002  6.486091e-005
 4.938625e+002  6.097149e-005
 4.944812e+002  7.660204e-005
 4.951000e+002  6.809568e-005
 4.957187e+002  6.697440e-005
 4.963375e+002  6.451541e-005
 4.969562e+002  6.036023e-005
 4.975750e+002  6.160573e-005
 4.981937e+002  6.151585e-005
 4.988125e+002  5.937142e-005
 4.994312e+002  7.832278e-005
 5.000500e+002  8.825458e-005
 5.006687e+002  7.175711e-005
 5.012875e+002  7.544575e-005
 5.019062e+002  7.961991e-005
 5.025250e+002  7.956211e-005
 5.031437e+002  7.810442e-005
 5.037625e+002  6.593143e-005
 5.043812e+002  6.314720e-005
 5.050000e+002  5.548502e-005
 5.056187e+002  7.635994e-005
 5.062375e+002  8.132691e-005
 5.068562e+002  7.056912e-005
 5.074750e+002  7.695509e-005
 5.080937e+002  7.238492e-005
 5.087125e+002  7.418061e-005
 5.093312e+002  8.168027e-005
 5.099500e+002  6.518690e-005
 5.105687e+002  6.672195e-005
 5.111875e+002  6.340239e-005
 5.118062e+002  5.965507e-005
 5.124250e+002  5.896029e-005
 5.130437e+002  5.134581e-005
 5.136625e+002  7.245976e-005
 5.142812e+002  7.866661e-005
 5.149000e+002  7.324023e-005
 5.155187e+002  7.310397e-005
 5.161375e+002  6.639047e-005
 5.167562e+002  6.376772e-005
 5.173750e+002  7.497825e-005
 5.179937e+002  7.693194e-005
 5.186125e+002  7.441424e-005
 5.192312e+002  8.356089e-005
 5.198500e+002  7.645393e-005
 5.204687e+002  4.819999e-005
 5.210875e+002  5.919345e-005
 5.217062e+002  6.837389e-005
 5.223250e+002  5.595414e-005
 5.229437e+002  5.840245e-005
 5.235625e+002  7.603030e-005
 5.241812e+002  7.389209e-005
 5.248000e+002  6.123179e-005
 5.254187e+002  6.301024e-005
 5.260375e+002  8.088508e-005
 5.266562e+002  7.974382e-005
 5.272750e+002  7.846444e-005
 5.278937e+002  7.222647e-005
 5.285125e+002  6.256150e-005
 5.291312e+002  5.290518e-005
 5.297500e+002  5.985011e-005
 5.303687e+002  6.912214e-005
 5.309875e+002  7.413608e-005
 5.316062e+002  5.431223e-005
 5.322250e+002  6.411756e-005
 5.328437e+002  7.722097e-005
 5.334625e+002  6.521163e-005
 5.340812e+002  5.574827e-005
 5.347000e+002  5.990638e-005
 5.353187e+002  6.753906e-005
 5.359375e+002  6.795283e-005
 5.365562e+002  5.545801e-005
 5.371750e+002  6.149525e-005
 5.377937e+002  6.933968e-005
 5.384125e+002  5.459229e-005
 5.390312e+002  6.019752e-005
 5.396500e+002  7.201172e-005
 5.402687e+002  7.543398e-005
 5.408875e+002  6.272468e-005
 5.415062e+002  6.259197e-005
 5.421250e+002  7.439017e-005
 5.427437e+002  6.980166e-005
 5.433625e+002  6.523082e-005
 5.439812e+002  5.254440e-005
 5.446000e+002  6.698474e-005
 5.452187e+002  7.722227e-005
 5.458375e+002  6.816523e-005
 5.464562e+002  7.294349e-005
 5.470750e+002  8.086891e-005
 5.476937e+002  6.362931e-005
 5.483125e+002  7.342421e-005
 5.489312e+002  7.278858e-005
 5.495500e+002  8.215388e-005
 5.501687e+002  9.074818e-005
 5.507875e+002  5.711302e-005
 5.514062e+002  5.608153e-005
 5.520250e+002  6.529721e-005
 5.526437e+002  8.311994e-005
 5.532625e+002  8.204672e-005
 5.538812e+002  6.927621e-005
 5.545000e+002  5.425464e-005
 5.551187e+002  6.579487e-005
 5.557375e+002  6.157612e-005
 5.563562e+002  5.366527e-005
 5.569750e+002  6.707560e-005
 5.575937e+002  7.264161e-005
 5.582125e+002  7.117056e-005
 5.588312e+002  6.585854e-005
 5.594500e+002  6.819420e-005
 5.600687e+002  7.481180e-005
 5.606875e+002  7.802829e-005
 5.613062e+002  7.018646e-005
 5.619250e+002  6.786823e-005
 5.625437e+002  6.990317e-005
 5.631625e+002  7.153818e-005
 5.637812e+002  6.261364e-005
 5.644000e+002  7.474711e-005
 5.650187e+002  6.733125e-005
 5.656375e+002  6.218636e-005
 5.662562e+002  6.942795e-005
 5.668750e+002  5.878513e-005
 5.674937e+002  6.909500e-005
 5.681125e+002  7.014608e-005
 5.687312e+002  5.235416e-005
 5.693500e+002  5.944158e-005
 5.699687e+002  5.655101e-005
 5.705875e+002  6.554360e-005
 5.712062e+002  6.667440e-005
 5.718250e+002  8.044775e-005
 5.724437e+002  7.686912e-005
 5.730625e+002  5.991153e-005
 5.736812e+002  5.504630e-005
 5.743000e+002  6.814363e-005
 5.749187e+002  7.613935e-005
 5.755375e+002  7.481154e-005
 5.761562e+002  7.746764e-005
 5.767750e+002  7.216506e-005
 5.773937e+002  7.363981e-005
 5.780125e+002  5.999983e-005
 5.786312e+002  5.551663e-005
 5.792500e+002  7.471380e-005
 5.798687e+002  7.826033e-005
 5.804875e+002  7.250198e-005
 5.811062e+002  6.958844e-005
 5.817250e+002  6.127691e-005
 5.823437e+002  7.371095e-005
 5.829625e+002  7.507034e-005
 5.835812e+002  6.743348e-005
 5.842000e+002  7.254873e-005
 5.848187e+002  6.312994e-005
 5.854375e+002  6.563022e-005
 5.860562e+002  6.383585e-005
 5.866750e+002  5.080283e-005
 5.872937e+002  5.801399e-005
 5.879125e+002  5.913380e-005
 5.885312e+002  6.899097e-005
 5.891500e+002  8.671830e-005
 5.897687e+002  8.264783e-005
 5.903875e+002  7.312897e-005
 5.910062e+002  6.765449e-005
 5.916250e+002  7.177079e-005
 5.922437e+002  7.405166e-005
 5.928625e+002  5.908649e-005
 5.934812e+002  6.647579e-005
 5.941000e+002  6.921712e-005
 5.947187e+002  6.604374e-005
 5.953375e+002  6.594331e-005
 5.959562e+002  6.096091e-005
 5.965750e+002  7.676945e-005
 5.971937e+002  8.185541e-005
 5.978125e+002  7.630088e-005
 5.984312e+002  8.626096e-005
 5.990500e+002  8.551062e-005
 5.996687e+002  8.275656e-005
 6.002875e+002  7.275322e-005
 6.009062e+002  7.274085e-005
 6.015250e+002  6.446324e-005
 6.021437e+002  6.236500e-005
 6.027625e+002  8.116816e-005
 6.033812e+002  7.036216e-005
 6.040000e+002  4.818624e-005
 6.046187e+002  5.365549e-005
 6.052375e+002  7.169233e-005
 6.058562e+002  7.130848e-005
 6.064750e+002  7.140165e-005
 6.070937e+002  7.917309e-005
 6.077125e+002  6.862621e-005
 6.083312e+002  7.235909e-005
 6.089500e+002  6.893806e-005
 6.095687e+002  8.143457e-005
 6.101875e+002  7.593147e-005
 6.108062e+002  6.351715e-005
 6.114250e+002  6.460716e-005
 6.120437e+002  7.054755e-005
 6.126625e+002  7.014735e-005
 6.132812e+002  6.779425e-005
 6.139000e+002  7.414873e-005
 6.145187e+002  6.711270e-005
 6.151375e+002  6.679473e-005
 6.157562e+002  7.268272e-005
 6.163750e+002  5.836341e-005
 6.169937e+002  6.275036e-005
 6.176125e+002  6.722868e-005
 6.182312e+002  6.573412e-005
 6.188500e+002  6.777726e-005
 6.194687e+002  7.074271e-005
 6.200875e+002  7.035626e-005
 6.207062e+002  6.820783e-005
 6.213250e+002  5.980045e-005
 6.219437e+002  5.709978e-005
 6.225625e+002  6.230300e-005
 6.231812e+002  5.948661e-005
 6.238000e+002  5.503390e-005
 6.244187e+002  5.515117e-005
 6.250375e+002  5.962774e-005
 6.256562e+002  5.935887e-005
 6.262750e+002  6.379612e-005
 6.268937e+002  6.995808e-005
 6.275125e+002  7.633535e-005
 6.281312e+002  6.452497e-005
 6.287500e+002  6.585649e-005
 6.293687e+002  5.583303e-005
 6.299875e+002  5.781824e-005
 6.306062e+002  6.328591e-005
 6.312250e+002  5.786650e-005
 6.318437e+002  6.018401e-005
 6.324625e+002  7.292205e-005
 6.330812e+002  6.715087e-005
 6.337000e+002  7.936480e-005
 6.343187e+002  7.775279e-005
 6.349375e+002  6.523457e-005
 6.355562e+002  5.609377e-005
 6.361750e+002  6.713300e-005
 6.367937e+002  7.009405e-005
 6.374125e+002  6.782933e-005
 6.380312e+002  7.942118e-005
 6.386500e+002  7.037237e-005
 6.392687e+002  5.661937e-005
 6.398875e+002  5.989038e-005
 6.405062e+002  7.735341e-005
 6.411250e+002  7.723829e-005
 6.417437e+002  7.112205e-005
 6.423625e+002  7.712866e-005
 6.429812e+002  6.265809e-005
 6.436000e+002  5.613735e-005
 6.442187e+002  6.463101e-005
 6.448375e+002  7.978086e-005
 6.454562e+002  7.268391e-005
 6.460750e+002  7.948574e-005
 6.466937e+002  7.701589e-005
 6.473125e+002  7.102024e-005
 6.479312e+002  6.581179e-005
 6.485500e+002  7.044659e-005
 6.491687e+002  5.312607e-005
 6.497875e+002  8.014823e-005
 6.504062e+002  6.461375e-005
 6.510250e+002  7.077459e-005
 6.516437e+002  7.071293e-005
 6.522625e+002  7.447628e-005
 6.528812e+002  5.994735e-005
 6.535000e+002  6.052670e-005
 6.541187e+002  7.199726e-005
 6.547375e+002  6.786761e-005
 6.553562e+002  6.932254e-005
 6.559750e+002  7.041307e-005
 6.565937e+002  5.970244e-005
 6.572125e+002  6.567742e-005
 6.578312e+002  7.595614e-005
 6.584500e+002  7.016750e-005
 6.590687e+002  7.315375e-005
 6.596875e+002  8.558304e-005
 6.603062e+002  7.679362e-005
 6.609250e+002  5.282019e-005
 6.615437e+002  6.175330e-005
 6.621625e+002  7.138482e-005
 6.627812e+002  7.286263e-005
 6.634000e+002  7.839808e-005
 6.640187e+002  8.467436e-005
 6.646375e+002  6.906386e-005
 6.652562e+002  7.917253e-005
 6.658750e+002  6.468547e-005
 6.664937e+002  6.455401e-005
 6.671125e+002  7.319869e-005
 6.677312e+002  6.418266e-005
 6.683500e+002  7.427863e-005
 6.689687e+002  7.672824e-005
 6.695875e+002  5.630598e-005
 6.702062e+002  6.832681e-005
 6.708250e+002  7.017073e-005
 6.714437e+002  6.165014e-005
 6.720625e+002  6.032697e-005
 6.726812e+002  7.526222e-005
 6.733000e+002  8.060047e-005
 6.739187e+002  7.229838e-005
 6.745375e+002  5.957245e-005
 6.751562e+002  6.343072e-005
 6.757750e+002  7.399222e-005
 6.763937e+002  8.074241e-005
 6.770125e+002  6.975056e-005
 6.776312e+002  8.068980e-005
 6.782500e+002  6.999906e-005
 6.788687e+002  5.656275e-005
 6.794875e+002  5.072635e-005
 6.801062e+002  7.216404e-005
 6.807250e+002  6.949942e-005
 6.813437e+002  6.936846e-005
 6.819625e+002  6.160311e-005
 6.825812e+002  6.113273e-005
 6.832000e+002  6.510470e-005
 6.838187e+002  6.147508e-005
 6.844375e+002  6.471614e-005
 6.850562e+002  6.698151e-005
 6.856750e+002  6.914695e-005
 6.862937e+002  7.732187e-005
 6.869125e+002  7.248956e-005
 6.875312e+002  6.166911e-005
 6.881500e+002  5.795401e-005
 6.887687e+002  6.594126e-005
 6.893875e+002  5.332210e-005
 6.900062e+002  5.705245e-005
 6.906250e+002  6.974073e-005
 6.912437e+002  6.362063e-005
 6.918625e+002  6.596894e-005
 6.924812e+002  6.716498e-005
 6.931000e+002  6.555644e-005
 6.937187e+002  6.070174e-005
 6.943375e+002  7.281037e-005
 6.949562e+002  6.481394e-005
 6.955750e+002  6.261415e-005
 6.961937e+002  6.464265e-005
 6.968125e+002  5.856104e-005
 6.974312e+002  7.254651e-005
 6.980500e+002  8.087259e-005
 6.986687e+002  8.261494e-005
 6.992875e+002  7.603378e-005
 6.999062e+002  7.844857e-005
 7.005250e+002  7.359609e-005
 7.011437e+002  6.151828e-005
 7.017625e+002  7.506209e-005
 7.023812e+002  7.963255e-005
 7.030000e+002  7.185696e-005
 7.036187e+002  5.556178e-005
 7.042375e+002  5.392411e-005
 7.048562e+002  6.241284e-005
 7.054750e+002  7.205999e-005
 7.060937e+002  7.308951e-005
 7.067125e+002  7.042999e-005
 7.073312e+002  7.060818e-005
 7.079500e+002  7.049991e-005
 7.085687e+002  6.026028e-005
 7.091875e+002  6.365508e-005
 7.098062e+002  7.036750e-005
 7.104250e+002  6.247825e-005
 7.110437e+002  5.976643e-005
 7.116625e+002  5.720645e-005
 7.122812e+002  7.122403e-005
 7.129000e+002  6.857413e-005
 7.135187e+002  6.181167e-005
 7.141375e+002  6.770766e-005
 7.147562e+002  5.499199e-005
 7.153750e+002  5.871886e-005
 7.159937e+002  6.448085e-005
 7.166125e+002  6.364335e-005
 7.172312e+002  5.806994e-005
 7.178500e+002  7.190963e-005
 7.184687e+002  8.213828e-005
 7.190875e+002  7.857999e-005
 7.197062e+002  6.377882e-005
 7.203250e+002  6.262256e-005
 7.209437e+002  6.461592e-005
 7.215625e+002  5.942792e-005
 7.221812e+002  5.743991e-005
 7.228000e+002  4.831083e-005
 7.234187e+002  6.523734e-005
 7.240375e+002  7.460519e-005
 7.246562e+002  7.356565e-005
 7.252750e+002  6.814183e-005
 7.258937e+002  6.093933e-005
 7.265125e+002  5.826031e-005
 7.271312e+002  7.432128e-005
 7.277500e+002  6.797545e-005
 7.283687e+002  4.951534e-005
 7.289875e+002  5.357015e-005
 7.296062e+002  5.904891e-005
 7.302250e+002  6.147367e-005
 7.308437e+002  7.291912e-005
 7.314625e+002  6.653549e-005
 7.320812e+002  5.902366e-005
 7.327000e+002  5.903736e-005
 7.333187e+002  5.180381e-005
 7.339375e+002  6.113239e-005
 7.345562e+002  5.945723e-005
 7.351750e+002  6.191924e-005
 7.357937e+002  7.169583e-005
 7.364125e+002  7.255096e-005
 7.370312e+002  6.480821e-005
 7.376500e+002  6.441225e-005
 7.382687e+002  8.048514e-005
 7.388875e+002  6.941092e-005
 7.395062e+002  5.931324e-005
 7.401250e+002  5.621631e-005
 7.407437e+002  6.359584e-005
 7.413625e+002  6.874636e-005
 7.419812e+002  6.946655e-005
 7.426000e+002  7.091498e-005
 7.432187e+002  6.800511e-005
 7.438375e+002  6.293433e-005
 7.444562e+002  7.370873e-005
 7.450750e+002  8.304680e-005
 7.456937e+002  7.232789e-005
 7.463125e+002  5.760225e-005
 7.469312e+002  5.736875e-005
 7.475500e+002  5.483185e-005
 7.481687e+002  6.631511e-005
 7.487875e+002  6.996763e-005
 7.494062e+002  5.837927e-005
 7.500250e+002  7.519243e-005
 7.506437e+002  6.927440e-005
 7.512625e+002  6.878748e-005
 7.518812e+002  7.071274e-005
 7.525000e+002  6.081867e-005
 7.531187e+002  6.973084e-005
 7.537375e+002  7.337580e-005
 7.543562e+002  7.976898e-005
 7.549750e+002  6.020423e-005
 7.555937e+002  6.541441e-005
 7.562125e+002  7.036905e-005
 7.568312e+002  7.003443e-005
 7.574500e+002  7.188681e-005
 7.580687e+002  6.380745e-005
 7.586875e+002  6.737437e-005
 7.593062e+002  6.995847e-005
 7.599250e+002  6.331673e-005
 7.605437e+002  6.152498e-005
 7.611625e+002  5.748992e-005
 7.617812e+002  6.251761e-005
 7.624000e+002  7.249877e-005
 7.630187e+002  6.030884e-005
 7.636375e+002  7.529464e-005
 7.642562e+002  7.206135e-005
 7.648750e+002  6.646138e-005
 7.654937e+002  6.777834e-005
 7.661125e+002  7.212945e-005
 7.667312e+002  6.067804e-005
 7.673500e+002  5.665281e-005
 7.679687e+002  5.768716e-005
 7.685875e+002  5.637990e-005
 7.692062e+002  5.267105e-005
 7.698250e+002  6.108997e-005
 7.704437e+002  6.760351e-005
 7.710625e+002  7.194233e-005
 7.716812e+002  6.847038e-005
 7.723000e+002  7.526752e-005
 7.729187e+002  7.008031e-005
 7.735375e+002  6.545202e-005
 7.741562e+002  6.385401e-005
 7.747750e+002  7.416543e-005
 7.753937e+002  7.063700e-005
 7.760125e+002  7.209683e-005
 7.766312e+002  6.303671e-005
 7.772500e+002  6.171241e-005
 7.778687e+002  6.563081e-005
 7.784875e+002  5.823890e-005
 7.791062e+002  6.484180e-005
 7.797250e+002  6.445698e-005
 7.803437e+002  7.124669e-005
 7.809625e+002  7.822189e-005
 7.815812e+002  7.909433e-005
 7.822000e+002  6.344237e-005
 7.828187e+002  7.316038e-005
 7.834375e+002  7.335043e-005
 7.840562e+002  6.386546e-005
 7.846750e+002  7.591212e-005
 7.852937e+002  6.617648e-005
 7.859125e+002  6.739722e-005
 7.865312e+002  7.510438e-005
 7.871500e+002  5.429838e-005
 7.877687e+002  6.521787e-005
 7.883875e+002  6.805423e-005
 7.890062e+002  6.595138e-005
 7.896250e+002  6.342321e-005
 7.902437e+002  5.776565e-005
 7.908625e+002  6.956091e-005
 7.914812e+002  6.654851e-005
 7.921000e+002  6.623108e-005
 7.927187e+002  7.977943e-005
 7.933375e+002  7.194765e-005
 7.939562e+002  7.489048e-005
 7.945750e+002  6.586701e-005
 7.951937e+002  6.437839e-005
 7.958125e+002  7.064485e-005
 7.964312e+002  7.266011e-005
 7.970500e+002  7.165926e-005
 7.976687e+002  7.317605e-005
 7.982875e+002  7.231328e-005
 7.989062e+002  6.757815e-005
 7.995250e+002  5.575545e-005
 8.001437e+002  5.428855e-005
 8.007625e+002  5.601695e-005
 8.013812e+002  6.463843e-005
 8.020000e+002  7.344964e-005
 8.026187e+002  7.786262e-005
 8.032375e+002  5.951413e-005
 8.038562e+002  6.564427e-005
 8.044750e+002  5.879812e-005
 8.050937e+002  4.474524e-005
 8.057125e+002  5.507423e-005
 8.063312e+002  5.723142e-005
 8.069500e+002  6.203683e-005
 8.075687e+002  5.992015e-005
 8.081875e+002  6.278326e-005
 8.088062e+002  6.007562e-005
 8.094250e+002  6.622316e-005
 8.100437e+002  7.665889e-005
 8.106625e+002  6.462472e-005
 8.112812e+002  6.198165e-005
 8.119000e+002  6.140226e-005
 8.125187e+002  5.587862e-005
 8.131375e+002  6.371215e-005
 8.137562e+002  7.373027e-005
 8.143750e+002  7.214957e-005
 8.149937e+002  7.196688e-005
 8.156125e+002  7.121727e-005
 8.162312e+002  6.920243e-005
 8.168500e+002  6.631269e-005
 8.174687e+002  6.311589e-005
 8.180875e+002  6.099059e-005
 8.187062e+002  6.927402e-005
 8.193250e+002  6.244775e-005
 8.199437e+002  5.949143e-005
 8.205625e+002  5.848969e-005
 8.211812e+002  6.711673e-005
 8.218000e+002  7.011220e-005
 8.224187e+002  7.417326e-005
 8.230375e+002  5.511249e-005
 8.236562e+002  6.176291e-005
 8.242750e+002  6.271042e-005
 8.248937e+002  6.478185e-005
 8.255125e+002  7.092447e-005
 8.261312e+002  7.827681e-005
 8.267500e+002  7.538741e-005
 8.273687e+002  5.431057e-005
 8.279875e+002  5.621907e-005
 8.286062e+002  5.596701e-005
 8.292250e+002  6.794698e-005
 8.298437e+002  6.674096e-005
 8.304625e+002  5.956083e-005
 8.310812e+002  7.160459e-005
 8.317000e+002  7.210899e-005
 8.323187e+002  7.189790e-005
 8.329375e+002  6.384269e-005
 8.335562e+002  6.976271e-005
 8.341750e+002  7.310321e-005
 8.347937e+002  8.541128e-005
 8.354125e+002  8.289479e-005
 8.360312e+002  7.560518e-005
 8.366500e+002  6.905117e-005
 8.372687e+002  6.273887e-005
 8.378875e+002  6.457199e-005
 8.385062e+002  6.835613e-005
 8.391250e+002  7.400354e-005
 8.397437e+002  7.458643e-005
 8.403625e+002  7.113883e-005
 8.409812e+002  5.877208e-005
 8.416000e+002  5.160281e-005
 8.422187e+002  5.653528e-005
 8.428375e+002  6.701231e-005
 8.434562e+002  7.163614e-005
 8.440750e+002  7.666727e-005
 8.446937e+002  7.493740e-005
 8.453125e+002  6.305447e-005
 8.459312e+002  6.201689e-005
 8.465500e+002  6.710815e-005
 8.471687e+002  6.558043e-005
 8.477875e+002  7.996458e-005
 8.484062e+002  7.600832e-005
 8.490250e+002  7.272551e-005
 8.496437e+002  8.493353e-005
 8.502625e+002  8.352540e-005
 8.508812e+002  7.683607e-005
 8.515000e+002  5.840336e-005
 8.521187e+002  5.751974e-005
 8.527375e+002  7.326867e-005
 8.533562e+002  6.892260e-005
 8.539750e+002  6.998386e-005
 8.545937e+002  6.229589e-005
 8.552125e+002  7.223883e-005
 8.558312e+002  5.774792e-005
 8.564500e+002  6.171957e-005
 8.570687e+002  7.056864e-005
 8.576875e+002  6.216529e-005
 8.583062e+002  5.705388e-005
 8.589250e+002  6.124596e-005
 8.595437e+002  6.308146e-005
 8.601625e+002  6.780963e-005
 8.607812e+002  6.994743e-005
 8.614000e+002  6.447446e-005
 8.620187e+002  6.733148e-005
 8.626375e+002  6.389535e-005
 8.632562e+002  5.424058e-005
 8.638750e+002  6.636820e-005
 8.644937e+002  6.448386e-005
 8.651125e+002  5.500147e-005
 8.657312e+002  6.428929e-005
 8.663500e+002  6.550447e-005
 8.669687e+002  5.173785e-005
 8.675875e+002  5.955287e-005
 8.682062e+002  7.160181e-005
 8.688250e+002  8.146116e-005
 8.694437e+002  7.583403e-005
 8.700625e+002  6.495446e-005
 8.706812e+002  5.670709e-005
 8.713000e+002  6.408761e-005
 8.719187e+002  7.443423e-005
 8.725375e+002  7.277018e-005
 8.731562e+002  6.173654e-005
 8.737750e+002  6.811729e-005
 8.743937e+002  7.295827e-005
 8.750125e+002  7.056842e-005
 8.756312e+002  7.763151e-005
 8.762500e+002  7.476252e-005
 8.768687e+002  5.696948e-005
 8.774875e+002  4.907109e-005
 8.781062e+002  6.826719e-005
 8.787250e+002  6.170784e-005
 8.793437e+002  6.160025e-005
 8.799625e+002  6.995547e-005
 8.805812e+002  6.010334e-005
 8.812000e+002  5.758415e-005
 8.818187e+002  5.552546e-005
 8.824375e+002  6.087301e-005
 8.830562e+002  5.744256e-005
 8.836750e+002  6.470605e-005
 8.842937e+002  7.463508e-005
 8.849125e+002  6.912843e-005
 8.855312e+002  6.821251e-005
 8.861500e+002  6.465027e-005
 8.867687e+002  5.151653e-005
 8.873875e+002  5.349136e-005
 8.880062e+002  4.913183e-005
 8.886250e+002  5.011735e-005
 8.892437e+002  5.666321e-005
 8.898625e+002  6.276876e-005
 8.904812e+002  6.972021e-005
 8.911000e+002  8.160923e-005
 8.917187e+002  7.931681e-005
 8.923375e+002  6.474444e-005
 8.929562e+002  7.884267e-005
 8.935750e+002  7.887979e-005
 8.941937e+002  7.381553e-005
 8.948125e+002  5.572970e-005
 8.954312e+002  5.247712e-005
 8.960500e+002  6.663496e-005
 8.966687e+002  6.738716e-005
 8.972875e+002  5.780568e-005
 8.979062e+002  6.423357e-005
 8.985250e+002  6.287490e-005
 8.991437e+002  6.077996e-005
 8.997625e+002  6.397374e-005
 9.003812e+002  6.351154e-005
 9.010000e+002  7.591903e-005
 9.016187e+002  7.124970e-005
 9.022375e+002  7.627229e-005
 9.028562e+002  7.495976e-005
 9.034750e+002  6.507606e-005
 9.040937e+002  5.785782e-005
 9.047125e+002  6.741813e-005
 9.053312e+002  5.626321e-005
 9.059500e+002  6.409681e-005
 9.065687e+002  7.329319e-005
 9.071875e+002  5.371331e-005
 9.078062e+002  6.197347e-005
 9.084250e+002  5.982103e-005
 9.090437e+002  5.755097e-005
 9.096625e+002  6.449809e-005
 9.102812e+002  5.436747e-005
 9.109000e+002  5.460243e-005
 9.115187e+002  5.023404e-005
 9.121375e+002  6.420610e-005
 9.127562e+002  6.918123e-005
 9.133750e+002  7.373826e-005
 9.139937e+002  6.721420e-005
 9.146125e+002  5.644424e-005
 9.152312e+002  7.407592e-005
 9.158500e+002  7.902263e-005
 9.164687e+002  7.129506e-005
 9.170875e+002  5.640633e-005
 9.177062e+002  5.200873e-005
 9.183250e+002  6.268313e-005
 9.189437e+002  6.675525e-005
 9.195625e+002  7.297936e-005
 9.201812e+002  7.099372e-005
 9.208000e+002  7.664756e-005
 9.214187e+002  6.576193e-005
 9.220375e+002  5.606213e-005
 9.226562e+002  6.118788e-005
 9.232750e+002  6.604975e-005
 9.238937e+002  7.107770e-005
 9.245125e+002  6.039000e-005
 9.251312e+002  7.535930e-005
 9.257500e+002  7.714113e-005
 9.263687e+002  6.478173e-005
 9.269875e+002  6.263786e-005
 9.276062e+002  7.036770e-005
 9.282250e+002  6.614964e-005
 9.288437e+002  7.737859e-005
 9.294625e+002  7.785395e-005
 9.300812e+002  7.866189e-005
 9.307000e+002  6.524431e-005
 9.313187e+002  7.599903e-005
 9.319375e+002  6.610862e-005
 9.325562e+002  6.313766e-005
 9.331750e+002  6.366582e-005
 9.337937e+002  5.683473e-005
 9.344125e+002  6.220886e-005
 9.350312e+002  6.597174e-005
 9.356500e+002  5.985320e-005
 9.362687e+002  6.775619e-005
 9.368875e+002  7.951386e-005
 9.375062e+002  6.831839e-005
 9.381250e+002  5.797436e-005
 9.387437e+002  6.674127e-005
 9.393625e+002  7.114056e-005
 9.399812e+002  6.611477e-005
 9.406000e+002  7.243059e-005
 9.412187e+002  7.255051e-005
 9.418375e+002  6.139182e-005
 9.424562e+002  6.538853e-005
 9.430750e+002  7.433351e-005
 9.436937e+002  6.961099e-005
 9.443125e+002  7.628539e-005
 9.449312e+002  7.034596e-005
 9.455500e+002  6.175174e-005
 9.461687e+002  6.407606e-005
 9.467875e+002  6.343849e-005
 9.474062e+002  7.389912e-005
 9.480250e+002  7.979126e-005
 9.486437e+002  6.971901e-005
 9.492625e+002  6.887812e-005
 9.498812e+002  6.478220e-005
 9.505000e+002  5.676774e-005
 9.511187e+002  6.198000e-005
 9.517375e+002  6.768961e-005
 9.523562e+002  6.990328e-005
 9.529750e+002  7.382759e-005
 9.535937e+002  6.806765e-005
 9.542125e+002  7.441468e-005
 9.548312e+002  6.411945e-005
 9.554500e+002  6.016357e-005
 9.560687e+002  7.374586e-005
 9.566875e+002  6.464063e-005
 9.573062e+002  6.781911e-005
 9.579250e+002  8.064143e-005
 9.585437e+002  7.355605e-005
 9.591625e+002  7.089786e-005
 9.597812e+002  6.916304e-005
 9.604000e+002  6.096504e-005
 9.610187e+002  5.811041e-005
 9.616375e+002  7.250293e-005
 9.622562e+002  8.790732e-005
 9.628750e+002  7.437009e-005
 9.634937e+002  7.136194e-005
 9.641125e+002  7.601413e-005
 9.647312e+002  6.241459e-005
 9.653500e+002  5.697863e-005
 9.659687e+002  6.229048e-005
 9.665875e+002  6.628891e-005
 9.672062e+002  7.639747e-005
 9.678250e+002  7.378450e-005
 9.684437e+002  7.378590e-005
 9.690625e+002  6.212665e-005
 9.696812e+002  5.928470e-005
 9.703000e+002  7.281520e-005
 9.709187e+002  6.741314e-005
 9.715375e+002  7.077577e-005
 9.721562e+002  6.564278e-005
 9.727750e+002  7.057755e-005
 9.733937e+002  7.099854e-005
 9.740125e+002  7.629763e-005
 9.746312e+002  7.919749e-005
 9.752500e+002  7.794211e-005
 9.758687e+002  7.453701e-005
 9.764875e+002  7.943701e-005
 9.771062e+002  7.192982e-005
 9.777250e+002  7.178676e-005
 9.783437e+002  7.652366e-005
 9.789625e+002  7.153968e-005
 9.795812e+002  6.588681e-005
 9.802000e+002  5.832664e-005
 9.808187e+002  6.380482e-005
 9.814375e+002  6.923027e-005
 9.820562e+002  7.508873e-005
 9.826750e+002  6.431712e-005
 9.832937e+002  7.248031e-005
 9.839125e+002  6.826218e-005
 9.845312e+002  6.374550e-005
 9.851500e+002  5.779897e-005
 9.857687e+002  5.779435e-005
 9.863875e+002  6.983727e-005
 9.870062e+002  7.018122e-005
 9.876250e+002  6.573453e-005
 9.882437e+002  5.943303e-005
 9.888625e+002  6.607082e-005
 9.894812e+002  6.733343e-005
 9.901000e+002  6.548841e-005
 9.907187e+002  7.772373e-005
 9.913375e+002  7.397389e-005
 9.919562e+002  7.467650e-005
 9.925750e+002  6.991937e-005
 9.931937e+002  5.808278e-005
 9.938125e+002  5.960657e-005
 9.944312e+002  5.689855e-005
 9.950500e+002  6.493472e-005
 9.956687e+002  6.285306e-005
 9.962875e+002  7.600723e-005
 9.969062e+002  8.221316e-005
 9.975250e+002  8.260794e-005
 9.981437e+002  7.229968e-005
 9.987625e+002  6.685441e-005
 9.993812e+002  6.998841e-005
 1.000000e+003  7.047821e-005
