 1.000000e+001  1.628180e-004
 1.061875e+001  1.520455e-004
 1.123750e+001  1.467656e-004
 1.185625e+001  1.510128e-004
 1.247500e+001  1.494073e-004
 1.309375e+001  1.491345e-004
 1.371250e+001  1.358963e-004
 1.433125e+001  1.268047e-004
 1.495000e+001  1.442671e-004
 1.556875e+001  1.369546e-004
 1.618750e+001  1.326359e-004
 1.680625e+001  1.129241e-004
 1.742500e+001  1.186882e-004
 1.804375e+001  1.229103e-004
 1.866250e+001  1.227888e-004
 1.928125e+001  1.183661e-004
 1.990000e+001  1.130759e-004
 2.051875e+001  1.054752e-004
 2.113750e+001  1.189396e-004
 2.175625e+001  1.205152e-004
 2.237500e+001  1.272866e-004
 2.299375e+001  1.189235e-004
 2.361250e+001  1.196042e-004
 2.423125e+001  1.122784e-004
 2.485000e+001  1.112308e-004
 2.546875e+001  1.033923e-004
 2.608750e+001  1.038777e-004
 2.670625e+001  1.050866e-004
 2.732500e+001  1.021152e-004
 2.794375e+001  1.046068e-004
 2.856250e+001  1.113931e-004
 2.918125e+001  1.161830e-004
 2.980000e+001  1.055917e-004
 3.041875e+001  1.075650e-004
 3.103750e+001  1.011585e-004
 3.165625e+001  1.019779e-004
 3.227500e+001  1.049305e-004
 3.289375e+001  1.035905e-004
 3.351250e+001  9.416933e-005
 3.413125e+001  9.098832e-005
 3.475000e+001  1.001891e-004
 3.536875e+001  1.030909e-004
 3.598750e+001  9.328276e-005
 3.660625e+001  9.617593e-005
 3.722500e+001  1.023854e-004
 3.784375e+001  1.009207e-004
 3.846250e+001  9.998927e-005
 3.908125e+001  1.000637e-004
 3.970000e+001  8.453081e-005
 4.031875e+001  7.858976e-005
 4.093750e+001  9.202231e-005
 4.155625e+001  1.002268e-004
 4.217500e+001  9.735053e-005
 4.279375e+001  9.257963e-005
 4.341250e+001  9.587737e-005
 4.403125e+001  9.677457e-005
 4.465000e+001  7.985807e-005
 4.526875e+001  8.706749e-005
 4.588750e+001  9.256474e-005
 4.650625e+001  9.097390e-005
 4.712500e+001  9.079305e-005
 4.774375e+001  9.371169e-005
 4.836250e+001  1.151469e-004
 4.898125e+001  3.876938e-004
 4.960000e+001  2.552903e-003
 5.021875e+001  2.957191e-003
 5.083750e+001  7.560654e-004
 5.145625e+001  1.348165e-004
 5.207500e+001  9.192481e-005
 5.269375e+001  9.068937e-005
 5.331250e+001  9.315773e-005
 5.393125e+001  8.706703e-005
 5.455000e+001  8.844737e-005
 5.516875e+001  9.013138e-005
 5.578750e+001  1.090812e-004
 5.640625e+001  1.053780e-004
 5.702500e+001  9.039330e-005
 5.764375e+001  8.009155e-005
 5.826250e+001  8.692614e-005
 5.888125e+001  9.013588e-005
 5.950000e+001  9.701304e-005
 6.011875e+001  9.429354e-005
 6.073750e+001  8.070073e-005
 6.135625e+001  8.679324e-005
 6.197500e+001  8.116636e-005
 6.259375e+001  7.963956e-005
 6.321250e+001  8.886371e-005
 6.383125e+001  8.884265e-005
 6.445000e+001  8.750941e-005
 6.506875e+001  8.787272e-005
 6.568750e+001  8.300104e-005
 6.630625e+001  8.840402e-005
 6.692500e+001  9.025651e-005
 6.754375e+001  8.203837e-005
 6.816250e+001  8.847167e-005
 6.878125e+001  8.687429e-005
 6.940000e+001  8.316239e-005
 7.001875e+001  8.770474e-005
 7.063750e+001  9.492625e-005
 7.125625e+001  8.583528e-005
 7.187500e+001  8.165218e-005
 7.249375e+001  8.783488e-005
 7.311250e+001  9.298728e-005
 7.373125e+001  8.654222e-005
 7.435000e+001  8.881354e-005
 7.496875e+001  8.573662e-005
 7.558750e+001  8.493882e-005
 7.620625e+001  8.802601e-005
 7.682500e+001  8.554612e-005
 7.744375e+001  9.626291e-005
 7.806250e+001  9.982039e-005
 7.868125e+001  8.708134e-005
 7.930000e+001  8.424602e-005
 7.991875e+001  9.057281e-005
 8.053750e+001  9.417990e-005
 8.115625e+001  8.900317e-005
 8.177500e+001  8.608732e-005
 8.239375e+001  8.606140e-005
 8.301250e+001  8.529170e-005
 8.363125e+001  8.303960e-005
 8.425000e+001  8.586049e-005
 8.486875e+001  7.963912e-005
 8.548750e+001  8.059473e-005
 8.610625e+001  7.805525e-005
 8.672500e+001  7.666319e-005
 8.734375e+001  7.967493e-005
 8.796250e+001  7.827634e-005
 8.858125e+001  7.179803e-005
 8.920000e+001  7.633909e-005
 8.981875e+001  7.522857e-005
 9.043750e+001  7.753187e-005
 9.105625e+001  7.296489e-005
 9.167500e+001  7.787280e-005
 9.229375e+001  8.118212e-005
 9.291250e+001  7.972701e-005
 9.353125e+001  8.341823e-005
 9.415000e+001  8.313346e-005
 9.476875e+001  7.639678e-005
 9.538750e+001  8.241572e-005
 9.600625e+001  8.187618e-005
 9.662500e+001  8.445372e-005
 9.724375e+001  8.422134e-005
 9.786250e+001  7.936186e-005
 9.848125e+001  8.525762e-005
 9.910000e+001  8.343876e-005
 9.971875e+001  1.019156e-004
 1.003375e+002  9.731919e-005
 1.009563e+002  8.641167e-005
 1.015750e+002  8.476808e-005
 1.021938e+002  8.762356e-005
 1.028125e+002  7.576587e-005
 1.034313e+002  7.610610e-005
 1.040500e+002  7.234271e-005
 1.046688e+002  8.841329e-005
 1.052875e+002  8.554181e-005
 1.059063e+002  7.653779e-005
 1.065250e+002  7.286332e-005
 1.071438e+002  7.465749e-005
 1.077625e+002  8.607113e-005
 1.083813e+002  8.608553e-005
 1.090000e+002  8.260340e-005
 1.096188e+002  7.428556e-005
 1.102375e+002  8.046482e-005
 1.108563e+002  8.432168e-005
 1.114750e+002  8.426469e-005
 1.120938e+002  8.331296e-005
 1.127125e+002  7.650649e-005
 1.133313e+002  8.065547e-005
 1.139500e+002  8.020021e-005
 1.145688e+002  8.273959e-005
 1.151875e+002  8.019484e-005
 1.158063e+002  8.036267e-005
 1.164250e+002  8.210772e-005
 1.170438e+002  9.125403e-005
 1.176625e+002  8.424039e-005
 1.182813e+002  7.769124e-005
 1.189000e+002  7.418711e-005
 1.195188e+002  8.648079e-005
 1.201375e+002  8.767727e-005
 1.207563e+002  7.965691e-005
 1.213750e+002  8.016954e-005
 1.219938e+002  8.951899e-005
 1.226125e+002  8.247094e-005
 1.232313e+002  9.186555e-005
 1.238500e+002  8.276627e-005
 1.244688e+002  6.700863e-005
 1.250875e+002  7.241752e-005
 1.257063e+002  7.377231e-005
 1.263250e+002  7.076829e-005
 1.269438e+002  7.469465e-005
 1.275625e+002  8.020823e-005
 1.281813e+002  7.965174e-005
 1.288000e+002  8.243184e-005
 1.294188e+002  8.296710e-005
 1.300375e+002  8.147999e-005
 1.306563e+002  7.720067e-005
 1.312750e+002  7.847688e-005
 1.318938e+002  8.226132e-005
 1.325125e+002  7.885745e-005
 1.331313e+002  7.958826e-005
 1.337500e+002  8.141469e-005
 1.343688e+002  7.609825e-005
 1.349875e+002  7.879737e-005
 1.356063e+002  8.009309e-005
 1.362250e+002  8.458157e-005
 1.368438e+002  7.233940e-005
 1.374625e+002  7.138029e-005
 1.380813e+002  8.010087e-005
 1.387000e+002  7.897378e-005
 1.393188e+002  8.127902e-005
 1.399375e+002  8.290512e-005
 1.405563e+002  7.972423e-005
 1.411750e+002  7.346343e-005
 1.417938e+002  7.592406e-005
 1.424125e+002  7.834353e-005
 1.430313e+002  8.330624e-005
 1.436500e+002  8.409645e-005
 1.442688e+002  8.004762e-005
 1.448875e+002  7.999158e-005
 1.455063e+002  6.909400e-005
 1.461250e+002  7.573685e-005
 1.467438e+002  7.164911e-005
 1.473625e+002  7.211082e-005
 1.479813e+002  8.389044e-005
 1.486000e+002  9.823898e-005
 1.492188e+002  1.096600e-003
 1.498375e+002  2.828721e-003
 1.504563e+002  1.791267e-003
 1.510750e+002  1.274452e-004
 1.516938e+002  8.152577e-005
 1.523125e+002  8.332944e-005
 1.529313e+002  8.078691e-005
 1.535500e+002  7.470488e-005
 1.541688e+002  6.875636e-005
 1.547875e+002  7.960587e-005
 1.554063e+002  8.366536e-005
 1.560250e+002  7.503563e-005
 1.566438e+002  8.608311e-005
 1.572625e+002  8.292886e-005
 1.578813e+002  8.163166e-005
 1.585000e+002  7.911705e-005
 1.591188e+002  7.404914e-005
 1.597375e+002  6.922838e-005
 1.603563e+002  8.064624e-005
 1.609750e+002  7.678297e-005
 1.615938e+002  7.272375e-005
 1.622125e+002  7.548150e-005
 1.628313e+002  7.712994e-005
 1.634500e+002  8.353400e-005
 1.640688e+002  7.854299e-005
 1.646875e+002  8.329470e-005
 1.653063e+002  8.157535e-005
 1.659250e+002  7.473425e-005
 1.665438e+002  7.257648e-005
 1.671625e+002  7.298650e-005
 1.677813e+002  7.444677e-005
 1.684000e+002  7.604554e-005
 1.690188e+002  7.627583e-005
 1.696375e+002  8.352241e-005
 1.702563e+002  8.234003e-005
 1.708750e+002  8.243846e-005
 1.714938e+002  7.927435e-005
 1.721125e+002  7.440896e-005
 1.727313e+002  7.849520e-005
 1.733500e+002  7.579426e-005
 1.739688e+002  7.472192e-005
 1.745875e+002  8.542567e-005
 1.752063e+002  8.727464e-005
 1.758250e+002  8.402616e-005
 1.764438e+002  8.117229e-005
 1.770625e+002  7.210630e-005
 1.776813e+002  8.091232e-005
 1.783000e+002  8.877617e-005
 1.789188e+002  6.940970e-005
 1.795375e+002  6.383659e-005
 1.801563e+002  7.317686e-005
 1.807750e+002  7.251089e-005
 1.813938e+002  7.382653e-005
 1.820125e+002  8.333027e-005
 1.826313e+002  8.417610e-005
 1.832500e+002  7.758115e-005
 1.838688e+002  7.356554e-005
 1.844875e+002  7.329821e-005
 1.851063e+002  7.452352e-005
 1.857250e+002  8.557842e-005
 1.863438e+002  7.689692e-005
 1.869625e+002  7.624291e-005
 1.875813e+002  7.794330e-005
 1.882000e+002  7.757090e-005
 1.888188e+002  7.101898e-005
 1.894375e+002  7.481654e-005
 1.900563e+002  7.537785e-005
 1.906750e+002  8.268271e-005
 1.912938e+002  7.403089e-005
 1.919125e+002  7.811113e-005
 1.925313e+002  7.850139e-005
 1.931500e+002  7.293396e-005
 1.937688e+002  7.520725e-005
 1.943875e+002  8.039537e-005
 1.950063e+002  7.389443e-005
 1.956250e+002  7.085072e-005
 1.962438e+002  7.591323e-005
 1.968625e+002  7.481070e-005
 1.974813e+002  7.588000e-005
 1.981000e+002  7.696423e-005
 1.987188e+002  7.449012e-005
 1.993375e+002  7.886253e-005
 1.999563e+002  8.209817e-005
 2.005750e+002  7.566037e-005
 2.011938e+002  6.178602e-005
 2.018125e+002  6.238756e-005
 2.024313e+002  7.284909e-005
 2.030500e+002  7.440684e-005
 2.036688e+002  7.254014e-005
 2.042875e+002  7.712632e-005
 2.049063e+002  6.876415e-005
 2.055250e+002  6.862180e-005
 2.061438e+002  6.777619e-005
 2.067625e+002  6.886320e-005
 2.073813e+002  7.355741e-005
 2.080000e+002  7.652037e-005
 2.086188e+002  7.193297e-005
 2.092375e+002  7.201066e-005
 2.098563e+002  6.122659e-005
 2.104750e+002  7.013230e-005
 2.110938e+002  6.753263e-005
 2.117125e+002  7.086351e-005
 2.123313e+002  8.051256e-005
 2.129500e+002  7.027972e-005
 2.135688e+002  7.706112e-005
 2.141875e+002  8.539638e-005
 2.148063e+002  7.983524e-005
 2.154250e+002  8.210136e-005
 2.160438e+002  7.959858e-005
 2.166625e+002  7.692524e-005
 2.172813e+002  8.564190e-005
 2.179000e+002  8.130029e-005
 2.185188e+002  8.130252e-005
 2.191375e+002  7.422430e-005
 2.197563e+002  6.942974e-005
 2.203750e+002  7.086162e-005
 2.209938e+002  7.324834e-005
 2.216125e+002  7.914389e-005
 2.222313e+002  7.503829e-005
 2.228500e+002  7.187007e-005
 2.234688e+002  7.393436e-005
 2.240875e+002  7.782386e-005
 2.247063e+002  7.337368e-005
 2.253250e+002  7.389079e-005
 2.259438e+002  7.483697e-005
 2.265625e+002  7.064841e-005
 2.271813e+002  6.863565e-005
 2.278000e+002  6.870987e-005
 2.284188e+002  6.642060e-005
 2.290375e+002  7.930820e-005
 2.296563e+002  7.558950e-005
 2.302750e+002  8.271252e-005
 2.308938e+002  8.674148e-005
 2.315125e+002  7.569265e-005
 2.321313e+002  6.286928e-005
 2.327500e+002  7.154914e-005
 2.333688e+002  7.104966e-005
 2.339875e+002  7.657614e-005
 2.346063e+002  7.340304e-005
 2.352250e+002  7.268584e-005
 2.358438e+002  7.738310e-005
 2.364625e+002  7.460911e-005
 2.370813e+002  7.817140e-005
 2.377000e+002  7.851463e-005
 2.383188e+002  7.514184e-005
 2.389375e+002  7.148092e-005
 2.395563e+002  7.607251e-005
 2.401750e+002  7.633107e-005
 2.407938e+002  8.227740e-005
 2.414125e+002  7.814384e-005
 2.420313e+002  7.221477e-005
 2.426500e+002  7.046427e-005
 2.432688e+002  8.205432e-005
 2.438875e+002  7.532928e-005
 2.445063e+002  6.444701e-005
 2.451250e+002  6.904043e-005
 2.457438e+002  7.550406e-005
 2.463625e+002  7.248118e-005
 2.469813e+002  7.196554e-005
 2.476000e+002  8.097377e-005
 2.482188e+002  8.083401e-005
 2.488375e+002  9.486535e-005
 2.494563e+002  5.772022e-004
 2.500750e+002  7.673927e-004
 2.506938e+002  2.506565e-004
 2.513125e+002  6.944972e-005
 2.519313e+002  7.641846e-005
 2.525500e+002  8.257502e-005
 2.531688e+002  8.018026e-005
 2.537875e+002  7.729622e-005
 2.544063e+002  7.175254e-005
 2.550250e+002  6.874784e-005
 2.556438e+002  7.452854e-005
 2.562625e+002  7.534725e-005
 2.568813e+002  8.898346e-005
 2.575000e+002  8.837083e-005
 2.581188e+002  8.317804e-005
 2.587375e+002  7.790422e-005
 2.593563e+002  7.411296e-005
 2.599750e+002  7.858994e-005
 2.605938e+002  7.841368e-005
 2.612125e+002  7.400534e-005
 2.618313e+002  7.569029e-005
 2.624500e+002  8.046330e-005
 2.630688e+002  8.105071e-005
 2.636875e+002  7.562288e-005
 2.643063e+002  6.822618e-005
 2.649250e+002  6.931427e-005
 2.655438e+002  7.961470e-005
 2.661625e+002  8.001953e-005
 2.667813e+002  7.216053e-005
 2.674000e+002  7.321872e-005
 2.680188e+002  7.526777e-005
 2.686375e+002  7.722315e-005
 2.692563e+002  7.656077e-005
 2.698750e+002  7.055150e-005
 2.704938e+002  7.327550e-005
 2.711125e+002  7.492144e-005
 2.717313e+002  7.502720e-005
 2.723500e+002  7.344921e-005
 2.729688e+002  7.729105e-005
 2.735875e+002  8.150933e-005
 2.742063e+002  6.724287e-005
 2.748250e+002  6.169720e-005
 2.754438e+002  6.712519e-005
 2.760625e+002  6.873333e-005
 2.766813e+002  7.438308e-005
 2.773000e+002  7.346295e-005
 2.779188e+002  7.178129e-005
 2.785375e+002  7.442262e-005
 2.791563e+002  7.231752e-005
 2.797750e+002  7.392693e-005
 2.803938e+002  7.153495e-005
 2.810125e+002  8.498895e-005
 2.816313e+002  8.455395e-005
 2.822500e+002  7.383391e-005
 2.828688e+002  6.959981e-005
 2.834875e+002  7.176679e-005
 2.841063e+002  6.947092e-005
 2.847250e+002  7.800216e-005
 2.853438e+002  7.454188e-005
 2.859625e+002  6.593348e-005
 2.865813e+002  7.206721e-005
 2.872000e+002  7.006881e-005
 2.878188e+002  7.417349e-005
 2.884375e+002  7.487069e-005
 2.890563e+002  7.701708e-005
 2.896750e+002  7.306801e-005
 2.902938e+002  7.039079e-005
 2.909125e+002  7.065882e-005
 2.915313e+002  6.945187e-005
 2.921500e+002  7.265237e-005
 2.927688e+002  7.336444e-005
 2.933875e+002  6.994996e-005
 2.940063e+002  7.379973e-005
 2.946250e+002  7.444643e-005
 2.952438e+002  7.823504e-005
 2.958625e+002  7.763901e-005
 2.964813e+002  7.724573e-005
 2.971000e+002  7.509247e-005
 2.977188e+002  8.236191e-005
 2.983375e+002  8.743696e-005
 2.989563e+002  7.972082e-005
 2.995750e+002  7.144703e-005
 3.001938e+002  7.274649e-005
 3.008125e+002  8.263815e-005
 3.014313e+002  7.721303e-005
 3.020500e+002  6.725820e-005
 3.026688e+002  7.361430e-005
 3.032875e+002  7.752797e-005
 3.039063e+002  7.362282e-005
 3.045250e+002  8.375467e-005
 3.051438e+002  8.581582e-005
 3.057625e+002  8.056659e-005
 3.063813e+002  6.625686e-005
 3.070000e+002  6.924010e-005
 3.076188e+002  7.543478e-005
 3.082375e+002  7.879261e-005
 3.088563e+002  7.663449e-005
 3.094750e+002  7.335996e-005
 3.100938e+002  7.244594e-005
 3.107125e+002  6.693433e-005
 3.113313e+002  7.162951e-005
 3.119500e+002  6.918334e-005
 3.125688e+002  7.027166e-005
 3.131875e+002  6.798049e-005
 3.138063e+002  6.462504e-005
 3.144250e+002  7.773872e-005
 3.150437e+002  7.462873e-005
 3.156625e+002  6.710681e-005
 3.162812e+002  6.763873e-005
 3.169000e+002  6.627910e-005
 3.175187e+002  7.450033e-005
 3.181375e+002  7.347530e-005
 3.187562e+002  6.427471e-005
 3.193750e+002  7.009369e-005
 3.199937e+002  7.094999e-005
 3.206125e+002  6.920682e-005
 3.212312e+002  7.904402e-005
 3.218500e+002  7.365622e-005
 3.224687e+002  6.759818e-005
 3.230875e+002  7.019603e-005
 3.237062e+002  7.249393e-005
 3.243250e+002  6.641550e-005
 3.249437e+002  6.694079e-005
 3.255625e+002  7.247016e-005
 3.261812e+002  6.665394e-005
 3.268000e+002  7.025203e-005
 3.274187e+002  7.241082e-005
 3.280375e+002  6.830452e-005
 3.286562e+002  7.219351e-005
 3.292750e+002  7.722574e-005
 3.298937e+002  7.193092e-005
 3.305125e+002  7.082798e-005
 3.311312e+002  7.211008e-005
 3.317500e+002  7.021851e-005
 3.323687e+002  7.271825e-005
 3.329875e+002  7.486252e-005
 3.336062e+002  7.688900e-005
 3.342250e+002  7.306614e-005
 3.348437e+002  7.717413e-005
 3.354625e+002  8.024977e-005
 3.360812e+002  7.552384e-005
 3.367000e+002  7.738220e-005
 3.373187e+002  7.634402e-005
 3.379375e+002  7.298627e-005
 3.385562e+002  7.564596e-005
 3.391750e+002  6.966894e-005
 3.397937e+002  7.190642e-005
 3.404125e+002  7.338916e-005
 3.410312e+002  7.668032e-005
 3.416500e+002  6.675924e-005
 3.422687e+002  6.768222e-005
 3.428875e+002  7.286022e-005
 3.435062e+002  6.820605e-005
 3.441250e+002  7.578055e-005
 3.447437e+002  8.557557e-005
 3.453625e+002  7.710621e-005
 3.459812e+002  7.584220e-005
 3.466000e+002  6.839127e-005
 3.472187e+002  6.586938e-005
 3.478375e+002  6.661162e-005
 3.484562e+002  7.212019e-005
 3.490750e+002  8.494217e-005
 3.496937e+002  1.716058e-004
 3.503125e+002  1.415205e-004
 3.509312e+002  7.719071e-005
 3.515500e+002  8.084120e-005
 3.521687e+002  7.787143e-005
 3.527875e+002  7.680055e-005
 3.534062e+002  7.919922e-005
 3.540250e+002  8.479432e-005
 3.546437e+002  7.685620e-005
 3.552625e+002  8.109767e-005
 3.558812e+002  8.052566e-005
 3.565000e+002  7.554144e-005
 3.571187e+002  7.047588e-005
 3.577375e+002  6.979240e-005
 3.583562e+002  7.226743e-005
 3.589750e+002  7.681351e-005
 3.595937e+002  7.508625e-005
 3.602125e+002  7.539186e-005
 3.608312e+002  7.168575e-005
 3.614500e+002  6.755741e-005
 3.620687e+002  7.615797e-005
 3.626875e+002  8.281274e-005
 3.633062e+002  7.435330e-005
 3.639250e+002  6.696279e-005
 3.645437e+002  7.131844e-005
 3.651625e+002  7.880625e-005
 3.657812e+002  8.825031e-005
 3.664000e+002  8.242293e-005
 3.670187e+002  8.036625e-005
 3.676375e+002  7.772122e-005
 3.682562e+002  8.196444e-005
 3.688750e+002  7.541165e-005
 3.694937e+002  7.239287e-005
 3.701125e+002  7.089676e-005
 3.707312e+002  7.253965e-005
 3.713500e+002  7.223007e-005
 3.719687e+002  7.687374e-005
 3.725875e+002  6.806405e-005
 3.732062e+002  6.735730e-005
 3.738250e+002  7.036463e-005
 3.744437e+002  7.712226e-005
 3.750625e+002  7.359146e-005
 3.756812e+002  6.944319e-005
 3.763000e+002  7.513418e-005
 3.769187e+002  7.906985e-005
 3.775375e+002  7.803718e-005
 3.781562e+002  7.595916e-005
 3.787750e+002  7.663796e-005
 3.793937e+002  8.065611e-005
 3.800125e+002  7.656448e-005
 3.806312e+002  7.741335e-005
 3.812500e+002  6.947292e-005
 3.818687e+002  6.432967e-005
 3.824875e+002  7.460684e-005
 3.831062e+002  7.577034e-005
 3.837250e+002  7.532608e-005
 3.843437e+002  7.699244e-005
 3.849625e+002  7.171628e-005
 3.855812e+002  7.498224e-005
 3.862000e+002  7.024418e-005
 3.868187e+002  6.486303e-005
 3.874375e+002  6.566612e-005
 3.880562e+002  6.398992e-005
 3.886750e+002  6.724824e-005
 3.892937e+002  7.721426e-005
 3.899125e+002  8.322052e-005
 3.905312e+002  7.602243e-005
 3.911500e+002  7.408255e-005
 3.917687e+002  7.543590e-005
 3.923875e+002  7.041260e-005
 3.930062e+002  6.884713e-005
 3.936250e+002  7.528781e-005
 3.942437e+002  7.450232e-005
 3.948625e+002  7.725944e-005
 3.954812e+002  6.531093e-005
 3.961000e+002  7.102269e-005
 3.967187e+002  7.542860e-005
 3.973375e+002  7.005994e-005
 3.979562e+002  6.823498e-005
 3.985750e+002  7.636605e-005
 3.991937e+002  8.012915e-005
 3.998125e+002  7.255966e-005
 4.004312e+002  6.878182e-005
 4.010500e+002  7.034230e-005
 4.016687e+002  7.192797e-005
 4.022875e+002  7.149440e-005
 4.029062e+002  7.541328e-005
 4.035250e+002  8.115449e-005
 4.041437e+002  7.300357e-005
 4.047625e+002  6.884868e-005
 4.053812e+002  7.400816e-005
 4.060000e+002  7.194048e-005
 4.066187e+002  6.273104e-005
 4.072375e+002  6.377730e-005
 4.078562e+002  7.354794e-005
 4.084750e+002  7.155763e-005
 4.090937e+002  6.665585e-005
 4.097125e+002  6.539630e-005
 4.103312e+002  6.547146e-005
 4.109500e+002  7.382812e-005
 4.115687e+002  7.452391e-005
 4.121875e+002  7.491587e-005
 4.128062e+002  7.157684e-005
 4.134250e+002  6.810235e-005
 4.140437e+002  7.412356e-005
 4.146625e+002  6.928172e-005
 4.152812e+002  6.692732e-005
 4.159000e+002  7.232903e-005
 4.165187e+002  7.331657e-005
 4.171375e+002  7.986268e-005
 4.177562e+002  7.672912e-005
 4.183750e+002  7.602303e-005
 4.189937e+002  7.442596e-005
 4.196125e+002  7.030571e-005
 4.202312e+002  6.802364e-005
 4.208500e+002  6.958903e-005
 4.214687e+002  7.722302e-005
 4.220875e+002  6.789726e-005
 4.227062e+002  6.359275e-005
 4.233250e+002  7.476808e-005
 4.239437e+002  7.934857e-005
 4.245625e+002  7.734258e-005
 4.251812e+002  7.891482e-005
 4.258000e+002  7.175833e-005
 4.264187e+002  7.166948e-005
 4.270375e+002  6.646168e-005
 4.276562e+002  6.775823e-005
 4.282750e+002  7.697627e-005
 4.288937e+002  7.362251e-005
 4.295125e+002  7.220616e-005
 4.301312e+002  7.053052e-005
 4.307500e+002  6.727456e-005
 4.313687e+002  7.048585e-005
 4.319875e+002  6.513007e-005
 4.326062e+002  7.248836e-005
 4.332250e+002  6.147010e-005
 4.338437e+002  7.168625e-005
 4.344625e+002  7.190667e-005
 4.350812e+002  7.130630e-005
 4.357000e+002  6.356053e-005
 4.363187e+002  6.548144e-005
 4.369375e+002  6.586675e-005
 4.375562e+002  7.827063e-005
 4.381750e+002  7.656757e-005
 4.387937e+002  7.099923e-005
 4.394125e+002  6.563214e-005
 4.400312e+002  6.817472e-005
 4.406500e+002  7.012642e-005
 4.412687e+002  6.661323e-005
 4.418875e+002  6.740287e-005
 4.425062e+002  8.221210e-005
 4.431250e+002  7.639404e-005
 4.437437e+002  7.190249e-005
 4.443625e+002  8.803485e-005
 4.449812e+002  8.103594e-005
 4.456000e+002  7.416125e-005
 4.462187e+002  7.254343e-005
 4.468375e+002  7.558240e-005
 4.474562e+002  7.205349e-005
 4.480750e+002  6.922459e-005
 4.486937e+002  6.418794e-005
 4.493125e+002  9.897618e-005
 4.499312e+002  1.337562e-004
 4.505500e+002  8.176604e-005
 4.511687e+002  7.413757e-005
 4.517875e+002  7.606731e-005
 4.524062e+002  7.375369e-005
 4.530250e+002  6.474601e-005
 4.536437e+002  6.740118e-005
 4.542625e+002  7.429169e-005
 4.548812e+002  6.574735e-005
 4.555000e+002  7.164460e-005
 4.561187e+002  7.273672e-005
 4.567375e+002  7.150736e-005
 4.573562e+002  7.054815e-005
 4.579750e+002  7.370328e-005
 4.585937e+002  7.214097e-005
 4.592125e+002  6.648442e-005
 4.598312e+002  6.932152e-005
 4.604500e+002  7.270579e-005
 4.610687e+002  7.261153e-005
 4.616875e+002  6.954160e-005
 4.623062e+002  7.582467e-005
 4.629250e+002  7.795771e-005
 4.635437e+002  6.877294e-005
 4.641625e+002  6.847808e-005
 4.647812e+002  6.879191e-005
 4.654000e+002  7.569125e-005
 4.660187e+002  7.331566e-005
 4.666375e+002  7.172109e-005
 4.672562e+002  7.101608e-005
 4.678750e+002  7.468764e-005
 4.684937e+002  8.012979e-005
 4.691125e+002  7.096273e-005
 4.697312e+002  7.395918e-005
 4.703500e+002  8.500669e-005
 4.709687e+002  8.092252e-005
 4.715875e+002  7.448465e-005
 4.722062e+002  7.201799e-005
 4.728250e+002  7.455558e-005
 4.734437e+002  7.161398e-005
 4.740625e+002  6.657156e-005
 4.746812e+002  6.601095e-005
 4.753000e+002  5.910933e-005
 4.759187e+002  6.937007e-005
 4.765375e+002  7.497993e-005
 4.771562e+002  6.958732e-005
 4.777750e+002  6.871049e-005
 4.783937e+002  6.992424e-005
 4.790125e+002  6.949795e-005
 4.796312e+002  7.178990e-005
 4.802500e+002  7.942006e-005
 4.808687e+002  7.875684e-005
 4.814875e+002  7.927707e-005
 4.821062e+002  7.392178e-005
 4.827250e+002  6.584383e-005
 4.833437e+002  7.343561e-005
 4.839625e+002  7.788379e-005
 4.845812e+002  7.223454e-005
 4.852000e+002  6.875597e-005
 4.858187e+002  6.825391e-005
 4.864375e+002  7.291335e-005
 4.870562e+002  7.418340e-005
 4.876750e+002  7.126849e-005
 4.882937e+002  6.854513e-005
 4.889125e+002  6.745839e-005
 4.895312e+002  7.501969e-005
 4.901500e+002  6.979763e-005
 4.907687e+002  7.056591e-005
 4.913875e+002  7.527582e-005
 4.920062e+002  7.211693e-005
 4.926250e+002  6.696894e-005
 4.932437e+002  6.499550e-005
 4.938625e+002  6.833260e-005
 4.944812e+002  6.941175e-005
 4.951000e+002  7.267637e-005
 4.957187e+002  6.890581e-005
 4.963375e+002  7.599237e-005
 4.969562e+002  7.322838e-005
 4.975750e+002  7.690551e-005
 4.981937e+002  8.036927e-005
 4.988125e+002  8.214804e-005
 4.994312e+002  7.397076e-005
 5.000500e+002  7.272494e-005
 5.006687e+002  6.562268e-005
 5.012875e+002  7.537893e-005
 5.019062e+002  7.690009e-005
 5.025250e+002  6.910495e-005
 5.031437e+002  7.584982e-005
 5.037625e+002  7.838684e-005
 5.043812e+002  8.012975e-005
 5.050000e+002  7.190733e-005
 5.056187e+002  5.951946e-005
 5.062375e+002  7.107923e-005
 5.068562e+002  6.986694e-005
 5.074750e+002  6.320543e-005
 5.080937e+002  7.103888e-005
 5.087125e+002  7.021315e-005
 5.093312e+002  7.890196e-005
 5.099500e+002  7.236359e-005
 5.105687e+002  6.641910e-005
 5.111875e+002  6.652760e-005
 5.118062e+002  7.411911e-005
 5.124250e+002  7.466798e-005
 5.130437e+002  6.703418e-005
 5.136625e+002  6.579908e-005
 5.142812e+002  7.781978e-005
 5.149000e+002  7.973890e-005
 5.155187e+002  6.962682e-005
 5.161375e+002  7.127391e-005
 5.167562e+002  7.526622e-005
 5.173750e+002  7.692218e-005
 5.179937e+002  7.429961e-005
 5.186125e+002  7.417338e-005
 5.192312e+002  7.082019e-005
 5.198500e+002  6.759070e-005
 5.204687e+002  7.333219e-005
 5.210875e+002  6.310350e-005
 5.217062e+002  7.453665e-005
 5.223250e+002  7.831881e-005
 5.229437e+002  7.666781e-005
 5.235625e+002  6.802394e-005
 5.241812e+002  7.097778e-005
 5.248000e+002  7.320871e-005
 5.254187e+002  7.396740e-005
 5.260375e+002  7.750579e-005
 5.266562e+002  7.196041e-005
 5.272750e+002  7.729460e-005
 5.278937e+002  7.364919e-005
 5.285125e+002  6.944685e-005
 5.291312e+002  6.703872e-005
 5.297500e+002  7.028000e-005
 5.303687e+002  6.406331e-005
 5.309875e+002  6.789708e-005
 5.316062e+002  7.172753e-005
 5.322250e+002  7.157086e-005
 5.328437e+002  7.218733e-005
 5.334625e+002  6.988893e-005
 5.340812e+002  6.928047e-005
 5.347000e+002  6.714790e-005
 5.353187e+002  7.194893e-005
 5.359375e+002  7.501015e-005
 5.365562e+002  7.404459e-005
 5.371750e+002  6.990700e-005
 5.377937e+002  6.919787e-005
 5.384125e+002  7.140134e-005
 5.390312e+002  7.172132e-005
 5.396500e+002  7.021630e-005
 5.402687e+002  6.812261e-005
 5.408875e+002  6.475352e-005
 5.415062e+002  7.117568e-005
 5.421250e+002  6.911505e-005
 5.427437e+002  7.385909e-005
 5.433625e+002  7.518927e-005
 5.439812e+002  7.214752e-005
 5.446000e+002  7.199121e-005
 5.452187e+002  7.189997e-005
 5.458375e+002  6.697451e-005
 5.464562e+002  6.948729e-005
 5.470750e+002  8.032925e-005
 5.476937e+002  7.544286e-005
 5.483125e+002  7.952411e-005
 5.489312e+002  8.198518e-005
 5.495500e+002  1.592935e-004
 5.501687e+002  1.446365e-004
 5.507875e+002  6.668516e-005
 5.514062e+002  6.735929e-005
 5.520250e+002  7.321834e-005
 5.526437e+002  7.112139e-005
 5.532625e+002  7.195108e-005
 5.538812e+002  7.045659e-005
 5.545000e+002  7.066061e-005
 5.551187e+002  7.711677e-005
 5.557375e+002  7.135079e-005
 5.563562e+002  6.906385e-005
 5.569750e+002  7.339355e-005
 5.575937e+002  6.982484e-005
 5.582125e+002  6.939248e-005
 5.588312e+002  6.939256e-005
 5.594500e+002  6.548392e-005
 5.600687e+002  6.763789e-005
 5.606875e+002  7.301265e-005
 5.613062e+002  6.882349e-005
 5.619250e+002  6.017714e-005
 5.625437e+002  6.741775e-005
 5.631625e+002  6.504778e-005
 5.637812e+002  6.618532e-005
 5.644000e+002  7.501532e-005
 5.650187e+002  7.699689e-005
 5.656375e+002  7.472016e-005
 5.662562e+002  7.179399e-005
 5.668750e+002  7.452970e-005
 5.674937e+002  7.284536e-005
 5.681125e+002  6.632482e-005
 5.687312e+002  6.360016e-005
 5.693500e+002  6.328710e-005
 5.699687e+002  6.683907e-005
 5.705875e+002  6.638249e-005
 5.712062e+002  6.875390e-005
 5.718250e+002  6.086850e-005
 5.724437e+002  6.528267e-005
 5.730625e+002  7.593485e-005
 5.736812e+002  7.906872e-005
 5.743000e+002  7.266674e-005
 5.749187e+002  6.928331e-005
 5.755375e+002  7.673695e-005
 5.761562e+002  7.216858e-005
 5.767750e+002  6.149766e-005
 5.773937e+002  5.778108e-005
 5.780125e+002  6.669144e-005
 5.786312e+002  6.962895e-005
 5.792500e+002  6.773545e-005
 5.798687e+002  6.904622e-005
 5.804875e+002  7.390170e-005
 5.811062e+002  6.917554e-005
 5.817250e+002  7.404590e-005
 5.823437e+002  7.269850e-005
 5.829625e+002  7.456680e-005
 5.835812e+002  8.052868e-005
 5.842000e+002  7.592158e-005
 5.848187e+002  7.704048e-005
 5.854375e+002  7.114441e-005
 5.860562e+002  7.441966e-005
 5.866750e+002  7.732389e-005
 5.872937e+002  7.023543e-005
 5.879125e+002  6.913129e-005
 5.885312e+002  6.967815e-005
 5.891500e+002  6.860319e-005
 5.897687e+002  6.468680e-005
 5.903875e+002  6.446584e-005
 5.910062e+002  6.863850e-005
 5.916250e+002  6.676521e-005
 5.922437e+002  6.188028e-005
 5.928625e+002  7.446494e-005
 5.934812e+002  7.748456e-005
 5.941000e+002  6.948940e-005
 5.947187e+002  6.952849e-005
 5.953375e+002  8.178223e-005
 5.959562e+002  8.056193e-005
 5.965750e+002  6.772802e-005
 5.971937e+002  6.364074e-005
 5.978125e+002  6.608076e-005
 5.984312e+002  6.258724e-005
 5.990500e+002  6.389609e-005
 5.996687e+002  6.417899e-005
 6.002875e+002  6.189301e-005
 6.009062e+002  6.690328e-005
 6.015250e+002  7.396327e-005
 6.021437e+002  7.869934e-005
 6.027625e+002  7.243990e-005
 6.033812e+002  6.278542e-005
 6.040000e+002  7.326682e-005
 6.046187e+002  6.860041e-005
 6.052375e+002  5.978109e-005
 6.058562e+002  6.328905e-005
 6.064750e+002  7.326671e-005
 6.070937e+002  7.188239e-005
 6.077125e+002  7.268339e-005
 6.083312e+002  7.028319e-005
 6.089500e+002  7.175704e-005
 6.095687e+002  7.090640e-005
 6.101875e+002  6.947703e-005
 6.108062e+002  6.411858e-005
 6.114250e+002  7.351151e-005
 6.120437e+002  7.490476e-005
 6.126625e+002  7.200652e-005
 6.132812e+002  7.533440e-005
 6.139000e+002  6.650768e-005
 6.145187e+002  7.187029e-005
 6.151375e+002  7.605445e-005
 6.157562e+002  6.834547e-005
 6.163750e+002  7.039704e-005
 6.169937e+002  7.669248e-005
 6.176125e+002  7.930191e-005
 6.182312e+002  7.435844e-005
 6.188500e+002  7.184064e-005
 6.194687e+002  7.546339e-005
 6.200875e+002  7.714485e-005
 6.207062e+002  6.992939e-005
 6.213250e+002  6.849362e-005
 6.219437e+002  7.182432e-005
 6.225625e+002  7.448095e-005
 6.231812e+002  7.107526e-005
 6.238000e+002  6.951023e-005
 6.244187e+002  6.862014e-005
 6.250375e+002  6.182886e-005
 6.256562e+002  6.242125e-005
 6.262750e+002  6.309166e-005
 6.268937e+002  6.638786e-005
 6.275125e+002  7.534516e-005
 6.281312e+002  7.614128e-005
 6.287500e+002  6.694270e-005
 6.293687e+002  6.269136e-005
 6.299875e+002  6.945927e-005
 6.306062e+002  7.257076e-005
 6.312250e+002  7.196606e-005
 6.318437e+002  7.126889e-005
 6.324625e+002  7.037141e-005
 6.330812e+002  7.037575e-005
 6.337000e+002  7.714010e-005
 6.343187e+002  7.741255e-005
 6.349375e+002  7.432689e-005
 6.355562e+002  7.305703e-005
 6.361750e+002  7.808968e-005
 6.367937e+002  7.647617e-005
 6.374125e+002  6.804355e-005
 6.380312e+002  6.802989e-005
 6.386500e+002  7.085861e-005
 6.392687e+002  7.092452e-005
 6.398875e+002  7.573125e-005
 6.405062e+002  7.577831e-005
 6.411250e+002  7.092951e-005
 6.417437e+002  7.520280e-005
 6.423625e+002  6.893021e-005
 6.429812e+002  7.360132e-005
 6.436000e+002  7.189297e-005
 6.442187e+002  7.153653e-005
 6.448375e+002  7.830030e-005
 6.454562e+002  6.886476e-005
 6.460750e+002  5.786787e-005
 6.466937e+002  6.070307e-005
 6.473125e+002  6.318218e-005
 6.479312e+002  7.041671e-005
 6.485500e+002  7.191007e-005
 6.491687e+002  7.415719e-005
 6.497875e+002  9.850229e-005
 6.504062e+002  8.075346e-005
 6.510250e+002  7.007122e-005
 6.516437e+002  7.279978e-005
 6.522625e+002  7.601484e-005
 6.528812e+002  7.963992e-005
 6.535000e+002  7.284645e-005
 6.541187e+002  6.931702e-005
 6.547375e+002  7.721056e-005
 6.553562e+002  8.001970e-005
 6.559750e+002  7.270318e-005
 6.565937e+002  7.201490e-005
 6.572125e+002  6.969877e-005
 6.578312e+002  6.470500e-005
 6.584500e+002  6.846909e-005
 6.590687e+002  7.360896e-005
 6.596875e+002  6.977542e-005
 6.603062e+002  7.013431e-005
 6.609250e+002  6.447037e-005
 6.615437e+002  7.174785e-005
 6.621625e+002  6.869806e-005
 6.627812e+002  6.715846e-005
 6.634000e+002  6.914276e-005
 6.640187e+002  6.831228e-005
 6.646375e+002  6.853841e-005
 6.652562e+002  7.100992e-005
 6.658750e+002  6.999922e-005
 6.664937e+002  7.076927e-005
 6.671125e+002  7.526245e-005
 6.677312e+002  7.120549e-005
 6.683500e+002  6.811184e-005
 6.689687e+002  7.026417e-005
 6.695875e+002  7.360204e-005
 6.702062e+002  7.570144e-005
 6.708250e+002  7.364666e-005
 6.714437e+002  7.320111e-005
 6.720625e+002  7.510643e-005
 6.726812e+002  7.671640e-005
 6.733000e+002  7.065380e-005
 6.739187e+002  7.177783e-005
 6.745375e+002  8.262552e-005
 6.751562e+002  7.375780e-005
 6.757750e+002  7.699693e-005
 6.763937e+002  7.289309e-005
 6.770125e+002  6.939616e-005
 6.776312e+002  6.593136e-005
 6.782500e+002  7.059824e-005
 6.788687e+002  8.193689e-005
 6.794875e+002  7.273185e-005
 6.801062e+002  7.394790e-005
 6.807250e+002  6.762254e-005
 6.813437e+002  7.064565e-005
 6.819625e+002  7.612660e-005
 6.825812e+002  7.240375e-005
 6.832000e+002  7.370046e-005
 6.838187e+002  6.955621e-005
 6.844375e+002  6.950113e-005
 6.850562e+002  6.824146e-005
 6.856750e+002  6.807099e-005
 6.862937e+002  6.277627e-005
 6.869125e+002  6.719760e-005
 6.875312e+002  7.110158e-005
 6.881500e+002  6.818919e-005
 6.887687e+002  6.612947e-005
 6.893875e+002  7.148831e-005
 6.900062e+002  7.696154e-005
 6.906250e+002  7.576259e-005
 6.912437e+002  7.786857e-005
 6.918625e+002  6.511742e-005
 6.924812e+002  6.546669e-005
 6.931000e+002  7.149316e-005
 6.937187e+002  7.026671e-005
 6.943375e+002  6.687944e-005
 6.949562e+002  5.762046e-005
 6.955750e+002  5.755138e-005
 6.961937e+002  6.305766e-005
 6.968125e+002  6.873296e-005
 6.974312e+002  7.044987e-005
 6.980500e+002  7.967040e-005
 6.986687e+002  7.101767e-005
 6.992875e+002  6.628099e-005
 6.999062e+002  7.278414e-005
 7.005250e+002  7.169047e-005
 7.011437e+002  6.736238e-005
 7.017625e+002  7.178475e-005
 7.023812e+002  7.558776e-005
 7.030000e+002  7.255639e-005
 7.036187e+002  6.447699e-005
 7.042375e+002  6.836718e-005
 7.048562e+002  7.760354e-005
 7.054750e+002  7.596342e-005
 7.060937e+002  7.062132e-005
 7.067125e+002  7.252205e-005
 7.073312e+002  7.475996e-005
 7.079500e+002  7.736251e-005
 7.085687e+002  7.644523e-005
 7.091875e+002  7.147359e-005
 7.098062e+002  6.570536e-005
 7.104250e+002  7.167901e-005
 7.110437e+002  7.022209e-005
 7.116625e+002  6.297153e-005
 7.122812e+002  6.045758e-005
 7.129000e+002  7.178704e-005
 7.135187e+002  7.316781e-005
 7.141375e+002  6.991126e-005
 7.147562e+002  7.737443e-005
 7.153750e+002  7.603113e-005
 7.159937e+002  6.921368e-005
 7.166125e+002  7.120110e-005
 7.172312e+002  7.580383e-005
 7.178500e+002  8.295377e-005
 7.184687e+002  7.848286e-005
 7.190875e+002  7.577321e-005
 7.197062e+002  6.811607e-005
 7.203250e+002  6.668159e-005
 7.209437e+002  6.612980e-005
 7.215625e+002  6.521081e-005
 7.221812e+002  7.067546e-005
 7.228000e+002  6.971463e-005
 7.234187e+002  6.937619e-005
 7.240375e+002  6.955492e-005
 7.246562e+002  6.307010e-005
 7.252750e+002  6.020407e-005
 7.258937e+002  6.304287e-005
 7.265125e+002  6.490351e-005
 7.271312e+002  7.212073e-005
 7.277500e+002  7.147424e-005
 7.283687e+002  7.033125e-005
 7.289875e+002  7.453211e-005
 7.296062e+002  6.897653e-005
 7.302250e+002  7.028113e-005
 7.308437e+002  6.778880e-005
 7.314625e+002  6.653568e-005
 7.320812e+002  6.536939e-005
 7.327000e+002  7.280028e-005
 7.333187e+002  7.580485e-005
 7.339375e+002  7.076538e-005
 7.345562e+002  6.697731e-005
 7.351750e+002  6.869077e-005
 7.357937e+002  7.324768e-005
 7.364125e+002  7.517946e-005
 7.370312e+002  7.095133e-005
 7.376500e+002  6.871501e-005
 7.382687e+002  6.744288e-005
 7.388875e+002  7.262237e-005
 7.395062e+002  7.594842e-005
 7.401250e+002  7.465919e-005
 7.407437e+002  6.960957e-005
 7.413625e+002  7.364029e-005
 7.419812e+002  7.588453e-005
 7.426000e+002  7.003959e-005
 7.432187e+002  6.344875e-005
 7.438375e+002  6.927808e-005
 7.444562e+002  7.203668e-005
 7.450750e+002  6.656936e-005
 7.456937e+002  6.731131e-005
 7.463125e+002  7.289229e-005
 7.469312e+002  7.373713e-005
 7.475500e+002  7.571412e-005
 7.481687e+002  7.800744e-005
 7.487875e+002  8.321546e-005
 7.494062e+002  1.428158e-004
 7.500250e+002  1.407182e-004
 7.506437e+002  7.872308e-005
 7.512625e+002  7.413530e-005
 7.518812e+002  7.529292e-005
 7.525000e+002  7.372381e-005
 7.531187e+002  7.058955e-005
 7.537375e+002  6.847154e-005
 7.543562e+002  6.852853e-005
 7.549750e+002  7.207857e-005
 7.555937e+002  6.555381e-005
 7.562125e+002  7.131392e-005
 7.568312e+002  7.902839e-005
 7.574500e+002  7.291693e-005
 7.580687e+002  7.413128e-005
 7.586875e+002  7.781998e-005
 7.593062e+002  7.073427e-005
 7.599250e+002  6.807192e-005
 7.605437e+002  7.676414e-005
 7.611625e+002  7.880983e-005
 7.617812e+002  7.544721e-005
 7.624000e+002  8.212949e-005
 7.630187e+002  8.015775e-005
 7.636375e+002  7.097245e-005
 7.642562e+002  6.636434e-005
 7.648750e+002  6.669316e-005
 7.654937e+002  6.820136e-005
 7.661125e+002  6.822791e-005
 7.667312e+002  5.954206e-005
 7.673500e+002  6.841701e-005
 7.679687e+002  7.002390e-005
 7.685875e+002  6.784125e-005
 7.692062e+002  7.024898e-005
 7.698250e+002  6.784616e-005
 7.704437e+002  6.938587e-005
 7.710625e+002  6.733486e-005
 7.716812e+002  7.236150e-005
 7.723000e+002  7.387150e-005
 7.729187e+002  7.932114e-005
 7.735375e+002  6.887144e-005
 7.741562e+002  6.986723e-005
 7.747750e+002  7.383657e-005
 7.753937e+002  7.917687e-005
 7.760125e+002  8.076341e-005
 7.766312e+002  7.481814e-005
 7.772500e+002  6.982109e-005
 7.778687e+002  6.738429e-005
 7.784875e+002  6.621116e-005
 7.791062e+002  6.550339e-005
 7.797250e+002  6.879316e-005
 7.803437e+002  7.298424e-005
 7.809625e+002  6.409664e-005
 7.815812e+002  6.202216e-005
 7.822000e+002  6.963574e-005
 7.828187e+002  6.499602e-005
 7.834375e+002  6.787823e-005
 7.840562e+002  7.232015e-005
 7.846750e+002  7.734593e-005
 7.852937e+002  6.562914e-005
 7.859125e+002  6.965305e-005
 7.865312e+002  8.010052e-005
 7.871500e+002  7.734402e-005
 7.877687e+002  7.182257e-005
 7.883875e+002  7.339813e-005
 7.890062e+002  7.070698e-005
 7.896250e+002  6.683906e-005
 7.902437e+002  6.993935e-005
 7.908625e+002  6.321714e-005
 7.914812e+002  6.672561e-005
 7.921000e+002  7.076032e-005
 7.927187e+002  6.491143e-005
 7.933375e+002  6.820093e-005
 7.939562e+002  7.445200e-005
 7.945750e+002  6.871053e-005
 7.951937e+002  6.766813e-005
 7.958125e+002  5.743283e-005
 7.964312e+002  5.906142e-005
 7.970500e+002  7.076071e-005
 7.976687e+002  6.594503e-005
 7.982875e+002  5.926398e-005
 7.989062e+002  6.292524e-005
 7.995250e+002  6.964869e-005
 8.001437e+002  6.615123e-005
 8.007625e+002  7.107625e-005
 8.013812e+002  7.118708e-005
 8.020000e+002  7.257962e-005
 8.026187e+002  7.997586e-005
 8.032375e+002  8.132916e-005
 8.038562e+002  7.663708e-005
 8.044750e+002  7.449824e-005
 8.050937e+002  7.069964e-005
 8.057125e+002  6.878565e-005
 8.063312e+002  6.791325e-005
 8.069500e+002  6.668480e-005
 8.075687e+002  6.279796e-005
 8.081875e+002  6.885971e-005
 8.088062e+002  7.388442e-005
 8.094250e+002  6.961003e-005
 8.100437e+002  7.513175e-005
 8.106625e+002  7.569064e-005
 8.112812e+002  6.773416e-005
 8.119000e+002  7.205574e-005
 8.125187e+002  7.637793e-005
 8.131375e+002  7.440159e-005
 8.137562e+002  7.705190e-005
 8.143750e+002  6.890298e-005
 8.149937e+002  6.725229e-005
 8.156125e+002  7.271313e-005
 8.162312e+002  7.482595e-005
 8.168500e+002  8.118510e-005
 8.174687e+002  8.173548e-005
 8.180875e+002  7.753652e-005
 8.187062e+002  7.246555e-005
 8.193250e+002  7.168821e-005
 8.199437e+002  6.873378e-005
 8.205625e+002  7.200283e-005
 8.211812e+002  7.437534e-005
 8.218000e+002  7.110369e-005
 8.224187e+002  6.502807e-005
 8.230375e+002  7.401436e-005
 8.236562e+002  7.652447e-005
 8.242750e+002  7.259839e-005
 8.248937e+002  6.813889e-005
 8.255125e+002  6.571644e-005
 8.261312e+002  6.720688e-005
 8.267500e+002  6.961717e-005
 8.273687e+002  6.727470e-005
 8.279875e+002  6.901857e-005
 8.286062e+002  7.124125e-005
 8.292250e+002  6.702216e-005
 8.298437e+002  6.134635e-005
 8.304625e+002  6.431206e-005
 8.310812e+002  7.181787e-005
 8.317000e+002  6.993449e-005
 8.323187e+002  6.372664e-005
 8.329375e+002  6.982662e-005
 8.335562e+002  7.060844e-005
 8.341750e+002  6.508855e-005
 8.347937e+002  7.258180e-005
 8.354125e+002  7.711809e-005
 8.360312e+002  7.486298e-005
 8.366500e+002  7.083819e-005
 8.372687e+002  7.187359e-005
 8.378875e+002  7.509328e-005
 8.385062e+002  7.126628e-005
 8.391250e+002  5.673501e-005
 8.397437e+002  6.081563e-005
 8.403625e+002  6.502280e-005
 8.409812e+002  6.680612e-005
 8.416000e+002  6.516776e-005
 8.422187e+002  7.255440e-005
 8.428375e+002  7.258142e-005
 8.434562e+002  6.701240e-005
 8.440750e+002  7.024344e-005
 8.446937e+002  7.113606e-005
 8.453125e+002  6.970270e-005
 8.459312e+002  6.994588e-005
 8.465500e+002  5.930372e-005
 8.471687e+002  7.558363e-005
 8.477875e+002  7.683657e-005
 8.484062e+002  7.383402e-005
 8.490250e+002  7.761324e-005
 8.496437e+002  7.928491e-005
 8.502625e+002  7.160070e-005
 8.508812e+002  7.206795e-005
 8.515000e+002  7.953319e-005
 8.521187e+002  7.150567e-005
 8.527375e+002  6.750798e-005
 8.533562e+002  7.365066e-005
 8.539750e+002  8.126511e-005
 8.545937e+002  7.206211e-005
 8.552125e+002  7.060723e-005
 8.558312e+002  6.913582e-005
 8.564500e+002  6.511759e-005
 8.570687e+002  7.079137e-005
 8.576875e+002  6.555837e-005
 8.583062e+002  6.564678e-005
 8.589250e+002  7.312321e-005
 8.595437e+002  7.281850e-005
 8.601625e+002  7.324581e-005
 8.607812e+002  7.832782e-005
 8.614000e+002  7.709835e-005
 8.620187e+002  6.483649e-005
 8.626375e+002  7.389276e-005
 8.632562e+002  7.504057e-005
 8.638750e+002  7.071167e-005
 8.644937e+002  6.576575e-005
 8.651125e+002  7.011571e-005
 8.657312e+002  6.423263e-005
 8.663500e+002  7.273821e-005
 8.669687e+002  7.416137e-005
 8.675875e+002  6.773002e-005
 8.682062e+002  6.934666e-005
 8.688250e+002  7.049169e-005
 8.694437e+002  7.141674e-005
 8.700625e+002  6.046253e-005
 8.706812e+002  6.473101e-005
 8.713000e+002  7.409633e-005
 8.719187e+002  7.609462e-005
 8.725375e+002  7.412530e-005
 8.731562e+002  7.016244e-005
 8.737750e+002  7.195712e-005
 8.743937e+002  6.231107e-005
 8.750125e+002  6.502260e-005
 8.756312e+002  7.139221e-005
 8.762500e+002  8.205046e-005
 8.768687e+002  7.725036e-005
 8.774875e+002  7.381283e-005
 8.781062e+002  6.982136e-005
 8.787250e+002  7.431531e-005
 8.793437e+002  7.609090e-005
 8.799625e+002  6.981176e-005
 8.805812e+002  7.120348e-005
 8.812000e+002  7.097885e-005
 8.818187e+002  7.616982e-005
 8.824375e+002  7.107402e-005
 8.830562e+002  6.676209e-005
 8.836750e+002  7.427842e-005
 8.842937e+002  7.111766e-005
 8.849125e+002  7.314460e-005
 8.855312e+002  6.583994e-005
 8.861500e+002  6.244535e-005
 8.867687e+002  6.459382e-005
 8.873875e+002  7.261665e-005
 8.880062e+002  6.785755e-005
 8.886250e+002  7.133885e-005
 8.892437e+002  7.667978e-005
 8.898625e+002  7.120821e-005
 8.904812e+002  6.195646e-005
 8.911000e+002  6.003017e-005
 8.917187e+002  7.362963e-005
 8.923375e+002  7.569968e-005
 8.929562e+002  7.119834e-005
 8.935750e+002  7.641964e-005
 8.941937e+002  7.239201e-005
 8.948125e+002  6.970490e-005
 8.954312e+002  6.735851e-005
 8.960500e+002  6.721100e-005
 8.966687e+002  6.779295e-005
 8.972875e+002  6.654760e-005
 8.979062e+002  6.868434e-005
 8.985250e+002  6.812274e-005
 8.991437e+002  6.988546e-005
 8.997625e+002  7.053229e-005
 9.003812e+002  7.121114e-005
 9.010000e+002  7.216830e-005
 9.016187e+002  7.588295e-005
 9.022375e+002  6.819163e-005
 9.028562e+002  6.574718e-005
 9.034750e+002  7.012726e-005
 9.040937e+002  6.164525e-005
 9.047125e+002  6.597377e-005
 9.053312e+002  7.456285e-005
 9.059500e+002  7.282143e-005
 9.065687e+002  7.806866e-005
 9.071875e+002  7.166849e-005
 9.078062e+002  7.424711e-005
 9.084250e+002  7.391840e-005
 9.090437e+002  6.966174e-005
 9.096625e+002  6.875133e-005
 9.102812e+002  7.526140e-005
 9.109000e+002  6.885191e-005
 9.115187e+002  6.623925e-005
 9.121375e+002  7.111174e-005
 9.127562e+002  7.470604e-005
 9.133750e+002  6.980691e-005
 9.139937e+002  6.795608e-005
 9.146125e+002  6.686102e-005
 9.152312e+002  6.767761e-005
 9.158500e+002  6.672017e-005
 9.164687e+002  7.050576e-005
 9.170875e+002  7.204214e-005
 9.177062e+002  6.475268e-005
 9.183250e+002  6.994446e-005
 9.189437e+002  6.530874e-005
 9.195625e+002  6.750190e-005
 9.201812e+002  7.915746e-005
 9.208000e+002  7.346590e-005
 9.214187e+002  6.490716e-005
 9.220375e+002  5.982661e-005
 9.226562e+002  6.325811e-005
 9.232750e+002  7.297175e-005
 9.238937e+002  6.690096e-005
 9.245125e+002  6.677202e-005
 9.251312e+002  6.622707e-005
 9.257500e+002  6.590435e-005
 9.263687e+002  6.298891e-005
 9.269875e+002  6.968512e-005
 9.276062e+002  7.340770e-005
 9.282250e+002  7.215050e-005
 9.288437e+002  6.665526e-005
 9.294625e+002  7.363572e-005
 9.300812e+002  7.467703e-005
 9.307000e+002  6.815018e-005
 9.313187e+002  6.463853e-005
 9.319375e+002  6.335359e-005
 9.325562e+002  6.670487e-005
 9.331750e+002  7.333435e-005
 9.337937e+002  6.950534e-005
 9.344125e+002  7.095929e-005
 9.350312e+002  7.101068e-005
 9.356500e+002  6.840583e-005
 9.362687e+002  6.549280e-005
 9.368875e+002  6.456088e-005
 9.375062e+002  6.499773e-005
 9.381250e+002  6.835105e-005
 9.387437e+002  7.007308e-005
 9.393625e+002  6.733903e-005
 9.399812e+002  7.296078e-005
 9.406000e+002  7.809737e-005
 9.412187e+002  7.497154e-005
 9.418375e+002  6.620594e-005
 9.424562e+002  6.411545e-005
 9.430750e+002  7.206574e-005
 9.436937e+002  7.063567e-005
 9.443125e+002  7.065788e-005
 9.449312e+002  7.047478e-005
 9.455500e+002  7.504246e-005
 9.461687e+002  7.487880e-005
 9.467875e+002  6.846367e-005
 9.474062e+002  6.903533e-005
 9.480250e+002  7.440325e-005
 9.486437e+002  6.937771e-005
 9.492625e+002  6.887862e-005
 9.498812e+002  6.899646e-005
 9.505000e+002  7.063370e-005
 9.511187e+002  7.519027e-005
 9.517375e+002  7.073777e-005
 9.523562e+002  7.627080e-005
 9.529750e+002  7.464307e-005
 9.535937e+002  7.156840e-005
 9.542125e+002  7.357431e-005
 9.548312e+002  7.699431e-005
 9.554500e+002  7.965872e-005
 9.560687e+002  6.951935e-005
 9.566875e+002  6.527043e-005
 9.573062e+002  7.303568e-005
 9.579250e+002  7.391043e-005
 9.585437e+002  7.975136e-005
 9.591625e+002  7.921302e-005
 9.597812e+002  7.552415e-005
 9.604000e+002  6.256870e-005
 9.610187e+002  7.182723e-005
 9.616375e+002  7.476489e-005
 9.622562e+002  6.538914e-005
 9.628750e+002  6.566125e-005
 9.634937e+002  6.790453e-005
 9.641125e+002  7.222382e-005
 9.647312e+002  7.411536e-005
 9.653500e+002  6.573974e-005
 9.659687e+002  6.597367e-005
 9.665875e+002  6.649628e-005
 9.672062e+002  7.234376e-005
 9.678250e+002  7.493387e-005
 9.684437e+002  7.168089e-005
 9.690625e+002  6.943113e-005
 9.696812e+002  6.534951e-005
 9.703000e+002  6.915981e-005
 9.709187e+002  7.188109e-005
 9.715375e+002  6.955990e-005
 9.721562e+002  7.023240e-005
 9.727750e+002  6.693063e-005
 9.733937e+002  7.270980e-005
 9.740125e+002  7.591444e-005
 9.746312e+002  7.694446e-005
 9.752500e+002  6.474748e-005
 9.758687e+002  6.536416e-005
 9.764875e+002  6.793072e-005
 9.771062e+002  6.938779e-005
 9.777250e+002  7.108854e-005
 9.783437e+002  6.940112e-005
 9.789625e+002  7.192192e-005
 9.795812e+002  6.821897e-005
 9.802000e+002  7.024805e-005
 9.808187e+002  7.095736e-005
 9.814375e+002  6.657877e-005
 9.820562e+002  6.764524e-005
 9.826750e+002  6.822805e-005
 9.832937e+002  7.066112e-005
 9.839125e+002  7.054317e-005
 9.845312e+002  7.067120e-005
 9.851500e+002  7.269994e-005
 9.857687e+002  7.082785e-005
 9.863875e+002  7.237184e-005
 9.870062e+002  7.154086e-005
 9.876250e+002  6.938319e-005
 9.882437e+002  6.468575e-005
 9.888625e+002  7.377932e-005
 9.894812e+002  7.431300e-005
 9.901000e+002  7.307020e-005
 9.907187e+002  6.865556e-005
 9.913375e+002  6.524510e-005
 9.919562e+002  6.465040e-005
 9.925750e+002  7.359605e-005
 9.931937e+002  7.314002e-005
 9.938125e+002  6.282836e-005
 9.944312e+002  6.527634e-005
 9.950500e+002  6.253654e-005
 9.956687e+002  6.659994e-005
 9.962875e+002  7.339539e-005
 9.969062e+002  7.869711e-005
 9.975250e+002  6.857132e-005
 9.981437e+002  6.966964e-005
 9.987625e+002  6.690186e-005
 9.993812e+002  6.599867e-005
 1.000000e+003  7.338509e-005
