 1.000000e+001  1.245479e-004
 1.061875e+001  1.159637e-004
 1.123750e+001  1.126996e-004
 1.185625e+001  1.152270e-004
 1.247500e+001  1.199306e-004
 1.309375e+001  1.142341e-004
 1.371250e+001  1.077026e-004
 1.433125e+001  1.046127e-004
 1.495000e+001  1.083380e-004
 1.556875e+001  1.124735e-004
 1.618750e+001  1.065340e-004
 1.680625e+001  9.916086e-005
 1.742500e+001  1.044066e-004
 1.804375e+001  1.035462e-004
 1.866250e+001  8.930788e-005
 1.928125e+001  9.447129e-005
 1.990000e+001  9.851416e-005
 2.051875e+001  9.972449e-005
 2.113750e+001  9.958822e-005
 2.175625e+001  1.066077e-004
 2.237500e+001  1.039344e-004
 2.299375e+001  9.967711e-005
 2.361250e+001  1.036465e-004
 2.423125e+001  9.536728e-005
 2.485000e+001  9.357953e-005
 2.546875e+001  9.615334e-005
 2.608750e+001  9.000090e-005
 2.670625e+001  9.841349e-005
 2.732500e+001  9.485977e-005
 2.794375e+001  9.205757e-005
 2.856250e+001  9.973112e-005
 2.918125e+001  8.961462e-005
 2.980000e+001  8.093707e-005
 3.041875e+001  8.203725e-005
 3.103750e+001  8.461900e-005
 3.165625e+001  8.359219e-005
 3.227500e+001  8.394762e-005
 3.289375e+001  7.361926e-005
 3.351250e+001  8.119333e-005
 3.413125e+001  8.592369e-005
 3.475000e+001  8.592913e-005
 3.536875e+001  8.728362e-005
 3.598750e+001  7.961824e-005
 3.660625e+001  7.923223e-005
 3.722500e+001  8.053054e-005
 3.784375e+001  7.824776e-005
 3.846250e+001  9.069569e-005
 3.908125e+001  9.921209e-005
 3.970000e+001  8.819215e-005
 4.031875e+001  8.338228e-005
 4.093750e+001  7.581137e-005
 4.155625e+001  8.550215e-005
 4.217500e+001  8.693771e-005
 4.279375e+001  8.163741e-005
 4.341250e+001  7.963836e-005
 4.403125e+001  6.982324e-005
 4.465000e+001  7.634724e-005
 4.526875e+001  7.922554e-005
 4.588750e+001  8.264877e-005
 4.650625e+001  1.004506e-004
 4.712500e+001  1.228979e-004
 4.774375e+001  1.837465e-004
 4.836250e+001  4.780048e-004
 4.898125e+001  2.451266e-003
 4.960000e+001  2.254273e-002
 5.021875e+001  2.970936e-002
 5.083750e+001  9.143968e-003
 5.145625e+001  8.186898e-004
 5.207500e+001  2.586974e-004
 5.269375e+001  1.341539e-004
 5.331250e+001  9.763984e-005
 5.393125e+001  7.965257e-005
 5.455000e+001  7.651173e-005
 5.516875e+001  7.726686e-005
 5.578750e+001  7.308102e-005
 5.640625e+001  7.808195e-005
 5.702500e+001  8.028030e-005
 5.764375e+001  7.641696e-005
 5.826250e+001  7.863250e-005
 5.888125e+001  9.208289e-005
 5.950000e+001  9.949103e-005
 6.011875e+001  1.101069e-004
 6.073750e+001  8.323710e-005
 6.135625e+001  7.053731e-005
 6.197500e+001  7.123470e-005
 6.259375e+001  7.383466e-005
 6.321250e+001  6.444782e-005
 6.383125e+001  6.852704e-005
 6.445000e+001  6.545230e-005
 6.506875e+001  6.947537e-005
 6.568750e+001  7.435535e-005
 6.630625e+001  7.135372e-005
 6.692500e+001  6.828670e-005
 6.754375e+001  7.171695e-005
 6.816250e+001  7.412140e-005
 6.878125e+001  7.417401e-005
 6.940000e+001  8.045716e-005
 7.001875e+001  8.065064e-005
 7.063750e+001  7.269486e-005
 7.125625e+001  6.915093e-005
 7.187500e+001  7.986787e-005
 7.249375e+001  8.239201e-005
 7.311250e+001  7.797199e-005
 7.373125e+001  7.381778e-005
 7.435000e+001  8.257235e-005
 7.496875e+001  7.588448e-005
 7.558750e+001  7.221362e-005
 7.620625e+001  7.518296e-005
 7.682500e+001  7.422784e-005
 7.744375e+001  9.286023e-005
 7.806250e+001  1.155163e-004
 7.868125e+001  9.133100e-005
 7.930000e+001  7.557301e-005
 7.991875e+001  7.958338e-005
 8.053750e+001  7.429143e-005
 8.115625e+001  6.832367e-005
 8.177500e+001  7.320342e-005
 8.239375e+001  7.249475e-005
 8.301250e+001  6.819573e-005
 8.363125e+001  6.574289e-005
 8.425000e+001  7.083053e-005
 8.486875e+001  7.277369e-005
 8.548750e+001  7.493823e-005
 8.610625e+001  7.470535e-005
 8.672500e+001  7.815723e-005
 8.734375e+001  7.994310e-005
 8.796250e+001  8.085522e-005
 8.858125e+001  7.990524e-005
 8.920000e+001  7.914693e-005
 8.981875e+001  7.860474e-005
 9.043750e+001  7.803909e-005
 9.105625e+001  7.429833e-005
 9.167500e+001  6.894454e-005
 9.229375e+001  7.471178e-005
 9.291250e+001  7.754039e-005
 9.353125e+001  7.498419e-005
 9.415000e+001  7.755787e-005
 9.476875e+001  6.744794e-005
 9.538750e+001  6.775419e-005
 9.600625e+001  7.165130e-005
 9.662500e+001  7.632394e-005
 9.724375e+001  7.274304e-005
 9.786250e+001  6.998076e-005
 9.848125e+001  7.704789e-005
 9.910000e+001  8.029065e-005
 9.971875e+001  2.304325e-004
 1.003375e+002  2.557075e-004
 1.009563e+002  9.936898e-005
 1.015750e+002  7.062482e-005
 1.021938e+002  7.571579e-005
 1.028125e+002  7.542727e-005
 1.034313e+002  7.178401e-005
 1.040500e+002  7.614359e-005
 1.046688e+002  7.611285e-005
 1.052875e+002  6.784267e-005
 1.059063e+002  7.593460e-005
 1.065250e+002  7.033814e-005
 1.071438e+002  7.419489e-005
 1.077625e+002  6.875273e-005
 1.083813e+002  7.086365e-005
 1.090000e+002  7.374030e-005
 1.096188e+002  7.464755e-005
 1.102375e+002  7.716188e-005
 1.108563e+002  7.320861e-005
 1.114750e+002  7.188122e-005
 1.120938e+002  6.958066e-005
 1.127125e+002  7.871132e-005
 1.133313e+002  7.707913e-005
 1.139500e+002  7.262380e-005
 1.145688e+002  7.241182e-005
 1.151875e+002  7.574087e-005
 1.158063e+002  7.499225e-005
 1.164250e+002  7.292408e-005
 1.170438e+002  7.580478e-005
 1.176625e+002  7.420656e-005
 1.182813e+002  7.373731e-005
 1.189000e+002  7.233119e-005
 1.195188e+002  7.658069e-005
 1.201375e+002  7.946392e-005
 1.207563e+002  8.215090e-005
 1.213750e+002  7.620293e-005
 1.219938e+002  7.473348e-005
 1.226125e+002  7.313643e-005
 1.232313e+002  7.357085e-005
 1.238500e+002  7.822501e-005
 1.244688e+002  7.450239e-005
 1.250875e+002  7.247663e-005
 1.257063e+002  7.167468e-005
 1.263250e+002  7.492093e-005
 1.269438e+002  7.378918e-005
 1.275625e+002  7.236958e-005
 1.281813e+002  7.228534e-005
 1.288000e+002  6.470453e-005
 1.294188e+002  6.558804e-005
 1.300375e+002  6.950069e-005
 1.306563e+002  7.296210e-005
 1.312750e+002  7.023076e-005
 1.318938e+002  7.089183e-005
 1.325125e+002  7.441702e-005
 1.331313e+002  7.032587e-005
 1.337500e+002  7.632713e-005
 1.343688e+002  7.508283e-005
 1.349875e+002  6.851458e-005
 1.356063e+002  7.031078e-005
 1.362250e+002  6.674941e-005
 1.368438e+002  6.510243e-005
 1.374625e+002  6.831411e-005
 1.380813e+002  6.909113e-005
 1.387000e+002  6.245795e-005
 1.393188e+002  6.439274e-005
 1.399375e+002  7.494784e-005
 1.405563e+002  7.440993e-005
 1.411750e+002  7.237567e-005
 1.417938e+002  7.271151e-005
 1.424125e+002  7.459495e-005
 1.430313e+002  7.058156e-005
 1.436500e+002  7.128248e-005
 1.442688e+002  7.699584e-005
 1.448875e+002  7.421856e-005
 1.455063e+002  6.545500e-005
 1.461250e+002  7.103296e-005
 1.467438e+002  8.280773e-005
 1.473625e+002  1.028105e-004
 1.479813e+002  1.666859e-004
 1.486000e+002  4.681563e-004
 1.492188e+002  3.601103e-003
 1.498375e+002  1.568320e-002
 1.504563e+002  1.452949e-002
 1.510750e+002  2.541078e-003
 1.516938e+002  4.012946e-004
 1.523125e+002  1.487048e-004
 1.529313e+002  9.404777e-005
 1.535500e+002  7.570177e-005
 1.541688e+002  7.369345e-005
 1.547875e+002  6.796261e-005
 1.554063e+002  6.330515e-005
 1.560250e+002  6.861651e-005
 1.566438e+002  7.255975e-005
 1.572625e+002  7.460792e-005
 1.578813e+002  7.399514e-005
 1.585000e+002  7.528793e-005
 1.591188e+002  6.945097e-005
 1.597375e+002  6.452794e-005
 1.603563e+002  7.400394e-005
 1.609750e+002  7.550151e-005
 1.615938e+002  7.073697e-005
 1.622125e+002  6.978824e-005
 1.628313e+002  7.369079e-005
 1.634500e+002  7.383518e-005
 1.640688e+002  7.614505e-005
 1.646875e+002  7.087990e-005
 1.653063e+002  7.005513e-005
 1.659250e+002  6.567728e-005
 1.665438e+002  6.737216e-005
 1.671625e+002  7.348265e-005
 1.677813e+002  6.889006e-005
 1.684000e+002  6.515226e-005
 1.690188e+002  6.866198e-005
 1.696375e+002  7.284368e-005
 1.702563e+002  6.988639e-005
 1.708750e+002  7.236321e-005
 1.714938e+002  7.312031e-005
 1.721125e+002  6.952928e-005
 1.727313e+002  6.818923e-005
 1.733500e+002  6.296831e-005
 1.739688e+002  7.318091e-005
 1.745875e+002  7.290807e-005
 1.752063e+002  6.912691e-005
 1.758250e+002  7.216824e-005
 1.764438e+002  7.562634e-005
 1.770625e+002  7.192278e-005
 1.776813e+002  7.282301e-005
 1.783000e+002  7.636960e-005
 1.789188e+002  7.207127e-005
 1.795375e+002  6.728827e-005
 1.801563e+002  7.378757e-005
 1.807750e+002  6.781959e-005
 1.813938e+002  6.016864e-005
 1.820125e+002  6.284356e-005
 1.826313e+002  6.668309e-005
 1.832500e+002  6.586065e-005
 1.838688e+002  6.567298e-005
 1.844875e+002  7.163544e-005
 1.851063e+002  7.320421e-005
 1.857250e+002  7.253199e-005
 1.863438e+002  7.171765e-005
 1.869625e+002  6.612371e-005
 1.875813e+002  7.541462e-005
 1.882000e+002  7.773010e-005
 1.888188e+002  6.847873e-005
 1.894375e+002  6.516950e-005
 1.900563e+002  6.688225e-005
 1.906750e+002  6.751554e-005
 1.912938e+002  6.745548e-005
 1.919125e+002  7.123860e-005
 1.925313e+002  7.010093e-005
 1.931500e+002  7.117120e-005
 1.937688e+002  7.029296e-005
 1.943875e+002  6.892875e-005
 1.950063e+002  6.650023e-005
 1.956250e+002  6.609131e-005
 1.962438e+002  6.638580e-005
 1.968625e+002  6.888516e-005
 1.974813e+002  6.860742e-005
 1.981000e+002  7.099119e-005
 1.987188e+002  7.494195e-005
 1.993375e+002  8.223300e-005
 1.999563e+002  1.426569e-004
 2.005750e+002  1.219268e-004
 2.011938e+002  7.051512e-005
 2.018125e+002  6.452634e-005
 2.024313e+002  7.490045e-005
 2.030500e+002  6.992818e-005
 2.036688e+002  6.771765e-005
 2.042875e+002  7.506686e-005
 2.049063e+002  7.133041e-005
 2.055250e+002  6.618386e-005
 2.061438e+002  7.379489e-005
 2.067625e+002  7.446237e-005
 2.073813e+002  7.220484e-005
 2.080000e+002  7.300372e-005
 2.086188e+002  7.367136e-005
 2.092375e+002  7.165951e-005
 2.098563e+002  7.166951e-005
 2.104750e+002  6.804335e-005
 2.110938e+002  7.192260e-005
 2.117125e+002  7.587529e-005
 2.123313e+002  6.684099e-005
 2.129500e+002  6.084343e-005
 2.135688e+002  6.759174e-005
 2.141875e+002  7.050919e-005
 2.148063e+002  6.340201e-005
 2.154250e+002  6.554031e-005
 2.160438e+002  7.051006e-005
 2.166625e+002  7.074199e-005
 2.172813e+002  6.966048e-005
 2.179000e+002  6.408299e-005
 2.185188e+002  6.385326e-005
 2.191375e+002  5.968594e-005
 2.197563e+002  6.903796e-005
 2.203750e+002  7.306612e-005
 2.209938e+002  6.670644e-005
 2.216125e+002  6.521593e-005
 2.222313e+002  7.321992e-005
 2.228500e+002  7.280941e-005
 2.234688e+002  8.139297e-005
 2.240875e+002  7.578843e-005
 2.247063e+002  6.295132e-005
 2.253250e+002  6.751845e-005
 2.259438e+002  6.796810e-005
 2.265625e+002  7.274426e-005
 2.271813e+002  7.152211e-005
 2.278000e+002  6.855469e-005
 2.284188e+002  7.092747e-005
 2.290375e+002  7.948120e-005
 2.296563e+002  7.633350e-005
 2.302750e+002  6.988632e-005
 2.308938e+002  6.946817e-005
 2.315125e+002  7.121278e-005
 2.321313e+002  7.106255e-005
 2.327500e+002  7.355699e-005
 2.333688e+002  7.051220e-005
 2.339875e+002  6.738147e-005
 2.346063e+002  7.142840e-005
 2.352250e+002  7.903981e-005
 2.358438e+002  7.212876e-005
 2.364625e+002  6.750335e-005
 2.370813e+002  6.961411e-005
 2.377000e+002  7.403659e-005
 2.383188e+002  7.302416e-005
 2.389375e+002  6.871784e-005
 2.395563e+002  7.095642e-005
 2.401750e+002  7.261006e-005
 2.407938e+002  6.894372e-005
 2.414125e+002  6.701569e-005
 2.420313e+002  7.229705e-005
 2.426500e+002  6.984928e-005
 2.432688e+002  6.637909e-005
 2.438875e+002  6.769466e-005
 2.445063e+002  6.580033e-005
 2.451250e+002  6.513673e-005
 2.457438e+002  6.727615e-005
 2.463625e+002  6.683746e-005
 2.469813e+002  7.006179e-005
 2.476000e+002  6.815000e-005
 2.482188e+002  7.585328e-005
 2.488375e+002  1.259555e-004
 2.494563e+002  1.870538e-003
 2.500750e+002  4.929107e-003
 2.506938e+002  3.211935e-003
 2.513125e+002  2.405003e-004
 2.519313e+002  8.362070e-005
 2.525500e+002  8.053711e-005
 2.531688e+002  7.127030e-005
 2.537875e+002  6.837295e-005
 2.544063e+002  7.586930e-005
 2.550250e+002  7.256097e-005
 2.556438e+002  7.148105e-005
 2.562625e+002  7.469893e-005
 2.568813e+002  7.228896e-005
 2.575000e+002  7.455052e-005
 2.581188e+002  7.149580e-005
 2.587375e+002  6.942768e-005
 2.593563e+002  7.967764e-005
 2.599750e+002  7.871775e-005
 2.605938e+002  7.036207e-005
 2.612125e+002  7.019844e-005
 2.618313e+002  7.900826e-005
 2.624500e+002  7.053557e-005
 2.630688e+002  6.968222e-005
 2.636875e+002  7.246781e-005
 2.643063e+002  7.006463e-005
 2.649250e+002  7.083579e-005
 2.655438e+002  6.576705e-005
 2.661625e+002  6.694712e-005
 2.667813e+002  6.741781e-005
 2.674000e+002  6.813959e-005
 2.680188e+002  7.266527e-005
 2.686375e+002  7.144717e-005
 2.692563e+002  7.034436e-005
 2.698750e+002  7.029389e-005
 2.704938e+002  7.292966e-005
 2.711125e+002  7.023634e-005
 2.717313e+002  6.792618e-005
 2.723500e+002  7.507889e-005
 2.729688e+002  7.307875e-005
 2.735875e+002  6.586848e-005
 2.742063e+002  6.198819e-005
 2.748250e+002  6.016085e-005
 2.754438e+002  6.841964e-005
 2.760625e+002  7.387457e-005
 2.766813e+002  6.867126e-005
 2.773000e+002  6.765876e-005
 2.779188e+002  6.585524e-005
 2.785375e+002  7.024725e-005
 2.791563e+002  6.641353e-005
 2.797750e+002  5.489156e-005
 2.803938e+002  6.212334e-005
 2.810125e+002  7.041143e-005
 2.816313e+002  6.631640e-005
 2.822500e+002  7.193289e-005
 2.828688e+002  7.530490e-005
 2.834875e+002  7.627898e-005
 2.841063e+002  6.885752e-005
 2.847250e+002  7.450373e-005
 2.853438e+002  7.542903e-005
 2.859625e+002  7.210968e-005
 2.865813e+002  7.803803e-005
 2.872000e+002  7.451004e-005
 2.878188e+002  6.626693e-005
 2.884375e+002  6.582916e-005
 2.890563e+002  6.161111e-005
 2.896750e+002  6.766012e-005
 2.902938e+002  6.641959e-005
 2.909125e+002  6.413495e-005
 2.915313e+002  6.250372e-005
 2.921500e+002  6.631938e-005
 2.927688e+002  7.467772e-005
 2.933875e+002  7.451568e-005
 2.940063e+002  7.039759e-005
 2.946250e+002  7.045228e-005
 2.952438e+002  6.965378e-005
 2.958625e+002  7.217230e-005
 2.964813e+002  7.205819e-005
 2.971000e+002  6.407015e-005
 2.977188e+002  7.250505e-005
 2.983375e+002  7.330390e-005
 2.989563e+002  7.157506e-005
 2.995750e+002  7.907551e-005
 3.001938e+002  7.578187e-005
 3.008125e+002  6.666815e-005
 3.014313e+002  6.937142e-005
 3.020500e+002  6.814606e-005
 3.026688e+002  6.901925e-005
 3.032875e+002  6.962952e-005
 3.039063e+002  6.361864e-005
 3.045250e+002  6.635110e-005
 3.051438e+002  6.926396e-005
 3.057625e+002  6.381805e-005
 3.063813e+002  6.757842e-005
 3.070000e+002  6.668481e-005
 3.076188e+002  6.871331e-005
 3.082375e+002  6.677464e-005
 3.088563e+002  6.182772e-005
 3.094750e+002  6.608626e-005
 3.100938e+002  7.349829e-005
 3.107125e+002  7.373563e-005
 3.113313e+002  6.481196e-005
 3.119500e+002  6.190016e-005
 3.125688e+002  7.599019e-005
 3.131875e+002  7.026667e-005
 3.138063e+002  6.540563e-005
 3.144250e+002  6.586142e-005
 3.150437e+002  6.864057e-005
 3.156625e+002  7.112280e-005
 3.162812e+002  6.933403e-005
 3.169000e+002  6.569405e-005
 3.175187e+002  7.013750e-005
 3.181375e+002  6.683781e-005
 3.187562e+002  6.707119e-005
 3.193750e+002  6.819086e-005
 3.199937e+002  6.897719e-005
 3.206125e+002  6.996259e-005
 3.212312e+002  5.892081e-005
 3.218500e+002  6.308545e-005
 3.224687e+002  6.230877e-005
 3.230875e+002  6.864681e-005
 3.237062e+002  6.937759e-005
 3.243250e+002  6.385324e-005
 3.249437e+002  6.862410e-005
 3.255625e+002  6.562370e-005
 3.261812e+002  7.124973e-005
 3.268000e+002  6.892180e-005
 3.274187e+002  6.339832e-005
 3.280375e+002  7.229734e-005
 3.286562e+002  7.418353e-005
 3.292750e+002  7.292659e-005
 3.298937e+002  7.128059e-005
 3.305125e+002  6.618690e-005
 3.311312e+002  6.728520e-005
 3.317500e+002  6.702131e-005
 3.323687e+002  7.041476e-005
 3.329875e+002  6.944781e-005
 3.336062e+002  6.799713e-005
 3.342250e+002  6.679174e-005
 3.348437e+002  6.489153e-005
 3.354625e+002  6.939515e-005
 3.360812e+002  6.681161e-005
 3.367000e+002  7.076000e-005
 3.373187e+002  7.527352e-005
 3.379375e+002  7.174400e-005
 3.385562e+002  7.004982e-005
 3.391750e+002  6.952275e-005
 3.397937e+002  7.458298e-005
 3.404125e+002  7.411640e-005
 3.410312e+002  6.894258e-005
 3.416500e+002  6.702164e-005
 3.422687e+002  6.798030e-005
 3.428875e+002  6.496281e-005
 3.435062e+002  7.151391e-005
 3.441250e+002  7.305073e-005
 3.447437e+002  7.182087e-005
 3.453625e+002  6.222303e-005
 3.459812e+002  6.395255e-005
 3.466000e+002  6.634699e-005
 3.472187e+002  6.418053e-005
 3.478375e+002  6.346516e-005
 3.484562e+002  6.719963e-005
 3.490750e+002  8.932030e-005
 3.496937e+002  1.278300e-003
 3.503125e+002  2.239913e-003
 3.509312e+002  9.994833e-004
 3.515500e+002  6.971583e-005
 3.521687e+002  6.340093e-005
 3.527875e+002  7.291405e-005
 3.534062e+002  6.888210e-005
 3.540250e+002  6.675696e-005
 3.546437e+002  6.731320e-005
 3.552625e+002  6.478402e-005
 3.558812e+002  6.484623e-005
 3.565000e+002  6.572178e-005
 3.571187e+002  7.069795e-005
 3.577375e+002  6.915382e-005
 3.583562e+002  6.586764e-005
 3.589750e+002  6.292572e-005
 3.595937e+002  6.518503e-005
 3.602125e+002  7.132961e-005
 3.608312e+002  6.793557e-005
 3.614500e+002  6.378836e-005
 3.620687e+002  6.899270e-005
 3.626875e+002  6.887003e-005
 3.633062e+002  6.728763e-005
 3.639250e+002  6.588239e-005
 3.645437e+002  6.661234e-005
 3.651625e+002  6.787972e-005
 3.657812e+002  6.911911e-005
 3.664000e+002  6.786711e-005
 3.670187e+002  7.025997e-005
 3.676375e+002  6.972775e-005
 3.682562e+002  7.118110e-005
 3.688750e+002  7.153967e-005
 3.694937e+002  6.301014e-005
 3.701125e+002  6.465852e-005
 3.707312e+002  7.103588e-005
 3.713500e+002  7.591640e-005
 3.719687e+002  7.417643e-005
 3.725875e+002  6.850027e-005
 3.732062e+002  6.260039e-005
 3.738250e+002  6.732902e-005
 3.744437e+002  6.814615e-005
 3.750625e+002  7.021118e-005
 3.756812e+002  6.614723e-005
 3.763000e+002  7.067473e-005
 3.769187e+002  6.883940e-005
 3.775375e+002  6.659523e-005
 3.781562e+002  7.181566e-005
 3.787750e+002  6.980908e-005
 3.793937e+002  6.460332e-005
 3.800125e+002  7.083083e-005
 3.806312e+002  6.835700e-005
 3.812500e+002  6.954400e-005
 3.818687e+002  6.702248e-005
 3.824875e+002  6.368137e-005
 3.831062e+002  7.175408e-005
 3.837250e+002  6.997005e-005
 3.843437e+002  6.982735e-005
 3.849625e+002  6.967693e-005
 3.855812e+002  6.981418e-005
 3.862000e+002  6.241741e-005
 3.868187e+002  6.254403e-005
 3.874375e+002  7.106804e-005
 3.880562e+002  6.411060e-005
 3.886750e+002  6.362253e-005
 3.892937e+002  5.779336e-005
 3.899125e+002  6.320144e-005
 3.905312e+002  7.185825e-005
 3.911500e+002  6.701782e-005
 3.917687e+002  6.828926e-005
 3.923875e+002  7.231314e-005
 3.930062e+002  6.808732e-005
 3.936250e+002  6.857111e-005
 3.942437e+002  7.203674e-005
 3.948625e+002  7.025802e-005
 3.954812e+002  6.974380e-005
 3.961000e+002  6.808222e-005
 3.967187e+002  7.066051e-005
 3.973375e+002  7.166605e-005
 3.979562e+002  6.341372e-005
 3.985750e+002  6.176248e-005
 3.991937e+002  6.773271e-005
 3.998125e+002  7.935276e-005
 4.004312e+002  9.066833e-005
 4.010500e+002  7.119985e-005
 4.016687e+002  6.253518e-005
 4.022875e+002  6.433768e-005
 4.029062e+002  6.933748e-005
 4.035250e+002  7.119015e-005
 4.041437e+002  6.892613e-005
 4.047625e+002  6.423343e-005
 4.053812e+002  6.187699e-005
 4.060000e+002  7.074487e-005
 4.066187e+002  7.712226e-005
 4.072375e+002  6.666077e-005
 4.078562e+002  6.800586e-005
 4.084750e+002  6.746672e-005
 4.090937e+002  6.110772e-005
 4.097125e+002  6.032698e-005
 4.103312e+002  6.938991e-005
 4.109500e+002  7.199380e-005
 4.115687e+002  6.582574e-005
 4.121875e+002  6.726512e-005
 4.128062e+002  6.443847e-005
 4.134250e+002  6.549435e-005
 4.140437e+002  7.099926e-005
 4.146625e+002  6.921522e-005
 4.152812e+002  6.870055e-005
 4.159000e+002  6.931915e-005
 4.165187e+002  6.710852e-005
 4.171375e+002  6.828690e-005
 4.177562e+002  7.373458e-005
 4.183750e+002  6.801645e-005
 4.189937e+002  6.344334e-005
 4.196125e+002  6.912919e-005
 4.202312e+002  6.501981e-005
 4.208500e+002  7.553320e-005
 4.214687e+002  6.833764e-005
 4.220875e+002  6.652903e-005
 4.227062e+002  7.307723e-005
 4.233250e+002  6.605358e-005
 4.239437e+002  6.933481e-005
 4.245625e+002  7.932986e-005
 4.251812e+002  7.354121e-005
 4.258000e+002  6.774033e-005
 4.264187e+002  6.514412e-005
 4.270375e+002  6.601278e-005
 4.276562e+002  7.302299e-005
 4.282750e+002  7.898389e-005
 4.288937e+002  7.469131e-005
 4.295125e+002  7.196211e-005
 4.301312e+002  7.302710e-005
 4.307500e+002  7.112423e-005
 4.313687e+002  6.252085e-005
 4.319875e+002  6.515509e-005
 4.326062e+002  6.704412e-005
 4.332250e+002  6.731112e-005
 4.338437e+002  6.908209e-005
 4.344625e+002  7.381529e-005
 4.350812e+002  7.421228e-005
 4.357000e+002  7.699635e-005
 4.363187e+002  6.450751e-005
 4.369375e+002  6.668854e-005
 4.375562e+002  6.209626e-005
 4.381750e+002  6.158177e-005
 4.387937e+002  6.271126e-005
 4.394125e+002  5.804900e-005
 4.400312e+002  6.996726e-005
 4.406500e+002  6.688076e-005
 4.412687e+002  6.566862e-005
 4.418875e+002  7.415007e-005
 4.425062e+002  6.962618e-005
 4.431250e+002  7.089936e-005
 4.437437e+002  7.483427e-005
 4.443625e+002  6.775665e-005
 4.449812e+002  6.497647e-005
 4.456000e+002  7.142148e-005
 4.462187e+002  6.787842e-005
 4.468375e+002  6.758486e-005
 4.474562e+002  6.704518e-005
 4.480750e+002  6.549015e-005
 4.486937e+002  6.609731e-005
 4.493125e+002  9.098431e-005
 4.499312e+002  3.831536e-004
 4.505500e+002  4.713069e-004
 4.511687e+002  1.539178e-004
 4.517875e+002  7.054120e-005
 4.524062e+002  6.692155e-005
 4.530250e+002  6.700716e-005
 4.536437e+002  6.508199e-005
 4.542625e+002  6.832019e-005
 4.548812e+002  6.507676e-005
 4.555000e+002  6.156674e-005
 4.561187e+002  6.391248e-005
 4.567375e+002  6.849253e-005
 4.573562e+002  6.747949e-005
 4.579750e+002  6.825821e-005
 4.585937e+002  6.870309e-005
 4.592125e+002  6.818936e-005
 4.598312e+002  6.368319e-005
 4.604500e+002  7.049427e-005
 4.610687e+002  7.062543e-005
 4.616875e+002  7.230616e-005
 4.623062e+002  6.822506e-005
 4.629250e+002  5.904565e-005
 4.635437e+002  6.615908e-005
 4.641625e+002  6.753559e-005
 4.647812e+002  6.672206e-005
 4.654000e+002  6.587637e-005
 4.660187e+002  7.372121e-005
 4.666375e+002  7.474111e-005
 4.672562e+002  7.059596e-005
 4.678750e+002  6.346302e-005
 4.684937e+002  6.733519e-005
 4.691125e+002  6.716049e-005
 4.697312e+002  6.630929e-005
 4.703500e+002  6.773635e-005
 4.709687e+002  5.802925e-005
 4.715875e+002  6.366576e-005
 4.722062e+002  6.377612e-005
 4.728250e+002  6.572462e-005
 4.734437e+002  6.267917e-005
 4.740625e+002  6.363590e-005
 4.746812e+002  6.978822e-005
 4.753000e+002  7.431736e-005
 4.759187e+002  7.330443e-005
 4.765375e+002  7.522726e-005
 4.771562e+002  7.473396e-005
 4.777750e+002  6.560037e-005
 4.783937e+002  7.048225e-005
 4.790125e+002  6.589389e-005
 4.796312e+002  6.905500e-005
 4.802500e+002  6.712735e-005
 4.808687e+002  6.742163e-005
 4.814875e+002  6.884452e-005
 4.821062e+002  6.236279e-005
 4.827250e+002  6.391406e-005
 4.833437e+002  7.035360e-005
 4.839625e+002  6.739849e-005
 4.845812e+002  6.810103e-005
 4.852000e+002  6.852692e-005
 4.858187e+002  6.509491e-005
 4.864375e+002  6.357366e-005
 4.870562e+002  6.546901e-005
 4.876750e+002  6.798011e-005
 4.882937e+002  7.113071e-005
 4.889125e+002  7.454334e-005
 4.895312e+002  7.313333e-005
 4.901500e+002  7.154020e-005
 4.907687e+002  6.668845e-005
 4.913875e+002  7.092845e-005
 4.920062e+002  6.618807e-005
 4.926250e+002  6.679845e-005
 4.932437e+002  6.887715e-005
 4.938625e+002  6.933039e-005
 4.944812e+002  6.825991e-005
 4.951000e+002  6.220978e-005
 4.957187e+002  6.453447e-005
 4.963375e+002  6.484610e-005
 4.969562e+002  6.910148e-005
 4.975750e+002  7.070201e-005
 4.981937e+002  6.568409e-005
 4.988125e+002  6.692546e-005
 4.994312e+002  7.146599e-005
 5.000500e+002  9.391279e-005
 5.006687e+002  1.058156e-004
 5.012875e+002  6.869498e-005
 5.019062e+002  6.505249e-005
 5.025250e+002  6.556467e-005
 5.031437e+002  5.946378e-005
 5.037625e+002  6.646126e-005
 5.043812e+002  6.939939e-005
 5.050000e+002  7.279654e-005
 5.056187e+002  7.388936e-005
 5.062375e+002  7.376649e-005
 5.068562e+002  6.814364e-005
 5.074750e+002  6.867538e-005
 5.080937e+002  6.629663e-005
 5.087125e+002  6.909263e-005
 5.093312e+002  6.953300e-005
 5.099500e+002  6.730383e-005
 5.105687e+002  7.264952e-005
 5.111875e+002  7.120767e-005
 5.118062e+002  6.365027e-005
 5.124250e+002  5.858377e-005
 5.130437e+002  6.329060e-005
 5.136625e+002  5.972824e-005
 5.142812e+002  6.018954e-005
 5.149000e+002  6.846397e-005
 5.155187e+002  7.283737e-005
 5.161375e+002  6.478153e-005
 5.167562e+002  6.509531e-005
 5.173750e+002  6.583051e-005
 5.179937e+002  6.741327e-005
 5.186125e+002  6.391508e-005
 5.192312e+002  6.001215e-005
 5.198500e+002  6.018783e-005
 5.204687e+002  6.493526e-005
 5.210875e+002  6.915154e-005
 5.217062e+002  6.899715e-005
 5.223250e+002  6.546414e-005
 5.229437e+002  6.396659e-005
 5.235625e+002  6.477037e-005
 5.241812e+002  6.470435e-005
 5.248000e+002  6.698185e-005
 5.254187e+002  6.538840e-005
 5.260375e+002  6.786850e-005
 5.266562e+002  7.345792e-005
 5.272750e+002  7.377538e-005
 5.278937e+002  6.584177e-005
 5.285125e+002  5.973980e-005
 5.291312e+002  6.987437e-005
 5.297500e+002  6.684033e-005
 5.303687e+002  6.953367e-005
 5.309875e+002  7.092255e-005
 5.316062e+002  6.677577e-005
 5.322250e+002  6.995697e-005
 5.328437e+002  7.116544e-005
 5.334625e+002  7.137434e-005
 5.340812e+002  7.056203e-005
 5.347000e+002  6.473876e-005
 5.353187e+002  6.157950e-005
 5.359375e+002  6.828258e-005
 5.365562e+002  6.212658e-005
 5.371750e+002  6.293665e-005
 5.377937e+002  5.654484e-005
 5.384125e+002  5.887520e-005
 5.390312e+002  6.506036e-005
 5.396500e+002  6.569017e-005
 5.402687e+002  7.404963e-005
 5.408875e+002  6.688171e-005
 5.415062e+002  6.888032e-005
 5.421250e+002  6.806979e-005
 5.427437e+002  7.245892e-005
 5.433625e+002  6.873696e-005
 5.439812e+002  6.718365e-005
 5.446000e+002  6.904747e-005
 5.452187e+002  7.191820e-005
 5.458375e+002  6.780984e-005
 5.464562e+002  6.715252e-005
 5.470750e+002  6.941268e-005
 5.476937e+002  7.333577e-005
 5.483125e+002  6.721162e-005
 5.489312e+002  7.691783e-005
 5.495500e+002  3.234283e-004
 5.501687e+002  1.137887e-003
 5.507875e+002  9.905103e-004
 5.514062e+002  1.906663e-004
 5.520250e+002  7.234008e-005
 5.526437e+002  6.666234e-005
 5.532625e+002  7.209678e-005
 5.538812e+002  7.025286e-005
 5.545000e+002  7.304431e-005
 5.551187e+002  6.498425e-005
 5.557375e+002  6.537664e-005
 5.563562e+002  6.776130e-005
 5.569750e+002  6.597973e-005
 5.575937e+002  7.011678e-005
 5.582125e+002  7.078544e-005
 5.588312e+002  6.716519e-005
 5.594500e+002  6.515838e-005
 5.600687e+002  7.147657e-005
 5.606875e+002  6.470679e-005
 5.613062e+002  6.264529e-005
 5.619250e+002  6.240229e-005
 5.625437e+002  7.039300e-005
 5.631625e+002  6.946667e-005
 5.637812e+002  6.424662e-005
 5.644000e+002  6.932153e-005
 5.650187e+002  7.000653e-005
 5.656375e+002  6.737476e-005
 5.662562e+002  6.679362e-005
 5.668750e+002  6.974037e-005
 5.674937e+002  6.393329e-005
 5.681125e+002  6.657969e-005
 5.687312e+002  7.097164e-005
 5.693500e+002  6.898098e-005
 5.699687e+002  6.418717e-005
 5.705875e+002  6.884224e-005
 5.712062e+002  7.247720e-005
 5.718250e+002  7.062186e-005
 5.724437e+002  7.288905e-005
 5.730625e+002  7.608443e-005
 5.736812e+002  7.805114e-005
 5.743000e+002  6.640585e-005
 5.749187e+002  6.602463e-005
 5.755375e+002  6.689212e-005
 5.761562e+002  6.861359e-005
 5.767750e+002  6.162345e-005
 5.773937e+002  6.977839e-005
 5.780125e+002  7.029214e-005
 5.786312e+002  5.691311e-005
 5.792500e+002  7.019065e-005
 5.798687e+002  6.987479e-005
 5.804875e+002  7.203926e-005
 5.811062e+002  7.808597e-005
 5.817250e+002  7.258419e-005
 5.823437e+002  7.333118e-005
 5.829625e+002  7.440143e-005
 5.835812e+002  7.266317e-005
 5.842000e+002  7.154739e-005
 5.848187e+002  6.793854e-005
 5.854375e+002  6.340303e-005
 5.860562e+002  7.106641e-005
 5.866750e+002  6.979196e-005
 5.872937e+002  6.384712e-005
 5.879125e+002  6.483548e-005
 5.885312e+002  6.725905e-005
 5.891500e+002  6.822047e-005
 5.897687e+002  7.155097e-005
 5.903875e+002  7.567331e-005
 5.910062e+002  6.665792e-005
 5.916250e+002  6.245398e-005
 5.922437e+002  6.418771e-005
 5.928625e+002  6.611333e-005
 5.934812e+002  6.830725e-005
 5.941000e+002  6.543901e-005
 5.947187e+002  6.972450e-005
 5.953375e+002  6.565319e-005
 5.959562e+002  6.274796e-005
 5.965750e+002  6.419167e-005
 5.971937e+002  6.496950e-005
 5.978125e+002  6.194933e-005
 5.984312e+002  6.073904e-005
 5.990500e+002  6.455826e-005
 5.996687e+002  6.945646e-005
 6.002875e+002  9.323542e-005
 6.009062e+002  8.980598e-005
 6.015250e+002  7.720486e-005
 6.021437e+002  7.333306e-005
 6.027625e+002  6.886402e-005
 6.033812e+002  6.994664e-005
 6.040000e+002  6.806185e-005
 6.046187e+002  6.801266e-005
 6.052375e+002  7.159002e-005
 6.058562e+002  6.973214e-005
 6.064750e+002  6.066454e-005
 6.070937e+002  6.533069e-005
 6.077125e+002  6.473971e-005
 6.083312e+002  7.089624e-005
 6.089500e+002  6.590662e-005
 6.095687e+002  6.223123e-005
 6.101875e+002  6.968351e-005
 6.108062e+002  7.215346e-005
 6.114250e+002  6.926941e-005
 6.120437e+002  7.178501e-005
 6.126625e+002  6.838788e-005
 6.132812e+002  6.964401e-005
 6.139000e+002  6.948408e-005
 6.145187e+002  6.478869e-005
 6.151375e+002  6.549247e-005
 6.157562e+002  6.915011e-005
 6.163750e+002  7.402744e-005
 6.169937e+002  7.785038e-005
 6.176125e+002  7.399036e-005
 6.182312e+002  7.215791e-005
 6.188500e+002  7.293725e-005
 6.194687e+002  7.352244e-005
 6.200875e+002  6.353949e-005
 6.207062e+002  5.910701e-005
 6.213250e+002  6.568735e-005
 6.219437e+002  5.921227e-005
 6.225625e+002  6.573203e-005
 6.231812e+002  6.453395e-005
 6.238000e+002  7.046074e-005
 6.244187e+002  7.567306e-005
 6.250375e+002  7.381958e-005
 6.256562e+002  7.058614e-005
 6.262750e+002  6.989376e-005
 6.268937e+002  6.678125e-005
 6.275125e+002  6.262808e-005
 6.281312e+002  6.308008e-005
 6.287500e+002  6.720757e-005
 6.293687e+002  6.575813e-005
 6.299875e+002  5.920922e-005
 6.306062e+002  5.909322e-005
 6.312250e+002  6.403125e-005
 6.318437e+002  7.328293e-005
 6.324625e+002  7.521727e-005
 6.330812e+002  7.177467e-005
 6.337000e+002  6.508724e-005
 6.343187e+002  6.323628e-005
 6.349375e+002  6.532402e-005
 6.355562e+002  6.555131e-005
 6.361750e+002  6.192373e-005
 6.367937e+002  6.639997e-005
 6.374125e+002  6.979084e-005
 6.380312e+002  6.294660e-005
 6.386500e+002  6.364430e-005
 6.392687e+002  6.885974e-005
 6.398875e+002  7.058549e-005
 6.405062e+002  6.719603e-005
 6.411250e+002  6.325567e-005
 6.417437e+002  6.370980e-005
 6.423625e+002  7.001809e-005
 6.429812e+002  7.233371e-005
 6.436000e+002  7.158928e-005
 6.442187e+002  6.581932e-005
 6.448375e+002  6.439137e-005
 6.454562e+002  7.172028e-005
 6.460750e+002  7.274335e-005
 6.466937e+002  6.774880e-005
 6.473125e+002  7.170563e-005
 6.479312e+002  6.956568e-005
 6.485500e+002  7.036607e-005
 6.491687e+002  7.494290e-005
 6.497875e+002  1.794751e-004
 6.504062e+002  3.884445e-004
 6.510250e+002  2.431597e-004
 6.516437e+002  6.420710e-005
 6.522625e+002  6.502910e-005
 6.528812e+002  6.383956e-005
 6.535000e+002  6.594168e-005
 6.541187e+002  6.794330e-005
 6.547375e+002  7.199580e-005
 6.553562e+002  7.035902e-005
 6.559750e+002  7.432603e-005
 6.565937e+002  7.476452e-005
 6.572125e+002  6.635542e-005
 6.578312e+002  6.831113e-005
 6.584500e+002  6.364520e-005
 6.590687e+002  6.747522e-005
 6.596875e+002  6.334131e-005
 6.603062e+002  6.662808e-005
 6.609250e+002  6.899297e-005
 6.615437e+002  6.916690e-005
 6.621625e+002  6.970293e-005
 6.627812e+002  6.391526e-005
 6.634000e+002  6.415646e-005
 6.640187e+002  6.837434e-005
 6.646375e+002  6.349551e-005
 6.652562e+002  5.904398e-005
 6.658750e+002  6.737564e-005
 6.664937e+002  7.406725e-005
 6.671125e+002  7.780460e-005
 6.677312e+002  7.390775e-005
 6.683500e+002  6.572336e-005
 6.689687e+002  6.377412e-005
 6.695875e+002  6.723712e-005
 6.702062e+002  6.740263e-005
 6.708250e+002  6.684938e-005
 6.714437e+002  6.566419e-005
 6.720625e+002  6.735280e-005
 6.726812e+002  6.856145e-005
 6.733000e+002  6.627463e-005
 6.739187e+002  6.325247e-005
 6.745375e+002  6.730882e-005
 6.751562e+002  6.987516e-005
 6.757750e+002  7.073622e-005
 6.763937e+002  7.060378e-005
 6.770125e+002  6.903840e-005
 6.776312e+002  6.330235e-005
 6.782500e+002  6.337164e-005
 6.788687e+002  6.574076e-005
 6.794875e+002  6.042045e-005
 6.801062e+002  6.509319e-005
 6.807250e+002  6.829197e-005
 6.813437e+002  6.941034e-005
 6.819625e+002  6.444073e-005
 6.825812e+002  5.829457e-005
 6.832000e+002  6.253692e-005
 6.838187e+002  7.142110e-005
 6.844375e+002  6.636731e-005
 6.850562e+002  6.862243e-005
 6.856750e+002  6.561494e-005
 6.862937e+002  6.505542e-005
 6.869125e+002  6.543821e-005
 6.875312e+002  6.874047e-005
 6.881500e+002  7.111247e-005
 6.887687e+002  6.636101e-005
 6.893875e+002  5.965921e-005
 6.900062e+002  6.216036e-005
 6.906250e+002  5.946720e-005
 6.912437e+002  6.009643e-005
 6.918625e+002  6.644495e-005
 6.924812e+002  6.648937e-005
 6.931000e+002  6.490305e-005
 6.937187e+002  7.254676e-005
 6.943375e+002  7.336580e-005
 6.949562e+002  6.778566e-005
 6.955750e+002  7.375066e-005
 6.961937e+002  6.779730e-005
 6.968125e+002  6.598649e-005
 6.974312e+002  7.104777e-005
 6.980500e+002  7.316476e-005
 6.986687e+002  7.492060e-005
 6.992875e+002  6.852709e-005
 6.999062e+002  7.068862e-005
 7.005250e+002  7.886860e-005
 7.011437e+002  7.802124e-005
 7.017625e+002  7.070302e-005
 7.023812e+002  6.628337e-005
 7.030000e+002  6.446819e-005
 7.036187e+002  7.424965e-005
 7.042375e+002  7.867583e-005
 7.048562e+002  7.671602e-005
 7.054750e+002  7.419984e-005
 7.060937e+002  7.243690e-005
 7.067125e+002  6.962287e-005
 7.073312e+002  7.036765e-005
 7.079500e+002  6.549417e-005
 7.085687e+002  6.738046e-005
 7.091875e+002  6.417308e-005
 7.098062e+002  6.340223e-005
 7.104250e+002  6.364849e-005
 7.110437e+002  6.290243e-005
 7.116625e+002  6.367742e-005
 7.122812e+002  6.005777e-005
 7.129000e+002  6.325959e-005
 7.135187e+002  7.105095e-005
 7.141375e+002  6.232303e-005
 7.147562e+002  6.276081e-005
 7.153750e+002  7.274956e-005
 7.159937e+002  6.640355e-005
 7.166125e+002  6.605514e-005
 7.172312e+002  5.937882e-005
 7.178500e+002  6.232138e-005
 7.184687e+002  6.675867e-005
 7.190875e+002  7.154338e-005
 7.197062e+002  6.739570e-005
 7.203250e+002  6.924301e-005
 7.209437e+002  7.186756e-005
 7.215625e+002  7.337096e-005
 7.221812e+002  7.018753e-005
 7.228000e+002  6.826895e-005
 7.234187e+002  6.584350e-005
 7.240375e+002  6.715810e-005
 7.246562e+002  6.313767e-005
 7.252750e+002  6.621651e-005
 7.258937e+002  6.997713e-005
 7.265125e+002  6.464221e-005
 7.271312e+002  6.988914e-005
 7.277500e+002  7.402765e-005
 7.283687e+002  7.287044e-005
 7.289875e+002  7.493782e-005
 7.296062e+002  7.221839e-005
 7.302250e+002  7.138882e-005
 7.308437e+002  6.257721e-005
 7.314625e+002  6.542306e-005
 7.320812e+002  7.060785e-005
 7.327000e+002  6.571664e-005
 7.333187e+002  6.882582e-005
 7.339375e+002  5.881482e-005
 7.345562e+002  6.631933e-005
 7.351750e+002  7.206239e-005
 7.357937e+002  6.512982e-005
 7.364125e+002  6.095244e-005
 7.370312e+002  5.241097e-005
 7.376500e+002  6.159521e-005
 7.382687e+002  6.837725e-005
 7.388875e+002  6.506813e-005
 7.395062e+002  6.692105e-005
 7.401250e+002  6.870396e-005
 7.407437e+002  6.651678e-005
 7.413625e+002  7.440950e-005
 7.419812e+002  7.311572e-005
 7.426000e+002  7.054750e-005
 7.432187e+002  6.419559e-005
 7.438375e+002  6.234395e-005
 7.444562e+002  6.370172e-005
 7.450750e+002  6.342371e-005
 7.456937e+002  6.213935e-005
 7.463125e+002  6.265336e-005
 7.469312e+002  7.039401e-005
 7.475500e+002  6.524470e-005
 7.481687e+002  6.776814e-005
 7.487875e+002  6.997272e-005
 7.494062e+002  7.648310e-005
 7.500250e+002  3.483628e-004
 7.506437e+002  5.534186e-004
 7.512625e+002  2.524350e-004
 7.518812e+002  7.027366e-005
 7.525000e+002  6.517527e-005
 7.531187e+002  6.423590e-005
 7.537375e+002  6.593341e-005
 7.543562e+002  6.219782e-005
 7.549750e+002  6.602179e-005
 7.555937e+002  7.269955e-005
 7.562125e+002  6.914844e-005
 7.568312e+002  6.892638e-005
 7.574500e+002  7.068713e-005
 7.580687e+002  6.889690e-005
 7.586875e+002  7.222549e-005
 7.593062e+002  7.011474e-005
 7.599250e+002  6.944008e-005
 7.605437e+002  5.914615e-005
 7.611625e+002  6.305400e-005
 7.617812e+002  6.261731e-005
 7.624000e+002  6.255281e-005
 7.630187e+002  6.625578e-005
 7.636375e+002  6.607557e-005
 7.642562e+002  6.574057e-005
 7.648750e+002  6.451552e-005
 7.654937e+002  6.547749e-005
 7.661125e+002  7.017007e-005
 7.667312e+002  7.137083e-005
 7.673500e+002  6.936286e-005
 7.679687e+002  6.363921e-005
 7.685875e+002  6.482204e-005
 7.692062e+002  7.238375e-005
 7.698250e+002  6.932710e-005
 7.704437e+002  6.426898e-005
 7.710625e+002  6.479745e-005
 7.716812e+002  7.084125e-005
 7.723000e+002  7.301533e-005
 7.729187e+002  6.703788e-005
 7.735375e+002  5.809449e-005
 7.741562e+002  7.146383e-005
 7.747750e+002  7.678183e-005
 7.753937e+002  7.434648e-005
 7.760125e+002  6.929232e-005
 7.766312e+002  6.975506e-005
 7.772500e+002  6.820131e-005
 7.778687e+002  6.966220e-005
 7.784875e+002  7.484811e-005
 7.791062e+002  7.195430e-005
 7.797250e+002  6.725028e-005
 7.803437e+002  6.683675e-005
 7.809625e+002  6.361507e-005
 7.815812e+002  6.437287e-005
 7.822000e+002  6.363459e-005
 7.828187e+002  7.005320e-005
 7.834375e+002  6.744135e-005
 7.840562e+002  6.747077e-005
 7.846750e+002  6.757674e-005
 7.852937e+002  7.150578e-005
 7.859125e+002  6.004452e-005
 7.865312e+002  6.277155e-005
 7.871500e+002  7.086974e-005
 7.877687e+002  7.023738e-005
 7.883875e+002  6.660322e-005
 7.890062e+002  6.326430e-005
 7.896250e+002  6.039067e-005
 7.902437e+002  6.515207e-005
 7.908625e+002  6.371282e-005
 7.914812e+002  6.485258e-005
 7.921000e+002  6.722381e-005
 7.927187e+002  6.485718e-005
 7.933375e+002  6.809916e-005
 7.939562e+002  6.872930e-005
 7.945750e+002  6.395432e-005
 7.951937e+002  6.762082e-005
 7.958125e+002  6.857323e-005
 7.964312e+002  6.647070e-005
 7.970500e+002  6.471287e-005
 7.976687e+002  6.581327e-005
 7.982875e+002  7.034370e-005
 7.989062e+002  7.117346e-005
 7.995250e+002  7.366270e-005
 8.001437e+002  6.879899e-005
 8.007625e+002  6.577222e-005
 8.013812e+002  6.686495e-005
 8.020000e+002  6.833099e-005
 8.026187e+002  6.126957e-005
 8.032375e+002  6.844493e-005
 8.038562e+002  6.931315e-005
 8.044750e+002  6.466414e-005
 8.050937e+002  6.217023e-005
 8.057125e+002  6.639813e-005
 8.063312e+002  7.085407e-005
 8.069500e+002  7.740528e-005
 8.075687e+002  6.952791e-005
 8.081875e+002  6.238113e-005
 8.088062e+002  7.355091e-005
 8.094250e+002  6.916897e-005
 8.100437e+002  6.788367e-005
 8.106625e+002  7.057479e-005
 8.112812e+002  7.122359e-005
 8.119000e+002  6.599680e-005
 8.125187e+002  7.002620e-005
 8.131375e+002  7.165313e-005
 8.137562e+002  6.192520e-005
 8.143750e+002  5.921852e-005
 8.149937e+002  6.532720e-005
 8.156125e+002  6.772519e-005
 8.162312e+002  6.621734e-005
 8.168500e+002  7.063409e-005
 8.174687e+002  7.048703e-005
 8.180875e+002  6.717582e-005
 8.187062e+002  6.984807e-005
 8.193250e+002  7.055319e-005
 8.199437e+002  7.444993e-005
 8.205625e+002  7.016105e-005
 8.211812e+002  6.874101e-005
 8.218000e+002  6.057942e-005
 8.224187e+002  5.943784e-005
 8.230375e+002  7.073172e-005
 8.236562e+002  7.071132e-005
 8.242750e+002  6.607024e-005
 8.248937e+002  6.245079e-005
 8.255125e+002  6.579182e-005
 8.261312e+002  7.026227e-005
 8.267500e+002  6.457153e-005
 8.273687e+002  6.417723e-005
 8.279875e+002  6.425391e-005
 8.286062e+002  6.222915e-005
 8.292250e+002  6.256710e-005
 8.298437e+002  6.378162e-005
 8.304625e+002  6.033603e-005
 8.310812e+002  6.401142e-005
 8.317000e+002  6.237174e-005
 8.323187e+002  6.607632e-005
 8.329375e+002  6.807417e-005
 8.335562e+002  6.268776e-005
 8.341750e+002  5.969465e-005
 8.347937e+002  6.427094e-005
 8.354125e+002  6.715169e-005
 8.360312e+002  6.347941e-005
 8.366500e+002  5.948882e-005
 8.372687e+002  6.478025e-005
 8.378875e+002  6.966695e-005
 8.385062e+002  7.084191e-005
 8.391250e+002  6.973231e-005
 8.397437e+002  6.850448e-005
 8.403625e+002  6.964270e-005
 8.409812e+002  6.308630e-005
 8.416000e+002  5.874930e-005
 8.422187e+002  6.563037e-005
 8.428375e+002  7.006264e-005
 8.434562e+002  7.741162e-005
 8.440750e+002  7.083314e-005
 8.446937e+002  6.829501e-005
 8.453125e+002  6.503697e-005
 8.459312e+002  6.391227e-005
 8.465500e+002  6.649084e-005
 8.471687e+002  6.332662e-005
 8.477875e+002  6.144542e-005
 8.484062e+002  6.209743e-005
 8.490250e+002  6.577710e-005
 8.496437e+002  6.836616e-005
 8.502625e+002  8.595306e-005
 8.508812e+002  8.602847e-005
 8.515000e+002  6.603027e-005
 8.521187e+002  6.469405e-005
 8.527375e+002  6.693596e-005
 8.533562e+002  7.066128e-005
 8.539750e+002  5.952456e-005
 8.545937e+002  6.287542e-005
 8.552125e+002  6.386998e-005
 8.558312e+002  6.737165e-005
 8.564500e+002  5.758209e-005
 8.570687e+002  6.126645e-005
 8.576875e+002  7.166643e-005
 8.583062e+002  7.136834e-005
 8.589250e+002  6.712794e-005
 8.595437e+002  7.249503e-005
 8.601625e+002  7.287953e-005
 8.607812e+002  6.799967e-005
 8.614000e+002  6.356671e-005
 8.620187e+002  6.786314e-005
 8.626375e+002  6.038699e-005
 8.632562e+002  6.473597e-005
 8.638750e+002  7.267932e-005
 8.644937e+002  6.959785e-005
 8.651125e+002  6.530639e-005
 8.657312e+002  6.675321e-005
 8.663500e+002  6.419391e-005
 8.669687e+002  7.069731e-005
 8.675875e+002  6.523310e-005
 8.682062e+002  6.180712e-005
 8.688250e+002  6.457132e-005
 8.694437e+002  6.414843e-005
 8.700625e+002  6.539333e-005
 8.706812e+002  6.922444e-005
 8.713000e+002  6.592449e-005
 8.719187e+002  6.896404e-005
 8.725375e+002  7.067071e-005
 8.731562e+002  6.184940e-005
 8.737750e+002  6.878051e-005
 8.743937e+002  6.070373e-005
 8.750125e+002  6.798659e-005
 8.756312e+002  7.104476e-005
 8.762500e+002  7.166438e-005
 8.768687e+002  7.016688e-005
 8.774875e+002  6.237068e-005
 8.781062e+002  5.829081e-005
 8.787250e+002  6.363439e-005
 8.793437e+002  7.334735e-005
 8.799625e+002  6.967357e-005
 8.805812e+002  6.637341e-005
 8.812000e+002  6.755796e-005
 8.818187e+002  6.796150e-005
 8.824375e+002  7.112175e-005
 8.830562e+002  7.100834e-005
 8.836750e+002  6.526629e-005
 8.842937e+002  6.420680e-005
 8.849125e+002  7.134247e-005
 8.855312e+002  7.345368e-005
 8.861500e+002  6.496597e-005
 8.867687e+002  5.840443e-005
 8.873875e+002  6.564566e-005
 8.880062e+002  6.712109e-005
 8.886250e+002  6.341597e-005
 8.892437e+002  6.332589e-005
 8.898625e+002  6.878413e-005
 8.904812e+002  7.006605e-005
 8.911000e+002  7.399501e-005
 8.917187e+002  7.322913e-005
 8.923375e+002  6.816705e-005
 8.929562e+002  6.581212e-005
 8.935750e+002  6.180862e-005
 8.941937e+002  6.330886e-005
 8.948125e+002  7.019231e-005
 8.954312e+002  7.172640e-005
 8.960500e+002  7.033022e-005
 8.966687e+002  6.756050e-005
 8.972875e+002  6.566942e-005
 8.979062e+002  6.865968e-005
 8.985250e+002  6.119383e-005
 8.991437e+002  6.182382e-005
 8.997625e+002  6.065332e-005
 9.003812e+002  7.290563e-005
 9.010000e+002  7.017463e-005
 9.016187e+002  6.850388e-005
 9.022375e+002  6.918296e-005
 9.028562e+002  6.699126e-005
 9.034750e+002  6.900424e-005
 9.040937e+002  6.978548e-005
 9.047125e+002  6.262661e-005
 9.053312e+002  5.767931e-005
 9.059500e+002  6.364144e-005
 9.065687e+002  5.953604e-005
 9.071875e+002  6.910972e-005
 9.078062e+002  6.875820e-005
 9.084250e+002  7.708035e-005
 9.090437e+002  6.945528e-005
 9.096625e+002  6.633677e-005
 9.102812e+002  6.808240e-005
 9.109000e+002  6.646416e-005
 9.115187e+002  6.487429e-005
 9.121375e+002  6.583062e-005
 9.127562e+002  6.921070e-005
 9.133750e+002  7.201828e-005
 9.139937e+002  6.997186e-005
 9.146125e+002  6.414899e-005
 9.152312e+002  5.989623e-005
 9.158500e+002  6.399627e-005
 9.164687e+002  6.008196e-005
 9.170875e+002  6.254778e-005
 9.177062e+002  6.431462e-005
 9.183250e+002  6.585879e-005
 9.189437e+002  7.226508e-005
 9.195625e+002  6.406200e-005
 9.201812e+002  7.316121e-005
 9.208000e+002  7.260649e-005
 9.214187e+002  7.507639e-005
 9.220375e+002  6.936951e-005
 9.226562e+002  6.983208e-005
 9.232750e+002  7.024415e-005
 9.238937e+002  6.958059e-005
 9.245125e+002  6.292582e-005
 9.251312e+002  6.956215e-005
 9.257500e+002  6.900752e-005
 9.263687e+002  7.146395e-005
 9.269875e+002  6.430623e-005
 9.276062e+002  6.989560e-005
 9.282250e+002  6.833890e-005
 9.288437e+002  6.623423e-005
 9.294625e+002  6.534903e-005
 9.300812e+002  7.148772e-005
 9.307000e+002  7.310913e-005
 9.313187e+002  6.585992e-005
 9.319375e+002  6.443028e-005
 9.325562e+002  6.506730e-005
 9.331750e+002  6.662486e-005
 9.337937e+002  6.521285e-005
 9.344125e+002  6.667003e-005
 9.350312e+002  6.969343e-005
 9.356500e+002  6.776653e-005
 9.362687e+002  6.580925e-005
 9.368875e+002  6.871610e-005
 9.375062e+002  6.824759e-005
 9.381250e+002  6.874666e-005
 9.387437e+002  7.229667e-005
 9.393625e+002  6.452276e-005
 9.399812e+002  6.843654e-005
 9.406000e+002  7.023806e-005
 9.412187e+002  6.541915e-005
 9.418375e+002  5.862316e-005
 9.424562e+002  6.643136e-005
 9.430750e+002  6.715411e-005
 9.436937e+002  6.375953e-005
 9.443125e+002  6.310101e-005
 9.449312e+002  7.039075e-005
 9.455500e+002  7.422331e-005
 9.461687e+002  7.050454e-005
 9.467875e+002  6.500181e-005
 9.474062e+002  6.041889e-005
 9.480250e+002  5.988929e-005
 9.486437e+002  6.144026e-005
 9.492625e+002  6.772542e-005
 9.498812e+002  7.227868e-005
 9.505000e+002  9.794391e-005
 9.511187e+002  9.498332e-005
 9.517375e+002  6.714042e-005
 9.523562e+002  6.344867e-005
 9.529750e+002  5.990366e-005
 9.535937e+002  6.842333e-005
 9.542125e+002  7.173727e-005
 9.548312e+002  6.240608e-005
 9.554500e+002  6.370376e-005
 9.560687e+002  7.046759e-005
 9.566875e+002  7.515260e-005
 9.573062e+002  6.960285e-005
 9.579250e+002  6.896722e-005
 9.585437e+002  6.317331e-005
 9.591625e+002  6.728676e-005
 9.597812e+002  7.187804e-005
 9.604000e+002  6.593137e-005
 9.610187e+002  5.993856e-005
 9.616375e+002  6.346200e-005
 9.622562e+002  5.709316e-005
 9.628750e+002  6.541292e-005
 9.634937e+002  6.759781e-005
 9.641125e+002  6.050173e-005
 9.647312e+002  5.802515e-005
 9.653500e+002  5.771159e-005
 9.659687e+002  6.008482e-005
 9.665875e+002  6.613693e-005
 9.672062e+002  7.206520e-005
 9.678250e+002  6.907754e-005
 9.684437e+002  7.039760e-005
 9.690625e+002  7.282170e-005
 9.696812e+002  6.176508e-005
 9.703000e+002  6.889263e-005
 9.709187e+002  6.638632e-005
 9.715375e+002  6.576749e-005
 9.721562e+002  6.273390e-005
 9.727750e+002  6.408255e-005
 9.733937e+002  6.561427e-005
 9.740125e+002  6.087394e-005
 9.746312e+002  6.506331e-005
 9.752500e+002  6.623921e-005
 9.758687e+002  6.227505e-005
 9.764875e+002  6.800098e-005
 9.771062e+002  6.986418e-005
 9.777250e+002  6.936734e-005
 9.783437e+002  7.298738e-005
 9.789625e+002  6.580097e-005
 9.795812e+002  6.797361e-005
 9.802000e+002  6.644096e-005
 9.808187e+002  6.567581e-005
 9.814375e+002  6.519961e-005
 9.820562e+002  6.281116e-005
 9.826750e+002  6.463607e-005
 9.832937e+002  6.395403e-005
 9.839125e+002  7.433596e-005
 9.845312e+002  6.509505e-005
 9.851500e+002  6.103354e-005
 9.857687e+002  6.518905e-005
 9.863875e+002  6.009377e-005
 9.870062e+002  5.769465e-005
 9.876250e+002  6.079641e-005
 9.882437e+002  6.839815e-005
 9.888625e+002  6.816231e-005
 9.894812e+002  6.475981e-005
 9.901000e+002  6.783123e-005
 9.907187e+002  7.121156e-005
 9.913375e+002  6.873902e-005
 9.919562e+002  7.103395e-005
 9.925750e+002  7.188621e-005
 9.931937e+002  6.718872e-005
 9.938125e+002  6.103239e-005
 9.944312e+002  7.076182e-005
 9.950500e+002  6.879869e-005
 9.956687e+002  6.409863e-005
 9.962875e+002  6.184939e-005
 9.969062e+002  6.401347e-005
 9.975250e+002  6.613427e-005
 9.981437e+002  6.633216e-005
 9.987625e+002  6.868943e-005
 9.993812e+002  5.920275e-005
 1.000000e+003  6.106631e-005
