 1.000000e+000  5.344131e-004
 1.247500e+000  4.844795e-004
 1.495000e+000  3.990603e-004
 1.742500e+000  3.967058e-004
 1.990000e+000  3.439336e-004
 2.237500e+000  3.288622e-004
 2.485000e+000  2.744487e-004
 2.732500e+000  2.867385e-004
 2.980000e+000  2.720975e-004
 3.227500e+000  2.844952e-004
 3.475000e+000  2.533401e-004
 3.722500e+000  2.325423e-004
 3.970000e+000  2.443499e-004
 4.217500e+000  2.452368e-004
 4.465000e+000  2.304233e-004
 4.712500e+000  2.105596e-004
 4.960000e+000  2.034862e-004
 5.207500e+000  1.911718e-004
 5.455000e+000  1.891365e-004
 5.702500e+000  2.021785e-004
 5.950000e+000  1.896179e-004
 6.197500e+000  1.908754e-004
 6.445000e+000  1.664490e-004
 6.692500e+000  1.788210e-004
 6.940000e+000  1.868782e-004
 7.187500e+000  1.943459e-004
 7.435000e+000  1.700527e-004
 7.682500e+000  1.525533e-004
 7.930000e+000  1.529789e-004
 8.177500e+000  1.566156e-004
 8.425000e+000  1.432581e-004
 8.672500e+000  1.583779e-004
 8.920000e+000  2.003581e-004
 9.167500e+000  1.837387e-004
 9.415000e+000  1.469212e-004
 9.662500e+000  1.564374e-004
 9.910000e+000  1.701777e-004
 1.015750e+001  1.710312e-004
 1.040500e+001  1.440455e-004
 1.065250e+001  1.432645e-004
 1.090000e+001  1.507897e-004
 1.114750e+001  1.480340e-004
 1.139500e+001  1.524583e-004
 1.164250e+001  1.656470e-004
 1.189000e+001  1.634310e-004
 1.213750e+001  1.409000e-004
 1.238500e+001  1.368008e-004
 1.263250e+001  1.545111e-004
 1.288000e+001  1.673810e-004
 1.312750e+001  1.433582e-004
 1.337500e+001  1.301992e-004
 1.362250e+001  1.367486e-004
 1.387000e+001  1.369822e-004
 1.411750e+001  1.372628e-004
 1.436500e+001  1.258383e-004
 1.461250e+001  1.177525e-004
 1.486000e+001  1.085428e-004
 1.510750e+001  1.154817e-004
 1.535500e+001  1.318394e-004
 1.560250e+001  1.328106e-004
 1.585000e+001  1.300947e-004
 1.609750e+001  1.198580e-004
 1.634500e+001  1.375261e-004
 1.659250e+001  1.385040e-004
 1.684000e+001  1.320347e-004
 1.708750e+001  1.312701e-004
 1.733500e+001  1.380945e-004
 1.758250e+001  1.406536e-004
 1.783000e+001  1.204839e-004
 1.807750e+001  1.094746e-004
 1.832500e+001  1.176979e-004
 1.857250e+001  1.363379e-004
 1.882000e+001  1.286933e-004
 1.906750e+001  1.131834e-004
 1.931500e+001  1.198838e-004
 1.956250e+001  1.271796e-004
 1.981000e+001  1.358968e-004
 2.005750e+001  1.295759e-004
 2.030500e+001  1.311827e-004
 2.055250e+001  1.324327e-004
 2.080000e+001  1.131282e-004
 2.104750e+001  1.042353e-004
 2.129500e+001  1.144601e-004
 2.154250e+001  1.104308e-004
 2.179000e+001  1.240418e-004
 2.203750e+001  1.199299e-004
 2.228500e+001  1.157459e-004
 2.253250e+001  1.329676e-004
 2.278000e+001  1.256979e-004
 2.302750e+001  1.152227e-004
 2.327500e+001  1.320319e-004
 2.352250e+001  1.410340e-004
 2.377000e+001  1.428426e-004
 2.401750e+001  1.154524e-004
 2.426500e+001  9.122926e-005
 2.451250e+001  1.012351e-004
 2.476000e+001  1.046959e-004
 2.500750e+001  1.178508e-004
 2.525500e+001  1.210754e-004
 2.550250e+001  1.321637e-004
 2.575000e+001  1.179320e-004
 2.599750e+001  1.202175e-004
 2.624500e+001  1.148873e-004
 2.649250e+001  1.104790e-004
 2.674000e+001  1.194822e-004
 2.698750e+001  1.147581e-004
 2.723500e+001  1.025834e-004
 2.748250e+001  1.010112e-004
 2.773000e+001  9.773107e-005
 2.797750e+001  1.084719e-004
 2.822500e+001  9.928420e-005
 2.847250e+001  1.040841e-004
 2.872000e+001  1.177018e-004
 2.896750e+001  1.220098e-004
 2.921500e+001  9.958623e-005
 2.946250e+001  9.919511e-005
 2.971000e+001  1.079015e-004
 2.995750e+001  1.104522e-004
 3.020500e+001  1.076113e-004
 3.045250e+001  1.032541e-004
 3.070000e+001  1.013827e-004
 3.094750e+001  9.602918e-005
 3.119500e+001  9.848415e-005
 3.144250e+001  1.042007e-004
 3.169000e+001  1.088126e-004
 3.193750e+001  1.059904e-004
 3.218500e+001  1.143007e-004
 3.243250e+001  1.186113e-004
 3.268000e+001  1.048236e-004
 3.292750e+001  9.864058e-005
 3.317500e+001  1.092302e-004
 3.342250e+001  1.224851e-004
 3.367000e+001  1.124439e-004
 3.391750e+001  9.470180e-005
 3.416500e+001  9.992876e-005
 3.441250e+001  1.074834e-004
 3.466000e+001  9.669469e-005
 3.490750e+001  9.838730e-005
 3.515500e+001  1.173258e-004
 3.540250e+001  1.026046e-004
 3.565000e+001  1.018149e-004
 3.589750e+001  9.524215e-005
 3.614500e+001  1.053560e-004
 3.639250e+001  1.125356e-004
 3.664000e+001  9.294449e-005
 3.688750e+001  7.496983e-005
 3.713500e+001  7.432247e-005
 3.738250e+001  9.051620e-005
 3.763000e+001  9.805232e-005
 3.787750e+001  9.388801e-005
 3.812500e+001  8.358049e-005
 3.837250e+001  9.523686e-005
 3.862000e+001  8.821930e-005
 3.886750e+001  8.002955e-005
 3.911500e+001  1.020438e-004
 3.936250e+001  1.110569e-004
 3.961000e+001  1.084802e-004
 3.985750e+001  1.016357e-004
 4.010500e+001  9.381032e-005
 4.035250e+001  9.508836e-005
 4.060000e+001  9.959902e-005
 4.084750e+001  9.607145e-005
 4.109500e+001  9.593600e-005
 4.134250e+001  9.695570e-005
 4.159000e+001  9.573460e-005
 4.183750e+001  1.092495e-004
 4.208500e+001  1.002343e-004
 4.233250e+001  8.639196e-005
 4.258000e+001  9.575927e-005
 4.282750e+001  9.028156e-005
 4.307500e+001  8.173508e-005
 4.332250e+001  9.802362e-005
 4.357000e+001  8.968290e-005
 4.381750e+001  7.711007e-005
 4.406500e+001  8.670815e-005
 4.431250e+001  9.700187e-005
 4.456000e+001  9.613763e-005
 4.480750e+001  1.025762e-004
 4.505500e+001  1.008678e-004
 4.530250e+001  8.188646e-005
 4.555000e+001  8.630143e-005
 4.579750e+001  9.320074e-005
 4.604500e+001  9.692809e-005
 4.629250e+001  1.018322e-004
 4.654000e+001  8.779627e-005
 4.678750e+001  8.658612e-005
 4.703500e+001  8.234029e-005
 4.728250e+001  9.419564e-005
 4.753000e+001  1.013942e-004
 4.777750e+001  9.197989e-005
 4.802500e+001  8.537182e-005
 4.827250e+001  9.277379e-005
 4.852000e+001  9.200406e-005
 4.876750e+001  8.304404e-005
 4.901500e+001  1.002194e-004
 4.926250e+001  9.813265e-005
 4.951000e+001  1.001092e-004
 4.975750e+001  2.312507e-003
 5.000500e+001  4.418512e-003
 5.025250e+001  2.119824e-003
 5.050000e+001  1.024720e-004
 5.074750e+001  8.662863e-005
 5.099500e+001  7.395089e-005
 5.124250e+001  8.341963e-005
 5.149000e+001  8.295231e-005
 5.173750e+001  9.264683e-005
 5.198500e+001  8.492722e-005
 5.223250e+001  7.195289e-005
 5.248000e+001  7.405611e-005
 5.272750e+001  8.830683e-005
 5.297500e+001  8.730387e-005
 5.322250e+001  7.932088e-005
 5.347000e+001  7.860080e-005
 5.371750e+001  9.792980e-005
 5.396500e+001  9.575515e-005
 5.421250e+001  1.068369e-004
 5.446000e+001  1.129094e-004
 5.470750e+001  9.942940e-005
 5.495500e+001  9.084011e-005
 5.520250e+001  9.536700e-005
 5.545000e+001  9.202679e-005
 5.569750e+001  8.702180e-005
 5.594500e+001  8.812732e-005
 5.619250e+001  1.011618e-004
 5.644000e+001  9.611350e-005
 5.668750e+001  9.514764e-005
 5.693500e+001  8.774868e-005
 5.718250e+001  9.771324e-005
 5.743000e+001  9.987218e-005
 5.767750e+001  1.190166e-004
 5.792500e+001  1.079499e-004
 5.817250e+001  8.931166e-005
 5.842000e+001  8.069005e-005
 5.866750e+001  8.881509e-005
 5.891500e+001  8.985580e-005
 5.916250e+001  9.019985e-005
 5.941000e+001  9.505200e-005
 5.965750e+001  9.601763e-005
 5.990500e+001  1.477551e-004
 6.015250e+001  1.366499e-004
 6.040000e+001  9.633419e-005
 6.064750e+001  9.095784e-005
 6.089500e+001  8.395825e-005
 6.114250e+001  8.345876e-005
 6.139000e+001  8.426799e-005
 6.163750e+001  9.719905e-005
 6.188500e+001  8.709515e-005
 6.213250e+001  9.081192e-005
 6.238000e+001  9.460679e-005
 6.262750e+001  1.168530e-004
 6.287500e+001  1.002578e-004
 6.312250e+001  1.025231e-004
 6.337000e+001  9.534381e-005
 6.361750e+001  8.429721e-005
 6.386500e+001  8.457688e-005
 6.411250e+001  9.012245e-005
 6.436000e+001  9.877445e-005
 6.460750e+001  8.688340e-005
 6.485500e+001  8.001222e-005
 6.510250e+001  7.181652e-005
 6.535000e+001  9.079786e-005
 6.559750e+001  1.009706e-004
 6.584500e+001  9.811134e-005
 6.609250e+001  8.772980e-005
 6.634000e+001  8.699368e-005
 6.658750e+001  9.077225e-005
 6.683500e+001  8.022086e-005
 6.708250e+001  8.727703e-005
 6.733000e+001  1.005834e-004
 6.757750e+001  1.079273e-004
 6.782500e+001  1.019262e-004
 6.807250e+001  8.552848e-005
 6.832000e+001  7.922141e-005
 6.856750e+001  8.657125e-005
 6.881500e+001  8.427743e-005
 6.906250e+001  9.156672e-005
 6.931000e+001  9.384247e-005
 6.955750e+001  9.461344e-005
 6.980500e+001  9.043624e-005
 7.005250e+001  7.760660e-005
 7.030000e+001  8.184013e-005
 7.054750e+001  9.560184e-005
 7.079500e+001  7.952521e-005
 7.104250e+001  7.907521e-005
 7.129000e+001  1.006051e-004
 7.153750e+001  1.077994e-004
 7.178500e+001  8.716219e-005
 7.203250e+001  8.425657e-005
 7.228000e+001  8.366661e-005
 7.252750e+001  8.143494e-005
 7.277500e+001  8.038738e-005
 7.302250e+001  8.460160e-005
 7.327000e+001  8.146435e-005
 7.351750e+001  8.676472e-005
 7.376500e+001  8.654020e-005
 7.401250e+001  8.621345e-005
 7.426000e+001  8.414569e-005
 7.450750e+001  7.693903e-005
 7.475500e+001  7.512777e-005
 7.500250e+001  7.324423e-005
 7.525000e+001  7.099720e-005
 7.549750e+001  7.861212e-005
 7.574500e+001  8.217722e-005
 7.599250e+001  8.628120e-005
 7.624000e+001  9.432116e-005
 7.648750e+001  1.033875e-004
 7.673500e+001  9.469641e-005
 7.698250e+001  8.836844e-005
 7.723000e+001  9.253224e-005
 7.747750e+001  8.241030e-005
 7.772500e+001  8.342959e-005
 7.797250e+001  8.595744e-005
 7.822000e+001  8.983343e-005
 7.846750e+001  9.332822e-005
 7.871500e+001  8.515354e-005
 7.896250e+001  7.252115e-005
 7.921000e+001  7.859271e-005
 7.945750e+001  8.982619e-005
 7.970500e+001  8.919269e-005
 7.995250e+001  8.573612e-005
 8.020000e+001  9.560631e-005
 8.044750e+001  9.507238e-005
 8.069500e+001  8.337510e-005
 8.094250e+001  8.065088e-005
 8.119000e+001  8.624833e-005
 8.143750e+001  8.879056e-005
 8.168500e+001  8.304358e-005
 8.193250e+001  8.597174e-005
 8.218000e+001  8.896975e-005
 8.242750e+001  8.724111e-005
 8.267500e+001  8.436984e-005
 8.292250e+001  7.948972e-005
 8.317000e+001  7.903293e-005
 8.341750e+001  8.165207e-005
 8.366500e+001  8.779718e-005
 8.391250e+001  8.173504e-005
 8.416000e+001  8.472137e-005
 8.440750e+001  9.158674e-005
 8.465500e+001  1.053070e-004
 8.490250e+001  8.522441e-005
 8.515000e+001  8.350332e-005
 8.539750e+001  8.747195e-005
 8.564500e+001  9.818162e-005
 8.589250e+001  9.569954e-005
 8.614000e+001  8.241749e-005
 8.638750e+001  8.503439e-005
 8.663500e+001  9.088933e-005
 8.688250e+001  8.485357e-005
 8.713000e+001  8.020611e-005
 8.737750e+001  8.349772e-005
 8.762500e+001  9.230367e-005
 8.787250e+001  1.022732e-004
 8.812000e+001  9.189673e-005
 8.836750e+001  8.472975e-005
 8.861500e+001  8.218819e-005
 8.886250e+001  9.163604e-005
 8.911000e+001  9.733894e-005
 8.935750e+001  8.523930e-005
 8.960500e+001  8.685659e-005
 8.985250e+001  8.421994e-005
 9.010000e+001  7.068409e-005
 9.034750e+001  7.494545e-005
 9.059500e+001  7.967229e-005
 9.084250e+001  9.075525e-005
 9.109000e+001  8.946285e-005
 9.133750e+001  8.469734e-005
 9.158500e+001  9.619357e-005
 9.183250e+001  8.868983e-005
 9.208000e+001  8.292586e-005
 9.232750e+001  8.386265e-005
 9.257500e+001  8.265677e-005
 9.282250e+001  7.550511e-005
 9.307000e+001  7.377024e-005
 9.331750e+001  7.330414e-005
 9.356500e+001  8.709584e-005
 9.381250e+001  8.708486e-005
 9.406000e+001  7.569047e-005
 9.430750e+001  8.558228e-005
 9.455500e+001  8.530930e-005
 9.480250e+001  8.065190e-005
 9.505000e+001  7.815816e-005
 9.529750e+001  7.464239e-005
 9.554500e+001  7.739413e-005
 9.579250e+001  9.293836e-005
 9.604000e+001  9.008240e-005
 9.628750e+001  9.271264e-005
 9.653500e+001  8.123303e-005
 9.678250e+001  8.189626e-005
 9.703000e+001  7.821159e-005
 9.727750e+001  8.834116e-005
 9.752500e+001  8.662366e-005
 9.777250e+001  8.141234e-005
 9.802000e+001  7.114320e-005
 9.826750e+001  7.095998e-005
 9.851500e+001  9.542641e-005
 9.876250e+001  9.509516e-005
 9.901000e+001  8.282808e-005
 9.925750e+001  7.249774e-005
 9.950500e+001  8.790423e-005
 9.975250e+001  1.139767e-004
 1.000000e+002  1.604253e-004
