 1.000000e+000  1.560590e-003
 1.247500e+000  1.304167e-003
 1.495000e+000  1.133778e-003
 1.742500e+000  9.403707e-004
 1.990000e+000  8.957390e-004
 2.237500e+000  8.932084e-004
 2.485000e+000  7.531549e-004
 2.732500e+000  6.553036e-004
 2.980000e+000  5.162117e-004
 3.227500e+000  4.926821e-004
 3.475000e+000  4.903014e-004
 3.722500e+000  5.093418e-004
 3.970000e+000  4.726152e-004
 4.217500e+000  4.263664e-004
 4.465000e+000  4.150366e-004
 4.712500e+000  4.300286e-004
 4.960000e+000  3.954589e-004
 5.207500e+000  4.037243e-004
 5.455000e+000  3.878567e-004
 5.702500e+000  3.529054e-004
 5.950000e+000  3.540100e-004
 6.197500e+000  3.249328e-004
 6.445000e+000  3.249878e-004
 6.692500e+000  2.877337e-004
 6.940000e+000  2.623576e-004
 7.187500e+000  2.951527e-004
 7.435000e+000  2.965862e-004
 7.682500e+000  2.801970e-004
 7.930000e+000  3.281667e-004
 8.177500e+000  3.070858e-004
 8.425000e+000  2.779936e-004
 8.672500e+000  3.043948e-004
 8.920000e+000  3.011466e-004
 9.167500e+000  2.691320e-004
 9.415000e+000  2.508826e-004
 9.662500e+000  2.462994e-004
 9.910000e+000  2.575744e-004
 1.015750e+001  2.575295e-004
 1.040500e+001  2.380031e-004
 1.065250e+001  2.426955e-004
 1.090000e+001  2.591055e-004
 1.114750e+001  2.085192e-004
 1.139500e+001  2.233131e-004
 1.164250e+001  2.674072e-004
 1.189000e+001  2.450542e-004
 1.213750e+001  2.237634e-004
 1.238500e+001  2.254043e-004
 1.263250e+001  2.655717e-004
 1.288000e+001  2.581244e-004
 1.312750e+001  2.596255e-004
 1.337500e+001  2.326894e-004
 1.362250e+001  1.920544e-004
 1.387000e+001  1.859975e-004
 1.411750e+001  2.109927e-004
 1.436500e+001  2.178175e-004
 1.461250e+001  2.326946e-004
 1.486000e+001  1.910478e-004
 1.510750e+001  2.147534e-004
 1.535500e+001  2.199508e-004
 1.560250e+001  2.221069e-004
 1.585000e+001  2.185272e-004
 1.609750e+001  1.876274e-004
 1.634500e+001  1.822198e-004
 1.659250e+001  1.971090e-004
 1.684000e+001  1.987631e-004
 1.708750e+001  2.136200e-004
 1.733500e+001  2.156392e-004
 1.758250e+001  1.967283e-004
 1.783000e+001  1.733980e-004
 1.807750e+001  1.678698e-004
 1.832500e+001  1.967604e-004
 1.857250e+001  1.896081e-004
 1.882000e+001  1.789718e-004
 1.906750e+001  1.785434e-004
 1.931500e+001  1.857686e-004
 1.956250e+001  1.695878e-004
 1.981000e+001  1.737823e-004
 2.005750e+001  1.653767e-004
 2.030500e+001  1.781326e-004
 2.055250e+001  1.770768e-004
 2.080000e+001  1.718662e-004
 2.104750e+001  1.438702e-004
 2.129500e+001  1.706224e-004
 2.154250e+001  2.016777e-004
 2.179000e+001  1.944457e-004
 2.203750e+001  1.716652e-004
 2.228500e+001  1.815170e-004
 2.253250e+001  1.785158e-004
 2.278000e+001  1.846362e-004
 2.302750e+001  1.822669e-004
 2.327500e+001  1.914713e-004
 2.352250e+001  1.715706e-004
 2.377000e+001  1.485996e-004
 2.401750e+001  1.765571e-004
 2.426500e+001  1.833201e-004
 2.451250e+001  1.695313e-004
 2.476000e+001  1.848019e-004
 2.500750e+001  1.610542e-004
 2.525500e+001  1.731853e-004
 2.550250e+001  1.725974e-004
 2.575000e+001  1.648852e-004
 2.599750e+001  1.569694e-004
 2.624500e+001  1.583145e-004
 2.649250e+001  1.459267e-004
 2.674000e+001  1.496126e-004
 2.698750e+001  1.669209e-004
 2.723500e+001  1.850267e-004
 2.748250e+001  1.821805e-004
 2.773000e+001  1.701822e-004
 2.797750e+001  1.490948e-004
 2.822500e+001  1.557636e-004
 2.847250e+001  1.616809e-004
 2.872000e+001  1.423044e-004
 2.896750e+001  1.312987e-004
 2.921500e+001  1.328498e-004
 2.946250e+001  1.357052e-004
 2.971000e+001  1.356840e-004
 2.995750e+001  1.337734e-004
 3.020500e+001  1.306295e-004
 3.045250e+001  1.463212e-004
 3.070000e+001  1.456547e-004
 3.094750e+001  1.498099e-004
 3.119500e+001  1.664758e-004
 3.144250e+001  1.467191e-004
 3.169000e+001  1.548154e-004
 3.193750e+001  1.334167e-004
 3.218500e+001  1.304758e-004
 3.243250e+001  1.535972e-004
 3.268000e+001  1.570843e-004
 3.292750e+001  1.396634e-004
 3.317500e+001  1.428857e-004
 3.342250e+001  1.358817e-004
 3.367000e+001  1.108579e-004
 3.391750e+001  1.408346e-004
 3.416500e+001  1.491101e-004
 3.441250e+001  1.342619e-004
 3.466000e+001  1.493675e-004
 3.490750e+001  1.458591e-004
 3.515500e+001  1.309677e-004
 3.540250e+001  1.264690e-004
 3.565000e+001  1.228208e-004
 3.589750e+001  1.225243e-004
 3.614500e+001  1.306070e-004
 3.639250e+001  1.429807e-004
 3.664000e+001  1.433733e-004
 3.688750e+001  1.408069e-004
 3.713500e+001  1.247700e-004
 3.738250e+001  1.283687e-004
 3.763000e+001  1.566314e-004
 3.787750e+001  1.433216e-004
 3.812500e+001  1.294310e-004
 3.837250e+001  1.209157e-004
 3.862000e+001  1.213073e-004
 3.886750e+001  1.442071e-004
 3.911500e+001  1.515237e-004
 3.936250e+001  1.786627e-004
 3.961000e+001  1.331056e-004
 3.985750e+001  1.370229e-004
 4.010500e+001  1.336681e-004
 4.035250e+001  1.279113e-004
 4.060000e+001  1.346859e-004
 4.084750e+001  1.366975e-004
 4.109500e+001  1.296772e-004
 4.134250e+001  1.702394e-004
 4.159000e+001  1.532026e-004
 4.183750e+001  1.410409e-004
 4.208500e+001  1.151302e-004
 4.233250e+001  1.107243e-004
 4.258000e+001  1.217823e-004
 4.282750e+001  1.246113e-004
 4.307500e+001  1.193546e-004
 4.332250e+001  1.191840e-004
 4.357000e+001  1.131548e-004
 4.381750e+001  1.175897e-004
 4.406500e+001  1.302980e-004
 4.431250e+001  1.173247e-004
 4.456000e+001  1.222339e-004
 4.480750e+001  1.166537e-004
 4.505500e+001  1.122414e-004
 4.530250e+001  1.339624e-004
 4.555000e+001  1.309090e-004
 4.579750e+001  1.343624e-004
 4.604500e+001  1.261598e-004
 4.629250e+001  1.093898e-004
 4.654000e+001  8.971608e-005
 4.678750e+001  9.072281e-005
 4.703500e+001  1.030359e-004
 4.728250e+001  1.171781e-004
 4.753000e+001  1.248211e-004
 4.777750e+001  1.187531e-004
 4.802500e+001  1.106650e-004
 4.827250e+001  1.031330e-004
 4.852000e+001  8.751758e-005
 4.876750e+001  1.192376e-004
 4.901500e+001  1.317405e-004
 4.926250e+001  1.389366e-004
 4.951000e+001  2.174087e-004
 4.975750e+001  9.741117e-003
 5.000500e+001  1.800138e-002
 5.025250e+001  8.315622e-003
 5.050000e+001  1.832427e-004
 5.074750e+001  1.100254e-004
 5.099500e+001  1.035419e-004
 5.124250e+001  1.050974e-004
 5.149000e+001  1.080567e-004
 5.173750e+001  1.025533e-004
 5.198500e+001  1.146231e-004
 5.223250e+001  1.233942e-004
 5.248000e+001  1.182564e-004
 5.272750e+001  1.096730e-004
 5.297500e+001  1.081170e-004
 5.322250e+001  1.099453e-004
 5.347000e+001  1.160457e-004
 5.371750e+001  1.073024e-004
 5.396500e+001  1.045627e-004
 5.421250e+001  1.050973e-004
 5.446000e+001  9.113195e-005
 5.470750e+001  9.935747e-005
 5.495500e+001  1.062076e-004
 5.520250e+001  1.019798e-004
 5.545000e+001  8.523542e-005
 5.569750e+001  8.871515e-005
 5.594500e+001  9.465964e-005
 5.619250e+001  9.377549e-005
 5.644000e+001  9.643711e-005
 5.668750e+001  1.032569e-004
 5.693500e+001  9.990769e-005
 5.718250e+001  9.264998e-005
 5.743000e+001  9.029181e-005
 5.767750e+001  1.054218e-004
 5.792500e+001  9.867790e-005
 5.817250e+001  9.101453e-005
 5.842000e+001  8.997181e-005
 5.866750e+001  8.128884e-005
 5.891500e+001  8.708638e-005
 5.916250e+001  7.939978e-005
 5.941000e+001  8.123495e-005
 5.965750e+001  9.470094e-005
 5.990500e+001  9.093154e-005
 6.015250e+001  9.754951e-005
 6.040000e+001  9.647411e-005
 6.064750e+001  9.558369e-005
 6.089500e+001  9.319607e-005
 6.114250e+001  8.925734e-005
 6.139000e+001  8.761389e-005
 6.163750e+001  8.714414e-005
 6.188500e+001  8.920511e-005
 6.213250e+001  8.706346e-005
 6.238000e+001  8.185849e-005
 6.262750e+001  8.883233e-005
 6.287500e+001  7.666560e-005
 6.312250e+001  8.400926e-005
 6.337000e+001  8.811270e-005
 6.361750e+001  7.425385e-005
 6.386500e+001  8.257749e-005
 6.411250e+001  8.072915e-005
 6.436000e+001  8.841512e-005
 6.460750e+001  9.207258e-005
 6.485500e+001  8.554405e-005
 6.510250e+001  8.560606e-005
 6.535000e+001  8.797589e-005
 6.559750e+001  8.192332e-005
 6.584500e+001  8.023174e-005
 6.609250e+001  7.040808e-005
 6.634000e+001  7.908501e-005
 6.658750e+001  8.198212e-005
 6.683500e+001  8.840822e-005
 6.708250e+001  8.572157e-005
 6.733000e+001  8.503554e-005
 6.757750e+001  8.237286e-005
 6.782500e+001  7.960975e-005
 6.807250e+001  8.287075e-005
 6.832000e+001  7.527973e-005
 6.856750e+001  7.912779e-005
 6.881500e+001  8.603769e-005
 6.906250e+001  9.270492e-005
 6.931000e+001  9.807069e-005
 6.955750e+001  9.305333e-005
 6.980500e+001  9.404368e-005
 7.005250e+001  8.515434e-005
 7.030000e+001  8.533816e-005
 7.054750e+001  7.795909e-005
 7.079500e+001  8.489428e-005
 7.104250e+001  7.550564e-005
 7.129000e+001  7.517983e-005
 7.153750e+001  7.160173e-005
 7.178500e+001  7.372606e-005
 7.203250e+001  7.380883e-005
 7.228000e+001  6.611349e-005
 7.252750e+001  7.913231e-005
 7.277500e+001  8.743033e-005
 7.302250e+001  7.631522e-005
 7.327000e+001  8.165866e-005
 7.351750e+001  8.993276e-005
 7.376500e+001  8.015108e-005
 7.401250e+001  7.175626e-005
 7.426000e+001  7.744432e-005
 7.450750e+001  7.796833e-005
 7.475500e+001  7.080394e-005
 7.500250e+001  6.957530e-005
 7.525000e+001  7.347877e-005
 7.549750e+001  6.946112e-005
 7.574500e+001  8.097887e-005
 7.599250e+001  8.624856e-005
 7.624000e+001  7.442372e-005
 7.648750e+001  8.670284e-005
 7.673500e+001  8.710128e-005
 7.698250e+001  8.009204e-005
 7.723000e+001  7.196417e-005
 7.747750e+001  7.229412e-005
 7.772500e+001  6.454523e-005
 7.797250e+001  7.281147e-005
 7.822000e+001  8.049666e-005
 7.846750e+001  8.706085e-005
 7.871500e+001  9.862118e-005
 7.896250e+001  8.663247e-005
 7.921000e+001  6.390086e-005
 7.945750e+001  5.767350e-005
 7.970500e+001  6.737566e-005
 7.995250e+001  7.238794e-005
 8.020000e+001  7.670065e-005
 8.044750e+001  6.837014e-005
 8.069500e+001  6.947431e-005
 8.094250e+001  7.150950e-005
 8.119000e+001  7.399593e-005
 8.143750e+001  6.977196e-005
 8.168500e+001  6.421665e-005
 8.193250e+001  7.095466e-005
 8.218000e+001  6.462440e-005
 8.242750e+001  6.781466e-005
 8.267500e+001  6.892395e-005
 8.292250e+001  7.078933e-005
 8.317000e+001  7.786329e-005
 8.341750e+001  6.524132e-005
 8.366500e+001  6.746820e-005
 8.391250e+001  6.614441e-005
 8.416000e+001  7.021641e-005
 8.440750e+001  7.872504e-005
 8.465500e+001  8.333559e-005
 8.490250e+001  7.030579e-005
 8.515000e+001  6.899576e-005
 8.539750e+001  7.349305e-005
 8.564500e+001  7.022225e-005
 8.589250e+001  6.487891e-005
 8.614000e+001  6.181146e-005
 8.638750e+001  6.264768e-005
 8.663500e+001  5.942148e-005
 8.688250e+001  5.963450e-005
 8.713000e+001  6.580143e-005
 8.737750e+001  7.020113e-005
 8.762500e+001  7.309452e-005
 8.787250e+001  6.889137e-005
 8.812000e+001  6.332203e-005
 8.836750e+001  5.411209e-005
 8.861500e+001  5.577745e-005
 8.886250e+001  6.821889e-005
 8.911000e+001  7.345691e-005
 8.935750e+001  6.702463e-005
 8.960500e+001  6.146791e-005
 8.985250e+001  6.111420e-005
 9.010000e+001  6.347365e-005
 9.034750e+001  6.766719e-005
 9.059500e+001  6.020655e-005
 9.084250e+001  6.270898e-005
 9.109000e+001  6.564095e-005
 9.133750e+001  5.633647e-005
 9.158500e+001  5.642639e-005
 9.183250e+001  6.483519e-005
 9.208000e+001  5.824757e-005
 9.232750e+001  5.943877e-005
 9.257500e+001  6.508335e-005
 9.282250e+001  6.531414e-005
 9.307000e+001  6.048456e-005
 9.331750e+001  6.282438e-005
 9.356500e+001  6.011169e-005
 9.381250e+001  6.590621e-005
 9.406000e+001  6.273525e-005
 9.430750e+001  5.968381e-005
 9.455500e+001  6.125598e-005
 9.480250e+001  5.800474e-005
 9.505000e+001  6.255368e-005
 9.529750e+001  6.528618e-005
 9.554500e+001  6.141463e-005
 9.579250e+001  5.671244e-005
 9.604000e+001  5.375787e-005
 9.628750e+001  4.962852e-005
 9.653500e+001  5.862524e-005
 9.678250e+001  6.187790e-005
 9.703000e+001  6.153791e-005
 9.727750e+001  6.525630e-005
 9.752500e+001  7.026277e-005
 9.777250e+001  6.117905e-005
 9.802000e+001  5.461612e-005
 9.826750e+001  5.475781e-005
 9.851500e+001  5.958685e-005
 9.876250e+001  6.056183e-005
 9.901000e+001  5.528440e-005
 9.925750e+001  5.543279e-005
 9.950500e+001  6.127567e-005
 9.975250e+001  5.444835e-004
 1.000000e+002  1.000672e-003
