 1.000000e+000  1.885423e-003
 1.247500e+000  1.645073e-003
 1.495000e+000  1.439182e-003
 1.742500e+000  1.308794e-003
 1.990000e+000  1.148494e-003
 2.237500e+000  1.151013e-003
 2.485000e+000  1.087037e-003
 2.732500e+000  8.436345e-004
 2.980000e+000  1.044697e-003
 3.227500e+000  9.482177e-004
 3.475000e+000  8.105224e-004
 3.722500e+000  7.925622e-004
 3.970000e+000  7.590892e-004
 4.217500e+000  7.509411e-004
 4.465000e+000  7.361153e-004
 4.712500e+000  6.773571e-004
 4.960000e+000  6.116303e-004
 5.207500e+000  5.724334e-004
 5.455000e+000  6.707675e-004
 5.702500e+000  6.159372e-004
 5.950000e+000  6.031036e-004
 6.197500e+000  6.719976e-004
 6.445000e+000  6.085544e-004
 6.692500e+000  5.490839e-004
 6.940000e+000  5.834679e-004
 7.187500e+000  5.886224e-004
 7.435000e+000  6.494873e-004
 7.682500e+000  5.834403e-004
 7.930000e+000  5.874484e-004
 8.177500e+000  5.587308e-004
 8.425000e+000  5.326281e-004
 8.672500e+000  5.041718e-004
 8.920000e+000  5.501839e-004
 9.167500e+000  5.053646e-004
 9.415000e+000  5.890719e-004
 9.662500e+000  6.027611e-004
 9.910000e+000  5.211726e-004
 1.015750e+001  4.447351e-004
 1.040500e+001  4.852546e-004
 1.065250e+001  4.816501e-004
 1.090000e+001  4.530199e-004
 1.114750e+001  4.546442e-004
 1.139500e+001  4.699145e-004
 1.164250e+001  4.501126e-004
 1.189000e+001  4.014070e-004
 1.213750e+001  4.638246e-004
 1.238500e+001  4.756571e-004
 1.263250e+001  4.215498e-004
 1.288000e+001  4.112818e-004
 1.312750e+001  4.158905e-004
 1.337500e+001  3.751237e-004
 1.362250e+001  3.869586e-004
 1.387000e+001  3.674024e-004
 1.411750e+001  4.030514e-004
 1.436500e+001  3.644488e-004
 1.461250e+001  3.808832e-004
 1.486000e+001  4.306858e-004
 1.510750e+001  4.267378e-004
 1.535500e+001  4.260003e-004
 1.560250e+001  4.294806e-004
 1.585000e+001  3.849699e-004
 1.609750e+001  4.040321e-004
 1.634500e+001  3.877322e-004
 1.659250e+001  4.154994e-004
 1.684000e+001  3.968048e-004
 1.708750e+001  3.970604e-004
 1.733500e+001  4.453314e-004
 1.758250e+001  4.041078e-004
 1.783000e+001  4.225600e-004
 1.807750e+001  3.975242e-004
 1.832500e+001  2.920553e-004
 1.857250e+001  3.111246e-004
 1.882000e+001  3.145345e-004
 1.906750e+001  3.371387e-004
 1.931500e+001  3.346903e-004
 1.956250e+001  3.996636e-004
 1.981000e+001  4.063015e-004
 2.005750e+001  3.993610e-004
 2.030500e+001  3.800988e-004
 2.055250e+001  3.582473e-004
 2.080000e+001  3.434268e-004
 2.104750e+001  3.410792e-004
 2.129500e+001  3.619607e-004
 2.154250e+001  3.852553e-004
 2.179000e+001  3.702557e-004
 2.203750e+001  4.027437e-004
 2.228500e+001  3.551043e-004
 2.253250e+001  3.162650e-004
 2.278000e+001  3.593437e-004
 2.302750e+001  3.638234e-004
 2.327500e+001  3.594880e-004
 2.352250e+001  3.282577e-004
 2.377000e+001  3.390091e-004
 2.401750e+001  3.515659e-004
 2.426500e+001  3.206401e-004
 2.451250e+001  3.589780e-004
 2.476000e+001  3.765035e-004
 2.500750e+001  3.696644e-004
 2.525500e+001  3.273955e-004
 2.550250e+001  3.359485e-004
 2.575000e+001  3.156784e-004
 2.599750e+001  3.173504e-004
 2.624500e+001  2.868576e-004
 2.649250e+001  2.903095e-004
 2.674000e+001  2.645356e-004
 2.698750e+001  2.689471e-004
 2.723500e+001  2.901211e-004
 2.748250e+001  3.280632e-004
 2.773000e+001  3.761734e-004
 2.797750e+001  3.798872e-004
 2.822500e+001  2.859937e-004
 2.847250e+001  2.918098e-004
 2.872000e+001  3.068713e-004
 2.896750e+001  3.436313e-004
 2.921500e+001  3.860907e-004
 2.946250e+001  3.091254e-004
 2.971000e+001  2.973196e-004
 2.995750e+001  3.537408e-004
 3.020500e+001  3.179005e-004
 3.045250e+001  2.611214e-004
 3.070000e+001  2.972908e-004
 3.094750e+001  3.226907e-004
 3.119500e+001  3.470967e-004
 3.144250e+001  3.570617e-004
 3.169000e+001  3.080763e-004
 3.193750e+001  3.564437e-004
 3.218500e+001  3.754792e-004
 3.243250e+001  3.171635e-004
 3.268000e+001  2.945675e-004
 3.292750e+001  3.179994e-004
 3.317500e+001  3.312115e-004
 3.342250e+001  3.169067e-004
 3.367000e+001  2.791666e-004
 3.391750e+001  2.894940e-004
 3.416500e+001  3.056652e-004
 3.441250e+001  3.267608e-004
 3.466000e+001  3.093099e-004
 3.490750e+001  3.410976e-004
 3.515500e+001  3.636428e-004
 3.540250e+001  3.083661e-004
 3.565000e+001  2.275087e-004
 3.589750e+001  2.462410e-004
 3.614500e+001  2.852858e-004
 3.639250e+001  2.901236e-004
 3.664000e+001  3.284238e-004
 3.688750e+001  3.684898e-004
 3.713500e+001  3.355142e-004
 3.738250e+001  2.966600e-004
 3.763000e+001  3.332114e-004
 3.787750e+001  3.153076e-004
 3.812500e+001  2.666663e-004
 3.837250e+001  2.435474e-004
 3.862000e+001  2.532090e-004
 3.886750e+001  2.667500e-004
 3.911500e+001  2.965924e-004
 3.936250e+001  3.185973e-004
 3.961000e+001  2.926436e-004
 3.985750e+001  2.796384e-004
 4.010500e+001  3.121036e-004
 4.035250e+001  2.865095e-004
 4.060000e+001  2.778207e-004
 4.084750e+001  2.668139e-004
 4.109500e+001  3.042236e-004
 4.134250e+001  3.370749e-004
 4.159000e+001  2.834354e-004
 4.183750e+001  2.917279e-004
 4.208500e+001  2.536906e-004
 4.233250e+001  2.466995e-004
 4.258000e+001  2.572799e-004
 4.282750e+001  2.499506e-004
 4.307500e+001  2.568309e-004
 4.332250e+001  2.773989e-004
 4.357000e+001  2.512155e-004
 4.381750e+001  2.478217e-004
 4.406500e+001  2.472647e-004
 4.431250e+001  2.543737e-004
 4.456000e+001  2.312791e-004
 4.480750e+001  2.604597e-004
 4.505500e+001  2.432086e-004
 4.530250e+001  2.493826e-004
 4.555000e+001  2.896807e-004
 4.579750e+001  2.613550e-004
 4.604500e+001  2.549309e-004
 4.629250e+001  2.715749e-004
 4.654000e+001  2.435284e-004
 4.678750e+001  2.593585e-004
 4.703500e+001  2.430695e-004
 4.728250e+001  2.579600e-004
 4.753000e+001  2.752593e-004
 4.777750e+001  2.729270e-004
 4.802500e+001  2.576665e-004
 4.827250e+001  2.651222e-004
 4.852000e+001  2.699932e-004
 4.876750e+001  2.537458e-004
 4.901500e+001  2.666039e-004
 4.926250e+001  3.269061e-004
 4.951000e+001  1.136472e-003
 4.975750e+001  2.321183e-002
 5.000500e+001  3.807252e-002
 5.025250e+001  1.540284e-002
 5.050000e+001  7.467528e-004
 5.074750e+001  3.288079e-004
 5.099500e+001  2.702558e-004
 5.124250e+001  2.750657e-004
 5.149000e+001  2.710980e-004
 5.173750e+001  2.482481e-004
 5.198500e+001  2.286979e-004
 5.223250e+001  2.483993e-004
 5.248000e+001  2.552589e-004
 5.272750e+001  2.533841e-004
 5.297500e+001  2.326467e-004
 5.322250e+001  2.368302e-004
 5.347000e+001  2.435080e-004
 5.371750e+001  2.618033e-004
 5.396500e+001  2.568569e-004
 5.421250e+001  2.471954e-004
 5.446000e+001  2.408576e-004
 5.470750e+001  2.673571e-004
 5.495500e+001  2.234463e-004
 5.520250e+001  1.925263e-004
 5.545000e+001  2.088904e-004
 5.569750e+001  2.345320e-004
 5.594500e+001  2.510122e-004
 5.619250e+001  2.450336e-004
 5.644000e+001  2.289126e-004
 5.668750e+001  2.164873e-004
 5.693500e+001  2.122704e-004
 5.718250e+001  2.520966e-004
 5.743000e+001  2.550390e-004
 5.767750e+001  2.373256e-004
 5.792500e+001  2.537725e-004
 5.817250e+001  2.524516e-004
 5.842000e+001  2.404019e-004
 5.866750e+001  2.282257e-004
 5.891500e+001  2.219559e-004
 5.916250e+001  2.561121e-004
 5.941000e+001  2.469603e-004
 5.965750e+001  2.947393e-004
 5.990500e+001  2.773751e-004
 6.015250e+001  2.277096e-004
 6.040000e+001  2.385239e-004
 6.064750e+001  2.454138e-004
 6.089500e+001  2.427514e-004
 6.114250e+001  2.232244e-004
 6.139000e+001  2.238288e-004
 6.163750e+001  2.031476e-004
 6.188500e+001  2.287995e-004
 6.213250e+001  2.312954e-004
 6.238000e+001  2.455724e-004
 6.262750e+001  2.303287e-004
 6.287500e+001  2.138755e-004
 6.312250e+001  2.288696e-004
 6.337000e+001  2.165319e-004
 6.361750e+001  1.904622e-004
 6.386500e+001  2.095522e-004
 6.411250e+001  2.292850e-004
 6.436000e+001  2.120353e-004
 6.460750e+001  2.255219e-004
 6.485500e+001  2.022041e-004
 6.510250e+001  2.267812e-004
 6.535000e+001  1.965820e-004
 6.559750e+001  2.085829e-004
 6.584500e+001  2.527596e-004
 6.609250e+001  2.387397e-004
 6.634000e+001  2.135663e-004
 6.658750e+001  2.081925e-004
 6.683500e+001  2.198693e-004
 6.708250e+001  2.083242e-004
 6.733000e+001  2.420763e-004
 6.757750e+001  2.509063e-004
 6.782500e+001  2.536499e-004
 6.807250e+001  2.160760e-004
 6.832000e+001  2.136028e-004
 6.856750e+001  1.998636e-004
 6.881500e+001  1.805210e-004
 6.906250e+001  2.064573e-004
 6.931000e+001  2.106446e-004
 6.955750e+001  2.039462e-004
 6.980500e+001  2.133028e-004
 7.005250e+001  2.225906e-004
 7.030000e+001  2.230968e-004
 7.054750e+001  2.210733e-004
 7.079500e+001  2.299419e-004
 7.104250e+001  2.032747e-004
 7.129000e+001  1.888100e-004
 7.153750e+001  1.807699e-004
 7.178500e+001  2.047643e-004
 7.203250e+001  2.034558e-004
 7.228000e+001  1.984522e-004
 7.252750e+001  2.091155e-004
 7.277500e+001  2.148441e-004
 7.302250e+001  2.318129e-004
 7.327000e+001  2.218768e-004
 7.351750e+001  2.150777e-004
 7.376500e+001  2.341704e-004
 7.401250e+001  2.118801e-004
 7.426000e+001  1.950544e-004
 7.450750e+001  1.896848e-004
 7.475500e+001  1.956182e-004
 7.500250e+001  2.065158e-004
 7.525000e+001  1.941438e-004
 7.549750e+001  2.074524e-004
 7.574500e+001  2.070348e-004
 7.599250e+001  2.077461e-004
 7.624000e+001  1.927696e-004
 7.648750e+001  1.837368e-004
 7.673500e+001  2.016863e-004
 7.698250e+001  1.752501e-004
 7.723000e+001  1.967245e-004
 7.747750e+001  2.225059e-004
 7.772500e+001  2.280518e-004
 7.797250e+001  2.310865e-004
 7.822000e+001  2.048730e-004
 7.846750e+001  2.328379e-004
 7.871500e+001  2.885330e-004
 7.896250e+001  3.085264e-004
 7.921000e+001  2.524153e-004
 7.945750e+001  1.828621e-004
 7.970500e+001  1.851333e-004
 7.995250e+001  2.045966e-004
 8.020000e+001  1.945741e-004
 8.044750e+001  1.956426e-004
 8.069500e+001  2.171632e-004
 8.094250e+001  2.020140e-004
 8.119000e+001  1.987751e-004
 8.143750e+001  2.106956e-004
 8.168500e+001  1.976117e-004
 8.193250e+001  1.853802e-004
 8.218000e+001  1.768176e-004
 8.242750e+001  1.878094e-004
 8.267500e+001  2.022121e-004
 8.292250e+001  2.090200e-004
 8.317000e+001  1.932034e-004
 8.341750e+001  1.886288e-004
 8.366500e+001  1.977325e-004
 8.391250e+001  1.890694e-004
 8.416000e+001  1.975017e-004
 8.440750e+001  2.071432e-004
 8.465500e+001  1.633007e-004
 8.490250e+001  1.890852e-004
 8.515000e+001  2.189740e-004
 8.539750e+001  1.966671e-004
 8.564500e+001  1.981382e-004
 8.589250e+001  1.852203e-004
 8.614000e+001  1.796490e-004
 8.638750e+001  1.950945e-004
 8.663500e+001  2.124389e-004
 8.688250e+001  2.418841e-004
 8.713000e+001  2.287236e-004
 8.737750e+001  1.927138e-004
 8.762500e+001  1.697405e-004
 8.787250e+001  1.622960e-004
 8.812000e+001  1.853820e-004
 8.836750e+001  1.937332e-004
 8.861500e+001  1.850882e-004
 8.886250e+001  1.782825e-004
 8.911000e+001  1.919117e-004
 8.935750e+001  1.801849e-004
 8.960500e+001  1.986350e-004
 8.985250e+001  2.081302e-004
 9.010000e+001  1.959386e-004
 9.034750e+001  1.658890e-004
 9.059500e+001  1.759157e-004
 9.084250e+001  1.973530e-004
 9.109000e+001  1.683226e-004
 9.133750e+001  1.735781e-004
 9.158500e+001  1.942135e-004
 9.183250e+001  1.976058e-004
 9.208000e+001  2.129303e-004
 9.232750e+001  1.972690e-004
 9.257500e+001  1.849945e-004
 9.282250e+001  1.921397e-004
 9.307000e+001  2.046456e-004
 9.331750e+001  1.988551e-004
 9.356500e+001  1.644663e-004
 9.381250e+001  1.708058e-004
 9.406000e+001  1.678270e-004
 9.430750e+001  1.818582e-004
 9.455500e+001  1.873701e-004
 9.480250e+001  1.914023e-004
 9.505000e+001  1.731483e-004
 9.529750e+001  1.942936e-004
 9.554500e+001  1.701394e-004
 9.579250e+001  1.590521e-004
 9.604000e+001  1.689496e-004
 9.628750e+001  2.155522e-004
 9.653500e+001  2.057070e-004
 9.678250e+001  1.860626e-004
 9.703000e+001  1.774970e-004
 9.727750e+001  1.832454e-004
 9.752500e+001  1.935421e-004
 9.777250e+001  1.791795e-004
 9.802000e+001  1.754439e-004
 9.826750e+001  1.678983e-004
 9.851500e+001  1.714973e-004
 9.876250e+001  1.768904e-004
 9.901000e+001  2.136536e-004
 9.925750e+001  1.920583e-004
 9.950500e+001  2.007221e-004
 9.975250e+001  8.985071e-004
 1.000000e+002  1.290660e-003
