 1.000000e+001  2.074513e-004
 1.061875e+001  1.865805e-004
 1.123750e+001  2.057351e-004
 1.185625e+001  2.050487e-004
 1.247500e+001  1.960301e-004
 1.309375e+001  1.761885e-004
 1.371250e+001  1.833824e-004
 1.433125e+001  1.713058e-004
 1.495000e+001  1.573798e-004
 1.556875e+001  1.573648e-004
 1.618750e+001  1.565680e-004
 1.680625e+001  1.550131e-004
 1.742500e+001  1.444848e-004
 1.804375e+001  1.643555e-004
 1.866250e+001  1.644302e-004
 1.928125e+001  1.524746e-004
 1.990000e+001  1.452001e-004
 2.051875e+001  1.551626e-004
 2.113750e+001  1.570242e-004
 2.175625e+001  1.574789e-004
 2.237500e+001  1.546870e-004
 2.299375e+001  1.486474e-004
 2.361250e+001  1.498923e-004
 2.423125e+001  1.530449e-004
 2.485000e+001  1.389383e-004
 2.546875e+001  1.399982e-004
 2.608750e+001  1.362017e-004
 2.670625e+001  1.272251e-004
 2.732500e+001  1.299426e-004
 2.794375e+001  1.293302e-004
 2.856250e+001  1.266643e-004
 2.918125e+001  1.372351e-004
 2.980000e+001  1.285204e-004
 3.041875e+001  1.376907e-004
 3.103750e+001  1.418292e-004
 3.165625e+001  1.208142e-004
 3.227500e+001  1.311925e-004
 3.289375e+001  1.250768e-004
 3.351250e+001  1.210488e-004
 3.413125e+001  1.204930e-004
 3.475000e+001  1.204822e-004
 3.536875e+001  1.260010e-004
 3.598750e+001  1.254013e-004
 3.660625e+001  1.243871e-004
 3.722500e+001  1.130169e-004
 3.784375e+001  1.194572e-004
 3.846250e+001  1.215490e-004
 3.908125e+001  1.216710e-004
 3.970000e+001  1.178134e-004
 4.031875e+001  1.134152e-004
 4.093750e+001  1.323667e-004
 4.155625e+001  1.308555e-004
 4.217500e+001  1.187184e-004
 4.279375e+001  1.268096e-004
 4.341250e+001  1.133971e-004
 4.403125e+001  1.129047e-004
 4.465000e+001  1.031145e-004
 4.526875e+001  1.177894e-004
 4.588750e+001  1.226263e-004
 4.650625e+001  1.101031e-004
 4.712500e+001  1.133359e-004
 4.774375e+001  1.164530e-004
 4.836250e+001  1.148633e-004
 4.898125e+001  2.110147e-004
 4.960000e+001  1.995766e-003
 5.021875e+001  2.805448e-003
 5.083750e+001  9.429246e-004
 5.145625e+001  1.361442e-004
 5.207500e+001  1.144218e-004
 5.269375e+001  1.160097e-004
 5.331250e+001  1.227892e-004
 5.393125e+001  1.219778e-004
 5.455000e+001  1.131136e-004
 5.516875e+001  1.182163e-004
 5.578750e+001  1.145523e-004
 5.640625e+001  1.014627e-004
 5.702500e+001  1.054670e-004
 5.764375e+001  1.141542e-004
 5.826250e+001  1.083172e-004
 5.888125e+001  9.695451e-005
 5.950000e+001  1.066690e-004
 6.011875e+001  1.232061e-004
 6.073750e+001  1.033510e-004
 6.135625e+001  1.020215e-004
 6.197500e+001  1.075759e-004
 6.259375e+001  1.130733e-004
 6.321250e+001  1.073473e-004
 6.383125e+001  1.087678e-004
 6.445000e+001  1.123216e-004
 6.506875e+001  1.033771e-004
 6.568750e+001  1.134038e-004
 6.630625e+001  1.084949e-004
 6.692500e+001  9.413420e-005
 6.754375e+001  1.055480e-004
 6.816250e+001  1.219977e-004
 6.878125e+001  1.097812e-004
 6.940000e+001  1.004312e-004
 7.001875e+001  9.722886e-005
 7.063750e+001  9.225824e-005
 7.125625e+001  1.081364e-004
 7.187500e+001  1.091390e-004
 7.249375e+001  1.085947e-004
 7.311250e+001  1.121228e-004
 7.373125e+001  1.047812e-004
 7.435000e+001  1.027404e-004
 7.496875e+001  1.009343e-004
 7.558750e+001  1.004516e-004
 7.620625e+001  1.075140e-004
 7.682500e+001  9.913415e-005
 7.744375e+001  9.689921e-005
 7.806250e+001  1.020041e-004
 7.868125e+001  1.072133e-004
 7.930000e+001  9.812766e-005
 7.991875e+001  1.075425e-004
 8.053750e+001  1.057496e-004
 8.115625e+001  1.001669e-004
 8.177500e+001  9.094907e-005
 8.239375e+001  8.963045e-005
 8.301250e+001  9.655884e-005
 8.363125e+001  1.033576e-004
 8.425000e+001  1.008364e-004
 8.486875e+001  9.082695e-005
 8.548750e+001  9.238836e-005
 8.610625e+001  1.041095e-004
 8.672500e+001  9.679724e-005
 8.734375e+001  9.843705e-005
 8.796250e+001  9.295328e-005
 8.858125e+001  8.065950e-005
 8.920000e+001  8.945810e-005
 8.981875e+001  1.016214e-004
 9.043750e+001  1.013973e-004
 9.105625e+001  9.860309e-005
 9.167500e+001  9.940354e-005
 9.229375e+001  9.981254e-005
 9.291250e+001  9.642634e-005
 9.353125e+001  8.995279e-005
 9.415000e+001  8.279496e-005
 9.476875e+001  8.792807e-005
 9.538750e+001  9.053750e-005
 9.600625e+001  9.658741e-005
 9.662500e+001  1.016375e-004
 9.724375e+001  1.002616e-004
 9.786250e+001  9.426186e-005
 9.848125e+001  9.237929e-005
 9.910000e+001  8.585879e-005
 9.971875e+001  1.019334e-004
 1.003375e+002  1.131603e-004
 1.009563e+002  9.822525e-005
 1.015750e+002  1.018071e-004
 1.021938e+002  9.599666e-005
 1.028125e+002  9.319913e-005
 1.034313e+002  9.437006e-005
 1.040500e+002  8.944715e-005
 1.046688e+002  8.871894e-005
 1.052875e+002  9.598902e-005
 1.059063e+002  9.057317e-005
 1.065250e+002  9.148372e-005
 1.071438e+002  9.290579e-005
 1.077625e+002  9.661606e-005
 1.083813e+002  9.456865e-005
 1.090000e+002  8.801773e-005
 1.096188e+002  8.998240e-005
 1.102375e+002  9.721904e-005
 1.108563e+002  9.754557e-005
 1.114750e+002  8.608358e-005
 1.120938e+002  9.047126e-005
 1.127125e+002  8.992934e-005
 1.133313e+002  9.750746e-005
 1.139500e+002  9.700861e-005
 1.145688e+002  9.590290e-005
 1.151875e+002  9.817213e-005
 1.158063e+002  8.930830e-005
 1.164250e+002  9.389113e-005
 1.170438e+002  1.013275e-004
 1.176625e+002  9.690814e-005
 1.182813e+002  8.985675e-005
 1.189000e+002  9.233242e-005
 1.195188e+002  1.003565e-004
 1.201375e+002  9.378101e-005
 1.207563e+002  8.479498e-005
 1.213750e+002  9.282575e-005
 1.219938e+002  9.620855e-005
 1.226125e+002  9.583453e-005
 1.232313e+002  9.871735e-005
 1.238500e+002  9.318674e-005
 1.244688e+002  1.016363e-004
 1.250875e+002  1.007932e-004
 1.257063e+002  8.472461e-005
 1.263250e+002  8.503620e-005
 1.269438e+002  9.027785e-005
 1.275625e+002  9.112331e-005
 1.281813e+002  1.022587e-004
 1.288000e+002  1.095712e-004
 1.294188e+002  1.075454e-004
 1.300375e+002  1.022901e-004
 1.306563e+002  9.565677e-005
 1.312750e+002  9.204493e-005
 1.318938e+002  1.009332e-004
 1.325125e+002  9.355293e-005
 1.331313e+002  8.514631e-005
 1.337500e+002  8.953219e-005
 1.343688e+002  8.838859e-005
 1.349875e+002  9.279894e-005
 1.356063e+002  9.575358e-005
 1.362250e+002  8.630669e-005
 1.368438e+002  9.244965e-005
 1.374625e+002  9.898326e-005
 1.380813e+002  9.298657e-005
 1.387000e+002  9.252408e-005
 1.393188e+002  8.475459e-005
 1.399375e+002  8.106111e-005
 1.405563e+002  8.048502e-005
 1.411750e+002  7.562717e-005
 1.417938e+002  7.870124e-005
 1.424125e+002  8.248222e-005
 1.430313e+002  8.754146e-005
 1.436500e+002  9.067223e-005
 1.442688e+002  9.106865e-005
 1.448875e+002  9.090240e-005
 1.455063e+002  9.057638e-005
 1.461250e+002  9.153740e-005
 1.467438e+002  9.303743e-005
 1.473625e+002  8.817266e-005
 1.479813e+002  8.763995e-005
 1.486000e+002  1.074199e-004
 1.492188e+002  4.430214e-004
 1.498375e+002  2.586072e-003
 1.504563e+002  2.881120e-003
 1.510750e+002  7.045797e-004
 1.516938e+002  1.276286e-004
 1.523125e+002  9.376264e-005
 1.529313e+002  8.800497e-005
 1.535500e+002  8.650528e-005
 1.541688e+002  8.897715e-005
 1.547875e+002  9.483741e-005
 1.554063e+002  9.260392e-005
 1.560250e+002  9.167870e-005
 1.566438e+002  8.657918e-005
 1.572625e+002  9.291768e-005
 1.578813e+002  9.529506e-005
 1.585000e+002  8.519555e-005
 1.591188e+002  9.084567e-005
 1.597375e+002  9.899761e-005
 1.603563e+002  9.372397e-005
 1.609750e+002  8.379757e-005
 1.615938e+002  9.242498e-005
 1.622125e+002  9.753893e-005
 1.628313e+002  9.360999e-005
 1.634500e+002  8.684777e-005
 1.640688e+002  9.265127e-005
 1.646875e+002  9.046076e-005
 1.653063e+002  8.835420e-005
 1.659250e+002  8.319100e-005
 1.665438e+002  8.853000e-005
 1.671625e+002  8.662534e-005
 1.677813e+002  7.534488e-005
 1.684000e+002  8.412359e-005
 1.690188e+002  8.293052e-005
 1.696375e+002  8.071550e-005
 1.702563e+002  8.530964e-005
 1.708750e+002  8.455933e-005
 1.714938e+002  9.080050e-005
 1.721125e+002  9.270735e-005
 1.727313e+002  9.203367e-005
 1.733500e+002  9.291258e-005
 1.739688e+002  9.059138e-005
 1.745875e+002  9.610954e-005
 1.752063e+002  8.519569e-005
 1.758250e+002  8.023304e-005
 1.764438e+002  8.254570e-005
 1.770625e+002  8.503976e-005
 1.776813e+002  8.136198e-005
 1.783000e+002  8.780497e-005
 1.789188e+002  8.801616e-005
 1.795375e+002  9.136922e-005
 1.801563e+002  9.061556e-005
 1.807750e+002  8.964017e-005
 1.813938e+002  8.790229e-005
 1.820125e+002  8.243051e-005
 1.826313e+002  8.228502e-005
 1.832500e+002  8.685074e-005
 1.838688e+002  9.484751e-005
 1.844875e+002  8.521907e-005
 1.851063e+002  8.178291e-005
 1.857250e+002  8.143779e-005
 1.863438e+002  8.702754e-005
 1.869625e+002  9.738527e-005
 1.875813e+002  8.963056e-005
 1.882000e+002  8.481773e-005
 1.888188e+002  8.159539e-005
 1.894375e+002  8.577929e-005
 1.900563e+002  7.960012e-005
 1.906750e+002  7.893138e-005
 1.912938e+002  8.903559e-005
 1.919125e+002  8.962008e-005
 1.925313e+002  8.315588e-005
 1.931500e+002  8.228980e-005
 1.937688e+002  8.869040e-005
 1.943875e+002  9.411919e-005
 1.950063e+002  8.068947e-005
 1.956250e+002  8.692025e-005
 1.962438e+002  8.521767e-005
 1.968625e+002  8.398707e-005
 1.974813e+002  7.928639e-005
 1.981000e+002  8.347732e-005
 1.987188e+002  8.560573e-005
 1.993375e+002  9.326834e-005
 1.999563e+002  1.595113e-004
 2.005750e+002  1.439356e-004
 2.011938e+002  9.137908e-005
 2.018125e+002  9.274764e-005
 2.024313e+002  9.152458e-005
 2.030500e+002  9.705579e-005
 2.036688e+002  9.064786e-005
 2.042875e+002  9.539884e-005
 2.049063e+002  9.002362e-005
 2.055250e+002  7.670836e-005
 2.061438e+002  7.906525e-005
 2.067625e+002  8.017271e-005
 2.073813e+002  7.890232e-005
 2.080000e+002  8.081285e-005
 2.086188e+002  7.824746e-005
 2.092375e+002  8.138985e-005
 2.098563e+002  8.341186e-005
 2.104750e+002  8.000754e-005
 2.110938e+002  9.443307e-005
 2.117125e+002  9.090733e-005
 2.123313e+002  9.081493e-005
 2.129500e+002  9.010950e-005
 2.135688e+002  8.253698e-005
 2.141875e+002  8.720517e-005
 2.148063e+002  9.047786e-005
 2.154250e+002  9.104470e-005
 2.160438e+002  8.615413e-005
 2.166625e+002  8.154799e-005
 2.172813e+002  8.732948e-005
 2.179000e+002  8.549926e-005
 2.185188e+002  8.715054e-005
 2.191375e+002  8.781938e-005
 2.197563e+002  8.495549e-005
 2.203750e+002  8.673661e-005
 2.209938e+002  8.406418e-005
 2.216125e+002  8.054675e-005
 2.222313e+002  8.876446e-005
 2.228500e+002  9.590329e-005
 2.234688e+002  1.001841e-004
 2.240875e+002  8.841213e-005
 2.247063e+002  8.334550e-005
 2.253250e+002  7.968824e-005
 2.259438e+002  8.564441e-005
 2.265625e+002  8.008518e-005
 2.271813e+002  7.990310e-005
 2.278000e+002  8.561296e-005
 2.284188e+002  8.733087e-005
 2.290375e+002  8.244162e-005
 2.296563e+002  8.103776e-005
 2.302750e+002  8.575369e-005
 2.308938e+002  8.584050e-005
 2.315125e+002  9.187318e-005
 2.321313e+002  8.512536e-005
 2.327500e+002  7.564197e-005
 2.333688e+002  7.394011e-005
 2.339875e+002  7.690783e-005
 2.346063e+002  8.615446e-005
 2.352250e+002  8.706088e-005
 2.358438e+002  8.156709e-005
 2.364625e+002  7.104133e-005
 2.370813e+002  7.666754e-005
 2.377000e+002  8.545319e-005
 2.383188e+002  9.317813e-005
 2.389375e+002  8.757390e-005
 2.395563e+002  8.229015e-005
 2.401750e+002  9.258447e-005
 2.407938e+002  8.137040e-005
 2.414125e+002  8.407951e-005
 2.420313e+002  9.181704e-005
 2.426500e+002  8.436398e-005
 2.432688e+002  7.821818e-005
 2.438875e+002  7.851548e-005
 2.445063e+002  8.505030e-005
 2.451250e+002  8.049190e-005
 2.457438e+002  7.185932e-005
 2.463625e+002  7.840718e-005
 2.469813e+002  8.775723e-005
 2.476000e+002  8.022349e-005
 2.482188e+002  8.421809e-005
 2.488375e+002  8.686564e-005
 2.494563e+002  2.464648e-004
 2.500750e+002  9.673992e-004
 2.506938e+002  8.674210e-004
 2.513125e+002  1.684100e-004
 2.519313e+002  8.931905e-005
 2.525500e+002  8.330856e-005
 2.531688e+002  8.588898e-005
 2.537875e+002  8.164085e-005
 2.544063e+002  8.007560e-005
 2.550250e+002  7.532253e-005
 2.556438e+002  7.985835e-005
 2.562625e+002  8.016356e-005
 2.568813e+002  8.246478e-005
 2.575000e+002  8.694131e-005
 2.581188e+002  8.449075e-005
 2.587375e+002  8.806386e-005
 2.593563e+002  8.721625e-005
 2.599750e+002  8.551185e-005
 2.605938e+002  8.890746e-005
 2.612125e+002  8.563511e-005
 2.618313e+002  8.648572e-005
 2.624500e+002  8.583055e-005
 2.630688e+002  9.118326e-005
 2.636875e+002  8.642189e-005
 2.643063e+002  8.004659e-005
 2.649250e+002  7.861110e-005
 2.655438e+002  7.273835e-005
 2.661625e+002  8.265044e-005
 2.667813e+002  8.415944e-005
 2.674000e+002  8.110488e-005
 2.680188e+002  7.628872e-005
 2.686375e+002  8.181504e-005
 2.692563e+002  8.651071e-005
 2.698750e+002  8.100453e-005
 2.704938e+002  7.904278e-005
 2.711125e+002  8.612456e-005
 2.717313e+002  8.908189e-005
 2.723500e+002  9.157683e-005
 2.729688e+002  8.449556e-005
 2.735875e+002  8.971667e-005
 2.742063e+002  8.793070e-005
 2.748250e+002  8.504915e-005
 2.754438e+002  7.983041e-005
 2.760625e+002  7.849297e-005
 2.766813e+002  8.161905e-005
 2.773000e+002  7.350997e-005
 2.779188e+002  7.484234e-005
 2.785375e+002  7.727076e-005
 2.791563e+002  7.813925e-005
 2.797750e+002  8.244882e-005
 2.803938e+002  8.747989e-005
 2.810125e+002  8.819137e-005
 2.816313e+002  8.359330e-005
 2.822500e+002  8.419344e-005
 2.828688e+002  8.339784e-005
 2.834875e+002  8.031083e-005
 2.841063e+002  9.102312e-005
 2.847250e+002  8.757712e-005
 2.853438e+002  7.656308e-005
 2.859625e+002  8.430121e-005
 2.865813e+002  8.845455e-005
 2.872000e+002  8.639892e-005
 2.878188e+002  9.234410e-005
 2.884375e+002  7.601394e-005
 2.890563e+002  7.750976e-005
 2.896750e+002  8.763454e-005
 2.902938e+002  8.859701e-005
 2.909125e+002  7.946070e-005
 2.915313e+002  8.407059e-005
 2.921500e+002  8.350420e-005
 2.927688e+002  8.333200e-005
 2.933875e+002  8.615438e-005
 2.940063e+002  7.846593e-005
 2.946250e+002  8.783896e-005
 2.952438e+002  8.610164e-005
 2.958625e+002  8.502359e-005
 2.964813e+002  8.564131e-005
 2.971000e+002  8.136898e-005
 2.977188e+002  8.004414e-005
 2.983375e+002  7.886699e-005
 2.989563e+002  8.214630e-005
 2.995750e+002  1.008904e-004
 3.001938e+002  1.905559e-004
 3.008125e+002  1.612025e-004
 3.014313e+002  8.022725e-005
 3.020500e+002  8.296506e-005
 3.026688e+002  8.647254e-005
 3.032875e+002  8.562890e-005
 3.039063e+002  8.763044e-005
 3.045250e+002  8.922046e-005
 3.051438e+002  9.236548e-005
 3.057625e+002  8.308480e-005
 3.063813e+002  7.909273e-005
 3.070000e+002  8.256116e-005
 3.076188e+002  8.084763e-005
 3.082375e+002  8.826573e-005
 3.088563e+002  9.300529e-005
 3.094750e+002  8.401109e-005
 3.100938e+002  8.255329e-005
 3.107125e+002  8.224783e-005
 3.113313e+002  8.592042e-005
 3.119500e+002  8.421384e-005
 3.125688e+002  7.787930e-005
 3.131875e+002  7.649654e-005
 3.138063e+002  6.890799e-005
 3.144250e+002  8.295128e-005
 3.150437e+002  8.949626e-005
 3.156625e+002  8.068878e-005
 3.162812e+002  8.284071e-005
 3.169000e+002  8.065435e-005
 3.175187e+002  8.251102e-005
 3.181375e+002  8.795966e-005
 3.187562e+002  8.628622e-005
 3.193750e+002  8.405278e-005
 3.199937e+002  7.384306e-005
 3.206125e+002  8.136569e-005
 3.212312e+002  8.685184e-005
 3.218500e+002  7.909738e-005
 3.224687e+002  7.138523e-005
 3.230875e+002  7.485663e-005
 3.237062e+002  7.458634e-005
 3.243250e+002  7.585053e-005
 3.249437e+002  8.404528e-005
 3.255625e+002  7.895937e-005
 3.261812e+002  7.996866e-005
 3.268000e+002  8.820966e-005
 3.274187e+002  8.475878e-005
 3.280375e+002  8.167347e-005
 3.286562e+002  8.181576e-005
 3.292750e+002  8.905579e-005
 3.298937e+002  8.762125e-005
 3.305125e+002  9.045744e-005
 3.311312e+002  8.928419e-005
 3.317500e+002  8.780839e-005
 3.323687e+002  9.190327e-005
 3.329875e+002  8.372932e-005
 3.336062e+002  8.929199e-005
 3.342250e+002  7.739900e-005
 3.348437e+002  7.574593e-005
 3.354625e+002  7.683471e-005
 3.360812e+002  7.901415e-005
 3.367000e+002  7.865686e-005
 3.373187e+002  8.483718e-005
 3.379375e+002  7.764475e-005
 3.385562e+002  7.210502e-005
 3.391750e+002  7.535829e-005
 3.397937e+002  7.431253e-005
 3.404125e+002  8.079648e-005
 3.410312e+002  8.208631e-005
 3.416500e+002  8.247775e-005
 3.422687e+002  8.518285e-005
 3.428875e+002  8.342298e-005
 3.435062e+002  8.349546e-005
 3.441250e+002  7.966236e-005
 3.447437e+002  8.195813e-005
 3.453625e+002  8.524871e-005
 3.459812e+002  8.691635e-005
 3.466000e+002  8.108354e-005
 3.472187e+002  7.835407e-005
 3.478375e+002  8.579548e-005
 3.484562e+002  8.672003e-005
 3.490750e+002  8.550300e-005
 3.496937e+002  8.646645e-005
 3.503125e+002  1.180317e-004
 3.509312e+002  1.074893e-004
 3.515500e+002  8.306521e-005
 3.521687e+002  8.549588e-005
 3.527875e+002  8.041387e-005
 3.534062e+002  8.217563e-005
 3.540250e+002  8.283675e-005
 3.546437e+002  7.823652e-005
 3.552625e+002  8.269634e-005
 3.558812e+002  8.354211e-005
 3.565000e+002  8.677279e-005
 3.571187e+002  8.470226e-005
 3.577375e+002  8.850275e-005
 3.583562e+002  9.106514e-005
 3.589750e+002  8.039746e-005
 3.595937e+002  7.879792e-005
 3.602125e+002  7.896703e-005
 3.608312e+002  8.516579e-005
 3.614500e+002  8.897345e-005
 3.620687e+002  8.593938e-005
 3.626875e+002  8.225928e-005
 3.633062e+002  8.725379e-005
 3.639250e+002  9.257376e-005
 3.645437e+002  8.542442e-005
 3.651625e+002  7.957895e-005
 3.657812e+002  9.030864e-005
 3.664000e+002  9.111776e-005
 3.670187e+002  8.753944e-005
 3.676375e+002  7.856848e-005
 3.682562e+002  7.849904e-005
 3.688750e+002  8.211839e-005
 3.694937e+002  7.821228e-005
 3.701125e+002  7.806767e-005
 3.707312e+002  8.030901e-005
 3.713500e+002  7.181075e-005
 3.719687e+002  7.315790e-005
 3.725875e+002  8.446825e-005
 3.732062e+002  8.454845e-005
 3.738250e+002  7.423598e-005
 3.744437e+002  7.653405e-005
 3.750625e+002  8.953575e-005
 3.756812e+002  8.717253e-005
 3.763000e+002  8.349757e-005
 3.769187e+002  8.028773e-005
 3.775375e+002  8.410041e-005
 3.781562e+002  8.518402e-005
 3.787750e+002  8.066134e-005
 3.793937e+002  7.807833e-005
 3.800125e+002  7.707593e-005
 3.806312e+002  8.429533e-005
 3.812500e+002  8.772980e-005
 3.818687e+002  8.402989e-005
 3.824875e+002  8.154872e-005
 3.831062e+002  8.011483e-005
 3.837250e+002  7.925582e-005
 3.843437e+002  8.772874e-005
 3.849625e+002  7.601863e-005
 3.855812e+002  7.745029e-005
 3.862000e+002  8.024196e-005
 3.868187e+002  8.427005e-005
 3.874375e+002  8.613164e-005
 3.880562e+002  7.921813e-005
 3.886750e+002  7.779842e-005
 3.892937e+002  8.113728e-005
 3.899125e+002  7.634895e-005
 3.905312e+002  7.782040e-005
 3.911500e+002  7.798029e-005
 3.917687e+002  7.876456e-005
 3.923875e+002  7.688715e-005
 3.930062e+002  6.864460e-005
 3.936250e+002  8.433361e-005
 3.942437e+002  8.521967e-005
 3.948625e+002  7.820841e-005
 3.954812e+002  7.085891e-005
 3.961000e+002  7.214022e-005
 3.967187e+002  7.233856e-005
 3.973375e+002  8.345211e-005
 3.979562e+002  8.397373e-005
 3.985750e+002  8.288034e-005
 3.991937e+002  8.447656e-005
 3.998125e+002  9.246062e-005
 4.004312e+002  1.281682e-004
 4.010500e+002  1.024714e-004
 4.016687e+002  8.259519e-005
 4.022875e+002  7.775492e-005
 4.029062e+002  7.316301e-005
 4.035250e+002  6.997693e-005
 4.041437e+002  7.390098e-005
 4.047625e+002  8.419395e-005
 4.053812e+002  8.753315e-005
 4.060000e+002  7.499556e-005
 4.066187e+002  8.211514e-005
 4.072375e+002  8.319346e-005
 4.078562e+002  7.809188e-005
 4.084750e+002  7.931000e-005
 4.090937e+002  7.586406e-005
 4.097125e+002  7.380737e-005
 4.103312e+002  7.110892e-005
 4.109500e+002  8.135198e-005
 4.115687e+002  8.396740e-005
 4.121875e+002  8.553218e-005
 4.128062e+002  8.101174e-005
 4.134250e+002  8.221166e-005
 4.140437e+002  8.083463e-005
 4.146625e+002  8.131490e-005
 4.152812e+002  7.918536e-005
 4.159000e+002  8.399202e-005
 4.165187e+002  8.467560e-005
 4.171375e+002  7.949212e-005
 4.177562e+002  8.236465e-005
 4.183750e+002  8.073494e-005
 4.189937e+002  7.777322e-005
 4.196125e+002  7.955642e-005
 4.202312e+002  7.815361e-005
 4.208500e+002  7.970411e-005
 4.214687e+002  8.474195e-005
 4.220875e+002  8.119171e-005
 4.227062e+002  8.090614e-005
 4.233250e+002  8.232701e-005
 4.239437e+002  8.061141e-005
 4.245625e+002  8.278877e-005
 4.251812e+002  8.383764e-005
 4.258000e+002  8.671652e-005
 4.264187e+002  8.550399e-005
 4.270375e+002  8.017335e-005
 4.276562e+002  8.439027e-005
 4.282750e+002  8.268254e-005
 4.288937e+002  8.588469e-005
 4.295125e+002  9.065291e-005
 4.301312e+002  8.035880e-005
 4.307500e+002  8.204421e-005
 4.313687e+002  8.516661e-005
 4.319875e+002  8.583773e-005
 4.326062e+002  8.372909e-005
 4.332250e+002  7.869356e-005
 4.338437e+002  8.301862e-005
 4.344625e+002  8.218212e-005
 4.350812e+002  7.904871e-005
 4.357000e+002  7.647520e-005
 4.363187e+002  8.031496e-005
 4.369375e+002  8.562284e-005
 4.375562e+002  9.184059e-005
 4.381750e+002  8.197335e-005
 4.387937e+002  8.379278e-005
 4.394125e+002  8.485462e-005
 4.400312e+002  8.979027e-005
 4.406500e+002  7.656327e-005
 4.412687e+002  7.074718e-005
 4.418875e+002  7.634523e-005
 4.425062e+002  7.730432e-005
 4.431250e+002  7.987870e-005
 4.437437e+002  8.054320e-005
 4.443625e+002  8.232477e-005
 4.449812e+002  8.922064e-005
 4.456000e+002  7.918363e-005
 4.462187e+002  7.481344e-005
 4.468375e+002  7.726847e-005
 4.474562e+002  7.685767e-005
 4.480750e+002  7.461582e-005
 4.486937e+002  7.276298e-005
 4.493125e+002  7.225774e-005
 4.499312e+002  1.418001e-004
 4.505500e+002  2.703396e-004
 4.511687e+002  1.667272e-004
 4.517875e+002  7.868658e-005
 4.524062e+002  7.925019e-005
 4.530250e+002  8.896174e-005
 4.536437e+002  8.179296e-005
 4.542625e+002  8.216303e-005
 4.548812e+002  8.028267e-005
 4.555000e+002  7.719977e-005
 4.561187e+002  7.856053e-005
 4.567375e+002  8.293721e-005
 4.573562e+002  8.656148e-005
 4.579750e+002  8.752773e-005
 4.585937e+002  8.740210e-005
 4.592125e+002  8.403178e-005
 4.598312e+002  8.550321e-005
 4.604500e+002  8.098283e-005
 4.610687e+002  7.343314e-005
 4.616875e+002  7.667270e-005
 4.623062e+002  8.336874e-005
 4.629250e+002  8.293440e-005
 4.635437e+002  8.448401e-005
 4.641625e+002  8.730912e-005
 4.647812e+002  7.724874e-005
 4.654000e+002  7.141784e-005
 4.660187e+002  7.805345e-005
 4.666375e+002  7.775510e-005
 4.672562e+002  7.370383e-005
 4.678750e+002  7.343322e-005
 4.684937e+002  8.111071e-005
 4.691125e+002  8.015690e-005
 4.697312e+002  8.088087e-005
 4.703500e+002  8.751765e-005
 4.709687e+002  7.613813e-005
 4.715875e+002  8.410942e-005
 4.722062e+002  8.082020e-005
 4.728250e+002  8.492166e-005
 4.734437e+002  9.060773e-005
 4.740625e+002  8.931688e-005
 4.746812e+002  7.878655e-005
 4.753000e+002  8.250654e-005
 4.759187e+002  7.368973e-005
 4.765375e+002  7.981778e-005
 4.771562e+002  8.367555e-005
 4.777750e+002  8.155744e-005
 4.783937e+002  7.786544e-005
 4.790125e+002  7.751015e-005
 4.796312e+002  8.313733e-005
 4.802500e+002  8.553513e-005
 4.808687e+002  8.265180e-005
 4.814875e+002  8.079570e-005
 4.821062e+002  8.791937e-005
 4.827250e+002  8.480551e-005
 4.833437e+002  8.108605e-005
 4.839625e+002  7.820693e-005
 4.845812e+002  7.811875e-005
 4.852000e+002  7.559280e-005
 4.858187e+002  7.622054e-005
 4.864375e+002  7.518280e-005
 4.870562e+002  7.587165e-005
 4.876750e+002  7.480370e-005
 4.882937e+002  7.930622e-005
 4.889125e+002  8.218298e-005
 4.895312e+002  7.744166e-005
 4.901500e+002  8.010219e-005
 4.907687e+002  8.222421e-005
 4.913875e+002  8.564046e-005
 4.920062e+002  8.979179e-005
 4.926250e+002  8.042725e-005
 4.932437e+002  7.425607e-005
 4.938625e+002  8.039565e-005
 4.944812e+002  8.566395e-005
 4.951000e+002  8.896039e-005
 4.957187e+002  8.746250e-005
 4.963375e+002  8.725015e-005
 4.969562e+002  8.140108e-005
 4.975750e+002  8.116213e-005
 4.981937e+002  8.509531e-005
 4.988125e+002  7.772425e-005
 4.994312e+002  7.531551e-005
 5.000500e+002  9.491894e-005
 5.006687e+002  1.390886e-004
 5.012875e+002  1.055919e-004
 5.019062e+002  7.565102e-005
 5.025250e+002  7.548677e-005
 5.031437e+002  7.480105e-005
 5.037625e+002  7.865416e-005
 5.043812e+002  8.926920e-005
 5.050000e+002  9.466681e-005
 5.056187e+002  9.130508e-005
 5.062375e+002  8.228379e-005
 5.068562e+002  7.905607e-005
 5.074750e+002  8.123417e-005
 5.080937e+002  7.428641e-005
 5.087125e+002  7.684853e-005
 5.093312e+002  8.126550e-005
 5.099500e+002  7.687797e-005
 5.105687e+002  7.571558e-005
 5.111875e+002  6.919223e-005
 5.118062e+002  7.644888e-005
 5.124250e+002  8.304310e-005
 5.130437e+002  8.250011e-005
 5.136625e+002  7.804661e-005
 5.142812e+002  8.024539e-005
 5.149000e+002  7.996598e-005
 5.155187e+002  8.504576e-005
 5.161375e+002  8.550464e-005
 5.167562e+002  8.390704e-005
 5.173750e+002  8.063276e-005
 5.179937e+002  8.279838e-005
 5.186125e+002  8.419162e-005
 5.192312e+002  8.207996e-005
 5.198500e+002  7.396542e-005
 5.204687e+002  7.599570e-005
 5.210875e+002  7.100468e-005
 5.217062e+002  8.523675e-005
 5.223250e+002  8.537049e-005
 5.229437e+002  8.101179e-005
 5.235625e+002  8.043692e-005
 5.241812e+002  8.176235e-005
 5.248000e+002  7.887651e-005
 5.254187e+002  7.722250e-005
 5.260375e+002  8.024634e-005
 5.266562e+002  8.090432e-005
 5.272750e+002  7.631688e-005
 5.278937e+002  7.026025e-005
 5.285125e+002  7.210479e-005
 5.291312e+002  7.994043e-005
 5.297500e+002  8.557215e-005
 5.303687e+002  7.860810e-005
 5.309875e+002  7.393513e-005
 5.316062e+002  7.871631e-005
 5.322250e+002  8.096878e-005
 5.328437e+002  7.666101e-005
 5.334625e+002  7.740156e-005
 5.340812e+002  7.610930e-005
 5.347000e+002  8.433599e-005
 5.353187e+002  9.295376e-005
 5.359375e+002  8.324631e-005
 5.365562e+002  8.074613e-005
 5.371750e+002  8.417330e-005
 5.377937e+002  8.151044e-005
 5.384125e+002  7.362703e-005
 5.390312e+002  7.296637e-005
 5.396500e+002  8.709162e-005
 5.402687e+002  9.130989e-005
 5.408875e+002  8.882796e-005
 5.415062e+002  8.207631e-005
 5.421250e+002  8.400535e-005
 5.427437e+002  8.059352e-005
 5.433625e+002  7.954634e-005
 5.439812e+002  7.921902e-005
 5.446000e+002  8.604433e-005
 5.452187e+002  7.404926e-005
 5.458375e+002  6.706930e-005
 5.464562e+002  6.976467e-005
 5.470750e+002  7.339614e-005
 5.476937e+002  7.893531e-005
 5.483125e+002  7.794884e-005
 5.489312e+002  7.340041e-005
 5.495500e+002  7.020105e-005
 5.501687e+002  2.790504e-004
 5.507875e+002  4.697779e-004
 5.514062e+002  2.225134e-004
 5.520250e+002  7.874347e-005
 5.526437e+002  7.650466e-005
 5.532625e+002  8.368244e-005
 5.538812e+002  7.702321e-005
 5.545000e+002  7.941354e-005
 5.551187e+002  8.038101e-005
 5.557375e+002  7.392026e-005
 5.563562e+002  7.651759e-005
 5.569750e+002  7.584405e-005
 5.575937e+002  7.919052e-005
 5.582125e+002  8.301943e-005
 5.588312e+002  7.824056e-005
 5.594500e+002  8.040788e-005
 5.600687e+002  8.110956e-005
 5.606875e+002  7.721565e-005
 5.613062e+002  8.004500e-005
 5.619250e+002  8.124918e-005
 5.625437e+002  8.073736e-005
 5.631625e+002  8.863226e-005
 5.637812e+002  8.637403e-005
 5.644000e+002  7.822964e-005
 5.650187e+002  7.572135e-005
 5.656375e+002  8.483712e-005
 5.662562e+002  8.903884e-005
 5.668750e+002  7.801803e-005
 5.674937e+002  7.159886e-005
 5.681125e+002  7.237814e-005
 5.687312e+002  7.055233e-005
 5.693500e+002  7.382528e-005
 5.699687e+002  7.025526e-005
 5.705875e+002  8.237935e-005
 5.712062e+002  8.616610e-005
 5.718250e+002  8.818649e-005
 5.724437e+002  8.598640e-005
 5.730625e+002  7.972963e-005
 5.736812e+002  7.864267e-005
 5.743000e+002  8.257533e-005
 5.749187e+002  8.348006e-005
 5.755375e+002  7.546001e-005
 5.761562e+002  8.323276e-005
 5.767750e+002  9.082256e-005
 5.773937e+002  8.699440e-005
 5.780125e+002  7.875423e-005
 5.786312e+002  7.764327e-005
 5.792500e+002  8.396130e-005
 5.798687e+002  7.820378e-005
 5.804875e+002  7.654822e-005
 5.811062e+002  7.653418e-005
 5.817250e+002  7.955446e-005
 5.823437e+002  7.908644e-005
 5.829625e+002  8.485708e-005
 5.835812e+002  8.786280e-005
 5.842000e+002  8.415441e-005
 5.848187e+002  8.300899e-005
 5.854375e+002  9.090607e-005
 5.860562e+002  8.920303e-005
 5.866750e+002  8.255565e-005
 5.872937e+002  7.965450e-005
 5.879125e+002  7.776736e-005
 5.885312e+002  8.230934e-005
 5.891500e+002  8.943101e-005
 5.897687e+002  8.784943e-005
 5.903875e+002  8.286592e-005
 5.910062e+002  8.185343e-005
 5.916250e+002  7.760071e-005
 5.922437e+002  7.109827e-005
 5.928625e+002  6.621119e-005
 5.934812e+002  7.779775e-005
 5.941000e+002  7.534866e-005
 5.947187e+002  7.756311e-005
 5.953375e+002  8.077585e-005
 5.959562e+002  7.936495e-005
 5.965750e+002  8.646133e-005
 5.971937e+002  8.989570e-005
 5.978125e+002  8.480188e-005
 5.984312e+002  7.767642e-005
 5.990500e+002  7.441829e-005
 5.996687e+002  7.956643e-005
 6.002875e+002  9.076120e-005
 6.009062e+002  1.059423e-004
 6.015250e+002  8.446147e-005
 6.021437e+002  7.543455e-005
 6.027625e+002  7.069639e-005
 6.033812e+002  8.233918e-005
 6.040000e+002  8.768232e-005
 6.046187e+002  8.058648e-005
 6.052375e+002  8.342840e-005
 6.058562e+002  8.592979e-005
 6.064750e+002  8.015931e-005
 6.070937e+002  7.638810e-005
 6.077125e+002  7.914821e-005
 6.083312e+002  7.918902e-005
 6.089500e+002  7.964362e-005
 6.095687e+002  8.651163e-005
 6.101875e+002  9.473232e-005
 6.108062e+002  8.250698e-005
 6.114250e+002  7.602580e-005
 6.120437e+002  8.356013e-005
 6.126625e+002  8.278067e-005
 6.132812e+002  8.424584e-005
 6.139000e+002  8.105831e-005
 6.145187e+002  7.628962e-005
 6.151375e+002  6.544871e-005
 6.157562e+002  7.337134e-005
 6.163750e+002  8.142656e-005
 6.169937e+002  8.560277e-005
 6.176125e+002  7.778204e-005
 6.182312e+002  8.206749e-005
 6.188500e+002  8.564206e-005
 6.194687e+002  7.973931e-005
 6.200875e+002  7.493543e-005
 6.207062e+002  7.109755e-005
 6.213250e+002  8.023773e-005
 6.219437e+002  8.498386e-005
 6.225625e+002  7.722377e-005
 6.231812e+002  7.285482e-005
 6.238000e+002  7.815653e-005
 6.244187e+002  7.966730e-005
 6.250375e+002  8.671502e-005
 6.256562e+002  8.308515e-005
 6.262750e+002  8.632893e-005
 6.268937e+002  8.479716e-005
 6.275125e+002  8.676882e-005
 6.281312e+002  8.403630e-005
 6.287500e+002  7.894783e-005
 6.293687e+002  7.399822e-005
 6.299875e+002  7.663362e-005
 6.306062e+002  7.756307e-005
 6.312250e+002  7.289401e-005
 6.318437e+002  7.134939e-005
 6.324625e+002  7.371443e-005
 6.330812e+002  8.138371e-005
 6.337000e+002  8.150621e-005
 6.343187e+002  8.318908e-005
 6.349375e+002  7.769445e-005
 6.355562e+002  7.930197e-005
 6.361750e+002  8.252388e-005
 6.367937e+002  8.302479e-005
 6.374125e+002  8.315957e-005
 6.380312e+002  7.523259e-005
 6.386500e+002  8.189804e-005
 6.392687e+002  8.156796e-005
 6.398875e+002  7.879821e-005
 6.405062e+002  8.148932e-005
 6.411250e+002  8.184086e-005
 6.417437e+002  8.355265e-005
 6.423625e+002  8.114019e-005
 6.429812e+002  8.308421e-005
 6.436000e+002  7.912817e-005
 6.442187e+002  7.594953e-005
 6.448375e+002  7.529506e-005
 6.454562e+002  7.742094e-005
 6.460750e+002  7.772775e-005
 6.466937e+002  8.115028e-005
 6.473125e+002  7.793806e-005
 6.479312e+002  8.164714e-005
 6.485500e+002  7.844726e-005
 6.491687e+002  8.136781e-005
 6.497875e+002  8.447479e-005
 6.504062e+002  1.995774e-004
 6.510250e+002  2.510055e-004
 6.516437e+002  1.110738e-004
 6.522625e+002  9.028340e-005
 6.528812e+002  8.998624e-005
 6.535000e+002  8.119992e-005
 6.541187e+002  8.456088e-005
 6.547375e+002  8.912340e-005
 6.553562e+002  8.102530e-005
 6.559750e+002  7.461376e-005
 6.565937e+002  7.893073e-005
 6.572125e+002  8.459490e-005
 6.578312e+002  7.649532e-005
 6.584500e+002  7.543305e-005
 6.590687e+002  8.211812e-005
 6.596875e+002  7.818193e-005
 6.603062e+002  7.683378e-005
 6.609250e+002  7.529600e-005
 6.615437e+002  7.535772e-005
 6.621625e+002  7.827692e-005
 6.627812e+002  8.098090e-005
 6.634000e+002  7.712098e-005
 6.640187e+002  7.597988e-005
 6.646375e+002  8.184387e-005
 6.652562e+002  8.070985e-005
 6.658750e+002  7.422948e-005
 6.664937e+002  8.097358e-005
 6.671125e+002  7.505908e-005
 6.677312e+002  6.587920e-005
 6.683500e+002  7.247279e-005
 6.689687e+002  7.996212e-005
 6.695875e+002  8.603501e-005
 6.702062e+002  8.944056e-005
 6.708250e+002  8.145504e-005
 6.714437e+002  7.548702e-005
 6.720625e+002  8.070086e-005
 6.726812e+002  7.360623e-005
 6.733000e+002  7.488642e-005
 6.739187e+002  7.325807e-005
 6.745375e+002  7.324805e-005
 6.751562e+002  7.691282e-005
 6.757750e+002  7.572535e-005
 6.763937e+002  7.000443e-005
 6.770125e+002  7.503742e-005
 6.776312e+002  7.393762e-005
 6.782500e+002  7.646493e-005
 6.788687e+002  7.477144e-005
 6.794875e+002  7.518276e-005
 6.801062e+002  7.244490e-005
 6.807250e+002  7.116015e-005
 6.813437e+002  7.319788e-005
 6.819625e+002  8.151335e-005
 6.825812e+002  8.185938e-005
 6.832000e+002  7.442904e-005
 6.838187e+002  8.105377e-005
 6.844375e+002  7.876926e-005
 6.850562e+002  8.132663e-005
 6.856750e+002  8.212293e-005
 6.862937e+002  7.888804e-005
 6.869125e+002  7.367340e-005
 6.875312e+002  7.587957e-005
 6.881500e+002  7.922215e-005
 6.887687e+002  8.061719e-005
 6.893875e+002  8.731251e-005
 6.900062e+002  8.112702e-005
 6.906250e+002  7.753403e-005
 6.912437e+002  7.575039e-005
 6.918625e+002  8.105279e-005
 6.924812e+002  7.579520e-005
 6.931000e+002  7.329134e-005
 6.937187e+002  7.164521e-005
 6.943375e+002  7.579346e-005
 6.949562e+002  8.090997e-005
 6.955750e+002  7.479658e-005
 6.961937e+002  7.823766e-005
 6.968125e+002  8.096922e-005
 6.974312e+002  8.115660e-005
 6.980500e+002  7.924638e-005
 6.986687e+002  7.701000e-005
 6.992875e+002  8.465187e-005
 6.999062e+002  8.292468e-005
 7.005250e+002  1.033060e-004
 7.011437e+002  1.149162e-004
 7.017625e+002  8.723712e-005
 7.023812e+002  8.306506e-005
 7.030000e+002  7.727331e-005
 7.036187e+002  7.591391e-005
 7.042375e+002  7.247846e-005
 7.048562e+002  7.667538e-005
 7.054750e+002  8.323287e-005
 7.060937e+002  7.793387e-005
 7.067125e+002  7.538175e-005
 7.073312e+002  7.601193e-005
 7.079500e+002  7.241749e-005
 7.085687e+002  7.335670e-005
 7.091875e+002  6.966421e-005
 7.098062e+002  7.396041e-005
 7.104250e+002  7.683932e-005
 7.110437e+002  8.266982e-005
 7.116625e+002  7.733945e-005
 7.122812e+002  8.093962e-005
 7.129000e+002  8.078943e-005
 7.135187e+002  7.960935e-005
 7.141375e+002  8.154103e-005
 7.147562e+002  7.856826e-005
 7.153750e+002  7.666379e-005
 7.159937e+002  7.222388e-005
 7.166125e+002  7.613129e-005
 7.172312e+002  7.912030e-005
 7.178500e+002  7.649181e-005
 7.184687e+002  7.948144e-005
 7.190875e+002  7.864072e-005
 7.197062e+002  7.960189e-005
 7.203250e+002  7.892734e-005
 7.209437e+002  8.493381e-005
 7.215625e+002  8.144440e-005
 7.221812e+002  8.109148e-005
 7.228000e+002  8.765373e-005
 7.234187e+002  8.095964e-005
 7.240375e+002  7.916228e-005
 7.246562e+002  8.463103e-005
 7.252750e+002  8.832087e-005
 7.258937e+002  8.535120e-005
 7.265125e+002  7.826066e-005
 7.271312e+002  7.782775e-005
 7.277500e+002  7.393637e-005
 7.283687e+002  6.730702e-005
 7.289875e+002  7.621626e-005
 7.296062e+002  8.346533e-005
 7.302250e+002  8.672377e-005
 7.308437e+002  9.179467e-005
 7.314625e+002  7.758550e-005
 7.320812e+002  8.188803e-005
 7.327000e+002  8.490477e-005
 7.333187e+002  8.300357e-005
 7.339375e+002  8.239644e-005
 7.345562e+002  8.426718e-005
 7.351750e+002  8.599475e-005
 7.357937e+002  7.896729e-005
 7.364125e+002  7.565521e-005
 7.370312e+002  8.098838e-005
 7.376500e+002  7.606179e-005
 7.382687e+002  8.165382e-005
 7.388875e+002  8.296547e-005
 7.395062e+002  7.874692e-005
 7.401250e+002  7.803168e-005
 7.407437e+002  8.259648e-005
 7.413625e+002  7.935950e-005
 7.419812e+002  7.670614e-005
 7.426000e+002  7.367926e-005
 7.432187e+002  8.373820e-005
 7.438375e+002  8.359165e-005
 7.444562e+002  8.228496e-005
 7.450750e+002  8.317534e-005
 7.456937e+002  8.189487e-005
 7.463125e+002  7.959586e-005
 7.469312e+002  8.035790e-005
 7.475500e+002  7.745340e-005
 7.481687e+002  8.130758e-005
 7.487875e+002  7.585566e-005
 7.494062e+002  7.170886e-005
 7.500250e+002  8.974852e-005
 7.506437e+002  2.300307e-004
 7.512625e+002  2.316107e-004
 7.518812e+002  9.534404e-005
 7.525000e+002  7.792738e-005
 7.531187e+002  8.197942e-005
 7.537375e+002  7.514832e-005
 7.543562e+002  7.381559e-005
 7.549750e+002  7.509026e-005
 7.555937e+002  8.272520e-005
 7.562125e+002  8.139005e-005
 7.568312e+002  8.000527e-005
 7.574500e+002  8.071024e-005
 7.580687e+002  8.466746e-005
 7.586875e+002  7.056874e-005
 7.593062e+002  6.945492e-005
 7.599250e+002  7.885681e-005
 7.605437e+002  8.073016e-005
 7.611625e+002  6.990738e-005
 7.617812e+002  7.002221e-005
 7.624000e+002  7.785676e-005
 7.630187e+002  8.505923e-005
 7.636375e+002  8.421038e-005
 7.642562e+002  7.508585e-005
 7.648750e+002  7.824226e-005
 7.654937e+002  7.765583e-005
 7.661125e+002  8.015859e-005
 7.667312e+002  8.404163e-005
 7.673500e+002  8.478805e-005
 7.679687e+002  7.765227e-005
 7.685875e+002  7.809706e-005
 7.692062e+002  7.978284e-005
 7.698250e+002  7.882693e-005
 7.704437e+002  8.243854e-005
 7.710625e+002  8.028087e-005
 7.716812e+002  7.611338e-005
 7.723000e+002  7.415678e-005
 7.729187e+002  8.149614e-005
 7.735375e+002  8.459813e-005
 7.741562e+002  7.902675e-005
 7.747750e+002  7.349462e-005
 7.753937e+002  7.535914e-005
 7.760125e+002  7.242095e-005
 7.766312e+002  7.033127e-005
 7.772500e+002  7.445873e-005
 7.778687e+002  8.149189e-005
 7.784875e+002  7.954654e-005
 7.791062e+002  8.172934e-005
 7.797250e+002  8.359208e-005
 7.803437e+002  8.570016e-005
 7.809625e+002  7.793341e-005
 7.815812e+002  7.865476e-005
 7.822000e+002  7.718615e-005
 7.828187e+002  8.236877e-005
 7.834375e+002  7.523382e-005
 7.840562e+002  7.764469e-005
 7.846750e+002  7.465219e-005
 7.852937e+002  7.555704e-005
 7.859125e+002  8.468214e-005
 7.865312e+002  8.080932e-005
 7.871500e+002  8.059993e-005
 7.877687e+002  7.922186e-005
 7.883875e+002  7.326581e-005
 7.890062e+002  7.047569e-005
 7.896250e+002  7.737082e-005
 7.902437e+002  7.823021e-005
 7.908625e+002  7.412879e-005
 7.914812e+002  8.022574e-005
 7.921000e+002  7.232782e-005
 7.927187e+002  6.816451e-005
 7.933375e+002  7.072381e-005
 7.939562e+002  7.725642e-005
 7.945750e+002  7.921680e-005
 7.951937e+002  7.890225e-005
 7.958125e+002  8.507479e-005
 7.964312e+002  8.973061e-005
 7.970500e+002  8.391036e-005
 7.976687e+002  8.631927e-005
 7.982875e+002  8.226842e-005
 7.989062e+002  6.813556e-005
 7.995250e+002  8.082118e-005
 8.001437e+002  8.163490e-005
 8.007625e+002  1.042102e-004
 8.013812e+002  1.042362e-004
 8.020000e+002  8.188838e-005
 8.026187e+002  7.427393e-005
 8.032375e+002  7.913418e-005
 8.038562e+002  7.966348e-005
 8.044750e+002  8.244724e-005
 8.050937e+002  8.487774e-005
 8.057125e+002  7.652690e-005
 8.063312e+002  7.306044e-005
 8.069500e+002  7.561394e-005
 8.075687e+002  7.651910e-005
 8.081875e+002  7.489070e-005
 8.088062e+002  7.445940e-005
 8.094250e+002  7.242137e-005
 8.100437e+002  7.372424e-005
 8.106625e+002  8.067422e-005
 8.112812e+002  7.569595e-005
 8.119000e+002  7.478890e-005
 8.125187e+002  8.260090e-005
 8.131375e+002  8.093722e-005
 8.137562e+002  8.268797e-005
 8.143750e+002  7.375171e-005
 8.149937e+002  8.037062e-005
 8.156125e+002  8.704962e-005
 8.162312e+002  7.405500e-005
 8.168500e+002  7.211970e-005
 8.174687e+002  8.852244e-005
 8.180875e+002  8.323022e-005
 8.187062e+002  7.707858e-005
 8.193250e+002  7.662703e-005
 8.199437e+002  7.534917e-005
 8.205625e+002  7.779809e-005
 8.211812e+002  6.804074e-005
 8.218000e+002  7.756381e-005
 8.224187e+002  8.047314e-005
 8.230375e+002  8.397737e-005
 8.236562e+002  8.590489e-005
 8.242750e+002  8.411468e-005
 8.248937e+002  7.842802e-005
 8.255125e+002  7.326498e-005
 8.261312e+002  7.428904e-005
 8.267500e+002  7.032680e-005
 8.273687e+002  7.485463e-005
 8.279875e+002  8.403375e-005
 8.286062e+002  8.189460e-005
 8.292250e+002  7.887750e-005
 8.298437e+002  7.957501e-005
 8.304625e+002  8.198584e-005
 8.310812e+002  8.321815e-005
 8.317000e+002  8.087712e-005
 8.323187e+002  8.166978e-005
 8.329375e+002  7.746771e-005
 8.335562e+002  7.815508e-005
 8.341750e+002  7.194892e-005
 8.347937e+002  6.796598e-005
 8.354125e+002  7.672144e-005
 8.360312e+002  7.729184e-005
 8.366500e+002  7.541151e-005
 8.372687e+002  7.001135e-005
 8.378875e+002  7.284435e-005
 8.385062e+002  7.426373e-005
 8.391250e+002  8.660682e-005
 8.397437e+002  8.764592e-005
 8.403625e+002  7.046344e-005
 8.409812e+002  7.420192e-005
 8.416000e+002  7.639108e-005
 8.422187e+002  8.047033e-005
 8.428375e+002  7.548971e-005
 8.434562e+002  7.416134e-005
 8.440750e+002  7.578864e-005
 8.446937e+002  7.354541e-005
 8.453125e+002  7.399592e-005
 8.459312e+002  8.188950e-005
 8.465500e+002  7.984395e-005
 8.471687e+002  8.045350e-005
 8.477875e+002  7.649717e-005
 8.484062e+002  7.447497e-005
 8.490250e+002  7.532743e-005
 8.496437e+002  8.333512e-005
 8.502625e+002  1.009537e-004
 8.508812e+002  2.335242e-004
 8.515000e+002  2.111355e-004
 8.521187e+002  9.167658e-005
 8.527375e+002  7.416272e-005
 8.533562e+002  7.788480e-005
 8.539750e+002  7.846537e-005
 8.545937e+002  8.193245e-005
 8.552125e+002  8.779444e-005
 8.558312e+002  8.024705e-005
 8.564500e+002  7.567125e-005
 8.570687e+002  7.850843e-005
 8.576875e+002  7.294807e-005
 8.583062e+002  7.811688e-005
 8.589250e+002  7.627027e-005
 8.595437e+002  7.787655e-005
 8.601625e+002  8.280025e-005
 8.607812e+002  8.481862e-005
 8.614000e+002  8.482073e-005
 8.620187e+002  8.027026e-005
 8.626375e+002  7.867430e-005
 8.632562e+002  7.979419e-005
 8.638750e+002  7.868024e-005
 8.644937e+002  8.124187e-005
 8.651125e+002  7.806932e-005
 8.657312e+002  7.782482e-005
 8.663500e+002  7.101224e-005
 8.669687e+002  7.630033e-005
 8.675875e+002  7.983540e-005
 8.682062e+002  7.821983e-005
 8.688250e+002  7.915321e-005
 8.694437e+002  8.900731e-005
 8.700625e+002  8.371957e-005
 8.706812e+002  7.767319e-005
 8.713000e+002  7.988102e-005
 8.719187e+002  8.804055e-005
 8.725375e+002  8.368720e-005
 8.731562e+002  7.763409e-005
 8.737750e+002  7.888448e-005
 8.743937e+002  7.678320e-005
 8.750125e+002  7.883496e-005
 8.756312e+002  8.555517e-005
 8.762500e+002  8.409712e-005
 8.768687e+002  8.684456e-005
 8.774875e+002  8.497315e-005
 8.781062e+002  7.890265e-005
 8.787250e+002  7.509259e-005
 8.793437e+002  7.017067e-005
 8.799625e+002  7.563174e-005
 8.805812e+002  7.551055e-005
 8.812000e+002  7.609250e-005
 8.818187e+002  7.816550e-005
 8.824375e+002  7.251896e-005
 8.830562e+002  8.000150e-005
 8.836750e+002  8.203403e-005
 8.842937e+002  7.499186e-005
 8.849125e+002  7.145034e-005
 8.855312e+002  7.030899e-005
 8.861500e+002  7.741677e-005
 8.867687e+002  7.883738e-005
 8.873875e+002  8.016031e-005
 8.880062e+002  7.904993e-005
 8.886250e+002  7.735473e-005
 8.892437e+002  7.671644e-005
 8.898625e+002  7.924929e-005
 8.904812e+002  7.837492e-005
 8.911000e+002  7.698802e-005
 8.917187e+002  7.802856e-005
 8.923375e+002  8.072729e-005
 8.929562e+002  7.831902e-005
 8.935750e+002  8.076919e-005
 8.941937e+002  8.206064e-005
 8.948125e+002  8.706143e-005
 8.954312e+002  8.632722e-005
 8.960500e+002  8.559968e-005
 8.966687e+002  8.357551e-005
 8.972875e+002  8.195522e-005
 8.979062e+002  7.598229e-005
 8.985250e+002  7.114552e-005
 8.991437e+002  7.597793e-005
 8.997625e+002  8.031428e-005
 9.003812e+002  8.360125e-005
 9.010000e+002  1.165344e-004
 9.016187e+002  1.007833e-004
 9.022375e+002  7.770682e-005
 9.028562e+002  7.648369e-005
 9.034750e+002  6.968139e-005
 9.040937e+002  7.360225e-005
 9.047125e+002  8.426807e-005
 9.053312e+002  8.348722e-005
 9.059500e+002  7.727015e-005
 9.065687e+002  7.754155e-005
 9.071875e+002  8.101446e-005
 9.078062e+002  8.002169e-005
 9.084250e+002  8.023321e-005
 9.090437e+002  7.978827e-005
 9.096625e+002  7.507769e-005
 9.102812e+002  7.759728e-005
 9.109000e+002  7.245045e-005
 9.115187e+002  7.209891e-005
 9.121375e+002  7.909192e-005
 9.127562e+002  8.106604e-005
 9.133750e+002  7.854491e-005
 9.139937e+002  7.511928e-005
 9.146125e+002  7.208333e-005
 9.152312e+002  7.107128e-005
 9.158500e+002  8.048695e-005
 9.164687e+002  8.623335e-005
 9.170875e+002  8.283979e-005
 9.177062e+002  8.057230e-005
 9.183250e+002  8.366793e-005
 9.189437e+002  7.986528e-005
 9.195625e+002  7.773160e-005
 9.201812e+002  7.513109e-005
 9.208000e+002  7.980631e-005
 9.214187e+002  7.829762e-005
 9.220375e+002  7.536668e-005
 9.226562e+002  7.250237e-005
 9.232750e+002  7.476185e-005
 9.238937e+002  8.305844e-005
 9.245125e+002  7.902611e-005
 9.251312e+002  8.832747e-005
 9.257500e+002  8.693942e-005
 9.263687e+002  7.856811e-005
 9.269875e+002  7.933178e-005
 9.276062e+002  7.560813e-005
 9.282250e+002  7.664162e-005
 9.288437e+002  8.219159e-005
 9.294625e+002  7.979939e-005
 9.300812e+002  7.964764e-005
 9.307000e+002  7.784891e-005
 9.313187e+002  7.533251e-005
 9.319375e+002  7.237747e-005
 9.325562e+002  7.377367e-005
 9.331750e+002  7.956411e-005
 9.337937e+002  8.774351e-005
 9.344125e+002  8.773056e-005
 9.350312e+002  8.375170e-005
 9.356500e+002  8.060490e-005
 9.362687e+002  7.062019e-005
 9.368875e+002  7.350021e-005
 9.375062e+002  7.436794e-005
 9.381250e+002  7.856738e-005
 9.387437e+002  8.354772e-005
 9.393625e+002  8.751397e-005
 9.399812e+002  8.901689e-005
 9.406000e+002  8.330336e-005
 9.412187e+002  8.727752e-005
 9.418375e+002  8.629053e-005
 9.424562e+002  7.832264e-005
 9.430750e+002  7.935831e-005
 9.436937e+002  8.515079e-005
 9.443125e+002  6.713909e-005
 9.449312e+002  6.927247e-005
 9.455500e+002  7.198561e-005
 9.461687e+002  7.051149e-005
 9.467875e+002  8.017954e-005
 9.474062e+002  8.438649e-005
 9.480250e+002  7.600543e-005
 9.486437e+002  7.828975e-005
 9.492625e+002  7.977153e-005
 9.498812e+002  8.637819e-005
 9.505000e+002  1.052982e-004
 9.511187e+002  1.798058e-004
 9.517375e+002  1.431516e-004
 9.523562e+002  8.199423e-005
 9.529750e+002  7.449695e-005
 9.535937e+002  7.793917e-005
 9.542125e+002  7.816917e-005
 9.548312e+002  7.099297e-005
 9.554500e+002  7.749673e-005
 9.560687e+002  8.272719e-005
 9.566875e+002  8.739303e-005
 9.573062e+002  8.392721e-005
 9.579250e+002  8.108953e-005
 9.585437e+002  7.727232e-005
 9.591625e+002  7.909544e-005
 9.597812e+002  8.162051e-005
 9.604000e+002  7.871696e-005
 9.610187e+002  7.517237e-005
 9.616375e+002  7.392238e-005
 9.622562e+002  7.502120e-005
 9.628750e+002  7.510277e-005
 9.634937e+002  7.591481e-005
 9.641125e+002  8.102604e-005
 9.647312e+002  8.271099e-005
 9.653500e+002  7.962807e-005
 9.659687e+002  7.673963e-005
 9.665875e+002  7.716828e-005
 9.672062e+002  7.051259e-005
 9.678250e+002  7.961987e-005
 9.684437e+002  7.851820e-005
 9.690625e+002  7.608184e-005
 9.696812e+002  8.398311e-005
 9.703000e+002  9.037746e-005
 9.709187e+002  8.362138e-005
 9.715375e+002  8.122547e-005
 9.721562e+002  8.071416e-005
 9.727750e+002  7.555647e-005
 9.733937e+002  7.673190e-005
 9.740125e+002  7.790889e-005
 9.746312e+002  7.690820e-005
 9.752500e+002  7.195475e-005
 9.758687e+002  7.668879e-005
 9.764875e+002  7.704008e-005
 9.771062e+002  7.460353e-005
 9.777250e+002  7.278106e-005
 9.783437e+002  7.268333e-005
 9.789625e+002  7.617373e-005
 9.795812e+002  7.694472e-005
 9.802000e+002  8.126306e-005
 9.808187e+002  8.056698e-005
 9.814375e+002  8.173893e-005
 9.820562e+002  7.820598e-005
 9.826750e+002  8.274419e-005
 9.832937e+002  7.991529e-005
 9.839125e+002  7.885898e-005
 9.845312e+002  8.009606e-005
 9.851500e+002  7.505536e-005
 9.857687e+002  7.717298e-005
 9.863875e+002  8.115054e-005
 9.870062e+002  8.114721e-005
 9.876250e+002  8.019349e-005
 9.882437e+002  7.817738e-005
 9.888625e+002  7.032892e-005
 9.894812e+002  7.158739e-005
 9.901000e+002  7.729901e-005
 9.907187e+002  7.497124e-005
 9.913375e+002  8.081562e-005
 9.919562e+002  8.285519e-005
 9.925750e+002  8.323805e-005
 9.931937e+002  8.346179e-005
 9.938125e+002  8.965503e-005
 9.944312e+002  8.138735e-005
 9.950500e+002  7.873163e-005
 9.956687e+002  8.064022e-005
 9.962875e+002  7.631695e-005
 9.969062e+002  6.948751e-005
 9.975250e+002  7.215002e-005
 9.981437e+002  7.222997e-005
 9.987625e+002  7.386139e-005
 9.993812e+002  7.024353e-005
 1.000000e+003  7.438033e-005
