 1.000000e+001  2.481561e-004
 1.061875e+001  2.096885e-004
 1.123750e+001  2.074527e-004
 1.185625e+001  2.102215e-004
 1.247500e+001  1.911534e-004
 1.309375e+001  1.882469e-004
 1.371250e+001  1.978556e-004
 1.433125e+001  1.990031e-004
 1.495000e+001  1.948019e-004
 1.556875e+001  2.076515e-004
 1.618750e+001  2.119051e-004
 1.680625e+001  1.833111e-004
 1.742500e+001  1.775579e-004
 1.804375e+001  1.806668e-004
 1.866250e+001  1.909408e-004
 1.928125e+001  2.108404e-004
 1.990000e+001  1.918524e-004
 2.051875e+001  1.781570e-004
 2.113750e+001  1.759554e-004
 2.175625e+001  1.803190e-004
 2.237500e+001  1.679079e-004
 2.299375e+001  1.647760e-004
 2.361250e+001  1.490655e-004
 2.423125e+001  1.536320e-004
 2.485000e+001  1.538493e-004
 2.546875e+001  1.603300e-004
 2.608750e+001  1.677650e-004
 2.670625e+001  1.638066e-004
 2.732500e+001  1.436564e-004
 2.794375e+001  1.548183e-004
 2.856250e+001  1.520237e-004
 2.918125e+001  1.451074e-004
 2.980000e+001  1.381072e-004
 3.041875e+001  1.602904e-004
 3.103750e+001  1.535369e-004
 3.165625e+001  1.375110e-004
 3.227500e+001  1.478981e-004
 3.289375e+001  1.501281e-004
 3.351250e+001  1.360191e-004
 3.413125e+001  1.281613e-004
 3.475000e+001  1.260836e-004
 3.536875e+001  1.437884e-004
 3.598750e+001  1.469247e-004
 3.660625e+001  1.274921e-004
 3.722500e+001  1.335637e-004
 3.784375e+001  1.348806e-004
 3.846250e+001  1.343721e-004
 3.908125e+001  1.405076e-004
 3.970000e+001  1.449367e-004
 4.031875e+001  1.378004e-004
 4.093750e+001  1.338952e-004
 4.155625e+001  1.404773e-004
 4.217500e+001  1.160843e-004
 4.279375e+001  1.100210e-004
 4.341250e+001  1.103049e-004
 4.403125e+001  1.161241e-004
 4.465000e+001  1.130819e-004
 4.526875e+001  9.907843e-005
 4.588750e+001  1.111973e-004
 4.650625e+001  9.966112e-005
 4.712500e+001  1.062947e-004
 4.774375e+001  1.325674e-004
 4.836250e+001  2.086154e-004
 4.898125e+001  1.073686e-003
 4.960000e+001  8.026002e-003
 5.021875e+001  9.794945e-003
 5.083750e+001  2.712268e-003
 5.145625e+001  2.973425e-004
 5.207500e+001  1.167502e-004
 5.269375e+001  1.035433e-004
 5.331250e+001  1.028630e-004
 5.393125e+001  9.244829e-005
 5.455000e+001  9.093065e-005
 5.516875e+001  9.803791e-005
 5.578750e+001  9.741371e-005
 5.640625e+001  8.533194e-005
 5.702500e+001  8.869158e-005
 5.764375e+001  9.613886e-005
 5.826250e+001  8.502853e-005
 5.888125e+001  9.133173e-005
 5.950000e+001  8.588853e-005
 6.011875e+001  8.173361e-005
 6.073750e+001  8.437589e-005
 6.135625e+001  9.417201e-005
 6.197500e+001  9.603827e-005
 6.259375e+001  9.317294e-005
 6.321250e+001  8.759100e-005
 6.383125e+001  9.428925e-005
 6.445000e+001  9.396218e-005
 6.506875e+001  7.693463e-005
 6.568750e+001  7.571028e-005
 6.630625e+001  8.514655e-005
 6.692500e+001  9.125463e-005
 6.754375e+001  9.214064e-005
 6.816250e+001  9.100227e-005
 6.878125e+001  8.054506e-005
 6.940000e+001  7.302986e-005
 7.001875e+001  8.244086e-005
 7.063750e+001  7.560762e-005
 7.125625e+001  7.029290e-005
 7.187500e+001  7.338591e-005
 7.249375e+001  6.662940e-005
 7.311250e+001  6.848299e-005
 7.373125e+001  7.237877e-005
 7.435000e+001  8.548167e-005
 7.496875e+001  7.240765e-005
 7.558750e+001  6.149034e-005
 7.620625e+001  7.712575e-005
 7.682500e+001  7.003256e-005
 7.744375e+001  6.936409e-005
 7.806250e+001  7.780600e-005
 7.868125e+001  9.359536e-005
 7.930000e+001  8.149989e-005
 7.991875e+001  6.734337e-005
 8.053750e+001  6.337960e-005
 8.115625e+001  6.407573e-005
 8.177500e+001  6.812618e-005
 8.239375e+001  6.991686e-005
 8.301250e+001  6.919849e-005
 8.363125e+001  6.659316e-005
 8.425000e+001  6.284801e-005
 8.486875e+001  6.562167e-005
 8.548750e+001  6.875923e-005
 8.610625e+001  6.003936e-005
 8.672500e+001  5.498463e-005
 8.734375e+001  5.600180e-005
 8.796250e+001  5.301062e-005
 8.858125e+001  5.726948e-005
 8.920000e+001  5.592992e-005
 8.981875e+001  6.568363e-005
 9.043750e+001  7.064484e-005
 9.105625e+001  6.746608e-005
 9.167500e+001  6.424768e-005
 9.229375e+001  6.842809e-005
 9.291250e+001  6.514255e-005
 9.353125e+001  6.465196e-005
 9.415000e+001  5.941628e-005
 9.476875e+001  5.668431e-005
 9.538750e+001  5.973552e-005
 9.600625e+001  5.728603e-005
 9.662500e+001  5.428630e-005
 9.724375e+001  4.967773e-005
 9.786250e+001  4.922663e-005
 9.848125e+001  5.790540e-005
 9.910000e+001  1.161834e-004
 9.971875e+001  4.444191e-004
 1.003375e+002  4.218821e-004
 1.009563e+002  9.462021e-005
 1.015750e+002  5.980816e-005
 1.021938e+002  5.960553e-005
 1.028125e+002  5.643322e-005
 1.034313e+002  4.895105e-005
 1.040500e+002  4.822890e-005
 1.046688e+002  5.354544e-005
 1.052875e+002  5.366509e-005
 1.059063e+002  4.774292e-005
 1.065250e+002  4.642931e-005
 1.071438e+002  4.669524e-005
 1.077625e+002  5.246032e-005
 1.083813e+002  4.482303e-005
 1.090000e+002  5.183653e-005
 1.096188e+002  5.407512e-005
 1.102375e+002  4.772013e-005
 1.108563e+002  4.924193e-005
 1.114750e+002  5.303051e-005
 1.120938e+002  4.596309e-005
 1.127125e+002  4.612999e-005
 1.133313e+002  4.958266e-005
 1.139500e+002  5.272647e-005
 1.145688e+002  5.064262e-005
 1.151875e+002  4.882807e-005
 1.158063e+002  4.995050e-005
 1.164250e+002  4.887865e-005
 1.170438e+002  4.798529e-005
 1.176625e+002  4.389358e-005
 1.182813e+002  4.846295e-005
 1.189000e+002  4.917168e-005
 1.195188e+002  4.380508e-005
 1.201375e+002  4.429245e-005
 1.207563e+002  4.236490e-005
 1.213750e+002  4.303432e-005
 1.219938e+002  4.762101e-005
 1.226125e+002  4.642683e-005
 1.232313e+002  4.658732e-005
 1.238500e+002  4.680489e-005
 1.244688e+002  4.818271e-005
 1.250875e+002  4.533382e-005
 1.257063e+002  4.766238e-005
 1.263250e+002  4.528248e-005
 1.269438e+002  3.971799e-005
 1.275625e+002  4.268342e-005
 1.281813e+002  4.511690e-005
 1.288000e+002  4.203557e-005
 1.294188e+002  4.268772e-005
 1.300375e+002  4.492923e-005
 1.306563e+002  3.855717e-005
 1.312750e+002  3.835954e-005
 1.318938e+002  3.867369e-005
 1.325125e+002  3.864736e-005
 1.331313e+002  4.081029e-005
 1.337500e+002  3.628363e-005
 1.343688e+002  3.552087e-005
 1.349875e+002  3.956155e-005
 1.356063e+002  4.074212e-005
 1.362250e+002  3.940729e-005
 1.368438e+002  3.946508e-005
 1.374625e+002  3.872007e-005
 1.380813e+002  3.988893e-005
 1.387000e+002  4.008537e-005
 1.393188e+002  3.794000e-005
 1.399375e+002  4.056921e-005
 1.405563e+002  4.038117e-005
 1.411750e+002  3.761599e-005
 1.417938e+002  3.754258e-005
 1.424125e+002  3.644228e-005
 1.430313e+002  4.024259e-005
 1.436500e+002  3.786885e-005
 1.442688e+002  3.741924e-005
 1.448875e+002  3.643492e-005
 1.455063e+002  4.036538e-005
 1.461250e+002  4.150655e-005
 1.467438e+002  3.881414e-005
 1.473625e+002  4.576388e-005
 1.479813e+002  6.513799e-005
 1.486000e+002  2.073612e-004
 1.492188e+002  2.432855e-003
 1.498375e+002  7.505271e-003
 1.504563e+002  5.497234e-003
 1.510750e+002  5.537641e-004
 1.516938e+002  1.124698e-004
 1.523125e+002  5.400421e-005
 1.529313e+002  4.282817e-005
 1.535500e+002  3.595432e-005
 1.541688e+002  3.371204e-005
 1.547875e+002  3.401963e-005
 1.554063e+002  3.181507e-005
 1.560250e+002  3.493579e-005
 1.566438e+002  3.910374e-005
 1.572625e+002  3.902948e-005
 1.578813e+002  3.579367e-005
 1.585000e+002  3.331327e-005
 1.591188e+002  3.681585e-005
 1.597375e+002  4.092008e-005
 1.603563e+002  3.742706e-005
 1.609750e+002  3.408362e-005
 1.615938e+002  3.100053e-005
 1.622125e+002  3.296402e-005
 1.628313e+002  3.475909e-005
 1.634500e+002  3.141880e-005
 1.640688e+002  3.062054e-005
 1.646875e+002  3.074384e-005
 1.653063e+002  3.367872e-005
 1.659250e+002  3.708920e-005
 1.665438e+002  3.684768e-005
 1.671625e+002  3.383785e-005
 1.677813e+002  3.368758e-005
 1.684000e+002  3.396595e-005
 1.690188e+002  3.543197e-005
 1.696375e+002  3.607030e-005
 1.702563e+002  3.368000e-005
 1.708750e+002  3.188628e-005
 1.714938e+002  3.220740e-005
 1.721125e+002  3.459349e-005
 1.727313e+002  3.562950e-005
 1.733500e+002  3.296076e-005
 1.739688e+002  2.969453e-005
 1.745875e+002  3.605279e-005
 1.752063e+002  3.622316e-005
 1.758250e+002  3.325493e-005
 1.764438e+002  3.665121e-005
 1.770625e+002  3.217955e-005
 1.776813e+002  3.193468e-005
 1.783000e+002  3.340003e-005
 1.789188e+002  3.473081e-005
 1.795375e+002  3.452993e-005
 1.801563e+002  3.162180e-005
 1.807750e+002  3.260685e-005
 1.813938e+002  3.387759e-005
 1.820125e+002  3.374360e-005
 1.826313e+002  3.655555e-005
 1.832500e+002  3.039944e-005
 1.838688e+002  2.950647e-005
 1.844875e+002  3.156867e-005
 1.851063e+002  3.351855e-005
 1.857250e+002  3.172008e-005
 1.863438e+002  2.959147e-005
 1.869625e+002  3.186660e-005
 1.875813e+002  3.305404e-005
 1.882000e+002  3.220260e-005
 1.888188e+002  3.126907e-005
 1.894375e+002  3.013217e-005
 1.900563e+002  2.971646e-005
 1.906750e+002  3.422849e-005
 1.912938e+002  3.646152e-005
 1.919125e+002  3.150225e-005
 1.925313e+002  2.954777e-005
 1.931500e+002  2.938355e-005
 1.937688e+002  3.246033e-005
 1.943875e+002  3.428261e-005
 1.950063e+002  3.543530e-005
 1.956250e+002  3.461326e-005
 1.962438e+002  3.393969e-005
 1.968625e+002  3.224706e-005
 1.974813e+002  3.342873e-005
 1.981000e+002  3.226935e-005
 1.987188e+002  3.177532e-005
 1.993375e+002  1.394472e-004
 1.999563e+002  3.008690e-004
 2.005750e+002  1.655823e-004
 2.011938e+002  2.907903e-005
 2.018125e+002  3.075672e-005
 2.024313e+002  3.390288e-005
 2.030500e+002  3.153763e-005
 2.036688e+002  2.799270e-005
 2.042875e+002  3.043752e-005
 2.049063e+002  2.852626e-005
 2.055250e+002  2.687019e-005
 2.061438e+002  2.980710e-005
 2.067625e+002  2.928876e-005
 2.073813e+002  3.300462e-005
 2.080000e+002  3.230500e-005
 2.086188e+002  2.886600e-005
 2.092375e+002  2.729407e-005
 2.098563e+002  2.877776e-005
 2.104750e+002  2.880126e-005
 2.110938e+002  3.200674e-005
 2.117125e+002  3.243133e-005
 2.123313e+002  2.667421e-005
 2.129500e+002  2.762957e-005
 2.135688e+002  2.641781e-005
 2.141875e+002  2.836964e-005
 2.148063e+002  2.715189e-005
 2.154250e+002  2.746085e-005
 2.160438e+002  2.624001e-005
 2.166625e+002  2.631158e-005
 2.172813e+002  2.761501e-005
 2.179000e+002  2.798193e-005
 2.185188e+002  3.195290e-005
 2.191375e+002  3.104144e-005
 2.197563e+002  3.032468e-005
 2.203750e+002  2.946725e-005
 2.209938e+002  2.999260e-005
 2.216125e+002  2.961297e-005
 2.222313e+002  3.183408e-005
 2.228500e+002  2.998739e-005
 2.234688e+002  2.760501e-005
 2.240875e+002  2.764055e-005
 2.247063e+002  2.713116e-005
 2.253250e+002  2.882578e-005
 2.259438e+002  2.426483e-005
 2.265625e+002  2.427899e-005
 2.271813e+002  2.782164e-005
 2.278000e+002  2.961986e-005
 2.284188e+002  2.867167e-005
 2.290375e+002  2.886673e-005
 2.296563e+002  2.882278e-005
 2.302750e+002  2.937909e-005
 2.308938e+002  2.659226e-005
 2.315125e+002  2.763531e-005
 2.321313e+002  3.013652e-005
 2.327500e+002  2.850866e-005
 2.333688e+002  2.927652e-005
 2.339875e+002  3.028659e-005
 2.346063e+002  2.839756e-005
 2.352250e+002  2.651832e-005
 2.358438e+002  2.972212e-005
 2.364625e+002  3.227647e-005
 2.370813e+002  2.703823e-005
 2.377000e+002  2.636304e-005
 2.383188e+002  2.784984e-005
 2.389375e+002  2.908639e-005
 2.395563e+002  2.614872e-005
 2.401750e+002  2.634118e-005
 2.407938e+002  2.367372e-005
 2.414125e+002  2.519900e-005
 2.420313e+002  2.571676e-005
 2.426500e+002  2.774885e-005
 2.432688e+002  2.759491e-005
 2.438875e+002  2.633782e-005
 2.445063e+002  2.809304e-005
 2.451250e+002  3.107231e-005
 2.457438e+002  2.658632e-005
 2.463625e+002  2.367348e-005
 2.469813e+002  2.384557e-005
 2.476000e+002  2.665598e-005
 2.482188e+002  3.307285e-005
 2.488375e+002  5.718831e-005
 2.494563e+002  1.098495e-003
 2.500750e+002  1.854192e-003
 2.506938e+002  7.852988e-004
 2.513125e+002  4.032761e-005
 2.519313e+002  2.569742e-005
 2.525500e+002  2.858294e-005
 2.531688e+002  2.807382e-005
 2.537875e+002  2.583605e-005
 2.544063e+002  2.727171e-005
 2.550250e+002  2.791773e-005
 2.556438e+002  2.833015e-005
 2.562625e+002  2.602057e-005
 2.568813e+002  2.766286e-005
 2.575000e+002  2.760160e-005
 2.581188e+002  2.501935e-005
 2.587375e+002  2.542288e-005
 2.593563e+002  2.656838e-005
 2.599750e+002  2.704098e-005
 2.605938e+002  2.794243e-005
 2.612125e+002  2.914380e-005
 2.618313e+002  2.915459e-005
 2.624500e+002  2.742952e-005
 2.630688e+002  2.745657e-005
 2.636875e+002  2.735149e-005
 2.643063e+002  2.847186e-005
 2.649250e+002  2.519394e-005
 2.655438e+002  2.684206e-005
 2.661625e+002  2.793974e-005
 2.667813e+002  2.789758e-005
 2.674000e+002  2.805114e-005
 2.680188e+002  2.828139e-005
 2.686375e+002  2.699471e-005
 2.692563e+002  2.622038e-005
 2.698750e+002  2.881363e-005
 2.704938e+002  2.805669e-005
 2.711125e+002  2.883365e-005
 2.717313e+002  2.585472e-005
 2.723500e+002  2.352439e-005
 2.729688e+002  2.499879e-005
 2.735875e+002  2.784729e-005
 2.742063e+002  2.444008e-005
 2.748250e+002  2.546774e-005
 2.754438e+002  2.367420e-005
 2.760625e+002  2.360089e-005
 2.766813e+002  2.625435e-005
 2.773000e+002  2.580047e-005
 2.779188e+002  2.689231e-005
 2.785375e+002  2.621634e-005
 2.791563e+002  2.560903e-005
 2.797750e+002  2.508990e-005
 2.803938e+002  2.327163e-005
 2.810125e+002  2.214167e-005
 2.816313e+002  2.757275e-005
 2.822500e+002  2.978755e-005
 2.828688e+002  2.598244e-005
 2.834875e+002  2.805231e-005
 2.841063e+002  2.836078e-005
 2.847250e+002  2.563328e-005
 2.853438e+002  2.504149e-005
 2.859625e+002  2.819474e-005
 2.865813e+002  2.887408e-005
 2.872000e+002  2.656841e-005
 2.878188e+002  2.618751e-005
 2.884375e+002  2.399070e-005
 2.890563e+002  2.570294e-005
 2.896750e+002  2.690712e-005
 2.902938e+002  2.802269e-005
 2.909125e+002  2.888519e-005
 2.915313e+002  2.677268e-005
 2.921500e+002  2.462393e-005
 2.927688e+002  2.470110e-005
 2.933875e+002  2.754985e-005
 2.940063e+002  2.782145e-005
 2.946250e+002  2.597485e-005
 2.952438e+002  2.713807e-005
 2.958625e+002  2.558393e-005
 2.964813e+002  2.605374e-005
 2.971000e+002  2.553378e-005
 2.977188e+002  2.450147e-005
 2.983375e+002  2.801352e-005
 2.989563e+002  3.776141e-005
 2.995750e+002  2.154536e-004
 3.001938e+002  2.798348e-004
 3.008125e+002  9.297878e-005
 3.014313e+002  2.703724e-005
 3.020500e+002  2.639006e-005
 3.026688e+002  2.608119e-005
 3.032875e+002  2.565818e-005
 3.039063e+002  2.451421e-005
 3.045250e+002  2.650479e-005
 3.051438e+002  2.611980e-005
 3.057625e+002  2.751643e-005
 3.063813e+002  2.872012e-005
 3.070000e+002  2.507008e-005
 3.076188e+002  2.370295e-005
 3.082375e+002  2.596162e-005
 3.088563e+002  2.427957e-005
 3.094750e+002  2.460632e-005
 3.100938e+002  2.329956e-005
 3.107125e+002  2.319380e-005
 3.113313e+002  2.621762e-005
 3.119500e+002  2.739204e-005
 3.125688e+002  2.646390e-005
 3.131875e+002  2.763024e-005
 3.138063e+002  2.710491e-005
 3.144250e+002  3.007155e-005
 3.150437e+002  2.834006e-005
 3.156625e+002  2.825371e-005
 3.162812e+002  2.922093e-005
 3.169000e+002  2.749129e-005
 3.175187e+002  2.534282e-005
 3.181375e+002  2.545208e-005
 3.187562e+002  2.805499e-005
 3.193750e+002  2.582514e-005
 3.199937e+002  2.320973e-005
 3.206125e+002  2.349030e-005
 3.212312e+002  2.577245e-005
 3.218500e+002  2.685242e-005
 3.224687e+002  2.682958e-005
 3.230875e+002  2.671555e-005
 3.237062e+002  2.355027e-005
 3.243250e+002  2.380806e-005
 3.249437e+002  2.577700e-005
 3.255625e+002  2.681769e-005
 3.261812e+002  2.373247e-005
 3.268000e+002  2.670551e-005
 3.274187e+002  2.416636e-005
 3.280375e+002  2.583828e-005
 3.286562e+002  2.751052e-005
 3.292750e+002  2.741703e-005
 3.298937e+002  2.384027e-005
 3.305125e+002  2.486874e-005
 3.311312e+002  2.599980e-005
 3.317500e+002  2.571191e-005
 3.323687e+002  2.396838e-005
 3.329875e+002  2.511128e-005
 3.336062e+002  2.654375e-005
 3.342250e+002  2.448464e-005
 3.348437e+002  2.502541e-005
 3.354625e+002  2.534584e-005
 3.360812e+002  2.460519e-005
 3.367000e+002  2.354808e-005
 3.373187e+002  2.467121e-005
 3.379375e+002  2.480602e-005
 3.385562e+002  2.483850e-005
 3.391750e+002  2.406614e-005
 3.397937e+002  2.435561e-005
 3.404125e+002  2.448774e-005
 3.410312e+002  2.636584e-005
 3.416500e+002  2.604890e-005
 3.422687e+002  2.710610e-005
 3.428875e+002  2.678660e-005
 3.435062e+002  2.595441e-005
 3.441250e+002  2.344719e-005
 3.447437e+002  2.222385e-005
 3.453625e+002  2.403671e-005
 3.459812e+002  2.370200e-005
 3.466000e+002  2.495897e-005
 3.472187e+002  2.526998e-005
 3.478375e+002  2.459689e-005
 3.484562e+002  2.561403e-005
 3.490750e+002  5.204966e-005
 3.496937e+002  2.351546e-004
 3.503125e+002  2.365947e-004
 3.509312e+002  5.652984e-005
 3.515500e+002  2.637504e-005
 3.521687e+002  2.527501e-005
 3.527875e+002  2.456888e-005
 3.534062e+002  2.387311e-005
 3.540250e+002  2.451507e-005
 3.546437e+002  2.425862e-005
 3.552625e+002  2.602581e-005
 3.558812e+002  2.840256e-005
 3.565000e+002  2.781807e-005
 3.571187e+002  2.527627e-005
 3.577375e+002  2.404155e-005
 3.583562e+002  2.502922e-005
 3.589750e+002  2.585644e-005
 3.595937e+002  2.504417e-005
 3.602125e+002  2.709871e-005
 3.608312e+002  2.523451e-005
 3.614500e+002  2.394899e-005
 3.620687e+002  2.202549e-005
 3.626875e+002  2.351763e-005
 3.633062e+002  2.325511e-005
 3.639250e+002  2.387143e-005
 3.645437e+002  2.214097e-005
 3.651625e+002  2.582472e-005
 3.657812e+002  2.782585e-005
 3.664000e+002  2.326911e-005
 3.670187e+002  2.448943e-005
 3.676375e+002  2.429597e-005
 3.682562e+002  2.269960e-005
 3.688750e+002  2.093972e-005
 3.694937e+002  2.236905e-005
 3.701125e+002  2.433123e-005
 3.707312e+002  2.308936e-005
 3.713500e+002  2.418557e-005
 3.719687e+002  2.297080e-005
 3.725875e+002  2.083026e-005
 3.732062e+002  2.447998e-005
 3.738250e+002  2.297112e-005
 3.744437e+002  2.029481e-005
 3.750625e+002  2.081422e-005
 3.756812e+002  2.019920e-005
 3.763000e+002  2.173529e-005
 3.769187e+002  2.578574e-005
 3.775375e+002  2.353940e-005
 3.781562e+002  2.254883e-005
 3.787750e+002  2.363522e-005
 3.793937e+002  2.203662e-005
 3.800125e+002  2.427676e-005
 3.806312e+002  2.761401e-005
 3.812500e+002  2.338849e-005
 3.818687e+002  2.065310e-005
 3.824875e+002  2.421463e-005
 3.831062e+002  2.361271e-005
 3.837250e+002  2.520395e-005
 3.843437e+002  2.296023e-005
 3.849625e+002  2.456247e-005
 3.855812e+002  2.684873e-005
 3.862000e+002  2.603559e-005
 3.868187e+002  2.447787e-005
 3.874375e+002  2.271645e-005
 3.880562e+002  2.319318e-005
 3.886750e+002  2.217720e-005
 3.892937e+002  2.042537e-005
 3.899125e+002  2.089306e-005
 3.905312e+002  2.209071e-005
 3.911500e+002  2.410738e-005
 3.917687e+002  2.576434e-005
 3.923875e+002  2.582475e-005
 3.930062e+002  2.441695e-005
 3.936250e+002  2.466036e-005
 3.942437e+002  2.635055e-005
 3.948625e+002  2.623386e-005
 3.954812e+002  2.538451e-005
 3.961000e+002  2.091282e-005
 3.967187e+002  2.090796e-005
 3.973375e+002  2.354051e-005
 3.979562e+002  2.471045e-005
 3.985750e+002  2.646734e-005
 3.991937e+002  6.605859e-005
 3.998125e+002  2.051561e-004
 4.004312e+002  1.639857e-004
 4.010500e+002  3.582010e-005
 4.016687e+002  2.433577e-005
 4.022875e+002  1.964076e-005
 4.029062e+002  1.945929e-005
 4.035250e+002  2.237200e-005
 4.041437e+002  2.293933e-005
 4.047625e+002  2.336927e-005
 4.053812e+002  2.538956e-005
 4.060000e+002  2.484246e-005
 4.066187e+002  2.344472e-005
 4.072375e+002  2.420318e-005
 4.078562e+002  2.657504e-005
 4.084750e+002  2.350345e-005
 4.090937e+002  2.359960e-005
 4.097125e+002  2.507231e-005
 4.103312e+002  2.240424e-005
 4.109500e+002  2.215375e-005
 4.115687e+002  2.516149e-005
 4.121875e+002  2.292878e-005
 4.128062e+002  2.093378e-005
 4.134250e+002  2.463972e-005
 4.140437e+002  2.420572e-005
 4.146625e+002  2.301445e-005
 4.152812e+002  2.333985e-005
 4.159000e+002  2.203819e-005
 4.165187e+002  2.093007e-005
 4.171375e+002  2.247404e-005
 4.177562e+002  2.472080e-005
 4.183750e+002  2.567262e-005
 4.189937e+002  2.467453e-005
 4.196125e+002  2.342594e-005
 4.202312e+002  2.166021e-005
 4.208500e+002  2.265624e-005
 4.214687e+002  2.082282e-005
 4.220875e+002  2.064234e-005
 4.227062e+002  2.334410e-005
 4.233250e+002  2.475954e-005
 4.239437e+002  2.363927e-005
 4.245625e+002  2.436229e-005
 4.251812e+002  2.386315e-005
 4.258000e+002  2.281054e-005
 4.264187e+002  2.250021e-005
 4.270375e+002  2.193772e-005
 4.276562e+002  2.495497e-005
 4.282750e+002  2.505925e-005
 4.288937e+002  2.289068e-005
 4.295125e+002  2.087650e-005
 4.301312e+002  2.142549e-005
 4.307500e+002  2.173575e-005
 4.313687e+002  2.021962e-005
 4.319875e+002  2.084420e-005
 4.326062e+002  2.003245e-005
 4.332250e+002  2.020099e-005
 4.338437e+002  2.237912e-005
 4.344625e+002  2.486498e-005
 4.350812e+002  2.296848e-005
 4.357000e+002  2.459710e-005
 4.363187e+002  2.276034e-005
 4.369375e+002  2.140235e-005
 4.375562e+002  1.976512e-005
 4.381750e+002  2.262721e-005
 4.387937e+002  2.213599e-005
 4.394125e+002  2.195876e-005
 4.400312e+002  2.261436e-005
 4.406500e+002  2.452889e-005
 4.412687e+002  2.243169e-005
 4.418875e+002  2.190073e-005
 4.425062e+002  2.300175e-005
 4.431250e+002  2.503013e-005
 4.437437e+002  2.146312e-005
 4.443625e+002  2.133822e-005
 4.449812e+002  2.124205e-005
 4.456000e+002  2.479416e-005
 4.462187e+002  2.463869e-005
 4.468375e+002  2.364566e-005
 4.474562e+002  2.397038e-005
 4.480750e+002  2.352875e-005
 4.486937e+002  1.960477e-005
 4.493125e+002  1.440748e-004
 4.499312e+002  3.381544e-004
 4.505500e+002  2.096064e-004
 4.511687e+002  2.876186e-005
 4.517875e+002  2.295080e-005
 4.524062e+002  2.135484e-005
 4.530250e+002  2.027340e-005
 4.536437e+002  2.209814e-005
 4.542625e+002  2.287346e-005
 4.548812e+002  2.185299e-005
 4.555000e+002  2.271842e-005
 4.561187e+002  2.410345e-005
 4.567375e+002  2.352246e-005
 4.573562e+002  2.240705e-005
 4.579750e+002  2.328560e-005
 4.585937e+002  2.354861e-005
 4.592125e+002  2.434270e-005
 4.598312e+002  2.189189e-005
 4.604500e+002  2.152514e-005
 4.610687e+002  2.247989e-005
 4.616875e+002  2.419206e-005
 4.623062e+002  2.249828e-005
 4.629250e+002  2.246366e-005
 4.635437e+002  2.446698e-005
 4.641625e+002  2.399390e-005
 4.647812e+002  2.243062e-005
 4.654000e+002  2.481411e-005
 4.660187e+002  2.382031e-005
 4.666375e+002  2.006162e-005
 4.672562e+002  1.945326e-005
 4.678750e+002  2.085885e-005
 4.684937e+002  2.114085e-005
 4.691125e+002  2.253985e-005
 4.697312e+002  2.562674e-005
 4.703500e+002  2.565369e-005
 4.709687e+002  2.099264e-005
 4.715875e+002  2.072844e-005
 4.722062e+002  2.081972e-005
 4.728250e+002  2.166411e-005
 4.734437e+002  2.282126e-005
 4.740625e+002  2.297578e-005
 4.746812e+002  2.350571e-005
 4.753000e+002  2.335878e-005
 4.759187e+002  2.293549e-005
 4.765375e+002  2.100962e-005
 4.771562e+002  2.371484e-005
 4.777750e+002  2.243121e-005
 4.783937e+002  2.263097e-005
 4.790125e+002  2.221066e-005
 4.796312e+002  2.347815e-005
 4.802500e+002  2.301006e-005
 4.808687e+002  2.246916e-005
 4.814875e+002  2.288572e-005
 4.821062e+002  2.127811e-005
 4.827250e+002  2.330928e-005
 4.833437e+002  2.157684e-005
 4.839625e+002  1.999688e-005
 4.845812e+002  2.125698e-005
 4.852000e+002  2.317475e-005
 4.858187e+002  2.176041e-005
 4.864375e+002  2.204256e-005
 4.870562e+002  2.296890e-005
 4.876750e+002  2.171590e-005
 4.882937e+002  1.965314e-005
 4.889125e+002  2.180216e-005
 4.895312e+002  2.154544e-005
 4.901500e+002  2.199329e-005
 4.907687e+002  2.059116e-005
 4.913875e+002  2.046570e-005
 4.920062e+002  2.162711e-005
 4.926250e+002  2.109838e-005
 4.932437e+002  2.236541e-005
 4.938625e+002  2.235945e-005
 4.944812e+002  2.254773e-005
 4.951000e+002  2.220255e-005
 4.957187e+002  2.355871e-005
 4.963375e+002  2.366360e-005
 4.969562e+002  2.487487e-005
 4.975750e+002  2.202868e-005
 4.981937e+002  2.054491e-005
 4.988125e+002  2.374445e-005
 4.994312e+002  1.197912e-004
 5.000500e+002  2.054023e-004
 5.006687e+002  1.011748e-004
 5.012875e+002  2.256839e-005
 5.019062e+002  2.289897e-005
 5.025250e+002  2.306613e-005
 5.031437e+002  2.234128e-005
 5.037625e+002  2.249279e-005
 5.043812e+002  2.339837e-005
 5.050000e+002  2.320839e-005
 5.056187e+002  2.236004e-005
 5.062375e+002  2.002520e-005
 5.068562e+002  2.048271e-005
 5.074750e+002  2.267437e-005
 5.080937e+002  2.396855e-005
 5.087125e+002  2.275633e-005
 5.093312e+002  2.206388e-005
 5.099500e+002  2.311067e-005
 5.105687e+002  2.234976e-005
 5.111875e+002  2.287710e-005
 5.118062e+002  2.350058e-005
 5.124250e+002  2.427135e-005
 5.130437e+002  2.495222e-005
 5.136625e+002  2.248745e-005
 5.142812e+002  2.196510e-005
 5.149000e+002  1.908926e-005
 5.155187e+002  2.133130e-005
 5.161375e+002  2.160005e-005
 5.167562e+002  2.343006e-005
 5.173750e+002  2.082356e-005
 5.179937e+002  2.175291e-005
 5.186125e+002  2.225518e-005
 5.192312e+002  2.131327e-005
 5.198500e+002  2.367376e-005
 5.204687e+002  2.352265e-005
 5.210875e+002  2.334083e-005
 5.217062e+002  2.065147e-005
 5.223250e+002  2.063084e-005
 5.229437e+002  2.419574e-005
 5.235625e+002  2.545660e-005
 5.241812e+002  2.396925e-005
 5.248000e+002  2.373659e-005
 5.254187e+002  2.326831e-005
 5.260375e+002  2.200690e-005
 5.266562e+002  2.171712e-005
 5.272750e+002  2.233205e-005
 5.278937e+002  2.108092e-005
 5.285125e+002  2.234743e-005
 5.291312e+002  2.182977e-005
 5.297500e+002  1.810887e-005
 5.303687e+002  1.860909e-005
 5.309875e+002  2.018579e-005
 5.316062e+002  2.300865e-005
 5.322250e+002  2.150220e-005
 5.328437e+002  2.081568e-005
 5.334625e+002  2.176978e-005
 5.340812e+002  2.291295e-005
 5.347000e+002  1.979433e-005
 5.353187e+002  2.011782e-005
 5.359375e+002  2.190541e-005
 5.365562e+002  2.173967e-005
 5.371750e+002  2.332380e-005
 5.377937e+002  2.357816e-005
 5.384125e+002  1.985720e-005
 5.390312e+002  2.059607e-005
 5.396500e+002  2.163400e-005
 5.402687e+002  2.258903e-005
 5.408875e+002  2.047684e-005
 5.415062e+002  1.982504e-005
 5.421250e+002  2.149226e-005
 5.427437e+002  1.936975e-005
 5.433625e+002  2.111210e-005
 5.439812e+002  2.122367e-005
 5.446000e+002  1.823371e-005
 5.452187e+002  1.809950e-005
 5.458375e+002  1.937917e-005
 5.464562e+002  2.119136e-005
 5.470750e+002  2.177437e-005
 5.476937e+002  2.151181e-005
 5.483125e+002  2.306919e-005
 5.489312e+002  4.748214e-005
 5.495500e+002  3.255370e-004
 5.501687e+002  4.454404e-004
 5.507875e+002  1.600546e-004
 5.514062e+002  2.496623e-005
 5.520250e+002  2.114973e-005
 5.526437e+002  2.093534e-005
 5.532625e+002  2.276727e-005
 5.538812e+002  2.335595e-005
 5.545000e+002  2.292645e-005
 5.551187e+002  2.247011e-005
 5.557375e+002  2.254727e-005
 5.563562e+002  2.306736e-005
 5.569750e+002  2.145370e-005
 5.575937e+002  2.014262e-005
 5.582125e+002  2.213990e-005
 5.588312e+002  2.350360e-005
 5.594500e+002  2.397890e-005
 5.600687e+002  2.583297e-005
 5.606875e+002  2.497985e-005
 5.613062e+002  2.236634e-005
 5.619250e+002  2.237757e-005
 5.625437e+002  2.062096e-005
 5.631625e+002  1.957097e-005
 5.637812e+002  2.222126e-005
 5.644000e+002  2.340267e-005
 5.650187e+002  2.179335e-005
 5.656375e+002  2.066499e-005
 5.662562e+002  2.185754e-005
 5.668750e+002  2.217121e-005
 5.674937e+002  2.029051e-005
 5.681125e+002  2.194603e-005
 5.687312e+002  2.155390e-005
 5.693500e+002  1.964662e-005
 5.699687e+002  2.138246e-005
 5.705875e+002  2.122827e-005
 5.712062e+002  2.089076e-005
 5.718250e+002  2.008959e-005
 5.724437e+002  2.000201e-005
 5.730625e+002  1.994021e-005
 5.736812e+002  1.943692e-005
 5.743000e+002  2.009885e-005
 5.749187e+002  2.332820e-005
 5.755375e+002  2.205429e-005
 5.761562e+002  2.309368e-005
 5.767750e+002  2.341214e-005
 5.773937e+002  2.298467e-005
 5.780125e+002  2.243724e-005
 5.786312e+002  2.002255e-005
 5.792500e+002  2.055555e-005
 5.798687e+002  1.897514e-005
 5.804875e+002  2.006206e-005
 5.811062e+002  2.278707e-005
 5.817250e+002  2.160763e-005
 5.823437e+002  2.129912e-005
 5.829625e+002  2.275130e-005
 5.835812e+002  2.220543e-005
 5.842000e+002  2.333850e-005
 5.848187e+002  2.519312e-005
 5.854375e+002  2.323723e-005
 5.860562e+002  2.184816e-005
 5.866750e+002  2.378025e-005
 5.872937e+002  2.457146e-005
 5.879125e+002  2.394223e-005
 5.885312e+002  2.084667e-005
 5.891500e+002  2.283021e-005
 5.897687e+002  2.142202e-005
 5.903875e+002  2.216949e-005
 5.910062e+002  2.390102e-005
 5.916250e+002  2.316674e-005
 5.922437e+002  2.072838e-005
 5.928625e+002  2.072849e-005
 5.934812e+002  2.110892e-005
 5.941000e+002  1.960650e-005
 5.947187e+002  2.113228e-005
 5.953375e+002  2.075220e-005
 5.959562e+002  2.034831e-005
 5.965750e+002  2.092492e-005
 5.971937e+002  2.030016e-005
 5.978125e+002  2.274656e-005
 5.984312e+002  2.357476e-005
 5.990500e+002  3.515917e-005
 5.996687e+002  1.284696e-004
 6.002875e+002  1.355078e-004
 6.009062e+002  4.119460e-005
 6.015250e+002  2.243505e-005
 6.021437e+002  2.257261e-005
 6.027625e+002  2.260426e-005
 6.033812e+002  2.140236e-005
 6.040000e+002  2.136303e-005
 6.046187e+002  2.127530e-005
 6.052375e+002  2.377986e-005
 6.058562e+002  2.250176e-005
 6.064750e+002  2.150051e-005
 6.070937e+002  2.214223e-005
 6.077125e+002  2.279028e-005
 6.083312e+002  2.113275e-005
 6.089500e+002  2.158139e-005
 6.095687e+002  2.120353e-005
 6.101875e+002  1.936908e-005
 6.108062e+002  1.982866e-005
 6.114250e+002  2.260416e-005
 6.120437e+002  2.191831e-005
 6.126625e+002  2.069759e-005
 6.132812e+002  2.000464e-005
 6.139000e+002  2.097368e-005
 6.145187e+002  2.105259e-005
 6.151375e+002  2.121681e-005
 6.157562e+002  2.264812e-005
 6.163750e+002  2.071605e-005
 6.169937e+002  1.893245e-005
 6.176125e+002  2.122659e-005
 6.182312e+002  2.103482e-005
 6.188500e+002  1.900932e-005
 6.194687e+002  2.071789e-005
 6.200875e+002  2.341271e-005
 6.207062e+002  2.432875e-005
 6.213250e+002  2.302454e-005
 6.219437e+002  2.112211e-005
 6.225625e+002  1.976274e-005
 6.231812e+002  1.787040e-005
 6.238000e+002  1.892434e-005
 6.244187e+002  2.158778e-005
 6.250375e+002  2.322684e-005
 6.256562e+002  2.202867e-005
 6.262750e+002  2.024728e-005
 6.268937e+002  2.266691e-005
 6.275125e+002  2.046637e-005
 6.281312e+002  1.976004e-005
 6.287500e+002  1.926891e-005
 6.293687e+002  1.832512e-005
 6.299875e+002  2.138295e-005
 6.306062e+002  2.416872e-005
 6.312250e+002  2.303685e-005
 6.318437e+002  2.107610e-005
 6.324625e+002  2.205540e-005
 6.330812e+002  2.281256e-005
 6.337000e+002  2.232948e-005
 6.343187e+002  2.159135e-005
 6.349375e+002  1.892025e-005
 6.355562e+002  2.100770e-005
 6.361750e+002  2.243271e-005
 6.367937e+002  1.820315e-005
 6.374125e+002  2.088083e-005
 6.380312e+002  2.148390e-005
 6.386500e+002  2.183859e-005
 6.392687e+002  2.177317e-005
 6.398875e+002  2.219080e-005
 6.405062e+002  2.162919e-005
 6.411250e+002  2.194427e-005
 6.417437e+002  2.078130e-005
 6.423625e+002  2.255648e-005
 6.429812e+002  2.023057e-005
 6.436000e+002  2.135520e-005
 6.442187e+002  2.063279e-005
 6.448375e+002  1.932004e-005
 6.454562e+002  2.310380e-005
 6.460750e+002  2.234106e-005
 6.466937e+002  2.158105e-005
 6.473125e+002  2.147078e-005
 6.479312e+002  1.954872e-005
 6.485500e+002  2.119937e-005
 6.491687e+002  7.424611e-005
 6.497875e+002  2.333083e-004
 6.504062e+002  1.951798e-004
 6.510250e+002  3.969066e-005
 6.516437e+002  2.130612e-005
 6.522625e+002  1.943694e-005
 6.528812e+002  1.740369e-005
 6.535000e+002  1.744009e-005
 6.541187e+002  1.856632e-005
 6.547375e+002  1.934912e-005
 6.553562e+002  1.991353e-005
 6.559750e+002  2.032579e-005
 6.565937e+002  1.936007e-005
 6.572125e+002  2.054714e-005
 6.578312e+002  2.032012e-005
 6.584500e+002  2.115156e-005
 6.590687e+002  1.981754e-005
 6.596875e+002  1.890377e-005
 6.603062e+002  2.231491e-005
 6.609250e+002  2.260391e-005
 6.615437e+002  2.016275e-005
 6.621625e+002  2.173483e-005
 6.627812e+002  2.222734e-005
 6.634000e+002  2.147036e-005
 6.640187e+002  2.162432e-005
 6.646375e+002  2.071194e-005
 6.652562e+002  2.204650e-005
 6.658750e+002  2.155538e-005
 6.664937e+002  2.001086e-005
 6.671125e+002  1.962947e-005
 6.677312e+002  2.101605e-005
 6.683500e+002  1.867625e-005
 6.689687e+002  1.911775e-005
 6.695875e+002  2.313829e-005
 6.702062e+002  2.199869e-005
 6.708250e+002  2.266249e-005
 6.714437e+002  2.457853e-005
 6.720625e+002  2.383572e-005
 6.726812e+002  2.070414e-005
 6.733000e+002  2.202525e-005
 6.739187e+002  2.232451e-005
 6.745375e+002  1.878440e-005
 6.751562e+002  2.055145e-005
 6.757750e+002  2.418755e-005
 6.763937e+002  2.243446e-005
 6.770125e+002  2.157585e-005
 6.776312e+002  2.326116e-005
 6.782500e+002  2.061467e-005
 6.788687e+002  2.282201e-005
 6.794875e+002  2.328828e-005
 6.801062e+002  2.255014e-005
 6.807250e+002  2.255451e-005
 6.813437e+002  2.142596e-005
 6.819625e+002  2.023914e-005
 6.825812e+002  2.011429e-005
 6.832000e+002  2.007211e-005
 6.838187e+002  1.741803e-005
 6.844375e+002  1.725068e-005
 6.850562e+002  2.139718e-005
 6.856750e+002  2.324729e-005
 6.862937e+002  2.253303e-005
 6.869125e+002  2.052937e-005
 6.875312e+002  1.971606e-005
 6.881500e+002  1.894613e-005
 6.887687e+002  1.879040e-005
 6.893875e+002  2.088524e-005
 6.900062e+002  2.133694e-005
 6.906250e+002  2.141503e-005
 6.912437e+002  2.200854e-005
 6.918625e+002  2.043928e-005
 6.924812e+002  2.089624e-005
 6.931000e+002  2.028912e-005
 6.937187e+002  1.952945e-005
 6.943375e+002  2.214891e-005
 6.949562e+002  2.351004e-005
 6.955750e+002  2.189776e-005
 6.961937e+002  1.890822e-005
 6.968125e+002  2.032308e-005
 6.974312e+002  2.202556e-005
 6.980500e+002  2.093748e-005
 6.986687e+002  2.088906e-005
 6.992875e+002  5.927056e-005
 6.999062e+002  1.438423e-004
 7.005250e+002  1.024972e-004
 7.011437e+002  2.481985e-005
 7.017625e+002  2.137426e-005
 7.023812e+002  1.944447e-005
 7.030000e+002  1.781647e-005
 7.036187e+002  1.901112e-005
 7.042375e+002  2.303960e-005
 7.048562e+002  2.154504e-005
 7.054750e+002  1.863314e-005
 7.060937e+002  1.961310e-005
 7.067125e+002  2.190693e-005
 7.073312e+002  2.185697e-005
 7.079500e+002  2.111489e-005
 7.085687e+002  2.161847e-005
 7.091875e+002  2.104639e-005
 7.098062e+002  2.051981e-005
 7.104250e+002  2.330770e-005
 7.110437e+002  2.395506e-005
 7.116625e+002  2.079361e-005
 7.122812e+002  2.008539e-005
 7.129000e+002  2.038176e-005
 7.135187e+002  1.943501e-005
 7.141375e+002  1.773814e-005
 7.147562e+002  1.934608e-005
 7.153750e+002  2.018446e-005
 7.159937e+002  1.932912e-005
 7.166125e+002  2.200768e-005
 7.172312e+002  2.247319e-005
 7.178500e+002  2.106494e-005
 7.184687e+002  2.279656e-005
 7.190875e+002  2.198972e-005
 7.197062e+002  1.951746e-005
 7.203250e+002  1.885884e-005
 7.209437e+002  1.935748e-005
 7.215625e+002  2.221009e-005
 7.221812e+002  2.300759e-005
 7.228000e+002  1.967828e-005
 7.234187e+002  2.166740e-005
 7.240375e+002  2.164160e-005
 7.246562e+002  2.075715e-005
 7.252750e+002  1.827372e-005
 7.258937e+002  1.999354e-005
 7.265125e+002  2.100495e-005
 7.271312e+002  2.226112e-005
 7.277500e+002  2.005929e-005
 7.283687e+002  1.922060e-005
 7.289875e+002  2.024757e-005
 7.296062e+002  2.245420e-005
 7.302250e+002  2.106856e-005
 7.308437e+002  1.998259e-005
 7.314625e+002  2.139546e-005
 7.320812e+002  2.221638e-005
 7.327000e+002  2.167309e-005
 7.333187e+002  2.182430e-005
 7.339375e+002  2.139959e-005
 7.345562e+002  1.954019e-005
 7.351750e+002  1.892004e-005
 7.357937e+002  2.113142e-005
 7.364125e+002  2.279648e-005
 7.370312e+002  2.199684e-005
 7.376500e+002  2.136042e-005
 7.382687e+002  2.073415e-005
 7.388875e+002  2.309914e-005
 7.395062e+002  2.191558e-005
 7.401250e+002  2.249168e-005
 7.407437e+002  2.149248e-005
 7.413625e+002  2.046311e-005
 7.419812e+002  2.127799e-005
 7.426000e+002  1.953571e-005
 7.432187e+002  1.804871e-005
 7.438375e+002  2.122289e-005
 7.444562e+002  2.293210e-005
 7.450750e+002  2.195206e-005
 7.456937e+002  2.156616e-005
 7.463125e+002  2.285737e-005
 7.469312e+002  2.163727e-005
 7.475500e+002  1.918066e-005
 7.481687e+002  1.944468e-005
 7.487875e+002  2.096014e-005
 7.494062e+002  9.909179e-005
 7.500250e+002  1.814017e-004
 7.506437e+002  9.644743e-005
 7.512625e+002  2.324666e-005
 7.518812e+002  2.173924e-005
 7.525000e+002  1.927850e-005
 7.531187e+002  1.681333e-005
 7.537375e+002  1.857789e-005
 7.543562e+002  1.981039e-005
 7.549750e+002  2.198929e-005
 7.555937e+002  1.928944e-005
 7.562125e+002  1.698879e-005
 7.568312e+002  1.898889e-005
 7.574500e+002  2.173435e-005
 7.580687e+002  2.205763e-005
 7.586875e+002  2.109198e-005
 7.593062e+002  2.062645e-005
 7.599250e+002  1.975108e-005
 7.605437e+002  1.946825e-005
 7.611625e+002  1.940844e-005
 7.617812e+002  1.924120e-005
 7.624000e+002  2.177856e-005
 7.630187e+002  2.221286e-005
 7.636375e+002  2.149862e-005
 7.642562e+002  1.894955e-005
 7.648750e+002  1.947901e-005
 7.654937e+002  1.981356e-005
 7.661125e+002  2.144707e-005
 7.667312e+002  2.124037e-005
 7.673500e+002  1.996682e-005
 7.679687e+002  2.029177e-005
 7.685875e+002  1.996528e-005
 7.692062e+002  1.929286e-005
 7.698250e+002  1.887836e-005
 7.704437e+002  2.099218e-005
 7.710625e+002  2.115125e-005
 7.716812e+002  1.941924e-005
 7.723000e+002  1.928700e-005
 7.729187e+002  1.926193e-005
 7.735375e+002  2.374178e-005
 7.741562e+002  2.288146e-005
 7.747750e+002  2.185249e-005
 7.753937e+002  2.061445e-005
 7.760125e+002  2.038575e-005
 7.766312e+002  2.150062e-005
 7.772500e+002  2.144130e-005
 7.778687e+002  1.805439e-005
 7.784875e+002  2.027396e-005
 7.791062e+002  2.056523e-005
 7.797250e+002  2.083727e-005
 7.803437e+002  2.090361e-005
 7.809625e+002  1.890045e-005
 7.815812e+002  2.152133e-005
 7.822000e+002  2.325766e-005
 7.828187e+002  2.167345e-005
 7.834375e+002  2.095422e-005
 7.840562e+002  2.173017e-005
 7.846750e+002  2.091178e-005
 7.852937e+002  2.115206e-005
 7.859125e+002  2.065610e-005
 7.865312e+002  2.055904e-005
 7.871500e+002  2.206250e-005
 7.877687e+002  2.059519e-005
 7.883875e+002  2.012341e-005
 7.890062e+002  2.007284e-005
 7.896250e+002  2.068008e-005
 7.902437e+002  2.009076e-005
 7.908625e+002  1.985424e-005
 7.914812e+002  1.884734e-005
 7.921000e+002  2.089044e-005
 7.927187e+002  2.318104e-005
 7.933375e+002  2.122506e-005
 7.939562e+002  2.272326e-005
 7.945750e+002  2.303877e-005
 7.951937e+002  2.035516e-005
 7.958125e+002  2.009973e-005
 7.964312e+002  1.945704e-005
 7.970500e+002  2.168749e-005
 7.976687e+002  2.184976e-005
 7.982875e+002  1.967560e-005
 7.989062e+002  2.062225e-005
 7.995250e+002  8.501892e-005
 8.001437e+002  1.191455e-004
 8.007625e+002  4.934321e-005
 8.013812e+002  2.077463e-005
 8.020000e+002  2.035935e-005
 8.026187e+002  2.301441e-005
 8.032375e+002  2.300895e-005
 8.038562e+002  2.096275e-005
 8.044750e+002  1.935755e-005
 8.050937e+002  1.702899e-005
 8.057125e+002  1.856854e-005
 8.063312e+002  2.036844e-005
 8.069500e+002  2.140223e-005
 8.075687e+002  2.046994e-005
 8.081875e+002  2.056573e-005
 8.088062e+002  2.115995e-005
 8.094250e+002  2.160790e-005
 8.100437e+002  2.233763e-005
 8.106625e+002  2.128690e-005
 8.112812e+002  2.162197e-005
 8.119000e+002  1.963016e-005
 8.125187e+002  2.096110e-005
 8.131375e+002  2.337524e-005
 8.137562e+002  1.878094e-005
 8.143750e+002  1.981353e-005
 8.149937e+002  2.362034e-005
 8.156125e+002  2.085446e-005
 8.162312e+002  1.848529e-005
 8.168500e+002  2.077880e-005
 8.174687e+002  2.252894e-005
 8.180875e+002  2.254972e-005
 8.187062e+002  2.185107e-005
 8.193250e+002  2.036074e-005
 8.199437e+002  1.973784e-005
 8.205625e+002  2.068429e-005
 8.211812e+002  1.976354e-005
 8.218000e+002  1.988374e-005
 8.224187e+002  2.103456e-005
 8.230375e+002  2.007521e-005
 8.236562e+002  1.890061e-005
 8.242750e+002  1.939553e-005
 8.248937e+002  2.065061e-005
 8.255125e+002  2.121110e-005
 8.261312e+002  2.077918e-005
 8.267500e+002  2.002976e-005
 8.273687e+002  1.800064e-005
 8.279875e+002  1.992493e-005
 8.286062e+002  1.839592e-005
 8.292250e+002  1.756698e-005
 8.298437e+002  1.922864e-005
 8.304625e+002  2.042086e-005
 8.310812e+002  2.074217e-005
 8.317000e+002  2.009340e-005
 8.323187e+002  1.906494e-005
 8.329375e+002  2.115110e-005
 8.335562e+002  2.078743e-005
 8.341750e+002  2.100444e-005
 8.347937e+002  2.077648e-005
 8.354125e+002  2.070275e-005
 8.360312e+002  2.022058e-005
 8.366500e+002  2.147221e-005
 8.372687e+002  2.172655e-005
 8.378875e+002  1.794618e-005
 8.385062e+002  1.771614e-005
 8.391250e+002  1.973758e-005
 8.397437e+002  2.110410e-005
 8.403625e+002  2.265049e-005
 8.409812e+002  2.248791e-005
 8.416000e+002  1.930495e-005
 8.422187e+002  2.006735e-005
 8.428375e+002  2.098554e-005
 8.434562e+002  1.987933e-005
 8.440750e+002  2.028046e-005
 8.446937e+002  2.069505e-005
 8.453125e+002  2.141189e-005
 8.459312e+002  1.902480e-005
 8.465500e+002  1.986943e-005
 8.471687e+002  2.011430e-005
 8.477875e+002  2.242300e-005
 8.484062e+002  2.486511e-005
 8.490250e+002  5.156387e-005
 8.496437e+002  2.279748e-004
 8.502625e+002  2.561410e-004
 8.508812e+002  8.192428e-005
 8.515000e+002  2.246260e-005
 8.521187e+002  2.036237e-005
 8.527375e+002  2.087916e-005
 8.533562e+002  2.043342e-005
 8.539750e+002  2.107106e-005
 8.545937e+002  1.975865e-005
 8.552125e+002  1.897628e-005
 8.558312e+002  1.965255e-005
 8.564500e+002  2.152659e-005
 8.570687e+002  1.947697e-005
 8.576875e+002  1.716447e-005
 8.583062e+002  2.170854e-005
 8.589250e+002  2.177852e-005
 8.595437e+002  2.011763e-005
 8.601625e+002  1.993055e-005
 8.607812e+002  1.848896e-005
 8.614000e+002  1.861870e-005
 8.620187e+002  1.930556e-005
 8.626375e+002  2.027481e-005
 8.632562e+002  2.155725e-005
 8.638750e+002  2.110767e-005
 8.644937e+002  1.794916e-005
 8.651125e+002  1.892585e-005
 8.657312e+002  2.179562e-005
 8.663500e+002  2.122117e-005
 8.669687e+002  2.163210e-005
 8.675875e+002  1.896304e-005
 8.682062e+002  2.017016e-005
 8.688250e+002  2.048533e-005
 8.694437e+002  2.024451e-005
 8.700625e+002  2.064430e-005
 8.706812e+002  2.123405e-005
 8.713000e+002  2.226618e-005
 8.719187e+002  2.392579e-005
 8.725375e+002  2.058692e-005
 8.731562e+002  2.059091e-005
 8.737750e+002  2.152006e-005
 8.743937e+002  2.150074e-005
 8.750125e+002  2.024386e-005
 8.756312e+002  1.683638e-005
 8.762500e+002  1.865391e-005
 8.768687e+002  2.007022e-005
 8.774875e+002  1.996004e-005
 8.781062e+002  2.189758e-005
 8.787250e+002  2.277508e-005
 8.793437e+002  2.226312e-005
 8.799625e+002  1.990530e-005
 8.805812e+002  1.758988e-005
 8.812000e+002  1.904838e-005
 8.818187e+002  1.870366e-005
 8.824375e+002  1.915438e-005
 8.830562e+002  2.074179e-005
 8.836750e+002  2.025260e-005
 8.842937e+002  2.067707e-005
 8.849125e+002  2.024717e-005
 8.855312e+002  2.086721e-005
 8.861500e+002  2.088713e-005
 8.867687e+002  2.069656e-005
 8.873875e+002  1.987122e-005
 8.880062e+002  2.177802e-005
 8.886250e+002  2.116573e-005
 8.892437e+002  2.115548e-005
 8.898625e+002  1.947148e-005
 8.904812e+002  1.906646e-005
 8.911000e+002  2.136494e-005
 8.917187e+002  1.999147e-005
 8.923375e+002  2.038933e-005
 8.929562e+002  2.108327e-005
 8.935750e+002  1.797879e-005
 8.941937e+002  2.035797e-005
 8.948125e+002  2.023810e-005
 8.954312e+002  1.955794e-005
 8.960500e+002  1.976248e-005
 8.966687e+002  2.152426e-005
 8.972875e+002  2.044504e-005
 8.979062e+002  1.811027e-005
 8.985250e+002  1.738713e-005
 8.991437e+002  3.723491e-005
 8.997625e+002  1.109687e-004
 9.003812e+002  9.920468e-005
 9.010000e+002  2.747807e-005
 9.016187e+002  1.990644e-005
 9.022375e+002  1.686359e-005
 9.028562e+002  2.058901e-005
 9.034750e+002  2.035548e-005
 9.040937e+002  1.891715e-005
 9.047125e+002  1.953521e-005
 9.053312e+002  2.033026e-005
 9.059500e+002  2.210059e-005
 9.065687e+002  1.905078e-005
 9.071875e+002  1.910918e-005
 9.078062e+002  2.254071e-005
 9.084250e+002  1.985581e-005
 9.090437e+002  1.912720e-005
 9.096625e+002  1.955397e-005
 9.102812e+002  1.994580e-005
 9.109000e+002  1.877864e-005
 9.115187e+002  2.075441e-005
 9.121375e+002  2.008568e-005
 9.127562e+002  1.808135e-005
 9.133750e+002  1.967650e-005
 9.139937e+002  2.107905e-005
 9.146125e+002  2.055154e-005
 9.152312e+002  2.012359e-005
 9.158500e+002  1.973615e-005
 9.164687e+002  2.017842e-005
 9.170875e+002  2.159162e-005
 9.177062e+002  2.027285e-005
 9.183250e+002  1.910666e-005
 9.189437e+002  2.006797e-005
 9.195625e+002  2.124789e-005
 9.201812e+002  2.180347e-005
 9.208000e+002  2.124485e-005
 9.214187e+002  1.984217e-005
 9.220375e+002  1.859612e-005
 9.226562e+002  2.084787e-005
 9.232750e+002  2.134048e-005
 9.238937e+002  1.862000e-005
 9.245125e+002  1.878625e-005
 9.251312e+002  1.912707e-005
 9.257500e+002  2.029010e-005
 9.263687e+002  2.181117e-005
 9.269875e+002  2.011222e-005
 9.276062e+002  2.017450e-005
 9.282250e+002  1.983836e-005
 9.288437e+002  1.900294e-005
 9.294625e+002  1.914287e-005
 9.300812e+002  1.961344e-005
 9.307000e+002  1.928873e-005
 9.313187e+002  2.011754e-005
 9.319375e+002  2.139251e-005
 9.325562e+002  2.185569e-005
 9.331750e+002  2.042787e-005
 9.337937e+002  2.125253e-005
 9.344125e+002  1.874197e-005
 9.350312e+002  1.914903e-005
 9.356500e+002  2.090900e-005
 9.362687e+002  1.985191e-005
 9.368875e+002  1.882873e-005
 9.375062e+002  1.877332e-005
 9.381250e+002  1.666716e-005
 9.387437e+002  1.777499e-005
 9.393625e+002  2.050192e-005
 9.399812e+002  2.130662e-005
 9.406000e+002  2.168212e-005
 9.412187e+002  2.157778e-005
 9.418375e+002  2.058135e-005
 9.424562e+002  1.968881e-005
 9.430750e+002  1.946373e-005
 9.436937e+002  2.011179e-005
 9.443125e+002  2.014929e-005
 9.449312e+002  2.107628e-005
 9.455500e+002  2.091924e-005
 9.461687e+002  1.959699e-005
 9.467875e+002  1.949678e-005
 9.474062e+002  1.949421e-005
 9.480250e+002  2.048132e-005
 9.486437e+002  2.104772e-005
 9.492625e+002  7.707489e-005
 9.498812e+002  1.848088e-004
 9.505000e+002  1.348659e-004
 9.511187e+002  2.988976e-005
 9.517375e+002  1.992653e-005
 9.523562e+002  1.991822e-005
 9.529750e+002  2.009438e-005
 9.535937e+002  2.060342e-005
 9.542125e+002  2.002583e-005
 9.548312e+002  1.967795e-005
 9.554500e+002  2.120758e-005
 9.560687e+002  1.949244e-005
 9.566875e+002  1.876929e-005
 9.573062e+002  2.056026e-005
 9.579250e+002  1.927357e-005
 9.585437e+002  1.995424e-005
 9.591625e+002  1.869065e-005
 9.597812e+002  1.914901e-005
 9.604000e+002  2.115410e-005
 9.610187e+002  2.160421e-005
 9.616375e+002  2.063919e-005
 9.622562e+002  2.077857e-005
 9.628750e+002  1.888562e-005
 9.634937e+002  1.847344e-005
 9.641125e+002  1.992311e-005
 9.647312e+002  2.071512e-005
 9.653500e+002  1.903747e-005
 9.659687e+002  1.878803e-005
 9.665875e+002  2.015945e-005
 9.672062e+002  2.096586e-005
 9.678250e+002  1.974230e-005
 9.684437e+002  1.712320e-005
 9.690625e+002  1.940316e-005
 9.696812e+002  1.821011e-005
 9.703000e+002  1.789019e-005
 9.709187e+002  1.958543e-005
 9.715375e+002  1.985304e-005
 9.721562e+002  2.052786e-005
 9.727750e+002  2.098731e-005
 9.733937e+002  1.869338e-005
 9.740125e+002  1.789639e-005
 9.746312e+002  2.078261e-005
 9.752500e+002  2.086311e-005
 9.758687e+002  1.891890e-005
 9.764875e+002  1.906723e-005
 9.771062e+002  1.960720e-005
 9.777250e+002  1.887745e-005
 9.783437e+002  1.896550e-005
 9.789625e+002  2.026964e-005
 9.795812e+002  1.894556e-005
 9.802000e+002  2.008244e-005
 9.808187e+002  2.048880e-005
 9.814375e+002  1.973051e-005
 9.820562e+002  1.752198e-005
 9.826750e+002  1.804266e-005
 9.832937e+002  2.091842e-005
 9.839125e+002  2.064365e-005
 9.845312e+002  1.917268e-005
 9.851500e+002  1.983271e-005
 9.857687e+002  1.854885e-005
 9.863875e+002  1.843135e-005
 9.870062e+002  1.800892e-005
 9.876250e+002  1.932947e-005
 9.882437e+002  1.995771e-005
 9.888625e+002  2.023986e-005
 9.894812e+002  1.997621e-005
 9.901000e+002  1.938235e-005
 9.907187e+002  2.042305e-005
 9.913375e+002  2.145979e-005
 9.919562e+002  1.943121e-005
 9.925750e+002  1.862595e-005
 9.931937e+002  1.979977e-005
 9.938125e+002  1.935463e-005
 9.944312e+002  2.026152e-005
 9.950500e+002  2.125770e-005
 9.956687e+002  2.209604e-005
 9.962875e+002  2.241347e-005
 9.969062e+002  2.039700e-005
 9.975250e+002  2.004555e-005
 9.981437e+002  2.246938e-005
 9.987625e+002  2.197711e-005
 9.993812e+002  5.625853e-005
 1.000000e+003  9.824697e-005
