 1.000000e+000  6.431560e-004
 1.247500e+000  7.091681e-004
 1.495000e+000  6.678512e-004
 1.742500e+000  5.488472e-004
 1.990000e+000  4.644944e-004
 2.237500e+000  4.514215e-004
 2.485000e+000  4.639455e-004
 2.732500e+000  4.038634e-004
 2.980000e+000  4.122727e-004
 3.227500e+000  3.656751e-004
 3.475000e+000  3.403225e-004
 3.722500e+000  3.248546e-004
 3.970000e+000  3.172086e-004
 4.217500e+000  3.135063e-004
 4.465000e+000  2.945293e-004
 4.712500e+000  2.917869e-004
 4.960000e+000  2.855302e-004
 5.207500e+000  3.027611e-004
 5.455000e+000  2.989622e-004
 5.702500e+000  2.893881e-004
 5.950000e+000  2.727029e-004
 6.197500e+000  2.832365e-004
 6.445000e+000  3.132312e-004
 6.692500e+000  2.745165e-004
 6.940000e+000  2.657303e-004
 7.187500e+000  2.576662e-004
 7.435000e+000  2.864982e-004
 7.682500e+000  2.778366e-004
 7.930000e+000  2.535835e-004
 8.177500e+000  2.548581e-004
 8.425000e+000  2.153890e-004
 8.672500e+000  1.855032e-004
 8.920000e+000  2.369352e-004
 9.167500e+000  2.206224e-004
 9.415000e+000  1.784857e-004
 9.662500e+000  2.082491e-004
 9.910000e+000  2.312422e-004
 1.015750e+001  2.147097e-004
 1.040500e+001  1.786767e-004
 1.065250e+001  2.003839e-004
 1.090000e+001  2.382239e-004
 1.114750e+001  2.220232e-004
 1.139500e+001  2.107917e-004
 1.164250e+001  2.101593e-004
 1.189000e+001  2.006476e-004
 1.213750e+001  1.892678e-004
 1.238500e+001  2.110449e-004
 1.263250e+001  2.045106e-004
 1.288000e+001  1.794406e-004
 1.312750e+001  1.972010e-004
 1.337500e+001  2.198472e-004
 1.362250e+001  1.958587e-004
 1.387000e+001  2.020470e-004
 1.411750e+001  2.015649e-004
 1.436500e+001  1.990490e-004
 1.461250e+001  1.837606e-004
 1.486000e+001  1.921961e-004
 1.510750e+001  1.668974e-004
 1.535500e+001  1.715997e-004
 1.560250e+001  1.478617e-004
 1.585000e+001  1.481147e-004
 1.609750e+001  1.445383e-004
 1.634500e+001  1.539780e-004
 1.659250e+001  1.540205e-004
 1.684000e+001  1.605236e-004
 1.708750e+001  1.552268e-004
 1.733500e+001  1.635176e-004
 1.758250e+001  1.753951e-004
 1.783000e+001  1.815415e-004
 1.807750e+001  1.791014e-004
 1.832500e+001  1.770003e-004
 1.857250e+001  1.640842e-004
 1.882000e+001  1.467719e-004
 1.906750e+001  1.514189e-004
 1.931500e+001  1.769062e-004
 1.956250e+001  1.551391e-004
 1.981000e+001  1.504622e-004
 2.005750e+001  1.558383e-004
 2.030500e+001  1.452478e-004
 2.055250e+001  1.483128e-004
 2.080000e+001  1.637377e-004
 2.104750e+001  1.840500e-004
 2.129500e+001  1.628051e-004
 2.154250e+001  1.475890e-004
 2.179000e+001  1.571695e-004
 2.203750e+001  1.511183e-004
 2.228500e+001  1.332460e-004
 2.253250e+001  1.259177e-004
 2.278000e+001  1.388756e-004
 2.302750e+001  1.369720e-004
 2.327500e+001  1.273692e-004
 2.352250e+001  1.414987e-004
 2.377000e+001  1.326098e-004
 2.401750e+001  1.314152e-004
 2.426500e+001  1.283289e-004
 2.451250e+001  1.354922e-004
 2.476000e+001  1.621886e-004
 2.500750e+001  1.420291e-004
 2.525500e+001  1.425682e-004
 2.550250e+001  1.647191e-004
 2.575000e+001  1.611272e-004
 2.599750e+001  1.427489e-004
 2.624500e+001  1.472426e-004
 2.649250e+001  1.386427e-004
 2.674000e+001  1.444089e-004
 2.698750e+001  1.537122e-004
 2.723500e+001  1.504304e-004
 2.748250e+001  1.364941e-004
 2.773000e+001  1.346881e-004
 2.797750e+001  1.383636e-004
 2.822500e+001  1.363285e-004
 2.847250e+001  1.313276e-004
 2.872000e+001  1.528487e-004
 2.896750e+001  1.443607e-004
 2.921500e+001  1.299665e-004
 2.946250e+001  1.460042e-004
 2.971000e+001  1.423879e-004
 2.995750e+001  1.464492e-004
 3.020500e+001  1.379083e-004
 3.045250e+001  1.463428e-004
 3.070000e+001  1.269313e-004
 3.094750e+001  1.290322e-004
 3.119500e+001  1.271595e-004
 3.144250e+001  1.154691e-004
 3.169000e+001  1.251617e-004
 3.193750e+001  1.418707e-004
 3.218500e+001  1.352715e-004
 3.243250e+001  1.320701e-004
 3.268000e+001  1.271664e-004
 3.292750e+001  1.202041e-004
 3.317500e+001  1.433631e-004
 3.342250e+001  1.272364e-004
 3.367000e+001  1.377776e-004
 3.391750e+001  1.563392e-004
 3.416500e+001  1.609782e-004
 3.441250e+001  1.497275e-004
 3.466000e+001  1.434307e-004
 3.490750e+001  1.363047e-004
 3.515500e+001  1.169701e-004
 3.540250e+001  1.236874e-004
 3.565000e+001  1.431857e-004
 3.589750e+001  1.427149e-004
 3.614500e+001  1.616308e-004
 3.639250e+001  1.472402e-004
 3.664000e+001  1.336349e-004
 3.688750e+001  1.326962e-004
 3.713500e+001  1.586335e-004
 3.738250e+001  1.437095e-004
 3.763000e+001  1.392394e-004
 3.787750e+001  1.477609e-004
 3.812500e+001  1.164020e-004
 3.837250e+001  1.236894e-004
 3.862000e+001  1.241729e-004
 3.886750e+001  1.234742e-004
 3.911500e+001  1.367377e-004
 3.936250e+001  1.306703e-004
 3.961000e+001  1.124640e-004
 3.985750e+001  1.112664e-004
 4.010500e+001  1.190473e-004
 4.035250e+001  1.238114e-004
 4.060000e+001  1.139082e-004
 4.084750e+001  1.111889e-004
 4.109500e+001  1.206551e-004
 4.134250e+001  1.246274e-004
 4.159000e+001  1.232571e-004
 4.183750e+001  1.318652e-004
 4.208500e+001  1.286312e-004
 4.233250e+001  1.305392e-004
 4.258000e+001  1.316327e-004
 4.282750e+001  1.315033e-004
 4.307500e+001  1.214917e-004
 4.332250e+001  1.136113e-004
 4.357000e+001  1.019926e-004
 4.381750e+001  9.984795e-005
 4.406500e+001  1.054036e-004
 4.431250e+001  1.094403e-004
 4.456000e+001  1.209906e-004
 4.480750e+001  1.193203e-004
 4.505500e+001  1.296666e-004
 4.530250e+001  1.340415e-004
 4.555000e+001  1.031925e-004
 4.579750e+001  1.231835e-004
 4.604500e+001  1.245883e-004
 4.629250e+001  9.512424e-005
 4.654000e+001  1.156912e-004
 4.678750e+001  1.335154e-004
 4.703500e+001  1.321873e-004
 4.728250e+001  1.256053e-004
 4.753000e+001  1.205927e-004
 4.777750e+001  1.099562e-004
 4.802500e+001  1.118099e-004
 4.827250e+001  1.236328e-004
 4.852000e+001  1.199361e-004
 4.876750e+001  1.124910e-004
 4.901500e+001  1.051144e-004
 4.926250e+001  1.133757e-004
 4.951000e+001  1.268938e-004
 4.975750e+001  1.684690e-003
 5.000500e+001  2.912991e-003
 5.025250e+001  1.249404e-003
 5.050000e+001  1.069381e-004
 5.074750e+001  1.013558e-004
 5.099500e+001  1.190222e-004
 5.124250e+001  1.320705e-004
 5.149000e+001  1.152502e-004
 5.173750e+001  1.193735e-004
 5.198500e+001  1.254705e-004
 5.223250e+001  1.108843e-004
 5.248000e+001  1.039957e-004
 5.272750e+001  1.119155e-004
 5.297500e+001  1.080082e-004
 5.322250e+001  1.173794e-004
 5.347000e+001  1.048023e-004
 5.371750e+001  1.115174e-004
 5.396500e+001  1.146404e-004
 5.421250e+001  1.253570e-004
 5.446000e+001  1.169971e-004
 5.470750e+001  1.132506e-004
 5.495500e+001  1.062582e-004
 5.520250e+001  1.067049e-004
 5.545000e+001  9.804160e-005
 5.569750e+001  1.004423e-004
 5.594500e+001  1.395190e-004
 5.619250e+001  1.443360e-004
 5.644000e+001  1.399118e-004
 5.668750e+001  1.174652e-004
 5.693500e+001  1.128725e-004
 5.718250e+001  1.153397e-004
 5.743000e+001  1.042839e-004
 5.767750e+001  9.675055e-005
 5.792500e+001  1.110284e-004
 5.817250e+001  1.218598e-004
 5.842000e+001  1.187250e-004
 5.866750e+001  1.220868e-004
 5.891500e+001  1.234750e-004
 5.916250e+001  1.159850e-004
 5.941000e+001  1.135527e-004
 5.965750e+001  1.088113e-004
 5.990500e+001  1.458427e-004
 6.015250e+001  1.273022e-004
 6.040000e+001  1.104737e-004
 6.064750e+001  1.244189e-004
 6.089500e+001  1.154481e-004
 6.114250e+001  1.114337e-004
 6.139000e+001  1.091029e-004
 6.163750e+001  1.034496e-004
 6.188500e+001  9.177381e-005
 6.213250e+001  9.140298e-005
 6.238000e+001  9.521913e-005
 6.262750e+001  9.887997e-005
 6.287500e+001  8.958361e-005
 6.312250e+001  9.231321e-005
 6.337000e+001  8.629429e-005
 6.361750e+001  9.529408e-005
 6.386500e+001  9.168697e-005
 6.411250e+001  9.975206e-005
 6.436000e+001  1.009396e-004
 6.460750e+001  1.050357e-004
 6.485500e+001  1.038321e-004
 6.510250e+001  1.002412e-004
 6.535000e+001  9.936064e-005
 6.559750e+001  9.757695e-005
 6.584500e+001  8.941218e-005
 6.609250e+001  9.538463e-005
 6.634000e+001  9.826275e-005
 6.658750e+001  1.022559e-004
 6.683500e+001  1.016751e-004
 6.708250e+001  9.455629e-005
 6.733000e+001  1.007587e-004
 6.757750e+001  1.159013e-004
 6.782500e+001  1.154506e-004
 6.807250e+001  1.091761e-004
 6.832000e+001  9.722557e-005
 6.856750e+001  1.033119e-004
 6.881500e+001  9.967241e-005
 6.906250e+001  1.042586e-004
 6.931000e+001  1.122083e-004
 6.955750e+001  1.130271e-004
 6.980500e+001  9.549434e-005
 7.005250e+001  1.056742e-004
 7.030000e+001  1.093160e-004
 7.054750e+001  1.194370e-004
 7.079500e+001  1.219370e-004
 7.104250e+001  1.166771e-004
 7.129000e+001  1.058520e-004
 7.153750e+001  9.800578e-005
 7.178500e+001  1.021490e-004
 7.203250e+001  1.089407e-004
 7.228000e+001  1.167427e-004
 7.252750e+001  1.080690e-004
 7.277500e+001  1.069254e-004
 7.302250e+001  1.014331e-004
 7.327000e+001  1.009580e-004
 7.351750e+001  1.190420e-004
 7.376500e+001  1.102770e-004
 7.401250e+001  1.028611e-004
 7.426000e+001  8.975707e-005
 7.450750e+001  1.225978e-004
 7.475500e+001  1.181008e-004
 7.500250e+001  9.045271e-005
 7.525000e+001  8.640894e-005
 7.549750e+001  9.571898e-005
 7.574500e+001  9.576780e-005
 7.599250e+001  1.086712e-004
 7.624000e+001  1.057707e-004
 7.648750e+001  1.131324e-004
 7.673500e+001  1.179656e-004
 7.698250e+001  1.138290e-004
 7.723000e+001  1.136103e-004
 7.747750e+001  1.064664e-004
 7.772500e+001  1.204441e-004
 7.797250e+001  1.108702e-004
 7.822000e+001  9.296513e-005
 7.846750e+001  1.084505e-004
 7.871500e+001  1.272537e-004
 7.896250e+001  1.123219e-004
 7.921000e+001  1.177603e-004
 7.945750e+001  1.072606e-004
 7.970500e+001  1.010669e-004
 7.995250e+001  9.474490e-005
 8.020000e+001  1.019015e-004
 8.044750e+001  1.095426e-004
 8.069500e+001  1.035124e-004
 8.094250e+001  9.946245e-005
 8.119000e+001  9.895455e-005
 8.143750e+001  1.137996e-004
 8.168500e+001  1.024487e-004
 8.193250e+001  9.627948e-005
 8.218000e+001  9.540078e-005
 8.242750e+001  9.673253e-005
 8.267500e+001  9.431376e-005
 8.292250e+001  9.201506e-005
 8.317000e+001  1.049140e-004
 8.341750e+001  1.038207e-004
 8.366500e+001  9.616806e-005
 8.391250e+001  9.240426e-005
 8.416000e+001  9.663333e-005
 8.440750e+001  1.073851e-004
 8.465500e+001  1.235586e-004
 8.490250e+001  1.212565e-004
 8.515000e+001  1.166360e-004
 8.539750e+001  1.032489e-004
 8.564500e+001  1.087714e-004
 8.589250e+001  8.878619e-005
 8.614000e+001  8.639918e-005
 8.638750e+001  1.108487e-004
 8.663500e+001  1.074918e-004
 8.688250e+001  8.520052e-005
 8.713000e+001  1.016167e-004
 8.737750e+001  1.115119e-004
 8.762500e+001  9.425908e-005
 8.787250e+001  9.564631e-005
 8.812000e+001  1.045690e-004
 8.836750e+001  1.142186e-004
 8.861500e+001  1.205727e-004
 8.886250e+001  1.079535e-004
 8.911000e+001  9.774742e-005
 8.935750e+001  8.906965e-005
 8.960500e+001  9.654749e-005
 8.985250e+001  1.104388e-004
 9.010000e+001  1.015643e-004
 9.034750e+001  1.054821e-004
 9.059500e+001  1.069051e-004
 9.084250e+001  1.066474e-004
 9.109000e+001  9.547616e-005
 9.133750e+001  9.941855e-005
 9.158500e+001  1.217841e-004
 9.183250e+001  1.102274e-004
 9.208000e+001  1.056514e-004
 9.232750e+001  1.098068e-004
 9.257500e+001  1.025643e-004
 9.282250e+001  1.068122e-004
 9.307000e+001  1.066595e-004
 9.331750e+001  9.939094e-005
 9.356500e+001  9.680409e-005
 9.381250e+001  1.031602e-004
 9.406000e+001  9.919561e-005
 9.430750e+001  1.075857e-004
 9.455500e+001  1.039080e-004
 9.480250e+001  1.077511e-004
 9.505000e+001  1.034084e-004
 9.529750e+001  9.707203e-005
 9.554500e+001  9.588183e-005
 9.579250e+001  9.645325e-005
 9.604000e+001  1.009840e-004
 9.628750e+001  1.024521e-004
 9.653500e+001  9.820127e-005
 9.678250e+001  1.038053e-004
 9.703000e+001  9.920678e-005
 9.727750e+001  1.151230e-004
 9.752500e+001  1.158030e-004
 9.777250e+001  9.611422e-005
 9.802000e+001  1.096569e-004
 9.826750e+001  1.067029e-004
 9.851500e+001  1.102222e-004
 9.876250e+001  8.721201e-005
 9.901000e+001  9.016342e-005
 9.925750e+001  8.880630e-005
 9.950500e+001  9.743847e-005
 9.975250e+001  1.951739e-004
 1.000000e+002  2.721719e-004
