 1.000000e+001  3.233644e-003
 1.061875e+001  3.282822e-003
 1.123750e+001  3.092974e-003
 1.185625e+001  2.969250e-003
 1.247500e+001  2.819047e-003
 1.309375e+001  2.857967e-003
 1.371250e+001  2.783638e-003
 1.433125e+001  2.266488e-003
 1.495000e+001  2.440107e-003
 1.556875e+001  2.452252e-003
 1.618750e+001  2.439904e-003
 1.680625e+001  2.334079e-003
 1.742500e+001  2.111779e-003
 1.804375e+001  2.217616e-003
 1.866250e+001  2.320438e-003
 1.928125e+001  2.086514e-003
 1.990000e+001  2.051875e-003
 2.051875e+001  2.015855e-003
 2.113750e+001  1.719072e-003
 2.175625e+001  1.841235e-003
 2.237500e+001  2.011734e-003
 2.299375e+001  1.848963e-003
 2.361250e+001  1.521656e-003
 2.423125e+001  1.732201e-003
 2.485000e+001  1.817898e-003
 2.546875e+001  1.641185e-003
 2.608750e+001  1.685390e-003
 2.670625e+001  1.799408e-003
 2.732500e+001  1.616667e-003
 2.794375e+001  1.415894e-003
 2.856250e+001  1.469602e-003
 2.918125e+001  1.549305e-003
 2.980000e+001  1.583283e-003
 3.041875e+001  1.412904e-003
 3.103750e+001  1.493606e-003
 3.165625e+001  1.619624e-003
 3.227500e+001  1.473551e-003
 3.289375e+001  1.364683e-003
 3.351250e+001  1.328037e-003
 3.413125e+001  1.514198e-003
 3.475000e+001  1.563821e-003
 3.536875e+001  1.335089e-003
 3.598750e+001  1.386380e-003
 3.660625e+001  1.443618e-003
 3.722500e+001  1.486191e-003
 3.784375e+001  1.522700e-003
 3.846250e+001  1.377803e-003
 3.908125e+001  1.225179e-003
 3.970000e+001  1.071951e-003
 4.031875e+001  1.103256e-003
 4.093750e+001  1.127082e-003
 4.155625e+001  1.154869e-003
 4.217500e+001  1.180226e-003
 4.279375e+001  1.081067e-003
 4.341250e+001  1.104062e-003
 4.403125e+001  1.083088e-003
 4.465000e+001  1.135981e-003
 4.526875e+001  1.153913e-003
 4.588750e+001  1.097798e-003
 4.650625e+001  1.073037e-003
 4.712500e+001  1.212289e-003
 4.774375e+001  1.102808e-003
 4.836250e+001  1.131958e-003
 4.898125e+001  1.487911e-003
 4.960000e+001  6.502200e-003
 5.021875e+001  7.280972e-003
 5.083750e+001  2.094401e-003
 5.145625e+001  1.096645e-003
 5.207500e+001  1.016770e-003
 5.269375e+001  1.064774e-003
 5.331250e+001  1.101308e-003
 5.393125e+001  1.088686e-003
 5.455000e+001  9.432786e-004
 5.516875e+001  9.132621e-004
 5.578750e+001  1.003069e-003
 5.640625e+001  1.015438e-003
 5.702500e+001  1.011610e-003
 5.764375e+001  9.328263e-004
 5.826250e+001  8.514306e-004
 5.888125e+001  9.692497e-004
 5.950000e+001  9.487685e-004
 6.011875e+001  9.305082e-004
 6.073750e+001  1.000397e-003
 6.135625e+001  9.914016e-004
 6.197500e+001  9.394016e-004
 6.259375e+001  9.316343e-004
 6.321250e+001  9.568445e-004
 6.383125e+001  9.468159e-004
 6.445000e+001  8.105699e-004
 6.506875e+001  8.015044e-004
 6.568750e+001  8.568658e-004
 6.630625e+001  8.671452e-004
 6.692500e+001  8.663434e-004
 6.754375e+001  8.173046e-004
 6.816250e+001  8.039812e-004
 6.878125e+001  8.270281e-004
 6.940000e+001  8.459200e-004
 7.001875e+001  9.025951e-004
 7.063750e+001  8.304000e-004
 7.125625e+001  7.757184e-004
 7.187500e+001  7.846564e-004
 7.249375e+001  7.714218e-004
 7.311250e+001  7.619911e-004
 7.373125e+001  7.678154e-004
 7.435000e+001  7.114839e-004
 7.496875e+001  6.977200e-004
 7.558750e+001  7.368860e-004
 7.620625e+001  8.193862e-004
 7.682500e+001  8.475588e-004
 7.744375e+001  8.782068e-004
 7.806250e+001  8.037618e-004
 7.868125e+001  7.533647e-004
 7.930000e+001  6.991467e-004
 7.991875e+001  6.769050e-004
 8.053750e+001  6.580734e-004
 8.115625e+001  6.764101e-004
 8.177500e+001  6.786440e-004
 8.239375e+001  8.183378e-004
 8.301250e+001  7.335248e-004
 8.363125e+001  6.613842e-004
 8.425000e+001  6.967279e-004
 8.486875e+001  7.099733e-004
 8.548750e+001  7.539299e-004
 8.610625e+001  7.294084e-004
 8.672500e+001  6.625410e-004
 8.734375e+001  6.787827e-004
 8.796250e+001  7.573569e-004
 8.858125e+001  6.016375e-004
 8.920000e+001  6.623159e-004
 8.981875e+001  7.678259e-004
 9.043750e+001  7.345946e-004
 9.105625e+001  6.865878e-004
 9.167500e+001  7.439716e-004
 9.229375e+001  7.528691e-004
 9.291250e+001  6.449335e-004
 9.353125e+001  7.260380e-004
 9.415000e+001  7.149381e-004
 9.476875e+001  6.771900e-004
 9.538750e+001  6.549843e-004
 9.600625e+001  6.213141e-004
 9.662500e+001  6.118302e-004
 9.724375e+001  6.634878e-004
 9.786250e+001  6.449542e-004
 9.848125e+001  6.566271e-004
 9.910000e+001  6.761024e-004
 9.971875e+001  8.150906e-004
 1.003375e+002  6.730494e-004
 1.009563e+002  5.948793e-004
 1.015750e+002  6.557906e-004
 1.021938e+002  6.396985e-004
 1.028125e+002  6.092391e-004
 1.034313e+002  7.266588e-004
 1.040500e+002  6.617472e-004
 1.046688e+002  6.668912e-004
 1.052875e+002  6.107953e-004
 1.059063e+002  5.334819e-004
 1.065250e+002  6.086488e-004
 1.071438e+002  5.914238e-004
 1.077625e+002  6.307019e-004
 1.083813e+002  5.692306e-004
 1.090000e+002  5.313993e-004
 1.096188e+002  5.686841e-004
 1.102375e+002  5.934620e-004
 1.108563e+002  6.543995e-004
 1.114750e+002  6.458588e-004
 1.120938e+002  5.627502e-004
 1.127125e+002  5.677120e-004
 1.133313e+002  5.770422e-004
 1.139500e+002  5.362285e-004
 1.145688e+002  5.372920e-004
 1.151875e+002  5.829098e-004
 1.158063e+002  5.617379e-004
 1.164250e+002  5.611942e-004
 1.170438e+002  6.017412e-004
 1.176625e+002  6.078078e-004
 1.182813e+002  5.944395e-004
 1.189000e+002  5.370721e-004
 1.195188e+002  5.266743e-004
 1.201375e+002  5.712887e-004
 1.207563e+002  5.256791e-004
 1.213750e+002  5.371926e-004
 1.219938e+002  4.662087e-004
 1.226125e+002  4.863173e-004
 1.232313e+002  4.803449e-004
 1.238500e+002  5.468955e-004
 1.244688e+002  5.606529e-004
 1.250875e+002  5.359633e-004
 1.257063e+002  5.625036e-004
 1.263250e+002  5.200644e-004
 1.269438e+002  4.498506e-004
 1.275625e+002  5.003010e-004
 1.281813e+002  5.077231e-004
 1.288000e+002  5.287886e-004
 1.294188e+002  5.346344e-004
 1.300375e+002  5.590238e-004
 1.306563e+002  5.481451e-004
 1.312750e+002  4.889289e-004
 1.318938e+002  5.070498e-004
 1.325125e+002  5.424074e-004
 1.331313e+002  5.382714e-004
 1.337500e+002  5.281013e-004
 1.343688e+002  5.342998e-004
 1.349875e+002  5.014035e-004
 1.356063e+002  5.052702e-004
 1.362250e+002  5.434690e-004
 1.368438e+002  5.525656e-004
 1.374625e+002  5.636508e-004
 1.380813e+002  5.793372e-004
 1.387000e+002  5.538757e-004
 1.393188e+002  4.915201e-004
 1.399375e+002  4.870912e-004
 1.405563e+002  4.635826e-004
 1.411750e+002  4.695246e-004
 1.417938e+002  4.666674e-004
 1.424125e+002  5.007472e-004
 1.430313e+002  5.130951e-004
 1.436500e+002  5.292945e-004
 1.442688e+002  4.990150e-004
 1.448875e+002  4.615958e-004
 1.455063e+002  4.903957e-004
 1.461250e+002  4.807333e-004
 1.467438e+002  5.063615e-004
 1.473625e+002  5.487110e-004
 1.479813e+002  4.903907e-004
 1.486000e+002  4.478304e-004
 1.492188e+002  1.862123e-003
 1.498375e+002  4.020824e-003
 1.504563e+002  2.262042e-003
 1.510750e+002  5.049422e-004
 1.516938e+002  4.769103e-004
 1.523125e+002  4.865013e-004
 1.529313e+002  4.835993e-004
 1.535500e+002  4.860878e-004
 1.541688e+002  5.146146e-004
 1.547875e+002  5.187165e-004
 1.554063e+002  5.106708e-004
 1.560250e+002  5.414175e-004
 1.566438e+002  5.030086e-004
 1.572625e+002  4.258585e-004
 1.578813e+002  4.738645e-004
 1.585000e+002  4.898096e-004
 1.591188e+002  4.603818e-004
 1.597375e+002  4.691943e-004
 1.603563e+002  4.826531e-004
 1.609750e+002  4.246420e-004
 1.615938e+002  4.510790e-004
 1.622125e+002  4.892783e-004
 1.628313e+002  4.800794e-004
 1.634500e+002  4.328179e-004
 1.640688e+002  4.256222e-004
 1.646875e+002  4.707283e-004
 1.653063e+002  5.180480e-004
 1.659250e+002  5.231334e-004
 1.665438e+002  5.100200e-004
 1.671625e+002  5.324915e-004
 1.677813e+002  4.850518e-004
 1.684000e+002  4.127939e-004
 1.690188e+002  4.202801e-004
 1.696375e+002  4.430214e-004
 1.702563e+002  4.470004e-004
 1.708750e+002  4.572691e-004
 1.714938e+002  4.652473e-004
 1.721125e+002  4.597562e-004
 1.727313e+002  4.328287e-004
 1.733500e+002  4.328627e-004
 1.739688e+002  4.844836e-004
 1.745875e+002  4.678898e-004
 1.752063e+002  4.448039e-004
 1.758250e+002  4.527711e-004
 1.764438e+002  4.231067e-004
 1.770625e+002  4.877611e-004
 1.776813e+002  4.281277e-004
 1.783000e+002  3.929749e-004
 1.789188e+002  4.252952e-004
 1.795375e+002  4.528633e-004
 1.801563e+002  4.538916e-004
 1.807750e+002  4.053526e-004
 1.813938e+002  4.053439e-004
 1.820125e+002  4.571263e-004
 1.826313e+002  4.651792e-004
 1.832500e+002  3.849340e-004
 1.838688e+002  3.880574e-004
 1.844875e+002  4.543535e-004
 1.851063e+002  4.511997e-004
 1.857250e+002  3.785191e-004
 1.863438e+002  4.474245e-004
 1.869625e+002  4.578626e-004
 1.875813e+002  4.057526e-004
 1.882000e+002  3.922673e-004
 1.888188e+002  3.923507e-004
 1.894375e+002  4.278966e-004
 1.900563e+002  4.118303e-004
 1.906750e+002  3.691564e-004
 1.912938e+002  4.197003e-004
 1.919125e+002  4.279269e-004
 1.925313e+002  4.707005e-004
 1.931500e+002  4.610958e-004
 1.937688e+002  4.443978e-004
 1.943875e+002  4.330643e-004
 1.950063e+002  3.901440e-004
 1.956250e+002  3.930466e-004
 1.962438e+002  4.276268e-004
 1.968625e+002  4.417365e-004
 1.974813e+002  4.097816e-004
 1.981000e+002  4.276616e-004
 1.987188e+002  4.386490e-004
 1.993375e+002  6.085004e-004
 1.999563e+002  6.400468e-004
 2.005750e+002  3.715080e-004
 2.011938e+002  3.800607e-004
 2.018125e+002  4.362148e-004
 2.024313e+002  4.121938e-004
 2.030500e+002  3.710100e-004
 2.036688e+002  3.989751e-004
 2.042875e+002  4.125499e-004
 2.049063e+002  3.959872e-004
 2.055250e+002  3.589866e-004
 2.061438e+002  3.792166e-004
 2.067625e+002  4.009870e-004
 2.073813e+002  4.022545e-004
 2.080000e+002  3.982323e-004
 2.086188e+002  3.734392e-004
 2.092375e+002  3.668949e-004
 2.098563e+002  3.866728e-004
 2.104750e+002  3.829726e-004
 2.110938e+002  3.828994e-004
 2.117125e+002  3.555431e-004
 2.123313e+002  3.993310e-004
 2.129500e+002  4.055329e-004
 2.135688e+002  4.079015e-004
 2.141875e+002  4.099793e-004
 2.148063e+002  3.828525e-004
 2.154250e+002  4.037916e-004
 2.160438e+002  4.333567e-004
 2.166625e+002  4.098498e-004
 2.172813e+002  4.099503e-004
 2.179000e+002  3.651115e-004
 2.185188e+002  3.869814e-004
 2.191375e+002  4.205509e-004
 2.197563e+002  4.083121e-004
 2.203750e+002  4.168713e-004
 2.209938e+002  3.797259e-004
 2.216125e+002  3.665186e-004
 2.222313e+002  3.812815e-004
 2.228500e+002  4.344260e-004
 2.234688e+002  3.796692e-004
 2.240875e+002  3.648129e-004
 2.247063e+002  3.858904e-004
 2.253250e+002  3.931150e-004
 2.259438e+002  3.696431e-004
 2.265625e+002  3.716095e-004
 2.271813e+002  3.562438e-004
 2.278000e+002  3.759307e-004
 2.284188e+002  3.671341e-004
 2.290375e+002  3.805777e-004
 2.296563e+002  3.732475e-004
 2.302750e+002  3.765968e-004
 2.308938e+002  3.716118e-004
 2.315125e+002  3.733736e-004
 2.321313e+002  3.741505e-004
 2.327500e+002  3.690284e-004
 2.333688e+002  3.611071e-004
 2.339875e+002  3.268843e-004
 2.346063e+002  3.218118e-004
 2.352250e+002  3.657545e-004
 2.358438e+002  4.029479e-004
 2.364625e+002  3.949217e-004
 2.370813e+002  4.124760e-004
 2.377000e+002  3.707671e-004
 2.383188e+002  3.358291e-004
 2.389375e+002  3.713924e-004
 2.395563e+002  3.770387e-004
 2.401750e+002  3.611699e-004
 2.407938e+002  3.716201e-004
 2.414125e+002  3.772956e-004
 2.420313e+002  3.653622e-004
 2.426500e+002  4.341425e-004
 2.432688e+002  4.316668e-004
 2.438875e+002  3.754866e-004
 2.445063e+002  3.956184e-004
 2.451250e+002  3.656388e-004
 2.457438e+002  3.722473e-004
 2.463625e+002  3.668814e-004
 2.469813e+002  3.385341e-004
 2.476000e+002  3.041825e-004
 2.482188e+002  3.535536e-004
 2.488375e+002  3.884568e-004
 2.494563e+002  6.231076e-004
 2.500750e+002  6.702171e-004
 2.506938e+002  3.806492e-004
 2.513125e+002  3.391268e-004
 2.519313e+002  3.480171e-004
 2.525500e+002  3.845437e-004
 2.531688e+002  3.733647e-004
 2.537875e+002  3.642608e-004
 2.544063e+002  3.736913e-004
 2.550250e+002  3.873261e-004
 2.556438e+002  3.873765e-004
 2.562625e+002  4.152680e-004
 2.568813e+002  3.745614e-004
 2.575000e+002  3.284947e-004
 2.581188e+002  3.404606e-004
 2.587375e+002  3.635075e-004
 2.593563e+002  3.444992e-004
 2.599750e+002  3.226664e-004
 2.605938e+002  3.482099e-004
 2.612125e+002  3.333491e-004
 2.618313e+002  3.358479e-004
 2.624500e+002  3.323165e-004
 2.630688e+002  3.353095e-004
 2.636875e+002  3.269974e-004
 2.643063e+002  3.222140e-004
 2.649250e+002  3.135075e-004
 2.655438e+002  3.306603e-004
 2.661625e+002  3.748965e-004
 2.667813e+002  3.433869e-004
 2.674000e+002  3.159334e-004
 2.680188e+002  3.264865e-004
 2.686375e+002  3.649256e-004
 2.692563e+002  3.292920e-004
 2.698750e+002  3.389193e-004
 2.704938e+002  3.114778e-004
 2.711125e+002  3.076289e-004
 2.717313e+002  3.241153e-004
 2.723500e+002  3.226811e-004
 2.729688e+002  3.300745e-004
 2.735875e+002  3.287179e-004
 2.742063e+002  3.128151e-004
 2.748250e+002  2.985034e-004
 2.754438e+002  3.349016e-004
 2.760625e+002  3.454792e-004
 2.766813e+002  3.277879e-004
 2.773000e+002  3.116741e-004
 2.779188e+002  3.102456e-004
 2.785375e+002  3.188009e-004
 2.791563e+002  3.394673e-004
 2.797750e+002  3.479488e-004
 2.803938e+002  3.463682e-004
 2.810125e+002  3.672550e-004
 2.816313e+002  3.584908e-004
 2.822500e+002  3.152152e-004
 2.828688e+002  2.672727e-004
 2.834875e+002  3.066172e-004
 2.841063e+002  3.438511e-004
 2.847250e+002  3.262730e-004
 2.853438e+002  3.197936e-004
 2.859625e+002  3.036605e-004
 2.865813e+002  3.392338e-004
 2.872000e+002  3.882769e-004
 2.878188e+002  3.895691e-004
 2.884375e+002  3.799722e-004
 2.890563e+002  3.485642e-004
 2.896750e+002  3.341699e-004
 2.902938e+002  3.420793e-004
 2.909125e+002  3.606827e-004
 2.915313e+002  3.639033e-004
 2.921500e+002  3.648545e-004
 2.927688e+002  3.512770e-004
 2.933875e+002  3.203181e-004
 2.940063e+002  3.475982e-004
 2.946250e+002  3.600030e-004
 2.952438e+002  3.248235e-004
 2.958625e+002  3.518423e-004
 2.964813e+002  3.325012e-004
 2.971000e+002  3.039514e-004
 2.977188e+002  3.236578e-004
 2.983375e+002  3.001593e-004
 2.989563e+002  3.233056e-004
 2.995750e+002  4.919738e-004
 3.001938e+002  4.192377e-004
 3.008125e+002  3.203896e-004
 3.014313e+002  3.220469e-004
 3.020500e+002  3.098180e-004
 3.026688e+002  3.084809e-004
 3.032875e+002  2.956446e-004
 3.039063e+002  3.004702e-004
 3.045250e+002  3.265219e-004
 3.051438e+002  3.134799e-004
 3.057625e+002  3.345381e-004
 3.063813e+002  3.317725e-004
 3.070000e+002  2.871877e-004
 3.076188e+002  2.785077e-004
 3.082375e+002  2.690204e-004
 3.088563e+002  3.105287e-004
 3.094750e+002  3.028787e-004
 3.100938e+002  3.215538e-004
 3.107125e+002  2.797299e-004
 3.113313e+002  2.589741e-004
 3.119500e+002  2.699335e-004
 3.125688e+002  2.980944e-004
 3.131875e+002  2.830992e-004
 3.138063e+002  2.908754e-004
 3.144250e+002  2.870594e-004
 3.150437e+002  2.868577e-004
 3.156625e+002  2.959990e-004
 3.162812e+002  3.025789e-004
 3.169000e+002  3.043026e-004
 3.175187e+002  2.912255e-004
 3.181375e+002  3.005601e-004
 3.187562e+002  2.956237e-004
 3.193750e+002  2.703446e-004
 3.199937e+002  3.099074e-004
 3.206125e+002  3.257963e-004
 3.212312e+002  3.006642e-004
 3.218500e+002  2.979789e-004
 3.224687e+002  2.927045e-004
 3.230875e+002  2.943163e-004
 3.237062e+002  2.847909e-004
 3.243250e+002  2.877021e-004
 3.249437e+002  2.973680e-004
 3.255625e+002  2.973018e-004
 3.261812e+002  2.986567e-004
 3.268000e+002  3.147377e-004
 3.274187e+002  2.843286e-004
 3.280375e+002  2.527664e-004
 3.286562e+002  2.500923e-004
 3.292750e+002  2.814401e-004
 3.298937e+002  2.598788e-004
 3.305125e+002  2.454713e-004
 3.311312e+002  3.054816e-004
 3.317500e+002  3.274547e-004
 3.323687e+002  2.977128e-004
 3.329875e+002  2.957675e-004
 3.336062e+002  2.869394e-004
 3.342250e+002  2.921814e-004
 3.348437e+002  2.948965e-004
 3.354625e+002  2.802558e-004
 3.360812e+002  2.999741e-004
 3.367000e+002  2.921607e-004
 3.373187e+002  2.954480e-004
 3.379375e+002  2.697716e-004
 3.385562e+002  2.739900e-004
 3.391750e+002  2.827176e-004
 3.397937e+002  2.797806e-004
 3.404125e+002  3.059130e-004
 3.410312e+002  3.324217e-004
 3.416500e+002  3.318647e-004
 3.422687e+002  3.036752e-004
 3.428875e+002  2.799430e-004
 3.435062e+002  2.603686e-004
 3.441250e+002  2.699536e-004
 3.447437e+002  2.982998e-004
 3.453625e+002  2.664985e-004
 3.459812e+002  2.990788e-004
 3.466000e+002  2.964991e-004
 3.472187e+002  2.543799e-004
 3.478375e+002  2.841571e-004
 3.484562e+002  2.731223e-004
 3.490750e+002  2.863206e-004
 3.496937e+002  3.015973e-004
 3.503125e+002  2.498492e-004
 3.509312e+002  2.841069e-004
 3.515500e+002  2.548683e-004
 3.521687e+002  2.442693e-004
 3.527875e+002  2.853427e-004
 3.534062e+002  2.796231e-004
 3.540250e+002  2.682047e-004
 3.546437e+002  3.006385e-004
 3.552625e+002  3.229975e-004
 3.558812e+002  3.046773e-004
 3.565000e+002  2.591110e-004
 3.571187e+002  2.796026e-004
 3.577375e+002  2.820970e-004
 3.583562e+002  2.769466e-004
 3.589750e+002  2.497901e-004
 3.595937e+002  2.889073e-004
 3.602125e+002  3.127398e-004
 3.608312e+002  3.082950e-004
 3.614500e+002  2.785893e-004
 3.620687e+002  2.838355e-004
 3.626875e+002  2.507513e-004
 3.633062e+002  2.449992e-004
 3.639250e+002  2.642044e-004
 3.645437e+002  2.654045e-004
 3.651625e+002  2.599695e-004
 3.657812e+002  2.795971e-004
 3.664000e+002  2.788872e-004
 3.670187e+002  2.705634e-004
 3.676375e+002  2.679908e-004
 3.682562e+002  2.911941e-004
 3.688750e+002  2.720996e-004
 3.694937e+002  2.511720e-004
 3.701125e+002  2.543506e-004
 3.707312e+002  2.727719e-004
 3.713500e+002  2.725934e-004
 3.719687e+002  2.667038e-004
 3.725875e+002  2.899484e-004
 3.732062e+002  2.585566e-004
 3.738250e+002  2.442955e-004
 3.744437e+002  2.629445e-004
 3.750625e+002  2.919604e-004
 3.756812e+002  2.734383e-004
 3.763000e+002  2.807471e-004
 3.769187e+002  2.677665e-004
 3.775375e+002  2.521015e-004
 3.781562e+002  2.972161e-004
 3.787750e+002  3.060029e-004
 3.793937e+002  2.832549e-004
 3.800125e+002  2.618599e-004
 3.806312e+002  2.725455e-004
 3.812500e+002  2.900295e-004
 3.818687e+002  2.779571e-004
 3.824875e+002  2.372496e-004
 3.831062e+002  2.715824e-004
 3.837250e+002  2.839195e-004
 3.843437e+002  2.651133e-004
 3.849625e+002  2.592773e-004
 3.855812e+002  2.821924e-004
 3.862000e+002  2.669141e-004
 3.868187e+002  2.524662e-004
 3.874375e+002  2.843162e-004
 3.880562e+002  2.742362e-004
 3.886750e+002  2.359883e-004
 3.892937e+002  2.739047e-004
 3.899125e+002  2.675661e-004
 3.905312e+002  2.268966e-004
 3.911500e+002  2.567959e-004
 3.917687e+002  2.872425e-004
 3.923875e+002  2.775299e-004
 3.930062e+002  2.656603e-004
 3.936250e+002  2.844646e-004
 3.942437e+002  2.893570e-004
 3.948625e+002  2.786822e-004
 3.954812e+002  2.548565e-004
 3.961000e+002  2.548567e-004
 3.967187e+002  2.358311e-004
 3.973375e+002  2.182887e-004
 3.979562e+002  2.652811e-004
 3.985750e+002  2.737568e-004
 3.991937e+002  3.663815e-004
 3.998125e+002  4.278601e-004
 4.004312e+002  2.747856e-004
 4.010500e+002  2.427961e-004
 4.016687e+002  2.376777e-004
 4.022875e+002  2.386724e-004
 4.029062e+002  2.638550e-004
 4.035250e+002  2.197827e-004
 4.041437e+002  2.117792e-004
 4.047625e+002  2.688466e-004
 4.053812e+002  2.895229e-004
 4.060000e+002  2.863808e-004
 4.066187e+002  2.829202e-004
 4.072375e+002  2.607036e-004
 4.078562e+002  2.829079e-004
 4.084750e+002  2.919992e-004
 4.090937e+002  2.609146e-004
 4.097125e+002  2.561342e-004
 4.103312e+002  2.546614e-004
 4.109500e+002  2.457739e-004
 4.115687e+002  2.371741e-004
 4.121875e+002  2.397787e-004
 4.128062e+002  2.449644e-004
 4.134250e+002  2.692480e-004
 4.140437e+002  2.613576e-004
 4.146625e+002  2.363110e-004
 4.152812e+002  2.275794e-004
 4.159000e+002  2.526144e-004
 4.165187e+002  2.524640e-004
 4.171375e+002  2.470940e-004
 4.177562e+002  2.366446e-004
 4.183750e+002  2.514784e-004
 4.189937e+002  2.441161e-004
 4.196125e+002  2.235025e-004
 4.202312e+002  2.305297e-004
 4.208500e+002  2.525370e-004
 4.214687e+002  2.409378e-004
 4.220875e+002  2.731549e-004
 4.227062e+002  2.616759e-004
 4.233250e+002  2.680431e-004
 4.239437e+002  2.648251e-004
 4.245625e+002  2.609250e-004
 4.251812e+002  2.481857e-004
 4.258000e+002  2.332039e-004
 4.264187e+002  2.494682e-004
 4.270375e+002  2.564773e-004
 4.276562e+002  2.731986e-004
 4.282750e+002  2.503787e-004
 4.288937e+002  2.275689e-004
 4.295125e+002  2.406335e-004
 4.301312e+002  2.366962e-004
 4.307500e+002  2.259720e-004
 4.313687e+002  2.145623e-004
 4.319875e+002  2.467583e-004
 4.326062e+002  2.290789e-004
 4.332250e+002  2.424599e-004
 4.338437e+002  2.941243e-004
 4.344625e+002  2.861108e-004
 4.350812e+002  2.433349e-004
 4.357000e+002  2.140773e-004
 4.363187e+002  2.360662e-004
 4.369375e+002  2.705948e-004
 4.375562e+002  2.736565e-004
 4.381750e+002  2.452035e-004
 4.387937e+002  2.534904e-004
 4.394125e+002  2.571905e-004
 4.400312e+002  2.569312e-004
 4.406500e+002  2.496293e-004
 4.412687e+002  2.495972e-004
 4.418875e+002  2.562349e-004
 4.425062e+002  2.548495e-004
 4.431250e+002  2.514953e-004
 4.437437e+002  2.513517e-004
 4.443625e+002  2.513699e-004
 4.449812e+002  2.570403e-004
 4.456000e+002  2.585183e-004
 4.462187e+002  2.219559e-004
 4.468375e+002  2.377942e-004
 4.474562e+002  2.473626e-004
 4.480750e+002  2.540040e-004
 4.486937e+002  2.509338e-004
 4.493125e+002  2.651320e-004
 4.499312e+002  2.433800e-004
 4.505500e+002  2.331931e-004
 4.511687e+002  2.496084e-004
 4.517875e+002  2.439029e-004
 4.524062e+002  2.379886e-004
 4.530250e+002  2.516558e-004
 4.536437e+002  2.631992e-004
 4.542625e+002  2.431273e-004
 4.548812e+002  2.373121e-004
 4.555000e+002  2.545827e-004
 4.561187e+002  2.458706e-004
 4.567375e+002  2.150760e-004
 4.573562e+002  2.241818e-004
 4.579750e+002  2.408892e-004
 4.585937e+002  2.244886e-004
 4.592125e+002  2.335232e-004
 4.598312e+002  2.267552e-004
 4.604500e+002  2.398017e-004
 4.610687e+002  2.422058e-004
 4.616875e+002  2.351266e-004
 4.623062e+002  2.510818e-004
 4.629250e+002  2.370458e-004
 4.635437e+002  2.435224e-004
 4.641625e+002  2.352230e-004
 4.647812e+002  2.074640e-004
 4.654000e+002  2.335941e-004
 4.660187e+002  2.341887e-004
 4.666375e+002  2.419085e-004
 4.672562e+002  2.291227e-004
 4.678750e+002  2.280258e-004
 4.684937e+002  2.124954e-004
 4.691125e+002  2.429121e-004
 4.697312e+002  2.186817e-004
 4.703500e+002  2.045493e-004
 4.709687e+002  2.368780e-004
 4.715875e+002  2.620568e-004
 4.722062e+002  2.557645e-004
 4.728250e+002  2.210147e-004
 4.734437e+002  2.468019e-004
 4.740625e+002  2.565718e-004
 4.746812e+002  2.501117e-004
 4.753000e+002  2.315480e-004
 4.759187e+002  2.284858e-004
 4.765375e+002  2.345511e-004
 4.771562e+002  2.603398e-004
 4.777750e+002  2.370933e-004
 4.783937e+002  2.290139e-004
 4.790125e+002  2.390170e-004
 4.796312e+002  2.535712e-004
 4.802500e+002  2.527743e-004
 4.808687e+002  2.340548e-004
 4.814875e+002  2.281571e-004
 4.821062e+002  2.067811e-004
 4.827250e+002  2.155315e-004
 4.833437e+002  2.355189e-004
 4.839625e+002  2.470244e-004
 4.845812e+002  2.420719e-004
 4.852000e+002  2.339444e-004
 4.858187e+002  2.377382e-004
 4.864375e+002  2.163053e-004
 4.870562e+002  2.134306e-004
 4.876750e+002  2.419058e-004
 4.882937e+002  2.401086e-004
 4.889125e+002  2.494296e-004
 4.895312e+002  2.336711e-004
 4.901500e+002  2.214293e-004
 4.907687e+002  2.468295e-004
 4.913875e+002  2.625708e-004
 4.920062e+002  2.424161e-004
 4.926250e+002  2.382996e-004
 4.932437e+002  2.363252e-004
 4.938625e+002  2.319072e-004
 4.944812e+002  2.172663e-004
 4.951000e+002  2.257932e-004
 4.957187e+002  2.121694e-004
 4.963375e+002  2.209689e-004
 4.969562e+002  2.371228e-004
 4.975750e+002  2.110334e-004
 4.981937e+002  2.161499e-004
 4.988125e+002  2.698395e-004
 4.994312e+002  4.256223e-004
 5.000500e+002  3.395507e-004
 5.006687e+002  2.567550e-004
 5.012875e+002  2.409207e-004
 5.019062e+002  2.321716e-004
 5.025250e+002  2.530169e-004
 5.031437e+002  2.493481e-004
 5.037625e+002  2.271721e-004
 5.043812e+002  2.371568e-004
 5.050000e+002  2.125542e-004
 5.056187e+002  2.065432e-004
 5.062375e+002  2.115315e-004
 5.068562e+002  2.252880e-004
 5.074750e+002  2.122670e-004
 5.080937e+002  2.029192e-004
 5.087125e+002  2.299155e-004
 5.093312e+002  2.419653e-004
 5.099500e+002  2.201698e-004
 5.105687e+002  2.013736e-004
 5.111875e+002  2.047007e-004
 5.118062e+002  2.197882e-004
 5.124250e+002  2.196442e-004
 5.130437e+002  2.217459e-004
 5.136625e+002  2.446106e-004
 5.142812e+002  2.693242e-004
 5.149000e+002  2.519746e-004
 5.155187e+002  2.310253e-004
 5.161375e+002  2.154249e-004
 5.167562e+002  2.222897e-004
 5.173750e+002  2.138802e-004
 5.179937e+002  2.336160e-004
 5.186125e+002  2.268256e-004
 5.192312e+002  2.123082e-004
 5.198500e+002  2.217552e-004
 5.204687e+002  2.119821e-004
 5.210875e+002  2.177230e-004
 5.217062e+002  2.575983e-004
 5.223250e+002  2.474170e-004
 5.229437e+002  2.515797e-004
 5.235625e+002  2.310497e-004
 5.241812e+002  2.227700e-004
 5.248000e+002  2.217375e-004
 5.254187e+002  2.295742e-004
 5.260375e+002  2.171232e-004
 5.266562e+002  2.077220e-004
 5.272750e+002  2.363545e-004
 5.278937e+002  2.496332e-004
 5.285125e+002  2.314861e-004
 5.291312e+002  2.160281e-004
 5.297500e+002  2.202971e-004
 5.303687e+002  2.210584e-004
 5.309875e+002  2.123980e-004
 5.316062e+002  2.273221e-004
 5.322250e+002  2.472675e-004
 5.328437e+002  2.228395e-004
 5.334625e+002  2.178373e-004
 5.340812e+002  1.993933e-004
 5.347000e+002  1.998604e-004
 5.353187e+002  1.843712e-004
 5.359375e+002  2.286327e-004
 5.365562e+002  1.982649e-004
 5.371750e+002  2.114380e-004
 5.377937e+002  2.253141e-004
 5.384125e+002  2.358833e-004
 5.390312e+002  2.233183e-004
 5.396500e+002  2.090719e-004
 5.402687e+002  2.123347e-004
 5.408875e+002  2.306280e-004
 5.415062e+002  2.198054e-004
 5.421250e+002  2.302325e-004
 5.427437e+002  2.174632e-004
 5.433625e+002  2.233179e-004
 5.439812e+002  2.170544e-004
 5.446000e+002  2.192010e-004
 5.452187e+002  2.025143e-004
 5.458375e+002  2.171829e-004
 5.464562e+002  2.213111e-004
 5.470750e+002  1.939055e-004
 5.476937e+002  2.136835e-004
 5.483125e+002  2.276697e-004
 5.489312e+002  2.395639e-004
 5.495500e+002  3.154935e-004
 5.501687e+002  2.519977e-004
 5.507875e+002  2.004915e-004
 5.514062e+002  2.271615e-004
 5.520250e+002  2.253730e-004
 5.526437e+002  2.256136e-004
 5.532625e+002  2.217098e-004
 5.538812e+002  2.330783e-004
 5.545000e+002  2.486487e-004
 5.551187e+002  2.380479e-004
 5.557375e+002  2.024965e-004
 5.563562e+002  1.921628e-004
 5.569750e+002  2.226418e-004
 5.575937e+002  2.156576e-004
 5.582125e+002  2.114863e-004
 5.588312e+002  2.025386e-004
 5.594500e+002  2.144745e-004
 5.600687e+002  2.172033e-004
 5.606875e+002  2.104823e-004
 5.613062e+002  2.080243e-004
 5.619250e+002  2.061273e-004
 5.625437e+002  2.259918e-004
 5.631625e+002  2.020399e-004
 5.637812e+002  1.907355e-004
 5.644000e+002  2.015358e-004
 5.650187e+002  2.088498e-004
 5.656375e+002  1.891556e-004
 5.662562e+002  2.046674e-004
 5.668750e+002  2.204033e-004
 5.674937e+002  2.130241e-004
 5.681125e+002  1.860370e-004
 5.687312e+002  2.478205e-004
 5.693500e+002  2.513120e-004
 5.699687e+002  2.045508e-004
 5.705875e+002  1.994059e-004
 5.712062e+002  2.261663e-004
 5.718250e+002  2.351812e-004
 5.724437e+002  2.249969e-004
 5.730625e+002  2.071559e-004
 5.736812e+002  1.954071e-004
 5.743000e+002  2.136960e-004
 5.749187e+002  2.142581e-004
 5.755375e+002  2.104187e-004
 5.761562e+002  2.058669e-004
 5.767750e+002  2.165500e-004
 5.773937e+002  2.170181e-004
 5.780125e+002  2.159370e-004
 5.786312e+002  2.332532e-004
 5.792500e+002  2.168265e-004
 5.798687e+002  2.100610e-004
 5.804875e+002  2.209061e-004
 5.811062e+002  2.291078e-004
 5.817250e+002  2.297087e-004
 5.823437e+002  2.227785e-004
 5.829625e+002  2.175980e-004
 5.835812e+002  2.107068e-004
 5.842000e+002  2.039080e-004
 5.848187e+002  1.975496e-004
 5.854375e+002  1.994561e-004
 5.860562e+002  2.007866e-004
 5.866750e+002  2.225633e-004
 5.872937e+002  2.156675e-004
 5.879125e+002  1.913642e-004
 5.885312e+002  2.048750e-004
 5.891500e+002  2.034081e-004
 5.897687e+002  2.124585e-004
 5.903875e+002  2.266831e-004
 5.910062e+002  2.405893e-004
 5.916250e+002  2.164962e-004
 5.922437e+002  2.114737e-004
 5.928625e+002  2.024053e-004
 5.934812e+002  1.914893e-004
 5.941000e+002  2.008587e-004
 5.947187e+002  2.294334e-004
 5.953375e+002  2.128747e-004
 5.959562e+002  2.184488e-004
 5.965750e+002  2.060449e-004
 5.971937e+002  2.099481e-004
 5.978125e+002  2.019676e-004
 5.984312e+002  1.958219e-004
 5.990500e+002  2.962597e-004
 5.996687e+002  3.615852e-004
 6.002875e+002  2.442386e-004
 6.009062e+002  2.350136e-004
 6.015250e+002  2.119173e-004
 6.021437e+002  2.228337e-004
 6.027625e+002  2.076233e-004
 6.033812e+002  1.916521e-004
 6.040000e+002  2.129382e-004
 6.046187e+002  1.870399e-004
 6.052375e+002  1.826114e-004
 6.058562e+002  2.179412e-004
 6.064750e+002  2.103466e-004
 6.070937e+002  2.032826e-004
 6.077125e+002  1.870294e-004
 6.083312e+002  1.978604e-004
 6.089500e+002  2.104710e-004
 6.095687e+002  2.002717e-004
 6.101875e+002  2.026006e-004
 6.108062e+002  2.026887e-004
 6.114250e+002  1.985353e-004
 6.120437e+002  1.915935e-004
 6.126625e+002  2.015108e-004
 6.132812e+002  2.124365e-004
 6.139000e+002  2.153241e-004
 6.145187e+002  1.867277e-004
 6.151375e+002  2.016285e-004
 6.157562e+002  1.994614e-004
 6.163750e+002  1.828368e-004
 6.169937e+002  1.962083e-004
 6.176125e+002  1.887892e-004
 6.182312e+002  1.983818e-004
 6.188500e+002  2.003560e-004
 6.194687e+002  1.994658e-004
 6.200875e+002  2.228381e-004
 6.207062e+002  2.368092e-004
 6.213250e+002  2.046385e-004
 6.219437e+002  2.096328e-004
 6.225625e+002  2.049982e-004
 6.231812e+002  1.964933e-004
 6.238000e+002  2.013670e-004
 6.244187e+002  2.053339e-004
 6.250375e+002  1.889963e-004
 6.256562e+002  2.171665e-004
 6.262750e+002  2.145360e-004
 6.268937e+002  2.130521e-004
 6.275125e+002  1.997583e-004
 6.281312e+002  2.077505e-004
 6.287500e+002  2.222982e-004
 6.293687e+002  1.984241e-004
 6.299875e+002  1.872743e-004
 6.306062e+002  1.904282e-004
 6.312250e+002  1.975637e-004
 6.318437e+002  1.986947e-004
 6.324625e+002  2.310110e-004
 6.330812e+002  2.099413e-004
 6.337000e+002  2.020222e-004
 6.343187e+002  2.178529e-004
 6.349375e+002  2.099997e-004
 6.355562e+002  1.740634e-004
 6.361750e+002  2.021192e-004
 6.367937e+002  2.290700e-004
 6.374125e+002  2.076428e-004
 6.380312e+002  1.919043e-004
 6.386500e+002  1.978575e-004
 6.392687e+002  1.950764e-004
 6.398875e+002  2.167463e-004
 6.405062e+002  2.157350e-004
 6.411250e+002  2.087800e-004
 6.417437e+002  1.877042e-004
 6.423625e+002  1.714020e-004
 6.429812e+002  2.060996e-004
 6.436000e+002  2.073745e-004
 6.442187e+002  2.051814e-004
 6.448375e+002  1.978091e-004
 6.454562e+002  1.938931e-004
 6.460750e+002  1.870386e-004
 6.466937e+002  1.928663e-004
 6.473125e+002  1.898917e-004
 6.479312e+002  1.844299e-004
 6.485500e+002  2.082161e-004
 6.491687e+002  4.063330e-004
 6.497875e+002  3.661810e-004
 6.504062e+002  1.805509e-004
 6.510250e+002  1.885795e-004
 6.516437e+002  2.181381e-004
 6.522625e+002  2.270174e-004
 6.528812e+002  2.219836e-004
 6.535000e+002  2.168887e-004
 6.541187e+002  2.060617e-004
 6.547375e+002  2.101316e-004
 6.553562e+002  1.738807e-004
 6.559750e+002  1.687756e-004
 6.565937e+002  1.943851e-004
 6.572125e+002  2.057561e-004
 6.578312e+002  2.200407e-004
 6.584500e+002  2.135159e-004
 6.590687e+002  1.796123e-004
 6.596875e+002  1.827085e-004
 6.603062e+002  2.066369e-004
 6.609250e+002  2.216314e-004
 6.615437e+002  2.111004e-004
 6.621625e+002  2.176335e-004
 6.627812e+002  2.081519e-004
 6.634000e+002  2.051823e-004
 6.640187e+002  1.995517e-004
 6.646375e+002  2.066908e-004
 6.652562e+002  2.039390e-004
 6.658750e+002  1.870154e-004
 6.664937e+002  1.864180e-004
 6.671125e+002  1.802542e-004
 6.677312e+002  1.980360e-004
 6.683500e+002  2.106834e-004
 6.689687e+002  2.087610e-004
 6.695875e+002  1.954274e-004
 6.702062e+002  2.049321e-004
 6.708250e+002  1.817732e-004
 6.714437e+002  1.969594e-004
 6.720625e+002  1.921259e-004
 6.726812e+002  1.844483e-004
 6.733000e+002  1.787297e-004
 6.739187e+002  1.933614e-004
 6.745375e+002  2.013617e-004
 6.751562e+002  2.006829e-004
 6.757750e+002  1.942933e-004
 6.763937e+002  1.850715e-004
 6.770125e+002  1.844274e-004
 6.776312e+002  2.068283e-004
 6.782500e+002  2.136233e-004
 6.788687e+002  1.920069e-004
 6.794875e+002  1.738264e-004
 6.801062e+002  1.692017e-004
 6.807250e+002  1.890083e-004
 6.813437e+002  1.822501e-004
 6.819625e+002  1.711556e-004
 6.825812e+002  1.864878e-004
 6.832000e+002  2.041154e-004
 6.838187e+002  2.095182e-004
 6.844375e+002  2.012295e-004
 6.850562e+002  1.866240e-004
 6.856750e+002  1.703401e-004
 6.862937e+002  1.944125e-004
 6.869125e+002  1.833503e-004
 6.875312e+002  2.056744e-004
 6.881500e+002  2.041734e-004
 6.887687e+002  1.927489e-004
 6.893875e+002  1.736713e-004
 6.900062e+002  1.863503e-004
 6.906250e+002  1.908944e-004
 6.912437e+002  1.871654e-004
 6.918625e+002  1.899314e-004
 6.924812e+002  1.996639e-004
 6.931000e+002  1.955239e-004
 6.937187e+002  1.875835e-004
 6.943375e+002  1.751500e-004
 6.949562e+002  1.650182e-004
 6.955750e+002  1.700496e-004
 6.961937e+002  1.955488e-004
 6.968125e+002  2.007130e-004
 6.974312e+002  2.029743e-004
 6.980500e+002  1.940062e-004
 6.986687e+002  2.064234e-004
 6.992875e+002  3.080476e-004
 6.999062e+002  2.361135e-004
 7.005250e+002  1.915642e-004
 7.011437e+002  2.084841e-004
 7.017625e+002  1.909950e-004
 7.023812e+002  2.026612e-004
 7.030000e+002  2.067599e-004
 7.036187e+002  2.032057e-004
 7.042375e+002  2.066661e-004
 7.048562e+002  1.995382e-004
 7.054750e+002  1.899219e-004
 7.060937e+002  1.626338e-004
 7.067125e+002  1.673006e-004
 7.073312e+002  1.976377e-004
 7.079500e+002  1.998477e-004
 7.085687e+002  2.050557e-004
 7.091875e+002  1.889298e-004
 7.098062e+002  2.016495e-004
 7.104250e+002  2.091987e-004
 7.110437e+002  1.828032e-004
 7.116625e+002  1.884263e-004
 7.122812e+002  1.910046e-004
 7.129000e+002  1.634158e-004
 7.135187e+002  1.881120e-004
 7.141375e+002  1.930536e-004
 7.147562e+002  1.863465e-004
 7.153750e+002  1.848708e-004
 7.159937e+002  1.837146e-004
 7.166125e+002  1.792374e-004
 7.172312e+002  1.841019e-004
 7.178500e+002  1.754866e-004
 7.184687e+002  1.934339e-004
 7.190875e+002  1.955435e-004
 7.197062e+002  1.875723e-004
 7.203250e+002  1.842739e-004
 7.209437e+002  1.847381e-004
 7.215625e+002  1.843411e-004
 7.221812e+002  2.096794e-004
 7.228000e+002  2.015089e-004
 7.234187e+002  1.731289e-004
 7.240375e+002  1.959446e-004
 7.246562e+002  1.855312e-004
 7.252750e+002  1.715636e-004
 7.258937e+002  1.637461e-004
 7.265125e+002  1.683843e-004
 7.271312e+002  1.725830e-004
 7.277500e+002  1.819845e-004
 7.283687e+002  1.736306e-004
 7.289875e+002  1.874338e-004
 7.296062e+002  2.005260e-004
 7.302250e+002  2.026954e-004
 7.308437e+002  1.785566e-004
 7.314625e+002  1.898526e-004
 7.320812e+002  2.110085e-004
 7.327000e+002  1.947304e-004
 7.333187e+002  1.742905e-004
 7.339375e+002  1.915735e-004
 7.345562e+002  1.933278e-004
 7.351750e+002  1.893883e-004
 7.357937e+002  1.731870e-004
 7.364125e+002  1.882889e-004
 7.370312e+002  1.885956e-004
 7.376500e+002  1.804470e-004
 7.382687e+002  1.659707e-004
 7.388875e+002  1.614191e-004
 7.395062e+002  1.889866e-004
 7.401250e+002  1.864455e-004
 7.407437e+002  1.730729e-004
 7.413625e+002  1.728839e-004
 7.419812e+002  1.752444e-004
 7.426000e+002  1.822491e-004
 7.432187e+002  1.711538e-004
 7.438375e+002  1.857707e-004
 7.444562e+002  2.104251e-004
 7.450750e+002  1.965956e-004
 7.456937e+002  1.789211e-004
 7.463125e+002  1.775237e-004
 7.469312e+002  2.048866e-004
 7.475500e+002  1.999348e-004
 7.481687e+002  1.948136e-004
 7.487875e+002  2.635071e-004
 7.494062e+002  3.918716e-004
 7.500250e+002  2.446112e-004
 7.506437e+002  1.855322e-004
 7.512625e+002  1.855509e-004
 7.518812e+002  1.974835e-004
 7.525000e+002  1.950576e-004
 7.531187e+002  1.975855e-004
 7.537375e+002  1.857318e-004
 7.543562e+002  2.035361e-004
 7.549750e+002  1.939513e-004
 7.555937e+002  1.754616e-004
 7.562125e+002  1.840935e-004
 7.568312e+002  1.828326e-004
 7.574500e+002  2.100985e-004
 7.580687e+002  1.988007e-004
 7.586875e+002  1.713150e-004
 7.593062e+002  1.704602e-004
 7.599250e+002  1.684619e-004
 7.605437e+002  1.759094e-004
 7.611625e+002  1.702153e-004
 7.617812e+002  1.656750e-004
 7.624000e+002  1.701832e-004
 7.630187e+002  1.761375e-004
 7.636375e+002  1.768497e-004
 7.642562e+002  1.864932e-004
 7.648750e+002  1.932940e-004
 7.654937e+002  1.934540e-004
 7.661125e+002  1.858769e-004
 7.667312e+002  1.981572e-004
 7.673500e+002  2.095815e-004
 7.679687e+002  2.067848e-004
 7.685875e+002  1.962146e-004
 7.692062e+002  1.692477e-004
 7.698250e+002  1.684943e-004
 7.704437e+002  1.808397e-004
 7.710625e+002  1.555875e-004
 7.716812e+002  1.462438e-004
 7.723000e+002  1.731989e-004
 7.729187e+002  1.698311e-004
 7.735375e+002  1.735335e-004
 7.741562e+002  1.803904e-004
 7.747750e+002  1.786628e-004
 7.753937e+002  1.949155e-004
 7.760125e+002  1.951501e-004
 7.766312e+002  1.717410e-004
 7.772500e+002  1.714657e-004
 7.778687e+002  1.792908e-004
 7.784875e+002  1.970652e-004
 7.791062e+002  2.169979e-004
 7.797250e+002  1.988617e-004
 7.803437e+002  2.112917e-004
 7.809625e+002  2.064383e-004
 7.815812e+002  1.774182e-004
 7.822000e+002  1.840840e-004
 7.828187e+002  1.779887e-004
 7.834375e+002  1.824309e-004
 7.840562e+002  1.869932e-004
 7.846750e+002  1.995578e-004
 7.852937e+002  2.012451e-004
 7.859125e+002  1.633841e-004
 7.865312e+002  1.695080e-004
 7.871500e+002  1.724515e-004
 7.877687e+002  1.711438e-004
 7.883875e+002  1.687568e-004
 7.890062e+002  1.794478e-004
 7.896250e+002  1.936057e-004
 7.902437e+002  1.727759e-004
 7.908625e+002  1.578025e-004
 7.914812e+002  1.712765e-004
 7.921000e+002  1.958275e-004
 7.927187e+002  1.832298e-004
 7.933375e+002  1.801611e-004
 7.939562e+002  1.873202e-004
 7.945750e+002  1.969584e-004
 7.951937e+002  1.924528e-004
 7.958125e+002  1.911048e-004
 7.964312e+002  1.777827e-004
 7.970500e+002  1.651721e-004
 7.976687e+002  1.705130e-004
 7.982875e+002  1.846389e-004
 7.989062e+002  2.558974e-004
 7.995250e+002  2.861328e-004
 8.001437e+002  1.966111e-004
 8.007625e+002  1.741611e-004
 8.013812e+002  1.663883e-004
 8.020000e+002  1.857536e-004
 8.026187e+002  1.849234e-004
 8.032375e+002  1.843353e-004
 8.038562e+002  1.848359e-004
 8.044750e+002  1.868241e-004
 8.050937e+002  1.891646e-004
 8.057125e+002  1.835790e-004
 8.063312e+002  1.818979e-004
 8.069500e+002  1.934991e-004
 8.075687e+002  1.983247e-004
 8.081875e+002  1.930085e-004
 8.088062e+002  1.870895e-004
 8.094250e+002  1.772047e-004
 8.100437e+002  1.795563e-004
 8.106625e+002  1.719372e-004
 8.112812e+002  1.717445e-004
 8.119000e+002  1.757551e-004
 8.125187e+002  1.868056e-004
 8.131375e+002  1.835010e-004
 8.137562e+002  1.734481e-004
 8.143750e+002  1.738835e-004
 8.149937e+002  1.796476e-004
 8.156125e+002  1.816105e-004
 8.162312e+002  1.579502e-004
 8.168500e+002  1.719484e-004
 8.174687e+002  1.633782e-004
 8.180875e+002  1.596762e-004
 8.187062e+002  1.551877e-004
 8.193250e+002  1.645930e-004
 8.199437e+002  1.653523e-004
 8.205625e+002  1.693033e-004
 8.211812e+002  1.830865e-004
 8.218000e+002  1.784295e-004
 8.224187e+002  1.870994e-004
 8.230375e+002  1.898442e-004
 8.236562e+002  1.802157e-004
 8.242750e+002  1.816960e-004
 8.248937e+002  1.799371e-004
 8.255125e+002  1.791430e-004
 8.261312e+002  1.821903e-004
 8.267500e+002  1.826898e-004
 8.273687e+002  1.782142e-004
 8.279875e+002  1.745389e-004
 8.286062e+002  1.628180e-004
 8.292250e+002  1.669213e-004
 8.298437e+002  1.807207e-004
 8.304625e+002  1.702890e-004
 8.310812e+002  1.846390e-004
 8.317000e+002  1.655527e-004
 8.323187e+002  1.677053e-004
 8.329375e+002  1.683337e-004
 8.335562e+002  1.696420e-004
 8.341750e+002  1.842285e-004
 8.347937e+002  1.727926e-004
 8.354125e+002  1.593331e-004
 8.360312e+002  1.580298e-004
 8.366500e+002  1.684448e-004
 8.372687e+002  1.865546e-004
 8.378875e+002  1.809750e-004
 8.385062e+002  1.612774e-004
 8.391250e+002  1.485474e-004
 8.397437e+002  1.541578e-004
 8.403625e+002  1.779408e-004
 8.409812e+002  1.715966e-004
 8.416000e+002  1.700389e-004
 8.422187e+002  1.692490e-004
 8.428375e+002  1.743003e-004
 8.434562e+002  1.559491e-004
 8.440750e+002  1.603662e-004
 8.446937e+002  1.703722e-004
 8.453125e+002  1.810925e-004
 8.459312e+002  1.662355e-004
 8.465500e+002  1.554312e-004
 8.471687e+002  1.713189e-004
 8.477875e+002  1.671008e-004
 8.484062e+002  1.824780e-004
 8.490250e+002  3.421196e-004
 8.496437e+002  3.383715e-004
 8.502625e+002  1.701093e-004
 8.508812e+002  1.644834e-004
 8.515000e+002  1.794173e-004
 8.521187e+002  1.804739e-004
 8.527375e+002  1.675555e-004
 8.533562e+002  1.496746e-004
 8.539750e+002  1.734288e-004
 8.545937e+002  1.834952e-004
 8.552125e+002  1.766340e-004
 8.558312e+002  1.611194e-004
 8.564500e+002  1.598597e-004
 8.570687e+002  1.665108e-004
 8.576875e+002  1.653492e-004
 8.583062e+002  1.708845e-004
 8.589250e+002  1.612847e-004
 8.595437e+002  1.521950e-004
 8.601625e+002  1.500035e-004
 8.607812e+002  1.758187e-004
 8.614000e+002  1.746684e-004
 8.620187e+002  1.823738e-004
 8.626375e+002  2.010602e-004
 8.632562e+002  1.936712e-004
 8.638750e+002  1.784375e-004
 8.644937e+002  1.629856e-004
 8.651125e+002  1.662371e-004
 8.657312e+002  1.786912e-004
 8.663500e+002  1.843908e-004
 8.669687e+002  1.862257e-004
 8.675875e+002  1.801545e-004
 8.682062e+002  1.757022e-004
 8.688250e+002  1.819207e-004
 8.694437e+002  1.704208e-004
 8.700625e+002  1.644265e-004
 8.706812e+002  1.633297e-004
 8.713000e+002  1.511797e-004
 8.719187e+002  1.727528e-004
 8.725375e+002  1.800614e-004
 8.731562e+002  1.646946e-004
 8.737750e+002  1.633053e-004
 8.743937e+002  1.825047e-004
 8.750125e+002  1.818623e-004
 8.756312e+002  1.654731e-004
 8.762500e+002  1.689903e-004
 8.768687e+002  1.699054e-004
 8.774875e+002  1.714372e-004
 8.781062e+002  1.675652e-004
 8.787250e+002  1.770201e-004
 8.793437e+002  1.964461e-004
 8.799625e+002  1.647571e-004
 8.805812e+002  1.454802e-004
 8.812000e+002  1.560038e-004
 8.818187e+002  1.605758e-004
 8.824375e+002  1.431030e-004
 8.830562e+002  1.517980e-004
 8.836750e+002  1.734517e-004
 8.842937e+002  1.770567e-004
 8.849125e+002  1.828465e-004
 8.855312e+002  1.693153e-004
 8.861500e+002  1.483603e-004
 8.867687e+002  1.486739e-004
 8.873875e+002  1.694737e-004
 8.880062e+002  1.767921e-004
 8.886250e+002  1.747915e-004
 8.892437e+002  1.748335e-004
 8.898625e+002  1.703467e-004
 8.904812e+002  1.787757e-004
 8.911000e+002  1.888605e-004
 8.917187e+002  1.873535e-004
 8.923375e+002  1.653304e-004
 8.929562e+002  1.699709e-004
 8.935750e+002  1.728189e-004
 8.941937e+002  1.645974e-004
 8.948125e+002  1.648221e-004
 8.954312e+002  1.677594e-004
 8.960500e+002  1.746440e-004
 8.966687e+002  1.636317e-004
 8.972875e+002  1.613330e-004
 8.979062e+002  1.824645e-004
 8.985250e+002  1.878248e-004
 8.991437e+002  2.195310e-004
 8.997625e+002  1.926040e-004
 9.003812e+002  1.636439e-004
 9.010000e+002  1.575059e-004
 9.016187e+002  1.657447e-004
 9.022375e+002  1.802098e-004
 9.028562e+002  1.799802e-004
 9.034750e+002  1.719321e-004
 9.040937e+002  1.711044e-004
 9.047125e+002  1.562132e-004
 9.053312e+002  1.568474e-004
 9.059500e+002  1.638936e-004
 9.065687e+002  1.612481e-004
 9.071875e+002  1.660583e-004
 9.078062e+002  1.619941e-004
 9.084250e+002  1.710896e-004
 9.090437e+002  1.629736e-004
 9.096625e+002  1.585572e-004
 9.102812e+002  1.742773e-004
 9.109000e+002  1.796859e-004
 9.115187e+002  1.829582e-004
 9.121375e+002  1.783215e-004
 9.127562e+002  1.666430e-004
 9.133750e+002  1.660445e-004
 9.139937e+002  1.662704e-004
 9.146125e+002  1.731044e-004
 9.152312e+002  1.713095e-004
 9.158500e+002  1.850648e-004
 9.164687e+002  1.711603e-004
 9.170875e+002  1.588596e-004
 9.177062e+002  1.643795e-004
 9.183250e+002  1.646763e-004
 9.189437e+002  1.526172e-004
 9.195625e+002  1.594121e-004
 9.201812e+002  1.746481e-004
 9.208000e+002  1.791003e-004
 9.214187e+002  1.752500e-004
 9.220375e+002  1.774858e-004
 9.226562e+002  1.934677e-004
 9.232750e+002  1.793763e-004
 9.238937e+002  1.714533e-004
 9.245125e+002  1.581589e-004
 9.251312e+002  1.585880e-004
 9.257500e+002  1.500934e-004
 9.263687e+002  1.461970e-004
 9.269875e+002  1.510269e-004
 9.276062e+002  1.504522e-004
 9.282250e+002  1.651636e-004
 9.288437e+002  1.752836e-004
 9.294625e+002  1.620500e-004
 9.300812e+002  1.478840e-004
 9.307000e+002  1.591873e-004
 9.313187e+002  1.734680e-004
 9.319375e+002  1.648860e-004
 9.325562e+002  1.711339e-004
 9.331750e+002  1.583438e-004
 9.337937e+002  1.737867e-004
 9.344125e+002  1.707725e-004
 9.350312e+002  1.740292e-004
 9.356500e+002  1.702706e-004
 9.362687e+002  1.730913e-004
 9.368875e+002  1.789699e-004
 9.375062e+002  1.549534e-004
 9.381250e+002  1.850241e-004
 9.387437e+002  1.675420e-004
 9.393625e+002  1.818719e-004
 9.399812e+002  1.844545e-004
 9.406000e+002  1.860389e-004
 9.412187e+002  1.758980e-004
 9.418375e+002  1.684690e-004
 9.424562e+002  1.762127e-004
 9.430750e+002  1.805863e-004
 9.436937e+002  1.717697e-004
 9.443125e+002  1.621817e-004
 9.449312e+002  1.543640e-004
 9.455500e+002  1.420959e-004
 9.461687e+002  1.499432e-004
 9.467875e+002  1.729668e-004
 9.474062e+002  1.761882e-004
 9.480250e+002  1.600019e-004
 9.486437e+002  1.914848e-004
 9.492625e+002  2.668204e-004
 9.498812e+002  2.008234e-004
 9.505000e+002  1.689690e-004
 9.511187e+002  1.628043e-004
 9.517375e+002  1.554936e-004
 9.523562e+002  1.607423e-004
 9.529750e+002  1.544425e-004
 9.535937e+002  1.699219e-004
 9.542125e+002  1.749801e-004
 9.548312e+002  1.831082e-004
 9.554500e+002  1.774735e-004
 9.560687e+002  1.856907e-004
 9.566875e+002  1.746680e-004
 9.573062e+002  1.610569e-004
 9.579250e+002  1.713249e-004
 9.585437e+002  1.522736e-004
 9.591625e+002  1.652858e-004
 9.597812e+002  1.628052e-004
 9.604000e+002  1.578809e-004
 9.610187e+002  1.827430e-004
 9.616375e+002  1.683010e-004
 9.622562e+002  1.659512e-004
 9.628750e+002  1.491062e-004
 9.634937e+002  1.409338e-004
 9.641125e+002  1.551811e-004
 9.647312e+002  1.611650e-004
 9.653500e+002  1.629414e-004
 9.659687e+002  1.780747e-004
 9.665875e+002  1.679866e-004
 9.672062e+002  1.569991e-004
 9.678250e+002  1.619253e-004
 9.684437e+002  1.764531e-004
 9.690625e+002  1.808043e-004
 9.696812e+002  1.797310e-004
 9.703000e+002  1.664388e-004
 9.709187e+002  1.708759e-004
 9.715375e+002  1.657998e-004
 9.721562e+002  1.677845e-004
 9.727750e+002  1.628989e-004
 9.733937e+002  1.409785e-004
 9.740125e+002  1.462482e-004
 9.746312e+002  1.712618e-004
 9.752500e+002  1.736320e-004
 9.758687e+002  1.692497e-004
 9.764875e+002  1.734454e-004
 9.771062e+002  1.747212e-004
 9.777250e+002  1.751986e-004
 9.783437e+002  1.636679e-004
 9.789625e+002  1.676101e-004
 9.795812e+002  1.726847e-004
 9.802000e+002  1.756984e-004
 9.808187e+002  1.548468e-004
 9.814375e+002  1.426214e-004
 9.820562e+002  1.543673e-004
 9.826750e+002  1.621986e-004
 9.832937e+002  1.431961e-004
 9.839125e+002  1.478930e-004
 9.845312e+002  1.571536e-004
 9.851500e+002  1.620079e-004
 9.857687e+002  1.672187e-004
 9.863875e+002  1.704401e-004
 9.870062e+002  1.701447e-004
 9.876250e+002  1.490212e-004
 9.882437e+002  1.592142e-004
 9.888625e+002  1.614411e-004
 9.894812e+002  1.954182e-004
 9.901000e+002  1.768548e-004
 9.907187e+002  1.637461e-004
 9.913375e+002  1.768073e-004
 9.919562e+002  1.473028e-004
 9.925750e+002  1.510836e-004
 9.931937e+002  1.670842e-004
 9.938125e+002  1.641060e-004
 9.944312e+002  1.440483e-004
 9.950500e+002  1.498998e-004
 9.956687e+002  1.554459e-004
 9.962875e+002  1.595123e-004
 9.969062e+002  1.670585e-004
 9.975250e+002  1.811277e-004
 9.981437e+002  1.893336e-004
 9.987625e+002  2.139788e-004
 9.993812e+002  2.224667e-004
 1.000000e+003  1.795243e-004
