 1.000000e+000  1.309168e-002
 1.247500e+000  1.226999e-002
 1.495000e+000  1.062417e-002
 1.742500e+000  1.161042e-002
 1.990000e+000  1.204359e-002
 2.237500e+000  1.027409e-002
 2.485000e+000  8.025235e-003
 2.732500e+000  8.072133e-003
 2.980000e+000  8.271025e-003
 3.227500e+000  8.468271e-003
 3.475000e+000  7.623052e-003
 3.722500e+000  6.084033e-003
 3.970000e+000  6.689503e-003
 4.217500e+000  7.283826e-003
 4.465000e+000  7.919665e-003
 4.712500e+000  7.718928e-003
 4.960000e+000  7.132917e-003
 5.207500e+000  5.879855e-003
 5.455000e+000  5.923721e-003
 5.702500e+000  5.703612e-003
 5.950000e+000  5.565571e-003
 6.197500e+000  5.089368e-003
 6.445000e+000  4.979877e-003
 6.692500e+000  4.686197e-003
 6.940000e+000  4.586986e-003
 7.187500e+000  4.458374e-003
 7.435000e+000  4.325674e-003
 7.682500e+000  4.145037e-003
 7.930000e+000  4.196621e-003
 8.177500e+000  4.422606e-003
 8.425000e+000  4.481687e-003
 8.672500e+000  4.461155e-003
 8.920000e+000  4.902771e-003
 9.167500e+000  4.346423e-003
 9.415000e+000  3.349936e-003
 9.662500e+000  3.622044e-003
 9.910000e+000  3.603655e-003
 1.015750e+001  3.100573e-003
 1.040500e+001  3.658268e-003
 1.065250e+001  4.006589e-003
 1.090000e+001  3.512360e-003
 1.114750e+001  3.035756e-003
 1.139500e+001  3.515050e-003
 1.164250e+001  3.344899e-003
 1.189000e+001  3.054318e-003
 1.213750e+001  3.002859e-003
 1.238500e+001  3.085310e-003
 1.263250e+001  3.111226e-003
 1.288000e+001  2.787939e-003
 1.312750e+001  2.587310e-003
 1.337500e+001  2.475764e-003
 1.362250e+001  2.595765e-003
 1.387000e+001  2.528504e-003
 1.411750e+001  2.475433e-003
 1.436500e+001  2.746700e-003
 1.461250e+001  2.692403e-003
 1.486000e+001  2.304082e-003
 1.510750e+001  2.546126e-003
 1.535500e+001  2.495624e-003
 1.560250e+001  2.288458e-003
 1.585000e+001  2.430563e-003
 1.609750e+001  2.466714e-003
 1.634500e+001  2.178983e-003
 1.659250e+001  2.280073e-003
 1.684000e+001  2.243280e-003
 1.708750e+001  2.628364e-003
 1.733500e+001  2.533510e-003
 1.758250e+001  2.603488e-003
 1.783000e+001  2.366646e-003
 1.807750e+001  2.306629e-003
 1.832500e+001  2.266248e-003
 1.857250e+001  1.981818e-003
 1.882000e+001  2.047362e-003
 1.906750e+001  2.142810e-003
 1.931500e+001  2.211948e-003
 1.956250e+001  2.163921e-003
 1.981000e+001  1.754710e-003
 2.005750e+001  1.735113e-003
 2.030500e+001  2.110946e-003
 2.055250e+001  1.949067e-003
 2.080000e+001  1.879737e-003
 2.104750e+001  1.746760e-003
 2.129500e+001  1.901513e-003
 2.154250e+001  1.994837e-003
 2.179000e+001  1.975758e-003
 2.203750e+001  1.703362e-003
 2.228500e+001  1.955036e-003
 2.253250e+001  2.146927e-003
 2.278000e+001  1.873013e-003
 2.302750e+001  1.789041e-003
 2.327500e+001  2.048903e-003
 2.352250e+001  2.083752e-003
 2.377000e+001  1.698138e-003
 2.401750e+001  1.825363e-003
 2.426500e+001  2.002695e-003
 2.451250e+001  2.007909e-003
 2.476000e+001  1.785871e-003
 2.500750e+001  1.757189e-003
 2.525500e+001  1.973849e-003
 2.550250e+001  2.016098e-003
 2.575000e+001  1.983122e-003
 2.599750e+001  1.774352e-003
 2.624500e+001  1.558363e-003
 2.649250e+001  1.786067e-003
 2.674000e+001  1.907504e-003
 2.698750e+001  1.643718e-003
 2.723500e+001  1.693906e-003
 2.748250e+001  1.828356e-003
 2.773000e+001  1.905173e-003
 2.797750e+001  1.593718e-003
 2.822500e+001  1.504143e-003
 2.847250e+001  1.582866e-003
 2.872000e+001  1.490155e-003
 2.896750e+001  1.594108e-003
 2.921500e+001  1.746851e-003
 2.946250e+001  1.642921e-003
 2.971000e+001  1.563286e-003
 2.995750e+001  1.581403e-003
 3.020500e+001  1.611318e-003
 3.045250e+001  1.482967e-003
 3.070000e+001  1.637314e-003
 3.094750e+001  1.544014e-003
 3.119500e+001  1.442964e-003
 3.144250e+001  1.341147e-003
 3.169000e+001  1.465176e-003
 3.193750e+001  1.291878e-003
 3.218500e+001  1.210013e-003
 3.243250e+001  1.245550e-003
 3.268000e+001  1.303611e-003
 3.292750e+001  1.653448e-003
 3.317500e+001  1.613722e-003
 3.342250e+001  1.370015e-003
 3.367000e+001  1.394226e-003
 3.391750e+001  1.498827e-003
 3.416500e+001  1.590269e-003
 3.441250e+001  1.344736e-003
 3.466000e+001  1.358297e-003
 3.490750e+001  1.340102e-003
 3.515500e+001  1.400771e-003
 3.540250e+001  1.241033e-003
 3.565000e+001  1.324774e-003
 3.589750e+001  1.538995e-003
 3.614500e+001  1.406727e-003
 3.639250e+001  1.366226e-003
 3.664000e+001  1.441869e-003
 3.688750e+001  1.396769e-003
 3.713500e+001  1.172141e-003
 3.738250e+001  1.203560e-003
 3.763000e+001  1.126138e-003
 3.787750e+001  1.189905e-003
 3.812500e+001  1.284185e-003
 3.837250e+001  1.227608e-003
 3.862000e+001  1.283886e-003
 3.886750e+001  1.267520e-003
 3.911500e+001  1.128576e-003
 3.936250e+001  1.254219e-003
 3.961000e+001  1.365926e-003
 3.985750e+001  1.323814e-003
 4.010500e+001  1.275977e-003
 4.035250e+001  1.238498e-003
 4.060000e+001  1.199946e-003
 4.084750e+001  1.237969e-003
 4.109500e+001  1.208929e-003
 4.134250e+001  1.157170e-003
 4.159000e+001  1.141548e-003
 4.183750e+001  1.328188e-003
 4.208500e+001  1.237178e-003
 4.233250e+001  1.097421e-003
 4.258000e+001  1.170393e-003
 4.282750e+001  1.121687e-003
 4.307500e+001  1.057148e-003
 4.332250e+001  1.156179e-003
 4.357000e+001  1.231558e-003
 4.381750e+001  1.032335e-003
 4.406500e+001  1.176674e-003
 4.431250e+001  1.172788e-003
 4.456000e+001  1.045316e-003
 4.480750e+001  1.168055e-003
 4.505500e+001  1.304777e-003
 4.530250e+001  1.332102e-003
 4.555000e+001  1.327112e-003
 4.579750e+001  1.114466e-003
 4.604500e+001  1.137126e-003
 4.629250e+001  1.125669e-003
 4.654000e+001  1.085862e-003
 4.678750e+001  1.043416e-003
 4.703500e+001  1.135899e-003
 4.728250e+001  1.124521e-003
 4.753000e+001  1.106269e-003
 4.777750e+001  1.186121e-003
 4.802500e+001  1.238195e-003
 4.827250e+001  1.204407e-003
 4.852000e+001  1.166895e-003
 4.876750e+001  1.216558e-003
 4.901500e+001  1.161364e-003
 4.926250e+001  9.683843e-004
 4.951000e+001  1.156078e-003
 4.975750e+001  7.515809e-003
 5.000500e+001  1.274841e-002
 5.025250e+001  5.611139e-003
 5.050000e+001  1.110839e-003
 5.074750e+001  1.080351e-003
 5.099500e+001  1.076184e-003
 5.124250e+001  9.566397e-004
 5.149000e+001  1.162483e-003
 5.173750e+001  1.242591e-003
 5.198500e+001  1.175114e-003
 5.223250e+001  1.013617e-003
 5.248000e+001  1.008337e-003
 5.272750e+001  1.075240e-003
 5.297500e+001  1.080799e-003
 5.322250e+001  1.143584e-003
 5.347000e+001  1.040586e-003
 5.371750e+001  9.665786e-004
 5.396500e+001  1.012372e-003
 5.421250e+001  9.192798e-004
 5.446000e+001  9.875558e-004
 5.470750e+001  1.001450e-003
 5.495500e+001  9.429436e-004
 5.520250e+001  1.022485e-003
 5.545000e+001  9.833448e-004
 5.569750e+001  9.659715e-004
 5.594500e+001  1.044465e-003
 5.619250e+001  1.063597e-003
 5.644000e+001  9.997056e-004
 5.668750e+001  9.201314e-004
 5.693500e+001  7.858766e-004
 5.718250e+001  8.182380e-004
 5.743000e+001  9.424484e-004
 5.767750e+001  9.076808e-004
 5.792500e+001  9.710327e-004
 5.817250e+001  1.017144e-003
 5.842000e+001  1.039126e-003
 5.866750e+001  9.986086e-004
 5.891500e+001  1.030453e-003
 5.916250e+001  8.597806e-004
 5.941000e+001  9.146621e-004
 5.965750e+001  9.648692e-004
 5.990500e+001  9.801780e-004
 6.015250e+001  8.567829e-004
 6.040000e+001  8.552200e-004
 6.064750e+001  9.474659e-004
 6.089500e+001  9.736837e-004
 6.114250e+001  8.967821e-004
 6.139000e+001  9.677348e-004
 6.163750e+001  9.122647e-004
 6.188500e+001  7.088554e-004
 6.213250e+001  8.377191e-004
 6.238000e+001  9.955396e-004
 6.262750e+001  9.881720e-004
 6.287500e+001  9.491847e-004
 6.312250e+001  8.173743e-004
 6.337000e+001  8.249597e-004
 6.361750e+001  9.254052e-004
 6.386500e+001  8.957844e-004
 6.411250e+001  9.744312e-004
 6.436000e+001  1.001889e-003
 6.460750e+001  9.050266e-004
 6.485500e+001  8.724463e-004
 6.510250e+001  8.960889e-004
 6.535000e+001  8.440018e-004
 6.559750e+001  8.373078e-004
 6.584500e+001  8.060320e-004
 6.609250e+001  7.320559e-004
 6.634000e+001  7.711173e-004
 6.658750e+001  1.083226e-003
 6.683500e+001  1.116798e-003
 6.708250e+001  9.184361e-004
 6.733000e+001  9.347536e-004
 6.757750e+001  1.025878e-003
 6.782500e+001  9.143117e-004
 6.807250e+001  7.475020e-004
 6.832000e+001  7.693789e-004
 6.856750e+001  9.226255e-004
 6.881500e+001  1.016227e-003
 6.906250e+001  9.085426e-004
 6.931000e+001  8.073155e-004
 6.955750e+001  8.055093e-004
 6.980500e+001  7.702303e-004
 7.005250e+001  8.085064e-004
 7.030000e+001  7.925458e-004
 7.054750e+001  8.883937e-004
 7.079500e+001  9.772192e-004
 7.104250e+001  8.902397e-004
 7.129000e+001  8.848205e-004
 7.153750e+001  8.801822e-004
 7.178500e+001  9.228436e-004
 7.203250e+001  9.059365e-004
 7.228000e+001  9.598560e-004
 7.252750e+001  8.903792e-004
 7.277500e+001  8.004331e-004
 7.302250e+001  7.702091e-004
 7.327000e+001  7.026327e-004
 7.351750e+001  8.038371e-004
 7.376500e+001  8.380957e-004
 7.401250e+001  9.209515e-004
 7.426000e+001  8.432310e-004
 7.450750e+001  8.580625e-004
 7.475500e+001  8.184741e-004
 7.500250e+001  8.233040e-004
 7.525000e+001  8.493178e-004
 7.549750e+001  7.068217e-004
 7.574500e+001  7.322860e-004
 7.599250e+001  7.128890e-004
 7.624000e+001  7.420509e-004
 7.648750e+001  5.887111e-004
 7.673500e+001  7.060192e-004
 7.698250e+001  8.063649e-004
 7.723000e+001  7.766381e-004
 7.747750e+001  7.216735e-004
 7.772500e+001  7.772544e-004
 7.797250e+001  7.771107e-004
 7.822000e+001  7.860300e-004
 7.846750e+001  7.235008e-004
 7.871500e+001  7.265258e-004
 7.896250e+001  6.851662e-004
 7.921000e+001  7.540546e-004
 7.945750e+001  7.164057e-004
 7.970500e+001  6.784448e-004
 7.995250e+001  7.232900e-004
 8.020000e+001  7.462884e-004
 8.044750e+001  8.729331e-004
 8.069500e+001  9.056627e-004
 8.094250e+001  7.598695e-004
 8.119000e+001  7.184268e-004
 8.143750e+001  6.887592e-004
 8.168500e+001  7.720139e-004
 8.193250e+001  7.502886e-004
 8.218000e+001  7.251164e-004
 8.242750e+001  8.568018e-004
 8.267500e+001  7.093453e-004
 8.292250e+001  7.177091e-004
 8.317000e+001  7.980070e-004
 8.341750e+001  8.940826e-004
 8.366500e+001  8.113523e-004
 8.391250e+001  7.385201e-004
 8.416000e+001  8.144977e-004
 8.440750e+001  7.126661e-004
 8.465500e+001  7.119810e-004
 8.490250e+001  6.883826e-004
 8.515000e+001  7.325882e-004
 8.539750e+001  7.398856e-004
 8.564500e+001  6.929469e-004
 8.589250e+001  6.703049e-004
 8.614000e+001  6.375675e-004
 8.638750e+001  7.026567e-004
 8.663500e+001  6.325181e-004
 8.688250e+001  7.032105e-004
 8.713000e+001  7.714101e-004
 8.737750e+001  7.461118e-004
 8.762500e+001  7.386873e-004
 8.787250e+001  6.690941e-004
 8.812000e+001  7.097202e-004
 8.836750e+001  7.377778e-004
 8.861500e+001  6.715307e-004
 8.886250e+001  7.204935e-004
 8.911000e+001  8.149952e-004
 8.935750e+001  7.754493e-004
 8.960500e+001  6.456551e-004
 8.985250e+001  7.453342e-004
 9.010000e+001  7.524029e-004
 9.034750e+001  7.362411e-004
 9.059500e+001  7.304197e-004
 9.084250e+001  6.703191e-004
 9.109000e+001  5.960330e-004
 9.133750e+001  6.109776e-004
 9.158500e+001  6.312209e-004
 9.183250e+001  6.404557e-004
 9.208000e+001  7.631805e-004
 9.232750e+001  7.161824e-004
 9.257500e+001  7.401323e-004
 9.282250e+001  7.234807e-004
 9.307000e+001  6.896728e-004
 9.331750e+001  7.019292e-004
 9.356500e+001  6.921313e-004
 9.381250e+001  6.863764e-004
 9.406000e+001  6.968524e-004
 9.430750e+001  7.294521e-004
 9.455500e+001  7.196289e-004
 9.480250e+001  6.407290e-004
 9.505000e+001  5.635676e-004
 9.529750e+001  5.298043e-004
 9.554500e+001  5.805948e-004
 9.579250e+001  6.721871e-004
 9.604000e+001  7.342248e-004
 9.628750e+001  7.247854e-004
 9.653500e+001  6.544826e-004
 9.678250e+001  6.167120e-004
 9.703000e+001  5.738831e-004
 9.727750e+001  5.700782e-004
 9.752500e+001  6.224045e-004
 9.777250e+001  6.179474e-004
 9.802000e+001  6.177836e-004
 9.826750e+001  6.184403e-004
 9.851500e+001  6.467010e-004
 9.876250e+001  6.826468e-004
 9.901000e+001  5.913765e-004
 9.925750e+001  5.981701e-004
 9.950500e+001  6.455417e-004
 9.975250e+001  8.890851e-004
 1.000000e+002  1.044955e-003
