 1.000000e+001  3.356400e-004
 1.061875e+001  2.992730e-004
 1.123750e+001  3.122200e-004
 1.185625e+001  2.999077e-004
 1.247500e+001  2.863422e-004
 1.309375e+001  3.156519e-004
 1.371250e+001  2.985927e-004
 1.433125e+001  2.765051e-004
 1.495000e+001  2.395235e-004
 1.556875e+001  2.374493e-004
 1.618750e+001  2.507018e-004
 1.680625e+001  3.215307e-004
 1.742500e+001  2.909749e-004
 1.804375e+001  2.463170e-004
 1.866250e+001  2.364195e-004
 1.928125e+001  2.574216e-004
 1.990000e+001  2.585117e-004
 2.051875e+001  2.257116e-004
 2.113750e+001  2.437555e-004
 2.175625e+001  2.628595e-004
 2.237500e+001  2.647505e-004
 2.299375e+001  2.556118e-004
 2.361250e+001  2.292791e-004
 2.423125e+001  2.364746e-004
 2.485000e+001  2.241312e-004
 2.546875e+001  2.179492e-004
 2.608750e+001  2.278779e-004
 2.670625e+001  2.277236e-004
 2.732500e+001  1.868927e-004
 2.794375e+001  2.122166e-004
 2.856250e+001  2.295016e-004
 2.918125e+001  2.380104e-004
 2.980000e+001  2.218081e-004
 3.041875e+001  2.188267e-004
 3.103750e+001  2.177444e-004
 3.165625e+001  2.154305e-004
 3.227500e+001  2.126028e-004
 3.289375e+001  1.837364e-004
 3.351250e+001  1.870716e-004
 3.413125e+001  1.861823e-004
 3.475000e+001  2.075054e-004
 3.536875e+001  2.101416e-004
 3.598750e+001  2.006847e-004
 3.660625e+001  2.112746e-004
 3.722500e+001  2.034200e-004
 3.784375e+001  1.884832e-004
 3.846250e+001  2.006646e-004
 3.908125e+001  1.933973e-004
 3.970000e+001  2.141280e-004
 4.031875e+001  2.155537e-004
 4.093750e+001  2.042594e-004
 4.155625e+001  1.818458e-004
 4.217500e+001  1.679307e-004
 4.279375e+001  1.810848e-004
 4.341250e+001  1.948022e-004
 4.403125e+001  1.975930e-004
 4.465000e+001  1.821473e-004
 4.526875e+001  1.944996e-004
 4.588750e+001  1.948115e-004
 4.650625e+001  2.077538e-004
 4.712500e+001  1.912298e-004
 4.774375e+001  2.109801e-004
 4.836250e+001  3.501734e-004
 4.898125e+001  1.842552e-003
 4.960000e+001  1.172768e-002
 5.021875e+001  1.332672e-002
 5.083750e+001  3.352244e-003
 5.145625e+001  3.818916e-004
 5.207500e+001  2.226718e-004
 5.269375e+001  1.706557e-004
 5.331250e+001  1.668352e-004
 5.393125e+001  1.721528e-004
 5.455000e+001  1.666194e-004
 5.516875e+001  1.775388e-004
 5.578750e+001  1.704126e-004
 5.640625e+001  1.647529e-004
 5.702500e+001  1.600387e-004
 5.764375e+001  1.735072e-004
 5.826250e+001  1.638115e-004
 5.888125e+001  1.697504e-004
 5.950000e+001  1.741147e-004
 6.011875e+001  1.793155e-004
 6.073750e+001  1.500087e-004
 6.135625e+001  1.545175e-004
 6.197500e+001  1.823967e-004
 6.259375e+001  1.738365e-004
 6.321250e+001  1.655260e-004
 6.383125e+001  1.647910e-004
 6.445000e+001  1.797608e-004
 6.506875e+001  1.678704e-004
 6.568750e+001  1.737960e-004
 6.630625e+001  1.566237e-004
 6.692500e+001  1.498981e-004
 6.754375e+001  1.654641e-004
 6.816250e+001  1.594755e-004
 6.878125e+001  1.521856e-004
 6.940000e+001  1.581635e-004
 7.001875e+001  1.612499e-004
 7.063750e+001  1.512345e-004
 7.125625e+001  1.400312e-004
 7.187500e+001  1.333698e-004
 7.249375e+001  1.466910e-004
 7.311250e+001  1.337022e-004
 7.373125e+001  1.472344e-004
 7.435000e+001  1.478433e-004
 7.496875e+001  1.457363e-004
 7.558750e+001  1.610246e-004
 7.620625e+001  1.500125e-004
 7.682500e+001  1.388117e-004
 7.744375e+001  1.416070e-004
 7.806250e+001  1.695546e-004
 7.868125e+001  1.880884e-004
 7.930000e+001  1.687172e-004
 7.991875e+001  1.628285e-004
 8.053750e+001  1.510799e-004
 8.115625e+001  1.441329e-004
 8.177500e+001  1.401821e-004
 8.239375e+001  1.456809e-004
 8.301250e+001  1.367628e-004
 8.363125e+001  1.394932e-004
 8.425000e+001  1.297668e-004
 8.486875e+001  1.469272e-004
 8.548750e+001  1.576367e-004
 8.610625e+001  1.342558e-004
 8.672500e+001  1.346887e-004
 8.734375e+001  1.425198e-004
 8.796250e+001  1.268601e-004
 8.858125e+001  1.271164e-004
 8.920000e+001  1.330718e-004
 8.981875e+001  1.484276e-004
 9.043750e+001  1.549638e-004
 9.105625e+001  1.400965e-004
 9.167500e+001  1.528791e-004
 9.229375e+001  1.289433e-004
 9.291250e+001  1.279933e-004
 9.353125e+001  1.290534e-004
 9.415000e+001  1.272380e-004
 9.476875e+001  1.204664e-004
 9.538750e+001  1.127361e-004
 9.600625e+001  1.217277e-004
 9.662500e+001  1.247436e-004
 9.724375e+001  1.229308e-004
 9.786250e+001  1.349893e-004
 9.848125e+001  1.323375e-004
 9.910000e+001  2.115792e-004
 9.971875e+001  7.391248e-004
 1.003375e+002  6.139418e-004
 1.009563e+002  1.386585e-004
 1.015750e+002  1.358479e-004
 1.021938e+002  1.280171e-004
 1.028125e+002  1.326765e-004
 1.034313e+002  1.373920e-004
 1.040500e+002  1.299241e-004
 1.046688e+002  1.128287e-004
 1.052875e+002  1.281635e-004
 1.059063e+002  1.242495e-004
 1.065250e+002  1.214707e-004
 1.071438e+002  1.123518e-004
 1.077625e+002  1.162770e-004
 1.083813e+002  1.284783e-004
 1.090000e+002  1.168397e-004
 1.096188e+002  9.873360e-005
 1.102375e+002  1.087754e-004
 1.108563e+002  1.185126e-004
 1.114750e+002  1.376762e-004
 1.120938e+002  1.320273e-004
 1.127125e+002  1.149993e-004
 1.133313e+002  1.158379e-004
 1.139500e+002  1.159371e-004
 1.145688e+002  1.270585e-004
 1.151875e+002  1.349993e-004
 1.158063e+002  1.131656e-004
 1.164250e+002  1.257503e-004
 1.170438e+002  1.257164e-004
 1.176625e+002  1.202828e-004
 1.182813e+002  1.130080e-004
 1.189000e+002  1.137316e-004
 1.195188e+002  1.558647e-004
 1.201375e+002  1.691315e-004
 1.207563e+002  1.368697e-004
 1.213750e+002  1.065245e-004
 1.219938e+002  1.177421e-004
 1.226125e+002  1.244232e-004
 1.232313e+002  1.144974e-004
 1.238500e+002  1.145715e-004
 1.244688e+002  1.389764e-004
 1.250875e+002  1.324055e-004
 1.257063e+002  1.257801e-004
 1.263250e+002  1.256133e-004
 1.269438e+002  1.255468e-004
 1.275625e+002  1.237993e-004
 1.281813e+002  1.264257e-004
 1.288000e+002  1.274053e-004
 1.294188e+002  1.157554e-004
 1.300375e+002  1.140194e-004
 1.306563e+002  1.171833e-004
 1.312750e+002  1.198625e-004
 1.318938e+002  1.200473e-004
 1.325125e+002  1.357749e-004
 1.331313e+002  1.362552e-004
 1.337500e+002  1.362651e-004
 1.343688e+002  1.405735e-004
 1.349875e+002  1.393714e-004
 1.356063e+002  1.298521e-004
 1.362250e+002  1.268725e-004
 1.368438e+002  1.258409e-004
 1.374625e+002  1.306049e-004
 1.380813e+002  1.280064e-004
 1.387000e+002  1.310370e-004
 1.393188e+002  1.358996e-004
 1.399375e+002  1.218446e-004
 1.405563e+002  1.351546e-004
 1.411750e+002  1.283849e-004
 1.417938e+002  1.216395e-004
 1.424125e+002  1.223449e-004
 1.430313e+002  1.240303e-004
 1.436500e+002  1.079569e-004
 1.442688e+002  1.194421e-004
 1.448875e+002  1.203368e-004
 1.455063e+002  1.251405e-004
 1.461250e+002  1.242372e-004
 1.467438e+002  1.160277e-004
 1.473625e+002  1.043291e-004
 1.479813e+002  1.296345e-004
 1.486000e+002  2.392219e-004
 1.492188e+002  5.463306e-003
 1.498375e+002  1.296721e-002
 1.504563e+002  7.648268e-003
 1.510750e+002  3.326690e-004
 1.516938e+002  1.343973e-004
 1.523125e+002  1.256116e-004
 1.529313e+002  1.173416e-004
 1.535500e+002  1.090305e-004
 1.541688e+002  1.041093e-004
 1.547875e+002  1.055789e-004
 1.554063e+002  1.174090e-004
 1.560250e+002  1.181574e-004
 1.566438e+002  1.078397e-004
 1.572625e+002  1.093408e-004
 1.578813e+002  1.138789e-004
 1.585000e+002  1.256449e-004
 1.591188e+002  1.188679e-004
 1.597375e+002  1.153752e-004
 1.603563e+002  1.090199e-004
 1.609750e+002  9.245755e-005
 1.615938e+002  1.136947e-004
 1.622125e+002  1.270320e-004
 1.628313e+002  1.208036e-004
 1.634500e+002  1.201178e-004
 1.640688e+002  1.107369e-004
 1.646875e+002  1.074223e-004
 1.653063e+002  1.159942e-004
 1.659250e+002  1.120506e-004
 1.665438e+002  1.016604e-004
 1.671625e+002  9.524498e-005
 1.677813e+002  1.213459e-004
 1.684000e+002  1.254528e-004
 1.690188e+002  1.183296e-004
 1.696375e+002  1.167675e-004
 1.702563e+002  1.120225e-004
 1.708750e+002  1.126754e-004
 1.714938e+002  1.125825e-004
 1.721125e+002  1.199470e-004
 1.727313e+002  1.125467e-004
 1.733500e+002  1.129550e-004
 1.739688e+002  1.045160e-004
 1.745875e+002  1.059170e-004
 1.752063e+002  1.028972e-004
 1.758250e+002  1.143654e-004
 1.764438e+002  1.096138e-004
 1.770625e+002  1.074783e-004
 1.776813e+002  1.202251e-004
 1.783000e+002  1.193721e-004
 1.789188e+002  1.158704e-004
 1.795375e+002  1.146190e-004
 1.801563e+002  1.242810e-004
 1.807750e+002  1.082319e-004
 1.813938e+002  1.178627e-004
 1.820125e+002  1.156031e-004
 1.826313e+002  1.253880e-004
 1.832500e+002  1.038465e-004
 1.838688e+002  9.853639e-005
 1.844875e+002  1.051121e-004
 1.851063e+002  1.119136e-004
 1.857250e+002  1.064158e-004
 1.863438e+002  1.143124e-004
 1.869625e+002  1.296558e-004
 1.875813e+002  1.182341e-004
 1.882000e+002  1.054360e-004
 1.888188e+002  1.031877e-004
 1.894375e+002  1.106465e-004
 1.900563e+002  1.051075e-004
 1.906750e+002  1.061800e-004
 1.912938e+002  1.164734e-004
 1.919125e+002  1.266562e-004
 1.925313e+002  1.075448e-004
 1.931500e+002  1.085609e-004
 1.937688e+002  1.160793e-004
 1.943875e+002  1.115682e-004
 1.950063e+002  1.112368e-004
 1.956250e+002  1.064095e-004
 1.962438e+002  1.050696e-004
 1.968625e+002  1.105597e-004
 1.974813e+002  1.186484e-004
 1.981000e+002  1.082500e-004
 1.987188e+002  1.171417e-004
 1.993375e+002  3.169816e-004
 1.999563e+002  4.695509e-004
 2.005750e+002  2.004809e-004
 2.011938e+002  1.182376e-004
 2.018125e+002  1.119494e-004
 2.024313e+002  1.121698e-004
 2.030500e+002  1.125006e-004
 2.036688e+002  1.102256e-004
 2.042875e+002  1.073655e-004
 2.049063e+002  1.150803e-004
 2.055250e+002  1.103658e-004
 2.061438e+002  1.058094e-004
 2.067625e+002  1.180004e-004
 2.073813e+002  1.175724e-004
 2.080000e+002  1.150651e-004
 2.086188e+002  1.075652e-004
 2.092375e+002  9.299552e-005
 2.098563e+002  1.189420e-004
 2.104750e+002  1.091580e-004
 2.110938e+002  1.045418e-004
 2.117125e+002  1.065897e-004
 2.123313e+002  9.991332e-005
 2.129500e+002  1.081636e-004
 2.135688e+002  1.051100e-004
 2.141875e+002  1.100101e-004
 2.148063e+002  1.069969e-004
 2.154250e+002  1.065629e-004
 2.160438e+002  1.088269e-004
 2.166625e+002  1.128487e-004
 2.172813e+002  1.142296e-004
 2.179000e+002  1.058520e-004
 2.185188e+002  1.001480e-004
 2.191375e+002  1.013601e-004
 2.197563e+002  9.802881e-005
 2.203750e+002  1.009590e-004
 2.209938e+002  1.178128e-004
 2.216125e+002  1.074361e-004
 2.222313e+002  9.793776e-005
 2.228500e+002  1.017467e-004
 2.234688e+002  1.110706e-004
 2.240875e+002  1.197284e-004
 2.247063e+002  1.095167e-004
 2.253250e+002  1.085433e-004
 2.259438e+002  1.109075e-004
 2.265625e+002  1.092825e-004
 2.271813e+002  1.085858e-004
 2.278000e+002  1.043630e-004
 2.284188e+002  1.075877e-004
 2.290375e+002  1.039602e-004
 2.296563e+002  1.153145e-004
 2.302750e+002  1.104376e-004
 2.308938e+002  1.042893e-004
 2.315125e+002  1.063418e-004
 2.321313e+002  1.065686e-004
 2.327500e+002  1.122336e-004
 2.333688e+002  1.003580e-004
 2.339875e+002  9.409296e-005
 2.346063e+002  9.342512e-005
 2.352250e+002  1.143668e-004
 2.358438e+002  1.211896e-004
 2.364625e+002  1.222307e-004
 2.370813e+002  1.181568e-004
 2.377000e+002  1.040548e-004
 2.383188e+002  9.880448e-005
 2.389375e+002  1.085744e-004
 2.395563e+002  1.083164e-004
 2.401750e+002  1.090037e-004
 2.407938e+002  1.053855e-004
 2.414125e+002  1.085617e-004
 2.420313e+002  1.171847e-004
 2.426500e+002  1.130650e-004
 2.432688e+002  9.625288e-005
 2.438875e+002  1.152425e-004
 2.445063e+002  1.187605e-004
 2.451250e+002  1.066835e-004
 2.457438e+002  1.041040e-004
 2.463625e+002  1.158562e-004
 2.469813e+002  1.073878e-004
 2.476000e+002  9.661815e-005
 2.482188e+002  1.334005e-004
 2.488375e+002  4.296248e-004
 2.494563e+002  2.817646e-003
 2.500750e+002  3.327105e-003
 2.506938e+002  9.025606e-004
 2.513125e+002  1.273959e-004
 2.519313e+002  1.100102e-004
 2.525500e+002  1.157775e-004
 2.531688e+002  1.110746e-004
 2.537875e+002  1.038145e-004
 2.544063e+002  9.778799e-005
 2.550250e+002  9.641254e-005
 2.556438e+002  1.033095e-004
 2.562625e+002  1.024119e-004
 2.568813e+002  1.004179e-004
 2.575000e+002  1.041311e-004
 2.581188e+002  9.304190e-005
 2.587375e+002  9.075499e-005
 2.593563e+002  1.036647e-004
 2.599750e+002  1.040394e-004
 2.605938e+002  9.443091e-005
 2.612125e+002  9.222942e-005
 2.618313e+002  1.110871e-004
 2.624500e+002  1.049348e-004
 2.630688e+002  1.055818e-004
 2.636875e+002  1.229514e-004
 2.643063e+002  1.105509e-004
 2.649250e+002  1.068719e-004
 2.655438e+002  1.038719e-004
 2.661625e+002  1.071098e-004
 2.667813e+002  1.070629e-004
 2.674000e+002  1.072742e-004
 2.680188e+002  1.168293e-004
 2.686375e+002  1.095678e-004
 2.692563e+002  9.678238e-005
 2.698750e+002  1.105624e-004
 2.704938e+002  1.130253e-004
 2.711125e+002  1.120383e-004
 2.717313e+002  1.082932e-004
 2.723500e+002  1.036688e-004
 2.729688e+002  1.027823e-004
 2.735875e+002  9.988359e-005
 2.742063e+002  1.053875e-004
 2.748250e+002  1.006267e-004
 2.754438e+002  1.085384e-004
 2.760625e+002  1.108434e-004
 2.766813e+002  1.070656e-004
 2.773000e+002  1.053523e-004
 2.779188e+002  1.015042e-004
 2.785375e+002  1.035122e-004
 2.791563e+002  1.086996e-004
 2.797750e+002  1.086584e-004
 2.803938e+002  1.113309e-004
 2.810125e+002  1.079372e-004
 2.816313e+002  1.018860e-004
 2.822500e+002  1.128001e-004
 2.828688e+002  1.019271e-004
 2.834875e+002  1.052653e-004
 2.841063e+002  1.005753e-004
 2.847250e+002  8.437000e-005
 2.853438e+002  9.085761e-005
 2.859625e+002  1.116164e-004
 2.865813e+002  1.104109e-004
 2.872000e+002  1.153269e-004
 2.878188e+002  1.073966e-004
 2.884375e+002  1.019553e-004
 2.890563e+002  9.549125e-005
 2.896750e+002  9.642131e-005
 2.902938e+002  9.999589e-005
 2.909125e+002  1.060253e-004
 2.915313e+002  1.129131e-004
 2.921500e+002  9.816838e-005
 2.927688e+002  1.076897e-004
 2.933875e+002  9.062354e-005
 2.940063e+002  9.753213e-005
 2.946250e+002  1.091053e-004
 2.952438e+002  1.115259e-004
 2.958625e+002  1.152945e-004
 2.964813e+002  1.130129e-004
 2.971000e+002  1.062520e-004
 2.977188e+002  1.093598e-004
 2.983375e+002  1.128030e-004
 2.989563e+002  1.741679e-004
 2.995750e+002  5.116523e-004
 3.001938e+002  4.396680e-004
 3.008125e+002  1.279706e-004
 3.014313e+002  1.210727e-004
 3.020500e+002  1.222231e-004
 3.026688e+002  1.053441e-004
 3.032875e+002  9.922896e-005
 3.039063e+002  9.379213e-005
 3.045250e+002  9.579235e-005
 3.051438e+002  1.114658e-004
 3.057625e+002  1.139834e-004
 3.063813e+002  1.065088e-004
 3.070000e+002  1.092962e-004
 3.076188e+002  1.014495e-004
 3.082375e+002  8.797769e-005
 3.088563e+002  9.335519e-005
 3.094750e+002  1.097663e-004
 3.100938e+002  1.045421e-004
 3.107125e+002  1.055747e-004
 3.113313e+002  8.350598e-005
 3.119500e+002  9.346805e-005
 3.125688e+002  1.012216e-004
 3.131875e+002  9.766220e-005
 3.138063e+002  9.844733e-005
 3.144250e+002  1.014452e-004
 3.150437e+002  9.443810e-005
 3.156625e+002  1.004911e-004
 3.162812e+002  9.786761e-005
 3.169000e+002  9.381721e-005
 3.175187e+002  1.018791e-004
 3.181375e+002  1.012016e-004
 3.187562e+002  9.955894e-005
 3.193750e+002  1.064451e-004
 3.199937e+002  1.139334e-004
 3.206125e+002  1.118228e-004
 3.212312e+002  1.010053e-004
 3.218500e+002  9.783723e-005
 3.224687e+002  1.160560e-004
 3.230875e+002  1.137027e-004
 3.237062e+002  1.106338e-004
 3.243250e+002  1.077108e-004
 3.249437e+002  8.852142e-005
 3.255625e+002  8.606711e-005
 3.261812e+002  9.879907e-005
 3.268000e+002  1.022437e-004
 3.274187e+002  1.073296e-004
 3.280375e+002  1.063973e-004
 3.286562e+002  1.140022e-004
 3.292750e+002  1.161786e-004
 3.298937e+002  1.133508e-004
 3.305125e+002  1.183846e-004
 3.311312e+002  1.107421e-004
 3.317500e+002  1.082910e-004
 3.323687e+002  1.006780e-004
 3.329875e+002  1.011665e-004
 3.336062e+002  9.538989e-005
 3.342250e+002  1.056466e-004
 3.348437e+002  1.076485e-004
 3.354625e+002  1.098534e-004
 3.360812e+002  1.021692e-004
 3.367000e+002  1.052138e-004
 3.373187e+002  1.128536e-004
 3.379375e+002  1.163402e-004
 3.385562e+002  1.075570e-004
 3.391750e+002  9.585557e-005
 3.397937e+002  1.028760e-004
 3.404125e+002  1.061672e-004
 3.410312e+002  1.064631e-004
 3.416500e+002  9.917264e-005
 3.422687e+002  9.627779e-005
 3.428875e+002  1.074883e-004
 3.435062e+002  1.153392e-004
 3.441250e+002  1.045416e-004
 3.447437e+002  9.818539e-005
 3.453625e+002  1.132726e-004
 3.459812e+002  1.246067e-004
 3.466000e+002  1.105906e-004
 3.472187e+002  1.003629e-004
 3.478375e+002  1.035612e-004
 3.484562e+002  1.129102e-004
 3.490750e+002  2.114328e-004
 3.496937e+002  4.423083e-004
 3.503125e+002  2.864264e-004
 3.509312e+002  1.113695e-004
 3.515500e+002  9.393787e-005
 3.521687e+002  1.060049e-004
 3.527875e+002  1.041820e-004
 3.534062e+002  1.020563e-004
 3.540250e+002  1.121475e-004
 3.546437e+002  1.016750e-004
 3.552625e+002  1.139922e-004
 3.558812e+002  1.095233e-004
 3.565000e+002  9.807652e-005
 3.571187e+002  8.713654e-005
 3.577375e+002  9.451421e-005
 3.583562e+002  1.187105e-004
 3.589750e+002  1.012273e-004
 3.595937e+002  1.042397e-004
 3.602125e+002  1.180696e-004
 3.608312e+002  1.125343e-004
 3.614500e+002  1.054826e-004
 3.620687e+002  1.106005e-004
 3.626875e+002  1.064373e-004
 3.633062e+002  1.008648e-004
 3.639250e+002  1.049459e-004
 3.645437e+002  1.037049e-004
 3.651625e+002  9.907607e-005
 3.657812e+002  9.549823e-005
 3.664000e+002  1.051665e-004
 3.670187e+002  1.050258e-004
 3.676375e+002  1.012286e-004
 3.682562e+002  1.014525e-004
 3.688750e+002  1.090915e-004
 3.694937e+002  9.407530e-005
 3.701125e+002  9.059113e-005
 3.707312e+002  9.573144e-005
 3.713500e+002  8.607532e-005
 3.719687e+002  1.032262e-004
 3.725875e+002  1.158139e-004
 3.732062e+002  1.064691e-004
 3.738250e+002  1.002920e-004
 3.744437e+002  9.920120e-005
 3.750625e+002  9.315013e-005
 3.756812e+002  9.888826e-005
 3.763000e+002  1.024561e-004
 3.769187e+002  1.094068e-004
 3.775375e+002  1.002127e-004
 3.781562e+002  1.066321e-004
 3.787750e+002  1.027244e-004
 3.793937e+002  1.003340e-004
 3.800125e+002  9.695205e-005
 3.806312e+002  1.018780e-004
 3.812500e+002  1.081775e-004
 3.818687e+002  1.052760e-004
 3.824875e+002  9.297095e-005
 3.831062e+002  8.550125e-005
 3.837250e+002  9.783196e-005
 3.843437e+002  9.769030e-005
 3.849625e+002  9.199885e-005
 3.855812e+002  9.716767e-005
 3.862000e+002  1.085444e-004
 3.868187e+002  1.087383e-004
 3.874375e+002  1.065985e-004
 3.880562e+002  1.067965e-004
 3.886750e+002  9.623845e-005
 3.892937e+002  1.021346e-004
 3.899125e+002  1.047189e-004
 3.905312e+002  1.025890e-004
 3.911500e+002  1.073847e-004
 3.917687e+002  9.256398e-005
 3.923875e+002  1.044662e-004
 3.930062e+002  1.092480e-004
 3.936250e+002  1.017651e-004
 3.942437e+002  1.199463e-004
 3.948625e+002  1.115308e-004
 3.954812e+002  9.842448e-005
 3.961000e+002  9.974637e-005
 3.967187e+002  9.250787e-005
 3.973375e+002  9.262118e-005
 3.979562e+002  9.456983e-005
 3.985750e+002  8.237056e-005
 3.991937e+002  2.231267e-004
 3.998125e+002  3.946665e-004
 4.004312e+002  2.089590e-004
 4.010500e+002  1.089818e-004
 4.016687e+002  9.043874e-005
 4.022875e+002  1.012310e-004
 4.029062e+002  1.144294e-004
 4.035250e+002  9.531780e-005
 4.041437e+002  1.050794e-004
 4.047625e+002  1.065526e-004
 4.053812e+002  1.123541e-004
 4.060000e+002  1.133130e-004
 4.066187e+002  1.054221e-004
 4.072375e+002  1.152525e-004
 4.078562e+002  1.108130e-004
 4.084750e+002  9.823265e-005
 4.090937e+002  1.028707e-004
 4.097125e+002  1.001280e-004
 4.103312e+002  1.043265e-004
 4.109500e+002  1.058608e-004
 4.115687e+002  9.295277e-005
 4.121875e+002  1.019187e-004
 4.128062e+002  9.776464e-005
 4.134250e+002  8.538025e-005
 4.140437e+002  9.569340e-005
 4.146625e+002  1.122414e-004
 4.152812e+002  1.115889e-004
 4.159000e+002  1.058330e-004
 4.165187e+002  9.190833e-005
 4.171375e+002  9.708285e-005
 4.177562e+002  1.020240e-004
 4.183750e+002  1.043643e-004
 4.189937e+002  1.087537e-004
 4.196125e+002  9.467069e-005
 4.202312e+002  9.862674e-005
 4.208500e+002  1.198465e-004
 4.214687e+002  1.198606e-004
 4.220875e+002  1.168033e-004
 4.227062e+002  1.108055e-004
 4.233250e+002  1.081078e-004
 4.239437e+002  9.759135e-005
 4.245625e+002  9.112717e-005
 4.251812e+002  1.027758e-004
 4.258000e+002  9.702654e-005
 4.264187e+002  1.097621e-004
 4.270375e+002  1.073608e-004
 4.276562e+002  1.041726e-004
 4.282750e+002  1.088241e-004
 4.288937e+002  1.143751e-004
 4.295125e+002  9.846180e-005
 4.301312e+002  9.896802e-005
 4.307500e+002  1.100529e-004
 4.313687e+002  1.039674e-004
 4.319875e+002  1.172316e-004
 4.326062e+002  1.093901e-004
 4.332250e+002  1.065076e-004
 4.338437e+002  9.448612e-005
 4.344625e+002  1.000494e-004
 4.350812e+002  1.068431e-004
 4.357000e+002  1.043223e-004
 4.363187e+002  1.143685e-004
 4.369375e+002  9.511660e-005
 4.375562e+002  1.059412e-004
 4.381750e+002  1.076195e-004
 4.387937e+002  9.853721e-005
 4.394125e+002  1.054575e-004
 4.400312e+002  1.042643e-004
 4.406500e+002  1.048055e-004
 4.412687e+002  1.050713e-004
 4.418875e+002  1.017215e-004
 4.425062e+002  1.010581e-004
 4.431250e+002  1.018173e-004
 4.437437e+002  9.601945e-005
 4.443625e+002  1.000355e-004
 4.449812e+002  1.182379e-004
 4.456000e+002  1.168339e-004
 4.462187e+002  1.060067e-004
 4.468375e+002  1.106997e-004
 4.474562e+002  1.145035e-004
 4.480750e+002  1.090345e-004
 4.486937e+002  1.383278e-004
 4.493125e+002  6.488916e-004
 4.499312e+002  7.797976e-004
 4.505500e+002  2.494174e-004
 4.511687e+002  1.072289e-004
 4.517875e+002  9.784170e-005
 4.524062e+002  1.108205e-004
 4.530250e+002  1.075452e-004
 4.536437e+002  1.110870e-004
 4.542625e+002  1.001080e-004
 4.548812e+002  1.001497e-004
 4.555000e+002  9.936524e-005
 4.561187e+002  9.775397e-005
 4.567375e+002  9.472825e-005
 4.573562e+002  8.742489e-005
 4.579750e+002  9.287231e-005
 4.585937e+002  1.045586e-004
 4.592125e+002  1.077258e-004
 4.598312e+002  1.069325e-004
 4.604500e+002  1.027102e-004
 4.610687e+002  9.996901e-005
 4.616875e+002  9.140787e-005
 4.623062e+002  9.950603e-005
 4.629250e+002  9.938334e-005
 4.635437e+002  9.411623e-005
 4.641625e+002  1.057893e-004
 4.647812e+002  1.210121e-004
 4.654000e+002  1.115042e-004
 4.660187e+002  1.044710e-004
 4.666375e+002  9.990304e-005
 4.672562e+002  1.077507e-004
 4.678750e+002  1.100368e-004
 4.684937e+002  1.029648e-004
 4.691125e+002  9.265120e-005
 4.697312e+002  1.073751e-004
 4.703500e+002  1.061463e-004
 4.709687e+002  1.000332e-004
 4.715875e+002  9.887866e-005
 4.722062e+002  1.006396e-004
 4.728250e+002  8.715306e-005
 4.734437e+002  9.340532e-005
 4.740625e+002  8.272728e-005
 4.746812e+002  1.002531e-004
 4.753000e+002  1.128200e-004
 4.759187e+002  9.257527e-005
 4.765375e+002  9.155713e-005
 4.771562e+002  1.038622e-004
 4.777750e+002  1.055845e-004
 4.783937e+002  1.090262e-004
 4.790125e+002  1.020532e-004
 4.796312e+002  9.661917e-005
 4.802500e+002  1.054326e-004
 4.808687e+002  9.145032e-005
 4.814875e+002  1.049213e-004
 4.821062e+002  1.110331e-004
 4.827250e+002  9.139794e-005
 4.833437e+002  9.614970e-005
 4.839625e+002  9.505420e-005
 4.845812e+002  1.039069e-004
 4.852000e+002  1.005812e-004
 4.858187e+002  8.817705e-005
 4.864375e+002  8.949025e-005
 4.870562e+002  9.977542e-005
 4.876750e+002  9.502141e-005
 4.882937e+002  9.792116e-005
 4.889125e+002  9.920194e-005
 4.895312e+002  1.035947e-004
 4.901500e+002  1.050416e-004
 4.907687e+002  1.044205e-004
 4.913875e+002  1.032393e-004
 4.920062e+002  9.490068e-005
 4.926250e+002  8.473388e-005
 4.932437e+002  8.852461e-005
 4.938625e+002  9.142649e-005
 4.944812e+002  1.029309e-004
 4.951000e+002  1.070954e-004
 4.957187e+002  1.083751e-004
 4.963375e+002  1.029139e-004
 4.969562e+002  9.567370e-005
 4.975750e+002  9.997730e-005
 4.981937e+002  8.945837e-005
 4.988125e+002  1.246234e-004
 4.994312e+002  3.585151e-004
 5.000500e+002  3.348244e-004
 5.006687e+002  1.358415e-004
 5.012875e+002  1.170976e-004
 5.019062e+002  9.995658e-005
 5.025250e+002  1.178813e-004
 5.031437e+002  1.023801e-004
 5.037625e+002  9.847115e-005
 5.043812e+002  1.038225e-004
 5.050000e+002  9.574963e-005
 5.056187e+002  8.157102e-005
 5.062375e+002  9.605132e-005
 5.068562e+002  1.070263e-004
 5.074750e+002  1.116737e-004
 5.080937e+002  1.078100e-004
 5.087125e+002  1.115891e-004
 5.093312e+002  1.052088e-004
 5.099500e+002  9.983505e-005
 5.105687e+002  9.433854e-005
 5.111875e+002  9.217715e-005
 5.118062e+002  1.053819e-004
 5.124250e+002  1.036834e-004
 5.130437e+002  1.061416e-004
 5.136625e+002  1.074907e-004
 5.142812e+002  1.132529e-004
 5.149000e+002  1.109784e-004
 5.155187e+002  1.204157e-004
 5.161375e+002  1.144192e-004
 5.167562e+002  1.133498e-004
 5.173750e+002  1.114981e-004
 5.179937e+002  1.053711e-004
 5.186125e+002  1.028908e-004
 5.192312e+002  8.774910e-005
 5.198500e+002  7.694952e-005
 5.204687e+002  1.009156e-004
 5.210875e+002  1.192344e-004
 5.217062e+002  1.079184e-004
 5.223250e+002  8.541564e-005
 5.229437e+002  9.532734e-005
 5.235625e+002  9.993631e-005
 5.241812e+002  1.029845e-004
 5.248000e+002  1.014159e-004
 5.254187e+002  1.034679e-004
 5.260375e+002  1.136870e-004
 5.266562e+002  1.023744e-004
 5.272750e+002  8.378817e-005
 5.278937e+002  9.291185e-005
 5.285125e+002  1.016461e-004
 5.291312e+002  1.069721e-004
 5.297500e+002  9.385436e-005
 5.303687e+002  9.317033e-005
 5.309875e+002  9.895142e-005
 5.316062e+002  9.875977e-005
 5.322250e+002  1.163832e-004
 5.328437e+002  1.069433e-004
 5.334625e+002  9.129909e-005
 5.340812e+002  1.102401e-004
 5.347000e+002  1.006167e-004
 5.353187e+002  9.030858e-005
 5.359375e+002  9.935270e-005
 5.365562e+002  1.090428e-004
 5.371750e+002  1.094908e-004
 5.377937e+002  1.092443e-004
 5.384125e+002  1.065714e-004
 5.390312e+002  9.534436e-005
 5.396500e+002  1.101989e-004
 5.402687e+002  1.137313e-004
 5.408875e+002  9.760530e-005
 5.415062e+002  1.027890e-004
 5.421250e+002  9.988791e-005
 5.427437e+002  1.160648e-004
 5.433625e+002  1.058824e-004
 5.439812e+002  1.124621e-004
 5.446000e+002  1.114248e-004
 5.452187e+002  1.137173e-004
 5.458375e+002  1.049399e-004
 5.464562e+002  1.001089e-004
 5.470750e+002  1.116409e-004
 5.476937e+002  1.093448e-004
 5.483125e+002  9.522673e-005
 5.489312e+002  5.108212e-004
 5.495500e+002  1.256128e-003
 5.501687e+002  8.309171e-004
 5.507875e+002  1.340745e-004
 5.514062e+002  9.526655e-005
 5.520250e+002  1.011665e-004
 5.526437e+002  8.999727e-005
 5.532625e+002  8.829943e-005
 5.538812e+002  1.007900e-004
 5.545000e+002  1.191297e-004
 5.551187e+002  1.108239e-004
 5.557375e+002  1.021102e-004
 5.563562e+002  1.105844e-004
 5.569750e+002  1.171921e-004
 5.575937e+002  1.025001e-004
 5.582125e+002  1.007137e-004
 5.588312e+002  1.062270e-004
 5.594500e+002  1.001108e-004
 5.600687e+002  1.053707e-004
 5.606875e+002  1.021443e-004
 5.613062e+002  9.530012e-005
 5.619250e+002  9.552681e-005
 5.625437e+002  9.376413e-005
 5.631625e+002  9.166538e-005
 5.637812e+002  9.605098e-005
 5.644000e+002  1.022057e-004
 5.650187e+002  1.108890e-004
 5.656375e+002  9.183985e-005
 5.662562e+002  9.125242e-005
 5.668750e+002  1.037613e-004
 5.674937e+002  9.117571e-005
 5.681125e+002  9.855370e-005
 5.687312e+002  9.812344e-005
 5.693500e+002  9.415955e-005
 5.699687e+002  1.005570e-004
 5.705875e+002  9.114063e-005
 5.712062e+002  8.992208e-005
 5.718250e+002  9.266751e-005
 5.724437e+002  9.485162e-005
 5.730625e+002  9.343165e-005
 5.736812e+002  9.681408e-005
 5.743000e+002  1.059801e-004
 5.749187e+002  1.040715e-004
 5.755375e+002  1.003957e-004
 5.761562e+002  9.372940e-005
 5.767750e+002  1.013916e-004
 5.773937e+002  1.029411e-004
 5.780125e+002  9.466320e-005
 5.786312e+002  9.613085e-005
 5.792500e+002  1.027935e-004
 5.798687e+002  9.235451e-005
 5.804875e+002  1.085791e-004
 5.811062e+002  1.121179e-004
 5.817250e+002  9.648343e-005
 5.823437e+002  9.156904e-005
 5.829625e+002  1.030166e-004
 5.835812e+002  1.024254e-004
 5.842000e+002  9.391581e-005
 5.848187e+002  9.706766e-005
 5.854375e+002  9.314977e-005
 5.860562e+002  7.804819e-005
 5.866750e+002  9.720213e-005
 5.872937e+002  9.671253e-005
 5.879125e+002  8.723616e-005
 5.885312e+002  1.093493e-004
 5.891500e+002  1.051874e-004
 5.897687e+002  1.041829e-004
 5.903875e+002  1.045880e-004
 5.910062e+002  8.509930e-005
 5.916250e+002  9.737638e-005
 5.922437e+002  1.058869e-004
 5.928625e+002  1.144103e-004
 5.934812e+002  1.055245e-004
 5.941000e+002  1.014663e-004
 5.947187e+002  9.546925e-005
 5.953375e+002  1.001798e-004
 5.959562e+002  9.644285e-005
 5.965750e+002  1.034145e-004
 5.971937e+002  1.000977e-004
 5.978125e+002  1.052978e-004
 5.984312e+002  1.132713e-004
 5.990500e+002  2.243390e-004
 5.996687e+002  3.226268e-004
 6.002875e+002  1.758110e-004
 6.009062e+002  9.788459e-005
 6.015250e+002  1.008322e-004
 6.021437e+002  7.954873e-005
 6.027625e+002  8.680273e-005
 6.033812e+002  9.580553e-005
 6.040000e+002  9.215545e-005
 6.046187e+002  1.023354e-004
 6.052375e+002  9.845836e-005
 6.058562e+002  9.752621e-005
 6.064750e+002  1.083502e-004
 6.070937e+002  1.135815e-004
 6.077125e+002  1.012332e-004
 6.083312e+002  1.020794e-004
 6.089500e+002  9.783528e-005
 6.095687e+002  9.795758e-005
 6.101875e+002  9.868926e-005
 6.108062e+002  1.076116e-004
 6.114250e+002  9.714722e-005
 6.120437e+002  9.467869e-005
 6.126625e+002  1.049780e-004
 6.132812e+002  9.325018e-005
 6.139000e+002  1.094112e-004
 6.145187e+002  1.080914e-004
 6.151375e+002  1.007689e-004
 6.157562e+002  9.790941e-005
 6.163750e+002  1.011621e-004
 6.169937e+002  1.029758e-004
 6.176125e+002  1.020904e-004
 6.182312e+002  9.566078e-005
 6.188500e+002  1.013337e-004
 6.194687e+002  9.214773e-005
 6.200875e+002  8.775423e-005
 6.207062e+002  9.211996e-005
 6.213250e+002  9.411002e-005
 6.219437e+002  1.054147e-004
 6.225625e+002  1.100411e-004
 6.231812e+002  1.111411e-004
 6.238000e+002  1.027282e-004
 6.244187e+002  9.626249e-005
 6.250375e+002  9.402859e-005
 6.256562e+002  9.252209e-005
 6.262750e+002  1.027864e-004
 6.268937e+002  9.799474e-005
 6.275125e+002  8.607571e-005
 6.281312e+002  9.039945e-005
 6.287500e+002  1.015226e-004
 6.293687e+002  1.098801e-004
 6.299875e+002  1.262022e-004
 6.306062e+002  1.154278e-004
 6.312250e+002  1.148926e-004
 6.318437e+002  1.200803e-004
 6.324625e+002  1.165722e-004
 6.330812e+002  9.896979e-005
 6.337000e+002  9.292257e-005
 6.343187e+002  9.256917e-005
 6.349375e+002  9.422779e-005
 6.355562e+002  9.737059e-005
 6.361750e+002  1.004853e-004
 6.367937e+002  1.118170e-004
 6.374125e+002  1.105684e-004
 6.380312e+002  9.604355e-005
 6.386500e+002  9.503465e-005
 6.392687e+002  9.327051e-005
 6.398875e+002  9.785145e-005
 6.405062e+002  1.036396e-004
 6.411250e+002  1.018323e-004
 6.417437e+002  9.935502e-005
 6.423625e+002  1.038487e-004
 6.429812e+002  1.056953e-004
 6.436000e+002  1.088078e-004
 6.442187e+002  9.752428e-005
 6.448375e+002  8.910576e-005
 6.454562e+002  9.464873e-005
 6.460750e+002  1.088498e-004
 6.466937e+002  1.131246e-004
 6.473125e+002  1.130853e-004
 6.479312e+002  1.076444e-004
 6.485500e+002  1.115287e-004
 6.491687e+002  4.737694e-004
 6.497875e+002  5.986441e-004
 6.504062e+002  1.999949e-004
 6.510250e+002  8.691841e-005
 6.516437e+002  1.038493e-004
 6.522625e+002  1.031931e-004
 6.528812e+002  1.006025e-004
 6.535000e+002  1.049625e-004
 6.541187e+002  1.003840e-004
 6.547375e+002  9.567433e-005
 6.553562e+002  9.547900e-005
 6.559750e+002  9.401154e-005
 6.565937e+002  9.125566e-005
 6.572125e+002  8.939369e-005
 6.578312e+002  9.329371e-005
 6.584500e+002  9.707215e-005
 6.590687e+002  8.174873e-005
 6.596875e+002  8.751493e-005
 6.603062e+002  1.045399e-004
 6.609250e+002  9.915405e-005
 6.615437e+002  1.019714e-004
 6.621625e+002  9.660846e-005
 6.627812e+002  1.008522e-004
 6.634000e+002  9.839393e-005
 6.640187e+002  9.686656e-005
 6.646375e+002  9.916149e-005
 6.652562e+002  1.078382e-004
 6.658750e+002  1.098357e-004
 6.664937e+002  1.005554e-004
 6.671125e+002  9.661527e-005
 6.677312e+002  1.073905e-004
 6.683500e+002  1.012646e-004
 6.689687e+002  9.864195e-005
 6.695875e+002  9.446293e-005
 6.702062e+002  9.848592e-005
 6.708250e+002  9.952985e-005
 6.714437e+002  1.072742e-004
 6.720625e+002  1.152311e-004
 6.726812e+002  1.046156e-004
 6.733000e+002  9.443616e-005
 6.739187e+002  8.528029e-005
 6.745375e+002  7.598639e-005
 6.751562e+002  9.184665e-005
 6.757750e+002  1.125032e-004
 6.763937e+002  1.056142e-004
 6.770125e+002  9.026975e-005
 6.776312e+002  9.951908e-005
 6.782500e+002  1.093929e-004
 6.788687e+002  1.053474e-004
 6.794875e+002  1.057679e-004
 6.801062e+002  1.035102e-004
 6.807250e+002  1.058083e-004
 6.813437e+002  1.044215e-004
 6.819625e+002  1.093655e-004
 6.825812e+002  1.243829e-004
 6.832000e+002  1.104273e-004
 6.838187e+002  9.325658e-005
 6.844375e+002  9.259030e-005
 6.850562e+002  1.062101e-004
 6.856750e+002  1.089653e-004
 6.862937e+002  1.025326e-004
 6.869125e+002  1.102764e-004
 6.875312e+002  1.029970e-004
 6.881500e+002  1.102943e-004
 6.887687e+002  1.029441e-004
 6.893875e+002  1.080482e-004
 6.900062e+002  1.128712e-004
 6.906250e+002  1.107586e-004
 6.912437e+002  1.114461e-004
 6.918625e+002  1.128371e-004
 6.924812e+002  1.112446e-004
 6.931000e+002  1.131667e-004
 6.937187e+002  9.584721e-005
 6.943375e+002  9.621682e-005
 6.949562e+002  1.036413e-004
 6.955750e+002  9.574320e-005
 6.961937e+002  9.722369e-005
 6.968125e+002  9.816891e-005
 6.974312e+002  1.015059e-004
 6.980500e+002  1.158890e-004
 6.986687e+002  1.182082e-004
 6.992875e+002  2.702269e-004
 6.999062e+002  2.607521e-004
 7.005250e+002  1.073857e-004
 7.011437e+002  9.995997e-005
 7.017625e+002  1.073947e-004
 7.023812e+002  1.061938e-004
 7.030000e+002  1.028363e-004
 7.036187e+002  9.529142e-005
 7.042375e+002  8.822687e-005
 7.048562e+002  9.842611e-005
 7.054750e+002  1.066467e-004
 7.060937e+002  1.061381e-004
 7.067125e+002  9.629908e-005
 7.073312e+002  1.016444e-004
 7.079500e+002  9.628307e-005
 7.085687e+002  9.513820e-005
 7.091875e+002  9.946881e-005
 7.098062e+002  1.061288e-004
 7.104250e+002  1.060436e-004
 7.110437e+002  1.036030e-004
 7.116625e+002  1.024855e-004
 7.122812e+002  1.028375e-004
 7.129000e+002  1.045463e-004
 7.135187e+002  1.041475e-004
 7.141375e+002  1.168796e-004
 7.147562e+002  1.090680e-004
 7.153750e+002  8.929919e-005
 7.159937e+002  1.005932e-004
 7.166125e+002  9.840348e-005
 7.172312e+002  9.270424e-005
 7.178500e+002  8.838073e-005
 7.184687e+002  1.053625e-004
 7.190875e+002  9.576982e-005
 7.197062e+002  9.619796e-005
 7.203250e+002  9.551480e-005
 7.209437e+002  1.069728e-004
 7.215625e+002  1.029378e-004
 7.221812e+002  9.139795e-005
 7.228000e+002  8.698554e-005
 7.234187e+002  9.897996e-005
 7.240375e+002  1.019877e-004
 7.246562e+002  1.015548e-004
 7.252750e+002  1.017717e-004
 7.258937e+002  1.163463e-004
 7.265125e+002  1.072727e-004
 7.271312e+002  1.065802e-004
 7.277500e+002  1.011532e-004
 7.283687e+002  1.020085e-004
 7.289875e+002  9.704729e-005
 7.296062e+002  8.847141e-005
 7.302250e+002  1.044786e-004
 7.308437e+002  1.095251e-004
 7.314625e+002  1.036461e-004
 7.320812e+002  9.337434e-005
 7.327000e+002  9.638230e-005
 7.333187e+002  9.567427e-005
 7.339375e+002  1.039104e-004
 7.345562e+002  1.084229e-004
 7.351750e+002  9.604252e-005
 7.357937e+002  1.003640e-004
 7.364125e+002  9.878194e-005
 7.370312e+002  8.883939e-005
 7.376500e+002  1.005254e-004
 7.382687e+002  1.075969e-004
 7.388875e+002  1.006385e-004
 7.395062e+002  9.848678e-005
 7.401250e+002  9.975981e-005
 7.407437e+002  1.022069e-004
 7.413625e+002  8.121934e-005
 7.419812e+002  7.510166e-005
 7.426000e+002  8.445353e-005
 7.432187e+002  8.988278e-005
 7.438375e+002  8.217114e-005
 7.444562e+002  9.624159e-005
 7.450750e+002  1.021975e-004
 7.456937e+002  9.143849e-005
 7.463125e+002  9.180643e-005
 7.469312e+002  1.149244e-004
 7.475500e+002  9.773320e-005
 7.481687e+002  9.619390e-005
 7.487875e+002  2.242265e-004
 7.494062e+002  5.531720e-004
 7.500250e+002  3.955060e-004
 7.506437e+002  1.076056e-004
 7.512625e+002  1.002071e-004
 7.518812e+002  1.116652e-004
 7.525000e+002  1.162160e-004
 7.531187e+002  1.091689e-004
 7.537375e+002  1.009324e-004
 7.543562e+002  1.130335e-004
 7.549750e+002  1.006260e-004
 7.555937e+002  1.028161e-004
 7.562125e+002  1.106423e-004
 7.568312e+002  1.067261e-004
 7.574500e+002  8.617474e-005
 7.580687e+002  8.369749e-005
 7.586875e+002  8.723046e-005
 7.593062e+002  9.843906e-005
 7.599250e+002  1.057905e-004
 7.605437e+002  1.043177e-004
 7.611625e+002  1.060579e-004
 7.617812e+002  9.476610e-005
 7.624000e+002  9.660930e-005
 7.630187e+002  9.393000e-005
 7.636375e+002  9.539527e-005
 7.642562e+002  9.686603e-005
 7.648750e+002  1.075557e-004
 7.654937e+002  1.091432e-004
 7.661125e+002  1.015770e-004
 7.667312e+002  1.056742e-004
 7.673500e+002  9.937892e-005
 7.679687e+002  9.611992e-005
 7.685875e+002  9.664124e-005
 7.692062e+002  1.024883e-004
 7.698250e+002  1.143711e-004
 7.704437e+002  1.118766e-004
 7.710625e+002  9.302061e-005
 7.716812e+002  9.734824e-005
 7.723000e+002  1.037197e-004
 7.729187e+002  1.036369e-004
 7.735375e+002  9.543972e-005
 7.741562e+002  9.988583e-005
 7.747750e+002  1.005800e-004
 7.753937e+002  1.136449e-004
 7.760125e+002  1.069145e-004
 7.766312e+002  1.049946e-004
 7.772500e+002  1.017498e-004
 7.778687e+002  9.595008e-005
 7.784875e+002  1.095684e-004
 7.791062e+002  1.126819e-004
 7.797250e+002  1.040994e-004
 7.803437e+002  1.054862e-004
 7.809625e+002  9.534556e-005
 7.815812e+002  8.088815e-005
 7.822000e+002  8.993063e-005
 7.828187e+002  1.010607e-004
 7.834375e+002  9.524902e-005
 7.840562e+002  8.342627e-005
 7.846750e+002  9.675866e-005
 7.852937e+002  9.927802e-005
 7.859125e+002  1.000310e-004
 7.865312e+002  9.947535e-005
 7.871500e+002  9.846139e-005
 7.877687e+002  1.056499e-004
 7.883875e+002  9.583540e-005
 7.890062e+002  9.317161e-005
 7.896250e+002  9.723165e-005
 7.902437e+002  9.930004e-005
 7.908625e+002  9.361146e-005
 7.914812e+002  9.074026e-005
 7.921000e+002  9.152004e-005
 7.927187e+002  9.964338e-005
 7.933375e+002  1.034550e-004
 7.939562e+002  1.045954e-004
 7.945750e+002  1.057171e-004
 7.951937e+002  8.768962e-005
 7.958125e+002  9.834170e-005
 7.964312e+002  1.002289e-004
 7.970500e+002  8.236811e-005
 7.976687e+002  8.778143e-005
 7.982875e+002  9.671841e-005
 7.989062e+002  1.677643e-004
 7.995250e+002  2.745665e-004
 8.001437e+002  1.808503e-004
 8.007625e+002  1.140771e-004
 8.013812e+002  1.116797e-004
 8.020000e+002  1.055886e-004
 8.026187e+002  8.815612e-005
 8.032375e+002  9.583952e-005
 8.038562e+002  8.713881e-005
 8.044750e+002  9.166089e-005
 8.050937e+002  1.095377e-004
 8.057125e+002  9.873631e-005
 8.063312e+002  9.190389e-005
 8.069500e+002  1.024524e-004
 8.075687e+002  1.090338e-004
 8.081875e+002  1.060031e-004
 8.088062e+002  1.002195e-004
 8.094250e+002  1.013937e-004
 8.100437e+002  1.054999e-004
 8.106625e+002  1.002721e-004
 8.112812e+002  9.781284e-005
 8.119000e+002  9.567693e-005
 8.125187e+002  1.096504e-004
 8.131375e+002  1.091854e-004
 8.137562e+002  1.117990e-004
 8.143750e+002  1.005461e-004
 8.149937e+002  1.002407e-004
 8.156125e+002  1.117918e-004
 8.162312e+002  1.026023e-004
 8.168500e+002  1.051110e-004
 8.174687e+002  9.192861e-005
 8.180875e+002  9.279783e-005
 8.187062e+002  1.022647e-004
 8.193250e+002  1.057704e-004
 8.199437e+002  9.659721e-005
 8.205625e+002  8.829233e-005
 8.211812e+002  8.329817e-005
 8.218000e+002  8.567888e-005
 8.224187e+002  9.306336e-005
 8.230375e+002  9.553787e-005
 8.236562e+002  1.007572e-004
 8.242750e+002  9.022324e-005
 8.248937e+002  9.662690e-005
 8.255125e+002  1.040014e-004
 8.261312e+002  1.024962e-004
 8.267500e+002  1.105874e-004
 8.273687e+002  1.036469e-004
 8.279875e+002  8.859628e-005
 8.286062e+002  8.574252e-005
 8.292250e+002  9.251607e-005
 8.298437e+002  1.023526e-004
 8.304625e+002  1.015789e-004
 8.310812e+002  1.027639e-004
 8.317000e+002  9.731288e-005
 8.323187e+002  1.001813e-004
 8.329375e+002  1.026841e-004
 8.335562e+002  1.025119e-004
 8.341750e+002  1.034965e-004
 8.347937e+002  9.492290e-005
 8.354125e+002  1.038726e-004
 8.360312e+002  1.116955e-004
 8.366500e+002  1.031269e-004
 8.372687e+002  9.646075e-005
 8.378875e+002  1.007767e-004
 8.385062e+002  1.014511e-004
 8.391250e+002  9.552961e-005
 8.397437e+002  1.007374e-004
 8.403625e+002  1.127205e-004
 8.409812e+002  1.136818e-004
 8.416000e+002  1.036335e-004
 8.422187e+002  1.136057e-004
 8.428375e+002  1.105427e-004
 8.434562e+002  9.416598e-005
 8.440750e+002  8.089532e-005
 8.446937e+002  1.006529e-004
 8.453125e+002  1.066277e-004
 8.459312e+002  9.029718e-005
 8.465500e+002  9.380577e-005
 8.471687e+002  8.806892e-005
 8.477875e+002  9.969117e-005
 8.484062e+002  1.324745e-004
 8.490250e+002  5.099379e-004
 8.496437e+002  6.604231e-004
 8.502625e+002  2.445497e-004
 8.508812e+002  8.764426e-005
 8.515000e+002  9.452874e-005
 8.521187e+002  9.466146e-005
 8.527375e+002  1.032200e-004
 8.533562e+002  9.368374e-005
 8.539750e+002  9.886419e-005
 8.545937e+002  1.036850e-004
 8.552125e+002  9.836248e-005
 8.558312e+002  9.491453e-005
 8.564500e+002  1.129012e-004
 8.570687e+002  1.177834e-004
 8.576875e+002  1.152019e-004
 8.583062e+002  1.161653e-004
 8.589250e+002  1.142336e-004
 8.595437e+002  1.061195e-004
 8.601625e+002  1.024972e-004
 8.607812e+002  1.006808e-004
 8.614000e+002  1.045656e-004
 8.620187e+002  1.093729e-004
 8.626375e+002  1.053635e-004
 8.632562e+002  1.043093e-004
 8.638750e+002  1.015765e-004
 8.644937e+002  1.002703e-004
 8.651125e+002  9.614397e-005
 8.657312e+002  9.891969e-005
 8.663500e+002  8.940155e-005
 8.669687e+002  9.140801e-005
 8.675875e+002  1.012589e-004
 8.682062e+002  9.883411e-005
 8.688250e+002  1.001978e-004
 8.694437e+002  9.487492e-005
 8.700625e+002  8.065348e-005
 8.706812e+002  9.312929e-005
 8.713000e+002  9.654496e-005
 8.719187e+002  1.075683e-004
 8.725375e+002  1.080898e-004
 8.731562e+002  1.122910e-004
 8.737750e+002  1.070449e-004
 8.743937e+002  1.045995e-004
 8.750125e+002  1.179529e-004
 8.756312e+002  1.146425e-004
 8.762500e+002  9.521062e-005
 8.768687e+002  1.000690e-004
 8.774875e+002  1.078433e-004
 8.781062e+002  1.105737e-004
 8.787250e+002  1.055393e-004
 8.793437e+002  9.919106e-005
 8.799625e+002  1.019734e-004
 8.805812e+002  1.055671e-004
 8.812000e+002  1.042802e-004
 8.818187e+002  1.086374e-004
 8.824375e+002  9.745642e-005
 8.830562e+002  9.657128e-005
 8.836750e+002  9.214499e-005
 8.842937e+002  9.672166e-005
 8.849125e+002  9.182715e-005
 8.855312e+002  9.757120e-005
 8.861500e+002  1.054248e-004
 8.867687e+002  1.069541e-004
 8.873875e+002  1.047059e-004
 8.880062e+002  1.098707e-004
 8.886250e+002  1.083694e-004
 8.892437e+002  9.952518e-005
 8.898625e+002  1.001082e-004
 8.904812e+002  1.078709e-004
 8.911000e+002  9.420189e-005
 8.917187e+002  1.008042e-004
 8.923375e+002  1.013980e-004
 8.929562e+002  1.019183e-004
 8.935750e+002  9.827356e-005
 8.941937e+002  9.935073e-005
 8.948125e+002  1.136836e-004
 8.954312e+002  1.065611e-004
 8.960500e+002  8.997301e-005
 8.966687e+002  9.352668e-005
 8.972875e+002  1.066690e-004
 8.979062e+002  1.069809e-004
 8.985250e+002  1.225858e-004
 8.991437e+002  2.466217e-004
 8.997625e+002  2.368892e-004
 9.003812e+002  1.046430e-004
 9.010000e+002  9.135492e-005
 9.016187e+002  1.067160e-004
 9.022375e+002  1.095885e-004
 9.028562e+002  1.041348e-004
 9.034750e+002  9.302132e-005
 9.040937e+002  1.013530e-004
 9.047125e+002  1.075071e-004
 9.053312e+002  9.330993e-005
 9.059500e+002  9.838889e-005
 9.065687e+002  1.033696e-004
 9.071875e+002  1.056258e-004
 9.078062e+002  1.156547e-004
 9.084250e+002  1.132968e-004
 9.090437e+002  1.032570e-004
 9.096625e+002  9.716704e-005
 9.102812e+002  9.337290e-005
 9.109000e+002  8.703771e-005
 9.115187e+002  8.463476e-005
 9.121375e+002  8.586117e-005
 9.127562e+002  1.058751e-004
 9.133750e+002  1.014154e-004
 9.139937e+002  1.038606e-004
 9.146125e+002  1.070576e-004
 9.152312e+002  9.798999e-005
 9.158500e+002  1.072247e-004
 9.164687e+002  1.010828e-004
 9.170875e+002  9.015983e-005
 9.177062e+002  1.048573e-004
 9.183250e+002  1.004929e-004
 9.189437e+002  9.262233e-005
 9.195625e+002  8.633795e-005
 9.201812e+002  9.985396e-005
 9.208000e+002  1.065190e-004
 9.214187e+002  1.040959e-004
 9.220375e+002  9.988856e-005
 9.226562e+002  1.017338e-004
 9.232750e+002  1.043391e-004
 9.238937e+002  1.002527e-004
 9.245125e+002  8.441334e-005
 9.251312e+002  9.672484e-005
 9.257500e+002  1.060829e-004
 9.263687e+002  1.062429e-004
 9.269875e+002  9.589000e-005
 9.276062e+002  8.294112e-005
 9.282250e+002  9.274373e-005
 9.288437e+002  1.030821e-004
 9.294625e+002  9.751484e-005
 9.300812e+002  9.223155e-005
 9.307000e+002  1.055234e-004
 9.313187e+002  1.027138e-004
 9.319375e+002  1.101113e-004
 9.325562e+002  1.104469e-004
 9.331750e+002  9.857306e-005
 9.337937e+002  8.995410e-005
 9.344125e+002  9.643906e-005
 9.350312e+002  9.386182e-005
 9.356500e+002  9.527680e-005
 9.362687e+002  9.735113e-005
 9.368875e+002  9.976506e-005
 9.375062e+002  1.031438e-004
 9.381250e+002  1.180663e-004
 9.387437e+002  1.071565e-004
 9.393625e+002  9.464177e-005
 9.399812e+002  9.974935e-005
 9.406000e+002  9.620841e-005
 9.412187e+002  9.761524e-005
 9.418375e+002  9.907738e-005
 9.424562e+002  9.195023e-005
 9.430750e+002  9.261151e-005
 9.436937e+002  9.389178e-005
 9.443125e+002  9.014344e-005
 9.449312e+002  1.005993e-004
 9.455500e+002  9.516365e-005
 9.461687e+002  1.051286e-004
 9.467875e+002  1.148861e-004
 9.474062e+002  1.089166e-004
 9.480250e+002  9.713921e-005
 9.486437e+002  2.005821e-004
 9.492625e+002  4.671691e-004
 9.498812e+002  3.494201e-004
 9.505000e+002  1.099017e-004
 9.511187e+002  1.050111e-004
 9.517375e+002  1.119899e-004
 9.523562e+002  1.003283e-004
 9.529750e+002  9.220224e-005
 9.535937e+002  8.755446e-005
 9.542125e+002  9.094264e-005
 9.548312e+002  9.374696e-005
 9.554500e+002  1.002116e-004
 9.560687e+002  9.622651e-005
 9.566875e+002  1.029580e-004
 9.573062e+002  9.565497e-005
 9.579250e+002  9.479470e-005
 9.585437e+002  9.575432e-005
 9.591625e+002  9.338632e-005
 9.597812e+002  1.090260e-004
 9.604000e+002  1.033147e-004
 9.610187e+002  9.929571e-005
 9.616375e+002  9.915450e-005
 9.622562e+002  9.717495e-005
 9.628750e+002  9.478232e-005
 9.634937e+002  1.116749e-004
 9.641125e+002  1.117987e-004
 9.647312e+002  9.400068e-005
 9.653500e+002  8.830858e-005
 9.659687e+002  9.295821e-005
 9.665875e+002  8.971007e-005
 9.672062e+002  9.120710e-005
 9.678250e+002  9.514204e-005
 9.684437e+002  9.757173e-005
 9.690625e+002  1.013360e-004
 9.696812e+002  1.016640e-004
 9.703000e+002  1.163982e-004
 9.709187e+002  1.192761e-004
 9.715375e+002  1.104281e-004
 9.721562e+002  1.028226e-004
 9.727750e+002  9.291731e-005
 9.733937e+002  9.678393e-005
 9.740125e+002  9.931941e-005
 9.746312e+002  9.513575e-005
 9.752500e+002  8.624136e-005
 9.758687e+002  9.163919e-005
 9.764875e+002  9.288019e-005
 9.771062e+002  9.554891e-005
 9.777250e+002  1.040030e-004
 9.783437e+002  1.087470e-004
 9.789625e+002  9.986902e-005
 9.795812e+002  9.435532e-005
 9.802000e+002  9.793303e-005
 9.808187e+002  1.006337e-004
 9.814375e+002  1.117435e-004
 9.820562e+002  1.124401e-004
 9.826750e+002  1.095054e-004
 9.832937e+002  1.024390e-004
 9.839125e+002  1.007477e-004
 9.845312e+002  1.102692e-004
 9.851500e+002  1.008122e-004
 9.857687e+002  1.003802e-004
 9.863875e+002  9.892786e-005
 9.870062e+002  1.003661e-004
 9.876250e+002  1.037457e-004
 9.882437e+002  1.038311e-004
 9.888625e+002  1.063594e-004
 9.894812e+002  1.025823e-004
 9.901000e+002  8.617187e-005
 9.907187e+002  8.528420e-005
 9.913375e+002  8.722725e-005
 9.919562e+002  8.987915e-005
 9.925750e+002  8.593164e-005
 9.931937e+002  8.850183e-005
 9.938125e+002  8.812087e-005
 9.944312e+002  9.245284e-005
 9.950500e+002  9.274712e-005
 9.956687e+002  9.698010e-005
 9.962875e+002  9.774046e-005
 9.969062e+002  1.072084e-004
 9.975250e+002  1.054246e-004
 9.981437e+002  9.975713e-005
 9.987625e+002  1.469873e-004
 9.993812e+002  2.306711e-004
 1.000000e+003  1.537567e-004
