 1.000000e+001  1.185154e-004
 1.061875e+001  1.238232e-004
 1.123750e+001  1.060907e-004
 1.185625e+001  1.549085e-004
 1.247500e+001  1.188312e-004
 1.309375e+001  1.344805e-004
 1.371250e+001  1.077262e-004
 1.433125e+001  1.405811e-004
 1.495000e+001  1.210046e-004
 1.556875e+001  1.158591e-004
 1.618750e+001  1.118410e-004
 1.680625e+001  1.086511e-004
 1.742500e+001  1.084621e-004
 1.804375e+001  1.033330e-004
 1.866250e+001  1.116127e-004
 1.928125e+001  1.023858e-004
 1.990000e+001  9.684099e-005
 2.051875e+001  1.125274e-004
 2.113750e+001  8.296027e-005
 2.175625e+001  9.963789e-005
 2.237500e+001  9.384796e-005
 2.299375e+001  7.701253e-005
 2.361250e+001  8.517644e-005
 2.423125e+001  8.585861e-005
 2.485000e+001  8.530247e-005
 2.546875e+001  1.071516e-004
 2.608750e+001  9.622757e-005
 2.670625e+001  9.286598e-005
 2.732500e+001  9.810901e-005
 2.794375e+001  8.664485e-005
 2.856250e+001  9.354923e-005
 2.918125e+001  7.579135e-005
 2.980000e+001  8.508289e-005
 3.041875e+001  8.681686e-005
 3.103750e+001  9.568476e-005
 3.165625e+001  1.011485e-004
 3.227500e+001  8.732413e-005
 3.289375e+001  8.940336e-005
 3.351250e+001  8.971428e-005
 3.413125e+001  7.358226e-005
 3.475000e+001  6.710083e-005
 3.536875e+001  9.894384e-005
 3.598750e+001  1.028340e-004
 3.660625e+001  1.225391e-004
 3.722500e+001  9.216506e-005
 3.784375e+001  8.366123e-005
 3.846250e+001  1.008235e-004
 3.908125e+001  9.478639e-005
 3.970000e+001  9.389932e-005
 4.031875e+001  8.219207e-005
 4.093750e+001  8.577921e-005
 4.155625e+001  8.684478e-005
 4.217500e+001  8.082627e-005
 4.279375e+001  7.942937e-005
 4.341250e+001  6.859132e-005
 4.403125e+001  8.926587e-005
 4.465000e+001  8.458287e-005
 4.526875e+001  8.553923e-005
 4.588750e+001  8.987603e-005
 4.650625e+001  6.760086e-005
 4.712500e+001  8.890238e-005
 4.774375e+001  1.342446e-004
 4.836250e+001  2.358712e-004
 4.898125e+001  1.340724e-003
 4.960000e+001  8.597302e-003
 5.021875e+001  9.806365e-003
 5.083750e+001  2.461977e-003
 5.145625e+001  2.805704e-004
 5.207500e+001  1.477058e-004
 5.269375e+001  9.640381e-005
 5.331250e+001  1.068182e-004
 5.393125e+001  9.561394e-005
 5.455000e+001  8.216488e-005
 5.516875e+001  7.766687e-005
 5.578750e+001  6.217104e-005
 5.640625e+001  6.770382e-005
 5.702500e+001  7.475798e-005
 5.764375e+001  9.929901e-005
 5.826250e+001  1.029267e-004
 5.888125e+001  1.829268e-004
 5.950000e+001  3.041047e-003
 6.011875e+001  4.865160e-003
 6.073750e+001  1.918556e-003
 6.135625e+001  1.245639e-004
 6.197500e+001  9.353227e-005
 6.259375e+001  8.788443e-005
 6.321250e+001  9.279477e-005
 6.383125e+001  9.519576e-005
 6.445000e+001  7.585300e-005
 6.506875e+001  7.650979e-005
 6.568750e+001  8.693744e-005
 6.630625e+001  6.808282e-005
 6.692500e+001  6.391057e-005
 6.754375e+001  8.255704e-005
 6.816250e+001  9.335740e-005
 6.878125e+001  8.581641e-005
 6.940000e+001  7.718245e-005
 7.001875e+001  7.205292e-005
 7.063750e+001  8.235105e-005
 7.125625e+001  8.072541e-005
 7.187500e+001  7.885721e-005
 7.249375e+001  9.294467e-005
 7.311250e+001  9.988288e-005
 7.373125e+001  8.597224e-005
 7.435000e+001  7.355134e-005
 7.496875e+001  7.804091e-005
 7.558750e+001  8.528058e-005
 7.620625e+001  6.933505e-005
 7.682500e+001  7.648422e-005
 7.744375e+001  7.972629e-005
 7.806250e+001  9.400057e-005
 7.868125e+001  1.075683e-004
 7.930000e+001  1.172006e-004
 7.991875e+001  9.869627e-005
 8.053750e+001  8.057565e-005
 8.115625e+001  7.530592e-005
 8.177500e+001  6.759337e-005
 8.239375e+001  1.116398e-004
 8.301250e+001  9.623269e-005
 8.363125e+001  9.283384e-005
 8.425000e+001  8.583462e-005
 8.486875e+001  6.330036e-005
 8.548750e+001  6.887903e-005
 8.610625e+001  8.105792e-005
 8.672500e+001  7.042573e-005
 8.734375e+001  6.487257e-005
 8.796250e+001  7.426400e-005
 8.858125e+001  6.962511e-005
 8.920000e+001  7.984125e-005
 8.981875e+001  8.660601e-005
 9.043750e+001  7.922372e-005
 9.105625e+001  7.121432e-005
 9.167500e+001  6.426609e-005
 9.229375e+001  6.773932e-005
 9.291250e+001  7.040158e-005
 9.353125e+001  8.478699e-005
 9.415000e+001  8.308726e-005
 9.476875e+001  6.244104e-005
 9.538750e+001  6.925410e-005
 9.600625e+001  6.829390e-005
 9.662500e+001  6.581652e-005
 9.724375e+001  5.774255e-005
 9.786250e+001  8.384782e-005
 9.848125e+001  9.320848e-005
 9.910000e+001  1.025832e-004
 9.971875e+001  2.489257e-004
 1.003375e+002  2.149351e-004
 1.009563e+002  8.047870e-005
 1.015750e+002  8.626668e-005
 1.021938e+002  7.755605e-005
 1.028125e+002  7.717006e-005
 1.034313e+002  8.118467e-005
 1.040500e+002  7.010304e-005
 1.046688e+002  8.397279e-005
 1.052875e+002  7.823968e-005
 1.059063e+002  8.802977e-005
 1.065250e+002  8.489051e-005
 1.071438e+002  8.864940e-005
 1.077625e+002  7.906734e-005
 1.083813e+002  8.668955e-005
 1.090000e+002  7.516538e-005
 1.096188e+002  7.748571e-005
 1.102375e+002  6.112493e-005
 1.108563e+002  7.475594e-005
 1.114750e+002  6.808463e-005
 1.120938e+002  6.777239e-005
 1.127125e+002  8.190502e-005
 1.133313e+002  6.518779e-005
 1.139500e+002  6.613241e-005
 1.145688e+002  6.321293e-005
 1.151875e+002  7.473916e-005
 1.158063e+002  8.686860e-005
 1.164250e+002  8.718340e-005
 1.170438e+002  7.488291e-005
 1.176625e+002  8.016128e-005
 1.182813e+002  8.672035e-005
 1.189000e+002  1.719274e-004
 1.195188e+002  3.106227e-003
 1.201375e+002  5.036128e-003
 1.207563e+002  2.018408e-003
 1.213750e+002  1.108221e-004
 1.219938e+002  8.654636e-005
 1.226125e+002  6.780524e-005
 1.232313e+002  7.440838e-005
 1.238500e+002  6.682367e-005
 1.244688e+002  6.767661e-005
 1.250875e+002  6.903142e-005
 1.257063e+002  6.492841e-005
 1.263250e+002  7.031211e-005
 1.269438e+002  8.062348e-005
 1.275625e+002  8.750397e-005
 1.281813e+002  6.923980e-005
 1.288000e+002  6.137454e-005
 1.294188e+002  7.587041e-005
 1.300375e+002  7.692859e-005
 1.306563e+002  6.724090e-005
 1.312750e+002  6.548591e-005
 1.318938e+002  7.950367e-005
 1.325125e+002  7.709084e-005
 1.331313e+002  6.532967e-005
 1.337500e+002  7.353407e-005
 1.343688e+002  7.338658e-005
 1.349875e+002  7.419070e-005
 1.356063e+002  8.877206e-005
 1.362250e+002  8.337213e-005
 1.368438e+002  8.495171e-005
 1.374625e+002  7.986303e-005
 1.380813e+002  6.660928e-005
 1.387000e+002  6.119214e-005
 1.393188e+002  6.386893e-005
 1.399375e+002  7.328484e-005
 1.405563e+002  7.948118e-005
 1.411750e+002  9.392241e-005
 1.417938e+002  1.182788e-004
 1.424125e+002  1.192946e-004
 1.430313e+002  1.102636e-004
 1.436500e+002  7.756928e-005
 1.442688e+002  7.513626e-005
 1.448875e+002  8.459084e-005
 1.455063e+002  9.625423e-005
 1.461250e+002  7.592773e-005
 1.467438e+002  6.773855e-005
 1.473625e+002  8.428767e-005
 1.479813e+002  9.701752e-005
 1.486000e+002  1.250446e-004
 1.492188e+002  2.980936e-003
 1.498375e+002  7.170701e-003
 1.504563e+002  4.281192e-003
 1.510750e+002  2.097973e-004
 1.516938e+002  7.071153e-005
 1.523125e+002  8.294608e-005
 1.529313e+002  6.528709e-005
 1.535500e+002  6.483180e-005
 1.541688e+002  6.469192e-005
 1.547875e+002  5.435251e-005
 1.554063e+002  5.186212e-005
 1.560250e+002  6.050420e-005
 1.566438e+002  7.388654e-005
 1.572625e+002  6.801030e-005
 1.578813e+002  6.948990e-005
 1.585000e+002  6.909179e-005
 1.591188e+002  6.546640e-005
 1.597375e+002  5.636245e-005
 1.603563e+002  6.570604e-005
 1.609750e+002  7.340249e-005
 1.615938e+002  7.612026e-005
 1.622125e+002  6.844212e-005
 1.628313e+002  5.196049e-005
 1.634500e+002  6.875862e-005
 1.640688e+002  7.093853e-005
 1.646875e+002  6.192129e-005
 1.653063e+002  7.057345e-005
 1.659250e+002  6.165871e-005
 1.665438e+002  5.573138e-005
 1.671625e+002  5.982088e-005
 1.677813e+002  8.210297e-005
 1.684000e+002  8.898594e-005
 1.690188e+002  7.994528e-005
 1.696375e+002  8.775803e-005
 1.702563e+002  9.019444e-005
 1.708750e+002  8.547540e-005
 1.714938e+002  7.270640e-005
 1.721125e+002  6.062183e-005
 1.727313e+002  6.630402e-005
 1.733500e+002  7.487103e-005
 1.739688e+002  8.574986e-005
 1.745875e+002  9.195906e-005
 1.752063e+002  7.185755e-005
 1.758250e+002  6.242981e-005
 1.764438e+002  6.854477e-005
 1.770625e+002  7.368239e-005
 1.776813e+002  7.739164e-005
 1.783000e+002  7.680248e-005
 1.789188e+002  2.024056e-004
 1.795375e+002  3.280618e-003
 1.801563e+002  5.345849e-003
 1.807750e+002  2.170076e-003
 1.813938e+002  1.101217e-004
 1.820125e+002  7.638282e-005
 1.826313e+002  8.303550e-005
 1.832500e+002  7.159366e-005
 1.838688e+002  7.461600e-005
 1.844875e+002  7.454995e-005
 1.851063e+002  7.049531e-005
 1.857250e+002  6.081653e-005
 1.863438e+002  7.308523e-005
 1.869625e+002  7.455819e-005
 1.875813e+002  6.778663e-005
 1.882000e+002  6.221575e-005
 1.888188e+002  6.759680e-005
 1.894375e+002  7.113658e-005
 1.900563e+002  7.688185e-005
 1.906750e+002  7.045991e-005
 1.912938e+002  6.964605e-005
 1.919125e+002  7.262631e-005
 1.925313e+002  8.598873e-005
 1.931500e+002  7.432366e-005
 1.937688e+002  7.269285e-005
 1.943875e+002  7.345448e-005
 1.950063e+002  6.365769e-005
 1.956250e+002  7.124548e-005
 1.962438e+002  7.836781e-005
 1.968625e+002  7.340637e-005
 1.974813e+002  7.391646e-005
 1.981000e+002  7.337252e-005
 1.987188e+002  6.564039e-005
 1.993375e+002  2.272219e-004
 1.999563e+002  3.505734e-004
 2.005750e+002  1.472085e-004
 2.011938e+002  7.278832e-005
 2.018125e+002  7.679168e-005
 2.024313e+002  8.230447e-005
 2.030500e+002  8.062154e-005
 2.036688e+002  7.896358e-005
 2.042875e+002  8.302638e-005
 2.049063e+002  7.178390e-005
 2.055250e+002  7.516218e-005
 2.061438e+002  7.861132e-005
 2.067625e+002  7.580741e-005
 2.073813e+002  8.986492e-005
 2.080000e+002  8.376475e-005
 2.086188e+002  7.292616e-005
 2.092375e+002  6.905146e-005
 2.098563e+002  6.741332e-005
 2.104750e+002  6.186293e-005
 2.110938e+002  6.341350e-005
 2.117125e+002  6.667505e-005
 2.123313e+002  7.982445e-005
 2.129500e+002  8.159927e-005
 2.135688e+002  6.328622e-005
 2.141875e+002  6.096189e-005
 2.148063e+002  6.389258e-005
 2.154250e+002  5.673810e-005
 2.160438e+002  7.725144e-005
 2.166625e+002  7.558219e-005
 2.172813e+002  7.521446e-005
 2.179000e+002  8.392545e-005
 2.185188e+002  8.272345e-005
 2.191375e+002  5.985208e-005
 2.197563e+002  5.654775e-005
 2.203750e+002  6.180753e-005
 2.209938e+002  7.794808e-005
 2.216125e+002  7.796491e-005
 2.222313e+002  6.903741e-005
 2.228500e+002  7.117742e-005
 2.234688e+002  6.717961e-005
 2.240875e+002  6.784364e-005
 2.247063e+002  6.811203e-005
 2.253250e+002  6.799122e-005
 2.259438e+002  7.365866e-005
 2.265625e+002  9.637292e-005
 2.271813e+002  8.850025e-005
 2.278000e+002  6.548559e-005
 2.284188e+002  5.990849e-005
 2.290375e+002  7.032586e-005
 2.296563e+002  8.050544e-005
 2.302750e+002  8.959705e-005
 2.308938e+002  8.369992e-005
 2.315125e+002  7.740047e-005
 2.321313e+002  8.966228e-005
 2.327500e+002  8.987887e-005
 2.333688e+002  7.490962e-005
 2.339875e+002  6.941304e-005
 2.346063e+002  7.139666e-005
 2.352250e+002  6.585331e-005
 2.358438e+002  6.880330e-005
 2.364625e+002  7.596625e-005
 2.370813e+002  7.530065e-005
 2.377000e+002  7.344642e-005
 2.383188e+002  7.729225e-005
 2.389375e+002  1.530504e-004
 2.395563e+002  3.381590e-003
 2.401750e+002  5.621958e-003
 2.407938e+002  2.302991e-003
 2.414125e+002  1.309019e-004
 2.420313e+002  8.002023e-005
 2.426500e+002  7.187188e-005
 2.432688e+002  6.249281e-005
 2.438875e+002  7.531433e-005
 2.445063e+002  7.689926e-005
 2.451250e+002  6.106648e-005
 2.457438e+002  5.980826e-005
 2.463625e+002  7.118411e-005
 2.469813e+002  7.732672e-005
 2.476000e+002  8.707241e-005
 2.482188e+002  1.249146e-004
 2.488375e+002  4.738377e-004
 2.494563e+002  3.472523e-003
 2.500750e+002  4.199573e-003
 2.506938e+002  1.146730e-003
 2.513125e+002  1.534075e-004
 2.519313e+002  9.035947e-005
 2.525500e+002  8.813414e-005
 2.531688e+002  8.891426e-005
 2.537875e+002  7.189897e-005
 2.544063e+002  7.110977e-005
 2.550250e+002  7.671247e-005
 2.556438e+002  7.519924e-005
 2.562625e+002  7.409305e-005
 2.568813e+002  8.211761e-005
 2.575000e+002  8.449951e-005
 2.581188e+002  7.015132e-005
 2.587375e+002  6.675147e-005
 2.593563e+002  5.451838e-005
 2.599750e+002  7.948249e-005
 2.605938e+002  7.182704e-005
 2.612125e+002  7.054140e-005
 2.618313e+002  8.371295e-005
 2.624500e+002  7.757475e-005
 2.630688e+002  7.928937e-005
 2.636875e+002  6.894976e-005
 2.643063e+002  6.853047e-005
 2.649250e+002  6.862437e-005
 2.655438e+002  6.712469e-005
 2.661625e+002  5.083963e-005
 2.667813e+002  5.905844e-005
 2.674000e+002  6.498197e-005
 2.680188e+002  5.481489e-005
 2.686375e+002  5.763518e-005
 2.692563e+002  6.690427e-005
 2.698750e+002  6.493188e-005
 2.704938e+002  7.796850e-005
 2.711125e+002  7.477207e-005
 2.717313e+002  5.475779e-005
 2.723500e+002  7.131851e-005
 2.729688e+002  7.352062e-005
 2.735875e+002  6.754920e-005
 2.742063e+002  7.329431e-005
 2.748250e+002  8.479201e-005
 2.754438e+002  7.255232e-005
 2.760625e+002  7.569361e-005
 2.766813e+002  9.097784e-005
 2.773000e+002  7.240829e-005
 2.779188e+002  6.007971e-005
 2.785375e+002  5.563599e-005
 2.791563e+002  6.024218e-005
 2.797750e+002  5.543845e-005
 2.803938e+002  6.846002e-005
 2.810125e+002  7.574971e-005
 2.816313e+002  1.589329e-004
 2.822500e+002  2.765790e-004
 2.828688e+002  1.731564e-004
 2.834875e+002  1.430771e-004
 2.841063e+002  9.357690e-005
 2.847250e+002  1.002590e-004
 2.853438e+002  1.238928e-004
 2.859625e+002  8.258231e-005
 2.865813e+002  6.259327e-005
 2.872000e+002  6.947542e-005
 2.878188e+002  6.636103e-005
 2.884375e+002  7.141646e-005
 2.890563e+002  9.115363e-005
 2.896750e+002  7.344454e-005
 2.902938e+002  6.335871e-005
 2.909125e+002  6.481581e-005
 2.915313e+002  7.723568e-005
 2.921500e+002  8.356756e-005
 2.927688e+002  8.574050e-005
 2.933875e+002  8.310155e-005
 2.940063e+002  7.548896e-005
 2.946250e+002  8.178956e-005
 2.952438e+002  7.899303e-005
 2.958625e+002  8.904367e-005
 2.964813e+002  8.658420e-005
 2.971000e+002  7.114201e-005
 2.977188e+002  6.051960e-005
 2.983375e+002  7.537319e-005
 2.989563e+002  2.296765e-004
 2.995750e+002  3.504632e-003
 3.001938e+002  5.829817e-003
 3.008125e+002  2.434323e-003
 3.014313e+002  1.000596e-004
 3.020500e+002  7.730679e-005
 3.026688e+002  6.150768e-005
 3.032875e+002  7.419448e-005
 3.039063e+002  6.263796e-005
 3.045250e+002  5.071694e-005
 3.051438e+002  6.333685e-005
 3.057625e+002  7.564535e-005
 3.063813e+002  7.144544e-005
 3.070000e+002  7.330547e-005
 3.076188e+002  7.942999e-005
 3.082375e+002  6.876479e-005
 3.088563e+002  5.728088e-005
 3.094750e+002  6.913149e-005
 3.100938e+002  7.838842e-005
 3.107125e+002  8.122759e-005
 3.113313e+002  8.296989e-005
 3.119500e+002  8.431618e-005
 3.125688e+002  8.308677e-005
 3.131875e+002  7.170645e-005
 3.138063e+002  6.798648e-005
 3.144250e+002  6.839566e-005
 3.150437e+002  8.152727e-005
 3.156625e+002  7.275425e-005
 3.162812e+002  8.584931e-005
 3.169000e+002  8.198967e-005
 3.175187e+002  6.911917e-005
 3.181375e+002  7.540634e-005
 3.187562e+002  6.973314e-005
 3.193750e+002  6.339553e-005
 3.199937e+002  9.143124e-005
 3.206125e+002  7.611166e-005
 3.212312e+002  7.389073e-005
 3.218500e+002  5.894626e-005
 3.224687e+002  6.861341e-005
 3.230875e+002  6.375169e-005
 3.237062e+002  5.939613e-005
 3.243250e+002  8.023404e-005
 3.249437e+002  8.172384e-005
 3.255625e+002  7.192607e-005
 3.261812e+002  8.958781e-005
 3.268000e+002  8.907166e-005
 3.274187e+002  8.150058e-005
 3.280375e+002  6.548703e-005
 3.286562e+002  6.950580e-005
 3.292750e+002  7.735682e-005
 3.298937e+002  7.264627e-005
 3.305125e+002  8.560493e-005
 3.311312e+002  7.327316e-005
 3.317500e+002  6.115107e-005
 3.323687e+002  7.095799e-005
 3.329875e+002  7.377473e-005
 3.336062e+002  6.738588e-005
 3.342250e+002  6.967952e-005
 3.348437e+002  6.252498e-005
 3.354625e+002  6.271514e-005
 3.360812e+002  6.739609e-005
 3.367000e+002  7.587322e-005
 3.373187e+002  8.465896e-005
 3.379375e+002  7.623353e-005
 3.385562e+002  5.762469e-005
 3.391750e+002  5.551990e-005
 3.397937e+002  7.476034e-005
 3.404125e+002  6.604062e-005
 3.410312e+002  6.129304e-005
 3.416500e+002  6.776783e-005
 3.422687e+002  6.992703e-005
 3.428875e+002  7.307048e-005
 3.435062e+002  6.843195e-005
 3.441250e+002  7.343163e-005
 3.447437e+002  7.023507e-005
 3.453625e+002  5.336870e-005
 3.459812e+002  6.308767e-005
 3.466000e+002  6.513458e-005
 3.472187e+002  7.202072e-005
 3.478375e+002  6.724376e-005
 3.484562e+002  1.230810e-004
 3.490750e+002  1.575550e-003
 3.496937e+002  4.133882e-003
 3.503125e+002  2.646105e-003
 3.509312e+002  1.773939e-004
 3.515500e+002  8.246659e-005
 3.521687e+002  7.650258e-005
 3.527875e+002  7.806292e-005
 3.534062e+002  5.564678e-005
 3.540250e+002  7.596149e-005
 3.546437e+002  6.254272e-005
 3.552625e+002  6.001438e-005
 3.558812e+002  7.524567e-005
 3.565000e+002  7.569397e-005
 3.571187e+002  7.601431e-005
 3.577375e+002  6.995392e-005
 3.583562e+002  8.540717e-005
 3.589750e+002  1.398163e-004
 3.595937e+002  3.481179e-003
 3.602125e+002  5.938914e-003
 3.608312e+002  2.485726e-003
 3.614500e+002  1.328689e-004
 3.620687e+002  7.038111e-005
 3.626875e+002  6.941025e-005
 3.633062e+002  7.110359e-005
 3.639250e+002  5.839643e-005
 3.645437e+002  5.707686e-005
 3.651625e+002  5.769831e-005
 3.657812e+002  6.480085e-005
 3.664000e+002  7.446808e-005
 3.670187e+002  6.528320e-005
 3.676375e+002  7.396688e-005
 3.682562e+002  6.977824e-005
 3.688750e+002  5.771471e-005
 3.694937e+002  7.759959e-005
 3.701125e+002  9.484181e-005
 3.707312e+002  6.852247e-005
 3.713500e+002  7.388916e-005
 3.719687e+002  6.523748e-005
 3.725875e+002  5.076840e-005
 3.732062e+002  6.934581e-005
 3.738250e+002  8.470073e-005
 3.744437e+002  8.321155e-005
 3.750625e+002  6.817733e-005
 3.756812e+002  7.375072e-005
 3.763000e+002  7.087913e-005
 3.769187e+002  6.792659e-005
 3.775375e+002  7.330208e-005
 3.781562e+002  7.083906e-005
 3.787750e+002  6.841417e-005
 3.793937e+002  5.897867e-005
 3.800125e+002  5.784885e-005
 3.806312e+002  7.219278e-005
 3.812500e+002  6.867008e-005
 3.818687e+002  6.929194e-005
 3.824875e+002  6.999162e-005
 3.831062e+002  6.739713e-005
 3.837250e+002  7.284821e-005
 3.843437e+002  7.173462e-005
 3.849625e+002  7.475816e-005
 3.855812e+002  7.825936e-005
 3.862000e+002  5.466415e-005
 3.868187e+002  6.755019e-005
 3.874375e+002  7.231175e-005
 3.880562e+002  6.803230e-005
 3.886750e+002  7.861052e-005
 3.892937e+002  7.930825e-005
 3.899125e+002  7.485775e-005
 3.905312e+002  5.603345e-005
 3.911500e+002  5.393198e-005
 3.917687e+002  6.070018e-005
 3.923875e+002  6.677987e-005
 3.930062e+002  7.034759e-005
 3.936250e+002  6.880575e-005
 3.942437e+002  6.074125e-005
 3.948625e+002  7.572627e-005
 3.954812e+002  7.311604e-005
 3.961000e+002  7.434409e-005
 3.967187e+002  8.625377e-005
 3.973375e+002  6.667441e-005
 3.979562e+002  6.269413e-005
 3.985750e+002  6.279852e-005
 3.991937e+002  2.747038e-004
 3.998125e+002  4.724837e-004
 4.004312e+002  2.339651e-004
 4.010500e+002  6.862353e-005
 4.016687e+002  6.150452e-005
 4.022875e+002  6.673704e-005
 4.029062e+002  6.237631e-005
 4.035250e+002  8.076378e-005
 4.041437e+002  8.529475e-005
 4.047625e+002  7.976986e-005
 4.053812e+002  7.335228e-005
 4.060000e+002  7.384627e-005
 4.066187e+002  7.680005e-005
 4.072375e+002  6.874314e-005
 4.078562e+002  6.370585e-005
 4.084750e+002  6.952724e-005
 4.090937e+002  7.231420e-005
 4.097125e+002  7.652573e-005
 4.103312e+002  7.521330e-005
 4.109500e+002  7.336216e-005
 4.115687e+002  8.027757e-005
 4.121875e+002  6.922926e-005
 4.128062e+002  6.290703e-005
 4.134250e+002  7.282105e-005
 4.140437e+002  7.352227e-005
 4.146625e+002  6.691749e-005
 4.152812e+002  8.895507e-005
 4.159000e+002  8.127631e-005
 4.165187e+002  7.562299e-005
 4.171375e+002  5.023933e-005
 4.177562e+002  5.794786e-005
 4.183750e+002  5.794122e-005
 4.189937e+002  1.595462e-004
 4.196125e+002  3.504220e-003
 4.202312e+002  6.017329e-003
 4.208500e+002  2.574122e-003
 4.214687e+002  1.042085e-004
 4.220875e+002  6.460457e-005
 4.227062e+002  5.733963e-005
 4.233250e+002  6.055225e-005
 4.239437e+002  5.160735e-005
 4.245625e+002  8.090508e-005
 4.251812e+002  1.104283e-004
 4.258000e+002  6.626144e-005
 4.264187e+002  6.536221e-005
 4.270375e+002  7.189317e-005
 4.276562e+002  8.130385e-005
 4.282750e+002  7.604187e-005
 4.288937e+002  6.658749e-005
 4.295125e+002  5.650678e-005
 4.301312e+002  7.122393e-005
 4.307500e+002  7.880755e-005
 4.313687e+002  7.145050e-005
 4.319875e+002  7.263518e-005
 4.326062e+002  8.634295e-005
 4.332250e+002  8.391541e-005
 4.338437e+002  7.249335e-005
 4.344625e+002  6.098957e-005
 4.350812e+002  5.908589e-005
 4.357000e+002  6.242145e-005
 4.363187e+002  6.527765e-005
 4.369375e+002  5.937142e-005
 4.375562e+002  6.812105e-005
 4.381750e+002  7.023327e-005
 4.387937e+002  7.401123e-005
 4.394125e+002  7.523552e-005
 4.400312e+002  7.370448e-005
 4.406500e+002  5.917679e-005
 4.412687e+002  6.520209e-005
 4.418875e+002  8.002964e-005
 4.425062e+002  9.471807e-005
 4.431250e+002  7.938402e-005
 4.437437e+002  6.094854e-005
 4.443625e+002  5.296088e-005
 4.449812e+002  5.516827e-005
 4.456000e+002  6.098970e-005
 4.462187e+002  6.457910e-005
 4.468375e+002  6.950770e-005
 4.474562e+002  7.849161e-005
 4.480750e+002  7.859002e-005
 4.486937e+002  1.653611e-004
 4.493125e+002  1.222369e-003
 4.499312e+002  1.563987e-003
 4.505500e+002  4.629993e-004
 4.511687e+002  7.658848e-005
 4.517875e+002  6.726424e-005
 4.524062e+002  8.602355e-005
 4.530250e+002  8.814312e-005
 4.536437e+002  7.433075e-005
 4.542625e+002  7.700420e-005
 4.548812e+002  7.600908e-005
 4.555000e+002  8.707583e-005
 4.561187e+002  8.053303e-005
 4.567375e+002  8.159305e-005
 4.573562e+002  7.770790e-005
 4.579750e+002  7.176735e-005
 4.585937e+002  5.203282e-005
 4.592125e+002  6.225280e-005
 4.598312e+002  7.112969e-005
 4.604500e+002  7.738829e-005
 4.610687e+002  7.384510e-005
 4.616875e+002  6.981829e-005
 4.623062e+002  6.913718e-005
 4.629250e+002  7.369252e-005
 4.635437e+002  7.907505e-005
 4.641625e+002  7.661850e-005
 4.647812e+002  7.980657e-005
 4.654000e+002  7.414042e-005
 4.660187e+002  7.492732e-005
 4.666375e+002  8.299205e-005
 4.672562e+002  8.335371e-005
 4.678750e+002  8.788428e-005
 4.684937e+002  7.983763e-005
 4.691125e+002  4.990153e-005
 4.697312e+002  5.120188e-005
 4.703500e+002  5.821725e-005
 4.709687e+002  6.961066e-005
 4.715875e+002  7.035797e-005
 4.722062e+002  5.892029e-005
 4.728250e+002  6.743448e-005
 4.734437e+002  7.400072e-005
 4.740625e+002  7.079649e-005
 4.746812e+002  6.109088e-005
 4.753000e+002  5.750970e-005
 4.759187e+002  7.147221e-005
 4.765375e+002  8.239492e-005
 4.771562e+002  6.749112e-005
 4.777750e+002  6.093102e-005
 4.783937e+002  6.511245e-005
 4.790125e+002  1.415214e-004
 4.796312e+002  3.457704e-003
 4.802500e+002  6.029142e-003
 4.808687e+002  2.613099e-003
 4.814875e+002  1.025014e-004
 4.821062e+002  8.094695e-005
 4.827250e+002  8.221716e-005
 4.833437e+002  7.356134e-005
 4.839625e+002  8.717524e-005
 4.845812e+002  6.865116e-005
 4.852000e+002  5.941638e-005
 4.858187e+002  6.644189e-005
 4.864375e+002  8.502596e-005
 4.870562e+002  7.806391e-005
 4.876750e+002  8.004108e-005
 4.882937e+002  7.901999e-005
 4.889125e+002  6.610063e-005
 4.895312e+002  7.072030e-005
 4.901500e+002  7.908286e-005
 4.907687e+002  7.428059e-005
 4.913875e+002  7.144839e-005
 4.920062e+002  6.785714e-005
 4.926250e+002  6.616333e-005
 4.932437e+002  7.868302e-005
 4.938625e+002  8.283026e-005
 4.944812e+002  7.169082e-005
 4.951000e+002  7.165977e-005
 4.957187e+002  6.248989e-005
 4.963375e+002  6.301122e-005
 4.969562e+002  7.518394e-005
 4.975750e+002  7.688497e-005
 4.981937e+002  5.265350e-005
 4.988125e+002  8.676294e-005
 4.994312e+002  1.729705e-004
 5.000500e+002  1.791571e-004
 5.006687e+002  8.394659e-005
 5.012875e+002  7.106409e-005
 5.019062e+002  7.762224e-005
 5.025250e+002  7.268053e-005
 5.031437e+002  6.491130e-005
 5.037625e+002  6.507111e-005
 5.043812e+002  7.797968e-005
 5.050000e+002  7.872253e-005
 5.056187e+002  7.558471e-005
 5.062375e+002  5.787321e-005
 5.068562e+002  6.292628e-005
 5.074750e+002  7.330307e-005
 5.080937e+002  6.815820e-005
 5.087125e+002  5.912456e-005
 5.093312e+002  7.789820e-005
 5.099500e+002  7.690990e-005
 5.105687e+002  6.965358e-005
 5.111875e+002  6.277664e-005
 5.118062e+002  5.030066e-005
 5.124250e+002  6.613297e-005
 5.130437e+002  7.263626e-005
 5.136625e+002  7.213364e-005
 5.142812e+002  7.747639e-005
 5.149000e+002  8.428310e-005
 5.155187e+002  7.204588e-005
 5.161375e+002  5.671793e-005
 5.167562e+002  7.812996e-005
 5.173750e+002  8.346284e-005
 5.179937e+002  8.405954e-005
 5.186125e+002  8.478372e-005
 5.192312e+002  6.921029e-005
 5.198500e+002  6.844872e-005
 5.204687e+002  8.857321e-005
 5.210875e+002  9.139890e-005
 5.217062e+002  7.549952e-005
 5.223250e+002  6.842361e-005
 5.229437e+002  7.050648e-005
 5.235625e+002  8.260847e-005
 5.241812e+002  8.940838e-005
 5.248000e+002  6.616634e-005
 5.254187e+002  6.995872e-005
 5.260375e+002  7.879215e-005
 5.266562e+002  6.652567e-005
 5.272750e+002  7.224192e-005
 5.278937e+002  6.861186e-005
 5.285125e+002  7.985478e-005
 5.291312e+002  8.888221e-005
 5.297500e+002  7.330045e-005
 5.303687e+002  8.018780e-005
 5.309875e+002  8.451027e-005
 5.316062e+002  7.882497e-005
 5.322250e+002  6.722709e-005
 5.328437e+002  6.487697e-005
 5.334625e+002  7.334788e-005
 5.340812e+002  6.441552e-005
 5.347000e+002  6.407419e-005
 5.353187e+002  6.920989e-005
 5.359375e+002  7.097640e-005
 5.365562e+002  7.498466e-005
 5.371750e+002  6.717059e-005
 5.377937e+002  7.065702e-005
 5.384125e+002  7.211443e-005
 5.390312e+002  1.249176e-004
 5.396500e+002  3.402866e-003
 5.402687e+002  6.017008e-003
 5.408875e+002  2.645480e-003
 5.415062e+002  9.603026e-005
 5.421250e+002  7.173279e-005
 5.427437e+002  8.277438e-005
 5.433625e+002  8.473271e-005
 5.439812e+002  6.448953e-005
 5.446000e+002  6.930223e-005
 5.452187e+002  7.733605e-005
 5.458375e+002  7.546904e-005
 5.464562e+002  7.295024e-005
 5.470750e+002  5.932834e-005
 5.476937e+002  6.764875e-005
 5.483125e+002  7.931873e-005
 5.489312e+002  5.693593e-004
 5.495500e+002  1.545540e-003
 5.501687e+002  1.045215e-003
 5.507875e+002  1.096088e-004
 5.514062e+002  8.538731e-005
 5.520250e+002  6.820477e-005
 5.526437e+002  6.811683e-005
 5.532625e+002  7.172029e-005
 5.538812e+002  7.754603e-005
 5.545000e+002  7.009711e-005
 5.551187e+002  6.910925e-005
 5.557375e+002  7.436392e-005
 5.563562e+002  7.226270e-005
 5.569750e+002  7.332551e-005
 5.575937e+002  6.363773e-005
 5.582125e+002  7.513540e-005
 5.588312e+002  8.144188e-005
 5.594500e+002  7.079200e-005
 5.600687e+002  6.721822e-005
 5.606875e+002  7.081469e-005
 5.613062e+002  6.129718e-005
 5.619250e+002  7.902569e-005
 5.625437e+002  6.590136e-005
 5.631625e+002  5.511405e-005
 5.637812e+002  1.069027e-004
 5.644000e+002  1.870555e-004
 5.650187e+002  1.139708e-004
 5.656375e+002  6.231247e-005
 5.662562e+002  8.220404e-005
 5.668750e+002  7.700505e-005
 5.674937e+002  6.575326e-005
 5.681125e+002  6.054219e-005
 5.687312e+002  6.203644e-005
 5.693500e+002  7.226284e-005
 5.699687e+002  1.014179e-004
 5.705875e+002  9.017236e-005
 5.712062e+002  8.371777e-005
 5.718250e+002  7.860407e-005
 5.724437e+002  6.277619e-005
 5.730625e+002  6.340138e-005
 5.736812e+002  8.025768e-005
 5.743000e+002  9.302600e-005
 5.749187e+002  7.942672e-005
 5.755375e+002  8.385629e-005
 5.761562e+002  9.315346e-005
 5.767750e+002  9.046246e-005
 5.773937e+002  8.702256e-005
 5.780125e+002  7.603939e-005
 5.786312e+002  7.216643e-005
 5.792500e+002  7.897725e-005
 5.798687e+002  8.020768e-005
 5.804875e+002  8.832658e-005
 5.811062e+002  7.078798e-005
 5.817250e+002  6.891474e-005
 5.823437e+002  7.430955e-005
 5.829625e+002  7.021896e-005
 5.835812e+002  7.398155e-005
 5.842000e+002  7.754303e-005
 5.848187e+002  8.190438e-005
 5.854375e+002  9.683803e-005
 5.860562e+002  7.432968e-005
 5.866750e+002  6.847972e-005
 5.872937e+002  7.133497e-005
 5.879125e+002  7.600271e-005
 5.885312e+002  7.270178e-005
 5.891500e+002  6.257382e-005
 5.897687e+002  6.091480e-005
 5.903875e+002  7.324338e-005
 5.910062e+002  7.431910e-005
 5.916250e+002  6.835652e-005
 5.922437e+002  7.320345e-005
 5.928625e+002  8.210881e-005
 5.934812e+002  7.895411e-005
 5.941000e+002  7.913831e-005
 5.947187e+002  7.882376e-005
 5.953375e+002  7.455514e-005
 5.959562e+002  6.491342e-005
 5.965750e+002  7.569842e-005
 5.971937e+002  7.612581e-005
 5.978125e+002  6.927867e-005
 5.984312e+002  7.721772e-005
 5.990500e+002  2.028734e-004
 5.996687e+002  3.324544e-003
 6.002875e+002  5.944666e-003
 6.009062e+002  2.650667e-003
 6.015250e+002  9.288193e-005
 6.021437e+002  8.238880e-005
 6.027625e+002  8.187934e-005
 6.033812e+002  7.509856e-005
 6.040000e+002  6.047194e-005
 6.046187e+002  6.822511e-005
 6.052375e+002  7.692907e-005
 6.058562e+002  7.021696e-005
 6.064750e+002  7.417493e-005
 6.070937e+002  6.789434e-005
 6.077125e+002  6.878128e-005
 6.083312e+002  7.629432e-005
 6.089500e+002  5.819511e-005
 6.095687e+002  6.701481e-005
 6.101875e+002  8.294877e-005
 6.108062e+002  6.865178e-005
 6.114250e+002  6.936339e-005
 6.120437e+002  7.180314e-005
 6.126625e+002  8.008551e-005
 6.132812e+002  7.516706e-005
 6.139000e+002  7.984411e-005
 6.145187e+002  7.278981e-005
 6.151375e+002  7.175678e-005
 6.157562e+002  7.856675e-005
 6.163750e+002  7.004606e-005
 6.169937e+002  7.558994e-005
 6.176125e+002  6.559366e-005
 6.182312e+002  7.831709e-005
 6.188500e+002  7.659453e-005
 6.194687e+002  6.654966e-005
 6.200875e+002  6.100484e-005
 6.207062e+002  6.449185e-005
 6.213250e+002  8.040190e-005
 6.219437e+002  6.910760e-005
 6.225625e+002  6.273795e-005
 6.231812e+002  7.623058e-005
 6.238000e+002  7.377098e-005
 6.244187e+002  6.676903e-005
 6.250375e+002  6.094951e-005
 6.256562e+002  6.736132e-005
 6.262750e+002  5.808069e-005
 6.268937e+002  6.668538e-005
 6.275125e+002  7.381726e-005
 6.281312e+002  6.299697e-005
 6.287500e+002  5.980508e-005
 6.293687e+002  8.129226e-005
 6.299875e+002  8.259200e-005
 6.306062e+002  6.619181e-005
 6.312250e+002  7.353921e-005
 6.318437e+002  7.095477e-005
 6.324625e+002  5.876686e-005
 6.330812e+002  7.841734e-005
 6.337000e+002  7.207297e-005
 6.343187e+002  7.167886e-005
 6.349375e+002  7.222943e-005
 6.355562e+002  6.471089e-005
 6.361750e+002  6.645651e-005
 6.367937e+002  7.533385e-005
 6.374125e+002  7.029671e-005
 6.380312e+002  4.374456e-005
 6.386500e+002  5.859166e-005
 6.392687e+002  7.593506e-005
 6.398875e+002  8.353842e-005
 6.405062e+002  7.820854e-005
 6.411250e+002  8.155415e-005
 6.417437e+002  6.100319e-005
 6.423625e+002  7.637070e-005
 6.429812e+002  6.627861e-005
 6.436000e+002  6.150555e-005
 6.442187e+002  6.898476e-005
 6.448375e+002  5.405038e-005
 6.454562e+002  5.659489e-005
 6.460750e+002  6.693949e-005
 6.466937e+002  6.982004e-005
 6.473125e+002  6.272784e-005
 6.479312e+002  7.060338e-005
 6.485500e+002  8.423442e-005
 6.491687e+002  4.586697e-004
 6.497875e+002  6.173413e-004
 6.504062e+002  2.220521e-004
 6.510250e+002  6.004083e-005
 6.516437e+002  6.389593e-005
 6.522625e+002  6.936428e-005
 6.528812e+002  7.104290e-005
 6.535000e+002  9.234199e-005
 6.541187e+002  7.241329e-005
 6.547375e+002  5.953799e-005
 6.553562e+002  6.306200e-005
 6.559750e+002  6.088365e-005
 6.565937e+002  6.708224e-005
 6.572125e+002  7.006282e-005
 6.578312e+002  6.748384e-005
 6.584500e+002  6.889751e-005
 6.590687e+002  1.114518e-004
 6.596875e+002  3.264833e-003
 6.603062e+002  5.903755e-003
 6.609250e+002  2.668150e-003
 6.615437e+002  8.250549e-005
 6.621625e+002  8.429257e-005
 6.627812e+002  8.567436e-005
 6.634000e+002  8.129322e-005
 6.640187e+002  6.006745e-005
 6.646375e+002  6.912596e-005
 6.652562e+002  7.262989e-005
 6.658750e+002  7.563354e-005
 6.664937e+002  7.184274e-005
 6.671125e+002  6.302352e-005
 6.677312e+002  7.097902e-005
 6.683500e+002  7.905253e-005
 6.689687e+002  6.791949e-005
 6.695875e+002  6.933530e-005
 6.702062e+002  6.408920e-005
 6.708250e+002  7.458932e-005
 6.714437e+002  8.235561e-005
 6.720625e+002  7.693612e-005
 6.726812e+002  7.999068e-005
 6.733000e+002  7.858926e-005
 6.739187e+002  6.966014e-005
 6.745375e+002  7.365892e-005
 6.751562e+002  6.353920e-005
 6.757750e+002  5.888853e-005
 6.763937e+002  6.114674e-005
 6.770125e+002  7.085739e-005
 6.776312e+002  7.564170e-005
 6.782500e+002  7.495601e-005
 6.788687e+002  7.113742e-005
 6.794875e+002  7.603951e-005
 6.801062e+002  6.814568e-005
 6.807250e+002  6.904416e-005
 6.813437e+002  6.237841e-005
 6.819625e+002  5.966146e-005
 6.825812e+002  6.574612e-005
 6.832000e+002  8.589784e-005
 6.838187e+002  9.942165e-005
 6.844375e+002  7.026258e-005
 6.850562e+002  7.322143e-005
 6.856750e+002  7.749068e-005
 6.862937e+002  6.247477e-005
 6.869125e+002  6.990960e-005
 6.875312e+002  7.755192e-005
 6.881500e+002  5.460309e-005
 6.887687e+002  6.547767e-005
 6.893875e+002  6.966722e-005
 6.900062e+002  5.523898e-005
 6.906250e+002  5.458289e-005
 6.912437e+002  6.850579e-005
 6.918625e+002  7.866436e-005
 6.924812e+002  8.221357e-005
 6.931000e+002  7.684836e-005
 6.937187e+002  7.262763e-005
 6.943375e+002  5.521038e-005
 6.949562e+002  6.217340e-005
 6.955750e+002  6.580001e-005
 6.961937e+002  5.871727e-005
 6.968125e+002  5.769318e-005
 6.974312e+002  6.579889e-005
 6.980500e+002  7.005917e-005
 6.986687e+002  9.991108e-005
 6.992875e+002  2.512385e-004
 6.999062e+002  2.413445e-004
 7.005250e+002  9.962242e-005
 7.011437e+002  7.014137e-005
 7.017625e+002  7.161923e-005
 7.023812e+002  8.599117e-005
 7.030000e+002  6.187533e-005
 7.036187e+002  6.802409e-005
 7.042375e+002  7.118612e-005
 7.048562e+002  6.662468e-005
 7.054750e+002  7.332426e-005
 7.060937e+002  8.645904e-005
 7.067125e+002  7.145482e-005
 7.073312e+002  7.541634e-005
 7.079500e+002  8.762439e-005
 7.085687e+002  8.843031e-005
 7.091875e+002  7.503588e-005
 7.098062e+002  8.253033e-005
 7.104250e+002  7.988618e-005
 7.110437e+002  6.525417e-005
 7.116625e+002  6.221174e-005
 7.122812e+002  7.262014e-005
 7.129000e+002  6.803851e-005
 7.135187e+002  7.957368e-005
 7.141375e+002  7.810168e-005
 7.147562e+002  7.375466e-005
 7.153750e+002  6.852282e-005
 7.159937e+002  5.390544e-005
 7.166125e+002  7.575579e-005
 7.172312e+002  6.957298e-005
 7.178500e+002  5.824810e-005
 7.184687e+002  7.968022e-005
 7.190875e+002  1.099737e-004
 7.197062e+002  3.165567e-003
 7.203250e+002  5.786573e-003
 7.209437e+002  2.643483e-003
 7.215625e+002  9.284353e-005
 7.221812e+002  7.649726e-005
 7.228000e+002  7.120469e-005
 7.234187e+002  5.733754e-005
 7.240375e+002  7.437938e-005
 7.246562e+002  8.963603e-005
 7.252750e+002  7.708942e-005
 7.258937e+002  7.600887e-005
 7.265125e+002  6.726311e-005
 7.271312e+002  5.659980e-005
 7.277500e+002  6.646144e-005
 7.283687e+002  7.465792e-005
 7.289875e+002  7.074312e-005
 7.296062e+002  6.274381e-005
 7.302250e+002  5.445263e-005
 7.308437e+002  6.287317e-005
 7.314625e+002  7.936638e-005
 7.320812e+002  7.240875e-005
 7.327000e+002  6.322250e-005
 7.333187e+002  7.120997e-005
 7.339375e+002  7.473813e-005
 7.345562e+002  6.681998e-005
 7.351750e+002  6.145720e-005
 7.357937e+002  6.140772e-005
 7.364125e+002  6.458373e-005
 7.370312e+002  6.686602e-005
 7.376500e+002  6.200363e-005
 7.382687e+002  6.628312e-005
 7.388875e+002  5.887800e-005
 7.395062e+002  5.265716e-005
 7.401250e+002  5.562657e-005
 7.407437e+002  7.061211e-005
 7.413625e+002  7.614335e-005
 7.419812e+002  8.571158e-005
 7.426000e+002  8.333781e-005
 7.432187e+002  7.960452e-005
 7.438375e+002  8.133449e-005
 7.444562e+002  6.700459e-005
 7.450750e+002  6.475247e-005
 7.456937e+002  7.148517e-005
 7.463125e+002  6.646855e-005
 7.469312e+002  7.131363e-005
 7.475500e+002  7.300795e-005
 7.481687e+002  8.370673e-005
 7.487875e+002  4.104360e-004
 7.494062e+002  1.221685e-003
 7.500250e+002  8.874239e-004
 7.506437e+002  1.233682e-004
 7.512625e+002  7.843854e-005
 7.518812e+002  6.694005e-005
 7.525000e+002  7.055419e-005
 7.531187e+002  6.605024e-005
 7.537375e+002  7.914956e-005
 7.543562e+002  7.356148e-005
 7.549750e+002  6.741277e-005
 7.555937e+002  5.614384e-005
 7.562125e+002  7.555510e-005
 7.568312e+002  7.042561e-005
 7.574500e+002  6.473481e-005
 7.580687e+002  6.844211e-005
 7.586875e+002  7.495181e-005
 7.593062e+002  8.756286e-005
 7.599250e+002  9.603318e-005
 7.605437e+002  7.558313e-005
 7.611625e+002  6.797991e-005
 7.617812e+002  6.450659e-005
 7.624000e+002  7.725996e-005
 7.630187e+002  6.780695e-005
 7.636375e+002  5.892246e-005
 7.642562e+002  6.909975e-005
 7.648750e+002  7.073698e-005
 7.654937e+002  6.509394e-005
 7.661125e+002  7.988043e-005
 7.667312e+002  7.209148e-005
 7.673500e+002  7.543833e-005
 7.679687e+002  5.807041e-005
 7.685875e+002  6.769712e-005
 7.692062e+002  6.622146e-005
 7.698250e+002  6.413403e-005
 7.704437e+002  7.217470e-005
 7.710625e+002  6.932076e-005
 7.716812e+002  6.896176e-005
 7.723000e+002  7.260717e-005
 7.729187e+002  7.172066e-005
 7.735375e+002  7.022547e-005
 7.741562e+002  7.151173e-005
 7.747750e+002  6.563240e-005
 7.753937e+002  7.467070e-005
 7.760125e+002  7.102729e-005
 7.766312e+002  6.636161e-005
 7.772500e+002  7.490365e-005
 7.778687e+002  7.886467e-005
 7.784875e+002  7.124975e-005
 7.791062e+002  8.682872e-005
 7.797250e+002  3.052427e-003
 7.803437e+002  5.680512e-003
 7.809625e+002  2.644264e-003
 7.815812e+002  7.937437e-005
 7.822000e+002  9.227806e-005
 7.828187e+002  6.589916e-005
 7.834375e+002  7.908953e-005
 7.840562e+002  8.419486e-005
 7.846750e+002  8.786175e-005
 7.852937e+002  8.331822e-005
 7.859125e+002  8.011326e-005
 7.865312e+002  7.467734e-005
 7.871500e+002  7.716143e-005
 7.877687e+002  5.718950e-005
 7.883875e+002  6.474454e-005
 7.890062e+002  8.534837e-005
 7.896250e+002  7.451931e-005
 7.902437e+002  7.397747e-005
 7.908625e+002  7.090078e-005
 7.914812e+002  6.397133e-005
 7.921000e+002  6.236700e-005
 7.927187e+002  5.710059e-005
 7.933375e+002  6.205088e-005
 7.939562e+002  6.078568e-005
 7.945750e+002  6.781192e-005
 7.951937e+002  7.393065e-005
 7.958125e+002  6.386990e-005
 7.964312e+002  7.528907e-005
 7.970500e+002  6.270237e-005
 7.976687e+002  6.565792e-005
 7.982875e+002  6.842866e-005
 7.989062e+002  1.351405e-004
 7.995250e+002  2.574871e-004
 8.001437e+002  1.368377e-004
 8.007625e+002  6.586564e-005
 8.013812e+002  6.277942e-005
 8.020000e+002  6.492880e-005
 8.026187e+002  5.808118e-005
 8.032375e+002  5.693779e-005
 8.038562e+002  6.967022e-005
 8.044750e+002  7.015131e-005
 8.050937e+002  6.720841e-005
 8.057125e+002  7.503506e-005
 8.063312e+002  6.642488e-005
 8.069500e+002  7.349173e-005
 8.075687e+002  7.566490e-005
 8.081875e+002  8.115745e-005
 8.088062e+002  7.346752e-005
 8.094250e+002  7.652174e-005
 8.100437e+002  7.448681e-005
 8.106625e+002  5.807503e-005
 8.112812e+002  5.903730e-005
 8.119000e+002  6.137020e-005
 8.125187e+002  5.637163e-005
 8.131375e+002  6.094621e-005
 8.137562e+002  6.498842e-005
 8.143750e+002  5.352220e-005
 8.149937e+002  6.291767e-005
 8.156125e+002  7.321437e-005
 8.162312e+002  8.255637e-005
 8.168500e+002  7.976794e-005
 8.174687e+002  9.679456e-005
 8.180875e+002  7.097216e-005
 8.187062e+002  6.534183e-005
 8.193250e+002  7.039359e-005
 8.199437e+002  8.007834e-005
 8.205625e+002  6.430937e-005
 8.211812e+002  5.522784e-005
 8.218000e+002  6.048233e-005
 8.224187e+002  8.601317e-005
 8.230375e+002  9.833013e-005
 8.236562e+002  9.003805e-005
 8.242750e+002  7.751009e-005
 8.248937e+002  7.025326e-005
 8.255125e+002  6.554821e-005
 8.261312e+002  5.694569e-005
 8.267500e+002  5.815451e-005
 8.273687e+002  8.147329e-005
 8.279875e+002  8.419626e-005
 8.286062e+002  7.749353e-005
 8.292250e+002  6.461578e-005
 8.298437e+002  7.145249e-005
 8.304625e+002  7.891286e-005
 8.310812e+002  7.496688e-005
 8.317000e+002  7.410031e-005
 8.323187e+002  7.840403e-005
 8.329375e+002  6.688924e-005
 8.335562e+002  7.084152e-005
 8.341750e+002  7.414855e-005
 8.347937e+002  8.011808e-005
 8.354125e+002  4.693594e-005
 8.360312e+002  4.564759e-005
 8.366500e+002  6.050385e-005
 8.372687e+002  6.934599e-005
 8.378875e+002  6.532908e-005
 8.385062e+002  6.139226e-005
 8.391250e+002  7.142740e-005
 8.397437e+002  2.950079e-003
 8.403625e+002  5.531205e-003
 8.409812e+002  2.582837e-003
 8.416000e+002  6.619779e-005
 8.422187e+002  7.565213e-005
 8.428375e+002  7.186233e-005
 8.434562e+002  5.887737e-005
 8.440750e+002  5.925503e-005
 8.446937e+002  5.755141e-005
 8.453125e+002  5.852923e-005
 8.459312e+002  6.802661e-005
 8.465500e+002  9.489487e-005
 8.471687e+002  7.425911e-005
 8.477875e+002  7.588014e-005
 8.484062e+002  1.682359e-004
 8.490250e+002  1.795042e-003
 8.496437e+002  2.607967e-003
 8.502625e+002  9.439831e-004
 8.508812e+002  9.749288e-005
 8.515000e+002  6.999471e-005
 8.521187e+002  7.505691e-005
 8.527375e+002  7.209119e-005
 8.533562e+002  6.157010e-005
 8.539750e+002  7.170653e-005
 8.545937e+002  6.736192e-005
 8.552125e+002  7.089520e-005
 8.558312e+002  6.446815e-005
 8.564500e+002  6.235355e-005
 8.570687e+002  5.890767e-005
 8.576875e+002  5.694451e-005
 8.583062e+002  6.678430e-005
 8.589250e+002  8.285763e-005
 8.595437e+002  7.373748e-005
 8.601625e+002  5.255223e-005
 8.607812e+002  6.656733e-005
 8.614000e+002  6.521312e-005
 8.620187e+002  5.969913e-005
 8.626375e+002  7.405303e-005
 8.632562e+002  7.480998e-005
 8.638750e+002  6.538532e-005
 8.644937e+002  5.822948e-005
 8.651125e+002  7.490445e-005
 8.657312e+002  7.229551e-005
 8.663500e+002  7.139348e-005
 8.669687e+002  6.048883e-005
 8.675875e+002  7.049414e-005
 8.682062e+002  6.372640e-005
 8.688250e+002  6.458713e-005
 8.694437e+002  7.225373e-005
 8.700625e+002  5.439385e-005
 8.706812e+002  5.231784e-005
 8.713000e+002  6.961867e-005
 8.719187e+002  6.799331e-005
 8.725375e+002  7.408049e-005
 8.731562e+002  7.695318e-005
 8.737750e+002  6.992066e-005
 8.743937e+002  6.381575e-005
 8.750125e+002  7.978271e-005
 8.756312e+002  6.499085e-005
 8.762500e+002  5.604229e-005
 8.768687e+002  6.108648e-005
 8.774875e+002  7.531165e-005
 8.781062e+002  7.829672e-005
 8.787250e+002  8.504282e-005
 8.793437e+002  6.008644e-005
 8.799625e+002  5.656683e-005
 8.805812e+002  6.737069e-005
 8.812000e+002  4.861176e-005
 8.818187e+002  5.957905e-005
 8.824375e+002  6.426870e-005
 8.830562e+002  6.958519e-005
 8.836750e+002  7.337099e-005
 8.842937e+002  7.653926e-005
 8.849125e+002  7.351850e-005
 8.855312e+002  7.697756e-005
 8.861500e+002  6.925124e-005
 8.867687e+002  6.340941e-005
 8.873875e+002  5.898908e-005
 8.880062e+002  5.965848e-005
 8.886250e+002  6.211531e-005
 8.892437e+002  6.735734e-005
 8.898625e+002  7.310720e-005
 8.904812e+002  6.759296e-005
 8.911000e+002  6.360700e-005
 8.917187e+002  6.666422e-005
 8.923375e+002  7.065191e-005
 8.929562e+002  6.473644e-005
 8.935750e+002  6.190689e-005
 8.941937e+002  6.505920e-005
 8.948125e+002  6.752161e-005
 8.954312e+002  7.000328e-005
 8.960500e+002  7.323712e-005
 8.966687e+002  6.618735e-005
 8.972875e+002  6.672397e-005
 8.979062e+002  6.666432e-005
 8.985250e+002  6.212270e-005
 8.991437e+002  1.274344e-004
 8.997625e+002  2.821832e-003
 9.003812e+002  5.381751e-003
 9.010000e+002  2.574723e-003
 9.016187e+002  6.834081e-005
 9.022375e+002  8.301061e-005
 9.028562e+002  7.884979e-005
 9.034750e+002  6.493723e-005
 9.040937e+002  6.728896e-005
 9.047125e+002  8.400617e-005
 9.053312e+002  7.183040e-005
 9.059500e+002  7.776479e-005
 9.065687e+002  7.968970e-005
 9.071875e+002  7.718633e-005
 9.078062e+002  8.304425e-005
 9.084250e+002  7.461137e-005
 9.090437e+002  9.847802e-005
 9.096625e+002  9.556380e-005
 9.102812e+002  7.970006e-005
 9.109000e+002  6.495615e-005
 9.115187e+002  7.151631e-005
 9.121375e+002  8.936010e-005
 9.127562e+002  8.138432e-005
 9.133750e+002  7.924064e-005
 9.139937e+002  6.649653e-005
 9.146125e+002  6.809372e-005
 9.152312e+002  6.117690e-005
 9.158500e+002  5.856369e-005
 9.164687e+002  5.909431e-005
 9.170875e+002  5.465069e-005
 9.177062e+002  7.212003e-005
 9.183250e+002  8.133330e-005
 9.189437e+002  6.145254e-005
 9.195625e+002  7.056293e-005
 9.201812e+002  8.672858e-005
 9.208000e+002  8.565741e-005
 9.214187e+002  7.842538e-005
 9.220375e+002  6.072639e-005
 9.226562e+002  6.087919e-005
 9.232750e+002  6.538121e-005
 9.238937e+002  7.573794e-005
 9.245125e+002  7.176142e-005
 9.251312e+002  6.688407e-005
 9.257500e+002  6.108730e-005
 9.263687e+002  6.985873e-005
 9.269875e+002  6.547194e-005
 9.276062e+002  6.713572e-005
 9.282250e+002  6.246347e-005
 9.288437e+002  7.190929e-005
 9.294625e+002  7.580103e-005
 9.300812e+002  6.711907e-005
 9.307000e+002  5.120780e-005
 9.313187e+002  5.288864e-005
 9.319375e+002  6.673933e-005
 9.325562e+002  6.006577e-005
 9.331750e+002  5.745288e-005
 9.337937e+002  6.158697e-005
 9.344125e+002  6.347606e-005
 9.350312e+002  6.547285e-005
 9.356500e+002  7.080283e-005
 9.362687e+002  8.082665e-005
 9.368875e+002  8.490627e-005
 9.375062e+002  7.247695e-005
 9.381250e+002  6.626531e-005
 9.387437e+002  7.335045e-005
 9.393625e+002  7.983526e-005
 9.399812e+002  7.151235e-005
 9.406000e+002  6.772707e-005
 9.412187e+002  5.738182e-005
 9.418375e+002  5.702329e-005
 9.424562e+002  5.481546e-005
 9.430750e+002  6.398937e-005
 9.436937e+002  7.890289e-005
 9.443125e+002  8.051056e-005
 9.449312e+002  8.188851e-005
 9.455500e+002  7.570835e-005
 9.461687e+002  7.278612e-005
 9.467875e+002  7.285861e-005
 9.474062e+002  7.284480e-005
 9.480250e+002  7.816332e-005
 9.486437e+002  4.943444e-004
 9.492625e+002  1.528884e-003
 9.498812e+002  1.193572e-003
 9.505000e+002  1.948208e-004
 9.511187e+002  5.972032e-005
 9.517375e+002  7.925883e-005
 9.523562e+002  6.470818e-005
 9.529750e+002  7.194386e-005
 9.535937e+002  7.864229e-005
 9.542125e+002  6.203925e-005
 9.548312e+002  6.498656e-005
 9.554500e+002  7.768935e-005
 9.560687e+002  7.977754e-005
 9.566875e+002  7.988794e-005
 9.573062e+002  8.956307e-005
 9.579250e+002  8.128005e-005
 9.585437e+002  7.204097e-005
 9.591625e+002  7.329551e-005
 9.597812e+002  2.714258e-003
 9.604000e+002  5.226579e-003
 9.610187e+002  2.516623e-003
 9.616375e+002  8.251252e-005
 9.622562e+002  7.047607e-005
 9.628750e+002  7.442997e-005
 9.634937e+002  7.178312e-005
 9.641125e+002  7.617535e-005
 9.647312e+002  7.080656e-005
 9.653500e+002  6.120365e-005
 9.659687e+002  5.935024e-005
 9.665875e+002  5.173711e-005
 9.672062e+002  6.521925e-005
 9.678250e+002  7.977570e-005
 9.684437e+002  8.048840e-005
 9.690625e+002  6.105417e-005
 9.696812e+002  5.005172e-005
 9.703000e+002  6.168938e-005
 9.709187e+002  8.259223e-005
 9.715375e+002  7.348588e-005
 9.721562e+002  8.299334e-005
 9.727750e+002  9.269194e-005
 9.733937e+002  6.296580e-005
 9.740125e+002  4.867718e-005
 9.746312e+002  6.200434e-005
 9.752500e+002  5.804037e-005
 9.758687e+002  6.879469e-005
 9.764875e+002  6.806500e-005
 9.771062e+002  7.470407e-005
 9.777250e+002  6.698146e-005
 9.783437e+002  5.870258e-005
 9.789625e+002  6.380100e-005
 9.795812e+002  7.981548e-005
 9.802000e+002  6.747820e-005
 9.808187e+002  5.905777e-005
 9.814375e+002  7.753832e-005
 9.820562e+002  6.655952e-005
 9.826750e+002  6.605019e-005
 9.832937e+002  6.738245e-005
 9.839125e+002  7.834649e-005
 9.845312e+002  6.736923e-005
 9.851500e+002  6.910540e-005
 9.857687e+002  6.787535e-005
 9.863875e+002  7.573378e-005
 9.870062e+002  6.950969e-005
 9.876250e+002  6.658527e-005
 9.882437e+002  5.682969e-005
 9.888625e+002  5.600641e-005
 9.894812e+002  7.151299e-005
 9.901000e+002  8.289512e-005
 9.907187e+002  7.043227e-005
 9.913375e+002  7.093582e-005
 9.919562e+002  6.812221e-005
 9.925750e+002  7.087884e-005
 9.931937e+002  8.596043e-005
 9.938125e+002  7.685645e-005
 9.944312e+002  6.023322e-005
 9.950500e+002  6.363967e-005
 9.956687e+002  6.557618e-005
 9.962875e+002  7.161972e-005
 9.969062e+002  7.219748e-005
 9.975250e+002  6.539032e-005
 9.981437e+002  7.131653e-005
 9.987625e+002  1.535042e-004
 9.993812e+002  3.058923e-004
 1.000000e+003  1.817251e-004
