 1.000000e+000  1.286481e-003
 1.061875e+000  1.333167e-003
 1.123750e+000  8.867079e-004
 1.185625e+000  1.152477e-003
 1.247500e+000  1.153754e-003
 1.309375e+000  8.426528e-004
 1.371250e+000  1.378753e-003
 1.433125e+000  7.271359e-004
 1.495000e+000  1.313093e-003
 1.556875e+000  1.202738e-003
 1.618750e+000  8.959866e-004
 1.680625e+000  5.474640e-004
 1.742500e+000  3.816713e-004
 1.804375e+000  9.510366e-004
 1.866250e+000  1.053281e-003
 1.928125e+000  1.073723e-003
 1.990000e+000  7.915371e-004
 2.051875e+000  7.668761e-004
 2.113750e+000  8.659896e-004
 2.175625e+000  4.100989e-004
 2.237500e+000  7.608259e-004
 2.299375e+000  9.301616e-004
 2.361250e+000  6.520862e-004
 2.423125e+000  2.234541e-004
 2.485000e+000  3.531596e-004
 2.546875e+000  4.659699e-004
 2.608750e+000  4.079486e-004
 2.670625e+000  5.847215e-004
 2.732500e+000  7.303479e-004
 2.794375e+000  8.223400e-004
 2.856250e+000  3.958867e-004
 2.918125e+000  4.307926e-004
 2.980000e+000  4.981877e-004
 3.041875e+000  2.237434e-004
 3.103750e+000  5.643661e-004
 3.165625e+000  5.063970e-004
 3.227500e+000  3.744994e-004
 3.289375e+000  3.031396e-004
 3.351250e+000  1.879071e-004
 3.413125e+000  2.794491e-004
 3.475000e+000  5.169750e-004
 3.536875e+000  3.076327e-004
 3.598750e+000  4.633736e-004
 3.660625e+000  1.673343e-004
 3.722500e+000  2.399908e-004
 3.784375e+000  3.339659e-004
 3.846250e+000  3.461641e-004
 3.908125e+000  4.896141e-004
 3.970000e+000  4.333383e-004
 4.031875e+000  5.352664e-004
 4.093750e+000  7.181379e-004
 4.155625e+000  7.364295e-004
 4.217500e+000  5.628040e-004
 4.279375e+000  3.335867e-004
 4.341250e+000  2.177957e-004
 4.403125e+000  2.480735e-004
 4.465000e+000  2.786915e-004
 4.526875e+000  1.862216e-004
 4.588750e+000  4.587414e-004
 4.650625e+000  5.277673e-004
 4.712500e+000  4.118469e-004
 4.774375e+000  3.165127e-004
 4.836250e+000  5.328148e-004
 4.898125e+000  5.789463e-004
 4.960000e+000  5.152890e-004
 5.021875e+000  2.630029e-004
 5.083750e+000  3.773242e-004
 5.145625e+000  3.079381e-004
 5.207500e+000  5.251485e-004
 5.269375e+000  5.235845e-004
 5.331250e+000  1.354808e-004
 5.393125e+000  2.433044e-004
 5.455000e+000  2.710873e-004
 5.516875e+000  2.049344e-004
 5.578750e+000  2.692963e-004
 5.640625e+000  1.711931e-004
 5.702500e+000  4.192232e-004
 5.764375e+000  3.007443e-004
 5.826250e+000  2.871329e-004
 5.888125e+000  2.430916e-004
 5.950000e+000  1.312255e-004
 6.011875e+000  2.610166e-004
 6.073750e+000  4.146223e-004
 6.135625e+000  1.195962e-004
 6.197500e+000  4.705586e-004
 6.259375e+000  4.299935e-004
 6.321250e+000  4.515268e-004
 6.383125e+000  3.169476e-004
 6.445000e+000  2.100681e-004
 6.506875e+000  1.828535e-004
 6.568750e+000  2.347070e-004
 6.630625e+000  1.774382e-004
 6.692500e+000  2.108447e-004
 6.754375e+000  3.183613e-004
 6.816250e+000  3.074277e-004
 6.878125e+000  3.505133e-004
 6.940000e+000  3.165313e-004
 7.001875e+000  2.568168e-004
 7.063750e+000  2.521944e-004
 7.125625e+000  2.334418e-004
 7.187500e+000  2.337359e-004
 7.249375e+000  3.379831e-004
 7.311250e+000  3.273456e-004
 7.373125e+000  2.694519e-004
 7.435000e+000  2.278371e-004
 7.496875e+000  3.316741e-004
 7.558750e+000  4.661943e-004
 7.620625e+000  2.590183e-004
 7.682500e+000  1.983727e-004
 7.744375e+000  2.048888e-004
 7.806250e+000  2.226980e-004
 7.868125e+000  1.736979e-004
 7.930000e+000  3.613067e-004
 7.991875e+000  2.943547e-004
 8.053750e+000  2.019164e-004
 8.115625e+000  1.564481e-004
 8.177500e+000  2.248285e-004
 8.239375e+000  3.224108e-004
 8.301250e+000  3.916913e-004
 8.363125e+000  3.237870e-004
 8.425000e+000  2.750231e-004
 8.486875e+000  1.874398e-004
 8.548750e+000  3.169848e-004
 8.610625e+000  3.481623e-004
 8.672500e+000  2.227674e-004
 8.734375e+000  3.869128e-004
 8.796250e+000  2.784291e-004
 8.858125e+000  1.265226e-004
 8.920000e+000  7.328280e-005
 8.981875e+000  1.470196e-004
 9.043750e+000  2.680331e-004
 9.105625e+000  2.779776e-004
 9.167500e+000  2.153116e-004
 9.229375e+000  1.082149e-004
 9.291250e+000  2.454129e-004
 9.353125e+000  2.790412e-004
 9.415000e+000  3.135987e-004
 9.476875e+000  1.550945e-004
 9.538750e+000  2.652442e-004
 9.600625e+000  1.350805e-004
 9.662500e+000  2.334750e-004
 9.724375e+000  2.005450e-004
 9.786250e+000  1.868053e-004
 9.848125e+000  8.411281e-005
 9.910000e+000  2.462405e-004
 9.971875e+000  3.127283e-004
 1.003375e+001  1.632346e-004
 1.009563e+001  1.815706e-004
 1.015750e+001  3.100338e-004
 1.021938e+001  2.393863e-004
 1.028125e+001  2.162122e-004
 1.034313e+001  2.752963e-004
 1.040500e+001  1.944868e-004
 1.046688e+001  1.151255e-004
 1.052875e+001  2.281740e-004
 1.059063e+001  1.863113e-004
 1.065250e+001  1.648429e-004
 1.071438e+001  2.319881e-004
 1.077625e+001  1.043574e-004
 1.083813e+001  1.528177e-004
 1.090000e+001  1.242420e-004
 1.096188e+001  1.383295e-004
 1.102375e+001  2.045643e-004
 1.108563e+001  6.779600e-005
 1.114750e+001  1.492691e-004
 1.120938e+001  1.652317e-004
 1.127125e+001  3.125295e-004
 1.133313e+001  3.183176e-004
 1.139500e+001  2.293837e-004
 1.145688e+001  1.463312e-004
 1.151875e+001  2.418008e-004
 1.158063e+001  2.308407e-004
 1.164250e+001  3.296035e-004
 1.170438e+001  3.323353e-004
 1.176625e+001  3.439157e-004
 1.182813e+001  1.235517e-004
 1.189000e+001  2.309975e-004
 1.195188e+001  1.640412e-004
 1.201375e+001  2.107776e-004
 1.207563e+001  1.987006e-004
 1.213750e+001  1.648978e-004
 1.219938e+001  1.880305e-004
 1.226125e+001  8.605811e-005
 1.232313e+001  1.593492e-004
 1.238500e+001  2.838303e-004
 1.244688e+001  2.255933e-004
 1.250875e+001  1.391312e-004
 1.257063e+001  1.688739e-004
 1.263250e+001  2.626813e-004
 1.269438e+001  1.423236e-004
 1.275625e+001  2.331019e-004
 1.281813e+001  2.193047e-004
 1.288000e+001  1.653603e-004
 1.294188e+001  1.253592e-004
 1.300375e+001  1.981110e-004
 1.306563e+001  2.952115e-004
 1.312750e+001  2.288960e-004
 1.318938e+001  3.315083e-004
 1.325125e+001  3.557043e-004
 1.331313e+001  2.044764e-004
 1.337500e+001  1.252458e-004
 1.343688e+001  7.573735e-005
 1.349875e+001  2.263940e-004
 1.356063e+001  2.557475e-004
 1.362250e+001  2.644367e-004
 1.368438e+001  1.600674e-004
 1.374625e+001  1.586186e-004
 1.380813e+001  2.729593e-004
 1.387000e+001  2.351953e-004
 1.393188e+001  8.448370e-005
 1.399375e+001  1.209517e-005
 1.405563e+001  4.328102e-005
 1.411750e+001  1.072986e-004
 1.417938e+001  2.455671e-004
 1.424125e+001  2.456676e-004
 1.430313e+001  2.230617e-004
 1.436500e+001  1.901738e-004
 1.442688e+001  1.610961e-004
 1.448875e+001  2.398051e-004
 1.455063e+001  2.793130e-004
 1.461250e+001  2.928713e-004
 1.467438e+001  2.228616e-004
 1.473625e+001  2.650513e-004
 1.479813e+001  3.343861e-004
 1.486000e+001  2.206103e-004
 1.492188e+001  1.870103e-004
 1.498375e+001  2.597655e-004
 1.504563e+001  3.184181e-004
 1.510750e+001  1.893992e-004
 1.516938e+001  1.553243e-004
 1.523125e+001  1.549471e-004
 1.529313e+001  7.249754e-005
 1.535500e+001  9.369428e-005
 1.541688e+001  2.089494e-004
 1.547875e+001  2.968400e-004
 1.554063e+001  2.691133e-004
 1.560250e+001  2.027630e-004
 1.566438e+001  8.457201e-005
 1.572625e+001  2.496833e-004
 1.578813e+001  1.717146e-004
 1.585000e+001  2.410186e-004
 1.591188e+001  2.983959e-004
 1.597375e+001  3.350994e-004
 1.603563e+001  2.544394e-004
 1.609750e+001  1.151567e-004
 1.615938e+001  1.686165e-004
 1.622125e+001  2.596152e-004
 1.628313e+001  2.404336e-004
 1.634500e+001  1.750987e-004
 1.640688e+001  6.018250e-005
 1.646875e+001  1.409763e-004
 1.653063e+001  1.926923e-004
 1.659250e+001  2.098469e-004
 1.665438e+001  3.038493e-004
 1.671625e+001  2.386454e-004
 1.677813e+001  9.784918e-005
 1.684000e+001  1.800630e-004
 1.690188e+001  6.273898e-005
 1.696375e+001  1.722839e-004
 1.702563e+001  2.170861e-004
 1.708750e+001  1.357297e-004
 1.714938e+001  1.597787e-004
 1.721125e+001  2.538874e-004
 1.727313e+001  1.552408e-004
 1.733500e+001  2.092665e-004
 1.739688e+001  1.903193e-004
 1.745875e+001  2.237494e-004
 1.752063e+001  2.245965e-004
 1.758250e+001  2.139797e-004
 1.764438e+001  2.259877e-004
 1.770625e+001  1.724144e-004
 1.776813e+001  2.098109e-004
 1.783000e+001  1.790103e-004
 1.789188e+001  2.162040e-004
 1.795375e+001  1.488801e-004
 1.801563e+001  1.271345e-004
 1.807750e+001  1.028231e-004
 1.813938e+001  1.658636e-004
 1.820125e+001  1.878707e-004
 1.826313e+001  1.944444e-004
 1.832500e+001  2.066879e-004
 1.838688e+001  2.761871e-004
 1.844875e+001  1.962827e-004
 1.851063e+001  2.458186e-004
 1.857250e+001  2.520157e-004
 1.863438e+001  7.837024e-005
 1.869625e+001  1.367615e-004
 1.875813e+001  1.418395e-004
 1.882000e+001  1.772923e-004
 1.888188e+001  1.412325e-004
 1.894375e+001  1.702314e-004
 1.900563e+001  1.808914e-004
 1.906750e+001  9.073797e-005
 1.912938e+001  1.147127e-004
 1.919125e+001  1.871902e-004
 1.925313e+001  2.319417e-004
 1.931500e+001  2.303078e-004
 1.937688e+001  1.521783e-004
 1.943875e+001  1.419784e-004
 1.950063e+001  1.719994e-004
 1.956250e+001  1.933078e-004
 1.962438e+001  1.129308e-004
 1.968625e+001  1.138278e-004
 1.974813e+001  1.337510e-004
 1.981000e+001  1.235341e-004
 1.987188e+001  1.152337e-004
 1.993375e+001  1.477563e-004
 1.999563e+001  2.166028e-004
 2.005750e+001  2.202289e-004
 2.011938e+001  1.369973e-004
 2.018125e+001  1.857727e-004
 2.024313e+001  2.181554e-004
 2.030500e+001  1.661963e-004
 2.036688e+001  1.527856e-004
 2.042875e+001  1.293031e-004
 2.049063e+001  1.533820e-004
 2.055250e+001  1.424617e-004
 2.061438e+001  1.526968e-004
 2.067625e+001  1.263617e-004
 2.073813e+001  1.508029e-004
 2.080000e+001  1.693676e-004
 2.086188e+001  1.168368e-004
 2.092375e+001  1.104640e-004
 2.098563e+001  1.618559e-004
 2.104750e+001  1.461084e-004
 2.110938e+001  1.785987e-004
 2.117125e+001  1.705333e-004
 2.123313e+001  1.901924e-004
 2.129500e+001  1.735618e-004
 2.135688e+001  1.314494e-004
 2.141875e+001  2.006525e-004
 2.148063e+001  2.803232e-004
 2.154250e+001  1.709587e-004
 2.160438e+001  1.003459e-004
 2.166625e+001  2.071284e-004
 2.172813e+001  2.034825e-004
 2.179000e+001  1.333502e-004
 2.185188e+001  1.716943e-004
 2.191375e+001  2.687742e-004
 2.197563e+001  1.831726e-004
 2.203750e+001  9.342380e-005
 2.209938e+001  1.673888e-004
 2.216125e+001  1.791336e-004
 2.222313e+001  1.969902e-004
 2.228500e+001  2.393954e-004
 2.234688e+001  2.427596e-004
 2.240875e+001  1.526037e-004
 2.247063e+001  1.139029e-004
 2.253250e+001  1.699493e-004
 2.259438e+001  1.833665e-004
 2.265625e+001  1.651949e-004
 2.271813e+001  7.881084e-005
 2.278000e+001  5.062149e-005
 2.284188e+001  6.292519e-005
 2.290375e+001  9.893565e-005
 2.296563e+001  1.917556e-004
 2.302750e+001  8.823119e-005
 2.308938e+001  1.626110e-004
 2.315125e+001  1.841708e-004
 2.321313e+001  1.491039e-004
 2.327500e+001  4.933482e-005
 2.333688e+001  1.590610e-004
 2.339875e+001  1.873954e-004
 2.346063e+001  2.219519e-004
 2.352250e+001  1.295261e-004
 2.358438e+001  1.080458e-004
 2.364625e+001  1.004464e-004
 2.370813e+001  2.046838e-004
 2.377000e+001  2.621636e-004
 2.383188e+001  1.359235e-004
 2.389375e+001  1.948549e-004
 2.395563e+001  1.211582e-004
 2.401750e+001  1.235564e-004
 2.407938e+001  4.331605e-005
 2.414125e+001  1.873290e-004
 2.420313e+001  1.700561e-004
 2.426500e+001  1.593707e-004
 2.432688e+001  1.659279e-004
 2.438875e+001  1.123681e-004
 2.445063e+001  7.785831e-005
 2.451250e+001  1.495053e-004
 2.457438e+001  8.114986e-005
 2.463625e+001  1.814874e-004
 2.469813e+001  8.248714e-005
 2.476000e+001  1.018738e-004
 2.482188e+001  1.810872e-004
 2.488375e+001  7.719767e-005
 2.494563e+001  8.398329e-005
 2.500750e+001  6.262591e-005
 2.506938e+001  1.060002e-004
 2.513125e+001  7.509412e-005
 2.519313e+001  1.240619e-004
 2.525500e+001  1.281918e-004
 2.531688e+001  1.157480e-004
 2.537875e+001  1.961815e-004
 2.544063e+001  1.079456e-004
 2.550250e+001  1.421834e-004
 2.556438e+001  8.392940e-005
 2.562625e+001  7.261850e-005
 2.568813e+001  1.434048e-004
 2.575000e+001  1.161820e-004
 2.581188e+001  1.048698e-004
 2.587375e+001  1.686694e-004
 2.593563e+001  2.286206e-004
 2.599750e+001  2.277551e-004
 2.605938e+001  2.101594e-004
 2.612125e+001  1.480957e-004
 2.618313e+001  1.280854e-004
 2.624500e+001  1.169696e-004
 2.630688e+001  1.018613e-004
 2.636875e+001  1.828060e-004
 2.643063e+001  1.883561e-004
 2.649250e+001  1.039455e-004
 2.655438e+001  1.522685e-004
 2.661625e+001  1.101561e-004
 2.667813e+001  9.016411e-005
 2.674000e+001  5.415663e-005
 2.680188e+001  9.373766e-005
 2.686375e+001  1.482367e-004
 2.692563e+001  2.069535e-004
 2.698750e+001  2.463147e-004
 2.704938e+001  2.064034e-004
 2.711125e+001  2.047188e-004
 2.717313e+001  9.663257e-005
 2.723500e+001  1.160785e-004
 2.729688e+001  2.469489e-004
 2.735875e+001  2.822277e-004
 2.742063e+001  2.364065e-004
 2.748250e+001  1.355981e-004
 2.754438e+001  1.089338e-004
 2.760625e+001  1.286862e-004
 2.766813e+001  1.524179e-004
 2.773000e+001  1.581405e-004
 2.779188e+001  1.387966e-004
 2.785375e+001  1.627810e-004
 2.791563e+001  1.127087e-004
 2.797750e+001  1.810321e-004
 2.803938e+001  1.165397e-004
 2.810125e+001  1.134901e-004
 2.816313e+001  1.081348e-004
 2.822500e+001  9.211005e-005
 2.828688e+001  5.710392e-005
 2.834875e+001  1.408844e-004
 2.841063e+001  1.237286e-004
 2.847250e+001  9.549243e-005
 2.853438e+001  2.074724e-004
 2.859625e+001  1.715771e-004
 2.865813e+001  1.489958e-004
 2.872000e+001  5.520554e-005
 2.878188e+001  9.755938e-005
 2.884375e+001  2.537368e-004
 2.890563e+001  2.540351e-004
 2.896750e+001  1.988383e-004
 2.902938e+001  1.554044e-004
 2.909125e+001  1.711695e-004
 2.915313e+001  1.797986e-004
 2.921500e+001  1.518213e-004
 2.927688e+001  1.276754e-004
 2.933875e+001  8.632789e-005
 2.940063e+001  1.542041e-004
 2.946250e+001  1.604661e-004
 2.952438e+001  1.346681e-004
 2.958625e+001  1.707778e-004
 2.964813e+001  7.764217e-005
 2.971000e+001  2.293145e-004
 2.977188e+001  2.083356e-004
 2.983375e+001  1.542198e-004
 2.989563e+001  1.644161e-004
 2.995750e+001  2.095555e-004
 3.001938e+001  1.211790e-004
 3.008125e+001  1.560795e-004
 3.014313e+001  1.708456e-004
 3.020500e+001  1.218939e-004
 3.026688e+001  7.687162e-005
 3.032875e+001  1.650927e-004
 3.039063e+001  1.167406e-004
 3.045250e+001  9.077372e-005
 3.051438e+001  1.425593e-004
 3.057625e+001  1.921211e-004
 3.063813e+001  1.031330e-004
 3.070000e+001  1.654048e-004
 3.076188e+001  1.730075e-004
 3.082375e+001  1.179183e-004
 3.088563e+001  1.481387e-004
 3.094750e+001  1.292812e-004
 3.100938e+001  4.466391e-005
 3.107125e+001  9.849240e-005
 3.113313e+001  1.831869e-004
 3.119500e+001  1.997747e-004
 3.125688e+001  1.344245e-004
 3.131875e+001  1.383949e-004
 3.138063e+001  1.137481e-004
 3.144250e+001  1.732109e-004
 3.150438e+001  1.854603e-004
 3.156625e+001  1.961178e-004
 3.162813e+001  1.564292e-004
 3.169000e+001  8.396835e-005
 3.175188e+001  1.042847e-004
 3.181375e+001  1.575481e-004
 3.187563e+001  1.390126e-004
 3.193750e+001  1.585367e-004
 3.199938e+001  1.559558e-004
 3.206125e+001  1.672825e-004
 3.212313e+001  1.427911e-004
 3.218500e+001  2.014189e-004
 3.224688e+001  1.717368e-004
 3.230875e+001  9.416846e-005
 3.237063e+001  1.264490e-004
 3.243250e+001  1.883967e-004
 3.249438e+001  1.701374e-004
 3.255625e+001  1.173738e-004
 3.261813e+001  9.571156e-005
 3.268000e+001  9.731815e-005
 3.274188e+001  7.001387e-005
 3.280375e+001  1.287630e-004
 3.286563e+001  1.872821e-004
 3.292750e+001  1.548949e-004
 3.298938e+001  9.105707e-005
 3.305125e+001  9.748001e-005
 3.311313e+001  1.829641e-004
 3.317500e+001  1.699657e-004
 3.323688e+001  1.648093e-004
 3.329875e+001  1.949638e-004
 3.336063e+001  1.691627e-004
 3.342250e+001  1.875463e-004
 3.348438e+001  1.280454e-004
 3.354625e+001  7.224775e-005
 3.360813e+001  1.781557e-004
 3.367000e+001  8.463535e-005
 3.373188e+001  8.453981e-005
 3.379375e+001  5.683392e-005
 3.385563e+001  1.379840e-004
 3.391750e+001  1.722397e-004
 3.397938e+001  9.625213e-005
 3.404125e+001  1.121917e-004
 3.410313e+001  1.444752e-004
 3.416500e+001  1.582942e-004
 3.422688e+001  1.252628e-004
 3.428875e+001  1.673831e-004
 3.435063e+001  9.888502e-005
 3.441250e+001  6.547244e-005
 3.447438e+001  7.555257e-005
 3.453625e+001  7.350515e-005
 3.459813e+001  1.143199e-004
 3.466000e+001  1.568572e-004
 3.472188e+001  1.806386e-004
 3.478375e+001  1.202275e-004
 3.484563e+001  1.377318e-004
 3.490750e+001  1.950637e-004
 3.496938e+001  2.204808e-004
 3.503125e+001  1.362991e-004
 3.509313e+001  1.748185e-004
 3.515500e+001  1.959944e-004
 3.521688e+001  2.007107e-004
 3.527875e+001  1.983726e-004
 3.534063e+001  1.039318e-004
 3.540250e+001  8.983924e-005
 3.546438e+001  1.072718e-004
 3.552625e+001  1.395032e-004
 3.558813e+001  1.999764e-004
 3.565000e+001  1.959036e-004
 3.571188e+001  1.274448e-004
 3.577375e+001  4.306087e-005
 3.583563e+001  2.392327e-005
 3.589750e+001  4.179567e-005
 3.595938e+001  1.364175e-004
 3.602125e+001  1.902838e-004
 3.608313e+001  1.182873e-004
 3.614500e+001  1.182054e-004
 3.620688e+001  1.258245e-004
 3.626875e+001  1.681813e-004
 3.633063e+001  1.221166e-004
 3.639250e+001  1.477589e-004
 3.645438e+001  5.404654e-005
 3.651625e+001  1.203527e-004
 3.657813e+001  1.616143e-004
 3.664000e+001  2.355274e-004
 3.670188e+001  2.256117e-004
 3.676375e+001  1.971364e-004
 3.682563e+001  5.035650e-005
 3.688750e+001  1.203441e-004
 3.694938e+001  1.523726e-004
 3.701125e+001  9.152493e-005
 3.707313e+001  1.567806e-004
 3.713500e+001  1.112067e-004
 3.719688e+001  5.617871e-005
 3.725875e+001  9.863997e-005
 3.732063e+001  1.710941e-004
 3.738250e+001  1.657549e-004
 3.744438e+001  1.228269e-004
 3.750625e+001  1.059007e-004
 3.756813e+001  3.599649e-005
 3.763000e+001  8.868214e-005
 3.769188e+001  1.196597e-004
 3.775375e+001  1.105518e-004
 3.781563e+001  1.674144e-004
 3.787750e+001  1.021553e-004
 3.793938e+001  1.027044e-004
 3.800125e+001  8.793851e-005
 3.806313e+001  1.755219e-004
 3.812500e+001  1.449813e-004
 3.818688e+001  7.347475e-005
 3.824875e+001  5.935735e-005
 3.831063e+001  1.547845e-004
 3.837250e+001  2.295754e-004
 3.843438e+001  1.933888e-004
 3.849625e+001  1.280511e-004
 3.855813e+001  1.664189e-004
 3.862000e+001  1.561579e-004
 3.868188e+001  1.003241e-004
 3.874375e+001  1.120659e-004
 3.880563e+001  1.120478e-004
 3.886750e+001  1.025543e-004
 3.892938e+001  1.436887e-004
 3.899125e+001  7.758688e-005
 3.905313e+001  1.153456e-004
 3.911500e+001  1.365444e-004
 3.917688e+001  1.278984e-004
 3.923875e+001  9.320969e-005
 3.930063e+001  1.013105e-004
 3.936250e+001  1.351865e-004
 3.942438e+001  1.160244e-004
 3.948625e+001  1.332750e-004
 3.954813e+001  1.327269e-004
 3.961000e+001  6.986965e-005
 3.967188e+001  6.602339e-005
 3.973375e+001  6.607133e-005
 3.979563e+001  1.530279e-004
 3.985750e+001  1.152621e-004
 3.991938e+001  1.906978e-004
 3.998125e+001  2.296514e-004
 4.004313e+001  2.177766e-004
 4.010500e+001  2.014025e-004
 4.016688e+001  1.572123e-004
 4.022875e+001  1.385808e-004
 4.029063e+001  1.571042e-004
 4.035250e+001  1.296281e-004
 4.041438e+001  8.948457e-005
 4.047625e+001  1.490966e-004
 4.053813e+001  9.405131e-005
 4.060000e+001  9.475721e-005
 4.066188e+001  1.279450e-004
 4.072375e+001  9.800727e-005
 4.078563e+001  1.491211e-004
 4.084750e+001  1.051852e-004
 4.090938e+001  1.531183e-004
 4.097125e+001  1.455133e-004
 4.103313e+001  5.536444e-005
 4.109500e+001  1.163475e-004
 4.115688e+001  5.203921e-005
 4.121875e+001  6.095186e-005
 4.128063e+001  3.828371e-005
 4.134250e+001  1.804016e-004
 4.140438e+001  1.472025e-004
 4.146625e+001  1.146196e-004
 4.152813e+001  6.240313e-005
 4.159000e+001  6.799973e-005
 4.165188e+001  9.650080e-005
 4.171375e+001  1.245585e-004
 4.177563e+001  1.814302e-004
 4.183750e+001  1.658859e-004
 4.189938e+001  1.267320e-004
 4.196125e+001  8.299034e-005
 4.202313e+001  1.427705e-004
 4.208500e+001  1.669016e-004
 4.214688e+001  7.513682e-005
 4.220875e+001  1.206899e-004
 4.227063e+001  1.450525e-004
 4.233250e+001  1.732264e-004
 4.239438e+001  1.060622e-004
 4.245625e+001  7.346107e-005
 4.251813e+001  1.063970e-004
 4.258000e+001  8.012040e-005
 4.264188e+001  2.269212e-004
 4.270375e+001  1.978065e-004
 4.276563e+001  9.669540e-005
 4.282750e+001  7.675963e-005
 4.288938e+001  5.542812e-005
 4.295125e+001  9.501285e-005
 4.301313e+001  5.001585e-005
 4.307500e+001  2.519855e-005
 4.313688e+001  9.394740e-005
 4.319875e+001  9.294986e-005
 4.326063e+001  9.340575e-005
 4.332250e+001  8.264838e-005
 4.338438e+001  8.287853e-005
 4.344625e+001  1.608692e-004
 4.350813e+001  1.656070e-004
 4.357000e+001  2.397976e-004
 4.363188e+001  1.782874e-004
 4.369375e+001  1.041689e-004
 4.375563e+001  5.699422e-005
 4.381750e+001  8.689570e-005
 4.387938e+001  1.078283e-004
 4.394125e+001  1.405842e-004
 4.400313e+001  9.365368e-005
 4.406500e+001  1.063442e-004
 4.412688e+001  1.262968e-004
 4.418875e+001  1.236649e-004
 4.425063e+001  1.163898e-004
 4.431250e+001  4.723933e-005
 4.437438e+001  9.934410e-005
 4.443625e+001  1.489611e-004
 4.449813e+001  1.327729e-004
 4.456000e+001  1.379006e-004
 4.462188e+001  1.566974e-004
 4.468375e+001  1.471847e-004
 4.474563e+001  7.018664e-005
 4.480750e+001  9.544146e-005
 4.486938e+001  9.048736e-005
 4.493125e+001  7.038398e-005
 4.499313e+001  1.023643e-004
 4.505500e+001  1.267044e-004
 4.511688e+001  7.381818e-005
 4.517875e+001  3.461235e-005
 4.524063e+001  1.083051e-004
 4.530250e+001  8.671354e-005
 4.536438e+001  1.596654e-004
 4.542625e+001  1.172923e-004
 4.548813e+001  8.262856e-005
 4.555000e+001  1.114328e-004
 4.561188e+001  7.670849e-005
 4.567375e+001  5.125393e-005
 4.573563e+001  1.031930e-004
 4.579750e+001  1.034548e-004
 4.585938e+001  7.397899e-005
 4.592125e+001  7.369908e-005
 4.598313e+001  8.859832e-005
 4.604500e+001  7.978347e-005
 4.610688e+001  8.449008e-005
 4.616875e+001  5.137812e-005
 4.623063e+001  8.652634e-005
 4.629250e+001  9.012154e-005
 4.635438e+001  1.096696e-004
 4.641625e+001  8.786809e-005
 4.647813e+001  7.680354e-005
 4.654000e+001  1.542171e-004
 4.660188e+001  1.494060e-004
 4.666375e+001  1.095644e-004
 4.672563e+001  1.567197e-004
 4.678750e+001  1.523789e-004
 4.684938e+001  7.457735e-005
 4.691125e+001  6.004453e-005
 4.697313e+001  7.369222e-005
 4.703500e+001  7.804165e-005
 4.709688e+001  9.663811e-005
 4.715875e+001  7.872845e-005
 4.722063e+001  1.687738e-004
 4.728250e+001  1.533513e-004
 4.734438e+001  8.152395e-005
 4.740625e+001  4.082042e-005
 4.746813e+001  1.172539e-004
 4.753000e+001  8.609414e-005
 4.759188e+001  7.269763e-005
 4.765375e+001  1.012398e-004
 4.771563e+001  1.024236e-004
 4.777750e+001  6.546690e-005
 4.783938e+001  8.538541e-005
 4.790125e+001  1.415303e-004
 4.796313e+001  1.179708e-004
 4.802500e+001  8.524768e-005
 4.808688e+001  1.632552e-004
 4.814875e+001  1.725098e-004
 4.821063e+001  1.665994e-004
 4.827250e+001  1.216467e-004
 4.833438e+001  6.167561e-005
 4.839625e+001  3.317434e-005
 4.845813e+001  1.101165e-004
 4.852000e+001  9.318488e-005
 4.858188e+001  1.255127e-004
 4.864375e+001  1.148158e-004
 4.870563e+001  7.988222e-005
 4.876750e+001  8.849146e-005
 4.882938e+001  1.454556e-004
 4.889125e+001  1.042107e-004
 4.895313e+001  6.754983e-005
 4.901500e+001  8.456545e-005
 4.907688e+001  1.122107e-004
 4.913875e+001  8.084326e-005
 4.920063e+001  7.302773e-005
 4.926250e+001  6.412470e-005
 4.932438e+001  1.081789e-004
 4.938625e+001  1.050685e-004
 4.944813e+001  8.252953e-005
 4.951000e+001  1.107877e-004
 4.957188e+001  1.519508e-004
 4.963375e+001  8.908487e-005
 4.969563e+001  8.786574e-005
 4.975750e+001  2.464140e-004
 4.981938e+001  1.460680e-004
 4.988125e+001  9.747637e-004
 4.994313e+001  9.991093e-003
 5.000500e+001  3.112297e-002
 5.006688e+001  2.320121e-002
 5.012875e+001  2.723877e-003
 5.019063e+001  3.437714e-004
 5.025250e+001  3.036160e-004
 5.031438e+001  1.325175e-004
 5.037625e+001  1.591437e-005
 5.043813e+001  7.540042e-005
 5.050000e+001  1.074926e-004
 5.056188e+001  7.227325e-005
 5.062375e+001  5.006869e-005
 5.068563e+001  5.499756e-005
 5.074750e+001  8.438607e-005
 5.080938e+001  6.946028e-005
 5.087125e+001  1.360635e-004
 5.093313e+001  9.936003e-005
 5.099500e+001  9.894258e-005
 5.105688e+001  8.668817e-005
 5.111875e+001  1.337590e-004
 5.118063e+001  1.087838e-004
 5.124250e+001  7.485662e-005
 5.130438e+001  1.082617e-004
 5.136625e+001  1.341194e-004
 5.142813e+001  1.358051e-004
 5.149000e+001  1.340211e-004
 5.155188e+001  1.258189e-004
 5.161375e+001  6.984851e-005
 5.167563e+001  1.282294e-004
 5.173750e+001  1.880896e-004
 5.179938e+001  1.371279e-004
 5.186125e+001  1.000697e-004
 5.192313e+001  7.737087e-005
 5.198500e+001  1.130026e-004
 5.204688e+001  1.786185e-004
 5.210875e+001  1.609942e-004
 5.217063e+001  8.715659e-005
 5.223250e+001  7.260570e-005
 5.229438e+001  8.125626e-005
 5.235625e+001  8.884452e-005
 5.241813e+001  4.104873e-005
 5.248000e+001  6.761123e-005
 5.254188e+001  6.042426e-005
 5.260375e+001  8.450363e-005
 5.266563e+001  1.228642e-004
 5.272750e+001  6.852919e-005
 5.278938e+001  6.760925e-005
 5.285125e+001  5.219271e-005
 5.291313e+001  4.494647e-005
 5.297500e+001  5.484376e-005
 5.303688e+001  5.772128e-005
 5.309875e+001  1.000677e-004
 5.316063e+001  1.262075e-004
 5.322250e+001  1.892204e-004
 5.328438e+001  1.463967e-004
 5.334625e+001  1.233706e-004
 5.340813e+001  1.207714e-004
 5.347000e+001  7.204639e-005
 5.353188e+001  1.572679e-004
 5.359375e+001  2.050056e-004
 5.365563e+001  1.424372e-004
 5.371750e+001  7.675788e-005
 5.377938e+001  5.006330e-005
 5.384125e+001  4.830676e-005
 5.390313e+001  5.009358e-005
 5.396500e+001  7.759545e-005
 5.402688e+001  5.334160e-005
 5.408875e+001  7.595940e-005
 5.415063e+001  9.665302e-005
 5.421250e+001  1.067725e-004
 5.427438e+001  3.131802e-005
 5.433625e+001  8.774293e-005
 5.439813e+001  8.022580e-005
 5.446000e+001  2.001808e-004
 5.452188e+001  1.677421e-004
 5.458375e+001  1.159285e-004
 5.464563e+001  9.203072e-005
 5.470750e+001  9.367564e-005
 5.476938e+001  1.386434e-004
 5.483125e+001  1.161518e-004
 5.489313e+001  5.133897e-005
 5.495500e+001  4.301753e-005
 5.501688e+001  8.479060e-005
 5.507875e+001  8.145758e-005
 5.514063e+001  8.401064e-005
 5.520250e+001  9.982195e-005
 5.526438e+001  5.919900e-005
 5.532625e+001  6.809077e-005
 5.538813e+001  8.849360e-005
 5.545000e+001  9.470917e-005
 5.551188e+001  9.259990e-005
 5.557375e+001  1.374670e-004
 5.563563e+001  9.156672e-005
 5.569750e+001  6.142846e-005
 5.575938e+001  7.171444e-005
 5.582125e+001  5.593296e-005
 5.588313e+001  1.001064e-004
 5.594500e+001  8.974054e-005
 5.600688e+001  6.625874e-005
 5.606875e+001  6.365594e-005
 5.613063e+001  9.715573e-005
 5.619250e+001  9.563987e-005
 5.625438e+001  8.418242e-005
 5.631625e+001  1.181718e-004
 5.637813e+001  7.928601e-005
 5.644000e+001  4.903152e-005
 5.650188e+001  8.010457e-005
 5.656375e+001  4.223520e-005
 5.662563e+001  7.092174e-005
 5.668750e+001  7.434013e-005
 5.674938e+001  1.042839e-004
 5.681125e+001  6.979654e-005
 5.687313e+001  5.735354e-005
 5.693500e+001  7.261011e-005
 5.699688e+001  9.000340e-005
 5.705875e+001  1.344540e-004
 5.712063e+001  5.206475e-005
 5.718250e+001  1.219679e-004
 5.724438e+001  1.308925e-004
 5.730625e+001  8.174471e-005
 5.736813e+001  6.084714e-005
 5.743000e+001  9.001075e-005
 5.749188e+001  9.649933e-005
 5.755375e+001  1.060244e-004
 5.761563e+001  7.320858e-005
 5.767750e+001  7.500482e-005
 5.773938e+001  6.350731e-005
 5.780125e+001  7.033310e-005
 5.786313e+001  7.611551e-005
 5.792500e+001  1.113890e-004
 5.798688e+001  1.416460e-004
 5.804875e+001  9.814253e-005
 5.811063e+001  1.087843e-004
 5.817250e+001  1.146052e-004
 5.823438e+001  1.361858e-004
 5.829625e+001  1.179328e-004
 5.835813e+001  5.609209e-005
 5.842000e+001  7.314077e-005
 5.848188e+001  1.124182e-004
 5.854375e+001  1.180796e-004
 5.860563e+001  8.043720e-005
 5.866750e+001  3.808167e-005
 5.872938e+001  9.287240e-005
 5.879125e+001  1.138242e-004
 5.885313e+001  6.423654e-005
 5.891500e+001  6.024016e-005
 5.897688e+001  7.129072e-005
 5.903875e+001  3.442662e-005
 5.910063e+001  8.036351e-005
 5.916250e+001  1.096815e-004
 5.922438e+001  1.434504e-004
 5.928625e+001  1.461537e-004
 5.934813e+001  1.006473e-004
 5.941000e+001  4.336592e-005
 5.947188e+001  4.134335e-005
 5.953375e+001  7.079582e-005
 5.959563e+001  9.687926e-005
 5.965750e+001  1.129716e-004
 5.971938e+001  1.025973e-004
 5.978125e+001  7.045635e-005
 5.984313e+001  8.113774e-005
 5.990500e+001  6.991953e-005
 5.996688e+001  5.986758e-005
 6.002875e+001  1.301738e-004
 6.009063e+001  1.138175e-004
 6.015250e+001  9.826136e-005
 6.021438e+001  8.061621e-005
 6.027625e+001  1.077148e-004
 6.033813e+001  7.571610e-005
 6.040000e+001  5.215128e-005
 6.046188e+001  1.059714e-004
 6.052375e+001  9.781982e-005
 6.058563e+001  1.005107e-004
 6.064750e+001  8.815611e-005
 6.070938e+001  1.032166e-004
 6.077125e+001  1.080991e-004
 6.083313e+001  9.526989e-005
 6.089500e+001  5.815514e-005
 6.095688e+001  5.011620e-005
 6.101875e+001  4.659412e-005
 6.108063e+001  6.945999e-005
 6.114250e+001  6.409656e-005
 6.120438e+001  1.249087e-004
 6.126625e+001  9.900866e-005
 6.132813e+001  7.408162e-005
 6.139000e+001  7.098280e-005
 6.145188e+001  1.154976e-004
 6.151375e+001  1.185930e-004
 6.157563e+001  8.782374e-005
 6.163750e+001  1.131161e-004
 6.169938e+001  9.086947e-005
 6.176125e+001  9.608228e-005
 6.182313e+001  8.736775e-005
 6.188500e+001  6.323699e-005
 6.194688e+001  5.532036e-005
 6.200875e+001  5.848249e-005
 6.207063e+001  9.191155e-005
 6.213250e+001  8.315786e-005
 6.219438e+001  9.598555e-005
 6.225625e+001  1.095028e-004
 6.231813e+001  8.126480e-005
 6.238000e+001  1.413913e-004
 6.244188e+001  1.145351e-004
 6.250375e+001  1.077979e-004
 6.256563e+001  7.252044e-005
 6.262750e+001  4.032810e-005
 6.268938e+001  8.936571e-005
 6.275125e+001  8.274047e-005
 6.281313e+001  5.155098e-005
 6.287500e+001  5.817440e-005
 6.293688e+001  8.346810e-005
 6.299875e+001  6.240428e-005
 6.306063e+001  1.017096e-004
 6.312250e+001  1.152955e-004
 6.318438e+001  3.920562e-005
 6.324625e+001  8.858665e-005
 6.330813e+001  6.926266e-005
 6.337000e+001  9.112956e-005
 6.343188e+001  7.782160e-005
 6.349375e+001  6.390867e-005
 6.355563e+001  3.583716e-005
 6.361750e+001  6.587101e-005
 6.367938e+001  1.069860e-004
 6.374125e+001  5.228683e-005
 6.380313e+001  9.383822e-005
 6.386500e+001  8.948250e-005
 6.392688e+001  8.988046e-005
 6.398875e+001  9.658017e-005
 6.405063e+001  9.915995e-005
 6.411250e+001  1.082626e-004
 6.417438e+001  1.266741e-004
 6.423625e+001  1.283481e-004
 6.429813e+001  7.576562e-005
 6.436000e+001  4.847097e-005
 6.442188e+001  6.927580e-005
 6.448375e+001  4.327752e-005
 6.454563e+001  9.668582e-005
 6.460750e+001  5.546770e-005
 6.466938e+001  6.275658e-005
 6.473125e+001  1.119685e-004
 6.479313e+001  8.762211e-005
 6.485500e+001  4.341767e-005
 6.491688e+001  9.586546e-005
 6.497875e+001  8.449488e-005
 6.504063e+001  1.236740e-004
 6.510250e+001  9.496068e-005
 6.516438e+001  8.382656e-005
 6.522625e+001  1.174576e-004
 6.528813e+001  9.690115e-005
 6.535000e+001  1.199578e-004
 6.541188e+001  1.027949e-004
 6.547375e+001  7.501868e-005
 6.553563e+001  3.912889e-005
 6.559750e+001  7.191533e-005
 6.565938e+001  8.120578e-005
 6.572125e+001  5.677449e-005
 6.578313e+001  6.663171e-005
 6.584500e+001  8.821264e-005
 6.590688e+001  1.302877e-004
 6.596875e+001  1.299780e-004
 6.603063e+001  1.171366e-004
 6.609250e+001  1.004245e-004
 6.615438e+001  9.416859e-005
 6.621625e+001  8.506426e-005
 6.627813e+001  8.015750e-005
 6.634000e+001  7.714048e-005
 6.640188e+001  6.120837e-005
 6.646375e+001  1.089241e-004
 6.652563e+001  9.743899e-005
 6.658750e+001  5.999942e-005
 6.664938e+001  8.840836e-005
 6.671125e+001  9.768673e-005
 6.677313e+001  7.171309e-005
 6.683500e+001  5.842174e-005
 6.689688e+001  3.645417e-005
 6.695875e+001  6.759359e-005
 6.702063e+001  1.007778e-004
 6.708250e+001  7.407706e-005
 6.714438e+001  1.148407e-004
 6.720625e+001  1.461184e-004
 6.726813e+001  1.689536e-004
 6.733000e+001  1.411668e-004
 6.739188e+001  5.534879e-005
 6.745375e+001  5.310889e-005
 6.751563e+001  9.183556e-005
 6.757750e+001  9.107372e-005
 6.763938e+001  1.000419e-004
 6.770125e+001  9.825461e-005
 6.776313e+001  9.633921e-005
 6.782500e+001  9.017332e-005
 6.788688e+001  9.047519e-005
 6.794875e+001  6.336375e-005
 6.801063e+001  4.756714e-005
 6.807250e+001  2.972145e-005
 6.813438e+001  6.570181e-005
 6.819625e+001  9.134204e-005
 6.825813e+001  6.253716e-005
 6.832000e+001  7.861709e-005
 6.838188e+001  5.733557e-005
 6.844375e+001  8.374332e-005
 6.850563e+001  1.622474e-004
 6.856750e+001  1.251087e-004
 6.862938e+001  7.097512e-005
 6.869125e+001  5.286674e-005
 6.875313e+001  7.755654e-005
 6.881500e+001  1.013839e-004
 6.887688e+001  7.163663e-005
 6.893875e+001  3.964969e-005
 6.900063e+001  7.515217e-005
 6.906250e+001  7.877334e-005
 6.912438e+001  2.643871e-005
 6.918625e+001  4.658859e-005
 6.924813e+001  1.190514e-004
 6.931000e+001  1.053577e-004
 6.937188e+001  8.829023e-005
 6.943375e+001  9.629694e-005
 6.949563e+001  1.050239e-004
 6.955750e+001  1.089192e-004
 6.961938e+001  9.973572e-005
 6.968125e+001  6.529908e-005
 6.974313e+001  6.178512e-005
 6.980500e+001  1.141377e-004
 6.986688e+001  7.229432e-005
 6.992875e+001  9.596148e-005
 6.999063e+001  1.263440e-004
 7.005250e+001  1.094203e-004
 7.011438e+001  4.576872e-005
 7.017625e+001  1.201789e-004
 7.023813e+001  9.635535e-005
 7.030000e+001  5.571706e-005
 7.036188e+001  4.842970e-005
 7.042375e+001  6.291525e-005
 7.048563e+001  6.214693e-005
 7.054750e+001  7.322166e-005
 7.060938e+001  8.852978e-005
 7.067125e+001  7.894671e-005
 7.073313e+001  5.839109e-005
 7.079500e+001  7.369514e-005
 7.085688e+001  7.962950e-005
 7.091875e+001  7.071702e-005
 7.098063e+001  3.721822e-005
 7.104250e+001  6.030071e-005
 7.110438e+001  9.017814e-005
 7.116625e+001  1.080566e-004
 7.122813e+001  6.981751e-005
 7.129000e+001  6.006139e-005
 7.135188e+001  3.975203e-005
 7.141375e+001  5.666783e-005
 7.147563e+001  7.255139e-005
 7.153750e+001  5.217774e-005
 7.159938e+001  9.647580e-005
 7.166125e+001  1.243553e-004
 7.172313e+001  7.371697e-005
 7.178500e+001  6.012415e-005
 7.184688e+001  6.365435e-005
 7.190875e+001  4.524080e-005
 7.197063e+001  9.533881e-005
 7.203250e+001  1.118550e-004
 7.209438e+001  7.257217e-005
 7.215625e+001  1.107890e-004
 7.221813e+001  9.937467e-005
 7.228000e+001  8.222497e-005
 7.234188e+001  8.935858e-005
 7.240375e+001  7.850815e-005
 7.246563e+001  7.143423e-005
 7.252750e+001  4.801133e-005
 7.258938e+001  2.227200e-005
 7.265125e+001  6.111192e-005
 7.271313e+001  6.564132e-005
 7.277500e+001  2.454941e-005
 7.283688e+001  5.808398e-005
 7.289875e+001  2.894364e-005
 7.296063e+001  5.957183e-005
 7.302250e+001  1.160460e-004
 7.308438e+001  8.258366e-005
 7.314625e+001  9.755459e-005
 7.320813e+001  6.177052e-005
 7.327000e+001  4.688460e-005
 7.333188e+001  1.166056e-004
 7.339375e+001  1.392707e-004
 7.345563e+001  1.389024e-004
 7.351750e+001  1.072510e-004
 7.357938e+001  7.008161e-005
 7.364125e+001  3.351815e-005
 7.370313e+001  5.807909e-005
 7.376500e+001  7.026927e-005
 7.382688e+001  8.335974e-005
 7.388875e+001  8.098962e-005
 7.395063e+001  4.705950e-005
 7.401250e+001  1.015244e-004
 7.407438e+001  8.579026e-005
 7.413625e+001  1.009465e-004
 7.419813e+001  6.745459e-005
 7.426000e+001  3.348792e-005
 7.432188e+001  4.639274e-005
 7.438375e+001  4.924825e-005
 7.444563e+001  6.061066e-005
 7.450750e+001  7.419070e-005
 7.456938e+001  5.622157e-005
 7.463125e+001  6.735699e-005
 7.469313e+001  6.419537e-005
 7.475500e+001  7.840627e-005
 7.481688e+001  7.757157e-005
 7.487875e+001  1.070153e-004
 7.494063e+001  1.125430e-004
 7.500250e+001  7.256943e-005
 7.506438e+001  5.908090e-005
 7.512625e+001  5.705962e-005
 7.518813e+001  4.292096e-005
 7.525000e+001  5.115452e-005
 7.531188e+001  7.165354e-005
 7.537375e+001  1.837899e-004
 7.543563e+001  4.168800e-004
 7.549750e+001  2.179472e-004
 7.555938e+001  1.139300e-004
 7.562125e+001  7.977106e-005
 7.568313e+001  6.727817e-005
 7.574500e+001  7.358764e-005
 7.580688e+001  4.533527e-005
 7.586875e+001  5.152121e-005
 7.593063e+001  8.721313e-005
 7.599250e+001  9.137428e-005
 7.605438e+001  4.940567e-005
 7.611625e+001  5.441166e-005
 7.617813e+001  1.230513e-004
 7.624000e+001  9.839539e-005
 7.630188e+001  3.302963e-005
 7.636375e+001  6.590595e-005
 7.642563e+001  7.161884e-005
 7.648750e+001  6.362688e-005
 7.654938e+001  7.005580e-005
 7.661125e+001  4.429356e-005
 7.667313e+001  8.199077e-005
 7.673500e+001  8.136250e-005
 7.679688e+001  5.815327e-005
 7.685875e+001  1.213058e-004
 7.692063e+001  1.271322e-004
 7.698250e+001  7.628241e-005
 7.704438e+001  7.700110e-005
 7.710625e+001  5.305275e-005
 7.716813e+001  7.139030e-005
 7.723000e+001  1.007730e-004
 7.729188e+001  1.004612e-004
 7.735375e+001  6.934185e-005
 7.741563e+001  3.025256e-005
 7.747750e+001  7.835369e-005
 7.753938e+001  6.577218e-005
 7.760125e+001  5.536717e-005
 7.766313e+001  6.756533e-005
 7.772500e+001  5.314988e-005
 7.778688e+001  5.870222e-005
 7.784875e+001  9.361844e-005
 7.791063e+001  9.960172e-005
 7.797250e+001  3.858884e-005
 7.803438e+001  1.017860e-004
 7.809625e+001  5.879926e-005
 7.815813e+001  2.687867e-005
 7.822000e+001  5.086550e-005
 7.828188e+001  6.346288e-005
 7.834375e+001  8.531073e-005
 7.840563e+001  9.874949e-005
 7.846750e+001  1.249984e-004
 7.852938e+001  1.336923e-004
 7.859125e+001  9.101420e-005
 7.865313e+001  6.829925e-005
 7.871500e+001  6.264919e-005
 7.877688e+001  5.074706e-005
 7.883875e+001  1.129354e-004
 7.890063e+001  1.235083e-004
 7.896250e+001  9.014849e-005
 7.902438e+001  9.271041e-005
 7.908625e+001  8.079488e-005
 7.914813e+001  2.608867e-005
 7.921000e+001  9.164571e-005
 7.927188e+001  1.223838e-004
 7.933375e+001  1.604409e-004
 7.939563e+001  1.322292e-004
 7.945750e+001  1.328347e-004
 7.951938e+001  1.076940e-004
 7.958125e+001  5.360257e-005
 7.964313e+001  7.084567e-005
 7.970500e+001  5.940565e-005
 7.976688e+001  4.781448e-005
 7.982875e+001  6.764236e-005
 7.989063e+001  9.222340e-005
 7.995250e+001  1.120619e-004
 8.001438e+001  1.237328e-004
 8.007625e+001  1.248554e-004
 8.013813e+001  7.489874e-005
 8.020000e+001  9.339207e-005
 8.026188e+001  9.015606e-005
 8.032375e+001  7.350235e-005
 8.038563e+001  6.446078e-005
 8.044750e+001  4.666976e-005
 8.050938e+001  3.759729e-005
 8.057125e+001  4.886788e-005
 8.063313e+001  9.227833e-005
 8.069500e+001  1.114947e-004
 8.075688e+001  7.933461e-005
 8.081875e+001  7.646559e-005
 8.088063e+001  8.945285e-005
 8.094250e+001  1.085147e-004
 8.100438e+001  1.304649e-004
 8.106625e+001  1.055484e-004
 8.112813e+001  8.722429e-005
 8.119000e+001  7.591072e-005
 8.125188e+001  5.933005e-005
 8.131375e+001  5.754084e-005
 8.137563e+001  6.692175e-005
 8.143750e+001  9.893259e-005
 8.149938e+001  5.845309e-005
 8.156125e+001  5.385781e-005
 8.162313e+001  5.429280e-005
 8.168500e+001  4.564878e-005
 8.174688e+001  7.707956e-005
 8.180875e+001  4.677283e-005
 8.187063e+001  1.424543e-005
 8.193250e+001  2.693724e-005
 8.199438e+001  2.229527e-005
 8.205625e+001  5.016031e-005
 8.211813e+001  5.471880e-005
 8.218000e+001  2.894579e-005
 8.224188e+001  3.794279e-005
 8.230375e+001  4.336216e-005
 8.236563e+001  4.593600e-005
 8.242750e+001  4.073831e-005
 8.248938e+001  7.333253e-005
 8.255125e+001  9.328802e-005
 8.261313e+001  5.219089e-005
 8.267500e+001  3.618882e-005
 8.273688e+001  6.877222e-005
 8.279875e+001  5.040422e-005
 8.286063e+001  1.480476e-005
 8.292250e+001  7.483862e-005
 8.298438e+001  4.251731e-005
 8.304625e+001  7.994919e-005
 8.310813e+001  8.015860e-005
 8.317000e+001  6.415543e-005
 8.323188e+001  5.359983e-005
 8.329375e+001  4.276341e-005
 8.335563e+001  7.865165e-005
 8.341750e+001  6.496492e-005
 8.347938e+001  1.312239e-005
 8.354125e+001  7.392151e-005
 8.360313e+001  1.042946e-004
 8.366500e+001  9.349336e-005
 8.372688e+001  9.671290e-005
 8.378875e+001  4.005348e-005
 8.385063e+001  5.692024e-005
 8.391250e+001  5.760841e-005
 8.397438e+001  3.617800e-005
 8.403625e+001  3.610415e-005
 8.409813e+001  6.496089e-005
 8.416000e+001  9.108401e-005
 8.422188e+001  9.036399e-005
 8.428375e+001  7.112604e-005
 8.434563e+001  8.427505e-005
 8.440750e+001  6.965950e-005
 8.446938e+001  2.984344e-005
 8.453125e+001  4.062064e-005
 8.459313e+001  3.986016e-005
 8.465500e+001  5.210854e-005
 8.471688e+001  6.340248e-005
 8.477875e+001  1.015884e-004
 8.484063e+001  1.339683e-004
 8.490250e+001  8.977348e-005
 8.496438e+001  8.525491e-005
 8.502625e+001  7.116157e-005
 8.508813e+001  4.300826e-005
 8.515000e+001  3.161982e-005
 8.521188e+001  3.341778e-005
 8.527375e+001  4.005633e-005
 8.533563e+001  5.677781e-005
 8.539750e+001  5.220751e-005
 8.545938e+001  5.519924e-005
 8.552125e+001  5.921833e-005
 8.558313e+001  5.114764e-005
 8.564500e+001  5.877781e-005
 8.570688e+001  1.015159e-004
 8.576875e+001  1.071695e-004
 8.583063e+001  5.292161e-005
 8.589250e+001  8.111041e-005
 8.595438e+001  7.462688e-005
 8.601625e+001  7.076689e-005
 8.607813e+001  4.869435e-005
 8.614000e+001  8.344808e-005
 8.620188e+001  6.724034e-005
 8.626375e+001  4.038003e-005
 8.632563e+001  2.699063e-005
 8.638750e+001  6.584620e-005
 8.644938e+001  1.171454e-004
 8.651125e+001  1.437580e-004
 8.657313e+001  1.047691e-004
 8.663500e+001  1.007868e-004
 8.669688e+001  5.584685e-005
 8.675875e+001  8.408020e-005
 8.682063e+001  3.684951e-005
 8.688250e+001  5.203435e-005
 8.694438e+001  4.882319e-005
 8.700625e+001  5.807510e-005
 8.706813e+001  7.290816e-005
 8.713000e+001  6.142311e-005
 8.719188e+001  3.465235e-005
 8.725375e+001  3.896837e-005
 8.731563e+001  4.676301e-005
 8.737750e+001  8.230883e-005
 8.743938e+001  7.186047e-005
 8.750125e+001  6.101116e-005
 8.756313e+001  7.113057e-005
 8.762500e+001  5.785013e-005
 8.768688e+001  4.912310e-005
 8.774875e+001  4.788293e-005
 8.781063e+001  4.202866e-005
 8.787250e+001  8.819211e-005
 8.793438e+001  1.221777e-004
 8.799625e+001  8.988655e-005
 8.805813e+001  7.708904e-005
 8.812000e+001  5.895680e-005
 8.818188e+001  4.097317e-005
 8.824375e+001  5.784732e-005
 8.830563e+001  6.184100e-005
 8.836750e+001  2.382312e-005
 8.842938e+001  5.327645e-005
 8.849125e+001  6.444928e-005
 8.855313e+001  5.208765e-005
 8.861500e+001  4.253735e-005
 8.867688e+001  2.606240e-005
 8.873875e+001  7.036318e-005
 8.880063e+001  8.815570e-005
 8.886250e+001  7.784244e-005
 8.892438e+001  9.397045e-005
 8.898625e+001  4.720602e-005
 8.904813e+001  9.933997e-005
 8.911000e+001  1.162643e-004
 8.917188e+001  4.195792e-005
 8.923375e+001  3.832361e-005
 8.929563e+001  4.424982e-005
 8.935750e+001  3.625338e-005
 8.941938e+001  2.125915e-005
 8.948125e+001  4.751597e-005
 8.954313e+001  4.948865e-005
 8.960500e+001  6.923125e-005
 8.966688e+001  6.062793e-005
 8.972875e+001  5.221580e-005
 8.979063e+001  4.035965e-005
 8.985250e+001  5.130952e-005
 8.991438e+001  7.821018e-005
 8.997625e+001  1.082986e-004
 9.003813e+001  8.957880e-005
 9.010000e+001  7.288344e-005
 9.016188e+001  5.938884e-005
 9.022375e+001  8.993984e-005
 9.028563e+001  1.011981e-004
 9.034750e+001  5.926867e-005
 9.040938e+001  3.451742e-005
 9.047125e+001  4.856063e-005
 9.053313e+001  7.923152e-005
 9.059500e+001  6.387515e-005
 9.065688e+001  2.662861e-005
 9.071875e+001  5.810739e-005
 9.078063e+001  6.963157e-005
 9.084250e+001  9.325466e-005
 9.090438e+001  7.736392e-005
 9.096625e+001  7.743114e-005
 9.102813e+001  8.873593e-005
 9.109000e+001  3.718452e-005
 9.115188e+001  9.133149e-005
 9.121375e+001  8.929378e-005
 9.127563e+001  5.434501e-005
 9.133750e+001  4.508194e-005
 9.139938e+001  4.748092e-005
 9.146125e+001  5.225166e-005
 9.152313e+001  7.321988e-005
 9.158500e+001  7.513407e-005
 9.164688e+001  7.533504e-005
 9.170875e+001  1.166246e-004
 9.177063e+001  2.046776e-004
 9.183250e+001  2.424320e-004
 9.189438e+001  1.886685e-004
 9.195625e+001  1.223645e-004
 9.201813e+001  6.764929e-005
 9.208000e+001  4.333140e-005
 9.214188e+001  8.031309e-005
 9.220375e+001  1.699873e-005
 9.226563e+001  6.128404e-005
 9.232750e+001  5.702149e-005
 9.238938e+001  5.493776e-005
 9.245125e+001  4.762436e-005
 9.251313e+001  2.668696e-005
 9.257500e+001  8.719314e-005
 9.263688e+001  8.281471e-005
 9.269875e+001  6.111988e-005
 9.276063e+001  6.787513e-005
 9.282250e+001  5.556301e-005
 9.288438e+001  6.358528e-005
 9.294625e+001  6.780433e-005
 9.300813e+001  3.150086e-005
 9.307000e+001  4.403423e-005
 9.313188e+001  5.224620e-005
 9.319375e+001  2.427836e-005
 9.325563e+001  6.007581e-005
 9.331750e+001  5.456432e-005
 9.337938e+001  3.171781e-005
 9.344125e+001  3.153681e-005
 9.350313e+001  5.002542e-005
 9.356500e+001  5.089815e-005
 9.362688e+001  6.409743e-005
 9.368875e+001  5.320202e-005
 9.375063e+001  5.776565e-005
 9.381250e+001  4.980907e-005
 9.387438e+001  4.533462e-005
 9.393625e+001  8.040186e-005
 9.399813e+001  8.606034e-005
 9.406000e+001  6.589119e-005
 9.412188e+001  4.233308e-005
 9.418375e+001  6.079617e-005
 9.424563e+001  4.377573e-005
 9.430750e+001  6.324421e-005
 9.436938e+001  6.725458e-005
 9.443125e+001  5.957391e-005
 9.449313e+001  3.842966e-005
 9.455500e+001  2.952513e-005
 9.461688e+001  4.124465e-005
 9.467875e+001  5.324220e-005
 9.474063e+001  4.312833e-005
 9.480250e+001  6.800878e-005
 9.486438e+001  1.055521e-004
 9.492625e+001  6.458302e-005
 9.498813e+001  3.340768e-005
 9.505000e+001  6.029286e-005
 9.511188e+001  5.430702e-005
 9.517375e+001  6.518104e-005
 9.523563e+001  4.184849e-005
 9.529750e+001  3.774798e-005
 9.535938e+001  4.025073e-005
 9.542125e+001  3.674317e-005
 9.548313e+001  5.453626e-005
 9.554500e+001  4.183118e-005
 9.560688e+001  3.111902e-005
 9.566875e+001  1.194594e-005
 9.573063e+001  2.921896e-005
 9.579250e+001  6.924122e-005
 9.585438e+001  6.607430e-005
 9.591625e+001  6.928033e-005
 9.597813e+001  7.655087e-005
 9.604000e+001  7.880526e-005
 9.610188e+001  9.220342e-005
 9.616375e+001  5.634904e-005
 9.622563e+001  6.408324e-005
 9.628750e+001  5.718108e-005
 9.634938e+001  5.456692e-005
 9.641125e+001  3.529300e-005
 9.647313e+001  2.828925e-005
 9.653500e+001  3.971351e-005
 9.659688e+001  5.581688e-005
 9.665875e+001  4.738308e-005
 9.672063e+001  4.555215e-005
 9.678250e+001  3.824008e-005
 9.684438e+001  2.225837e-005
 9.690625e+001  2.606285e-005
 9.696813e+001  2.994950e-005
 9.703000e+001  3.363815e-005
 9.709188e+001  8.852951e-005
 9.715375e+001  7.286170e-005
 9.721563e+001  4.970681e-005
 9.727750e+001  8.344640e-005
 9.733938e+001  7.725719e-005
 9.740125e+001  5.486351e-005
 9.746313e+001  5.252704e-005
 9.752500e+001  4.429172e-005
 9.758688e+001  2.603746e-005
 9.764875e+001  5.052727e-005
 9.771063e+001  6.263645e-005
 9.777250e+001  5.716637e-005
 9.783438e+001  3.556306e-005
 9.789625e+001  3.217763e-005
 9.795813e+001  4.012357e-005
 9.802000e+001  2.444342e-005
 9.808188e+001  2.297257e-005
 9.814375e+001  5.673195e-005
 9.820563e+001  4.125418e-005
 9.826750e+001  4.700425e-005
 9.832938e+001  4.859621e-005
 9.839125e+001  3.230118e-005
 9.845313e+001  5.453741e-005
 9.851500e+001  4.659011e-005
 9.857688e+001  6.097434e-005
 9.863875e+001  5.960665e-005
 9.870063e+001  4.616710e-005
 9.876250e+001  3.583149e-005
 9.882438e+001  3.708718e-005
 9.888625e+001  4.554653e-005
 9.894813e+001  8.330960e-005
 9.901000e+001  7.365301e-005
 9.907188e+001  5.861829e-005
 9.913375e+001  4.386750e-005
 9.919563e+001  2.570651e-005
 9.925750e+001  3.055969e-005
 9.931938e+001  3.388458e-005
 9.938125e+001  3.841209e-005
 9.944313e+001  6.740414e-005
 9.950500e+001  8.474746e-005
 9.956688e+001  5.804077e-005
 9.962875e+001  4.183298e-005
 9.969063e+001  5.694590e-005
 9.975250e+001  5.891511e-005
 9.981438e+001  6.264377e-005
 9.987625e+001  1.252674e-004
 9.993813e+001  1.616956e-004
 1.000000e+002  1.561237e-003
