 1.000000e+001  2.902114e-004
 1.061875e+001  2.890871e-004
 1.123750e+001  2.365476e-004
 1.185625e+001  2.344430e-004
 1.247500e+001  2.315259e-004
 1.309375e+001  2.166352e-004
 1.371250e+001  2.064367e-004
 1.433125e+001  2.054372e-004
 1.495000e+001  2.074469e-004
 1.556875e+001  2.225553e-004
 1.618750e+001  1.996343e-004
 1.680625e+001  1.995632e-004
 1.742500e+001  1.916611e-004
 1.804375e+001  2.043510e-004
 1.866250e+001  2.107230e-004
 1.928125e+001  1.946374e-004
 1.990000e+001  1.820477e-004
 2.051875e+001  1.794722e-004
 2.113750e+001  1.894252e-004
 2.175625e+001  1.963035e-004
 2.237500e+001  1.827578e-004
 2.299375e+001  1.754552e-004
 2.361250e+001  1.682243e-004
 2.423125e+001  1.635181e-004
 2.485000e+001  1.738247e-004
 2.546875e+001  1.715694e-004
 2.608750e+001  1.661693e-004
 2.670625e+001  1.628008e-004
 2.732500e+001  1.545115e-004
 2.794375e+001  1.505948e-004
 2.856250e+001  1.545548e-004
 2.918125e+001  1.461659e-004
 2.980000e+001  1.498268e-004
 3.041875e+001  1.477901e-004
 3.103750e+001  1.419151e-004
 3.165625e+001  1.428350e-004
 3.227500e+001  1.425671e-004
 3.289375e+001  1.504647e-004
 3.351250e+001  1.531859e-004
 3.413125e+001  1.297948e-004
 3.475000e+001  1.353580e-004
 3.536875e+001  1.497810e-004
 3.598750e+001  1.441650e-004
 3.660625e+001  1.264780e-004
 3.722500e+001  1.281770e-004
 3.784375e+001  1.179990e-004
 3.846250e+001  1.203124e-004
 3.908125e+001  1.433078e-004
 3.970000e+001  1.334010e-004
 4.031875e+001  1.252998e-004
 4.093750e+001  1.315611e-004
 4.155625e+001  1.245903e-004
 4.217500e+001  1.394837e-004
 4.279375e+001  1.934636e-004
 4.341250e+001  1.394985e-004
 4.403125e+001  1.216713e-004
 4.465000e+001  1.242757e-004
 4.526875e+001  1.162849e-004
 4.588750e+001  1.204186e-004
 4.650625e+001  1.205291e-004
 4.712500e+001  1.175632e-004
 4.774375e+001  1.252636e-004
 4.836250e+001  1.950457e-004
 4.898125e+001  8.995484e-004
 4.960000e+001  6.532389e-003
 5.021875e+001  7.849389e-003
 5.083750e+001  2.121869e-003
 5.145625e+001  2.480613e-004
 5.207500e+001  1.342560e-004
 5.269375e+001  1.190739e-004
 5.331250e+001  1.003706e-004
 5.393125e+001  9.761357e-005
 5.455000e+001  9.931431e-005
 5.516875e+001  9.530477e-005
 5.578750e+001  9.311467e-005
 5.640625e+001  8.962325e-005
 5.702500e+001  1.000196e-004
 5.764375e+001  9.672919e-005
 5.826250e+001  9.495779e-005
 5.888125e+001  9.798361e-005
 5.950000e+001  9.808412e-005
 6.011875e+001  9.039754e-005
 6.073750e+001  8.718869e-005
 6.135625e+001  9.304156e-005
 6.197500e+001  9.623161e-005
 6.259375e+001  8.458670e-005
 6.321250e+001  9.620021e-005
 6.383125e+001  9.437934e-005
 6.445000e+001  9.150591e-005
 6.506875e+001  8.040196e-005
 6.568750e+001  8.605386e-005
 6.630625e+001  8.469982e-005
 6.692500e+001  8.789966e-005
 6.754375e+001  8.306922e-005
 6.816250e+001  8.002496e-005
 6.878125e+001  8.276677e-005
 6.940000e+001  8.155666e-005
 7.001875e+001  8.408584e-005
 7.063750e+001  7.812653e-005
 7.125625e+001  8.317908e-005
 7.187500e+001  8.346295e-005
 7.249375e+001  7.976194e-005
 7.311250e+001  8.445407e-005
 7.373125e+001  7.993865e-005
 7.435000e+001  7.803317e-005
 7.496875e+001  2.525309e-004
 7.558750e+001  6.080538e-004
 7.620625e+001  3.952461e-004
 7.682500e+001  8.323348e-005
 7.744375e+001  7.809743e-005
 7.806250e+001  9.714082e-005
 7.868125e+001  8.628428e-005
 7.930000e+001  7.664519e-005
 7.991875e+001  7.664253e-005
 8.053750e+001  6.792499e-005
 8.115625e+001  7.085485e-005
 8.177500e+001  6.988870e-005
 8.239375e+001  7.213747e-005
 8.301250e+001  7.339672e-005
 8.363125e+001  7.295006e-005
 8.425000e+001  6.792694e-005
 8.486875e+001  6.476791e-005
 8.548750e+001  6.608667e-005
 8.610625e+001  6.805815e-005
 8.672500e+001  6.898738e-005
 8.734375e+001  6.826269e-005
 8.796250e+001  6.763847e-005
 8.858125e+001  6.184143e-005
 8.920000e+001  6.676546e-005
 8.981875e+001  6.489276e-005
 9.043750e+001  7.183530e-005
 9.105625e+001  1.209122e-004
 9.167500e+001  1.290602e-004
 9.229375e+001  7.157122e-005
 9.291250e+001  5.820802e-005
 9.353125e+001  5.616921e-005
 9.415000e+001  6.436076e-005
 9.476875e+001  5.940297e-005
 9.538750e+001  5.666704e-005
 9.600625e+001  5.570085e-005
 9.662500e+001  5.648515e-005
 9.724375e+001  6.061651e-005
 9.786250e+001  6.013042e-005
 9.848125e+001  5.846956e-005
 9.910000e+001  8.378500e-005
 9.971875e+001  2.428384e-004
 1.003375e+002  2.238117e-004
 1.009563e+002  6.948794e-005
 1.015750e+002  5.404509e-005
 1.021938e+002  5.598441e-005
 1.028125e+002  5.318044e-005
 1.034313e+002  5.254462e-005
 1.040500e+002  5.202052e-005
 1.046688e+002  5.294548e-005
 1.052875e+002  5.409266e-005
 1.059063e+002  5.741870e-005
 1.065250e+002  5.400737e-005
 1.071438e+002  5.262501e-005
 1.077625e+002  5.340663e-005
 1.083813e+002  5.544236e-005
 1.090000e+002  5.287966e-005
 1.096188e+002  5.246528e-005
 1.102375e+002  5.521094e-005
 1.108563e+002  5.325589e-005
 1.114750e+002  5.521573e-005
 1.120938e+002  5.282986e-005
 1.127125e+002  4.836091e-005
 1.133313e+002  4.747283e-005
 1.139500e+002  4.809595e-005
 1.145688e+002  4.944101e-005
 1.151875e+002  5.039328e-005
 1.158063e+002  5.148235e-005
 1.164250e+002  5.565139e-005
 1.170438e+002  5.648808e-005
 1.176625e+002  4.808091e-005
 1.182813e+002  4.571098e-005
 1.189000e+002  4.832606e-005
 1.195188e+002  5.167575e-005
 1.201375e+002  5.425617e-005
 1.207563e+002  4.831135e-005
 1.213750e+002  4.887321e-005
 1.219938e+002  4.926052e-005
 1.226125e+002  4.728890e-005
 1.232313e+002  5.276498e-005
 1.238500e+002  5.837312e-005
 1.244688e+002  5.219307e-005
 1.250875e+002  5.156048e-005
 1.257063e+002  4.630906e-005
 1.263250e+002  4.546685e-005
 1.269438e+002  4.881238e-005
 1.275625e+002  4.699079e-005
 1.281813e+002  4.654938e-005
 1.288000e+002  4.692164e-005
 1.294188e+002  4.578624e-005
 1.300375e+002  4.394737e-005
 1.306563e+002  4.373659e-005
 1.312750e+002  4.740302e-005
 1.318938e+002  4.571108e-005
 1.325125e+002  4.185908e-005
 1.331313e+002  4.003318e-005
 1.337500e+002  4.282513e-005
 1.343688e+002  4.230115e-005
 1.349875e+002  4.253424e-005
 1.356063e+002  4.288449e-005
 1.362250e+002  4.464875e-005
 1.368438e+002  4.443046e-005
 1.374625e+002  4.417795e-005
 1.380813e+002  4.387051e-005
 1.387000e+002  4.473795e-005
 1.393188e+002  4.624654e-005
 1.399375e+002  4.744552e-005
 1.405563e+002  4.578380e-005
 1.411750e+002  4.860894e-005
 1.417938e+002  4.694249e-005
 1.424125e+002  4.619012e-005
 1.430313e+002  4.433934e-005
 1.436500e+002  4.534480e-005
 1.442688e+002  4.403069e-005
 1.448875e+002  4.313012e-005
 1.455063e+002  4.575224e-005
 1.461250e+002  4.455779e-005
 1.467438e+002  4.898608e-005
 1.473625e+002  5.299546e-005
 1.479813e+002  6.094058e-005
 1.486000e+002  1.522993e-004
 1.492188e+002  1.993613e-003
 1.498375e+002  5.805158e-003
 1.504563e+002  4.082351e-003
 1.510750e+002  3.677449e-004
 1.516938e+002  8.873713e-005
 1.523125e+002  4.494936e-005
 1.529313e+002  4.237352e-005
 1.535500e+002  4.170243e-005
 1.541688e+002  4.020692e-005
 1.547875e+002  4.211184e-005
 1.554063e+002  3.942750e-005
 1.560250e+002  3.996293e-005
 1.566438e+002  3.929354e-005
 1.572625e+002  3.739653e-005
 1.578813e+002  4.074372e-005
 1.585000e+002  4.005849e-005
 1.591188e+002  3.958577e-005
 1.597375e+002  3.773486e-005
 1.603563e+002  3.793006e-005
 1.609750e+002  3.712934e-005
 1.615938e+002  3.348588e-005
 1.622125e+002  2.913126e-005
 1.628313e+002  3.160366e-005
 1.634500e+002  3.498324e-005
 1.640688e+002  3.211769e-005
 1.646875e+002  3.197458e-005
 1.653063e+002  3.669754e-005
 1.659250e+002  3.924128e-005
 1.665438e+002  3.607507e-005
 1.671625e+002  3.511791e-005
 1.677813e+002  3.641069e-005
 1.684000e+002  3.380929e-005
 1.690188e+002  3.484094e-005
 1.696375e+002  3.671721e-005
 1.702563e+002  3.499942e-005
 1.708750e+002  3.715812e-005
 1.714938e+002  3.477826e-005
 1.721125e+002  3.647234e-005
 1.727313e+002  3.677964e-005
 1.733500e+002  3.479596e-005
 1.739688e+002  3.525343e-005
 1.745875e+002  3.580755e-005
 1.752063e+002  3.549089e-005
 1.758250e+002  3.362537e-005
 1.764438e+002  3.195265e-005
 1.770625e+002  3.574289e-005
 1.776813e+002  3.607130e-005
 1.783000e+002  3.421675e-005
 1.789188e+002  3.254751e-005
 1.795375e+002  3.201114e-005
 1.801563e+002  3.362087e-005
 1.807750e+002  3.339903e-005
 1.813938e+002  3.292193e-005
 1.820125e+002  3.476001e-005
 1.826313e+002  3.602535e-005
 1.832500e+002  3.869185e-005
 1.838688e+002  3.464204e-005
 1.844875e+002  3.598879e-005
 1.851063e+002  3.182577e-005
 1.857250e+002  3.045873e-005
 1.863438e+002  2.929303e-005
 1.869625e+002  3.246924e-005
 1.875813e+002  3.237932e-005
 1.882000e+002  3.231031e-005
 1.888188e+002  2.893383e-005
 1.894375e+002  3.168851e-005
 1.900563e+002  3.179505e-005
 1.906750e+002  3.147241e-005
 1.912938e+002  3.204550e-005
 1.919125e+002  3.026791e-005
 1.925313e+002  3.191850e-005
 1.931500e+002  3.368447e-005
 1.937688e+002  3.361472e-005
 1.943875e+002  3.215225e-005
 1.950063e+002  3.373763e-005
 1.956250e+002  3.236663e-005
 1.962438e+002  3.029822e-005
 1.968625e+002  2.861461e-005
 1.974813e+002  2.986332e-005
 1.981000e+002  3.198377e-005
 1.987188e+002  3.334427e-005
 1.993375e+002  1.590919e-004
 1.999563e+002  3.263438e-004
 2.005750e+002  1.752396e-004
 2.011938e+002  3.062114e-005
 2.018125e+002  3.014080e-005
 2.024313e+002  2.745293e-005
 2.030500e+002  3.169292e-005
 2.036688e+002  3.032509e-005
 2.042875e+002  2.945131e-005
 2.049063e+002  2.690070e-005
 2.055250e+002  2.701428e-005
 2.061438e+002  3.057970e-005
 2.067625e+002  3.167394e-005
 2.073813e+002  2.872826e-005
 2.080000e+002  2.808339e-005
 2.086188e+002  3.206749e-005
 2.092375e+002  2.907724e-005
 2.098563e+002  2.936292e-005
 2.104750e+002  2.905696e-005
 2.110938e+002  2.731467e-005
 2.117125e+002  2.922960e-005
 2.123313e+002  2.998099e-005
 2.129500e+002  3.081433e-005
 2.135688e+002  2.929785e-005
 2.141875e+002  3.045066e-005
 2.148063e+002  3.209751e-005
 2.154250e+002  2.833110e-005
 2.160438e+002  2.762522e-005
 2.166625e+002  2.887902e-005
 2.172813e+002  3.047163e-005
 2.179000e+002  2.687259e-005
 2.185188e+002  2.748035e-005
 2.191375e+002  2.787321e-005
 2.197563e+002  2.572362e-005
 2.203750e+002  2.694702e-005
 2.209938e+002  2.944199e-005
 2.216125e+002  2.968869e-005
 2.222313e+002  2.730462e-005
 2.228500e+002  2.856736e-005
 2.234688e+002  2.871141e-005
 2.240875e+002  3.219310e-005
 2.247063e+002  2.832099e-005
 2.253250e+002  2.827106e-005
 2.259438e+002  2.833983e-005
 2.265625e+002  2.650486e-005
 2.271813e+002  2.638266e-005
 2.278000e+002  2.567951e-005
 2.284188e+002  2.862786e-005
 2.290375e+002  2.790200e-005
 2.296563e+002  2.740685e-005
 2.302750e+002  3.028637e-005
 2.308938e+002  2.928209e-005
 2.315125e+002  2.893467e-005
 2.321313e+002  2.810354e-005
 2.327500e+002  2.805101e-005
 2.333688e+002  3.310365e-005
 2.339875e+002  3.155532e-005
 2.346063e+002  2.868986e-005
 2.352250e+002  3.067429e-005
 2.358438e+002  3.025997e-005
 2.364625e+002  2.837782e-005
 2.370813e+002  2.747445e-005
 2.377000e+002  2.793975e-005
 2.383188e+002  2.760678e-005
 2.389375e+002  2.747948e-005
 2.395563e+002  2.865902e-005
 2.401750e+002  2.938074e-005
 2.407938e+002  2.928335e-005
 2.414125e+002  2.927246e-005
 2.420313e+002  2.819369e-005
 2.426500e+002  2.902050e-005
 2.432688e+002  2.836840e-005
 2.438875e+002  3.003900e-005
 2.445063e+002  2.664888e-005
 2.451250e+002  2.403509e-005
 2.457438e+002  2.647707e-005
 2.463625e+002  2.879658e-005
 2.469813e+002  3.092071e-005
 2.476000e+002  2.789456e-005
 2.482188e+002  2.729642e-005
 2.488375e+002  6.345548e-005
 2.494563e+002  8.394588e-004
 2.500750e+002  1.320260e-003
 2.506938e+002  5.234664e-004
 2.513125e+002  4.134274e-005
 2.519313e+002  2.866135e-005
 2.525500e+002  3.017338e-005
 2.531688e+002  3.021406e-005
 2.537875e+002  2.715062e-005
 2.544063e+002  2.630483e-005
 2.550250e+002  2.864897e-005
 2.556438e+002  2.894420e-005
 2.562625e+002  2.708106e-005
 2.568813e+002  2.484933e-005
 2.575000e+002  2.716059e-005
 2.581188e+002  2.810114e-005
 2.587375e+002  2.568798e-005
 2.593563e+002  2.684544e-005
 2.599750e+002  2.822280e-005
 2.605938e+002  2.806692e-005
 2.612125e+002  2.799980e-005
 2.618313e+002  2.734042e-005
 2.624500e+002  2.706646e-005
 2.630688e+002  2.616108e-005
 2.636875e+002  2.637486e-005
 2.643063e+002  2.918697e-005
 2.649250e+002  2.840886e-005
 2.655438e+002  2.846058e-005
 2.661625e+002  2.712150e-005
 2.667813e+002  2.824945e-005
 2.674000e+002  2.830994e-005
 2.680188e+002  2.616769e-005
 2.686375e+002  2.659756e-005
 2.692563e+002  2.710061e-005
 2.698750e+002  2.714299e-005
 2.704938e+002  2.796542e-005
 2.711125e+002  2.669607e-005
 2.717313e+002  2.757023e-005
 2.723500e+002  2.840527e-005
 2.729688e+002  2.883926e-005
 2.735875e+002  2.785165e-005
 2.742063e+002  2.703397e-005
 2.748250e+002  2.650150e-005
 2.754438e+002  2.660576e-005
 2.760625e+002  2.593420e-005
 2.766813e+002  2.418598e-005
 2.773000e+002  2.478680e-005
 2.779188e+002  2.441395e-005
 2.785375e+002  2.447657e-005
 2.791563e+002  2.576748e-005
 2.797750e+002  2.764729e-005
 2.803938e+002  2.420439e-005
 2.810125e+002  2.467374e-005
 2.816313e+002  2.741117e-005
 2.822500e+002  2.807184e-005
 2.828688e+002  2.525795e-005
 2.834875e+002  2.455052e-005
 2.841063e+002  2.462529e-005
 2.847250e+002  2.612857e-005
 2.853438e+002  2.595090e-005
 2.859625e+002  2.337522e-005
 2.865813e+002  2.387347e-005
 2.872000e+002  2.621519e-005
 2.878188e+002  2.489235e-005
 2.884375e+002  2.382040e-005
 2.890563e+002  2.462524e-005
 2.896750e+002  2.678025e-005
 2.902938e+002  2.606115e-005
 2.909125e+002  2.327390e-005
 2.915313e+002  2.404418e-005
 2.921500e+002  2.626717e-005
 2.927688e+002  2.514098e-005
 2.933875e+002  2.485318e-005
 2.940063e+002  2.534572e-005
 2.946250e+002  2.331909e-005
 2.952438e+002  2.333407e-005
 2.958625e+002  2.397701e-005
 2.964813e+002  2.427467e-005
 2.971000e+002  2.387273e-005
 2.977188e+002  2.495016e-005
 2.983375e+002  2.728802e-005
 2.989563e+002  5.482200e-005
 2.995750e+002  3.276095e-004
 3.001938e+002  3.924628e-004
 3.008125e+002  1.133909e-004
 3.014313e+002  2.825033e-005
 3.020500e+002  2.381500e-005
 3.026688e+002  2.472374e-005
 3.032875e+002  2.641296e-005
 3.039063e+002  2.792530e-005
 3.045250e+002  2.758768e-005
 3.051438e+002  2.528496e-005
 3.057625e+002  2.412509e-005
 3.063813e+002  2.619433e-005
 3.070000e+002  2.554511e-005
 3.076188e+002  2.372201e-005
 3.082375e+002  2.496764e-005
 3.088563e+002  2.502750e-005
 3.094750e+002  2.841043e-005
 3.100938e+002  2.852827e-005
 3.107125e+002  2.634785e-005
 3.113313e+002  2.727390e-005
 3.119500e+002  2.853577e-005
 3.125688e+002  2.880277e-005
 3.131875e+002  2.651287e-005
 3.138063e+002  2.691825e-005
 3.144250e+002  2.624403e-005
 3.150437e+002  2.675754e-005
 3.156625e+002  2.548121e-005
 3.162812e+002  2.477437e-005
 3.169000e+002  2.410202e-005
 3.175187e+002  2.546192e-005
 3.181375e+002  2.630231e-005
 3.187562e+002  2.340322e-005
 3.193750e+002  2.304137e-005
 3.199937e+002  2.519990e-005
 3.206125e+002  2.590180e-005
 3.212312e+002  2.751445e-005
 3.218500e+002  2.801109e-005
 3.224687e+002  2.832069e-005
 3.230875e+002  2.760596e-005
 3.237062e+002  2.454051e-005
 3.243250e+002  2.309825e-005
 3.249437e+002  2.467453e-005
 3.255625e+002  2.473316e-005
 3.261812e+002  2.362174e-005
 3.268000e+002  2.433767e-005
 3.274187e+002  2.580478e-005
 3.280375e+002  2.574252e-005
 3.286562e+002  2.474998e-005
 3.292750e+002  2.463440e-005
 3.298937e+002  2.557438e-005
 3.305125e+002  2.651762e-005
 3.311312e+002  2.438551e-005
 3.317500e+002  2.212064e-005
 3.323687e+002  2.540106e-005
 3.329875e+002  2.673741e-005
 3.336062e+002  2.399213e-005
 3.342250e+002  2.271640e-005
 3.348437e+002  2.131281e-005
 3.354625e+002  2.425574e-005
 3.360812e+002  2.331229e-005
 3.367000e+002  2.348361e-005
 3.373187e+002  2.453416e-005
 3.379375e+002  2.326552e-005
 3.385562e+002  2.448598e-005
 3.391750e+002  2.557579e-005
 3.397937e+002  2.480429e-005
 3.404125e+002  2.496253e-005
 3.410312e+002  2.325489e-005
 3.416500e+002  2.521072e-005
 3.422687e+002  2.504177e-005
 3.428875e+002  2.337499e-005
 3.435062e+002  2.192707e-005
 3.441250e+002  2.300424e-005
 3.447437e+002  2.501954e-005
 3.453625e+002  2.495132e-005
 3.459812e+002  2.670645e-005
 3.466000e+002  2.680222e-005
 3.472187e+002  2.461097e-005
 3.478375e+002  2.623406e-005
 3.484562e+002  2.917877e-005
 3.490750e+002  8.754892e-005
 3.496937e+002  3.518689e-004
 3.503125e+002  3.240884e-004
 3.509312e+002  6.646854e-005
 3.515500e+002  2.315587e-005
 3.521687e+002  2.279604e-005
 3.527875e+002  2.362784e-005
 3.534062e+002  2.154069e-005
 3.540250e+002  2.409107e-005
 3.546437e+002  2.417534e-005
 3.552625e+002  2.342815e-005
 3.558812e+002  2.423910e-005
 3.565000e+002  2.146449e-005
 3.571187e+002  2.229987e-005
 3.577375e+002  2.353371e-005
 3.583562e+002  2.225483e-005
 3.589750e+002  2.372752e-005
 3.595937e+002  2.465429e-005
 3.602125e+002  2.354428e-005
 3.608312e+002  2.294685e-005
 3.614500e+002  2.404921e-005
 3.620687e+002  2.576268e-005
 3.626875e+002  2.618392e-005
 3.633062e+002  2.447870e-005
 3.639250e+002  2.450819e-005
 3.645437e+002  2.518138e-005
 3.651625e+002  2.494797e-005
 3.657812e+002  2.326592e-005
 3.664000e+002  2.431603e-005
 3.670187e+002  2.186336e-005
 3.676375e+002  2.498515e-005
 3.682562e+002  2.678068e-005
 3.688750e+002  2.586258e-005
 3.694937e+002  2.447509e-005
 3.701125e+002  2.331693e-005
 3.707312e+002  2.066006e-005
 3.713500e+002  2.255622e-005
 3.719687e+002  2.503316e-005
 3.725875e+002  2.491899e-005
 3.732062e+002  2.313752e-005
 3.738250e+002  2.347498e-005
 3.744437e+002  2.544805e-005
 3.750625e+002  2.537969e-005
 3.756812e+002  2.335708e-005
 3.763000e+002  2.468723e-005
 3.769187e+002  2.548496e-005
 3.775375e+002  2.718278e-005
 3.781562e+002  2.609876e-005
 3.787750e+002  2.506295e-005
 3.793937e+002  2.507309e-005
 3.800125e+002  2.596011e-005
 3.806312e+002  2.616557e-005
 3.812500e+002  2.375284e-005
 3.818687e+002  2.396216e-005
 3.824875e+002  2.339197e-005
 3.831062e+002  2.313490e-005
 3.837250e+002  2.437840e-005
 3.843437e+002  2.403715e-005
 3.849625e+002  2.380511e-005
 3.855812e+002  2.219582e-005
 3.862000e+002  2.185795e-005
 3.868187e+002  2.317437e-005
 3.874375e+002  2.342757e-005
 3.880562e+002  2.356261e-005
 3.886750e+002  2.447108e-005
 3.892937e+002  2.536108e-005
 3.899125e+002  2.435406e-005
 3.905312e+002  2.371601e-005
 3.911500e+002  2.581328e-005
 3.917687e+002  2.620343e-005
 3.923875e+002  2.426258e-005
 3.930062e+002  2.341869e-005
 3.936250e+002  2.647051e-005
 3.942437e+002  2.745200e-005
 3.948625e+002  2.334660e-005
 3.954812e+002  2.066868e-005
 3.961000e+002  2.211611e-005
 3.967187e+002  2.424112e-005
 3.973375e+002  2.452276e-005
 3.979562e+002  2.495196e-005
 3.985750e+002  2.626718e-005
 3.991937e+002  1.407479e-004
 3.998125e+002  3.921625e-004
 4.004312e+002  2.816039e-004
 4.010500e+002  4.047156e-005
 4.016687e+002  2.540971e-005
 4.022875e+002  2.611234e-005
 4.029062e+002  2.352730e-005
 4.035250e+002  2.314324e-005
 4.041437e+002  2.238269e-005
 4.047625e+002  2.251505e-005
 4.053812e+002  2.280881e-005
 4.060000e+002  2.226791e-005
 4.066187e+002  2.501519e-005
 4.072375e+002  2.462677e-005
 4.078562e+002  2.403267e-005
 4.084750e+002  2.509206e-005
 4.090937e+002  2.483173e-005
 4.097125e+002  2.393273e-005
 4.103312e+002  2.387332e-005
 4.109500e+002  2.468766e-005
 4.115687e+002  2.440927e-005
 4.121875e+002  2.321361e-005
 4.128062e+002  2.340390e-005
 4.134250e+002  2.381099e-005
 4.140437e+002  2.381883e-005
 4.146625e+002  2.454552e-005
 4.152812e+002  2.451438e-005
 4.159000e+002  2.364408e-005
 4.165187e+002  2.249806e-005
 4.171375e+002  2.291907e-005
 4.177562e+002  2.215472e-005
 4.183750e+002  2.227645e-005
 4.189937e+002  2.440079e-005
 4.196125e+002  2.507482e-005
 4.202312e+002  2.297827e-005
 4.208500e+002  2.174815e-005
 4.214687e+002  2.162478e-005
 4.220875e+002  2.280350e-005
 4.227062e+002  2.382482e-005
 4.233250e+002  2.338508e-005
 4.239437e+002  2.317951e-005
 4.245625e+002  2.383983e-005
 4.251812e+002  2.379909e-005
 4.258000e+002  2.368226e-005
 4.264187e+002  2.439017e-005
 4.270375e+002  2.349830e-005
 4.276562e+002  2.314295e-005
 4.282750e+002  2.355525e-005
 4.288937e+002  2.526341e-005
 4.295125e+002  2.369763e-005
 4.301312e+002  2.300444e-005
 4.307500e+002  2.321968e-005
 4.313687e+002  2.360778e-005
 4.319875e+002  2.211263e-005
 4.326062e+002  2.434180e-005
 4.332250e+002  2.490755e-005
 4.338437e+002  2.582383e-005
 4.344625e+002  2.578155e-005
 4.350812e+002  2.561949e-005
 4.357000e+002  2.410474e-005
 4.363187e+002  2.368859e-005
 4.369375e+002  2.298620e-005
 4.375562e+002  2.344091e-005
 4.381750e+002  2.367454e-005
 4.387937e+002  2.332527e-005
 4.394125e+002  2.311658e-005
 4.400312e+002  2.313048e-005
 4.406500e+002  2.390044e-005
 4.412687e+002  2.361352e-005
 4.418875e+002  2.198559e-005
 4.425062e+002  2.268005e-005
 4.431250e+002  2.373936e-005
 4.437437e+002  2.347861e-005
 4.443625e+002  2.216869e-005
 4.449812e+002  2.188962e-005
 4.456000e+002  2.456410e-005
 4.462187e+002  2.373712e-005
 4.468375e+002  2.201023e-005
 4.474562e+002  2.042138e-005
 4.480750e+002  2.356904e-005
 4.486937e+002  2.672052e-005
 4.493125e+002  1.778256e-004
 4.499312e+002  3.582871e-004
 4.505500e+002  1.954733e-004
 4.511687e+002  2.582331e-005
 4.517875e+002  2.217615e-005
 4.524062e+002  2.165233e-005
 4.530250e+002  2.059521e-005
 4.536437e+002  2.139874e-005
 4.542625e+002  2.290423e-005
 4.548812e+002  2.286140e-005
 4.555000e+002  2.361534e-005
 4.561187e+002  2.341536e-005
 4.567375e+002  2.369301e-005
 4.573562e+002  2.343101e-005
 4.579750e+002  2.521862e-005
 4.585937e+002  2.421565e-005
 4.592125e+002  2.323952e-005
 4.598312e+002  2.123325e-005
 4.604500e+002  2.324752e-005
 4.610687e+002  2.285498e-005
 4.616875e+002  2.121395e-005
 4.623062e+002  2.242503e-005
 4.629250e+002  2.225019e-005
 4.635437e+002  2.289210e-005
 4.641625e+002  2.123774e-005
 4.647812e+002  2.150346e-005
 4.654000e+002  2.316452e-005
 4.660187e+002  2.428442e-005
 4.666375e+002  2.305190e-005
 4.672562e+002  2.234904e-005
 4.678750e+002  2.256747e-005
 4.684937e+002  2.322112e-005
 4.691125e+002  2.343340e-005
 4.697312e+002  2.230151e-005
 4.703500e+002  2.155794e-005
 4.709687e+002  2.227845e-005
 4.715875e+002  2.302277e-005
 4.722062e+002  2.188227e-005
 4.728250e+002  2.294589e-005
 4.734437e+002  2.325839e-005
 4.740625e+002  2.272904e-005
 4.746812e+002  2.376602e-005
 4.753000e+002  2.369156e-005
 4.759187e+002  2.302877e-005
 4.765375e+002  2.295350e-005
 4.771562e+002  1.981318e-005
 4.777750e+002  2.054392e-005
 4.783937e+002  2.336435e-005
 4.790125e+002  2.396023e-005
 4.796312e+002  2.457535e-005
 4.802500e+002  2.440729e-005
 4.808687e+002  2.237801e-005
 4.814875e+002  2.325926e-005
 4.821062e+002  2.296040e-005
 4.827250e+002  2.163213e-005
 4.833437e+002  2.358554e-005
 4.839625e+002  2.365623e-005
 4.845812e+002  2.501612e-005
 4.852000e+002  2.230823e-005
 4.858187e+002  2.249860e-005
 4.864375e+002  2.231715e-005
 4.870562e+002  2.153165e-005
 4.876750e+002  2.209570e-005
 4.882937e+002  2.291675e-005
 4.889125e+002  2.192935e-005
 4.895312e+002  2.164204e-005
 4.901500e+002  2.325422e-005
 4.907687e+002  2.341570e-005
 4.913875e+002  2.323912e-005
 4.920062e+002  2.353598e-005
 4.926250e+002  2.372374e-005
 4.932437e+002  2.271040e-005
 4.938625e+002  2.124868e-005
 4.944812e+002  2.043655e-005
 4.951000e+002  2.199462e-005
 4.957187e+002  2.285645e-005
 4.963375e+002  2.416183e-005
 4.969562e+002  2.365847e-005
 4.975750e+002  2.226475e-005
 4.981937e+002  2.426800e-005
 4.988125e+002  3.732040e-005
 4.994312e+002  2.800842e-004
 5.000500e+002  4.300488e-004
 5.006687e+002  1.807227e-004
 5.012875e+002  2.672212e-005
 5.019062e+002  2.350856e-005
 5.025250e+002  2.308964e-005
 5.031437e+002  2.460230e-005
 5.037625e+002  2.385456e-005
 5.043812e+002  2.322834e-005
 5.050000e+002  2.193031e-005
 5.056187e+002  2.132428e-005
 5.062375e+002  2.426470e-005
 5.068562e+002  2.301668e-005
 5.074750e+002  2.100785e-005
 5.080937e+002  2.165282e-005
 5.087125e+002  2.356392e-005
 5.093312e+002  2.335948e-005
 5.099500e+002  2.276821e-005
 5.105687e+002  2.381159e-005
 5.111875e+002  2.332459e-005
 5.118062e+002  2.362733e-005
 5.124250e+002  2.443366e-005
 5.130437e+002  2.485690e-005
 5.136625e+002  2.306603e-005
 5.142812e+002  2.310251e-005
 5.149000e+002  2.117617e-005
 5.155187e+002  2.163489e-005
 5.161375e+002  2.355345e-005
 5.167562e+002  2.331032e-005
 5.173750e+002  2.220768e-005
 5.179937e+002  2.321093e-005
 5.186125e+002  2.469818e-005
 5.192312e+002  2.380075e-005
 5.198500e+002  2.150270e-005
 5.204687e+002  2.095564e-005
 5.210875e+002  2.170437e-005
 5.217062e+002  2.038423e-005
 5.223250e+002  2.103388e-005
 5.229437e+002  2.162130e-005
 5.235625e+002  2.340944e-005
 5.241812e+002  2.328474e-005
 5.248000e+002  2.401355e-005
 5.254187e+002  2.296183e-005
 5.260375e+002  2.300124e-005
 5.266562e+002  2.435535e-005
 5.272750e+002  2.424898e-005
 5.278937e+002  2.251311e-005
 5.285125e+002  2.244023e-005
 5.291312e+002  2.156115e-005
 5.297500e+002  2.185500e-005
 5.303687e+002  2.238018e-005
 5.309875e+002  2.256256e-005
 5.316062e+002  2.401648e-005
 5.322250e+002  2.374043e-005
 5.328437e+002  2.406849e-005
 5.334625e+002  2.435464e-005
 5.340812e+002  2.473092e-005
 5.347000e+002  2.366642e-005
 5.353187e+002  2.199054e-005
 5.359375e+002  2.259293e-005
 5.365562e+002  2.262153e-005
 5.371750e+002  2.463461e-005
 5.377937e+002  2.350156e-005
 5.384125e+002  2.188145e-005
 5.390312e+002  2.214940e-005
 5.396500e+002  2.213696e-005
 5.402687e+002  2.350805e-005
 5.408875e+002  2.338020e-005
 5.415062e+002  2.418249e-005
 5.421250e+002  2.322129e-005
 5.427437e+002  2.130607e-005
 5.433625e+002  2.347129e-005
 5.439812e+002  2.238048e-005
 5.446000e+002  2.316233e-005
 5.452187e+002  2.314959e-005
 5.458375e+002  2.307957e-005
 5.464562e+002  2.741483e-005
 5.470750e+002  2.781207e-005
 5.476937e+002  2.840900e-005
 5.483125e+002  2.725042e-005
 5.489312e+002  8.053737e-005
 5.495500e+002  4.288099e-004
 5.501687e+002  5.076351e-004
 5.507875e+002  1.592733e-004
 5.514062e+002  2.511548e-005
 5.520250e+002  2.232205e-005
 5.526437e+002  2.339862e-005
 5.532625e+002  2.335512e-005
 5.538812e+002  2.410222e-005
 5.545000e+002  2.355286e-005
 5.551187e+002  2.351394e-005
 5.557375e+002  2.370786e-005
 5.563562e+002  2.330700e-005
 5.569750e+002  2.217382e-005
 5.575937e+002  2.268281e-005
 5.582125e+002  2.514460e-005
 5.588312e+002  2.474879e-005
 5.594500e+002  2.240343e-005
 5.600687e+002  2.010785e-005
 5.606875e+002  2.027268e-005
 5.613062e+002  2.073455e-005
 5.619250e+002  2.196129e-005
 5.625437e+002  2.303260e-005
 5.631625e+002  1.981490e-005
 5.637812e+002  1.806743e-005
 5.644000e+002  2.143721e-005
 5.650187e+002  2.285312e-005
 5.656375e+002  2.380658e-005
 5.662562e+002  2.408851e-005
 5.668750e+002  2.466565e-005
 5.674937e+002  2.492276e-005
 5.681125e+002  2.155803e-005
 5.687312e+002  2.061992e-005
 5.693500e+002  2.163488e-005
 5.699687e+002  2.140796e-005
 5.705875e+002  2.235463e-005
 5.712062e+002  2.191684e-005
 5.718250e+002  2.206108e-005
 5.724437e+002  2.263776e-005
 5.730625e+002  2.193346e-005
 5.736812e+002  2.136031e-005
 5.743000e+002  2.162807e-005
 5.749187e+002  2.374275e-005
 5.755375e+002  2.127711e-005
 5.761562e+002  2.161255e-005
 5.767750e+002  2.147900e-005
 5.773937e+002  2.170807e-005
 5.780125e+002  2.091209e-005
 5.786312e+002  2.082880e-005
 5.792500e+002  2.337917e-005
 5.798687e+002  2.220544e-005
 5.804875e+002  2.236030e-005
 5.811062e+002  2.182332e-005
 5.817250e+002  2.219559e-005
 5.823437e+002  2.330079e-005
 5.829625e+002  2.283388e-005
 5.835812e+002  2.267561e-005
 5.842000e+002  2.110055e-005
 5.848187e+002  2.305514e-005
 5.854375e+002  2.541583e-005
 5.860562e+002  2.419724e-005
 5.866750e+002  2.197269e-005
 5.872937e+002  2.257054e-005
 5.879125e+002  2.237695e-005
 5.885312e+002  2.280701e-005
 5.891500e+002  2.206531e-005
 5.897687e+002  2.077776e-005
 5.903875e+002  2.320504e-005
 5.910062e+002  2.289940e-005
 5.916250e+002  2.037786e-005
 5.922437e+002  2.049887e-005
 5.928625e+002  2.321383e-005
 5.934812e+002  2.303457e-005
 5.941000e+002  2.237463e-005
 5.947187e+002  2.264638e-005
 5.953375e+002  2.218028e-005
 5.959562e+002  2.260431e-005
 5.965750e+002  2.157355e-005
 5.971937e+002  2.062208e-005
 5.978125e+002  2.198572e-005
 5.984312e+002  2.262727e-005
 5.990500e+002  6.180689e-005
 5.996687e+002  2.118209e-004
 6.002875e+002  1.968626e-004
 6.009062e+002  4.706040e-005
 6.015250e+002  2.258705e-005
 6.021437e+002  2.121370e-005
 6.027625e+002  2.195049e-005
 6.033812e+002  2.158492e-005
 6.040000e+002  2.069191e-005
 6.046187e+002  2.281674e-005
 6.052375e+002  2.320714e-005
 6.058562e+002  2.239411e-005
 6.064750e+002  2.208492e-005
 6.070937e+002  2.313031e-005
 6.077125e+002  2.250263e-005
 6.083312e+002  2.252296e-005
 6.089500e+002  2.161114e-005
 6.095687e+002  2.021599e-005
 6.101875e+002  2.362243e-005
 6.108062e+002  2.307729e-005
 6.114250e+002  2.148012e-005
 6.120437e+002  2.259966e-005
 6.126625e+002  2.249051e-005
 6.132812e+002  2.285716e-005
 6.139000e+002  2.144096e-005
 6.145187e+002  2.156406e-005
 6.151375e+002  2.038778e-005
 6.157562e+002  2.163155e-005
 6.163750e+002  2.305074e-005
 6.169937e+002  2.411376e-005
 6.176125e+002  2.337636e-005
 6.182312e+002  2.213748e-005
 6.188500e+002  2.235939e-005
 6.194687e+002  2.290952e-005
 6.200875e+002  2.245510e-005
 6.207062e+002  2.270961e-005
 6.213250e+002  2.294765e-005
 6.219437e+002  2.401515e-005
 6.225625e+002  2.255377e-005
 6.231812e+002  2.141744e-005
 6.238000e+002  2.265966e-005
 6.244187e+002  2.424419e-005
 6.250375e+002  2.386446e-005
 6.256562e+002  2.169086e-005
 6.262750e+002  2.126155e-005
 6.268937e+002  2.487890e-005
 6.275125e+002  2.578692e-005
 6.281312e+002  2.248345e-005
 6.287500e+002  2.116251e-005
 6.293687e+002  2.335791e-005
 6.299875e+002  2.261276e-005
 6.306062e+002  2.174857e-005
 6.312250e+002  1.871849e-005
 6.318437e+002  1.961261e-005
 6.324625e+002  2.038912e-005
 6.330812e+002  2.027648e-005
 6.337000e+002  2.055677e-005
 6.343187e+002  2.229732e-005
 6.349375e+002  2.150455e-005
 6.355562e+002  2.164908e-005
 6.361750e+002  2.292162e-005
 6.367937e+002  2.299382e-005
 6.374125e+002  2.325003e-005
 6.380312e+002  2.311178e-005
 6.386500e+002  2.373610e-005
 6.392687e+002  2.220106e-005
 6.398875e+002  2.227472e-005
 6.405062e+002  2.330692e-005
 6.411250e+002  2.389692e-005
 6.417437e+002  2.338172e-005
 6.423625e+002  2.138757e-005
 6.429812e+002  2.141653e-005
 6.436000e+002  2.230534e-005
 6.442187e+002  2.239465e-005
 6.448375e+002  2.240894e-005
 6.454562e+002  2.219015e-005
 6.460750e+002  2.390836e-005
 6.466937e+002  2.453132e-005
 6.473125e+002  2.552015e-005
 6.479312e+002  2.697359e-005
 6.485500e+002  2.892456e-005
 6.491687e+002  2.015553e-004
 6.497875e+002  5.245080e-004
 6.504062e+002  3.810646e-004
 6.510250e+002  6.286782e-005
 6.516437e+002  2.413088e-005
 6.522625e+002  2.310384e-005
 6.528812e+002  2.220165e-005
 6.535000e+002  2.179957e-005
 6.541187e+002  2.404846e-005
 6.547375e+002  2.416250e-005
 6.553562e+002  2.306808e-005
 6.559750e+002  2.365660e-005
 6.565937e+002  2.237236e-005
 6.572125e+002  2.061493e-005
 6.578312e+002  2.141602e-005
 6.584500e+002  2.064413e-005
 6.590687e+002  1.969601e-005
 6.596875e+002  2.182043e-005
 6.603062e+002  2.158922e-005
 6.609250e+002  2.425006e-005
 6.615437e+002  2.455570e-005
 6.621625e+002  2.241062e-005
 6.627812e+002  1.959628e-005
 6.634000e+002  2.158189e-005
 6.640187e+002  2.204531e-005
 6.646375e+002  2.091877e-005
 6.652562e+002  2.063478e-005
 6.658750e+002  2.430069e-005
 6.664937e+002  2.123712e-005
 6.671125e+002  1.979566e-005
 6.677312e+002  2.305482e-005
 6.683500e+002  2.291685e-005
 6.689687e+002  2.263158e-005
 6.695875e+002  2.193206e-005
 6.702062e+002  2.270423e-005
 6.708250e+002  2.371612e-005
 6.714437e+002  2.321680e-005
 6.720625e+002  2.289991e-005
 6.726812e+002  2.286192e-005
 6.733000e+002  2.355124e-005
 6.739187e+002  2.197920e-005
 6.745375e+002  2.230663e-005
 6.751562e+002  2.327643e-005
 6.757750e+002  2.272912e-005
 6.763937e+002  2.062440e-005
 6.770125e+002  2.012878e-005
 6.776312e+002  2.252088e-005
 6.782500e+002  2.274677e-005
 6.788687e+002  2.288426e-005
 6.794875e+002  2.196709e-005
 6.801062e+002  2.222549e-005
 6.807250e+002  2.331321e-005
 6.813437e+002  2.310963e-005
 6.819625e+002  2.227408e-005
 6.825812e+002  2.166099e-005
 6.832000e+002  2.429561e-005
 6.838187e+002  2.618930e-005
 6.844375e+002  2.346176e-005
 6.850562e+002  2.195066e-005
 6.856750e+002  2.128614e-005
 6.862937e+002  2.083174e-005
 6.869125e+002  2.185272e-005
 6.875312e+002  2.210377e-005
 6.881500e+002  2.170280e-005
 6.887687e+002  2.170729e-005
 6.893875e+002  2.229091e-005
 6.900062e+002  2.100593e-005
 6.906250e+002  2.231235e-005
 6.912437e+002  2.222095e-005
 6.918625e+002  2.251257e-005
 6.924812e+002  2.400389e-005
 6.931000e+002  2.445672e-005
 6.937187e+002  2.285142e-005
 6.943375e+002  2.120668e-005
 6.949562e+002  2.068908e-005
 6.955750e+002  2.169665e-005
 6.961937e+002  2.292878e-005
 6.968125e+002  2.288349e-005
 6.974312e+002  2.419104e-005
 6.980500e+002  2.303700e-005
 6.986687e+002  2.378716e-005
 6.992875e+002  1.610075e-004
 6.999062e+002  3.125044e-004
 7.005250e+002  1.793558e-004
 7.011437e+002  2.857950e-005
 7.017625e+002  2.429421e-005
 7.023812e+002  2.332317e-005
 7.030000e+002  2.166084e-005
 7.036187e+002  2.307967e-005
 7.042375e+002  2.172400e-005
 7.048562e+002  2.157136e-005
 7.054750e+002  2.145721e-005
 7.060937e+002  2.085281e-005
 7.067125e+002  2.095080e-005
 7.073312e+002  2.377998e-005
 7.079500e+002  2.289336e-005
 7.085687e+002  2.492285e-005
 7.091875e+002  2.438626e-005
 7.098062e+002  2.220339e-005
 7.104250e+002  2.126560e-005
 7.110437e+002  2.042094e-005
 7.116625e+002  1.909002e-005
 7.122812e+002  1.998312e-005
 7.129000e+002  2.126457e-005
 7.135187e+002  1.935130e-005
 7.141375e+002  1.899209e-005
 7.147562e+002  1.898009e-005
 7.153750e+002  2.126783e-005
 7.159937e+002  1.929271e-005
 7.166125e+002  2.040924e-005
 7.172312e+002  2.209292e-005
 7.178500e+002  2.116349e-005
 7.184687e+002  2.106508e-005
 7.190875e+002  2.042963e-005
 7.197062e+002  1.974311e-005
 7.203250e+002  2.177591e-005
 7.209437e+002  2.174209e-005
 7.215625e+002  2.159329e-005
 7.221812e+002  2.217277e-005
 7.228000e+002  2.144897e-005
 7.234187e+002  2.114666e-005
 7.240375e+002  1.940762e-005
 7.246562e+002  2.131558e-005
 7.252750e+002  2.035899e-005
 7.258937e+002  1.956371e-005
 7.265125e+002  2.212978e-005
 7.271312e+002  2.091737e-005
 7.277500e+002  2.283762e-005
 7.283687e+002  2.333588e-005
 7.289875e+002  2.162542e-005
 7.296062e+002  2.038349e-005
 7.302250e+002  2.302154e-005
 7.308437e+002  2.256521e-005
 7.314625e+002  2.273797e-005
 7.320812e+002  2.304755e-005
 7.327000e+002  2.076465e-005
 7.333187e+002  2.064522e-005
 7.339375e+002  2.218300e-005
 7.345562e+002  2.042986e-005
 7.351750e+002  2.051603e-005
 7.357937e+002  2.151029e-005
 7.364125e+002  2.220410e-005
 7.370312e+002  2.146724e-005
 7.376500e+002  1.997480e-005
 7.382687e+002  2.012064e-005
 7.388875e+002  2.149884e-005
 7.395062e+002  2.152959e-005
 7.401250e+002  2.172318e-005
 7.407437e+002  2.101935e-005
 7.413625e+002  2.105907e-005
 7.419812e+002  2.284673e-005
 7.426000e+002  2.282223e-005
 7.432187e+002  2.157091e-005
 7.438375e+002  1.985766e-005
 7.444562e+002  1.883422e-005
 7.450750e+002  2.015816e-005
 7.456937e+002  2.180207e-005
 7.463125e+002  2.296099e-005
 7.469312e+002  2.221521e-005
 7.475500e+002  2.170061e-005
 7.481687e+002  2.191796e-005
 7.487875e+002  3.612359e-005
 7.494062e+002  2.245028e-004
 7.500250e+002  3.336798e-004
 7.506437e+002  1.507806e-004
 7.512625e+002  2.570364e-005
 7.518812e+002  2.283415e-005
 7.525000e+002  2.327254e-005
 7.531187e+002  2.295737e-005
 7.537375e+002  2.149779e-005
 7.543562e+002  2.125858e-005
 7.549750e+002  2.168583e-005
 7.555937e+002  2.248914e-005
 7.562125e+002  2.169495e-005
 7.568312e+002  1.960343e-005
 7.574500e+002  2.213000e-005
 7.580687e+002  2.169901e-005
 7.586875e+002  2.362477e-005
 7.593062e+002  2.125325e-005
 7.599250e+002  2.163894e-005
 7.605437e+002  2.264810e-005
 7.611625e+002  2.216279e-005
 7.617812e+002  2.142990e-005
 7.624000e+002  2.215522e-005
 7.630187e+002  2.285187e-005
 7.636375e+002  1.993537e-005
 7.642562e+002  2.096655e-005
 7.648750e+002  2.308420e-005
 7.654937e+002  2.243463e-005
 7.661125e+002  1.997313e-005
 7.667312e+002  1.979324e-005
 7.673500e+002  2.046669e-005
 7.679687e+002  2.058798e-005
 7.685875e+002  2.108969e-005
 7.692062e+002  2.271044e-005
 7.698250e+002  2.299370e-005
 7.704437e+002  2.124442e-005
 7.710625e+002  1.871625e-005
 7.716812e+002  1.811519e-005
 7.723000e+002  2.071640e-005
 7.729187e+002  2.418155e-005
 7.735375e+002  2.316937e-005
 7.741562e+002  2.463643e-005
 7.747750e+002  2.366030e-005
 7.753937e+002  2.072220e-005
 7.760125e+002  1.932336e-005
 7.766312e+002  2.103776e-005
 7.772500e+002  2.362686e-005
 7.778687e+002  2.247769e-005
 7.784875e+002  2.066337e-005
 7.791062e+002  2.210413e-005
 7.797250e+002  2.280331e-005
 7.803437e+002  2.236952e-005
 7.809625e+002  2.046359e-005
 7.815812e+002  1.851652e-005
 7.822000e+002  2.003064e-005
 7.828187e+002  2.101239e-005
 7.834375e+002  2.026548e-005
 7.840562e+002  2.027238e-005
 7.846750e+002  2.057915e-005
 7.852937e+002  2.207734e-005
 7.859125e+002  2.303721e-005
 7.865312e+002  2.233605e-005
 7.871500e+002  2.088857e-005
 7.877687e+002  2.169575e-005
 7.883875e+002  2.336101e-005
 7.890062e+002  2.185139e-005
 7.896250e+002  2.043353e-005
 7.902437e+002  2.025789e-005
 7.908625e+002  1.908583e-005
 7.914812e+002  1.956013e-005
 7.921000e+002  2.102663e-005
 7.927187e+002  2.105885e-005
 7.933375e+002  1.886046e-005
 7.939562e+002  2.117132e-005
 7.945750e+002  2.209103e-005
 7.951937e+002  2.112362e-005
 7.958125e+002  1.996722e-005
 7.964312e+002  2.071394e-005
 7.970500e+002  2.062638e-005
 7.976687e+002  2.322730e-005
 7.982875e+002  2.079161e-005
 7.989062e+002  3.892007e-005
 7.995250e+002  1.638623e-004
 8.001437e+002  1.942688e-004
 8.007625e+002  7.222888e-005
 8.013812e+002  2.206287e-005
 8.020000e+002  2.061101e-005
 8.026187e+002  2.045504e-005
 8.032375e+002  2.193108e-005
 8.038562e+002  2.368962e-005
 8.044750e+002  2.303162e-005
 8.050937e+002  2.282151e-005
 8.057125e+002  2.324621e-005
 8.063312e+002  2.066258e-005
 8.069500e+002  1.880293e-005
 8.075687e+002  2.147376e-005
 8.081875e+002  2.247850e-005
 8.088062e+002  2.164861e-005
 8.094250e+002  2.165970e-005
 8.100437e+002  2.081578e-005
 8.106625e+002  1.950801e-005
 8.112812e+002  2.075729e-005
 8.119000e+002  2.302291e-005
 8.125187e+002  2.307368e-005
 8.131375e+002  2.047049e-005
 8.137562e+002  2.057148e-005
 8.143750e+002  2.010556e-005
 8.149937e+002  2.244643e-005
 8.156125e+002  2.215188e-005
 8.162312e+002  2.123858e-005
 8.168500e+002  2.166928e-005
 8.174687e+002  2.177863e-005
 8.180875e+002  2.061973e-005
 8.187062e+002  2.019122e-005
 8.193250e+002  1.977892e-005
 8.199437e+002  2.156519e-005
 8.205625e+002  2.137993e-005
 8.211812e+002  2.199910e-005
 8.218000e+002  2.075882e-005
 8.224187e+002  2.027170e-005
 8.230375e+002  2.197285e-005
 8.236562e+002  2.237685e-005
 8.242750e+002  2.200415e-005
 8.248937e+002  2.350586e-005
 8.255125e+002  2.217454e-005
 8.261312e+002  2.212909e-005
 8.267500e+002  2.194671e-005
 8.273687e+002  2.317550e-005
 8.279875e+002  2.299523e-005
 8.286062e+002  2.115236e-005
 8.292250e+002  2.152398e-005
 8.298437e+002  2.226578e-005
 8.304625e+002  2.109240e-005
 8.310812e+002  2.132894e-005
 8.317000e+002  2.062541e-005
 8.323187e+002  2.017629e-005
 8.329375e+002  2.107060e-005
 8.335562e+002  2.184379e-005
 8.341750e+002  2.255884e-005
 8.347937e+002  2.216049e-005
 8.354125e+002  2.183577e-005
 8.360312e+002  2.039407e-005
 8.366500e+002  2.109640e-005
 8.372687e+002  2.052078e-005
 8.378875e+002  2.043790e-005
 8.385062e+002  2.030809e-005
 8.391250e+002  2.177713e-005
 8.397437e+002  2.197266e-005
 8.403625e+002  2.254854e-005
 8.409812e+002  2.427285e-005
 8.416000e+002  2.367611e-005
 8.422187e+002  2.139526e-005
 8.428375e+002  2.230979e-005
 8.434562e+002  2.127313e-005
 8.440750e+002  2.023565e-005
 8.446937e+002  1.934041e-005
 8.453125e+002  2.043257e-005
 8.459312e+002  2.157751e-005
 8.465500e+002  2.310802e-005
 8.471687e+002  2.238738e-005
 8.477875e+002  2.266436e-005
 8.484062e+002  2.640689e-005
 8.490250e+002  1.037831e-004
 8.496437e+002  3.329923e-004
 8.502625e+002  3.087438e-004
 8.508812e+002  8.486676e-005
 8.515000e+002  2.261131e-005
 8.521187e+002  2.257310e-005
 8.527375e+002  2.218158e-005
 8.533562e+002  2.277436e-005
 8.539750e+002  2.372130e-005
 8.545937e+002  2.085694e-005
 8.552125e+002  2.127350e-005
 8.558312e+002  2.198524e-005
 8.564500e+002  2.152158e-005
 8.570687e+002  2.138348e-005
 8.576875e+002  2.160175e-005
 8.583062e+002  2.317031e-005
 8.589250e+002  2.245133e-005
 8.595437e+002  2.168899e-005
 8.601625e+002  2.199242e-005
 8.607812e+002  2.203110e-005
 8.614000e+002  2.238045e-005
 8.620187e+002  2.107229e-005
 8.626375e+002  2.125643e-005
 8.632562e+002  2.355318e-005
 8.638750e+002  2.307127e-005
 8.644937e+002  2.217501e-005
 8.651125e+002  2.204633e-005
 8.657312e+002  2.323856e-005
 8.663500e+002  2.347119e-005
 8.669687e+002  2.337577e-005
 8.675875e+002  2.171256e-005
 8.682062e+002  2.156351e-005
 8.688250e+002  2.123112e-005
 8.694437e+002  2.093340e-005
 8.700625e+002  1.873014e-005
 8.706812e+002  1.964164e-005
 8.713000e+002  2.043422e-005
 8.719187e+002  2.014840e-005
 8.725375e+002  2.227947e-005
 8.731562e+002  2.406596e-005
 8.737750e+002  1.986875e-005
 8.743937e+002  2.190673e-005
 8.750125e+002  2.511967e-005
 8.756312e+002  2.247277e-005
 8.762500e+002  2.193294e-005
 8.768687e+002  2.273434e-005
 8.774875e+002  2.164401e-005
 8.781062e+002  2.134048e-005
 8.787250e+002  2.181300e-005
 8.793437e+002  2.117030e-005
 8.799625e+002  2.069659e-005
 8.805812e+002  2.197221e-005
 8.812000e+002  2.182182e-005
 8.818187e+002  2.177100e-005
 8.824375e+002  2.130802e-005
 8.830562e+002  2.017955e-005
 8.836750e+002  2.268922e-005
 8.842937e+002  2.158408e-005
 8.849125e+002  2.146256e-005
 8.855312e+002  2.167517e-005
 8.861500e+002  2.183804e-005
 8.867687e+002  2.126272e-005
 8.873875e+002  2.136000e-005
 8.880062e+002  2.211090e-005
 8.886250e+002  2.209520e-005
 8.892437e+002  2.261511e-005
 8.898625e+002  2.425536e-005
 8.904812e+002  2.173218e-005
 8.911000e+002  2.028063e-005
 8.917187e+002  2.105998e-005
 8.923375e+002  2.065275e-005
 8.929562e+002  2.201981e-005
 8.935750e+002  2.196878e-005
 8.941937e+002  2.011900e-005
 8.948125e+002  1.946741e-005
 8.954312e+002  2.149100e-005
 8.960500e+002  2.234798e-005
 8.966687e+002  2.082916e-005
 8.972875e+002  1.901915e-005
 8.979062e+002  1.950539e-005
 8.985250e+002  2.165112e-005
 8.991437e+002  7.310710e-005
 8.997625e+002  1.685614e-004
 9.003812e+002  1.257356e-004
 9.010000e+002  3.331699e-005
 9.016187e+002  2.261674e-005
 9.022375e+002  2.197015e-005
 9.028562e+002  2.061855e-005
 9.034750e+002  2.081301e-005
 9.040937e+002  2.198367e-005
 9.047125e+002  2.057539e-005
 9.053312e+002  2.068345e-005
 9.059500e+002  2.174140e-005
 9.065687e+002  2.029615e-005
 9.071875e+002  1.951679e-005
 9.078062e+002  2.075124e-005
 9.084250e+002  2.115433e-005
 9.090437e+002  2.072021e-005
 9.096625e+002  1.985027e-005
 9.102812e+002  2.016179e-005
 9.109000e+002  1.986764e-005
 9.115187e+002  1.857779e-005
 9.121375e+002  2.034465e-005
 9.127562e+002  2.078943e-005
 9.133750e+002  2.141389e-005
 9.139937e+002  2.045500e-005
 9.146125e+002  2.133176e-005
 9.152312e+002  2.030930e-005
 9.158500e+002  2.049499e-005
 9.164687e+002  2.145411e-005
 9.170875e+002  2.213269e-005
 9.177062e+002  2.119772e-005
 9.183250e+002  2.119292e-005
 9.189437e+002  2.231923e-005
 9.195625e+002  2.129989e-005
 9.201812e+002  2.063667e-005
 9.208000e+002  2.117584e-005
 9.214187e+002  2.096766e-005
 9.220375e+002  2.079349e-005
 9.226562e+002  2.046242e-005
 9.232750e+002  2.038112e-005
 9.238937e+002  2.007586e-005
 9.245125e+002  2.190754e-005
 9.251312e+002  2.163234e-005
 9.257500e+002  2.199713e-005
 9.263687e+002  2.157489e-005
 9.269875e+002  1.983295e-005
 9.276062e+002  1.972646e-005
 9.282250e+002  2.067060e-005
 9.288437e+002  2.158744e-005
 9.294625e+002  2.152663e-005
 9.300812e+002  2.024202e-005
 9.307000e+002  2.104034e-005
 9.313187e+002  2.071861e-005
 9.319375e+002  2.209846e-005
 9.325562e+002  2.173101e-005
 9.331750e+002  2.062645e-005
 9.337937e+002  2.173706e-005
 9.344125e+002  2.243099e-005
 9.350312e+002  2.174737e-005
 9.356500e+002  2.092186e-005
 9.362687e+002  2.135073e-005
 9.368875e+002  2.147821e-005
 9.375062e+002  2.068149e-005
 9.381250e+002  2.027774e-005
 9.387437e+002  2.305882e-005
 9.393625e+002  2.299697e-005
 9.399812e+002  2.259345e-005
 9.406000e+002  2.187292e-005
 9.412187e+002  2.237347e-005
 9.418375e+002  2.220905e-005
 9.424562e+002  1.957040e-005
 9.430750e+002  2.048167e-005
 9.436937e+002  2.052788e-005
 9.443125e+002  2.144915e-005
 9.449312e+002  2.266203e-005
 9.455500e+002  2.186733e-005
 9.461687e+002  2.362277e-005
 9.467875e+002  2.352567e-005
 9.474062e+002  2.196198e-005
 9.480250e+002  2.189004e-005
 9.486437e+002  2.847398e-005
 9.492625e+002  1.796512e-004
 9.498812e+002  3.260919e-004
 9.505000e+002  1.960225e-004
 9.511187e+002  3.705084e-005
 9.517375e+002  2.341763e-005
 9.523562e+002  2.127933e-005
 9.529750e+002  2.020973e-005
 9.535937e+002  2.148731e-005
 9.542125e+002  2.049678e-005
 9.548312e+002  1.916969e-005
 9.554500e+002  2.089568e-005
 9.560687e+002  2.230017e-005
 9.566875e+002  2.173175e-005
 9.573062e+002  2.152182e-005
 9.579250e+002  2.125766e-005
 9.585437e+002  2.027779e-005
 9.591625e+002  1.869037e-005
 9.597812e+002  2.064445e-005
 9.604000e+002  2.214544e-005
 9.610187e+002  2.207299e-005
 9.616375e+002  2.055980e-005
 9.622562e+002  2.213621e-005
 9.628750e+002  2.380885e-005
 9.634937e+002  2.217871e-005
 9.641125e+002  2.060553e-005
 9.647312e+002  2.065673e-005
 9.653500e+002  2.015408e-005
 9.659687e+002  2.164128e-005
 9.665875e+002  2.078915e-005
 9.672062e+002  1.817041e-005
 9.678250e+002  1.965014e-005
 9.684437e+002  2.135291e-005
 9.690625e+002  1.861172e-005
 9.696812e+002  1.942261e-005
 9.703000e+002  2.054023e-005
 9.709187e+002  1.864899e-005
 9.715375e+002  1.880686e-005
 9.721562e+002  2.040668e-005
 9.727750e+002  1.984877e-005
 9.733937e+002  2.039611e-005
 9.740125e+002  2.144674e-005
 9.746312e+002  2.340137e-005
 9.752500e+002  2.367487e-005
 9.758687e+002  2.138167e-005
 9.764875e+002  1.966498e-005
 9.771062e+002  2.037046e-005
 9.777250e+002  2.230210e-005
 9.783437e+002  2.129204e-005
 9.789625e+002  2.175913e-005
 9.795812e+002  2.244748e-005
 9.802000e+002  2.305504e-005
 9.808187e+002  2.134535e-005
 9.814375e+002  2.000940e-005
 9.820562e+002  1.985714e-005
 9.826750e+002  2.074937e-005
 9.832937e+002  2.296285e-005
 9.839125e+002  2.237001e-005
 9.845312e+002  1.966790e-005
 9.851500e+002  1.899029e-005
 9.857687e+002  2.016476e-005
 9.863875e+002  2.120377e-005
 9.870062e+002  2.179976e-005
 9.876250e+002  1.997371e-005
 9.882437e+002  2.011184e-005
 9.888625e+002  2.028624e-005
 9.894812e+002  1.936596e-005
 9.901000e+002  2.034302e-005
 9.907187e+002  1.988650e-005
 9.913375e+002  1.968056e-005
 9.919562e+002  2.145935e-005
 9.925750e+002  2.113062e-005
 9.931937e+002  2.041407e-005
 9.938125e+002  1.994164e-005
 9.944312e+002  2.026123e-005
 9.950500e+002  2.063926e-005
 9.956687e+002  2.160769e-005
 9.962875e+002  2.226444e-005
 9.969062e+002  2.171452e-005
 9.975250e+002  2.101622e-005
 9.981437e+002  2.044622e-005
 9.987625e+002  2.993490e-005
 9.993812e+002  1.183629e-004
 1.000000e+003  1.674684e-004
