 1.000000e+000  1.158963e-003
 1.247500e+000  1.037493e-003
 1.495000e+000  8.266220e-004
 1.742500e+000  8.424618e-004
 1.990000e+000  8.064304e-004
 2.237500e+000  6.554808e-004
 2.485000e+000  5.193475e-004
 2.732500e+000  5.951908e-004
 2.980000e+000  5.776338e-004
 3.227500e+000  5.563337e-004
 3.475000e+000  4.907167e-004
 3.722500e+000  4.096481e-004
 3.970000e+000  4.564722e-004
 4.217500e+000  4.212509e-004
 4.465000e+000  3.800735e-004
 4.712500e+000  3.556488e-004
 4.960000e+000  3.116452e-004
 5.207500e+000  3.462183e-004
 5.455000e+000  3.885198e-004
 5.702500e+000  3.511240e-004
 5.950000e+000  3.496744e-004
 6.197500e+000  3.425322e-004
 6.445000e+000  2.502129e-004
 6.692500e+000  2.822695e-004
 6.940000e+000  2.967213e-004
 7.187500e+000  3.032987e-004
 7.435000e+000  2.483999e-004
 7.682500e+000  3.118762e-004
 7.930000e+000  2.956181e-004
 8.177500e+000  2.706366e-004
 8.425000e+000  2.666457e-004
 8.672500e+000  2.813361e-004
 8.920000e+000  2.738726e-004
 9.167500e+000  2.924589e-004
 9.415000e+000  2.745332e-004
 9.662500e+000  2.859964e-004
 9.910000e+000  2.739768e-004
 1.015750e+001  2.578727e-004
 1.040500e+001  2.622749e-004
 1.065250e+001  2.789339e-004
 1.090000e+001  2.874468e-004
 1.114750e+001  2.326059e-004
 1.139500e+001  2.486498e-004
 1.164250e+001  2.701616e-004
 1.189000e+001  2.231387e-004
 1.213750e+001  2.446731e-004
 1.238500e+001  2.220874e-004
 1.263250e+001  2.313604e-004
 1.288000e+001  2.032996e-004
 1.312750e+001  1.783018e-004
 1.337500e+001  1.950754e-004
 1.362250e+001  2.223942e-004
 1.387000e+001  1.866399e-004
 1.411750e+001  1.801366e-004
 1.436500e+001  2.062598e-004
 1.461250e+001  2.270478e-004
 1.486000e+001  2.283541e-004
 1.510750e+001  2.316629e-004
 1.535500e+001  2.520875e-004
 1.560250e+001  2.715257e-004
 1.585000e+001  2.547622e-004
 1.609750e+001  1.938356e-004
 1.634500e+001  2.047872e-004
 1.659250e+001  1.726482e-004
 1.684000e+001  1.833342e-004
 1.708750e+001  1.860264e-004
 1.733500e+001  1.498737e-004
 1.758250e+001  1.620348e-004
 1.783000e+001  1.955225e-004
 1.807750e+001  2.405029e-004
 1.832500e+001  2.055756e-004
 1.857250e+001  1.671486e-004
 1.882000e+001  1.639048e-004
 1.906750e+001  1.696058e-004
 1.931500e+001  2.018119e-004
 1.956250e+001  1.634165e-004
 1.981000e+001  1.919234e-004
 2.005750e+001  1.966097e-004
 2.030500e+001  2.095953e-004
 2.055250e+001  1.906523e-004
 2.080000e+001  1.649761e-004
 2.104750e+001  1.960343e-004
 2.129500e+001  1.724056e-004
 2.154250e+001  1.454953e-004
 2.179000e+001  1.721957e-004
 2.203750e+001  1.736025e-004
 2.228500e+001  1.631521e-004
 2.253250e+001  1.898669e-004
 2.278000e+001  1.969620e-004
 2.302750e+001  1.839645e-004
 2.327500e+001  2.036093e-004
 2.352250e+001  1.974380e-004
 2.377000e+001  1.891694e-004
 2.401750e+001  1.888840e-004
 2.426500e+001  1.780799e-004
 2.451250e+001  1.461751e-004
 2.476000e+001  1.311669e-004
 2.500750e+001  1.478380e-004
 2.525500e+001  1.774087e-004
 2.550250e+001  1.638245e-004
 2.575000e+001  1.306097e-004
 2.599750e+001  1.600027e-004
 2.624500e+001  1.477982e-004
 2.649250e+001  1.416126e-004
 2.674000e+001  1.294844e-004
 2.698750e+001  1.152144e-004
 2.723500e+001  1.513274e-004
 2.748250e+001  1.757800e-004
 2.773000e+001  1.882604e-004
 2.797750e+001  1.598792e-004
 2.822500e+001  1.450056e-004
 2.847250e+001  1.311719e-004
 2.872000e+001  1.266565e-004
 2.896750e+001  1.464273e-004
 2.921500e+001  1.799705e-004
 2.946250e+001  1.750702e-004
 2.971000e+001  1.264865e-004
 2.995750e+001  1.304123e-004
 3.020500e+001  1.312652e-004
 3.045250e+001  1.247647e-004
 3.070000e+001  1.396053e-004
 3.094750e+001  1.590378e-004
 3.119500e+001  1.532040e-004
 3.144250e+001  1.533618e-004
 3.169000e+001  1.419800e-004
 3.193750e+001  1.373728e-004
 3.218500e+001  1.268352e-004
 3.243250e+001  1.055789e-004
 3.268000e+001  1.477863e-004
 3.292750e+001  1.304234e-004
 3.317500e+001  1.304570e-004
 3.342250e+001  1.412027e-004
 3.367000e+001  1.382369e-004
 3.391750e+001  1.384516e-004
 3.416500e+001  1.526861e-004
 3.441250e+001  1.274055e-004
 3.466000e+001  1.095799e-004
 3.490750e+001  1.166222e-004
 3.515500e+001  1.343223e-004
 3.540250e+001  1.419333e-004
 3.565000e+001  1.241788e-004
 3.589750e+001  1.270379e-004
 3.614500e+001  1.341602e-004
 3.639250e+001  1.475150e-004
 3.664000e+001  1.468608e-004
 3.688750e+001  1.185340e-004
 3.713500e+001  1.331338e-004
 3.738250e+001  1.486419e-004
 3.763000e+001  1.499219e-004
 3.787750e+001  1.253918e-004
 3.812500e+001  1.220940e-004
 3.837250e+001  1.259616e-004
 3.862000e+001  1.289315e-004
 3.886750e+001  1.466926e-004
 3.911500e+001  1.725390e-004
 3.936250e+001  1.755236e-004
 3.961000e+001  1.220457e-004
 3.985750e+001  1.103079e-004
 4.010500e+001  1.525629e-004
 4.035250e+001  1.385810e-004
 4.060000e+001  1.269980e-004
 4.084750e+001  1.190877e-004
 4.109500e+001  1.105872e-004
 4.134250e+001  1.183322e-004
 4.159000e+001  1.191827e-004
 4.183750e+001  1.286445e-004
 4.208500e+001  1.237231e-004
 4.233250e+001  1.181613e-004
 4.258000e+001  2.094009e-004
 4.282750e+001  3.162621e-004
 4.307500e+001  1.951611e-004
 4.332250e+001  1.340475e-004
 4.357000e+001  1.157503e-004
 4.381750e+001  1.198964e-004
 4.406500e+001  1.161592e-004
 4.431250e+001  1.142179e-004
 4.456000e+001  1.079581e-004
 4.480750e+001  1.111811e-004
 4.505500e+001  1.330922e-004
 4.530250e+001  1.175718e-004
 4.555000e+001  1.063210e-004
 4.579750e+001  1.213755e-004
 4.604500e+001  1.132228e-004
 4.629250e+001  1.225614e-004
 4.654000e+001  1.280206e-004
 4.678750e+001  1.000059e-004
 4.703500e+001  1.029606e-004
 4.728250e+001  1.333197e-004
 4.753000e+001  1.369066e-004
 4.777750e+001  1.028316e-004
 4.802500e+001  1.103077e-004
 4.827250e+001  1.115540e-004
 4.852000e+001  1.088364e-004
 4.876750e+001  1.099627e-004
 4.901500e+001  9.954554e-005
 4.926250e+001  1.166352e-004
 4.951000e+001  1.176015e-004
 4.975750e+001  6.328847e-003
 5.000500e+001  1.346862e-002
 5.025250e+001  7.198318e-003
 5.050000e+001  1.772602e-004
 5.074750e+001  1.087810e-004
 5.099500e+001  1.052930e-004
 5.124250e+001  1.129274e-004
 5.149000e+001  1.087578e-004
 5.173750e+001  1.054635e-004
 5.198500e+001  1.182450e-004
 5.223250e+001  1.284147e-004
 5.248000e+001  1.201823e-004
 5.272750e+001  1.291055e-004
 5.297500e+001  1.257135e-004
 5.322250e+001  1.041029e-004
 5.347000e+001  9.138965e-005
 5.371750e+001  1.086541e-004
 5.396500e+001  1.220814e-004
 5.421250e+001  1.149374e-004
 5.446000e+001  1.040771e-004
 5.470750e+001  1.219606e-004
 5.495500e+001  1.030410e-004
 5.520250e+001  8.943115e-005
 5.545000e+001  8.951185e-005
 5.569750e+001  8.031581e-005
 5.594500e+001  9.604852e-005
 5.619250e+001  9.534735e-005
 5.644000e+001  8.783283e-005
 5.668750e+001  9.514731e-005
 5.693500e+001  1.062071e-004
 5.718250e+001  9.572280e-005
 5.743000e+001  9.995603e-005
 5.767750e+001  9.957004e-005
 5.792500e+001  1.051918e-004
 5.817250e+001  1.100617e-004
 5.842000e+001  9.802974e-005
 5.866750e+001  8.925186e-005
 5.891500e+001  9.835926e-005
 5.916250e+001  9.178499e-005
 5.941000e+001  9.072410e-005
 5.965750e+001  1.075316e-004
 5.990500e+001  1.066071e-004
 6.015250e+001  9.576946e-005
 6.040000e+001  1.052258e-004
 6.064750e+001  9.305574e-005
 6.089500e+001  9.387650e-005
 6.114250e+001  9.563933e-005
 6.139000e+001  8.665481e-005
 6.163750e+001  8.407369e-005
 6.188500e+001  8.989510e-005
 6.213250e+001  8.103249e-005
 6.238000e+001  7.909059e-005
 6.262750e+001  7.947945e-005
 6.287500e+001  8.321231e-005
 6.312250e+001  9.586262e-005
 6.337000e+001  9.028129e-005
 6.361750e+001  7.899038e-005
 6.386500e+001  8.607037e-005
 6.411250e+001  8.597637e-005
 6.436000e+001  7.060716e-005
 6.460750e+001  7.304088e-005
 6.485500e+001  8.041145e-005
 6.510250e+001  8.226245e-005
 6.535000e+001  8.045291e-005
 6.559750e+001  8.209372e-005
 6.584500e+001  8.746971e-005
 6.609250e+001  8.394049e-005
 6.634000e+001  9.324783e-005
 6.658750e+001  8.888848e-005
 6.683500e+001  7.697982e-005
 6.708250e+001  5.454356e-005
 6.733000e+001  5.862852e-005
 6.757750e+001  7.081893e-005
 6.782500e+001  8.375914e-005
 6.807250e+001  9.822257e-005
 6.832000e+001  8.778540e-005
 6.856750e+001  8.243837e-005
 6.881500e+001  8.894929e-005
 6.906250e+001  6.554917e-005
 6.931000e+001  7.690468e-005
 6.955750e+001  8.587828e-005
 6.980500e+001  6.672979e-005
 7.005250e+001  7.157464e-005
 7.030000e+001  7.268882e-005
 7.054750e+001  6.795112e-005
 7.079500e+001  8.514634e-005
 7.104250e+001  9.629412e-005
 7.129000e+001  8.167602e-005
 7.153750e+001  8.170135e-005
 7.178500e+001  9.758563e-005
 7.203250e+001  8.726097e-005
 7.228000e+001  7.685604e-005
 7.252750e+001  6.782377e-005
 7.277500e+001  7.334371e-005
 7.302250e+001  6.974407e-005
 7.327000e+001  6.457962e-005
 7.351750e+001  6.654958e-005
 7.376500e+001  7.648022e-005
 7.401250e+001  7.891415e-005
 7.426000e+001  8.035777e-005
 7.450750e+001  7.481043e-005
 7.475500e+001  7.817529e-005
 7.500250e+001  9.108435e-005
 7.525000e+001  1.287254e-004
 7.549750e+001  6.223063e-004
 7.574500e+001  8.966828e-004
 7.599250e+001  3.528001e-004
 7.624000e+001  1.038784e-004
 7.648750e+001  7.884449e-005
 7.673500e+001  6.610796e-005
 7.698250e+001  8.516732e-005
 7.723000e+001  7.074889e-005
 7.747750e+001  1.009501e-004
 7.772500e+001  1.198176e-004
 7.797250e+001  1.196161e-004
 7.822000e+001  1.181914e-004
 7.846750e+001  9.810476e-005
 7.871500e+001  7.003689e-005
 7.896250e+001  7.947992e-005
 7.921000e+001  7.233473e-005
 7.945750e+001  7.299127e-005
 7.970500e+001  7.503644e-005
 7.995250e+001  8.005860e-005
 8.020000e+001  7.753935e-005
 8.044750e+001  6.556618e-005
 8.069500e+001  7.001851e-005
 8.094250e+001  1.017746e-004
 8.119000e+001  8.680234e-005
 8.143750e+001  6.616679e-005
 8.168500e+001  6.582450e-005
 8.193250e+001  6.411104e-005
 8.218000e+001  8.118753e-005
 8.242750e+001  7.329344e-005
 8.267500e+001  6.918139e-005
 8.292250e+001  6.001254e-005
 8.317000e+001  5.116588e-005
 8.341750e+001  8.742805e-005
 8.366500e+001  8.881372e-005
 8.391250e+001  8.403768e-005
 8.416000e+001  7.615436e-005
 8.440750e+001  5.528023e-005
 8.465500e+001  6.789925e-005
 8.490250e+001  7.636570e-005
 8.515000e+001  8.999057e-005
 8.539750e+001  7.632649e-005
 8.564500e+001  5.924666e-005
 8.589250e+001  6.490762e-005
 8.614000e+001  7.658654e-005
 8.638750e+001  5.124836e-005
 8.663500e+001  6.141330e-005
 8.688250e+001  6.176043e-005
 8.713000e+001  6.067252e-005
 8.737750e+001  6.413289e-005
 8.762500e+001  8.666596e-005
 8.787250e+001  7.444627e-005
 8.812000e+001  7.545360e-005
 8.836750e+001  6.614189e-005
 8.861500e+001  6.412989e-005
 8.886250e+001  7.085413e-005
 8.911000e+001  7.331015e-005
 8.935750e+001  6.335938e-005
 8.960500e+001  6.009717e-005
 8.985250e+001  5.977958e-005
 9.010000e+001  6.136940e-005
 9.034750e+001  5.500338e-005
 9.059500e+001  5.291245e-005
 9.084250e+001  6.958637e-005
 9.109000e+001  9.488924e-005
 9.133750e+001  1.809341e-004
 9.158500e+001  1.201295e-004
 9.183250e+001  5.152414e-005
 9.208000e+001  6.055034e-005
 9.232750e+001  5.545460e-005
 9.257500e+001  6.057984e-005
 9.282250e+001  5.253258e-005
 9.307000e+001  6.403268e-005
 9.331750e+001  6.048653e-005
 9.356500e+001  5.691413e-005
 9.381250e+001  6.133418e-005
 9.406000e+001  6.120779e-005
 9.430750e+001  3.992168e-005
 9.455500e+001  4.462165e-005
 9.480250e+001  4.928400e-005
 9.505000e+001  5.667460e-005
 9.529750e+001  5.656063e-005
 9.554500e+001  6.339463e-005
 9.579250e+001  6.526893e-005
 9.604000e+001  6.498332e-005
 9.628750e+001  5.715554e-005
 9.653500e+001  5.641375e-005
 9.678250e+001  5.146409e-005
 9.703000e+001  7.045156e-005
 9.727750e+001  6.773615e-005
 9.752500e+001  6.225221e-005
 9.777250e+001  5.249490e-005
 9.802000e+001  6.034654e-005
 9.826750e+001  8.640947e-005
 9.851500e+001  8.368470e-005
 9.876250e+001  6.958831e-005
 9.901000e+001  6.548023e-005
 9.925750e+001  5.585114e-005
 9.950500e+001  5.855686e-005
 9.975250e+001  1.554557e-004
 1.000000e+002  3.689405e-004
