 1.000000e+001  5.342531e-005
 1.061875e+001  5.451307e-005
 1.123750e+001  4.760564e-005
 1.185625e+001  5.430833e-005
 1.247500e+001  4.297835e-005
 1.309375e+001  3.798038e-005
 1.371250e+001  4.686545e-005
 1.433125e+001  6.300899e-005
 1.495000e+001  5.683607e-005
 1.556875e+001  4.397398e-005
 1.618750e+001  3.641088e-005
 1.680625e+001  3.414800e-005
 1.742500e+001  4.121465e-005
 1.804375e+001  3.673586e-005
 1.866250e+001  3.756214e-005
 1.928125e+001  4.416874e-005
 1.990000e+001  4.628945e-005
 2.051875e+001  3.766899e-005
 2.113750e+001  3.510446e-005
 2.175625e+001  4.033486e-005
 2.237500e+001  3.989856e-005
 2.299375e+001  5.101632e-005
 2.361250e+001  4.469792e-005
 2.423125e+001  3.325084e-005
 2.485000e+001  3.110195e-005
 2.546875e+001  3.256375e-005
 2.608750e+001  3.623899e-005
 2.670625e+001  4.420032e-005
 2.732500e+001  4.042195e-005
 2.794375e+001  3.334634e-005
 2.856250e+001  3.761366e-005
 2.918125e+001  3.918106e-005
 2.980000e+001  4.249189e-005
 3.041875e+001  4.222762e-005
 3.103750e+001  3.557492e-005
 3.165625e+001  3.121129e-005
 3.227500e+001  3.288245e-005
 3.289375e+001  4.304137e-005
 3.351250e+001  4.368437e-005
 3.413125e+001  3.706762e-005
 3.475000e+001  3.245444e-005
 3.536875e+001  2.411044e-005
 3.598750e+001  3.534127e-005
 3.660625e+001  4.046938e-005
 3.722500e+001  4.131406e-005
 3.784375e+001  3.047092e-005
 3.846250e+001  3.085295e-005
 3.908125e+001  3.015927e-005
 3.970000e+001  3.272990e-005
 4.031875e+001  3.184103e-005
 4.093750e+001  2.364343e-005
 4.155625e+001  2.740719e-005
 4.217500e+001  3.341348e-005
 4.279375e+001  2.692099e-005
 4.341250e+001  2.483224e-005
 4.403125e+001  3.067636e-005
 4.465000e+001  2.535999e-005
 4.526875e+001  2.386693e-005
 4.588750e+001  3.142894e-005
 4.650625e+001  2.314947e-005
 4.712500e+001  3.283302e-005
 4.774375e+001  4.972276e-005
 4.836250e+001  1.055236e-004
 4.898125e+001  5.946319e-004
 4.960000e+001  4.462573e-003
 5.021875e+001  5.470352e-003
 5.083750e+001  1.523275e-003
 5.145625e+001  1.603382e-004
 5.207500e+001  6.129354e-005
 5.269375e+001  3.248024e-005
 5.331250e+001  2.490788e-005
 5.393125e+001  3.502631e-005
 5.455000e+001  2.823020e-005
 5.516875e+001  2.777654e-005
 5.578750e+001  2.538440e-005
 5.640625e+001  3.015990e-005
 5.702500e+001  2.863688e-005
 5.764375e+001  2.659914e-005
 5.826250e+001  2.603932e-005
 5.888125e+001  3.039848e-005
 5.950000e+001  3.895987e-004
 6.011875e+001  6.221886e-004
 6.073750e+001  2.457343e-004
 6.135625e+001  2.742038e-005
 6.197500e+001  2.414226e-005
 6.259375e+001  2.403718e-005
 6.321250e+001  2.638151e-005
 6.383125e+001  2.297289e-005
 6.445000e+001  2.092033e-005
 6.506875e+001  1.997462e-005
 6.568750e+001  2.253887e-005
 6.630625e+001  1.869203e-005
 6.692500e+001  1.841790e-005
 6.754375e+001  2.319065e-005
 6.816250e+001  2.126011e-005
 6.878125e+001  1.766574e-005
 6.940000e+001  2.238190e-005
 7.001875e+001  2.527805e-005
 7.063750e+001  2.414900e-005
 7.125625e+001  2.036024e-005
 7.187500e+001  2.045697e-005
 7.249375e+001  1.916725e-005
 7.311250e+001  1.788406e-005
 7.373125e+001  1.998941e-005
 7.435000e+001  2.638047e-005
 7.496875e+001  3.697339e-005
 7.558750e+001  4.180600e-005
 7.620625e+001  2.058199e-005
 7.682500e+001  1.666794e-005
 7.744375e+001  1.974007e-005
 7.806250e+001  2.521396e-005
 7.868125e+001  2.088602e-005
 7.930000e+001  2.062676e-005
 7.991875e+001  2.349358e-005
 8.053750e+001  2.150789e-005
 8.115625e+001  2.341692e-005
 8.177500e+001  2.146267e-005
 8.239375e+001  1.823999e-005
 8.301250e+001  1.711433e-005
 8.363125e+001  1.790758e-005
 8.425000e+001  1.914197e-005
 8.486875e+001  2.167897e-005
 8.548750e+001  2.003432e-005
 8.610625e+001  2.180491e-005
 8.672500e+001  1.765160e-005
 8.734375e+001  1.613621e-005
 8.796250e+001  1.715889e-005
 8.858125e+001  1.711126e-005
 8.920000e+001  1.555989e-005
 8.981875e+001  1.707043e-005
 9.043750e+001  1.410406e-005
 9.105625e+001  1.727782e-005
 9.167500e+001  2.411789e-005
 9.229375e+001  2.039727e-005
 9.291250e+001  1.666024e-005
 9.353125e+001  1.894873e-005
 9.415000e+001  2.061218e-005
 9.476875e+001  1.848828e-005
 9.538750e+001  1.684614e-005
 9.600625e+001  2.071523e-005
 9.662500e+001  2.209731e-005
 9.724375e+001  2.057879e-005
 9.786250e+001  2.080067e-005
 9.848125e+001  4.077090e-005
 9.910000e+001  5.468958e-005
 9.971875e+001  2.569311e-004
 1.003375e+002  2.494266e-004
 1.009563e+002  4.787342e-005
 1.015750e+002  1.577838e-005
 1.021938e+002  1.372883e-005
 1.028125e+002  1.631201e-005
 1.034313e+002  1.495034e-005
 1.040500e+002  1.350425e-005
 1.046688e+002  1.263177e-005
 1.052875e+002  1.310666e-005
 1.059063e+002  1.592402e-005
 1.065250e+002  1.207262e-005
 1.071438e+002  1.683985e-005
 1.077625e+002  1.547258e-005
 1.083813e+002  1.502659e-005
 1.090000e+002  1.312509e-005
 1.096188e+002  1.384529e-005
 1.102375e+002  1.458910e-005
 1.108563e+002  1.317129e-005
 1.114750e+002  1.473366e-005
 1.120938e+002  1.373996e-005
 1.127125e+002  1.361998e-005
 1.133313e+002  1.590825e-005
 1.139500e+002  1.809190e-005
 1.145688e+002  1.582893e-005
 1.151875e+002  1.058917e-005
 1.158063e+002  1.432428e-005
 1.164250e+002  1.171592e-005
 1.170438e+002  1.336749e-005
 1.176625e+002  1.597997e-005
 1.182813e+002  1.484445e-005
 1.189000e+002  2.149095e-005
 1.195188e+002  3.896942e-004
 1.201375e+002  6.318879e-004
 1.207563e+002  2.509821e-004
 1.213750e+002  1.751112e-005
 1.219938e+002  1.819459e-005
 1.226125e+002  2.315851e-005
 1.232313e+002  1.897864e-005
 1.238500e+002  1.410491e-005
 1.244688e+002  1.357046e-005
 1.250875e+002  1.339092e-005
 1.257063e+002  1.211120e-005
 1.263250e+002  1.278930e-005
 1.269438e+002  1.230632e-005
 1.275625e+002  1.614373e-005
 1.281813e+002  1.616663e-005
 1.288000e+002  1.321483e-005
 1.294188e+002  1.311501e-005
 1.300375e+002  1.156158e-005
 1.306563e+002  1.043549e-005
 1.312750e+002  1.168337e-005
 1.318938e+002  1.073139e-005
 1.325125e+002  1.143236e-005
 1.331313e+002  1.408316e-005
 1.337500e+002  1.568709e-005
 1.343688e+002  1.230550e-005
 1.349875e+002  1.220657e-005
 1.356063e+002  1.460261e-005
 1.362250e+002  1.318309e-005
 1.368438e+002  1.071658e-005
 1.374625e+002  1.249909e-005
 1.380813e+002  1.452280e-005
 1.387000e+002  1.291462e-005
 1.393188e+002  1.132798e-005
 1.399375e+002  1.580873e-005
 1.405563e+002  1.166808e-005
 1.411750e+002  5.573374e-005
 1.417938e+002  8.786405e-005
 1.424125e+002  9.926305e-005
 1.430313e+002  6.644040e-005
 1.436500e+002  1.231545e-005
 1.442688e+002  1.462663e-005
 1.448875e+002  1.031325e-005
 1.455063e+002  1.300737e-005
 1.461250e+002  1.626176e-005
 1.467438e+002  1.731409e-005
 1.473625e+002  2.816306e-005
 1.479813e+002  5.660596e-005
 1.486000e+002  1.910716e-004
 1.492188e+002  2.190315e-003
 1.498375e+002  6.984492e-003
 1.504563e+002  5.246760e-003
 1.510750e+002  5.621550e-004
 1.516938e+002  1.119872e-004
 1.523125e+002  3.822289e-005
 1.529313e+002  2.096409e-005
 1.535500e+002  1.638697e-005
 1.541688e+002  1.119071e-005
 1.547875e+002  1.368873e-005
 1.554063e+002  1.018673e-005
 1.560250e+002  1.234845e-005
 1.566438e+002  1.335252e-005
 1.572625e+002  1.204478e-005
 1.578813e+002  1.329705e-005
 1.585000e+002  1.129616e-005
 1.591188e+002  1.157033e-005
 1.597375e+002  1.363917e-005
 1.603563e+002  1.456415e-005
 1.609750e+002  1.160434e-005
 1.615938e+002  1.156731e-005
 1.622125e+002  1.295812e-005
 1.628313e+002  9.814592e-006
 1.634500e+002  1.061647e-005
 1.640688e+002  1.392950e-005
 1.646875e+002  1.034179e-005
 1.653063e+002  1.063339e-005
 1.659250e+002  1.149774e-005
 1.665438e+002  1.142067e-005
 1.671625e+002  1.163625e-005
 1.677813e+002  1.093828e-005
 1.684000e+002  9.990168e-006
 1.690188e+002  1.096186e-005
 1.696375e+002  1.331297e-005
 1.702563e+002  1.703674e-005
 1.708750e+002  1.247931e-005
 1.714938e+002  1.081599e-005
 1.721125e+002  1.099422e-005
 1.727313e+002  1.176038e-005
 1.733500e+002  1.030100e-005
 1.739688e+002  1.351013e-005
 1.745875e+002  1.235684e-005
 1.752063e+002  9.095530e-006
 1.758250e+002  1.777626e-005
 1.764438e+002  1.609853e-005
 1.770625e+002  1.258720e-005
 1.776813e+002  1.096363e-005
 1.783000e+002  1.826878e-005
 1.789188e+002  2.611622e-005
 1.795375e+002  4.152304e-004
 1.801563e+002  6.792929e-004
 1.807750e+002  2.765252e-004
 1.813938e+002  1.336541e-005
 1.820125e+002  1.188147e-005
 1.826313e+002  8.305057e-006
 1.832500e+002  9.315108e-006
 1.838688e+002  9.313322e-006
 1.844875e+002  9.818473e-006
 1.851063e+002  1.023766e-005
 1.857250e+002  1.101535e-005
 1.863438e+002  1.036215e-005
 1.869625e+002  1.100321e-005
 1.875813e+002  8.448427e-006
 1.882000e+002  1.106711e-005
 1.888188e+002  1.275723e-005
 1.894375e+002  1.177506e-005
 1.900563e+002  1.192796e-005
 1.906750e+002  9.639304e-006
 1.912938e+002  1.082615e-005
 1.919125e+002  1.230467e-005
 1.925313e+002  9.586325e-006
 1.931500e+002  9.194344e-006
 1.937688e+002  9.546073e-006
 1.943875e+002  8.736779e-006
 1.950063e+002  9.581070e-006
 1.956250e+002  1.072130e-005
 1.962438e+002  9.396648e-006
 1.968625e+002  1.070485e-005
 1.974813e+002  1.182414e-005
 1.981000e+002  1.359165e-005
 1.987188e+002  1.122287e-005
 1.993375e+002  2.061971e-005
 1.999563e+002  4.407801e-005
 2.005750e+002  2.775469e-005
 2.011938e+002  1.276455e-005
 2.018125e+002  1.321149e-005
 2.024313e+002  1.136480e-005
 2.030500e+002  9.101382e-006
 2.036688e+002  9.002351e-006
 2.042875e+002  8.162405e-006
 2.049063e+002  8.864833e-006
 2.055250e+002  1.087953e-005
 2.061438e+002  1.156169e-005
 2.067625e+002  1.099265e-005
 2.073813e+002  1.051500e-005
 2.080000e+002  9.026925e-006
 2.086188e+002  9.713591e-006
 2.092375e+002  9.850342e-006
 2.098563e+002  1.083902e-005
 2.104750e+002  1.268963e-005
 2.110938e+002  1.239906e-005
 2.117125e+002  1.040998e-005
 2.123313e+002  1.229450e-005
 2.129500e+002  1.313932e-005
 2.135688e+002  1.223560e-005
 2.141875e+002  1.050134e-005
 2.148063e+002  9.144577e-006
 2.154250e+002  8.400817e-006
 2.160438e+002  8.127804e-006
 2.166625e+002  7.606038e-006
 2.172813e+002  9.089456e-006
 2.179000e+002  9.651439e-006
 2.185188e+002  8.357579e-006
 2.191375e+002  9.985853e-006
 2.197563e+002  8.160930e-006
 2.203750e+002  9.583389e-006
 2.209938e+002  9.415499e-006
 2.216125e+002  8.198763e-006
 2.222313e+002  9.163639e-006
 2.228500e+002  9.430139e-006
 2.234688e+002  9.243553e-006
 2.240875e+002  9.675921e-006
 2.247063e+002  9.521903e-006
 2.253250e+002  1.034017e-005
 2.259438e+002  1.076032e-005
 2.265625e+002  1.003640e-005
 2.271813e+002  1.117999e-005
 2.278000e+002  9.530355e-006
 2.284188e+002  8.596912e-006
 2.290375e+002  8.714335e-006
 2.296563e+002  8.902079e-006
 2.302750e+002  9.701029e-006
 2.308938e+002  9.056617e-006
 2.315125e+002  8.598154e-006
 2.321313e+002  1.060900e-005
 2.327500e+002  1.059875e-005
 2.333688e+002  1.051017e-005
 2.339875e+002  1.238417e-005
 2.346063e+002  1.287925e-005
 2.352250e+002  1.298651e-005
 2.358438e+002  1.168577e-005
 2.364625e+002  9.938574e-006
 2.370813e+002  9.049639e-006
 2.377000e+002  1.526357e-005
 2.383188e+002  1.299816e-005
 2.389375e+002  2.132739e-005
 2.395563e+002  4.293177e-004
 2.401750e+002  7.131978e-004
 2.407938e+002  2.916315e-004
 2.414125e+002  1.722776e-005
 2.420313e+002  1.230765e-005
 2.426500e+002  1.039276e-005
 2.432688e+002  8.893413e-006
 2.438875e+002  8.927796e-006
 2.445063e+002  7.441328e-006
 2.451250e+002  8.116479e-006
 2.457438e+002  1.054817e-005
 2.463625e+002  9.327709e-006
 2.469813e+002  9.181446e-006
 2.476000e+002  1.083760e-005
 2.482188e+002  9.247772e-006
 2.488375e+002  2.317219e-005
 2.494563e+002  5.215578e-004
 2.500750e+002  9.191880e-004
 2.506938e+002  4.055912e-004
 2.513125e+002  1.835085e-005
 2.519313e+002  1.110268e-005
 2.525500e+002  1.103127e-005
 2.531688e+002  9.250760e-006
 2.537875e+002  9.195112e-006
 2.544063e+002  1.013060e-005
 2.550250e+002  9.073475e-006
 2.556438e+002  1.360537e-005
 2.562625e+002  1.499389e-005
 2.568813e+002  1.001534e-005
 2.575000e+002  1.064127e-005
 2.581188e+002  9.749484e-006
 2.587375e+002  9.110239e-006
 2.593563e+002  9.033691e-006
 2.599750e+002  9.432428e-006
 2.605938e+002  7.756200e-006
 2.612125e+002  1.078221e-005
 2.618313e+002  1.236091e-005
 2.624500e+002  1.068659e-005
 2.630688e+002  8.462120e-006
 2.636875e+002  7.993225e-006
 2.643063e+002  1.051741e-005
 2.649250e+002  1.093351e-005
 2.655438e+002  1.172927e-005
 2.661625e+002  1.125704e-005
 2.667813e+002  1.225595e-005
 2.674000e+002  1.224570e-005
 2.680188e+002  1.139278e-005
 2.686375e+002  9.547221e-006
 2.692563e+002  8.701811e-006
 2.698750e+002  1.040455e-005
 2.704938e+002  9.012544e-006
 2.711125e+002  8.272948e-006
 2.717313e+002  1.063474e-005
 2.723500e+002  9.525433e-006
 2.729688e+002  6.449218e-006
 2.735875e+002  8.582184e-006
 2.742063e+002  8.998627e-006
 2.748250e+002  8.481426e-006
 2.754438e+002  9.013464e-006
 2.760625e+002  9.987381e-006
 2.766813e+002  8.736607e-006
 2.773000e+002  7.812806e-006
 2.779188e+002  9.111516e-006
 2.785375e+002  8.591547e-006
 2.791563e+002  8.152064e-006
 2.797750e+002  1.038782e-005
 2.803938e+002  1.198644e-005
 2.810125e+002  8.911292e-006
 2.816313e+002  2.619008e-004
 2.822500e+002  4.861701e-004
 2.828688e+002  2.267325e-004
 2.834875e+002  3.161465e-005
 2.841063e+002  1.644803e-005
 2.847250e+002  3.854303e-005
 2.853438e+002  4.071698e-005
 2.859625e+002  1.567997e-005
 2.865813e+002  8.151574e-006
 2.872000e+002  6.801627e-006
 2.878188e+002  1.198718e-005
 2.884375e+002  1.118459e-005
 2.890563e+002  1.052411e-005
 2.896750e+002  1.123135e-005
 2.902938e+002  1.019943e-005
 2.909125e+002  9.200295e-006
 2.915313e+002  8.217249e-006
 2.921500e+002  8.004879e-006
 2.927688e+002  8.402499e-006
 2.933875e+002  8.955362e-006
 2.940063e+002  1.124841e-005
 2.946250e+002  9.399814e-006
 2.952438e+002  9.434626e-006
 2.958625e+002  8.860557e-006
 2.964813e+002  1.083694e-005
 2.971000e+002  1.536604e-005
 2.977188e+002  1.420075e-005
 2.983375e+002  1.178252e-005
 2.989563e+002  1.997537e-005
 2.995750e+002  4.470417e-004
 3.001938e+002  7.499116e-004
 3.008125e+002  3.124339e-004
 3.014313e+002  1.614970e-005
 3.020500e+002  1.409989e-005
 3.026688e+002  9.869593e-006
 3.032875e+002  8.559396e-006
 3.039063e+002  1.125635e-005
 3.045250e+002  1.154709e-005
 3.051438e+002  9.041599e-006
 3.057625e+002  1.042428e-005
 3.063813e+002  1.012177e-005
 3.070000e+002  8.809095e-006
 3.076188e+002  8.375672e-006
 3.082375e+002  7.503651e-006
 3.088563e+002  7.675913e-006
 3.094750e+002  9.467823e-006
 3.100938e+002  1.042340e-005
 3.107125e+002  1.156567e-005
 3.113313e+002  9.107222e-006
 3.119500e+002  9.238058e-006
 3.125688e+002  9.336040e-006
 3.131875e+002  9.728907e-006
 3.138063e+002  1.113556e-005
 3.144250e+002  1.045778e-005
 3.150437e+002  8.467554e-006
 3.156625e+002  6.663122e-006
 3.162812e+002  8.245012e-006
 3.169000e+002  1.119944e-005
 3.175187e+002  8.706355e-006
 3.181375e+002  8.200233e-006
 3.187562e+002  1.024137e-005
 3.193750e+002  1.050851e-005
 3.199937e+002  9.437485e-006
 3.206125e+002  8.017309e-006
 3.212312e+002  8.354643e-006
 3.218500e+002  8.877050e-006
 3.224687e+002  1.032023e-005
 3.230875e+002  1.061487e-005
 3.237062e+002  1.066145e-005
 3.243250e+002  9.364279e-006
 3.249437e+002  9.231838e-006
 3.255625e+002  8.798001e-006
 3.261812e+002  8.703870e-006
 3.268000e+002  8.884259e-006
 3.274187e+002  8.306000e-006
 3.280375e+002  7.999734e-006
 3.286562e+002  8.528889e-006
 3.292750e+002  1.108073e-005
 3.298937e+002  1.137157e-005
 3.305125e+002  8.064268e-006
 3.311312e+002  8.601507e-006
 3.317500e+002  8.809046e-006
 3.323687e+002  9.509305e-006
 3.329875e+002  7.125406e-006
 3.336062e+002  8.430272e-006
 3.342250e+002  9.169360e-006
 3.348437e+002  8.488216e-006
 3.354625e+002  9.100683e-006
 3.360812e+002  7.709280e-006
 3.367000e+002  8.079992e-006
 3.373187e+002  1.018065e-005
 3.379375e+002  8.496364e-006
 3.385562e+002  7.416006e-006
 3.391750e+002  9.450849e-006
 3.397937e+002  9.938836e-006
 3.404125e+002  9.376244e-006
 3.410312e+002  8.470949e-006
 3.416500e+002  9.070180e-006
 3.422687e+002  8.522330e-006
 3.428875e+002  6.955660e-006
 3.435062e+002  9.495032e-006
 3.441250e+002  9.967111e-006
 3.447437e+002  8.820902e-006
 3.453625e+002  6.359480e-006
 3.459812e+002  7.088918e-006
 3.466000e+002  8.058031e-006
 3.472187e+002  9.044899e-006
 3.478375e+002  7.672264e-006
 3.484562e+002  1.339403e-005
 3.490750e+002  6.999685e-005
 3.496937e+002  3.728380e-004
 3.503125e+002  4.002417e-004
 3.509312e+002  9.439847e-005
 3.515500e+002  1.463914e-005
 3.521687e+002  6.891848e-006
 3.527875e+002  6.178272e-006
 3.534062e+002  8.513137e-006
 3.540250e+002  1.150387e-005
 3.546437e+002  1.107356e-005
 3.552625e+002  9.010279e-006
 3.558812e+002  1.020487e-005
 3.565000e+002  1.278530e-005
 3.571187e+002  1.187222e-005
 3.577375e+002  8.556262e-006
 3.583562e+002  9.675815e-006
 3.589750e+002  1.785838e-005
 3.595937e+002  4.438406e-004
 3.602125e+002  7.558229e-004
 3.608312e+002  3.165786e-004
 3.614500e+002  1.643255e-005
 3.620687e+002  1.025372e-005
 3.626875e+002  9.955186e-006
 3.633062e+002  6.817947e-006
 3.639250e+002  8.850098e-006
 3.645437e+002  9.383508e-006
 3.651625e+002  9.074286e-006
 3.657812e+002  8.488707e-006
 3.664000e+002  7.416049e-006
 3.670187e+002  6.133962e-006
 3.676375e+002  8.180120e-006
 3.682562e+002  1.001596e-005
 3.688750e+002  7.956535e-006
 3.694937e+002  8.960608e-006
 3.701125e+002  8.794318e-006
 3.707312e+002  9.988055e-006
 3.713500e+002  1.050751e-005
 3.719687e+002  1.048302e-005
 3.725875e+002  8.505203e-006
 3.732062e+002  6.641119e-006
 3.738250e+002  8.166092e-006
 3.744437e+002  8.908915e-006
 3.750625e+002  1.157910e-005
 3.756812e+002  1.026073e-005
 3.763000e+002  7.581702e-006
 3.769187e+002  7.518088e-006
 3.775375e+002  9.036118e-006
 3.781562e+002  9.181017e-006
 3.787750e+002  9.296022e-006
 3.793937e+002  1.058652e-005
 3.800125e+002  1.151222e-005
 3.806312e+002  9.924660e-006
 3.812500e+002  1.050351e-005
 3.818687e+002  9.921972e-006
 3.824875e+002  9.703529e-006
 3.831062e+002  1.131575e-005
 3.837250e+002  1.255085e-005
 3.843437e+002  1.106746e-005
 3.849625e+002  7.669938e-006
 3.855812e+002  1.040093e-005
 3.862000e+002  1.097820e-005
 3.868187e+002  7.159894e-006
 3.874375e+002  7.492998e-006
 3.880562e+002  8.915133e-006
 3.886750e+002  7.735622e-006
 3.892937e+002  1.017235e-005
 3.899125e+002  9.489524e-006
 3.905312e+002  8.483433e-006
 3.911500e+002  8.632793e-006
 3.917687e+002  9.812394e-006
 3.923875e+002  8.835282e-006
 3.930062e+002  8.110792e-006
 3.936250e+002  7.768828e-006
 3.942437e+002  7.956962e-006
 3.948625e+002  8.313922e-006
 3.954812e+002  7.571571e-006
 3.961000e+002  6.321803e-006
 3.967187e+002  7.950702e-006
 3.973375e+002  9.237875e-006
 3.979562e+002  1.180511e-005
 3.985750e+002  1.220348e-005
 3.991937e+002  3.008621e-005
 3.998125e+002  1.018749e-004
 4.004312e+002  8.487849e-005
 4.010500e+002  1.613889e-005
 4.016687e+002  8.641679e-006
 4.022875e+002  9.176372e-006
 4.029062e+002  1.211924e-005
 4.035250e+002  1.151694e-005
 4.041437e+002  9.277085e-006
 4.047625e+002  8.956572e-006
 4.053812e+002  8.506232e-006
 4.060000e+002  8.303539e-006
 4.066187e+002  7.697420e-006
 4.072375e+002  9.964991e-006
 4.078562e+002  7.874771e-006
 4.084750e+002  8.895288e-006
 4.090937e+002  9.845892e-006
 4.097125e+002  8.084494e-006
 4.103312e+002  8.076208e-006
 4.109500e+002  1.255726e-005
 4.115687e+002  1.324126e-005
 4.121875e+002  9.926411e-006
 4.128062e+002  9.476080e-006
 4.134250e+002  7.327049e-006
 4.140437e+002  7.633138e-006
 4.146625e+002  6.748090e-006
 4.152812e+002  7.819129e-006
 4.159000e+002  1.516255e-005
 4.165187e+002  1.872539e-005
 4.171375e+002  1.097740e-005
 4.177562e+002  9.690156e-006
 4.183750e+002  9.017559e-006
 4.189937e+002  1.847424e-005
 4.196125e+002  4.463294e-004
 4.202312e+002  7.680309e-004
 4.208500e+002  3.285473e-004
 4.214687e+002  1.400161e-005
 4.220875e+002  1.151497e-005
 4.227062e+002  1.124145e-005
 4.233250e+002  9.446177e-006
 4.239437e+002  9.790471e-006
 4.245625e+002  1.750759e-005
 4.251812e+002  1.975822e-005
 4.258000e+002  1.011139e-005
 4.264187e+002  8.558357e-006
 4.270375e+002  1.709266e-005
 4.276562e+002  2.753178e-005
 4.282750e+002  1.697600e-005
 4.288937e+002  1.036191e-005
 4.295125e+002  9.553514e-006
 4.301312e+002  8.994800e-006
 4.307500e+002  7.729640e-006
 4.313687e+002  1.080524e-005
 4.319875e+002  1.020506e-005
 4.326062e+002  9.932586e-006
 4.332250e+002  8.615674e-006
 4.338437e+002  7.702025e-006
 4.344625e+002  9.279238e-006
 4.350812e+002  1.000181e-005
 4.357000e+002  1.044980e-005
 4.363187e+002  9.180770e-006
 4.369375e+002  1.001564e-005
 4.375562e+002  9.540647e-006
 4.381750e+002  1.019269e-005
 4.387937e+002  8.985335e-006
 4.394125e+002  7.466515e-006
 4.400312e+002  9.359802e-006
 4.406500e+002  8.912046e-006
 4.412687e+002  8.214087e-006
 4.418875e+002  1.025456e-005
 4.425062e+002  1.028583e-005
 4.431250e+002  8.166534e-006
 4.437437e+002  6.129009e-006
 4.443625e+002  6.206056e-006
 4.449812e+002  8.263080e-006
 4.456000e+002  9.648321e-006
 4.462187e+002  1.012024e-005
 4.468375e+002  1.101362e-005
 4.474562e+002  9.591282e-006
 4.480750e+002  8.424070e-006
 4.486937e+002  1.933646e-005
 4.493125e+002  2.051573e-004
 4.499312e+002  5.353790e-004
 4.505500e+002  3.521261e-004
 4.511687e+002  2.906138e-005
 4.517875e+002  1.140532e-005
 4.524062e+002  1.128928e-005
 4.530250e+002  1.000108e-005
 4.536437e+002  9.397363e-006
 4.542625e+002  7.907588e-006
 4.548812e+002  7.923158e-006
 4.555000e+002  9.488882e-006
 4.561187e+002  9.024547e-006
 4.567375e+002  7.699581e-006
 4.573562e+002  7.284427e-006
 4.579750e+002  8.895817e-006
 4.585937e+002  1.010001e-005
 4.592125e+002  1.099238e-005
 4.598312e+002  1.081702e-005
 4.604500e+002  9.122387e-006
 4.610687e+002  8.375900e-006
 4.616875e+002  9.170112e-006
 4.623062e+002  9.519320e-006
 4.629250e+002  9.458256e-006
 4.635437e+002  9.440600e-006
 4.641625e+002  8.476840e-006
 4.647812e+002  7.362953e-006
 4.654000e+002  8.226938e-006
 4.660187e+002  8.464167e-006
 4.666375e+002  8.956637e-006
 4.672562e+002  7.601293e-006
 4.678750e+002  9.327244e-006
 4.684937e+002  9.087468e-006
 4.691125e+002  7.427181e-006
 4.697312e+002  1.113098e-005
 4.703500e+002  1.172109e-005
 4.709687e+002  7.675059e-006
 4.715875e+002  9.633820e-006
 4.722062e+002  1.030856e-005
 4.728250e+002  8.411298e-006
 4.734437e+002  8.976351e-006
 4.740625e+002  8.273365e-006
 4.746812e+002  8.688784e-006
 4.753000e+002  1.074775e-005
 4.759187e+002  1.382730e-005
 4.765375e+002  9.242081e-006
 4.771562e+002  8.158568e-006
 4.777750e+002  9.407125e-006
 4.783937e+002  7.814923e-006
 4.790125e+002  1.662324e-005
 4.796312e+002  4.405161e-004
 4.802500e+002  7.706346e-004
 4.808687e+002  3.346718e-004
 4.814875e+002  1.320181e-005
 4.821062e+002  9.603689e-006
 4.827250e+002  7.321383e-006
 4.833437e+002  8.361054e-006
 4.839625e+002  1.077178e-005
 4.845812e+002  8.565625e-006
 4.852000e+002  8.237477e-006
 4.858187e+002  7.804280e-006
 4.864375e+002  6.930908e-006
 4.870562e+002  8.639789e-006
 4.876750e+002  8.926956e-006
 4.882937e+002  9.265937e-006
 4.889125e+002  8.775481e-006
 4.895312e+002  1.036801e-005
 4.901500e+002  1.016120e-005
 4.907687e+002  8.330300e-006
 4.913875e+002  8.544781e-006
 4.920062e+002  8.897114e-006
 4.926250e+002  7.741510e-006
 4.932437e+002  7.782251e-006
 4.938625e+002  6.718097e-006
 4.944812e+002  7.370981e-006
 4.951000e+002  9.777691e-006
 4.957187e+002  1.167076e-005
 4.963375e+002  1.053050e-005
 4.969562e+002  9.608337e-006
 4.975750e+002  8.493457e-006
 4.981937e+002  8.875636e-006
 4.988125e+002  9.041313e-006
 4.994312e+002  4.816489e-005
 5.000500e+002  9.045324e-005
 5.006687e+002  4.672851e-005
 5.012875e+002  1.029784e-005
 5.019062e+002  8.793295e-006
 5.025250e+002  1.031979e-005
 5.031437e+002  1.250588e-005
 5.037625e+002  1.047158e-005
 5.043812e+002  8.556531e-006
 5.050000e+002  8.823629e-006
 5.056187e+002  8.530400e-006
 5.062375e+002  9.684425e-006
 5.068562e+002  9.319612e-006
 5.074750e+002  8.810753e-006
 5.080937e+002  8.876320e-006
 5.087125e+002  8.106556e-006
 5.093312e+002  7.594454e-006
 5.099500e+002  1.126149e-005
 5.105687e+002  1.086924e-005
 5.111875e+002  7.967570e-006
 5.118062e+002  1.159864e-005
 5.124250e+002  1.211968e-005
 5.130437e+002  8.859983e-006
 5.136625e+002  8.229746e-006
 5.142812e+002  7.988133e-006
 5.149000e+002  8.625452e-006
 5.155187e+002  8.438710e-006
 5.161375e+002  8.461413e-006
 5.167562e+002  9.574207e-006
 5.173750e+002  1.169883e-005
 5.179937e+002  1.149830e-005
 5.186125e+002  8.339205e-006
 5.192312e+002  7.494562e-006
 5.198500e+002  7.880744e-006
 5.204687e+002  7.424757e-006
 5.210875e+002  6.853149e-006
 5.217062e+002  6.764248e-006
 5.223250e+002  8.586622e-006
 5.229437e+002  9.545216e-006
 5.235625e+002  1.002486e-005
 5.241812e+002  1.117580e-005
 5.248000e+002  9.610228e-006
 5.254187e+002  7.892848e-006
 5.260375e+002  9.390929e-006
 5.266562e+002  1.052681e-005
 5.272750e+002  1.053973e-005
 5.278937e+002  1.069838e-005
 5.285125e+002  1.020533e-005
 5.291312e+002  8.802457e-006
 5.297500e+002  6.998798e-006
 5.303687e+002  6.557558e-006
 5.309875e+002  8.564409e-006
 5.316062e+002  8.456853e-006
 5.322250e+002  9.480007e-006
 5.328437e+002  9.870806e-006
 5.334625e+002  9.419441e-006
 5.340812e+002  8.401934e-006
 5.347000e+002  1.093534e-005
 5.353187e+002  1.411968e-005
 5.359375e+002  1.200443e-005
 5.365562e+002  9.339191e-006
 5.371750e+002  9.332509e-006
 5.377937e+002  1.087726e-005
 5.384125e+002  1.041391e-005
 5.390312e+002  1.738139e-005
 5.396500e+002  4.380273e-004
 5.402687e+002  7.700069e-004
 5.408875e+002  3.368833e-004
 5.415062e+002  1.506499e-005
 5.421250e+002  9.162707e-006
 5.427437e+002  9.392970e-006
 5.433625e+002  7.482141e-006
 5.439812e+002  6.644459e-006
 5.446000e+002  1.031202e-005
 5.452187e+002  1.081325e-005
 5.458375e+002  8.457147e-006
 5.464562e+002  7.236736e-006
 5.470750e+002  8.094116e-006
 5.476937e+002  1.025979e-005
 5.483125e+002  1.251083e-005
 5.489312e+002  2.586533e-005
 5.495500e+002  2.616690e-004
 5.501687e+002  3.933723e-004
 5.507875e+002  1.525052e-004
 5.514062e+002  1.150205e-005
 5.520250e+002  8.215069e-006
 5.526437e+002  8.952386e-006
 5.532625e+002  8.233185e-006
 5.538812e+002  7.249075e-006
 5.545000e+002  8.374944e-006
 5.551187e+002  9.607238e-006
 5.557375e+002  9.257888e-006
 5.563562e+002  9.693223e-006
 5.569750e+002  7.781332e-006
 5.575937e+002  7.434563e-006
 5.582125e+002  8.475649e-006
 5.588312e+002  7.661853e-006
 5.594500e+002  8.365545e-006
 5.600687e+002  9.133077e-006
 5.606875e+002  9.566036e-006
 5.613062e+002  8.742882e-006
 5.619250e+002  9.912834e-006
 5.625437e+002  9.678565e-006
 5.631625e+002  9.494513e-006
 5.637812e+002  1.771591e-004
 5.644000e+002  3.963309e-004
 5.650187e+002  2.213394e-004
 5.656375e+002  9.400282e-006
 5.662562e+002  1.044836e-005
 5.668750e+002  1.437969e-005
 5.674937e+002  1.060558e-005
 5.681125e+002  9.190410e-006
 5.687312e+002  8.765160e-006
 5.693500e+002  1.066664e-005
 5.699687e+002  1.774402e-005
 5.705875e+002  1.545901e-005
 5.712062e+002  1.045266e-005
 5.718250e+002  8.786097e-006
 5.724437e+002  8.871265e-006
 5.730625e+002  1.018272e-005
 5.736812e+002  9.808547e-006
 5.743000e+002  9.155858e-006
 5.749187e+002  1.110810e-005
 5.755375e+002  1.267372e-005
 5.761562e+002  1.300221e-005
 5.767750e+002  9.287512e-006
 5.773937e+002  8.945651e-006
 5.780125e+002  9.658112e-006
 5.786312e+002  9.062751e-006
 5.792500e+002  9.343235e-006
 5.798687e+002  7.898758e-006
 5.804875e+002  7.582037e-006
 5.811062e+002  8.515553e-006
 5.817250e+002  9.088513e-006
 5.823437e+002  1.050376e-005
 5.829625e+002  1.090277e-005
 5.835812e+002  1.164159e-005
 5.842000e+002  1.254004e-005
 5.848187e+002  1.091877e-005
 5.854375e+002  8.339296e-006
 5.860562e+002  9.335246e-006
 5.866750e+002  8.220006e-006
 5.872937e+002  8.129978e-006
 5.879125e+002  7.004652e-006
 5.885312e+002  7.803273e-006
 5.891500e+002  8.195443e-006
 5.897687e+002  9.821973e-006
 5.903875e+002  1.035079e-005
 5.910062e+002  7.708137e-006
 5.916250e+002  8.791435e-006
 5.922437e+002  1.079425e-005
 5.928625e+002  8.110736e-006
 5.934812e+002  7.392123e-006
 5.941000e+002  1.022756e-005
 5.947187e+002  1.531186e-005
 5.953375e+002  1.226157e-005
 5.959562e+002  7.899174e-006
 5.965750e+002  8.969874e-006
 5.971937e+002  9.994569e-006
 5.978125e+002  9.570778e-006
 5.984312e+002  8.223166e-006
 5.990500e+002  1.459007e-005
 5.996687e+002  4.297995e-004
 6.002875e+002  7.650822e-004
 6.009062e+002  3.394478e-004
 6.015250e+002  1.530614e-005
 6.021437e+002  9.498381e-006
 6.027625e+002  9.659681e-006
 6.033812e+002  1.192296e-005
 6.040000e+002  1.097213e-005
 6.046187e+002  9.181909e-006
 6.052375e+002  8.472091e-006
 6.058562e+002  7.996398e-006
 6.064750e+002  8.615365e-006
 6.070937e+002  8.795459e-006
 6.077125e+002  8.362896e-006
 6.083312e+002  8.200668e-006
 6.089500e+002  8.340274e-006
 6.095687e+002  7.085620e-006
 6.101875e+002  8.283922e-006
 6.108062e+002  1.068087e-005
 6.114250e+002  8.928078e-006
 6.120437e+002  8.708727e-006
 6.126625e+002  7.316730e-006
 6.132812e+002  8.536117e-006
 6.139000e+002  9.971788e-006
 6.145187e+002  6.894457e-006
 6.151375e+002  6.806515e-006
 6.157562e+002  8.275785e-006
 6.163750e+002  6.958521e-006
 6.169937e+002  6.575358e-006
 6.176125e+002  9.517165e-006
 6.182312e+002  1.015594e-005
 6.188500e+002  1.020587e-005
 6.194687e+002  8.446703e-006
 6.200875e+002  9.785397e-006
 6.207062e+002  9.885328e-006
 6.213250e+002  8.009262e-006
 6.219437e+002  1.078147e-005
 6.225625e+002  1.117400e-005
 6.231812e+002  1.036089e-005
 6.238000e+002  1.034386e-005
 6.244187e+002  9.181856e-006
 6.250375e+002  8.345023e-006
 6.256562e+002  9.457330e-006
 6.262750e+002  8.855739e-006
 6.268937e+002  1.038417e-005
 6.275125e+002  1.127614e-005
 6.281312e+002  9.131094e-006
 6.287500e+002  7.917820e-006
 6.293687e+002  8.786879e-006
 6.299875e+002  1.037847e-005
 6.306062e+002  1.125995e-005
 6.312250e+002  8.076816e-006
 6.318437e+002  7.017466e-006
 6.324625e+002  9.122615e-006
 6.330812e+002  9.483101e-006
 6.337000e+002  9.687614e-006
 6.343187e+002  9.091446e-006
 6.349375e+002  7.687971e-006
 6.355562e+002  8.599440e-006
 6.361750e+002  8.964227e-006
 6.367937e+002  9.607868e-006
 6.374125e+002  1.007180e-005
 6.380312e+002  9.661395e-006
 6.386500e+002  7.624487e-006
 6.392687e+002  7.628303e-006
 6.398875e+002  8.794788e-006
 6.405062e+002  8.830331e-006
 6.411250e+002  9.198372e-006
 6.417437e+002  9.184972e-006
 6.423625e+002  9.303579e-006
 6.429812e+002  8.244696e-006
 6.436000e+002  7.034457e-006
 6.442187e+002  7.310557e-006
 6.448375e+002  8.567982e-006
 6.454562e+002  8.071333e-006
 6.460750e+002  7.139577e-006
 6.466937e+002  8.100560e-006
 6.473125e+002  1.001842e-005
 6.479312e+002  8.117821e-006
 6.485500e+002  9.715321e-006
 6.491687e+002  4.752950e-005
 6.497875e+002  1.861709e-004
 6.504062e+002  1.776392e-004
 6.510250e+002  3.788162e-005
 6.516437e+002  1.263361e-005
 6.522625e+002  1.128758e-005
 6.528812e+002  8.594043e-006
 6.535000e+002  9.877702e-006
 6.541187e+002  1.655329e-005
 6.547375e+002  1.075913e-005
 6.553562e+002  8.725284e-006
 6.559750e+002  9.574256e-006
 6.565937e+002  8.901864e-006
 6.572125e+002  8.683835e-006
 6.578312e+002  9.114382e-006
 6.584500e+002  1.033171e-005
 6.590687e+002  1.279327e-005
 6.596875e+002  4.168508e-004
 6.603062e+002  7.539073e-004
 6.609250e+002  3.414629e-004
 6.615437e+002  9.205419e-006
 6.621625e+002  9.580165e-006
 6.627812e+002  8.513644e-006
 6.634000e+002  8.440123e-006
 6.640187e+002  9.341256e-006
 6.646375e+002  8.445210e-006
 6.652562e+002  8.612389e-006
 6.658750e+002  7.936901e-006
 6.664937e+002  8.411757e-006
 6.671125e+002  9.910034e-006
 6.677312e+002  8.184078e-006
 6.683500e+002  7.299742e-006
 6.689687e+002  8.218806e-006
 6.695875e+002  9.212898e-006
 6.702062e+002  8.919197e-006
 6.708250e+002  6.914554e-006
 6.714437e+002  8.759368e-006
 6.720625e+002  8.666864e-006
 6.726812e+002  7.916427e-006
 6.733000e+002  7.706500e-006
 6.739187e+002  7.868073e-006
 6.745375e+002  8.712971e-006
 6.751562e+002  7.996421e-006
 6.757750e+002  8.941328e-006
 6.763937e+002  8.331986e-006
 6.770125e+002  7.769299e-006
 6.776312e+002  7.775499e-006
 6.782500e+002  9.922027e-006
 6.788687e+002  8.764647e-006
 6.794875e+002  5.941576e-006
 6.801062e+002  8.122804e-006
 6.807250e+002  9.704307e-006
 6.813437e+002  6.213578e-006
 6.819625e+002  8.316846e-006
 6.825812e+002  9.756419e-006
 6.832000e+002  8.041743e-006
 6.838187e+002  7.219272e-006
 6.844375e+002  9.373422e-006
 6.850562e+002  9.653473e-006
 6.856750e+002  1.001401e-005
 6.862937e+002  9.980600e-006
 6.869125e+002  9.390601e-006
 6.875312e+002  8.488276e-006
 6.881500e+002  9.174693e-006
 6.887687e+002  9.385091e-006
 6.893875e+002  8.933116e-006
 6.900062e+002  7.942120e-006
 6.906250e+002  7.159246e-006
 6.912437e+002  8.013092e-006
 6.918625e+002  8.284689e-006
 6.924812e+002  8.947309e-006
 6.931000e+002  7.962341e-006
 6.937187e+002  7.734383e-006
 6.943375e+002  9.570176e-006
 6.949562e+002  9.993085e-006
 6.955750e+002  1.041529e-005
 6.961937e+002  7.392488e-006
 6.968125e+002  7.545467e-006
 6.974312e+002  6.865324e-006
 6.980500e+002  8.805039e-006
 6.986687e+002  1.061102e-005
 6.992875e+002  1.313405e-005
 6.999062e+002  2.390432e-005
 7.005250e+002  1.887867e-005
 7.011437e+002  9.133466e-006
 7.017625e+002  9.135886e-006
 7.023812e+002  9.624868e-006
 7.030000e+002  7.258864e-006
 7.036187e+002  8.731555e-006
 7.042375e+002  1.011003e-005
 7.048562e+002  9.252830e-006
 7.054750e+002  9.545679e-006
 7.060937e+002  7.742486e-006
 7.067125e+002  7.565702e-006
 7.073312e+002  7.757420e-006
 7.079500e+002  9.880469e-006
 7.085687e+002  9.658434e-006
 7.091875e+002  7.313473e-006
 7.098062e+002  9.348350e-006
 7.104250e+002  8.466332e-006
 7.110437e+002  8.442467e-006
 7.116625e+002  9.716580e-006
 7.122812e+002  1.232947e-005
 7.129000e+002  1.274910e-005
 7.135187e+002  1.317752e-005
 7.141375e+002  1.096150e-005
 7.147562e+002  8.391380e-006
 7.153750e+002  8.048954e-006
 7.159937e+002  9.265682e-006
 7.166125e+002  7.672442e-006
 7.172312e+002  7.002458e-006
 7.178500e+002  1.039783e-005
 7.184687e+002  9.254820e-006
 7.190875e+002  1.018367e-005
 7.197062e+002  4.049551e-004
 7.203250e+002  7.410381e-004
 7.209437e+002  3.373761e-004
 7.215625e+002  1.359524e-005
 7.221812e+002  7.994269e-006
 7.228000e+002  8.342526e-006
 7.234187e+002  1.105624e-005
 7.240375e+002  1.080177e-005
 7.246562e+002  9.194014e-006
 7.252750e+002  7.283130e-006
 7.258937e+002  7.898560e-006
 7.265125e+002  6.824332e-006
 7.271312e+002  7.011512e-006
 7.277500e+002  8.360591e-006
 7.283687e+002  9.513307e-006
 7.289875e+002  9.514473e-006
 7.296062e+002  6.477894e-006
 7.302250e+002  6.044623e-006
 7.308437e+002  7.069658e-006
 7.314625e+002  8.908358e-006
 7.320812e+002  9.741819e-006
 7.327000e+002  8.425985e-006
 7.333187e+002  8.158426e-006
 7.339375e+002  9.577429e-006
 7.345562e+002  9.772628e-006
 7.351750e+002  9.239092e-006
 7.357937e+002  1.048629e-005
 7.364125e+002  9.313804e-006
 7.370312e+002  6.261184e-006
 7.376500e+002  8.224656e-006
 7.382687e+002  8.238247e-006
 7.388875e+002  6.743015e-006
 7.395062e+002  7.756961e-006
 7.401250e+002  7.926390e-006
 7.407437e+002  7.441416e-006
 7.413625e+002  7.731002e-006
 7.419812e+002  6.415567e-006
 7.426000e+002  6.746900e-006
 7.432187e+002  7.384480e-006
 7.438375e+002  5.510603e-006
 7.444562e+002  8.146995e-006
 7.450750e+002  8.103850e-006
 7.456937e+002  8.400815e-006
 7.463125e+002  9.603101e-006
 7.469312e+002  7.977706e-006
 7.475500e+002  6.540085e-006
 7.481687e+002  7.228541e-006
 7.487875e+002  1.003336e-005
 7.494062e+002  8.238698e-005
 7.500250e+002  1.734763e-004
 7.506437e+002  1.040949e-004
 7.512625e+002  1.400050e-005
 7.518812e+002  8.812990e-006
 7.525000e+002  8.501094e-006
 7.531187e+002  8.710518e-006
 7.537375e+002  8.982805e-006
 7.543562e+002  8.900636e-006
 7.549750e+002  8.376596e-006
 7.555937e+002  6.752279e-006
 7.562125e+002  7.711705e-006
 7.568312e+002  7.952405e-006
 7.574500e+002  9.682050e-006
 7.580687e+002  1.038100e-005
 7.586875e+002  8.096881e-006
 7.593062e+002  9.789025e-006
 7.599250e+002  9.975035e-006
 7.605437e+002  9.374572e-006
 7.611625e+002  1.027571e-005
 7.617812e+002  1.053811e-005
 7.624000e+002  9.998649e-006
 7.630187e+002  7.530790e-006
 7.636375e+002  8.074244e-006
 7.642562e+002  9.154736e-006
 7.648750e+002  9.550124e-006
 7.654937e+002  9.591578e-006
 7.661125e+002  8.449159e-006
 7.667312e+002  7.474460e-006
 7.673500e+002  8.820375e-006
 7.679687e+002  8.826244e-006
 7.685875e+002  8.105750e-006
 7.692062e+002  7.914506e-006
 7.698250e+002  6.582499e-006
 7.704437e+002  6.989910e-006
 7.710625e+002  8.682156e-006
 7.716812e+002  7.488932e-006
 7.723000e+002  9.514044e-006
 7.729187e+002  1.215690e-005
 7.735375e+002  1.178547e-005
 7.741562e+002  9.981166e-006
 7.747750e+002  9.478724e-006
 7.753937e+002  7.785968e-006
 7.760125e+002  8.765918e-006
 7.766312e+002  9.149059e-006
 7.772500e+002  7.679261e-006
 7.778687e+002  8.408232e-006
 7.784875e+002  8.306244e-006
 7.791062e+002  1.099703e-005
 7.797250e+002  3.932409e-004
 7.803437e+002  7.259657e-004
 7.809625e+002  3.358703e-004
 7.815812e+002  9.400036e-006
 7.822000e+002  7.844126e-006
 7.828187e+002  6.661992e-006
 7.834375e+002  7.652176e-006
 7.840562e+002  9.618724e-006
 7.846750e+002  1.011022e-005
 7.852937e+002  9.425392e-006
 7.859125e+002  8.240057e-006
 7.865312e+002  7.542689e-006
 7.871500e+002  8.783221e-006
 7.877687e+002  9.949518e-006
 7.883875e+002  1.054313e-005
 7.890062e+002  8.921885e-006
 7.896250e+002  8.657985e-006
 7.902437e+002  7.106188e-006
 7.908625e+002  6.534961e-006
 7.914812e+002  8.273037e-006
 7.921000e+002  8.791400e-006
 7.927187e+002  1.024289e-005
 7.933375e+002  9.875158e-006
 7.939562e+002  8.857615e-006
 7.945750e+002  8.268677e-006
 7.951937e+002  7.407207e-006
 7.958125e+002  8.612594e-006
 7.964312e+002  8.001812e-006
 7.970500e+002  9.469225e-006
 7.976687e+002  8.970350e-006
 7.982875e+002  8.268264e-006
 7.989062e+002  1.321047e-005
 7.995250e+002  9.301972e-005
 8.001437e+002  1.524328e-004
 8.007625e+002  7.032712e-005
 8.013812e+002  1.115436e-005
 8.020000e+002  9.215125e-006
 8.026187e+002  9.265222e-006
 8.032375e+002  8.567494e-006
 8.038562e+002  9.868320e-006
 8.044750e+002  8.868196e-006
 8.050937e+002  6.993448e-006
 8.057125e+002  8.623593e-006
 8.063312e+002  7.243016e-006
 8.069500e+002  9.279415e-006
 8.075687e+002  9.710052e-006
 8.081875e+002  8.759684e-006
 8.088062e+002  7.719007e-006
 8.094250e+002  8.304744e-006
 8.100437e+002  8.041512e-006
 8.106625e+002  7.288203e-006
 8.112812e+002  8.211189e-006
 8.119000e+002  8.194240e-006
 8.125187e+002  8.081097e-006
 8.131375e+002  8.379994e-006
 8.137562e+002  7.667906e-006
 8.143750e+002  8.570086e-006
 8.149937e+002  8.098276e-006
 8.156125e+002  8.973234e-006
 8.162312e+002  8.370891e-006
 8.168500e+002  7.062421e-006
 8.174687e+002  8.388196e-006
 8.180875e+002  9.302239e-006
 8.187062e+002  1.002554e-005
 8.193250e+002  1.110790e-005
 8.199437e+002  9.500354e-006
 8.205625e+002  7.182929e-006
 8.211812e+002  5.860217e-006
 8.218000e+002  7.121990e-006
 8.224187e+002  9.118779e-006
 8.230375e+002  8.762678e-006
 8.236562e+002  8.566346e-006
 8.242750e+002  8.315788e-006
 8.248937e+002  8.372046e-006
 8.255125e+002  6.672236e-006
 8.261312e+002  6.937004e-006
 8.267500e+002  7.757524e-006
 8.273687e+002  8.237774e-006
 8.279875e+002  9.413428e-006
 8.286062e+002  1.041855e-005
 8.292250e+002  9.146360e-006
 8.298437e+002  9.530177e-006
 8.304625e+002  9.469979e-006
 8.310812e+002  7.843630e-006
 8.317000e+002  1.001503e-005
 8.323187e+002  8.284466e-006
 8.329375e+002  7.868961e-006
 8.335562e+002  9.282215e-006
 8.341750e+002  8.858651e-006
 8.347937e+002  9.254310e-006
 8.354125e+002  7.011882e-006
 8.360312e+002  8.322213e-006
 8.366500e+002  7.994893e-006
 8.372687e+002  7.053576e-006
 8.378875e+002  7.484693e-006
 8.385062e+002  8.313181e-006
 8.391250e+002  1.163050e-005
 8.397437e+002  3.778779e-004
 8.403625e+002  7.074499e-004
 8.409812e+002  3.301316e-004
 8.416000e+002  8.823294e-006
 8.422187e+002  7.464358e-006
 8.428375e+002  1.011337e-005
 8.434562e+002  9.700661e-006
 8.440750e+002  8.098476e-006
 8.446937e+002  7.561814e-006
 8.453125e+002  8.084618e-006
 8.459312e+002  7.128304e-005
 8.465500e+002  1.918073e-004
 8.471687e+002  1.258761e-004
 8.477875e+002  1.204193e-005
 8.484062e+002  1.101945e-005
 8.490250e+002  7.163963e-005
 8.496437e+002  3.926819e-004
 8.502625e+002  5.136937e-004
 8.508812e+002  1.839681e-004
 8.515000e+002  1.275095e-005
 8.521187e+002  8.265177e-006
 8.527375e+002  8.847890e-006
 8.533562e+002  8.695269e-006
 8.539750e+002  7.662612e-006
 8.545937e+002  9.050546e-006
 8.552125e+002  1.280036e-005
 8.558312e+002  1.170671e-005
 8.564500e+002  8.156132e-006
 8.570687e+002  7.351022e-006
 8.576875e+002  9.179170e-006
 8.583062e+002  8.446484e-006
 8.589250e+002  7.786738e-006
 8.595437e+002  1.009071e-005
 8.601625e+002  9.730504e-006
 8.607812e+002  8.195325e-006
 8.614000e+002  9.151544e-006
 8.620187e+002  9.757964e-006
 8.626375e+002  8.582446e-006
 8.632562e+002  1.007587e-005
 8.638750e+002  1.006697e-005
 8.644937e+002  8.804721e-006
 8.651125e+002  8.607746e-006
 8.657312e+002  9.009765e-006
 8.663500e+002  1.033708e-005
 8.669687e+002  9.226598e-006
 8.675875e+002  8.109231e-006
 8.682062e+002  9.386556e-006
 8.688250e+002  7.458357e-006
 8.694437e+002  6.756905e-006
 8.700625e+002  8.991632e-006
 8.706812e+002  9.359002e-006
 8.713000e+002  7.951865e-006
 8.719187e+002  5.952045e-006
 8.725375e+002  7.277668e-006
 8.731562e+002  8.572730e-006
 8.737750e+002  7.581619e-006
 8.743937e+002  9.369280e-006
 8.750125e+002  7.792286e-006
 8.756312e+002  8.038155e-006
 8.762500e+002  7.371222e-006
 8.768687e+002  7.869332e-006
 8.774875e+002  1.051691e-005
 8.781062e+002  1.054999e-005
 8.787250e+002  6.184871e-006
 8.793437e+002  8.515066e-006
 8.799625e+002  8.533363e-006
 8.805812e+002  6.966793e-006
 8.812000e+002  8.892861e-006
 8.818187e+002  1.004751e-005
 8.824375e+002  9.848888e-006
 8.830562e+002  9.165123e-006
 8.836750e+002  1.262116e-005
 8.842937e+002  1.492090e-005
 8.849125e+002  1.160101e-005
 8.855312e+002  9.756326e-006
 8.861500e+002  9.645472e-006
 8.867687e+002  8.470389e-006
 8.873875e+002  7.404054e-006
 8.880062e+002  5.296723e-006
 8.886250e+002  7.138014e-006
 8.892437e+002  8.018900e-006
 8.898625e+002  9.403683e-006
 8.904812e+002  7.075674e-006
 8.911000e+002  6.784400e-006
 8.917187e+002  8.539919e-006
 8.923375e+002  8.051688e-006
 8.929562e+002  7.803484e-006
 8.935750e+002  8.718132e-006
 8.941937e+002  9.146189e-006
 8.948125e+002  9.783641e-006
 8.954312e+002  1.090015e-005
 8.960500e+002  1.013385e-005
 8.966687e+002  7.359918e-006
 8.972875e+002  9.598515e-006
 8.979062e+002  7.737938e-006
 8.985250e+002  8.443353e-006
 8.991437e+002  3.319103e-005
 8.997625e+002  3.907725e-004
 9.003812e+002  7.114557e-004
 9.010000e+002  3.333759e-004
 9.016187e+002  1.055273e-005
 9.022375e+002  8.446845e-006
 9.028562e+002  7.701211e-006
 9.034750e+002  8.120016e-006
 9.040937e+002  1.051707e-005
 9.047125e+002  1.058939e-005
 9.053312e+002  1.196410e-005
 9.059500e+002  1.264826e-005
 9.065687e+002  9.194328e-006
 9.071875e+002  8.092709e-006
 9.078062e+002  9.012767e-006
 9.084250e+002  9.038638e-006
 9.090437e+002  8.985735e-006
 9.096625e+002  8.662111e-006
 9.102812e+002  8.715597e-006
 9.109000e+002  7.470748e-006
 9.115187e+002  6.894623e-006
 9.121375e+002  7.909948e-006
 9.127562e+002  8.138411e-006
 9.133750e+002  9.074612e-006
 9.139937e+002  9.154609e-006
 9.146125e+002  8.000269e-006
 9.152312e+002  6.152880e-006
 9.158500e+002  7.929275e-006
 9.164687e+002  8.886104e-006
 9.170875e+002  7.834475e-006
 9.177062e+002  7.070715e-006
 9.183250e+002  7.595121e-006
 9.189437e+002  7.613513e-006
 9.195625e+002  8.048829e-006
 9.201812e+002  6.503502e-006
 9.208000e+002  7.967964e-006
 9.214187e+002  6.894308e-006
 9.220375e+002  6.483946e-006
 9.226562e+002  7.063966e-006
 9.232750e+002  6.676159e-006
 9.238937e+002  5.462998e-006
 9.245125e+002  5.428600e-006
 9.251312e+002  7.194476e-006
 9.257500e+002  8.932236e-006
 9.263687e+002  7.963453e-006
 9.269875e+002  7.560388e-006
 9.276062e+002  8.195828e-006
 9.282250e+002  8.391070e-006
 9.288437e+002  7.540179e-006
 9.294625e+002  8.014105e-006
 9.300812e+002  9.286403e-006
 9.307000e+002  9.021152e-006
 9.313187e+002  8.925494e-006
 9.319375e+002  9.432122e-006
 9.325562e+002  8.898709e-006
 9.331750e+002  9.418952e-006
 9.337937e+002  9.068183e-006
 9.344125e+002  7.711245e-006
 9.350312e+002  9.786473e-006
 9.356500e+002  7.900560e-006
 9.362687e+002  6.303068e-006
 9.368875e+002  6.385425e-006
 9.375062e+002  7.662718e-006
 9.381250e+002  9.591331e-006
 9.387437e+002  8.121217e-006
 9.393625e+002  6.958962e-006
 9.399812e+002  9.612318e-006
 9.406000e+002  1.075526e-005
 9.412187e+002  9.840608e-006
 9.418375e+002  8.423645e-006
 9.424562e+002  8.468617e-006
 9.430750e+002  7.576098e-006
 9.436937e+002  9.277250e-006
 9.443125e+002  9.369691e-006
 9.449312e+002  7.803314e-006
 9.455500e+002  1.080454e-005
 9.461687e+002  1.033769e-005
 9.467875e+002  8.932090e-006
 9.474062e+002  6.666696e-006
 9.480250e+002  7.671920e-006
 9.486437e+002  1.364311e-005
 9.492625e+002  1.450041e-004
 9.498812e+002  4.169256e-004
 9.505000e+002  3.512750e-004
 9.511187e+002  6.789362e-005
 9.517375e+002  1.124682e-005
 9.523562e+002  9.038223e-006
 9.529750e+002  8.646094e-006
 9.535937e+002  9.037971e-006
 9.542125e+002  1.065130e-005
 9.548312e+002  9.221404e-006
 9.554500e+002  7.900044e-006
 9.560687e+002  8.702905e-006
 9.566875e+002  8.151997e-006
 9.573062e+002  8.466167e-006
 9.579250e+002  9.546652e-006
 9.585437e+002  1.069607e-005
 9.591625e+002  6.353166e-006
 9.597812e+002  3.484839e-004
 9.604000e+002  6.719926e-004
 9.610187e+002  3.241563e-004
 9.616375e+002  9.913100e-006
 9.622562e+002  1.025331e-005
 9.628750e+002  8.936710e-006
 9.634937e+002  1.020899e-005
 9.641125e+002  9.850271e-006
 9.647312e+002  7.118591e-006
 9.653500e+002  7.442378e-006
 9.659687e+002  6.990431e-006
 9.665875e+002  8.809114e-006
 9.672062e+002  9.140614e-006
 9.678250e+002  7.787148e-006
 9.684437e+002  8.600208e-006
 9.690625e+002  8.047228e-006
 9.696812e+002  8.474032e-006
 9.703000e+002  7.656431e-006
 9.709187e+002  7.977835e-006
 9.715375e+002  1.026744e-005
 9.721562e+002  8.577022e-006
 9.727750e+002  6.985047e-006
 9.733937e+002  7.379674e-006
 9.740125e+002  7.997376e-006
 9.746312e+002  6.881957e-006
 9.752500e+002  9.344033e-006
 9.758687e+002  8.875275e-006
 9.764875e+002  7.407866e-006
 9.771062e+002  7.265956e-006
 9.777250e+002  7.094789e-006
 9.783437e+002  7.889711e-006
 9.789625e+002  6.952803e-006
 9.795812e+002  8.225756e-006
 9.802000e+002  7.084970e-006
 9.808187e+002  7.785943e-006
 9.814375e+002  8.775183e-006
 9.820562e+002  8.120018e-006
 9.826750e+002  7.851441e-006
 9.832937e+002  8.270070e-006
 9.839125e+002  7.551323e-006
 9.845312e+002  7.877349e-006
 9.851500e+002  8.435292e-006
 9.857687e+002  9.494753e-006
 9.863875e+002  8.236283e-006
 9.870062e+002  8.052140e-006
 9.876250e+002  7.460561e-006
 9.882437e+002  6.836626e-006
 9.888625e+002  8.301196e-006
 9.894812e+002  8.707576e-006
 9.901000e+002  8.339643e-006
 9.907187e+002  7.848789e-006
 9.913375e+002  8.351732e-006
 9.919562e+002  8.989504e-006
 9.925750e+002  8.358009e-006
 9.931937e+002  7.420297e-006
 9.938125e+002  8.839242e-006
 9.944312e+002  7.669549e-006
 9.950500e+002  7.853428e-006
 9.956687e+002  8.002816e-006
 9.962875e+002  7.398193e-006
 9.969062e+002  7.455512e-006
 9.975250e+002  8.457555e-006
 9.981437e+002  8.330229e-006
 9.987625e+002  7.935820e-006
 9.993812e+002  2.439855e-005
 1.000000e+003  5.268348e-005
