 1.000000e+001  1.695729e-004
 1.061875e+001  2.053799e-004
 1.123750e+001  2.115471e-004
 1.185625e+001  1.946744e-004
 1.247500e+001  2.015244e-004
 1.309375e+001  1.869038e-004
 1.371250e+001  1.646199e-004
 1.433125e+001  1.974159e-004
 1.495000e+001  1.886664e-004
 1.556875e+001  2.108299e-004
 1.618750e+001  2.256690e-004
 1.680625e+001  2.210223e-004
 1.742500e+001  2.012426e-004
 1.804375e+001  1.837650e-004
 1.866250e+001  1.957823e-004
 1.928125e+001  1.570664e-004
 1.990000e+001  1.635557e-004
 2.051875e+001  1.627662e-004
 2.113750e+001  1.516681e-004
 2.175625e+001  1.751163e-004
 2.237500e+001  1.404416e-004
 2.299375e+001  1.437915e-004
 2.361250e+001  1.693970e-004
 2.423125e+001  1.463319e-004
 2.485000e+001  1.304656e-004
 2.546875e+001  1.469026e-004
 2.608750e+001  1.485296e-004
 2.670625e+001  1.486994e-004
 2.732500e+001  1.499741e-004
 2.794375e+001  1.356081e-004
 2.856250e+001  1.347390e-004
 2.918125e+001  1.484369e-004
 2.980000e+001  1.432269e-004
 3.041875e+001  1.462832e-004
 3.103750e+001  1.455864e-004
 3.165625e+001  1.335295e-004
 3.227500e+001  1.468329e-004
 3.289375e+001  1.434510e-004
 3.351250e+001  1.296337e-004
 3.413125e+001  1.099078e-004
 3.475000e+001  1.052765e-004
 3.536875e+001  1.134908e-004
 3.598750e+001  1.356160e-004
 3.660625e+001  1.275996e-004
 3.722500e+001  1.215710e-004
 3.784375e+001  1.159055e-004
 3.846250e+001  9.871757e-005
 3.908125e+001  1.133558e-004
 3.970000e+001  1.321036e-004
 4.031875e+001  1.152428e-004
 4.093750e+001  1.190451e-004
 4.155625e+001  1.186481e-004
 4.217500e+001  9.397409e-005
 4.279375e+001  1.110402e-004
 4.341250e+001  1.338608e-004
 4.403125e+001  1.188267e-004
 4.465000e+001  1.038060e-004
 4.526875e+001  1.095110e-004
 4.588750e+001  1.039586e-004
 4.650625e+001  9.187540e-005
 4.712500e+001  9.066335e-005
 4.774375e+001  1.277979e-004
 4.836250e+001  1.399924e-004
 4.898125e+001  6.721864e-004
 4.960000e+001  4.888370e-003
 5.021875e+001  5.926656e-003
 5.083750e+001  1.600531e-003
 5.145625e+001  2.260767e-004
 5.207500e+001  9.353705e-005
 5.269375e+001  9.598447e-005
 5.331250e+001  9.632925e-005
 5.393125e+001  8.078004e-005
 5.455000e+001  9.493092e-005
 5.516875e+001  1.031182e-004
 5.578750e+001  7.839076e-005
 5.640625e+001  8.216589e-005
 5.702500e+001  9.442632e-005
 5.764375e+001  9.547267e-005
 5.826250e+001  9.994748e-005
 5.888125e+001  1.034704e-004
 5.950000e+001  3.525275e-004
 6.011875e+001  5.661030e-004
 6.073750e+001  2.408443e-004
 6.135625e+001  8.037650e-005
 6.197500e+001  1.008116e-004
 6.259375e+001  1.039779e-004
 6.321250e+001  9.956590e-005
 6.383125e+001  9.540369e-005
 6.445000e+001  7.013335e-005
 6.506875e+001  8.462755e-005
 6.568750e+001  9.233913e-005
 6.630625e+001  7.809153e-005
 6.692500e+001  7.206931e-005
 6.754375e+001  8.392773e-005
 6.816250e+001  7.402094e-005
 6.878125e+001  7.469739e-005
 6.940000e+001  8.626895e-005
 7.001875e+001  7.306563e-005
 7.063750e+001  7.784814e-005
 7.125625e+001  8.020191e-005
 7.187500e+001  7.278627e-005
 7.249375e+001  7.385955e-005
 7.311250e+001  7.488668e-005
 7.373125e+001  6.012269e-005
 7.435000e+001  6.188995e-005
 7.496875e+001  1.432208e-004
 7.558750e+001  1.941502e-004
 7.620625e+001  1.013435e-004
 7.682500e+001  7.999258e-005
 7.744375e+001  9.119559e-005
 7.806250e+001  6.912857e-005
 7.868125e+001  8.290324e-005
 7.930000e+001  8.325258e-005
 7.991875e+001  6.969105e-005
 8.053750e+001  6.753278e-005
 8.115625e+001  7.348616e-005
 8.177500e+001  6.294411e-005
 8.239375e+001  7.724420e-005
 8.301250e+001  6.784044e-005
 8.363125e+001  5.514569e-005
 8.425000e+001  5.952180e-005
 8.486875e+001  5.688387e-005
 8.548750e+001  7.466006e-005
 8.610625e+001  6.205876e-005
 8.672500e+001  5.330275e-005
 8.734375e+001  7.085792e-005
 8.796250e+001  6.181421e-005
 8.858125e+001  5.465891e-005
 8.920000e+001  4.538576e-005
 8.981875e+001  4.840253e-005
 9.043750e+001  5.917264e-005
 9.105625e+001  6.738184e-005
 9.167500e+001  9.254572e-005
 9.229375e+001  6.935846e-005
 9.291250e+001  5.931317e-005
 9.353125e+001  6.732932e-005
 9.415000e+001  7.282068e-005
 9.476875e+001  5.266233e-005
 9.538750e+001  5.803445e-005
 9.600625e+001  6.033898e-005
 9.662500e+001  5.499269e-005
 9.724375e+001  6.179683e-005
 9.786250e+001  6.086618e-005
 9.848125e+001  5.056823e-005
 9.910000e+001  8.731753e-005
 9.971875e+001  3.116253e-004
 1.003375e+002  2.931665e-004
 1.009563e+002  7.551258e-005
 1.015750e+002  4.929143e-005
 1.021938e+002  4.164251e-005
 1.028125e+002  4.503131e-005
 1.034313e+002  4.677810e-005
 1.040500e+002  5.476550e-005
 1.046688e+002  5.168606e-005
 1.052875e+002  5.167946e-005
 1.059063e+002  5.710891e-005
 1.065250e+002  5.481536e-005
 1.071438e+002  5.658772e-005
 1.077625e+002  5.021756e-005
 1.083813e+002  5.423326e-005
 1.090000e+002  5.700493e-005
 1.096188e+002  4.954133e-005
 1.102375e+002  4.101065e-005
 1.108563e+002  4.498617e-005
 1.114750e+002  5.349191e-005
 1.120938e+002  5.005721e-005
 1.127125e+002  4.295333e-005
 1.133313e+002  4.176070e-005
 1.139500e+002  4.277412e-005
 1.145688e+002  4.142999e-005
 1.151875e+002  3.949673e-005
 1.158063e+002  3.576633e-005
 1.164250e+002  4.150816e-005
 1.170438e+002  3.780661e-005
 1.176625e+002  4.532839e-005
 1.182813e+002  4.261907e-005
 1.189000e+002  3.978384e-005
 1.195188e+002  3.659920e-004
 1.201375e+002  5.887438e-004
 1.207563e+002  2.379961e-004
 1.213750e+002  3.919699e-005
 1.219938e+002  4.318337e-005
 1.226125e+002  5.240893e-005
 1.232313e+002  8.286006e-005
 1.238500e+002  6.059036e-005
 1.244688e+002  4.500525e-005
 1.250875e+002  4.088015e-005
 1.257063e+002  4.293173e-005
 1.263250e+002  4.621093e-005
 1.269438e+002  4.449821e-005
 1.275625e+002  4.879071e-005
 1.281813e+002  4.919519e-005
 1.288000e+002  4.643942e-005
 1.294188e+002  4.565636e-005
 1.300375e+002  4.783979e-005
 1.306563e+002  4.413772e-005
 1.312750e+002  4.298659e-005
 1.318938e+002  3.918264e-005
 1.325125e+002  3.098661e-005
 1.331313e+002  3.845505e-005
 1.337500e+002  4.096721e-005
 1.343688e+002  3.940580e-005
 1.349875e+002  4.008339e-005
 1.356063e+002  3.672942e-005
 1.362250e+002  3.333354e-005
 1.368438e+002  3.279485e-005
 1.374625e+002  3.577812e-005
 1.380813e+002  3.463831e-005
 1.387000e+002  4.100379e-005
 1.393188e+002  3.357011e-005
 1.399375e+002  3.297415e-005
 1.405563e+002  3.545525e-005
 1.411750e+002  4.668334e-005
 1.417938e+002  6.618945e-005
 1.424125e+002  7.506800e-005
 1.430313e+002  5.753875e-005
 1.436500e+002  3.862973e-005
 1.442688e+002  3.566400e-005
 1.448875e+002  2.848710e-005
 1.455063e+002  3.650790e-005
 1.461250e+002  4.074486e-005
 1.467438e+002  4.437690e-005
 1.473625e+002  3.487166e-005
 1.479813e+002  7.799595e-005
 1.486000e+002  1.715256e-004
 1.492188e+002  2.275104e-003
 1.498375e+002  6.907731e-003
 1.504563e+002  4.997104e-003
 1.510750e+002  4.803738e-004
 1.516938e+002  9.677599e-005
 1.523125e+002  5.390912e-005
 1.529313e+002  3.461957e-005
 1.535500e+002  3.341098e-005
 1.541688e+002  3.463829e-005
 1.547875e+002  3.391816e-005
 1.554063e+002  3.958073e-005
 1.560250e+002  3.972640e-005
 1.566438e+002  2.835395e-005
 1.572625e+002  3.238807e-005
 1.578813e+002  3.281484e-005
 1.585000e+002  3.718433e-005
 1.591188e+002  4.133698e-005
 1.597375e+002  3.165286e-005
 1.603563e+002  2.564196e-005
 1.609750e+002  2.932462e-005
 1.615938e+002  3.103908e-005
 1.622125e+002  3.008890e-005
 1.628313e+002  3.010265e-005
 1.634500e+002  3.310519e-005
 1.640688e+002  3.430402e-005
 1.646875e+002  3.099116e-005
 1.653063e+002  2.941824e-005
 1.659250e+002  3.002446e-005
 1.665438e+002  3.172071e-005
 1.671625e+002  3.218461e-005
 1.677813e+002  2.982291e-005
 1.684000e+002  2.669734e-005
 1.690188e+002  2.862678e-005
 1.696375e+002  3.472263e-005
 1.702563e+002  3.173980e-005
 1.708750e+002  2.638937e-005
 1.714938e+002  3.266184e-005
 1.721125e+002  3.603004e-005
 1.727313e+002  2.696991e-005
 1.733500e+002  2.989993e-005
 1.739688e+002  3.323909e-005
 1.745875e+002  2.896731e-005
 1.752063e+002  2.928028e-005
 1.758250e+002  3.539650e-005
 1.764438e+002  2.716860e-005
 1.770625e+002  2.999448e-005
 1.776813e+002  2.979218e-005
 1.783000e+002  3.137324e-005
 1.789188e+002  3.616762e-005
 1.795375e+002  3.852345e-004
 1.801563e+002  6.297686e-004
 1.807750e+002  2.599713e-004
 1.813938e+002  2.487219e-005
 1.820125e+002  2.589294e-005
 1.826313e+002  3.180320e-005
 1.832500e+002  3.620755e-005
 1.838688e+002  3.564459e-005
 1.844875e+002  3.302473e-005
 1.851063e+002  2.846898e-005
 1.857250e+002  2.362362e-005
 1.863438e+002  2.304540e-005
 1.869625e+002  2.698294e-005
 1.875813e+002  2.608551e-005
 1.882000e+002  3.207271e-005
 1.888188e+002  2.913893e-005
 1.894375e+002  2.378450e-005
 1.900563e+002  2.546215e-005
 1.906750e+002  2.628215e-005
 1.912938e+002  3.004103e-005
 1.919125e+002  4.211534e-005
 1.925313e+002  3.124246e-005
 1.931500e+002  2.509514e-005
 1.937688e+002  2.676197e-005
 1.943875e+002  2.571491e-005
 1.950063e+002  2.226531e-005
 1.956250e+002  2.576147e-005
 1.962438e+002  2.591250e-005
 1.968625e+002  2.461090e-005
 1.974813e+002  2.227062e-005
 1.981000e+002  1.757399e-005
 1.987188e+002  2.069738e-005
 1.993375e+002  1.999019e-004
 1.999563e+002  4.331621e-004
 2.005750e+002  2.347995e-004
 2.011938e+002  2.721305e-005
 2.018125e+002  3.260770e-005
 2.024313e+002  3.066204e-005
 2.030500e+002  2.593736e-005
 2.036688e+002  3.353516e-005
 2.042875e+002  3.776473e-005
 2.049063e+002  2.520345e-005
 2.055250e+002  2.306040e-005
 2.061438e+002  2.404034e-005
 2.067625e+002  2.723494e-005
 2.073813e+002  3.233460e-005
 2.080000e+002  3.546133e-005
 2.086188e+002  2.830313e-005
 2.092375e+002  2.551794e-005
 2.098563e+002  2.735521e-005
 2.104750e+002  2.981707e-005
 2.110938e+002  2.621203e-005
 2.117125e+002  2.525064e-005
 2.123313e+002  2.669637e-005
 2.129500e+002  2.828526e-005
 2.135688e+002  3.057034e-005
 2.141875e+002  2.911622e-005
 2.148063e+002  2.694435e-005
 2.154250e+002  2.319350e-005
 2.160438e+002  3.041945e-005
 2.166625e+002  3.026894e-005
 2.172813e+002  3.329566e-005
 2.179000e+002  2.963972e-005
 2.185188e+002  2.035812e-005
 2.191375e+002  2.396942e-005
 2.197563e+002  2.971472e-005
 2.203750e+002  2.666616e-005
 2.209938e+002  2.117338e-005
 2.216125e+002  2.390141e-005
 2.222313e+002  2.838671e-005
 2.228500e+002  2.754703e-005
 2.234688e+002  2.780642e-005
 2.240875e+002  2.688600e-005
 2.247063e+002  2.541725e-005
 2.253250e+002  2.988312e-005
 2.259438e+002  2.418556e-005
 2.265625e+002  2.124335e-005
 2.271813e+002  2.436987e-005
 2.278000e+002  2.537427e-005
 2.284188e+002  2.669543e-005
 2.290375e+002  2.106411e-005
 2.296563e+002  1.973747e-005
 2.302750e+002  2.503055e-005
 2.308938e+002  2.698732e-005
 2.315125e+002  2.500711e-005
 2.321313e+002  3.251495e-005
 2.327500e+002  2.899331e-005
 2.333688e+002  2.834640e-005
 2.339875e+002  2.532449e-005
 2.346063e+002  2.223514e-005
 2.352250e+002  2.878165e-005
 2.358438e+002  3.288960e-005
 2.364625e+002  2.917645e-005
 2.370813e+002  2.924847e-005
 2.377000e+002  2.002920e-005
 2.383188e+002  2.412936e-005
 2.389375e+002  3.607626e-005
 2.395563e+002  4.055439e-004
 2.401750e+002  6.680969e-004
 2.407938e+002  2.738395e-004
 2.414125e+002  3.046110e-005
 2.420313e+002  2.584585e-005
 2.426500e+002  2.188178e-005
 2.432688e+002  1.873878e-005
 2.438875e+002  2.277017e-005
 2.445063e+002  2.265598e-005
 2.451250e+002  2.274137e-005
 2.457438e+002  2.888178e-005
 2.463625e+002  2.634715e-005
 2.469813e+002  2.746704e-005
 2.476000e+002  3.022287e-005
 2.482188e+002  3.416189e-005
 2.488375e+002  6.725015e-005
 2.494563e+002  1.285546e-003
 2.500750e+002  2.126719e-003
 2.506938e+002  8.801731e-004
 2.513125e+002  3.710055e-005
 2.519313e+002  2.728030e-005
 2.525500e+002  2.183688e-005
 2.531688e+002  2.303093e-005
 2.537875e+002  2.595656e-005
 2.544063e+002  2.471287e-005
 2.550250e+002  2.061828e-005
 2.556438e+002  2.160447e-005
 2.562625e+002  2.934923e-005
 2.568813e+002  2.628601e-005
 2.575000e+002  2.279526e-005
 2.581188e+002  2.250570e-005
 2.587375e+002  2.286621e-005
 2.593563e+002  2.210867e-005
 2.599750e+002  2.672656e-005
 2.605938e+002  3.029415e-005
 2.612125e+002  2.793953e-005
 2.618313e+002  2.420921e-005
 2.624500e+002  2.450102e-005
 2.630688e+002  2.320442e-005
 2.636875e+002  2.356811e-005
 2.643063e+002  2.359386e-005
 2.649250e+002  2.045569e-005
 2.655438e+002  2.049126e-005
 2.661625e+002  2.529468e-005
 2.667813e+002  2.582165e-005
 2.674000e+002  3.126330e-005
 2.680188e+002  2.989828e-005
 2.686375e+002  2.782858e-005
 2.692563e+002  2.833217e-005
 2.698750e+002  2.333615e-005
 2.704938e+002  2.310753e-005
 2.711125e+002  2.716085e-005
 2.717313e+002  2.409433e-005
 2.723500e+002  2.154103e-005
 2.729688e+002  2.564987e-005
 2.735875e+002  2.604596e-005
 2.742063e+002  2.727711e-005
 2.748250e+002  2.376359e-005
 2.754438e+002  2.314040e-005
 2.760625e+002  2.728878e-005
 2.766813e+002  2.868777e-005
 2.773000e+002  2.265043e-005
 2.779188e+002  2.398403e-005
 2.785375e+002  2.524284e-005
 2.791563e+002  2.145257e-005
 2.797750e+002  2.329815e-005
 2.803938e+002  2.810474e-005
 2.810125e+002  2.441961e-005
 2.816313e+002  3.896864e-004
 2.822500e+002  7.249220e-004
 2.828688e+002  3.410880e-004
 2.834875e+002  3.339519e-005
 2.841063e+002  2.478140e-005
 2.847250e+002  3.171890e-005
 2.853438e+002  3.330476e-005
 2.859625e+002  2.253786e-005
 2.865813e+002  2.129519e-005
 2.872000e+002  2.390068e-005
 2.878188e+002  2.627270e-005
 2.884375e+002  2.186603e-005
 2.890563e+002  1.773188e-005
 2.896750e+002  2.276832e-005
 2.902938e+002  2.476920e-005
 2.909125e+002  2.564560e-005
 2.915313e+002  2.450243e-005
 2.921500e+002  2.050838e-005
 2.927688e+002  2.060993e-005
 2.933875e+002  2.534947e-005
 2.940063e+002  2.551807e-005
 2.946250e+002  2.463013e-005
 2.952438e+002  2.689064e-005
 2.958625e+002  2.401869e-005
 2.964813e+002  2.199374e-005
 2.971000e+002  2.291374e-005
 2.977188e+002  2.242120e-005
 2.983375e+002  2.307305e-005
 2.989563e+002  4.852913e-005
 2.995750e+002  4.914654e-004
 3.001938e+002  7.687980e-004
 3.008125e+002  3.059536e-004
 3.014313e+002  2.826382e-005
 3.020500e+002  2.704889e-005
 3.026688e+002  2.014868e-005
 3.032875e+002  2.349619e-005
 3.039063e+002  2.752634e-005
 3.045250e+002  2.293551e-005
 3.051438e+002  1.636515e-005
 3.057625e+002  2.225342e-005
 3.063813e+002  2.769341e-005
 3.070000e+002  2.905668e-005
 3.076188e+002  2.357635e-005
 3.082375e+002  2.191767e-005
 3.088563e+002  2.308933e-005
 3.094750e+002  2.139313e-005
 3.100938e+002  2.416175e-005
 3.107125e+002  2.058973e-005
 3.113313e+002  2.257723e-005
 3.119500e+002  2.904542e-005
 3.125688e+002  2.522734e-005
 3.131875e+002  2.106668e-005
 3.138063e+002  1.945070e-005
 3.144250e+002  2.484220e-005
 3.150437e+002  2.808993e-005
 3.156625e+002  2.288472e-005
 3.162812e+002  2.386700e-005
 3.169000e+002  2.500840e-005
 3.175187e+002  2.324611e-005
 3.181375e+002  2.390471e-005
 3.187562e+002  2.030215e-005
 3.193750e+002  2.112035e-005
 3.199937e+002  2.460614e-005
 3.206125e+002  2.425870e-005
 3.212312e+002  2.335522e-005
 3.218500e+002  2.153680e-005
 3.224687e+002  2.206129e-005
 3.230875e+002  2.273050e-005
 3.237062e+002  2.532851e-005
 3.243250e+002  2.608433e-005
 3.249437e+002  2.229511e-005
 3.255625e+002  2.096575e-005
 3.261812e+002  2.316797e-005
 3.268000e+002  2.506948e-005
 3.274187e+002  1.932373e-005
 3.280375e+002  2.625360e-005
 3.286562e+002  2.339363e-005
 3.292750e+002  1.653484e-005
 3.298937e+002  2.266292e-005
 3.305125e+002  2.563213e-005
 3.311312e+002  2.571228e-005
 3.317500e+002  2.852520e-005
 3.323687e+002  2.288423e-005
 3.329875e+002  2.125546e-005
 3.336062e+002  2.021447e-005
 3.342250e+002  2.323703e-005
 3.348437e+002  2.652002e-005
 3.354625e+002  2.543443e-005
 3.360812e+002  2.473106e-005
 3.367000e+002  2.367976e-005
 3.373187e+002  1.946435e-005
 3.379375e+002  1.859907e-005
 3.385562e+002  2.111017e-005
 3.391750e+002  2.006486e-005
 3.397937e+002  1.885395e-005
 3.404125e+002  2.276813e-005
 3.410312e+002  2.268511e-005
 3.416500e+002  2.587640e-005
 3.422687e+002  2.637247e-005
 3.428875e+002  2.080458e-005
 3.435062e+002  1.817341e-005
 3.441250e+002  2.185977e-005
 3.447437e+002  1.928089e-005
 3.453625e+002  1.568495e-005
 3.459812e+002  1.981796e-005
 3.466000e+002  2.112753e-005
 3.472187e+002  2.464407e-005
 3.478375e+002  2.117114e-005
 3.484562e+002  2.331541e-005
 3.490750e+002  8.384127e-005
 3.496937e+002  3.872709e-004
 3.503125e+002  3.813540e-004
 3.509312e+002  7.840858e-005
 3.515500e+002  2.776109e-005
 3.521687e+002  2.408520e-005
 3.527875e+002  2.082917e-005
 3.534062e+002  2.180131e-005
 3.540250e+002  2.477676e-005
 3.546437e+002  2.466054e-005
 3.552625e+002  2.309585e-005
 3.558812e+002  2.327577e-005
 3.565000e+002  2.039712e-005
 3.571187e+002  1.821235e-005
 3.577375e+002  2.238681e-005
 3.583562e+002  2.387953e-005
 3.589750e+002  3.142576e-005
 3.595937e+002  4.144936e-004
 3.602125e+002  7.051158e-004
 3.608312e+002  2.981989e-004
 3.614500e+002  2.289880e-005
 3.620687e+002  2.387056e-005
 3.626875e+002  2.004724e-005
 3.633062e+002  2.211044e-005
 3.639250e+002  2.221831e-005
 3.645437e+002  2.405034e-005
 3.651625e+002  2.001584e-005
 3.657812e+002  1.709899e-005
 3.664000e+002  2.058454e-005
 3.670187e+002  2.357741e-005
 3.676375e+002  2.673511e-005
 3.682562e+002  2.356211e-005
 3.688750e+002  2.059345e-005
 3.694937e+002  2.073818e-005
 3.701125e+002  1.849828e-005
 3.707312e+002  1.718274e-005
 3.713500e+002  2.170476e-005
 3.719687e+002  2.425964e-005
 3.725875e+002  2.445425e-005
 3.732062e+002  2.184590e-005
 3.738250e+002  2.406790e-005
 3.744437e+002  2.701600e-005
 3.750625e+002  2.058255e-005
 3.756812e+002  2.313344e-005
 3.763000e+002  2.369089e-005
 3.769187e+002  1.834102e-005
 3.775375e+002  1.955077e-005
 3.781562e+002  1.692313e-005
 3.787750e+002  1.891331e-005
 3.793937e+002  2.063663e-005
 3.800125e+002  2.052481e-005
 3.806312e+002  2.424209e-005
 3.812500e+002  2.117667e-005
 3.818687e+002  2.561126e-005
 3.824875e+002  2.367922e-005
 3.831062e+002  2.103133e-005
 3.837250e+002  2.571765e-005
 3.843437e+002  2.752554e-005
 3.849625e+002  2.089580e-005
 3.855812e+002  2.147731e-005
 3.862000e+002  2.477396e-005
 3.868187e+002  2.120710e-005
 3.874375e+002  2.203162e-005
 3.880562e+002  1.911718e-005
 3.886750e+002  1.605601e-005
 3.892937e+002  2.196299e-005
 3.899125e+002  2.602371e-005
 3.905312e+002  2.463048e-005
 3.911500e+002  2.281437e-005
 3.917687e+002  2.595867e-005
 3.923875e+002  2.146884e-005
 3.930062e+002  1.990743e-005
 3.936250e+002  2.582593e-005
 3.942437e+002  2.625317e-005
 3.948625e+002  2.225502e-005
 3.954812e+002  2.316243e-005
 3.961000e+002  2.407562e-005
 3.967187e+002  1.964095e-005
 3.973375e+002  1.861799e-005
 3.979562e+002  1.933083e-005
 3.985750e+002  2.208323e-005
 3.991937e+002  1.106802e-004
 3.998125e+002  3.724534e-004
 4.004312e+002  2.864164e-004
 4.010500e+002  4.028444e-005
 4.016687e+002  2.864380e-005
 4.022875e+002  2.360946e-005
 4.029062e+002  1.886810e-005
 4.035250e+002  2.042636e-005
 4.041437e+002  2.461831e-005
 4.047625e+002  2.530999e-005
 4.053812e+002  2.259449e-005
 4.060000e+002  2.048596e-005
 4.066187e+002  1.963155e-005
 4.072375e+002  2.532111e-005
 4.078562e+002  2.634831e-005
 4.084750e+002  2.199012e-005
 4.090937e+002  2.250456e-005
 4.097125e+002  2.645642e-005
 4.103312e+002  2.602881e-005
 4.109500e+002  2.313234e-005
 4.115687e+002  2.139473e-005
 4.121875e+002  2.243085e-005
 4.128062e+002  1.880740e-005
 4.134250e+002  1.961722e-005
 4.140437e+002  2.026918e-005
 4.146625e+002  1.823322e-005
 4.152812e+002  1.912977e-005
 4.159000e+002  2.021772e-005
 4.165187e+002  2.170771e-005
 4.171375e+002  1.869190e-005
 4.177562e+002  1.806099e-005
 4.183750e+002  2.104178e-005
 4.189937e+002  1.929250e-005
 4.196125e+002  4.146599e-004
 4.202312e+002  7.208847e-004
 4.208500e+002  3.100463e-004
 4.214687e+002  2.576745e-005
 4.220875e+002  2.476182e-005
 4.227062e+002  2.136445e-005
 4.233250e+002  2.234190e-005
 4.239437e+002  2.708866e-005
 4.245625e+002  2.612187e-005
 4.251812e+002  2.108549e-005
 4.258000e+002  1.975057e-005
 4.264187e+002  2.171315e-005
 4.270375e+002  2.409919e-005
 4.276562e+002  2.940680e-005
 4.282750e+002  2.729741e-005
 4.288937e+002  2.317713e-005
 4.295125e+002  2.559687e-005
 4.301312e+002  1.977182e-005
 4.307500e+002  1.915053e-005
 4.313687e+002  2.405849e-005
 4.319875e+002  2.492554e-005
 4.326062e+002  2.260945e-005
 4.332250e+002  2.037884e-005
 4.338437e+002  1.574068e-005
 4.344625e+002  1.623380e-005
 4.350812e+002  1.790262e-005
 4.357000e+002  2.339483e-005
 4.363187e+002  2.124915e-005
 4.369375e+002  1.917584e-005
 4.375562e+002  2.236549e-005
 4.381750e+002  2.368771e-005
 4.387937e+002  2.523821e-005
 4.394125e+002  2.377499e-005
 4.400312e+002  1.892056e-005
 4.406500e+002  2.139222e-005
 4.412687e+002  2.217463e-005
 4.418875e+002  2.335502e-005
 4.425062e+002  2.292470e-005
 4.431250e+002  2.144424e-005
 4.437437e+002  2.333437e-005
 4.443625e+002  2.285382e-005
 4.449812e+002  2.014808e-005
 4.456000e+002  1.891635e-005
 4.462187e+002  1.567681e-005
 4.468375e+002  1.574066e-005
 4.474562e+002  2.169937e-005
 4.480750e+002  2.723017e-005
 4.486937e+002  2.691518e-005
 4.493125e+002  1.223677e-004
 4.499312e+002  2.742163e-004
 4.505500e+002  1.609579e-004
 4.511687e+002  2.337733e-005
 4.517875e+002  2.724723e-005
 4.524062e+002  2.198913e-005
 4.530250e+002  2.135949e-005
 4.536437e+002  2.009848e-005
 4.542625e+002  2.168776e-005
 4.548812e+002  1.972184e-005
 4.555000e+002  2.036626e-005
 4.561187e+002  2.470160e-005
 4.567375e+002  2.511539e-005
 4.573562e+002  2.516468e-005
 4.579750e+002  2.121672e-005
 4.585937e+002  1.986127e-005
 4.592125e+002  2.019130e-005
 4.598312e+002  2.268762e-005
 4.604500e+002  2.316832e-005
 4.610687e+002  2.283313e-005
 4.616875e+002  1.751522e-005
 4.623062e+002  2.213858e-005
 4.629250e+002  2.081136e-005
 4.635437e+002  2.252153e-005
 4.641625e+002  2.284473e-005
 4.647812e+002  2.469967e-005
 4.654000e+002  2.191061e-005
 4.660187e+002  1.821742e-005
 4.666375e+002  1.998449e-005
 4.672562e+002  2.318028e-005
 4.678750e+002  2.209066e-005
 4.684937e+002  2.539878e-005
 4.691125e+002  2.475038e-005
 4.697312e+002  2.089030e-005
 4.703500e+002  2.151988e-005
 4.709687e+002  2.047729e-005
 4.715875e+002  1.859338e-005
 4.722062e+002  2.164094e-005
 4.728250e+002  2.056070e-005
 4.734437e+002  2.067675e-005
 4.740625e+002  2.222540e-005
 4.746812e+002  2.236615e-005
 4.753000e+002  1.864540e-005
 4.759187e+002  1.932186e-005
 4.765375e+002  1.996901e-005
 4.771562e+002  2.312193e-005
 4.777750e+002  2.429837e-005
 4.783937e+002  2.057143e-005
 4.790125e+002  1.935080e-005
 4.796312e+002  4.121101e-004
 4.802500e+002  7.279160e-004
 4.808687e+002  3.213073e-004
 4.814875e+002  2.089445e-005
 4.821062e+002  1.563386e-005
 4.827250e+002  1.932424e-005
 4.833437e+002  2.203214e-005
 4.839625e+002  2.030921e-005
 4.845812e+002  1.876078e-005
 4.852000e+002  1.720647e-005
 4.858187e+002  2.007075e-005
 4.864375e+002  2.035182e-005
 4.870562e+002  2.430681e-005
 4.876750e+002  2.461410e-005
 4.882937e+002  1.918228e-005
 4.889125e+002  2.126604e-005
 4.895312e+002  1.903434e-005
 4.901500e+002  1.778900e-005
 4.907687e+002  2.097065e-005
 4.913875e+002  2.844257e-005
 4.920062e+002  2.647743e-005
 4.926250e+002  2.569146e-005
 4.932437e+002  2.360318e-005
 4.938625e+002  2.028085e-005
 4.944812e+002  1.934332e-005
 4.951000e+002  2.241263e-005
 4.957187e+002  2.467476e-005
 4.963375e+002  2.343655e-005
 4.969562e+002  2.179749e-005
 4.975750e+002  2.161023e-005
 4.981937e+002  2.237023e-005
 4.988125e+002  2.459106e-005
 4.994312e+002  1.681792e-004
 5.000500e+002  2.899691e-004
 5.006687e+002  1.297360e-004
 5.012875e+002  1.780685e-005
 5.019062e+002  2.140398e-005
 5.025250e+002  1.904473e-005
 5.031437e+002  1.906157e-005
 5.037625e+002  1.898951e-005
 5.043812e+002  2.184916e-005
 5.050000e+002  2.201096e-005
 5.056187e+002  2.110368e-005
 5.062375e+002  2.072422e-005
 5.068562e+002  2.065729e-005
 5.074750e+002  1.667251e-005
 5.080937e+002  1.979444e-005
 5.087125e+002  2.321407e-005
 5.093312e+002  2.384211e-005
 5.099500e+002  1.917592e-005
 5.105687e+002  2.067412e-005
 5.111875e+002  1.988031e-005
 5.118062e+002  2.311818e-005
 5.124250e+002  2.139615e-005
 5.130437e+002  2.290886e-005
 5.136625e+002  2.673211e-005
 5.142812e+002  2.484165e-005
 5.149000e+002  2.081350e-005
 5.155187e+002  2.039520e-005
 5.161375e+002  2.373962e-005
 5.167562e+002  1.797696e-005
 5.173750e+002  1.842441e-005
 5.179937e+002  1.980834e-005
 5.186125e+002  2.226227e-005
 5.192312e+002  2.043465e-005
 5.198500e+002  2.120456e-005
 5.204687e+002  2.181001e-005
 5.210875e+002  1.973799e-005
 5.217062e+002  2.094967e-005
 5.223250e+002  2.150354e-005
 5.229437e+002  2.099909e-005
 5.235625e+002  2.158244e-005
 5.241812e+002  2.454105e-005
 5.248000e+002  2.116927e-005
 5.254187e+002  1.847394e-005
 5.260375e+002  2.003288e-005
 5.266562e+002  2.039226e-005
 5.272750e+002  2.013573e-005
 5.278937e+002  2.168980e-005
 5.285125e+002  2.008178e-005
 5.291312e+002  2.234170e-005
 5.297500e+002  2.322115e-005
 5.303687e+002  1.955406e-005
 5.309875e+002  1.731060e-005
 5.316062e+002  1.763019e-005
 5.322250e+002  1.601328e-005
 5.328437e+002  1.653751e-005
 5.334625e+002  2.136618e-005
 5.340812e+002  2.084410e-005
 5.347000e+002  1.776858e-005
 5.353187e+002  1.926027e-005
 5.359375e+002  2.092924e-005
 5.365562e+002  1.947757e-005
 5.371750e+002  2.076859e-005
 5.377937e+002  2.391910e-005
 5.384125e+002  2.168420e-005
 5.390312e+002  2.495168e-005
 5.396500e+002  4.167160e-004
 5.402687e+002  7.278386e-004
 5.408875e+002  3.194181e-004
 5.415062e+002  1.784290e-005
 5.421250e+002  2.070847e-005
 5.427437e+002  1.904642e-005
 5.433625e+002  1.951268e-005
 5.439812e+002  1.941806e-005
 5.446000e+002  1.853642e-005
 5.452187e+002  2.449172e-005
 5.458375e+002  2.296040e-005
 5.464562e+002  2.064477e-005
 5.470750e+002  1.721795e-005
 5.476937e+002  2.050311e-005
 5.483125e+002  2.449471e-005
 5.489312e+002  8.171085e-005
 5.495500e+002  6.531674e-004
 5.501687e+002  8.632427e-004
 5.507875e+002  2.741648e-004
 5.514062e+002  3.123510e-005
 5.520250e+002  2.183332e-005
 5.526437e+002  1.892142e-005
 5.532625e+002  2.205758e-005
 5.538812e+002  2.240110e-005
 5.545000e+002  2.331382e-005
 5.551187e+002  2.144095e-005
 5.557375e+002  2.164782e-005
 5.563562e+002  2.126773e-005
 5.569750e+002  2.380019e-005
 5.575937e+002  2.106607e-005
 5.582125e+002  1.963617e-005
 5.588312e+002  1.871178e-005
 5.594500e+002  1.959651e-005
 5.600687e+002  2.028603e-005
 5.606875e+002  1.916931e-005
 5.613062e+002  1.836566e-005
 5.619250e+002  1.543329e-005
 5.625437e+002  2.230295e-005
 5.631625e+002  2.516279e-005
 5.637812e+002  2.519371e-004
 5.644000e+002  5.521390e-004
 5.650187e+002  3.057977e-004
 5.656375e+002  2.175450e-005
 5.662562e+002  2.072043e-005
 5.668750e+002  2.084319e-005
 5.674937e+002  2.032873e-005
 5.681125e+002  2.153117e-005
 5.687312e+002  2.068639e-005
 5.693500e+002  2.359276e-005
 5.699687e+002  2.559489e-005
 5.705875e+002  2.183523e-005
 5.712062e+002  2.015052e-005
 5.718250e+002  2.419012e-005
 5.724437e+002  2.547568e-005
 5.730625e+002  2.380512e-005
 5.736812e+002  2.291290e-005
 5.743000e+002  2.019968e-005
 5.749187e+002  2.034046e-005
 5.755375e+002  2.179424e-005
 5.761562e+002  1.890431e-005
 5.767750e+002  2.247831e-005
 5.773937e+002  1.896273e-005
 5.780125e+002  2.193849e-005
 5.786312e+002  2.046500e-005
 5.792500e+002  1.909979e-005
 5.798687e+002  2.293888e-005
 5.804875e+002  1.984608e-005
 5.811062e+002  1.913816e-005
 5.817250e+002  2.174982e-005
 5.823437e+002  2.280000e-005
 5.829625e+002  2.130419e-005
 5.835812e+002  2.572054e-005
 5.842000e+002  3.023215e-005
 5.848187e+002  2.500403e-005
 5.854375e+002  2.256979e-005
 5.860562e+002  2.161443e-005
 5.866750e+002  2.201294e-005
 5.872937e+002  2.090682e-005
 5.879125e+002  1.751878e-005
 5.885312e+002  1.908132e-005
 5.891500e+002  2.101470e-005
 5.897687e+002  1.973968e-005
 5.903875e+002  1.862730e-005
 5.910062e+002  2.310550e-005
 5.916250e+002  2.203821e-005
 5.922437e+002  1.450688e-005
 5.928625e+002  2.256310e-005
 5.934812e+002  2.457600e-005
 5.941000e+002  2.356459e-005
 5.947187e+002  2.528425e-005
 5.953375e+002  2.225896e-005
 5.959562e+002  2.218334e-005
 5.965750e+002  2.310601e-005
 5.971937e+002  2.269414e-005
 5.978125e+002  2.422043e-005
 5.984312e+002  2.189723e-005
 5.990500e+002  5.462676e-005
 5.996687e+002  4.853431e-004
 6.002875e+002  7.757547e-004
 6.009062e+002  3.277441e-004
 6.015250e+002  2.350432e-005
 6.021437e+002  1.834247e-005
 6.027625e+002  2.133434e-005
 6.033812e+002  2.284449e-005
 6.040000e+002  2.337257e-005
 6.046187e+002  2.033577e-005
 6.052375e+002  2.442657e-005
 6.058562e+002  2.745605e-005
 6.064750e+002  2.274357e-005
 6.070937e+002  2.152992e-005
 6.077125e+002  2.282955e-005
 6.083312e+002  2.401826e-005
 6.089500e+002  2.013821e-005
 6.095687e+002  1.585920e-005
 6.101875e+002  1.835457e-005
 6.108062e+002  1.716295e-005
 6.114250e+002  2.107027e-005
 6.120437e+002  2.064753e-005
 6.126625e+002  2.031527e-005
 6.132812e+002  2.173529e-005
 6.139000e+002  2.230190e-005
 6.145187e+002  1.940156e-005
 6.151375e+002  1.867339e-005
 6.157562e+002  1.895127e-005
 6.163750e+002  1.724189e-005
 6.169937e+002  1.886884e-005
 6.176125e+002  1.932870e-005
 6.182312e+002  1.728571e-005
 6.188500e+002  1.878127e-005
 6.194687e+002  2.068865e-005
 6.200875e+002  2.275244e-005
 6.207062e+002  1.985150e-005
 6.213250e+002  2.008452e-005
 6.219437e+002  2.249996e-005
 6.225625e+002  1.868247e-005
 6.231812e+002  2.211971e-005
 6.238000e+002  2.232685e-005
 6.244187e+002  1.673807e-005
 6.250375e+002  1.803475e-005
 6.256562e+002  1.888681e-005
 6.262750e+002  1.965729e-005
 6.268937e+002  2.183599e-005
 6.275125e+002  2.205001e-005
 6.281312e+002  1.985886e-005
 6.287500e+002  1.427058e-005
 6.293687e+002  1.680620e-005
 6.299875e+002  2.056867e-005
 6.306062e+002  2.245737e-005
 6.312250e+002  2.286284e-005
 6.318437e+002  2.357529e-005
 6.324625e+002  2.503260e-005
 6.330812e+002  2.593662e-005
 6.337000e+002  2.506500e-005
 6.343187e+002  2.159897e-005
 6.349375e+002  2.102026e-005
 6.355562e+002  2.182307e-005
 6.361750e+002  2.374722e-005
 6.367937e+002  2.105209e-005
 6.374125e+002  2.327559e-005
 6.380312e+002  2.299039e-005
 6.386500e+002  1.758306e-005
 6.392687e+002  2.082828e-005
 6.398875e+002  2.341215e-005
 6.405062e+002  1.929118e-005
 6.411250e+002  2.029662e-005
 6.417437e+002  1.977821e-005
 6.423625e+002  2.067936e-005
 6.429812e+002  2.044684e-005
 6.436000e+002  1.944093e-005
 6.442187e+002  2.063755e-005
 6.448375e+002  1.867834e-005
 6.454562e+002  2.381258e-005
 6.460750e+002  2.160993e-005
 6.466937e+002  1.696792e-005
 6.473125e+002  2.243411e-005
 6.479312e+002  2.416032e-005
 6.485500e+002  3.312505e-005
 6.491687e+002  2.128187e-004
 6.497875e+002  7.177683e-004
 6.504062e+002  5.787194e-004
 6.510250e+002  8.548933e-005
 6.516437e+002  2.672221e-005
 6.522625e+002  1.793927e-005
 6.528812e+002  1.782565e-005
 6.535000e+002  2.458769e-005
 6.541187e+002  2.659096e-005
 6.547375e+002  2.241792e-005
 6.553562e+002  2.063035e-005
 6.559750e+002  1.875559e-005
 6.565937e+002  1.963286e-005
 6.572125e+002  2.493413e-005
 6.578312e+002  2.309528e-005
 6.584500e+002  1.817362e-005
 6.590687e+002  2.015273e-005
 6.596875e+002  3.881153e-004
 6.603062e+002  7.060750e-004
 6.609250e+002  3.189411e-004
 6.615437e+002  2.223491e-005
 6.621625e+002  1.771630e-005
 6.627812e+002  2.224537e-005
 6.634000e+002  2.294915e-005
 6.640187e+002  1.979691e-005
 6.646375e+002  1.605169e-005
 6.652562e+002  1.733207e-005
 6.658750e+002  2.240094e-005
 6.664937e+002  2.246324e-005
 6.671125e+002  2.008808e-005
 6.677312e+002  2.100559e-005
 6.683500e+002  1.755284e-005
 6.689687e+002  1.930614e-005
 6.695875e+002  2.187867e-005
 6.702062e+002  2.085842e-005
 6.708250e+002  2.156348e-005
 6.714437e+002  1.747825e-005
 6.720625e+002  1.940790e-005
 6.726812e+002  1.911024e-005
 6.733000e+002  1.998689e-005
 6.739187e+002  2.193960e-005
 6.745375e+002  1.888266e-005
 6.751562e+002  2.033962e-005
 6.757750e+002  1.900991e-005
 6.763937e+002  2.133775e-005
 6.770125e+002  1.940453e-005
 6.776312e+002  2.140492e-005
 6.782500e+002  2.638463e-005
 6.788687e+002  2.154707e-005
 6.794875e+002  1.885724e-005
 6.801062e+002  1.771614e-005
 6.807250e+002  1.955795e-005
 6.813437e+002  2.334999e-005
 6.819625e+002  1.943262e-005
 6.825812e+002  1.803928e-005
 6.832000e+002  1.919419e-005
 6.838187e+002  2.090529e-005
 6.844375e+002  2.033257e-005
 6.850562e+002  1.691015e-005
 6.856750e+002  1.654702e-005
 6.862937e+002  2.054378e-005
 6.869125e+002  2.372746e-005
 6.875312e+002  2.262854e-005
 6.881500e+002  1.904038e-005
 6.887687e+002  1.852882e-005
 6.893875e+002  2.139670e-005
 6.900062e+002  2.299490e-005
 6.906250e+002  2.654379e-005
 6.912437e+002  2.235060e-005
 6.918625e+002  1.999816e-005
 6.924812e+002  1.861891e-005
 6.931000e+002  1.839965e-005
 6.937187e+002  1.764704e-005
 6.943375e+002  1.465823e-005
 6.949562e+002  1.716935e-005
 6.955750e+002  1.905629e-005
 6.961937e+002  2.121902e-005
 6.968125e+002  2.078481e-005
 6.974312e+002  2.182955e-005
 6.980500e+002  2.076436e-005
 6.986687e+002  2.040557e-005
 6.992875e+002  1.238278e-004
 6.999062e+002  2.970206e-004
 7.005250e+002  1.866575e-004
 7.011437e+002  2.402737e-005
 7.017625e+002  2.281682e-005
 7.023812e+002  1.964233e-005
 7.030000e+002  2.098819e-005
 7.036187e+002  2.095500e-005
 7.042375e+002  2.165564e-005
 7.048562e+002  2.087228e-005
 7.054750e+002  1.532660e-005
 7.060937e+002  1.664251e-005
 7.067125e+002  2.034485e-005
 7.073312e+002  2.130437e-005
 7.079500e+002  2.070005e-005
 7.085687e+002  2.295517e-005
 7.091875e+002  2.175331e-005
 7.098062e+002  2.081574e-005
 7.104250e+002  1.877485e-005
 7.110437e+002  2.167908e-005
 7.116625e+002  2.286763e-005
 7.122812e+002  2.119504e-005
 7.129000e+002  2.132966e-005
 7.135187e+002  2.527504e-005
 7.141375e+002  2.058135e-005
 7.147562e+002  2.021909e-005
 7.153750e+002  2.129063e-005
 7.159937e+002  2.250544e-005
 7.166125e+002  2.102224e-005
 7.172312e+002  1.958476e-005
 7.178500e+002  1.810588e-005
 7.184687e+002  2.064293e-005
 7.190875e+002  2.295609e-005
 7.197062e+002  3.744302e-004
 7.203250e+002  6.918348e-004
 7.209437e+002  3.187384e-004
 7.215625e+002  1.828104e-005
 7.221812e+002  1.812129e-005
 7.228000e+002  1.738808e-005
 7.234187e+002  1.952285e-005
 7.240375e+002  1.860611e-005
 7.246562e+002  1.963016e-005
 7.252750e+002  2.208433e-005
 7.258937e+002  2.280166e-005
 7.265125e+002  2.017768e-005
 7.271312e+002  2.201343e-005
 7.277500e+002  1.995383e-005
 7.283687e+002  2.204255e-005
 7.289875e+002  2.285937e-005
 7.296062e+002  1.684507e-005
 7.302250e+002  1.679782e-005
 7.308437e+002  1.906400e-005
 7.314625e+002  1.903201e-005
 7.320812e+002  1.861224e-005
 7.327000e+002  1.776369e-005
 7.333187e+002  2.176552e-005
 7.339375e+002  2.355305e-005
 7.345562e+002  2.001087e-005
 7.351750e+002  1.926798e-005
 7.357937e+002  2.072431e-005
 7.364125e+002  1.857713e-005
 7.370312e+002  1.762548e-005
 7.376500e+002  2.051150e-005
 7.382687e+002  1.722059e-005
 7.388875e+002  1.689896e-005
 7.395062e+002  2.254194e-005
 7.401250e+002  2.106239e-005
 7.407437e+002  1.939428e-005
 7.413625e+002  1.599775e-005
 7.419812e+002  2.145354e-005
 7.426000e+002  2.290900e-005
 7.432187e+002  2.266786e-005
 7.438375e+002  2.090656e-005
 7.444562e+002  2.003528e-005
 7.450750e+002  1.883629e-005
 7.456937e+002  2.128828e-005
 7.463125e+002  2.096003e-005
 7.469312e+002  1.853350e-005
 7.475500e+002  1.969211e-005
 7.481687e+002  2.223290e-005
 7.487875e+002  2.502852e-005
 7.494062e+002  2.247573e-004
 7.500250e+002  4.059278e-004
 7.506437e+002  1.938434e-004
 7.512625e+002  2.355947e-005
 7.518812e+002  2.231399e-005
 7.525000e+002  2.229903e-005
 7.531187e+002  2.181178e-005
 7.537375e+002  2.124460e-005
 7.543562e+002  2.041581e-005
 7.549750e+002  2.218647e-005
 7.555937e+002  2.446605e-005
 7.562125e+002  1.821899e-005
 7.568312e+002  2.073667e-005
 7.574500e+002  2.175209e-005
 7.580687e+002  2.177465e-005
 7.586875e+002  2.550673e-005
 7.593062e+002  2.452924e-005
 7.599250e+002  1.982026e-005
 7.605437e+002  2.059691e-005
 7.611625e+002  1.960504e-005
 7.617812e+002  1.794675e-005
 7.624000e+002  1.490844e-005
 7.630187e+002  1.751695e-005
 7.636375e+002  1.965201e-005
 7.642562e+002  2.318774e-005
 7.648750e+002  2.111305e-005
 7.654937e+002  1.917920e-005
 7.661125e+002  1.791585e-005
 7.667312e+002  2.005760e-005
 7.673500e+002  2.188666e-005
 7.679687e+002  2.245300e-005
 7.685875e+002  2.083148e-005
 7.692062e+002  2.077674e-005
 7.698250e+002  1.776118e-005
 7.704437e+002  1.819669e-005
 7.710625e+002  1.398778e-005
 7.716812e+002  1.578898e-005
 7.723000e+002  1.949175e-005
 7.729187e+002  1.789291e-005
 7.735375e+002  1.731555e-005
 7.741562e+002  2.393907e-005
 7.747750e+002  2.553954e-005
 7.753937e+002  2.287001e-005
 7.760125e+002  1.751518e-005
 7.766312e+002  2.029572e-005
 7.772500e+002  2.281355e-005
 7.778687e+002  1.865449e-005
 7.784875e+002  1.662429e-005
 7.791062e+002  1.717489e-005
 7.797250e+002  3.664652e-004
 7.803437e+002  6.803805e-004
 7.809625e+002  3.165974e-004
 7.815812e+002  2.455381e-005
 7.822000e+002  2.163647e-005
 7.828187e+002  1.888981e-005
 7.834375e+002  1.865374e-005
 7.840562e+002  1.923534e-005
 7.846750e+002  1.940671e-005
 7.852937e+002  1.945705e-005
 7.859125e+002  1.539940e-005
 7.865312e+002  1.749929e-005
 7.871500e+002  1.768331e-005
 7.877687e+002  2.171901e-005
 7.883875e+002  2.580302e-005
 7.890062e+002  2.117512e-005
 7.896250e+002  1.829199e-005
 7.902437e+002  1.631007e-005
 7.908625e+002  1.946539e-005
 7.914812e+002  2.279080e-005
 7.921000e+002  2.182141e-005
 7.927187e+002  2.110048e-005
 7.933375e+002  1.989380e-005
 7.939562e+002  2.012371e-005
 7.945750e+002  2.264882e-005
 7.951937e+002  2.010100e-005
 7.958125e+002  2.028696e-005
 7.964312e+002  2.116625e-005
 7.970500e+002  2.191539e-005
 7.976687e+002  2.335832e-005
 7.982875e+002  2.074056e-005
 7.989062e+002  2.649930e-005
 7.995250e+002  9.041096e-005
 8.001437e+002  1.206250e-004
 8.007625e+002  4.231787e-005
 8.013812e+002  2.196457e-005
 8.020000e+002  2.124762e-005
 8.026187e+002  2.151673e-005
 8.032375e+002  2.025640e-005
 8.038562e+002  2.036301e-005
 8.044750e+002  2.092938e-005
 8.050937e+002  1.887394e-005
 8.057125e+002  1.885673e-005
 8.063312e+002  2.163337e-005
 8.069500e+002  1.895694e-005
 8.075687e+002  1.781111e-005
 8.081875e+002  1.911425e-005
 8.088062e+002  2.079342e-005
 8.094250e+002  2.515331e-005
 8.100437e+002  2.300184e-005
 8.106625e+002  2.157181e-005
 8.112812e+002  2.237288e-005
 8.119000e+002  2.162059e-005
 8.125187e+002  1.770513e-005
 8.131375e+002  2.038085e-005
 8.137562e+002  2.322216e-005
 8.143750e+002  2.170048e-005
 8.149937e+002  2.173728e-005
 8.156125e+002  2.118718e-005
 8.162312e+002  2.153678e-005
 8.168500e+002  1.816390e-005
 8.174687e+002  1.850117e-005
 8.180875e+002  2.273560e-005
 8.187062e+002  2.078612e-005
 8.193250e+002  1.896199e-005
 8.199437e+002  1.704237e-005
 8.205625e+002  1.853875e-005
 8.211812e+002  2.227531e-005
 8.218000e+002  2.727944e-005
 8.224187e+002  2.479870e-005
 8.230375e+002  2.174669e-005
 8.236562e+002  2.320281e-005
 8.242750e+002  2.202799e-005
 8.248937e+002  1.957335e-005
 8.255125e+002  1.246557e-005
 8.261312e+002  1.612003e-005
 8.267500e+002  1.968414e-005
 8.273687e+002  2.443746e-005
 8.279875e+002  2.828024e-005
 8.286062e+002  2.424331e-005
 8.292250e+002  1.622335e-005
 8.298437e+002  1.882324e-005
 8.304625e+002  1.995220e-005
 8.310812e+002  1.932818e-005
 8.317000e+002  2.074391e-005
 8.323187e+002  2.211914e-005
 8.329375e+002  2.185568e-005
 8.335562e+002  1.989327e-005
 8.341750e+002  2.375026e-005
 8.347937e+002  2.146396e-005
 8.354125e+002  1.891643e-005
 8.360312e+002  1.773021e-005
 8.366500e+002  1.708983e-005
 8.372687e+002  2.060414e-005
 8.378875e+002  2.284541e-005
 8.385062e+002  2.168037e-005
 8.391250e+002  2.561440e-005
 8.397437e+002  3.615077e-004
 8.403625e+002  6.694524e-004
 8.409812e+002  3.148102e-004
 8.416000e+002  2.063181e-005
 8.422187e+002  2.233769e-005
 8.428375e+002  2.043745e-005
 8.434562e+002  1.964215e-005
 8.440750e+002  2.013697e-005
 8.446937e+002  1.798923e-005
 8.453125e+002  1.578676e-005
 8.459312e+002  1.003006e-004
 8.465500e+002  2.598709e-004
 8.471687e+002  1.710879e-004
 8.477875e+002  2.770151e-005
 8.484062e+002  2.535991e-005
 8.490250e+002  6.438089e-005
 8.496437e+002  3.282555e-004
 8.502625e+002  3.542429e-004
 8.508812e+002  8.702228e-005
 8.515000e+002  2.100177e-005
 8.521187e+002  2.077033e-005
 8.527375e+002  2.364794e-005
 8.533562e+002  2.537392e-005
 8.539750e+002  2.457690e-005
 8.545937e+002  2.237464e-005
 8.552125e+002  2.341604e-005
 8.558312e+002  1.965297e-005
 8.564500e+002  2.353078e-005
 8.570687e+002  2.296578e-005
 8.576875e+002  2.285336e-005
 8.583062e+002  2.525071e-005
 8.589250e+002  2.019914e-005
 8.595437e+002  2.256385e-005
 8.601625e+002  2.415506e-005
 8.607812e+002  2.078874e-005
 8.614000e+002  2.029805e-005
 8.620187e+002  2.492746e-005
 8.626375e+002  1.991680e-005
 8.632562e+002  1.896402e-005
 8.638750e+002  1.948529e-005
 8.644937e+002  2.149843e-005
 8.651125e+002  1.827516e-005
 8.657312e+002  1.633246e-005
 8.663500e+002  1.874697e-005
 8.669687e+002  2.009393e-005
 8.675875e+002  2.067189e-005
 8.682062e+002  1.960216e-005
 8.688250e+002  1.821277e-005
 8.694437e+002  1.709023e-005
 8.700625e+002  2.093759e-005
 8.706812e+002  2.101590e-005
 8.713000e+002  2.229959e-005
 8.719187e+002  2.091785e-005
 8.725375e+002  1.839586e-005
 8.731562e+002  1.823814e-005
 8.737750e+002  2.004076e-005
 8.743937e+002  2.176167e-005
 8.750125e+002  1.868290e-005
 8.756312e+002  2.285181e-005
 8.762500e+002  2.343478e-005
 8.768687e+002  1.985658e-005
 8.774875e+002  2.022926e-005
 8.781062e+002  1.938182e-005
 8.787250e+002  1.782319e-005
 8.793437e+002  1.714435e-005
 8.799625e+002  1.785426e-005
 8.805812e+002  1.725331e-005
 8.812000e+002  1.753202e-005
 8.818187e+002  2.076367e-005
 8.824375e+002  2.150875e-005
 8.830562e+002  1.753842e-005
 8.836750e+002  1.928576e-005
 8.842937e+002  2.302997e-005
 8.849125e+002  2.118173e-005
 8.855312e+002  2.018199e-005
 8.861500e+002  2.377931e-005
 8.867687e+002  1.910794e-005
 8.873875e+002  1.979802e-005
 8.880062e+002  2.217405e-005
 8.886250e+002  2.100557e-005
 8.892437e+002  2.291756e-005
 8.898625e+002  2.004888e-005
 8.904812e+002  1.709963e-005
 8.911000e+002  2.057401e-005
 8.917187e+002  1.917966e-005
 8.923375e+002  2.370252e-005
 8.929562e+002  2.059264e-005
 8.935750e+002  1.865128e-005
 8.941937e+002  1.518760e-005
 8.948125e+002  1.981605e-005
 8.954312e+002  2.173140e-005
 8.960500e+002  2.055171e-005
 8.966687e+002  1.935233e-005
 8.972875e+002  2.407544e-005
 8.979062e+002  2.045232e-005
 8.985250e+002  1.748784e-005
 8.991437e+002  3.730864e-005
 8.997625e+002  3.597527e-004
 9.003812e+002  6.563486e-004
 9.010000e+002  3.084207e-004
 9.016187e+002  2.172100e-005
 9.022375e+002  2.128023e-005
 9.028562e+002  1.777890e-005
 9.034750e+002  1.618375e-005
 9.040937e+002  2.005478e-005
 9.047125e+002  2.204519e-005
 9.053312e+002  2.381594e-005
 9.059500e+002  2.570937e-005
 9.065687e+002  2.403147e-005
 9.071875e+002  2.038427e-005
 9.078062e+002  2.238638e-005
 9.084250e+002  2.383703e-005
 9.090437e+002  2.242487e-005
 9.096625e+002  1.879601e-005
 9.102812e+002  2.096247e-005
 9.109000e+002  2.022109e-005
 9.115187e+002  1.975242e-005
 9.121375e+002  2.368135e-005
 9.127562e+002  2.492216e-005
 9.133750e+002  2.254021e-005
 9.139937e+002  2.314081e-005
 9.146125e+002  2.367564e-005
 9.152312e+002  2.182632e-005
 9.158500e+002  2.297388e-005
 9.164687e+002  2.201524e-005
 9.170875e+002  2.131811e-005
 9.177062e+002  2.078123e-005
 9.183250e+002  1.876853e-005
 9.189437e+002  1.936336e-005
 9.195625e+002  1.935840e-005
 9.201812e+002  2.284001e-005
 9.208000e+002  2.300188e-005
 9.214187e+002  2.058768e-005
 9.220375e+002  1.912413e-005
 9.226562e+002  1.958270e-005
 9.232750e+002  1.894418e-005
 9.238937e+002  2.360686e-005
 9.245125e+002  2.253919e-005
 9.251312e+002  2.134766e-005
 9.257500e+002  1.952094e-005
 9.263687e+002  1.999402e-005
 9.269875e+002  1.873640e-005
 9.276062e+002  1.916253e-005
 9.282250e+002  1.959368e-005
 9.288437e+002  2.572665e-005
 9.294625e+002  2.339327e-005
 9.300812e+002  2.268203e-005
 9.307000e+002  2.087587e-005
 9.313187e+002  2.293491e-005
 9.319375e+002  1.989276e-005
 9.325562e+002  1.960603e-005
 9.331750e+002  2.195048e-005
 9.337937e+002  2.190109e-005
 9.344125e+002  2.042393e-005
 9.350312e+002  1.772198e-005
 9.356500e+002  1.917226e-005
 9.362687e+002  2.012864e-005
 9.368875e+002  1.633535e-005
 9.375062e+002  1.489659e-005
 9.381250e+002  1.701341e-005
 9.387437e+002  2.017409e-005
 9.393625e+002  2.417769e-005
 9.399812e+002  2.383842e-005
 9.406000e+002  2.321771e-005
 9.412187e+002  2.466949e-005
 9.418375e+002  2.513780e-005
 9.424562e+002  2.116648e-005
 9.430750e+002  2.215499e-005
 9.436937e+002  2.203222e-005
 9.443125e+002  1.997089e-005
 9.449312e+002  1.999175e-005
 9.455500e+002  1.994692e-005
 9.461687e+002  2.247142e-005
 9.467875e+002  1.950951e-005
 9.474062e+002  1.856177e-005
 9.480250e+002  1.917774e-005
 9.486437e+002  1.963599e-005
 9.492625e+002  4.181117e-005
 9.498812e+002  7.636590e-005
 9.505000e+002  4.938645e-005
 9.511187e+002  2.333631e-005
 9.517375e+002  2.145906e-005
 9.523562e+002  1.711037e-005
 9.529750e+002  2.111444e-005
 9.535937e+002  2.362760e-005
 9.542125e+002  2.064706e-005
 9.548312e+002  1.736342e-005
 9.554500e+002  2.057943e-005
 9.560687e+002  2.268722e-005
 9.566875e+002  1.993630e-005
 9.573062e+002  1.923745e-005
 9.579250e+002  2.229501e-005
 9.585437e+002  2.140799e-005
 9.591625e+002  2.617554e-005
 9.597812e+002  3.343663e-004
 9.604000e+002  6.341805e-004
 9.610187e+002  3.087785e-004
 9.616375e+002  1.929069e-005
 9.622562e+002  1.764079e-005
 9.628750e+002  1.895302e-005
 9.634937e+002  2.102232e-005
 9.641125e+002  1.733375e-005
 9.647312e+002  1.812679e-005
 9.653500e+002  1.906825e-005
 9.659687e+002  2.208538e-005
 9.665875e+002  2.125538e-005
 9.672062e+002  1.916938e-005
 9.678250e+002  1.862404e-005
 9.684437e+002  2.051675e-005
 9.690625e+002  2.172687e-005
 9.696812e+002  2.073404e-005
 9.703000e+002  2.069716e-005
 9.709187e+002  2.114736e-005
 9.715375e+002  1.938394e-005
 9.721562e+002  2.398785e-005
 9.727750e+002  2.069572e-005
 9.733937e+002  1.944310e-005
 9.740125e+002  1.834226e-005
 9.746312e+002  1.969370e-005
 9.752500e+002  1.993319e-005
 9.758687e+002  2.256244e-005
 9.764875e+002  2.023735e-005
 9.771062e+002  1.910687e-005
 9.777250e+002  2.216145e-005
 9.783437e+002  2.148363e-005
 9.789625e+002  1.891852e-005
 9.795812e+002  1.982176e-005
 9.802000e+002  2.018344e-005
 9.808187e+002  1.787557e-005
 9.814375e+002  1.709034e-005
 9.820562e+002  1.793944e-005
 9.826750e+002  1.870131e-005
 9.832937e+002  1.978786e-005
 9.839125e+002  1.496715e-005
 9.845312e+002  1.766716e-005
 9.851500e+002  2.138738e-005
 9.857687e+002  2.074708e-005
 9.863875e+002  1.774080e-005
 9.870062e+002  1.738318e-005
 9.876250e+002  1.963854e-005
 9.882437e+002  2.116931e-005
 9.888625e+002  1.803073e-005
 9.894812e+002  1.904480e-005
 9.901000e+002  1.720405e-005
 9.907187e+002  1.891399e-005
 9.913375e+002  1.897718e-005
 9.919562e+002  2.302501e-005
 9.925750e+002  1.947080e-005
 9.931937e+002  1.694424e-005
 9.938125e+002  1.858524e-005
 9.944312e+002  1.615834e-005
 9.950500e+002  1.857692e-005
 9.956687e+002  2.153919e-005
 9.962875e+002  2.028546e-005
 9.969062e+002  1.937451e-005
 9.975250e+002  1.610105e-005
 9.981437e+002  1.504109e-005
 9.987625e+002  2.011550e-005
 9.993812e+002  1.047413e-004
 1.000000e+003  1.899763e-004
