 1.000000e+001  2.477398e-004
 1.061875e+001  2.173091e-004
 1.123750e+001  2.407677e-004
 1.185625e+001  2.605708e-004
 1.247500e+001  2.561863e-004
 1.309375e+001  1.952787e-004
 1.371250e+001  2.003862e-004
 1.433125e+001  2.006761e-004
 1.495000e+001  2.025851e-004
 1.556875e+001  1.936997e-004
 1.618750e+001  1.753554e-004
 1.680625e+001  1.629466e-004
 1.742500e+001  1.971110e-004
 1.804375e+001  1.737120e-004
 1.866250e+001  1.796087e-004
 1.928125e+001  1.756677e-004
 1.990000e+001  2.009476e-004
 2.051875e+001  2.064281e-004
 2.113750e+001  1.487172e-004
 2.175625e+001  1.718172e-004
 2.237500e+001  2.051558e-004
 2.299375e+001  1.790884e-004
 2.361250e+001  1.501557e-004
 2.423125e+001  1.478442e-004
 2.485000e+001  1.492985e-004
 2.546875e+001  1.599551e-004
 2.608750e+001  1.555259e-004
 2.670625e+001  1.676267e-004
 2.732500e+001  1.630904e-004
 2.794375e+001  1.417715e-004
 2.856250e+001  1.486250e-004
 2.918125e+001  1.427378e-004
 2.980000e+001  9.984500e-005
 3.041875e+001  1.376416e-004
 3.103750e+001  1.479066e-004
 3.165625e+001  1.476985e-004
 3.227500e+001  1.242228e-004
 3.289375e+001  1.307014e-004
 3.351250e+001  1.371174e-004
 3.413125e+001  1.361785e-004
 3.475000e+001  1.423603e-004
 3.536875e+001  1.335859e-004
 3.598750e+001  1.289970e-004
 3.660625e+001  1.774927e-004
 3.722500e+001  1.658843e-004
 3.784375e+001  1.374821e-004
 3.846250e+001  1.294055e-004
 3.908125e+001  1.318551e-004
 3.970000e+001  1.430852e-004
 4.031875e+001  1.160629e-004
 4.093750e+001  1.044409e-004
 4.155625e+001  1.246867e-004
 4.217500e+001  1.370818e-004
 4.279375e+001  1.293470e-004
 4.341250e+001  1.205473e-004
 4.403125e+001  1.079601e-004
 4.465000e+001  9.578760e-005
 4.526875e+001  1.328290e-004
 4.588750e+001  1.110002e-004
 4.650625e+001  8.311539e-005
 4.712500e+001  1.099341e-004
 4.774375e+001  1.204146e-004
 4.836250e+001  1.740281e-004
 4.898125e+001  7.805083e-004
 4.960000e+001  6.542021e-003
 5.021875e+001  8.393682e-003
 5.083750e+001  2.472400e-003
 5.145625e+001  2.793423e-004
 5.207500e+001  1.016674e-004
 5.269375e+001  1.328526e-004
 5.331250e+001  1.271417e-004
 5.393125e+001  1.210272e-004
 5.455000e+001  9.804949e-005
 5.516875e+001  1.048883e-004
 5.578750e+001  1.042292e-004
 5.640625e+001  8.857519e-005
 5.702500e+001  9.021988e-005
 5.764375e+001  1.011582e-004
 5.826250e+001  9.199807e-005
 5.888125e+001  1.013846e-004
 5.950000e+001  2.633901e-004
 6.011875e+001  4.040807e-004
 6.073750e+001  1.757631e-004
 6.135625e+001  7.947302e-005
 6.197500e+001  6.852023e-005
 6.259375e+001  8.494289e-005
 6.321250e+001  9.757074e-005
 6.383125e+001  9.263468e-005
 6.445000e+001  8.138187e-005
 6.506875e+001  5.529777e-005
 6.568750e+001  7.358629e-005
 6.630625e+001  9.129005e-005
 6.692500e+001  7.547776e-005
 6.754375e+001  7.719475e-005
 6.816250e+001  8.670566e-005
 6.878125e+001  6.614081e-005
 6.940000e+001  5.946791e-005
 7.001875e+001  7.768310e-005
 7.063750e+001  8.708949e-005
 7.125625e+001  7.693617e-005
 7.187500e+001  8.773092e-005
 7.249375e+001  7.083465e-005
 7.311250e+001  6.744556e-005
 7.373125e+001  7.699287e-005
 7.435000e+001  8.354274e-005
 7.496875e+001  1.408653e-004
 7.558750e+001  1.891656e-004
 7.620625e+001  7.965739e-005
 7.682500e+001  7.536083e-005
 7.744375e+001  7.654452e-005
 7.806250e+001  7.135816e-005
 7.868125e+001  8.316335e-005
 7.930000e+001  7.024468e-005
 7.991875e+001  7.714718e-005
 8.053750e+001  7.731785e-005
 8.115625e+001  6.805192e-005
 8.177500e+001  6.379956e-005
 8.239375e+001  6.749743e-005
 8.301250e+001  6.013206e-005
 8.363125e+001  5.555821e-005
 8.425000e+001  5.563119e-005
 8.486875e+001  6.888489e-005
 8.548750e+001  7.917974e-005
 8.610625e+001  7.659295e-005
 8.672500e+001  5.947760e-005
 8.734375e+001  5.675912e-005
 8.796250e+001  7.363794e-005
 8.858125e+001  7.364885e-005
 8.920000e+001  6.505204e-005
 8.981875e+001  6.157790e-005
 9.043750e+001  7.244550e-005
 9.105625e+001  6.437936e-005
 9.167500e+001  7.995698e-005
 9.229375e+001  6.858455e-005
 9.291250e+001  6.705683e-005
 9.353125e+001  6.545592e-005
 9.415000e+001  5.789315e-005
 9.476875e+001  5.054538e-005
 9.538750e+001  5.730429e-005
 9.600625e+001  6.678544e-005
 9.662500e+001  5.305935e-005
 9.724375e+001  5.475197e-005
 9.786250e+001  6.317296e-005
 9.848125e+001  6.133292e-005
 9.910000e+001  8.934630e-005
 9.971875e+001  3.247031e-004
 1.003375e+002  3.258638e-004
 1.009563e+002  8.698950e-005
 1.015750e+002  6.456811e-005
 1.021938e+002  5.144245e-005
 1.028125e+002  5.292680e-005
 1.034313e+002  4.922882e-005
 1.040500e+002  4.216992e-005
 1.046688e+002  4.566994e-005
 1.052875e+002  4.460394e-005
 1.059063e+002  5.036199e-005
 1.065250e+002  5.895373e-005
 1.071438e+002  5.770983e-005
 1.077625e+002  4.432327e-005
 1.083813e+002  4.045379e-005
 1.090000e+002  5.025086e-005
 1.096188e+002  5.718991e-005
 1.102375e+002  5.483608e-005
 1.108563e+002  4.204754e-005
 1.114750e+002  4.642328e-005
 1.120938e+002  4.795487e-005
 1.127125e+002  5.445624e-005
 1.133313e+002  4.942650e-005
 1.139500e+002  4.268369e-005
 1.145688e+002  3.991743e-005
 1.151875e+002  4.089010e-005
 1.158063e+002  4.959618e-005
 1.164250e+002  4.925466e-005
 1.170438e+002  4.146411e-005
 1.176625e+002  4.386465e-005
 1.182813e+002  4.232212e-005
 1.189000e+002  4.292888e-005
 1.195188e+002  2.462557e-004
 1.201375e+002  4.025974e-004
 1.207563e+002  1.681783e-004
 1.213750e+002  3.955044e-005
 1.219938e+002  4.655186e-005
 1.226125e+002  5.511018e-005
 1.232313e+002  8.227265e-005
 1.238500e+002  9.574606e-005
 1.244688e+002  4.826053e-005
 1.250875e+002  3.121322e-005
 1.257063e+002  3.215083e-005
 1.263250e+002  3.871471e-005
 1.269438e+002  3.871663e-005
 1.275625e+002  4.341315e-005
 1.281813e+002  5.113224e-005
 1.288000e+002  5.539984e-005
 1.294188e+002  5.299489e-005
 1.300375e+002  4.423287e-005
 1.306563e+002  4.636849e-005
 1.312750e+002  4.906602e-005
 1.318938e+002  4.819926e-005
 1.325125e+002  3.934859e-005
 1.331313e+002  3.488388e-005
 1.337500e+002  3.706915e-005
 1.343688e+002  3.774689e-005
 1.349875e+002  3.763612e-005
 1.356063e+002  3.973121e-005
 1.362250e+002  4.145476e-005
 1.368438e+002  4.389332e-005
 1.374625e+002  3.979710e-005
 1.380813e+002  3.798110e-005
 1.387000e+002  3.576601e-005
 1.393188e+002  3.882334e-005
 1.399375e+002  3.909790e-005
 1.405563e+002  4.771403e-005
 1.411750e+002  4.602829e-005
 1.417938e+002  4.848555e-005
 1.424125e+002  4.284006e-005
 1.430313e+002  4.119655e-005
 1.436500e+002  4.358056e-005
 1.442688e+002  3.937159e-005
 1.448875e+002  3.410886e-005
 1.455063e+002  4.268117e-005
 1.461250e+002  4.281757e-005
 1.467438e+002  4.056584e-005
 1.473625e+002  4.474969e-005
 1.479813e+002  7.245086e-005
 1.486000e+002  2.163797e-004
 1.492188e+002  1.815649e-003
 1.498375e+002  7.050446e-003
 1.504563e+002  6.038573e-003
 1.510750e+002  8.898845e-004
 1.516938e+002  1.543416e-004
 1.523125e+002  6.537130e-005
 1.529313e+002  4.504301e-005
 1.535500e+002  3.764357e-005
 1.541688e+002  4.581410e-005
 1.547875e+002  3.594571e-005
 1.554063e+002  2.750940e-005
 1.560250e+002  3.032160e-005
 1.566438e+002  2.778136e-005
 1.572625e+002  3.583480e-005
 1.578813e+002  3.657711e-005
 1.585000e+002  3.570961e-005
 1.591188e+002  3.645392e-005
 1.597375e+002  3.951033e-005
 1.603563e+002  3.626781e-005
 1.609750e+002  4.203711e-005
 1.615938e+002  3.850667e-005
 1.622125e+002  3.507995e-005
 1.628313e+002  4.021183e-005
 1.634500e+002  3.736553e-005
 1.640688e+002  3.490327e-005
 1.646875e+002  2.808239e-005
 1.653063e+002  2.812918e-005
 1.659250e+002  3.542025e-005
 1.665438e+002  3.974857e-005
 1.671625e+002  3.954654e-005
 1.677813e+002  4.068378e-005
 1.684000e+002  3.360356e-005
 1.690188e+002  3.180169e-005
 1.696375e+002  2.976604e-005
 1.702563e+002  3.160134e-005
 1.708750e+002  2.823778e-005
 1.714938e+002  3.073947e-005
 1.721125e+002  3.601145e-005
 1.727313e+002  3.349084e-005
 1.733500e+002  3.278475e-005
 1.739688e+002  3.044734e-005
 1.745875e+002  3.369750e-005
 1.752063e+002  3.762782e-005
 1.758250e+002  3.665530e-005
 1.764438e+002  3.696970e-005
 1.770625e+002  3.175950e-005
 1.776813e+002  2.900742e-005
 1.783000e+002  3.704399e-005
 1.789188e+002  3.699716e-005
 1.795375e+002  2.744553e-004
 1.801563e+002  4.281747e-004
 1.807750e+002  1.716852e-004
 1.813938e+002  3.149622e-005
 1.820125e+002  3.694709e-005
 1.826313e+002  3.087959e-005
 1.832500e+002  2.483861e-005
 1.838688e+002  3.070862e-005
 1.844875e+002  2.484594e-005
 1.851063e+002  2.654520e-005
 1.857250e+002  2.870442e-005
 1.863438e+002  2.894978e-005
 1.869625e+002  3.128178e-005
 1.875813e+002  3.176633e-005
 1.882000e+002  3.195085e-005
 1.888188e+002  3.108244e-005
 1.894375e+002  3.167937e-005
 1.900563e+002  3.281288e-005
 1.906750e+002  3.417395e-005
 1.912938e+002  3.365765e-005
 1.919125e+002  3.581285e-005
 1.925313e+002  2.919799e-005
 1.931500e+002  3.225776e-005
 1.937688e+002  3.181975e-005
 1.943875e+002  2.541974e-005
 1.950063e+002  2.774546e-005
 1.956250e+002  2.900397e-005
 1.962438e+002  2.290324e-005
 1.968625e+002  2.780165e-005
 1.974813e+002  2.824931e-005
 1.981000e+002  2.776638e-005
 1.987188e+002  2.842534e-005
 1.993375e+002  1.392666e-004
 1.999563e+002  3.937564e-004
 2.005750e+002  2.703202e-004
 2.011938e+002  2.687002e-005
 2.018125e+002  3.064612e-005
 2.024313e+002  3.031607e-005
 2.030500e+002  2.619312e-005
 2.036688e+002  3.042582e-005
 2.042875e+002  2.882900e-005
 2.049063e+002  3.024164e-005
 2.055250e+002  2.730830e-005
 2.061438e+002  2.272813e-005
 2.067625e+002  2.583375e-005
 2.073813e+002  2.565285e-005
 2.080000e+002  2.685517e-005
 2.086188e+002  3.089745e-005
 2.092375e+002  2.601588e-005
 2.098563e+002  2.500091e-005
 2.104750e+002  2.373594e-005
 2.110938e+002  2.628543e-005
 2.117125e+002  2.871928e-005
 2.123313e+002  2.715508e-005
 2.129500e+002  2.704826e-005
 2.135688e+002  2.193448e-005
 2.141875e+002  2.152492e-005
 2.148063e+002  2.468625e-005
 2.154250e+002  2.560295e-005
 2.160438e+002  2.605782e-005
 2.166625e+002  2.751278e-005
 2.172813e+002  2.678042e-005
 2.179000e+002  2.774136e-005
 2.185188e+002  2.678681e-005
 2.191375e+002  2.979846e-005
 2.197563e+002  2.406950e-005
 2.203750e+002  2.138887e-005
 2.209938e+002  2.369951e-005
 2.216125e+002  2.861647e-005
 2.222313e+002  2.703947e-005
 2.228500e+002  2.540055e-005
 2.234688e+002  2.187744e-005
 2.240875e+002  2.238398e-005
 2.247063e+002  2.497379e-005
 2.253250e+002  2.575845e-005
 2.259438e+002  2.738957e-005
 2.265625e+002  2.488717e-005
 2.271813e+002  2.388278e-005
 2.278000e+002  2.266336e-005
 2.284188e+002  2.238763e-005
 2.290375e+002  2.667821e-005
 2.296563e+002  2.298328e-005
 2.302750e+002  2.278491e-005
 2.308938e+002  2.827672e-005
 2.315125e+002  2.695147e-005
 2.321313e+002  2.509469e-005
 2.327500e+002  3.185967e-005
 2.333688e+002  2.523325e-005
 2.339875e+002  2.453689e-005
 2.346063e+002  2.490615e-005
 2.352250e+002  2.809965e-005
 2.358438e+002  3.533601e-005
 2.364625e+002  2.815922e-005
 2.370813e+002  2.535365e-005
 2.377000e+002  2.306719e-005
 2.383188e+002  2.560252e-005
 2.389375e+002  3.216616e-005
 2.395563e+002  2.713876e-004
 2.401750e+002  4.438380e-004
 2.407938e+002  1.778998e-004
 2.414125e+002  2.716332e-005
 2.420313e+002  2.737688e-005
 2.426500e+002  2.927979e-005
 2.432688e+002  2.577628e-005
 2.438875e+002  2.189254e-005
 2.445063e+002  2.369796e-005
 2.451250e+002  2.885516e-005
 2.457438e+002  2.950127e-005
 2.463625e+002  3.043108e-005
 2.469813e+002  2.623878e-005
 2.476000e+002  2.271321e-005
 2.482188e+002  2.963029e-005
 2.488375e+002  3.738105e-005
 2.494563e+002  1.159329e-003
 2.500750e+002  2.622680e-003
 2.506938e+002  1.475389e-003
 2.513125e+002  4.346474e-005
 2.519313e+002  3.400856e-005
 2.525500e+002  2.402712e-005
 2.531688e+002  2.153976e-005
 2.537875e+002  2.225723e-005
 2.544063e+002  2.341363e-005
 2.550250e+002  2.359240e-005
 2.556438e+002  2.839654e-005
 2.562625e+002  3.201072e-005
 2.568813e+002  2.724237e-005
 2.575000e+002  2.324516e-005
 2.581188e+002  1.996524e-005
 2.587375e+002  2.649601e-005
 2.593563e+002  2.895662e-005
 2.599750e+002  2.498044e-005
 2.605938e+002  2.708391e-005
 2.612125e+002  2.973386e-005
 2.618313e+002  2.932182e-005
 2.624500e+002  2.434577e-005
 2.630688e+002  2.212417e-005
 2.636875e+002  2.463318e-005
 2.643063e+002  2.815310e-005
 2.649250e+002  2.993905e-005
 2.655438e+002  2.666272e-005
 2.661625e+002  2.661940e-005
 2.667813e+002  2.079769e-005
 2.674000e+002  2.601105e-005
 2.680188e+002  2.645372e-005
 2.686375e+002  2.124690e-005
 2.692563e+002  2.200412e-005
 2.698750e+002  2.370092e-005
 2.704938e+002  2.789515e-005
 2.711125e+002  2.491368e-005
 2.717313e+002  2.526209e-005
 2.723500e+002  2.475277e-005
 2.729688e+002  2.742640e-005
 2.735875e+002  2.622080e-005
 2.742063e+002  2.496612e-005
 2.748250e+002  3.077328e-005
 2.754438e+002  2.877264e-005
 2.760625e+002  2.530225e-005
 2.766813e+002  2.365016e-005
 2.773000e+002  2.243360e-005
 2.779188e+002  2.297792e-005
 2.785375e+002  2.260067e-005
 2.791563e+002  2.496424e-005
 2.797750e+002  2.983815e-005
 2.803938e+002  2.686709e-005
 2.810125e+002  2.022831e-005
 2.816313e+002  1.670787e-004
 2.822500e+002  3.010790e-004
 2.828688e+002  1.407531e-004
 2.834875e+002  2.462690e-005
 2.841063e+002  2.451062e-005
 2.847250e+002  2.683955e-005
 2.853438e+002  2.396226e-005
 2.859625e+002  2.513394e-005
 2.865813e+002  2.760461e-005
 2.872000e+002  2.129770e-005
 2.878188e+002  2.129468e-005
 2.884375e+002  2.791157e-005
 2.890563e+002  2.513585e-005
 2.896750e+002  1.977046e-005
 2.902938e+002  2.133109e-005
 2.909125e+002  2.280851e-005
 2.915313e+002  2.174201e-005
 2.921500e+002  2.779329e-005
 2.927688e+002  2.372690e-005
 2.933875e+002  2.536921e-005
 2.940063e+002  2.565837e-005
 2.946250e+002  1.867435e-005
 2.952438e+002  2.370098e-005
 2.958625e+002  2.877577e-005
 2.964813e+002  2.480155e-005
 2.971000e+002  2.115576e-005
 2.977188e+002  1.872230e-005
 2.983375e+002  2.216026e-005
 2.989563e+002  2.012027e-005
 2.995750e+002  3.525208e-004
 3.001938e+002  6.166866e-004
 3.008125e+002  2.723881e-004
 3.014313e+002  2.499415e-005
 3.020500e+002  3.003096e-005
 3.026688e+002  2.744451e-005
 3.032875e+002  2.757655e-005
 3.039063e+002  2.591301e-005
 3.045250e+002  2.306563e-005
 3.051438e+002  2.381531e-005
 3.057625e+002  2.300513e-005
 3.063813e+002  1.911548e-005
 3.070000e+002  1.747585e-005
 3.076188e+002  2.050490e-005
 3.082375e+002  2.253670e-005
 3.088563e+002  2.358746e-005
 3.094750e+002  2.629518e-005
 3.100938e+002  2.130168e-005
 3.107125e+002  2.039782e-005
 3.113313e+002  2.089251e-005
 3.119500e+002  2.225802e-005
 3.125688e+002  2.425858e-005
 3.131875e+002  2.804034e-005
 3.138063e+002  2.646046e-005
 3.144250e+002  2.608780e-005
 3.150437e+002  2.451229e-005
 3.156625e+002  2.554446e-005
 3.162812e+002  2.545331e-005
 3.169000e+002  2.379371e-005
 3.175187e+002  2.475969e-005
 3.181375e+002  2.474348e-005
 3.187562e+002  2.189707e-005
 3.193750e+002  1.844238e-005
 3.199937e+002  2.611819e-005
 3.206125e+002  2.836954e-005
 3.212312e+002  2.330621e-005
 3.218500e+002  2.549879e-005
 3.224687e+002  2.605680e-005
 3.230875e+002  2.191267e-005
 3.237062e+002  2.086752e-005
 3.243250e+002  2.330910e-005
 3.249437e+002  2.603062e-005
 3.255625e+002  2.364906e-005
 3.261812e+002  2.248202e-005
 3.268000e+002  2.050396e-005
 3.274187e+002  2.365998e-005
 3.280375e+002  2.572316e-005
 3.286562e+002  2.583493e-005
 3.292750e+002  2.413758e-005
 3.298937e+002  2.356946e-005
 3.305125e+002  2.351595e-005
 3.311312e+002  2.212967e-005
 3.317500e+002  2.772571e-005
 3.323687e+002  2.722256e-005
 3.329875e+002  2.366624e-005
 3.336062e+002  2.610946e-005
 3.342250e+002  2.183871e-005
 3.348437e+002  2.440563e-005
 3.354625e+002  2.503470e-005
 3.360812e+002  1.746888e-005
 3.367000e+002  1.976697e-005
 3.373187e+002  2.142970e-005
 3.379375e+002  2.189311e-005
 3.385562e+002  2.300865e-005
 3.391750e+002  2.323378e-005
 3.397937e+002  2.493400e-005
 3.404125e+002  2.330122e-005
 3.410312e+002  1.951282e-005
 3.416500e+002  2.113466e-005
 3.422687e+002  2.074123e-005
 3.428875e+002  2.476309e-005
 3.435062e+002  2.521680e-005
 3.441250e+002  2.172774e-005
 3.447437e+002  2.214528e-005
 3.453625e+002  1.633513e-005
 3.459812e+002  1.612801e-005
 3.466000e+002  2.192118e-005
 3.472187e+002  2.004975e-005
 3.478375e+002  2.662513e-005
 3.484562e+002  2.701674e-005
 3.490750e+002  2.508441e-005
 3.496937e+002  3.956925e-005
 3.503125e+002  5.453421e-005
 3.509312e+002  3.191710e-005
 3.515500e+002  2.315877e-005
 3.521687e+002  2.353907e-005
 3.527875e+002  2.005439e-005
 3.534062e+002  2.022622e-005
 3.540250e+002  2.326797e-005
 3.546437e+002  2.350083e-005
 3.552625e+002  2.021785e-005
 3.558812e+002  2.278610e-005
 3.565000e+002  2.282912e-005
 3.571187e+002  2.215646e-005
 3.577375e+002  2.236144e-005
 3.583562e+002  2.583191e-005
 3.589750e+002  2.430126e-005
 3.595937e+002  2.796620e-004
 3.602125e+002  4.734239e-004
 3.608312e+002  2.037941e-004
 3.614500e+002  2.526956e-005
 3.620687e+002  2.445875e-005
 3.626875e+002  2.126043e-005
 3.633062e+002  2.144579e-005
 3.639250e+002  2.401142e-005
 3.645437e+002  2.558834e-005
 3.651625e+002  2.080132e-005
 3.657812e+002  2.134964e-005
 3.664000e+002  1.743602e-005
 3.670187e+002  1.664733e-005
 3.676375e+002  1.823804e-005
 3.682562e+002  1.929686e-005
 3.688750e+002  1.948570e-005
 3.694937e+002  2.311071e-005
 3.701125e+002  2.617978e-005
 3.707312e+002  3.219944e-005
 3.713500e+002  2.776620e-005
 3.719687e+002  1.855804e-005
 3.725875e+002  2.261207e-005
 3.732062e+002  2.428787e-005
 3.738250e+002  2.348676e-005
 3.744437e+002  2.634352e-005
 3.750625e+002  2.606438e-005
 3.756812e+002  1.904796e-005
 3.763000e+002  1.964624e-005
 3.769187e+002  2.235573e-005
 3.775375e+002  2.210569e-005
 3.781562e+002  2.346780e-005
 3.787750e+002  1.985047e-005
 3.793937e+002  2.501799e-005
 3.800125e+002  2.750761e-005
 3.806312e+002  2.716982e-005
 3.812500e+002  2.121713e-005
 3.818687e+002  2.124418e-005
 3.824875e+002  2.200755e-005
 3.831062e+002  2.207827e-005
 3.837250e+002  2.412858e-005
 3.843437e+002  2.408920e-005
 3.849625e+002  2.212931e-005
 3.855812e+002  2.307194e-005
 3.862000e+002  1.830025e-005
 3.868187e+002  1.847847e-005
 3.874375e+002  1.861521e-005
 3.880562e+002  1.950036e-005
 3.886750e+002  2.710504e-005
 3.892937e+002  2.705479e-005
 3.899125e+002  2.006959e-005
 3.905312e+002  2.113950e-005
 3.911500e+002  2.529432e-005
 3.917687e+002  2.511995e-005
 3.923875e+002  2.329554e-005
 3.930062e+002  2.482522e-005
 3.936250e+002  2.420767e-005
 3.942437e+002  2.470205e-005
 3.948625e+002  2.263640e-005
 3.954812e+002  1.970046e-005
 3.961000e+002  2.176312e-005
 3.967187e+002  2.773360e-005
 3.973375e+002  2.631554e-005
 3.979562e+002  2.330668e-005
 3.985750e+002  2.176440e-005
 3.991937e+002  4.781295e-005
 3.998125e+002  3.118064e-004
 4.004312e+002  3.726243e-004
 4.010500e+002  1.062513e-004
 4.016687e+002  2.401036e-005
 4.022875e+002  2.426005e-005
 4.029062e+002  2.349450e-005
 4.035250e+002  2.419124e-005
 4.041437e+002  2.361510e-005
 4.047625e+002  2.245436e-005
 4.053812e+002  1.969546e-005
 4.060000e+002  2.069922e-005
 4.066187e+002  2.057946e-005
 4.072375e+002  2.402789e-005
 4.078562e+002  2.431204e-005
 4.084750e+002  2.419357e-005
 4.090937e+002  2.107815e-005
 4.097125e+002  2.095018e-005
 4.103312e+002  2.500319e-005
 4.109500e+002  2.947986e-005
 4.115687e+002  2.725107e-005
 4.121875e+002  2.426866e-005
 4.128062e+002  2.584762e-005
 4.134250e+002  1.849074e-005
 4.140437e+002  2.049058e-005
 4.146625e+002  2.110836e-005
 4.152812e+002  2.232143e-005
 4.159000e+002  2.177287e-005
 4.165187e+002  2.234888e-005
 4.171375e+002  2.487042e-005
 4.177562e+002  2.239260e-005
 4.183750e+002  2.014757e-005
 4.189937e+002  2.611849e-005
 4.196125e+002  2.792037e-004
 4.202312e+002  4.766198e-004
 4.208500e+002  2.048948e-004
 4.214687e+002  1.968088e-005
 4.220875e+002  2.595260e-005
 4.227062e+002  2.468401e-005
 4.233250e+002  2.034601e-005
 4.239437e+002  2.142335e-005
 4.245625e+002  2.078211e-005
 4.251812e+002  1.884274e-005
 4.258000e+002  2.453348e-005
 4.264187e+002  2.394211e-005
 4.270375e+002  2.575315e-005
 4.276562e+002  2.188873e-005
 4.282750e+002  2.178387e-005
 4.288937e+002  2.194939e-005
 4.295125e+002  2.238493e-005
 4.301312e+002  2.577983e-005
 4.307500e+002  2.485956e-005
 4.313687e+002  2.241980e-005
 4.319875e+002  2.407944e-005
 4.326062e+002  2.045047e-005
 4.332250e+002  2.090429e-005
 4.338437e+002  2.085158e-005
 4.344625e+002  1.866482e-005
 4.350812e+002  2.342302e-005
 4.357000e+002  2.247563e-005
 4.363187e+002  1.940783e-005
 4.369375e+002  2.299568e-005
 4.375562e+002  2.212546e-005
 4.381750e+002  2.417589e-005
 4.387937e+002  2.383546e-005
 4.394125e+002  2.066142e-005
 4.400312e+002  2.232150e-005
 4.406500e+002  2.012574e-005
 4.412687e+002  2.031616e-005
 4.418875e+002  1.712860e-005
 4.425062e+002  2.019452e-005
 4.431250e+002  1.990351e-005
 4.437437e+002  2.021654e-005
 4.443625e+002  2.274430e-005
 4.449812e+002  2.430549e-005
 4.456000e+002  2.265367e-005
 4.462187e+002  2.285996e-005
 4.468375e+002  1.909369e-005
 4.474562e+002  2.387663e-005
 4.480750e+002  2.730835e-005
 4.486937e+002  2.465989e-005
 4.493125e+002  8.152959e-005
 4.499312e+002  3.620066e-004
 4.505500e+002  3.505177e-004
 4.511687e+002  7.038766e-005
 4.517875e+002  2.355455e-005
 4.524062e+002  2.571223e-005
 4.530250e+002  2.727480e-005
 4.536437e+002  2.545963e-005
 4.542625e+002  2.216805e-005
 4.548812e+002  2.370306e-005
 4.555000e+002  2.505902e-005
 4.561187e+002  2.552249e-005
 4.567375e+002  2.428424e-005
 4.573562e+002  2.389481e-005
 4.579750e+002  2.389084e-005
 4.585937e+002  2.489508e-005
 4.592125e+002  1.821693e-005
 4.598312e+002  2.063623e-005
 4.604500e+002  2.252309e-005
 4.610687e+002  1.922603e-005
 4.616875e+002  1.652864e-005
 4.623062e+002  1.595831e-005
 4.629250e+002  2.204509e-005
 4.635437e+002  1.761973e-005
 4.641625e+002  2.241281e-005
 4.647812e+002  2.893789e-005
 4.654000e+002  2.542134e-005
 4.660187e+002  1.976514e-005
 4.666375e+002  2.178496e-005
 4.672562e+002  2.355248e-005
 4.678750e+002  2.456464e-005
 4.684937e+002  2.452672e-005
 4.691125e+002  2.295225e-005
 4.697312e+002  2.192791e-005
 4.703500e+002  2.175954e-005
 4.709687e+002  2.115278e-005
 4.715875e+002  2.068109e-005
 4.722062e+002  2.302305e-005
 4.728250e+002  2.307146e-005
 4.734437e+002  1.994292e-005
 4.740625e+002  1.931941e-005
 4.746812e+002  2.084884e-005
 4.753000e+002  2.206471e-005
 4.759187e+002  2.082057e-005
 4.765375e+002  2.063296e-005
 4.771562e+002  1.926114e-005
 4.777750e+002  1.750595e-005
 4.783937e+002  2.045340e-005
 4.790125e+002  1.814910e-005
 4.796312e+002  2.750072e-004
 4.802500e+002  4.843053e-004
 4.808687e+002  2.097682e-004
 4.814875e+002  2.363978e-005
 4.821062e+002  2.443171e-005
 4.827250e+002  2.731941e-005
 4.833437e+002  2.412578e-005
 4.839625e+002  2.729500e-005
 4.845812e+002  2.598410e-005
 4.852000e+002  1.650717e-005
 4.858187e+002  1.736634e-005
 4.864375e+002  2.189102e-005
 4.870562e+002  2.280526e-005
 4.876750e+002  2.073302e-005
 4.882937e+002  2.126797e-005
 4.889125e+002  2.001816e-005
 4.895312e+002  2.208350e-005
 4.901500e+002  2.093286e-005
 4.907687e+002  1.979741e-005
 4.913875e+002  2.529019e-005
 4.920062e+002  2.444223e-005
 4.926250e+002  2.402925e-005
 4.932437e+002  2.388346e-005
 4.938625e+002  2.465565e-005
 4.944812e+002  2.271630e-005
 4.951000e+002  1.998040e-005
 4.957187e+002  2.107634e-005
 4.963375e+002  1.954881e-005
 4.969562e+002  2.088603e-005
 4.975750e+002  2.384135e-005
 4.981937e+002  2.403203e-005
 4.988125e+002  2.846768e-005
 4.994312e+002  8.994199e-005
 5.000500e+002  2.994160e-004
 5.006687e+002  2.362332e-004
 5.012875e+002  3.971652e-005
 5.019062e+002  2.169500e-005
 5.025250e+002  2.324773e-005
 5.031437e+002  1.947183e-005
 5.037625e+002  1.687000e-005
 5.043812e+002  1.829132e-005
 5.050000e+002  2.040736e-005
 5.056187e+002  2.264592e-005
 5.062375e+002  2.299191e-005
 5.068562e+002  2.221267e-005
 5.074750e+002  2.311024e-005
 5.080937e+002  2.303149e-005
 5.087125e+002  2.404603e-005
 5.093312e+002  2.211928e-005
 5.099500e+002  1.941923e-005
 5.105687e+002  2.256743e-005
 5.111875e+002  2.261822e-005
 5.118062e+002  2.352440e-005
 5.124250e+002  2.255381e-005
 5.130437e+002  2.222900e-005
 5.136625e+002  2.046898e-005
 5.142812e+002  1.925510e-005
 5.149000e+002  2.232607e-005
 5.155187e+002  2.375481e-005
 5.161375e+002  2.212440e-005
 5.167562e+002  2.200913e-005
 5.173750e+002  1.912506e-005
 5.179937e+002  2.370023e-005
 5.186125e+002  2.336358e-005
 5.192312e+002  2.256711e-005
 5.198500e+002  1.816302e-005
 5.204687e+002  2.097881e-005
 5.210875e+002  2.440030e-005
 5.217062e+002  2.273990e-005
 5.223250e+002  1.986829e-005
 5.229437e+002  2.123222e-005
 5.235625e+002  2.257823e-005
 5.241812e+002  2.202465e-005
 5.248000e+002  1.910527e-005
 5.254187e+002  2.000617e-005
 5.260375e+002  2.046775e-005
 5.266562e+002  1.940784e-005
 5.272750e+002  1.843819e-005
 5.278937e+002  2.264034e-005
 5.285125e+002  1.843131e-005
 5.291312e+002  1.938094e-005
 5.297500e+002  2.012314e-005
 5.303687e+002  2.622158e-005
 5.309875e+002  2.229677e-005
 5.316062e+002  2.071101e-005
 5.322250e+002  2.242013e-005
 5.328437e+002  2.251028e-005
 5.334625e+002  1.753020e-005
 5.340812e+002  1.877740e-005
 5.347000e+002  2.484209e-005
 5.353187e+002  2.190091e-005
 5.359375e+002  2.181154e-005
 5.365562e+002  2.487210e-005
 5.371750e+002  2.278498e-005
 5.377937e+002  2.171713e-005
 5.384125e+002  2.063479e-005
 5.390312e+002  2.234610e-005
 5.396500e+002  2.813562e-004
 5.402687e+002  4.852872e-004
 5.408875e+002  2.116920e-004
 5.415062e+002  1.906144e-005
 5.421250e+002  2.236119e-005
 5.427437e+002  2.370157e-005
 5.433625e+002  2.416192e-005
 5.439812e+002  2.081457e-005
 5.446000e+002  2.136470e-005
 5.452187e+002  2.193035e-005
 5.458375e+002  2.170397e-005
 5.464562e+002  2.120778e-005
 5.470750e+002  2.021236e-005
 5.476937e+002  2.295924e-005
 5.483125e+002  2.090010e-005
 5.489312e+002  2.822215e-005
 5.495500e+002  2.715369e-004
 5.501687e+002  7.115985e-004
 5.507875e+002  4.586439e-004
 5.514062e+002  3.749360e-005
 5.520250e+002  1.963554e-005
 5.526437e+002  1.778360e-005
 5.532625e+002  2.332272e-005
 5.538812e+002  2.211241e-005
 5.545000e+002  1.726948e-005
 5.551187e+002  1.740522e-005
 5.557375e+002  1.887860e-005
 5.563562e+002  1.820357e-005
 5.569750e+002  1.649967e-005
 5.575937e+002  1.858180e-005
 5.582125e+002  2.167938e-005
 5.588312e+002  2.619893e-005
 5.594500e+002  2.456069e-005
 5.600687e+002  1.778475e-005
 5.606875e+002  1.960167e-005
 5.613062e+002  2.145760e-005
 5.619250e+002  1.904217e-005
 5.625437e+002  2.094887e-005
 5.631625e+002  2.645572e-005
 5.637812e+002  1.191858e-004
 5.644000e+002  2.510157e-004
 5.650187e+002  1.376591e-004
 5.656375e+002  2.533518e-005
 5.662562e+002  1.994558e-005
 5.668750e+002  1.901910e-005
 5.674937e+002  2.283684e-005
 5.681125e+002  1.966709e-005
 5.687312e+002  1.627514e-005
 5.693500e+002  1.874786e-005
 5.699687e+002  1.940675e-005
 5.705875e+002  2.197741e-005
 5.712062e+002  2.216925e-005
 5.718250e+002  2.333371e-005
 5.724437e+002  2.331316e-005
 5.730625e+002  1.923980e-005
 5.736812e+002  2.138891e-005
 5.743000e+002  2.715713e-005
 5.749187e+002  2.740992e-005
 5.755375e+002  2.426601e-005
 5.761562e+002  2.096209e-005
 5.767750e+002  2.135272e-005
 5.773937e+002  1.966119e-005
 5.780125e+002  2.183165e-005
 5.786312e+002  2.467675e-005
 5.792500e+002  2.739333e-005
 5.798687e+002  2.843124e-005
 5.804875e+002  2.193405e-005
 5.811062e+002  2.137258e-005
 5.817250e+002  2.632784e-005
 5.823437e+002  2.561321e-005
 5.829625e+002  2.419764e-005
 5.835812e+002  2.318449e-005
 5.842000e+002  2.284397e-005
 5.848187e+002  2.331535e-005
 5.854375e+002  2.112153e-005
 5.860562e+002  2.286666e-005
 5.866750e+002  1.852910e-005
 5.872937e+002  1.696406e-005
 5.879125e+002  2.098266e-005
 5.885312e+002  2.218403e-005
 5.891500e+002  2.071157e-005
 5.897687e+002  1.975758e-005
 5.903875e+002  2.007054e-005
 5.910062e+002  2.256751e-005
 5.916250e+002  2.060873e-005
 5.922437e+002  1.967514e-005
 5.928625e+002  2.121697e-005
 5.934812e+002  1.983966e-005
 5.941000e+002  1.886453e-005
 5.947187e+002  1.664311e-005
 5.953375e+002  1.907847e-005
 5.959562e+002  1.983163e-005
 5.965750e+002  2.341450e-005
 5.971937e+002  2.661108e-005
 5.978125e+002  2.147488e-005
 5.984312e+002  2.026802e-005
 5.990500e+002  2.422083e-005
 5.996687e+002  3.066794e-004
 6.002875e+002  5.664412e-004
 6.009062e+002  2.675450e-004
 6.015250e+002  1.778975e-005
 6.021437e+002  2.096869e-005
 6.027625e+002  2.187288e-005
 6.033812e+002  2.510016e-005
 6.040000e+002  2.854813e-005
 6.046187e+002  2.545777e-005
 6.052375e+002  1.979217e-005
 6.058562e+002  1.816476e-005
 6.064750e+002  2.133914e-005
 6.070937e+002  1.980446e-005
 6.077125e+002  2.020965e-005
 6.083312e+002  2.085722e-005
 6.089500e+002  2.353324e-005
 6.095687e+002  2.207334e-005
 6.101875e+002  1.792741e-005
 6.108062e+002  2.035599e-005
 6.114250e+002  1.879081e-005
 6.120437e+002  1.822658e-005
 6.126625e+002  2.122666e-005
 6.132812e+002  2.206231e-005
 6.139000e+002  1.803545e-005
 6.145187e+002  1.721563e-005
 6.151375e+002  2.199467e-005
 6.157562e+002  2.470664e-005
 6.163750e+002  2.369975e-005
 6.169937e+002  2.219336e-005
 6.176125e+002  2.252455e-005
 6.182312e+002  2.008057e-005
 6.188500e+002  2.577625e-005
 6.194687e+002  2.441520e-005
 6.200875e+002  2.184018e-005
 6.207062e+002  2.084400e-005
 6.213250e+002  2.449628e-005
 6.219437e+002  2.153839e-005
 6.225625e+002  2.157919e-005
 6.231812e+002  2.070706e-005
 6.238000e+002  1.441835e-005
 6.244187e+002  1.616214e-005
 6.250375e+002  1.454222e-005
 6.256562e+002  2.129325e-005
 6.262750e+002  2.829162e-005
 6.268937e+002  2.665748e-005
 6.275125e+002  2.559270e-005
 6.281312e+002  2.352084e-005
 6.287500e+002  1.858923e-005
 6.293687e+002  1.960104e-005
 6.299875e+002  1.918241e-005
 6.306062e+002  1.818482e-005
 6.312250e+002  1.754585e-005
 6.318437e+002  2.027115e-005
 6.324625e+002  2.289511e-005
 6.330812e+002  2.252308e-005
 6.337000e+002  2.317180e-005
 6.343187e+002  2.147062e-005
 6.349375e+002  1.929611e-005
 6.355562e+002  2.291485e-005
 6.361750e+002  2.270327e-005
 6.367937e+002  2.069611e-005
 6.374125e+002  1.875657e-005
 6.380312e+002  1.816902e-005
 6.386500e+002  2.154376e-005
 6.392687e+002  2.005906e-005
 6.398875e+002  1.992061e-005
 6.405062e+002  2.194697e-005
 6.411250e+002  2.196001e-005
 6.417437e+002  2.397921e-005
 6.423625e+002  2.430346e-005
 6.429812e+002  2.296291e-005
 6.436000e+002  2.263425e-005
 6.442187e+002  2.112804e-005
 6.448375e+002  1.649656e-005
 6.454562e+002  1.815794e-005
 6.460750e+002  2.121463e-005
 6.466937e+002  2.391788e-005
 6.473125e+002  2.266029e-005
 6.479312e+002  1.991297e-005
 6.485500e+002  2.064407e-005
 6.491687e+002  2.634967e-005
 6.497875e+002  3.200538e-004
 6.504062e+002  5.221985e-004
 6.510250e+002  2.109194e-004
 6.516437e+002  2.534845e-005
 6.522625e+002  2.147700e-005
 6.528812e+002  2.003263e-005
 6.535000e+002  1.776245e-005
 6.541187e+002  2.145219e-005
 6.547375e+002  2.014891e-005
 6.553562e+002  1.828485e-005
 6.559750e+002  1.988404e-005
 6.565937e+002  1.792436e-005
 6.572125e+002  1.690329e-005
 6.578312e+002  2.171306e-005
 6.584500e+002  2.214591e-005
 6.590687e+002  2.044389e-005
 6.596875e+002  2.598165e-004
 6.603062e+002  4.681114e-004
 6.609250e+002  2.138222e-004
 6.615437e+002  2.258146e-005
 6.621625e+002  2.037833e-005
 6.627812e+002  2.199977e-005
 6.634000e+002  2.334619e-005
 6.640187e+002  2.116978e-005
 6.646375e+002  1.748481e-005
 6.652562e+002  1.532488e-005
 6.658750e+002  1.551112e-005
 6.664937e+002  1.594186e-005
 6.671125e+002  1.648050e-005
 6.677312e+002  1.769862e-005
 6.683500e+002  1.768791e-005
 6.689687e+002  2.098000e-005
 6.695875e+002  2.190595e-005
 6.702062e+002  2.218008e-005
 6.708250e+002  2.402864e-005
 6.714437e+002  2.495885e-005
 6.720625e+002  1.979102e-005
 6.726812e+002  1.933498e-005
 6.733000e+002  1.905990e-005
 6.739187e+002  2.005547e-005
 6.745375e+002  2.025765e-005
 6.751562e+002  1.924477e-005
 6.757750e+002  2.062472e-005
 6.763937e+002  2.221527e-005
 6.770125e+002  2.020447e-005
 6.776312e+002  1.926655e-005
 6.782500e+002  2.083368e-005
 6.788687e+002  1.926508e-005
 6.794875e+002  1.705051e-005
 6.801062e+002  1.503898e-005
 6.807250e+002  1.911818e-005
 6.813437e+002  2.126197e-005
 6.819625e+002  2.038927e-005
 6.825812e+002  2.143062e-005
 6.832000e+002  2.335047e-005
 6.838187e+002  2.338870e-005
 6.844375e+002  2.319143e-005
 6.850562e+002  2.219232e-005
 6.856750e+002  1.991212e-005
 6.862937e+002  2.020648e-005
 6.869125e+002  1.793000e-005
 6.875312e+002  1.890454e-005
 6.881500e+002  1.886799e-005
 6.887687e+002  2.228617e-005
 6.893875e+002  2.184042e-005
 6.900062e+002  2.179317e-005
 6.906250e+002  2.571843e-005
 6.912437e+002  2.263653e-005
 6.918625e+002  1.581767e-005
 6.924812e+002  1.814364e-005
 6.931000e+002  2.360629e-005
 6.937187e+002  2.314238e-005
 6.943375e+002  1.890905e-005
 6.949562e+002  1.965688e-005
 6.955750e+002  2.109183e-005
 6.961937e+002  2.198131e-005
 6.968125e+002  2.027191e-005
 6.974312e+002  1.831252e-005
 6.980500e+002  1.971093e-005
 6.986687e+002  2.224092e-005
 6.992875e+002  2.674958e-005
 6.999062e+002  2.197788e-004
 7.005250e+002  2.984466e-004
 7.011437e+002  9.619460e-005
 7.017625e+002  2.429516e-005
 7.023812e+002  2.167216e-005
 7.030000e+002  2.106449e-005
 7.036187e+002  2.023015e-005
 7.042375e+002  1.855092e-005
 7.048562e+002  2.241311e-005
 7.054750e+002  1.914283e-005
 7.060937e+002  2.059013e-005
 7.067125e+002  2.035674e-005
 7.073312e+002  1.999056e-005
 7.079500e+002  2.236424e-005
 7.085687e+002  2.285654e-005
 7.091875e+002  2.278868e-005
 7.098062e+002  2.202534e-005
 7.104250e+002  1.888380e-005
 7.110437e+002  2.171040e-005
 7.116625e+002  2.621168e-005
 7.122812e+002  2.828102e-005
 7.129000e+002  2.448772e-005
 7.135187e+002  1.784850e-005
 7.141375e+002  1.827482e-005
 7.147562e+002  1.851673e-005
 7.153750e+002  2.062206e-005
 7.159937e+002  2.099126e-005
 7.166125e+002  2.132577e-005
 7.172312e+002  1.884806e-005
 7.178500e+002  2.114660e-005
 7.184687e+002  2.372310e-005
 7.190875e+002  2.360664e-005
 7.197062e+002  2.532134e-004
 7.203250e+002  4.575442e-004
 7.209437e+002  2.062288e-004
 7.215625e+002  2.239756e-005
 7.221812e+002  2.123917e-005
 7.228000e+002  2.332462e-005
 7.234187e+002  2.228435e-005
 7.240375e+002  1.620876e-005
 7.246562e+002  2.736121e-005
 7.252750e+002  2.378272e-005
 7.258937e+002  1.596016e-005
 7.265125e+002  2.007413e-005
 7.271312e+002  2.764643e-005
 7.277500e+002  2.345381e-005
 7.283687e+002  2.080095e-005
 7.289875e+002  2.232163e-005
 7.296062e+002  2.202647e-005
 7.302250e+002  2.378578e-005
 7.308437e+002  2.277638e-005
 7.314625e+002  2.328198e-005
 7.320812e+002  2.063546e-005
 7.327000e+002  2.041055e-005
 7.333187e+002  2.064918e-005
 7.339375e+002  2.162090e-005
 7.345562e+002  1.900718e-005
 7.351750e+002  2.201313e-005
 7.357937e+002  2.220952e-005
 7.364125e+002  2.057218e-005
 7.370312e+002  1.864056e-005
 7.376500e+002  1.935230e-005
 7.382687e+002  1.917701e-005
 7.388875e+002  1.998997e-005
 7.395062e+002  2.114772e-005
 7.401250e+002  2.044485e-005
 7.407437e+002  1.814884e-005
 7.413625e+002  2.102221e-005
 7.419812e+002  2.366907e-005
 7.426000e+002  2.598720e-005
 7.432187e+002  2.251812e-005
 7.438375e+002  1.811364e-005
 7.444562e+002  1.724971e-005
 7.450750e+002  2.346348e-005
 7.456937e+002  2.273095e-005
 7.463125e+002  2.252882e-005
 7.469312e+002  2.359100e-005
 7.475500e+002  2.036076e-005
 7.481687e+002  1.896201e-005
 7.487875e+002  2.088080e-005
 7.494062e+002  4.663748e-005
 7.500250e+002  2.123845e-004
 7.506437e+002  2.286933e-004
 7.512625e+002  5.673491e-005
 7.518812e+002  2.305726e-005
 7.525000e+002  2.057473e-005
 7.531187e+002  2.134519e-005
 7.537375e+002  1.949044e-005
 7.543562e+002  2.158924e-005
 7.549750e+002  2.155469e-005
 7.555937e+002  1.874293e-005
 7.562125e+002  2.008115e-005
 7.568312e+002  1.996655e-005
 7.574500e+002  1.704516e-005
 7.580687e+002  1.960441e-005
 7.586875e+002  1.923949e-005
 7.593062e+002  2.337836e-005
 7.599250e+002  2.229679e-005
 7.605437e+002  1.753305e-005
 7.611625e+002  1.735555e-005
 7.617812e+002  1.987875e-005
 7.624000e+002  2.287047e-005
 7.630187e+002  2.119279e-005
 7.636375e+002  2.205856e-005
 7.642562e+002  2.157558e-005
 7.648750e+002  2.117027e-005
 7.654937e+002  2.051037e-005
 7.661125e+002  1.791120e-005
 7.667312e+002  2.044309e-005
 7.673500e+002  2.207585e-005
 7.679687e+002  2.192219e-005
 7.685875e+002  1.998029e-005
 7.692062e+002  1.555861e-005
 7.698250e+002  1.895123e-005
 7.704437e+002  1.908655e-005
 7.710625e+002  1.781859e-005
 7.716812e+002  1.720337e-005
 7.723000e+002  1.679721e-005
 7.729187e+002  2.213794e-005
 7.735375e+002  2.083902e-005
 7.741562e+002  2.119816e-005
 7.747750e+002  1.994554e-005
 7.753937e+002  1.808254e-005
 7.760125e+002  1.593501e-005
 7.766312e+002  2.186032e-005
 7.772500e+002  2.266850e-005
 7.778687e+002  2.131240e-005
 7.784875e+002  2.309514e-005
 7.791062e+002  2.134628e-005
 7.797250e+002  2.523853e-004
 7.803437e+002  4.627224e-004
 7.809625e+002  2.144354e-004
 7.815812e+002  1.891334e-005
 7.822000e+002  1.609854e-005
 7.828187e+002  1.919049e-005
 7.834375e+002  1.928912e-005
 7.840562e+002  2.047528e-005
 7.846750e+002  2.266246e-005
 7.852937e+002  1.943622e-005
 7.859125e+002  1.787071e-005
 7.865312e+002  2.029047e-005
 7.871500e+002  2.552340e-005
 7.877687e+002  2.511933e-005
 7.883875e+002  2.568917e-005
 7.890062e+002  2.466343e-005
 7.896250e+002  2.224751e-005
 7.902437e+002  2.044729e-005
 7.908625e+002  1.761328e-005
 7.914812e+002  2.175481e-005
 7.921000e+002  1.890842e-005
 7.927187e+002  2.579444e-005
 7.933375e+002  2.610645e-005
 7.939562e+002  1.872369e-005
 7.945750e+002  1.997189e-005
 7.951937e+002  2.208205e-005
 7.958125e+002  2.029377e-005
 7.964312e+002  2.085540e-005
 7.970500e+002  2.610214e-005
 7.976687e+002  2.643038e-005
 7.982875e+002  2.056897e-005
 7.989062e+002  2.064645e-005
 7.995250e+002  2.899876e-005
 8.001437e+002  1.229766e-004
 8.007625e+002  1.125476e-004
 8.013812e+002  2.497596e-005
 8.020000e+002  2.157132e-005
 8.026187e+002  2.344357e-005
 8.032375e+002  2.071178e-005
 8.038562e+002  2.035637e-005
 8.044750e+002  1.988445e-005
 8.050937e+002  2.062875e-005
 8.057125e+002  1.973054e-005
 8.063312e+002  1.952194e-005
 8.069500e+002  2.186554e-005
 8.075687e+002  2.531572e-005
 8.081875e+002  2.257193e-005
 8.088062e+002  1.989681e-005
 8.094250e+002  2.215441e-005
 8.100437e+002  2.305110e-005
 8.106625e+002  2.115982e-005
 8.112812e+002  2.159242e-005
 8.119000e+002  2.134354e-005
 8.125187e+002  2.361787e-005
 8.131375e+002  2.156827e-005
 8.137562e+002  1.957835e-005
 8.143750e+002  1.763311e-005
 8.149937e+002  2.014510e-005
 8.156125e+002  2.097624e-005
 8.162312e+002  1.845186e-005
 8.168500e+002  1.853561e-005
 8.174687e+002  2.167930e-005
 8.180875e+002  2.003424e-005
 8.187062e+002  2.136878e-005
 8.193250e+002  2.361021e-005
 8.199437e+002  1.769201e-005
 8.205625e+002  2.089235e-005
 8.211812e+002  2.226017e-005
 8.218000e+002  1.719714e-005
 8.224187e+002  2.239926e-005
 8.230375e+002  2.143961e-005
 8.236562e+002  2.006503e-005
 8.242750e+002  1.948427e-005
 8.248937e+002  1.652363e-005
 8.255125e+002  1.838615e-005
 8.261312e+002  2.261944e-005
 8.267500e+002  2.436909e-005
 8.273687e+002  2.257500e-005
 8.279875e+002  1.973587e-005
 8.286062e+002  2.123572e-005
 8.292250e+002  1.966838e-005
 8.298437e+002  1.890532e-005
 8.304625e+002  2.054362e-005
 8.310812e+002  1.920198e-005
 8.317000e+002  1.948561e-005
 8.323187e+002  1.950317e-005
 8.329375e+002  1.734886e-005
 8.335562e+002  1.903810e-005
 8.341750e+002  1.923263e-005
 8.347937e+002  2.031821e-005
 8.354125e+002  2.338467e-005
 8.360312e+002  1.897363e-005
 8.366500e+002  1.708019e-005
 8.372687e+002  1.563933e-005
 8.378875e+002  1.758440e-005
 8.385062e+002  2.050594e-005
 8.391250e+002  2.091236e-005
 8.397437e+002  2.362991e-004
 8.403625e+002  4.430114e-004
 8.409812e+002  2.090118e-004
 8.416000e+002  1.984342e-005
 8.422187e+002  2.275627e-005
 8.428375e+002  2.240693e-005
 8.434562e+002  2.043590e-005
 8.440750e+002  1.955497e-005
 8.446937e+002  2.199763e-005
 8.453125e+002  2.353398e-005
 8.459312e+002  4.778178e-005
 8.465500e+002  1.156007e-004
 8.471687e+002  7.662501e-005
 8.477875e+002  2.222055e-005
 8.484062e+002  2.399648e-005
 8.490250e+002  2.181121e-005
 8.496437e+002  3.790171e-005
 8.502625e+002  1.054507e-004
 8.508812e+002  7.702743e-005
 8.515000e+002  2.104911e-005
 8.521187e+002  2.256049e-005
 8.527375e+002  2.072975e-005
 8.533562e+002  1.868033e-005
 8.539750e+002  1.998813e-005
 8.545937e+002  2.188710e-005
 8.552125e+002  2.069845e-005
 8.558312e+002  2.070217e-005
 8.564500e+002  2.086192e-005
 8.570687e+002  1.847848e-005
 8.576875e+002  1.976859e-005
 8.583062e+002  2.020251e-005
 8.589250e+002  2.121182e-005
 8.595437e+002  1.987526e-005
 8.601625e+002  1.633207e-005
 8.607812e+002  1.917885e-005
 8.614000e+002  2.091959e-005
 8.620187e+002  1.959978e-005
 8.626375e+002  1.946253e-005
 8.632562e+002  2.161730e-005
 8.638750e+002  2.079573e-005
 8.644937e+002  1.535311e-005
 8.651125e+002  1.961609e-005
 8.657312e+002  2.290804e-005
 8.663500e+002  2.459622e-005
 8.669687e+002  2.504937e-005
 8.675875e+002  2.205462e-005
 8.682062e+002  1.832473e-005
 8.688250e+002  2.085601e-005
 8.694437e+002  2.226824e-005
 8.700625e+002  2.195191e-005
 8.706812e+002  1.927679e-005
 8.713000e+002  2.017581e-005
 8.719187e+002  1.913382e-005
 8.725375e+002  2.078894e-005
 8.731562e+002  2.009644e-005
 8.737750e+002  1.393055e-005
 8.743937e+002  1.529902e-005
 8.750125e+002  1.766664e-005
 8.756312e+002  1.784448e-005
 8.762500e+002  1.689784e-005
 8.768687e+002  1.428230e-005
 8.774875e+002  2.051962e-005
 8.781062e+002  2.386790e-005
 8.787250e+002  1.927485e-005
 8.793437e+002  2.076980e-005
 8.799625e+002  2.433436e-005
 8.805812e+002  2.566821e-005
 8.812000e+002  2.238097e-005
 8.818187e+002  2.237453e-005
 8.824375e+002  1.923811e-005
 8.830562e+002  1.640913e-005
 8.836750e+002  2.097149e-005
 8.842937e+002  2.297161e-005
 8.849125e+002  1.983300e-005
 8.855312e+002  1.827882e-005
 8.861500e+002  1.893491e-005
 8.867687e+002  2.056252e-005
 8.873875e+002  2.363377e-005
 8.880062e+002  2.284316e-005
 8.886250e+002  1.804527e-005
 8.892437e+002  1.678052e-005
 8.898625e+002  1.800206e-005
 8.904812e+002  2.280596e-005
 8.911000e+002  2.234949e-005
 8.917187e+002  1.693224e-005
 8.923375e+002  2.074904e-005
 8.929562e+002  2.015801e-005
 8.935750e+002  1.984433e-005
 8.941937e+002  1.981470e-005
 8.948125e+002  2.367422e-005
 8.954312e+002  1.961613e-005
 8.960500e+002  2.204892e-005
 8.966687e+002  2.069052e-005
 8.972875e+002  1.878166e-005
 8.979062e+002  1.627989e-005
 8.985250e+002  1.743533e-005
 8.991437e+002  1.794632e-005
 8.997625e+002  2.525307e-004
 9.003812e+002  4.821166e-004
 9.010000e+002  2.341872e-004
 9.016187e+002  2.135350e-005
 9.022375e+002  2.398965e-005
 9.028562e+002  2.241451e-005
 9.034750e+002  1.838021e-005
 9.040937e+002  2.060827e-005
 9.047125e+002  2.181074e-005
 9.053312e+002  2.154207e-005
 9.059500e+002  2.083806e-005
 9.065687e+002  1.936209e-005
 9.071875e+002  2.165627e-005
 9.078062e+002  2.543998e-005
 9.084250e+002  2.104393e-005
 9.090437e+002  1.932689e-005
 9.096625e+002  1.936012e-005
 9.102812e+002  1.905659e-005
 9.109000e+002  1.838757e-005
 9.115187e+002  1.807284e-005
 9.121375e+002  1.619213e-005
 9.127562e+002  1.663338e-005
 9.133750e+002  2.386754e-005
 9.139937e+002  2.643147e-005
 9.146125e+002  1.819762e-005
 9.152312e+002  1.533719e-005
 9.158500e+002  2.128217e-005
 9.164687e+002  2.161948e-005
 9.170875e+002  1.674686e-005
 9.177062e+002  1.711461e-005
 9.183250e+002  1.919309e-005
 9.189437e+002  2.231861e-005
 9.195625e+002  2.294656e-005
 9.201812e+002  2.322312e-005
 9.208000e+002  2.013461e-005
 9.214187e+002  2.044613e-005
 9.220375e+002  2.154715e-005
 9.226562e+002  1.912506e-005
 9.232750e+002  2.028987e-005
 9.238937e+002  1.974598e-005
 9.245125e+002  2.057130e-005
 9.251312e+002  2.352441e-005
 9.257500e+002  2.076234e-005
 9.263687e+002  1.753563e-005
 9.269875e+002  2.158776e-005
 9.276062e+002  2.336384e-005
 9.282250e+002  2.056187e-005
 9.288437e+002  2.013384e-005
 9.294625e+002  2.080700e-005
 9.300812e+002  2.161531e-005
 9.307000e+002  2.047857e-005
 9.313187e+002  2.142917e-005
 9.319375e+002  2.164268e-005
 9.325562e+002  2.230866e-005
 9.331750e+002  2.040464e-005
 9.337937e+002  1.730469e-005
 9.344125e+002  1.741147e-005
 9.350312e+002  1.690286e-005
 9.356500e+002  2.203082e-005
 9.362687e+002  2.194076e-005
 9.368875e+002  1.991477e-005
 9.375062e+002  2.050060e-005
 9.381250e+002  2.107014e-005
 9.387437e+002  1.639624e-005
 9.393625e+002  1.658863e-005
 9.399812e+002  2.145197e-005
 9.406000e+002  2.215717e-005
 9.412187e+002  1.942903e-005
 9.418375e+002  2.154468e-005
 9.424562e+002  2.355095e-005
 9.430750e+002  2.199633e-005
 9.436937e+002  1.985836e-005
 9.443125e+002  1.990247e-005
 9.449312e+002  1.880445e-005
 9.455500e+002  1.499979e-005
 9.461687e+002  1.931867e-005
 9.467875e+002  1.938219e-005
 9.474062e+002  1.870272e-005
 9.480250e+002  2.290638e-005
 9.486437e+002  2.288374e-005
 9.492625e+002  1.942227e-005
 9.498812e+002  5.165128e-005
 9.505000e+002  9.432159e-005
 9.511187e+002  4.852480e-005
 9.517375e+002  1.927634e-005
 9.523562e+002  2.042451e-005
 9.529750e+002  2.089429e-005
 9.535937e+002  2.038874e-005
 9.542125e+002  2.042298e-005
 9.548312e+002  2.021881e-005
 9.554500e+002  1.916190e-005
 9.560687e+002  1.711287e-005
 9.566875e+002  2.035632e-005
 9.573062e+002  2.180457e-005
 9.579250e+002  2.263128e-005
 9.585437e+002  2.174332e-005
 9.591625e+002  1.939025e-005
 9.597812e+002  2.207777e-004
 9.604000e+002  4.266104e-004
 9.610187e+002  2.087514e-004
 9.616375e+002  2.227096e-005
 9.622562e+002  2.080888e-005
 9.628750e+002  1.701925e-005
 9.634937e+002  1.642627e-005
 9.641125e+002  2.111217e-005
 9.647312e+002  2.351058e-005
 9.653500e+002  1.794570e-005
 9.659687e+002  1.997616e-005
 9.665875e+002  2.310098e-005
 9.672062e+002  2.327796e-005
 9.678250e+002  2.545915e-005
 9.684437e+002  1.851203e-005
 9.690625e+002  1.598086e-005
 9.696812e+002  2.217802e-005
 9.703000e+002  1.995577e-005
 9.709187e+002  1.760454e-005
 9.715375e+002  1.659606e-005
 9.721562e+002  1.702279e-005
 9.727750e+002  2.075297e-005
 9.733937e+002  2.114648e-005
 9.740125e+002  2.234519e-005
 9.746312e+002  2.152772e-005
 9.752500e+002  2.132365e-005
 9.758687e+002  1.946950e-005
 9.764875e+002  2.023951e-005
 9.771062e+002  1.866535e-005
 9.777250e+002  1.954583e-005
 9.783437e+002  1.590104e-005
 9.789625e+002  1.769364e-005
 9.795812e+002  1.914833e-005
 9.802000e+002  1.784109e-005
 9.808187e+002  1.700099e-005
 9.814375e+002  1.801858e-005
 9.820562e+002  1.857729e-005
 9.826750e+002  1.733349e-005
 9.832937e+002  2.035912e-005
 9.839125e+002  2.141327e-005
 9.845312e+002  1.946746e-005
 9.851500e+002  2.202869e-005
 9.857687e+002  2.321937e-005
 9.863875e+002  2.212462e-005
 9.870062e+002  2.293496e-005
 9.876250e+002  2.140240e-005
 9.882437e+002  1.718541e-005
 9.888625e+002  1.825293e-005
 9.894812e+002  1.816636e-005
 9.901000e+002  2.111551e-005
 9.907187e+002  2.242356e-005
 9.913375e+002  2.032728e-005
 9.919562e+002  1.963731e-005
 9.925750e+002  2.213084e-005
 9.931937e+002  2.318995e-005
 9.938125e+002  1.688316e-005
 9.944312e+002  1.799229e-005
 9.950500e+002  2.053102e-005
 9.956687e+002  1.936128e-005
 9.962875e+002  1.976187e-005
 9.969062e+002  1.895462e-005
 9.975250e+002  1.981567e-005
 9.981437e+002  2.332303e-005
 9.987625e+002  2.164919e-005
 9.993812e+002  2.627097e-005
 1.000000e+003  1.272502e-004
