 1.000000e+000  3.652592e-004
 1.061875e+000  1.236056e-003
 1.123750e+000  1.655541e-003
 1.185625e+000  1.002880e-003
 1.247500e+000  1.225125e-004
 1.309375e+000  1.023635e-003
 1.371250e+000  1.384626e-003
 1.433125e+000  9.759881e-004
 1.495000e+000  1.199060e-003
 1.556875e+000  7.513947e-004
 1.618750e+000  7.143218e-004
 1.680625e+000  8.401246e-004
 1.742500e+000  3.860147e-004
 1.804375e+000  8.019047e-004
 1.866250e+000  9.681480e-004
 1.928125e+000  1.095822e-003
 1.990000e+000  7.158762e-004
 2.051875e+000  4.766684e-004
 2.113750e+000  5.424278e-004
 2.175625e+000  7.275858e-004
 2.237500e+000  8.190708e-004
 2.299375e+000  2.259969e-004
 2.361250e+000  2.336105e-004
 2.423125e+000  2.259655e-004
 2.485000e+000  6.344413e-004
 2.546875e+000  7.767234e-004
 2.608750e+000  7.738262e-004
 2.670625e+000  5.552145e-004
 2.732500e+000  6.642920e-004
 2.794375e+000  6.683200e-004
 2.856250e+000  5.356338e-004
 2.918125e+000  5.348489e-004
 2.980000e+000  6.692745e-004
 3.041875e+000  4.687419e-004
 3.103750e+000  3.447715e-004
 3.165625e+000  7.304471e-004
 3.227500e+000  7.003620e-004
 3.289375e+000  4.188565e-004
 3.351250e+000  5.653616e-004
 3.413125e+000  2.688828e-004
 3.475000e+000  4.588036e-004
 3.536875e+000  4.635736e-004
 3.598750e+000  3.678096e-004
 3.660625e+000  3.553901e-004
 3.722500e+000  2.806230e-004
 3.784375e+000  3.446515e-004
 3.846250e+000  2.795467e-004
 3.908125e+000  1.791964e-004
 3.970000e+000  3.256134e-004
 4.031875e+000  2.089659e-004
 4.093750e+000  2.913392e-004
 4.155625e+000  3.360826e-004
 4.217500e+000  3.647956e-004
 4.279375e+000  3.693841e-004
 4.341250e+000  4.673245e-004
 4.403125e+000  6.359834e-004
 4.465000e+000  7.424840e-004
 4.526875e+000  4.140212e-004
 4.588750e+000  3.755210e-004
 4.650625e+000  3.640023e-004
 4.712500e+000  3.497088e-004
 4.774375e+000  5.118104e-004
 4.836250e+000  4.818341e-004
 4.898125e+000  5.888091e-004
 4.960000e+000  6.212407e-004
 5.021875e+000  4.766725e-004
 5.083750e+000  4.763176e-004
 5.145625e+000  3.235042e-004
 5.207500e+000  3.168354e-004
 5.269375e+000  2.861186e-004
 5.331250e+000  3.652835e-004
 5.393125e+000  1.623612e-004
 5.455000e+000  4.515968e-004
 5.516875e+000  2.427014e-004
 5.578750e+000  3.005465e-004
 5.640625e+000  2.646168e-004
 5.702500e+000  3.074203e-004
 5.764375e+000  2.620017e-004
 5.826250e+000  2.736773e-004
 5.888125e+000  2.255226e-004
 5.950000e+000  4.008100e-004
 6.011875e+000  3.400036e-004
 6.073750e+000  2.489335e-004
 6.135625e+000  3.671638e-004
 6.197500e+000  2.677500e-004
 6.259375e+000  2.827031e-004
 6.321250e+000  3.457696e-004
 6.383125e+000  5.743098e-004
 6.445000e+000  4.783964e-004
 6.506875e+000  3.988790e-004
 6.568750e+000  3.832206e-004
 6.630625e+000  2.185214e-004
 6.692500e+000  2.194563e-004
 6.754375e+000  3.270140e-004
 6.816250e+000  3.288926e-004
 6.878125e+000  3.163349e-004
 6.940000e+000  2.617154e-004
 7.001875e+000  2.179763e-004
 7.063750e+000  3.307235e-004
 7.125625e+000  3.601492e-004
 7.187500e+000  2.652414e-004
 7.249375e+000  2.920620e-004
 7.311250e+000  2.883090e-004
 7.373125e+000  2.575328e-004
 7.435000e+000  3.259577e-004
 7.496875e+000  1.128654e-004
 7.558750e+000  2.766663e-004
 7.620625e+000  1.830162e-004
 7.682500e+000  2.792350e-004
 7.744375e+000  3.890854e-004
 7.806250e+000  2.845316e-004
 7.868125e+000  1.844197e-004
 7.930000e+000  2.126803e-004
 7.991875e+000  3.069176e-004
 8.053750e+000  1.908847e-004
 8.115625e+000  1.154760e-004
 8.177500e+000  1.371335e-004
 8.239375e+000  1.619881e-004
 8.301250e+000  2.755227e-004
 8.363125e+000  2.606774e-004
 8.425000e+000  1.889330e-004
 8.486875e+000  3.326292e-004
 8.548750e+000  2.659439e-004
 8.610625e+000  1.346046e-004
 8.672500e+000  1.709304e-004
 8.734375e+000  2.640147e-004
 8.796250e+000  1.554917e-004
 8.858125e+000  2.622636e-004
 8.920000e+000  2.019183e-004
 8.981875e+000  3.072090e-004
 9.043750e+000  1.379417e-004
 9.105625e+000  2.348592e-004
 9.167500e+000  2.717650e-004
 9.229375e+000  1.591021e-004
 9.291250e+000  2.148058e-004
 9.353125e+000  9.093462e-005
 9.415000e+000  1.675569e-004
 9.476875e+000  3.537725e-004
 9.538750e+000  3.210107e-004
 9.600625e+000  2.615573e-004
 9.662500e+000  3.198645e-004
 9.724375e+000  3.157532e-004
 9.786250e+000  2.054968e-004
 9.848125e+000  3.093966e-004
 9.910000e+000  1.663401e-004
 9.971875e+000  2.363601e-004
 1.003375e+001  1.746260e-004
 1.009563e+001  2.278532e-004
 1.015750e+001  3.194671e-004
 1.021938e+001  2.173338e-004
 1.028125e+001  1.822603e-004
 1.034313e+001  2.247484e-004
 1.040500e+001  2.395080e-004
 1.046688e+001  2.048941e-004
 1.052875e+001  1.984836e-004
 1.059063e+001  1.422934e-004
 1.065250e+001  1.235071e-004
 1.071438e+001  2.061926e-004
 1.077625e+001  2.633311e-004
 1.083813e+001  3.287550e-004
 1.090000e+001  2.201904e-004
 1.096188e+001  2.789939e-004
 1.102375e+001  2.757473e-004
 1.108563e+001  2.580334e-004
 1.114750e+001  1.426837e-004
 1.120938e+001  2.247800e-004
 1.127125e+001  1.879496e-004
 1.133313e+001  1.789029e-004
 1.139500e+001  1.736332e-004
 1.145688e+001  2.010188e-004
 1.151875e+001  1.526781e-004
 1.158063e+001  2.230268e-004
 1.164250e+001  3.053107e-004
 1.170438e+001  1.373608e-004
 1.176625e+001  1.416639e-004
 1.182813e+001  8.623445e-005
 1.189000e+001  1.638518e-004
 1.195188e+001  1.568212e-004
 1.201375e+001  1.698791e-004
 1.207563e+001  2.112774e-004
 1.213750e+001  3.620583e-004
 1.219938e+001  2.365841e-004
 1.226125e+001  1.113992e-004
 1.232313e+001  2.462062e-004
 1.238500e+001  2.139870e-004
 1.244688e+001  2.051503e-004
 1.250875e+001  3.293616e-004
 1.257063e+001  2.461839e-004
 1.263250e+001  1.935451e-004
 1.269438e+001  1.638065e-004
 1.275625e+001  1.854908e-004
 1.281813e+001  1.224016e-004
 1.288000e+001  2.133463e-004
 1.294188e+001  2.711953e-004
 1.300375e+001  1.698122e-004
 1.306563e+001  2.970990e-004
 1.312750e+001  2.664869e-004
 1.318938e+001  9.296676e-005
 1.325125e+001  2.645820e-004
 1.331313e+001  2.596378e-004
 1.337500e+001  2.012710e-004
 1.343688e+001  1.682720e-004
 1.349875e+001  3.332747e-004
 1.356063e+001  3.793971e-004
 1.362250e+001  2.711433e-004
 1.368438e+001  1.834691e-004
 1.374625e+001  1.613901e-004
 1.380813e+001  1.262008e-004
 1.387000e+001  1.445355e-004
 1.393188e+001  1.637771e-004
 1.399375e+001  2.840338e-004
 1.405563e+001  2.754299e-004
 1.411750e+001  1.787729e-004
 1.417938e+001  1.656813e-004
 1.424125e+001  2.007323e-004
 1.430313e+001  1.506512e-004
 1.436500e+001  2.255734e-004
 1.442688e+001  2.250473e-004
 1.448875e+001  2.003078e-004
 1.455063e+001  8.903448e-005
 1.461250e+001  1.044380e-004
 1.467438e+001  1.418786e-004
 1.473625e+001  2.171232e-004
 1.479813e+001  1.780575e-004
 1.486000e+001  2.137269e-004
 1.492188e+001  3.062206e-004
 1.498375e+001  2.732740e-004
 1.504563e+001  1.540759e-004
 1.510750e+001  2.168960e-004
 1.516938e+001  3.637956e-004
 1.523125e+001  2.627137e-004
 1.529313e+001  1.991998e-004
 1.535500e+001  2.039506e-004
 1.541688e+001  1.849519e-004
 1.547875e+001  1.516869e-004
 1.554063e+001  2.203428e-004
 1.560250e+001  2.063408e-004
 1.566438e+001  1.870350e-004
 1.572625e+001  2.118503e-004
 1.578813e+001  1.475968e-004
 1.585000e+001  1.597516e-004
 1.591188e+001  2.890999e-004
 1.597375e+001  3.547371e-004
 1.603563e+001  2.963596e-004
 1.609750e+001  1.935492e-004
 1.615938e+001  2.248122e-004
 1.622125e+001  1.358569e-004
 1.628313e+001  1.142763e-004
 1.634500e+001  2.099388e-004
 1.640688e+001  1.346190e-004
 1.646875e+001  7.851782e-005
 1.653063e+001  1.224232e-004
 1.659250e+001  3.841078e-005
 1.665438e+001  1.577382e-004
 1.671625e+001  1.854671e-004
 1.677813e+001  1.545034e-004
 1.684000e+001  9.741091e-005
 1.690188e+001  2.143145e-004
 1.696375e+001  3.084034e-004
 1.702563e+001  3.326712e-004
 1.708750e+001  1.974376e-004
 1.714938e+001  1.351402e-004
 1.721125e+001  8.708214e-005
 1.727313e+001  9.464140e-005
 1.733500e+001  1.005698e-004
 1.739688e+001  1.200134e-004
 1.745875e+001  1.810550e-004
 1.752063e+001  1.215013e-004
 1.758250e+001  1.055843e-004
 1.764438e+001  2.046924e-004
 1.770625e+001  2.097501e-004
 1.776813e+001  1.574158e-004
 1.783000e+001  1.052564e-004
 1.789188e+001  1.050638e-004
 1.795375e+001  6.679109e-005
 1.801563e+001  8.918161e-005
 1.807750e+001  1.674288e-004
 1.813938e+001  1.701920e-004
 1.820125e+001  8.047226e-005
 1.826313e+001  1.172912e-004
 1.832500e+001  9.248636e-005
 1.838688e+001  1.096429e-004
 1.844875e+001  1.294513e-004
 1.851063e+001  2.856695e-004
 1.857250e+001  1.552786e-004
 1.863438e+001  1.932030e-004
 1.869625e+001  2.118029e-004
 1.875813e+001  1.314195e-004
 1.882000e+001  1.195347e-004
 1.888188e+001  1.402379e-004
 1.894375e+001  1.456784e-004
 1.900563e+001  1.372705e-004
 1.906750e+001  7.975420e-005
 1.912938e+001  1.099831e-004
 1.919125e+001  1.637423e-004
 1.925313e+001  3.026519e-004
 1.931500e+001  2.694804e-004
 1.937688e+001  1.832764e-004
 1.943875e+001  1.294005e-004
 1.950063e+001  1.194905e-004
 1.956250e+001  2.909561e-004
 1.962438e+001  3.111349e-004
 1.968625e+001  8.715021e-005
 1.974813e+001  4.263651e-005
 1.981000e+001  1.788547e-004
 1.987188e+001  2.105277e-004
 1.993375e+001  1.434129e-004
 1.999563e+001  1.404120e-004
 2.005750e+001  2.096351e-004
 2.011938e+001  2.355662e-004
 2.018125e+001  1.730636e-004
 2.024313e+001  1.447165e-004
 2.030500e+001  1.850472e-004
 2.036688e+001  2.507757e-004
 2.042875e+001  1.816067e-004
 2.049063e+001  1.592669e-004
 2.055250e+001  1.753266e-004
 2.061438e+001  2.665397e-004
 2.067625e+001  2.713364e-004
 2.073813e+001  1.557013e-004
 2.080000e+001  1.909550e-004
 2.086188e+001  8.565403e-005
 2.092375e+001  2.144902e-004
 2.098563e+001  1.961796e-004
 2.104750e+001  2.295860e-004
 2.110938e+001  2.718432e-004
 2.117125e+001  1.958826e-004
 2.123313e+001  1.754306e-004
 2.129500e+001  2.164515e-004
 2.135688e+001  1.929006e-004
 2.141875e+001  1.465403e-004
 2.148063e+001  1.259125e-004
 2.154250e+001  2.031614e-004
 2.160438e+001  1.286687e-004
 2.166625e+001  1.057621e-004
 2.172813e+001  9.991349e-005
 2.179000e+001  1.898450e-004
 2.185188e+001  2.272399e-004
 2.191375e+001  2.503011e-004
 2.197563e+001  1.838080e-004
 2.203750e+001  1.004178e-004
 2.209938e+001  1.115574e-004
 2.216125e+001  6.495586e-005
 2.222313e+001  1.090081e-004
 2.228500e+001  1.167116e-004
 2.234688e+001  1.739182e-004
 2.240875e+001  1.007636e-004
 2.247063e+001  9.056384e-005
 2.253250e+001  1.833391e-004
 2.259438e+001  1.210164e-004
 2.265625e+001  1.748817e-004
 2.271813e+001  3.087937e-004
 2.278000e+001  2.311226e-004
 2.284188e+001  1.597109e-004
 2.290375e+001  1.118132e-004
 2.296563e+001  9.207876e-005
 2.302750e+001  7.112589e-005
 2.308938e+001  1.209793e-004
 2.315125e+001  1.600941e-004
 2.321313e+001  1.644801e-004
 2.327500e+001  1.050774e-004
 2.333688e+001  1.513365e-004
 2.339875e+001  1.528260e-004
 2.346063e+001  1.207695e-004
 2.352250e+001  1.126091e-004
 2.358438e+001  6.879182e-005
 2.364625e+001  6.260286e-005
 2.370813e+001  1.498406e-004
 2.377000e+001  2.032987e-004
 2.383188e+001  2.178965e-004
 2.389375e+001  2.181181e-004
 2.395563e+001  1.391688e-004
 2.401750e+001  1.677333e-004
 2.407938e+001  6.970545e-005
 2.414125e+001  1.962664e-004
 2.420313e+001  1.318647e-004
 2.426500e+001  1.254847e-004
 2.432688e+001  1.560052e-004
 2.438875e+001  1.156049e-004
 2.445063e+001  1.572699e-004
 2.451250e+001  1.968126e-004
 2.457438e+001  1.847262e-004
 2.463625e+001  1.067183e-004
 2.469813e+001  1.827469e-004
 2.476000e+001  1.149118e-004
 2.482188e+001  1.755881e-004
 2.488375e+001  1.922909e-004
 2.494563e+001  1.627701e-004
 2.500750e+001  1.619961e-004
 2.506938e+001  5.601168e-005
 2.513125e+001  5.914538e-005
 2.519313e+001  1.450320e-004
 2.525500e+001  2.135507e-004
 2.531688e+001  1.923702e-004
 2.537875e+001  1.404803e-004
 2.544063e+001  1.106694e-004
 2.550250e+001  1.004831e-004
 2.556438e+001  1.636258e-004
 2.562625e+001  1.576188e-004
 2.568813e+001  9.608315e-005
 2.575000e+001  1.379861e-004
 2.581188e+001  1.930343e-004
 2.587375e+001  1.115642e-004
 2.593563e+001  1.853848e-004
 2.599750e+001  2.102129e-004
 2.605938e+001  9.716090e-005
 2.612125e+001  1.230974e-004
 2.618313e+001  1.664989e-004
 2.624500e+001  1.597031e-004
 2.630688e+001  9.664173e-005
 2.636875e+001  1.907551e-004
 2.643063e+001  2.324514e-004
 2.649250e+001  1.940823e-004
 2.655438e+001  1.422737e-004
 2.661625e+001  1.226649e-004
 2.667813e+001  7.715072e-005
 2.674000e+001  1.526472e-004
 2.680188e+001  1.275534e-004
 2.686375e+001  2.569091e-004
 2.692563e+001  2.121297e-004
 2.698750e+001  3.466657e-005
 2.704938e+001  1.728417e-004
 2.711125e+001  6.427938e-005
 2.717313e+001  8.050032e-005
 2.723500e+001  8.224837e-005
 2.729688e+001  1.431770e-004
 2.735875e+001  2.305658e-004
 2.742063e+001  1.764279e-004
 2.748250e+001  1.439769e-004
 2.754438e+001  2.106730e-004
 2.760625e+001  1.696613e-004
 2.766813e+001  2.257932e-004
 2.773000e+001  2.252062e-004
 2.779188e+001  1.164732e-004
 2.785375e+001  2.111282e-004
 2.791563e+001  1.520091e-004
 2.797750e+001  1.350833e-004
 2.803938e+001  1.230150e-004
 2.810125e+001  1.112995e-004
 2.816313e+001  1.177781e-004
 2.822500e+001  1.176477e-004
 2.828688e+001  1.565994e-004
 2.834875e+001  1.653423e-004
 2.841063e+001  1.495996e-004
 2.847250e+001  1.546631e-004
 2.853438e+001  1.279537e-004
 2.859625e+001  1.196817e-004
 2.865813e+001  8.003284e-005
 2.872000e+001  9.854978e-005
 2.878188e+001  1.937401e-004
 2.884375e+001  1.648236e-004
 2.890563e+001  1.975058e-004
 2.896750e+001  1.140504e-004
 2.902938e+001  1.876141e-004
 2.909125e+001  2.216947e-004
 2.915313e+001  1.585593e-004
 2.921500e+001  1.852670e-004
 2.927688e+001  1.639361e-004
 2.933875e+001  4.828984e-005
 2.940063e+001  1.078544e-004
 2.946250e+001  1.781448e-004
 2.952438e+001  1.989070e-004
 2.958625e+001  1.452773e-004
 2.964813e+001  7.850244e-005
 2.971000e+001  1.001678e-004
 2.977188e+001  1.078896e-004
 2.983375e+001  1.869537e-004
 2.989563e+001  2.462346e-004
 2.995750e+001  1.572968e-004
 3.001938e+001  5.514239e-005
 3.008125e+001  2.222525e-004
 3.014313e+001  2.346950e-004
 3.020500e+001  1.583924e-004
 3.026688e+001  9.422308e-005
 3.032875e+001  6.623662e-005
 3.039063e+001  8.803219e-005
 3.045250e+001  1.123071e-004
 3.051438e+001  1.519707e-004
 3.057625e+001  1.329772e-004
 3.063813e+001  1.298981e-004
 3.070000e+001  7.085688e-005
 3.076188e+001  1.337271e-004
 3.082375e+001  1.236587e-004
 3.088563e+001  9.998446e-005
 3.094750e+001  9.618301e-005
 3.100938e+001  1.084694e-004
 3.107125e+001  1.371598e-004
 3.113313e+001  1.570348e-004
 3.119500e+001  1.269401e-004
 3.125688e+001  1.553906e-004
 3.131875e+001  1.269246e-004
 3.138063e+001  1.625563e-004
 3.144250e+001  1.990568e-004
 3.150438e+001  1.083069e-004
 3.156625e+001  4.637430e-005
 3.162813e+001  3.125655e-005
 3.169000e+001  6.972446e-005
 3.175188e+001  6.603561e-005
 3.181375e+001  1.838448e-004
 3.187563e+001  2.066100e-004
 3.193750e+001  1.347853e-004
 3.199938e+001  1.921598e-004
 3.206125e+001  1.369423e-004
 3.212313e+001  9.420708e-005
 3.218500e+001  1.352928e-004
 3.224688e+001  4.533518e-005
 3.230875e+001  1.128582e-004
 3.237063e+001  1.898195e-004
 3.243250e+001  1.825281e-004
 3.249438e+001  2.026061e-004
 3.255625e+001  1.583692e-004
 3.261813e+001  9.213544e-005
 3.268000e+001  2.933307e-004
 3.274188e+001  3.240551e-004
 3.280375e+001  2.697725e-004
 3.286563e+001  2.087949e-004
 3.292750e+001  1.524328e-004
 3.298938e+001  9.374363e-005
 3.305125e+001  9.169975e-005
 3.311313e+001  1.799689e-004
 3.317500e+001  1.852200e-004
 3.323688e+001  1.305726e-004
 3.329875e+001  5.828942e-005
 3.336063e+001  1.312550e-004
 3.342250e+001  2.324374e-004
 3.348438e+001  1.592607e-004
 3.354625e+001  8.830801e-005
 3.360813e+001  1.373120e-004
 3.367000e+001  1.334160e-004
 3.373188e+001  1.565504e-004
 3.379375e+001  1.335032e-004
 3.385563e+001  3.714697e-005
 3.391750e+001  1.213927e-004
 3.397938e+001  1.913180e-004
 3.404125e+001  1.651848e-004
 3.410313e+001  4.841574e-005
 3.416500e+001  9.138100e-005
 3.422688e+001  1.299918e-004
 3.428875e+001  1.270306e-004
 3.435063e+001  7.997863e-005
 3.441250e+001  1.434875e-004
 3.447438e+001  2.489151e-004
 3.453625e+001  2.047949e-004
 3.459813e+001  1.544763e-004
 3.466000e+001  1.923672e-004
 3.472188e+001  1.302227e-004
 3.478375e+001  9.028291e-005
 3.484563e+001  9.902076e-005
 3.490750e+001  1.328285e-004
 3.496938e+001  1.624937e-004
 3.503125e+001  9.423371e-005
 3.509313e+001  5.275762e-005
 3.515500e+001  8.789886e-005
 3.521688e+001  1.460606e-004
 3.527875e+001  1.231186e-004
 3.534063e+001  1.270293e-004
 3.540250e+001  1.822153e-004
 3.546438e+001  2.190522e-004
 3.552625e+001  1.692326e-004
 3.558813e+001  7.591124e-005
 3.565000e+001  1.730118e-004
 3.571188e+001  1.637345e-004
 3.577375e+001  7.607307e-005
 3.583563e+001  1.087305e-004
 3.589750e+001  6.446418e-005
 3.595938e+001  5.891026e-005
 3.602125e+001  1.421182e-004
 3.608313e+001  2.011396e-004
 3.614500e+001  1.070642e-004
 3.620688e+001  1.066300e-004
 3.626875e+001  1.102135e-004
 3.633063e+001  1.140731e-004
 3.639250e+001  1.335966e-004
 3.645438e+001  2.132412e-004
 3.651625e+001  1.928195e-004
 3.657813e+001  8.250662e-005
 3.664000e+001  9.286652e-005
 3.670188e+001  9.385984e-005
 3.676375e+001  9.320797e-005
 3.682563e+001  3.675936e-005
 3.688750e+001  1.401564e-004
 3.694938e+001  1.485718e-004
 3.701125e+001  7.745622e-005
 3.707313e+001  9.067235e-005
 3.713500e+001  7.517624e-005
 3.719688e+001  1.338315e-004
 3.725875e+001  1.431656e-004
 3.732063e+001  5.710156e-005
 3.738250e+001  1.031240e-004
 3.744438e+001  1.738749e-004
 3.750625e+001  1.350190e-004
 3.756813e+001  9.392344e-005
 3.763000e+001  1.124443e-004
 3.769188e+001  1.105818e-004
 3.775375e+001  1.526810e-004
 3.781563e+001  1.288282e-004
 3.787750e+001  6.672304e-005
 3.793938e+001  1.266370e-004
 3.800125e+001  1.367189e-004
 3.806313e+001  7.358519e-005
 3.812500e+001  9.258198e-005
 3.818688e+001  1.338902e-004
 3.824875e+001  1.820136e-004
 3.831063e+001  1.514667e-004
 3.837250e+001  1.079549e-004
 3.843438e+001  6.196200e-005
 3.849625e+001  8.657946e-005
 3.855813e+001  6.791597e-005
 3.862000e+001  1.272114e-004
 3.868188e+001  1.456254e-004
 3.874375e+001  1.198665e-004
 3.880563e+001  7.704634e-005
 3.886750e+001  7.334876e-005
 3.892938e+001  1.124735e-004
 3.899125e+001  1.785705e-004
 3.905313e+001  1.384451e-004
 3.911500e+001  8.586168e-005
 3.917688e+001  9.017841e-005
 3.923875e+001  1.042361e-004
 3.930063e+001  1.218245e-004
 3.936250e+001  1.577565e-004
 3.942438e+001  1.001422e-004
 3.948625e+001  1.544516e-004
 3.954813e+001  9.881050e-005
 3.961000e+001  1.146344e-004
 3.967188e+001  3.711274e-005
 3.973375e+001  1.371468e-004
 3.979563e+001  2.011743e-004
 3.985750e+001  1.350259e-004
 3.991938e+001  1.304402e-004
 3.998125e+001  2.230531e-004
 4.004313e+001  1.845232e-004
 4.010500e+001  1.783247e-004
 4.016688e+001  6.730408e-005
 4.022875e+001  1.009670e-004
 4.029063e+001  1.473538e-004
 4.035250e+001  1.900137e-004
 4.041438e+001  2.132645e-004
 4.047625e+001  1.171092e-004
 4.053813e+001  9.642949e-005
 4.060000e+001  9.699349e-005
 4.066188e+001  1.262650e-004
 4.072375e+001  1.674561e-004
 4.078563e+001  1.683364e-004
 4.084750e+001  1.093183e-004
 4.090938e+001  1.063840e-004
 4.097125e+001  7.017285e-005
 4.103313e+001  6.784274e-005
 4.109500e+001  1.188759e-004
 4.115688e+001  8.626469e-005
 4.121875e+001  9.941889e-005
 4.128063e+001  1.415698e-004
 4.134250e+001  1.669894e-004
 4.140438e+001  1.426547e-004
 4.146625e+001  1.438756e-004
 4.152813e+001  1.456413e-004
 4.159000e+001  8.433262e-005
 4.165188e+001  1.226289e-004
 4.171375e+001  1.625370e-004
 4.177563e+001  1.467664e-004
 4.183750e+001  1.959913e-004
 4.189938e+001  1.752522e-004
 4.196125e+001  1.444906e-004
 4.202313e+001  9.738782e-005
 4.208500e+001  9.581855e-005
 4.214688e+001  1.692721e-004
 4.220875e+001  2.123221e-004
 4.227063e+001  2.107415e-004
 4.233250e+001  1.393268e-004
 4.239438e+001  1.130929e-004
 4.245625e+001  6.738678e-005
 4.251813e+001  7.446707e-005
 4.258000e+001  1.706933e-004
 4.264188e+001  2.694222e-004
 4.270375e+001  3.007417e-004
 4.276563e+001  2.029724e-004
 4.282750e+001  1.833146e-004
 4.288938e+001  1.486140e-004
 4.295125e+001  1.194753e-004
 4.301313e+001  1.372134e-004
 4.307500e+001  1.424113e-004
 4.313688e+001  7.645066e-005
 4.319875e+001  3.164191e-005
 4.326063e+001  7.784716e-005
 4.332250e+001  1.119052e-004
 4.338438e+001  9.213800e-005
 4.344625e+001  1.388548e-004
 4.350813e+001  1.406394e-004
 4.357000e+001  1.731230e-004
 4.363188e+001  1.531671e-004
 4.369375e+001  8.605413e-005
 4.375563e+001  7.314211e-005
 4.381750e+001  1.719975e-004
 4.387938e+001  1.547371e-004
 4.394125e+001  1.099303e-004
 4.400313e+001  1.311033e-004
 4.406500e+001  8.193609e-005
 4.412688e+001  4.864139e-005
 4.418875e+001  1.602323e-004
 4.425063e+001  1.631011e-004
 4.431250e+001  9.470672e-005
 4.437438e+001  1.406455e-004
 4.443625e+001  1.385701e-004
 4.449813e+001  1.541408e-004
 4.456000e+001  1.219878e-004
 4.462188e+001  1.274112e-004
 4.468375e+001  1.416600e-004
 4.474563e+001  9.991885e-005
 4.480750e+001  1.406326e-004
 4.486938e+001  6.534175e-005
 4.493125e+001  4.774803e-005
 4.499313e+001  9.419958e-005
 4.505500e+001  1.301036e-004
 4.511688e+001  1.633696e-004
 4.517875e+001  1.306901e-004
 4.524063e+001  1.558862e-004
 4.530250e+001  1.079910e-004
 4.536438e+001  8.170923e-005
 4.542625e+001  1.132036e-004
 4.548813e+001  1.179476e-004
 4.555000e+001  1.293970e-004
 4.561188e+001  1.009277e-004
 4.567375e+001  1.056331e-004
 4.573563e+001  1.352358e-004
 4.579750e+001  1.034688e-004
 4.585938e+001  7.368440e-005
 4.592125e+001  1.107297e-004
 4.598313e+001  7.318273e-005
 4.604500e+001  1.049392e-004
 4.610688e+001  1.016733e-004
 4.616875e+001  1.160955e-004
 4.623063e+001  1.094539e-004
 4.629250e+001  8.550731e-005
 4.635438e+001  6.032144e-005
 4.641625e+001  1.098255e-004
 4.647813e+001  5.869623e-005
 4.654000e+001  6.651665e-005
 4.660188e+001  4.099148e-005
 4.666375e+001  7.548368e-005
 4.672563e+001  8.126742e-005
 4.678750e+001  1.887720e-004
 4.684938e+001  1.748161e-004
 4.691125e+001  8.719600e-005
 4.697313e+001  6.905892e-005
 4.703500e+001  1.301960e-004
 4.709688e+001  1.834321e-004
 4.715875e+001  9.637204e-005
 4.722063e+001  7.623978e-005
 4.728250e+001  4.405618e-005
 4.734438e+001  2.001480e-004
 4.740625e+001  2.542124e-004
 4.746813e+001  1.899222e-004
 4.753000e+001  1.678284e-004
 4.759188e+001  1.120088e-004
 4.765375e+001  1.148242e-004
 4.771563e+001  6.881306e-005
 4.777750e+001  7.213328e-005
 4.783938e+001  5.561210e-005
 4.790125e+001  7.320811e-005
 4.796313e+001  6.775095e-005
 4.802500e+001  7.011503e-005
 4.808688e+001  9.176917e-005
 4.814875e+001  8.863443e-005
 4.821063e+001  1.245403e-004
 4.827250e+001  1.025707e-004
 4.833438e+001  7.280647e-005
 4.839625e+001  7.013214e-005
 4.845813e+001  1.218920e-004
 4.852000e+001  1.019354e-004
 4.858188e+001  8.504790e-005
 4.864375e+001  9.851667e-005
 4.870563e+001  8.367151e-005
 4.876750e+001  4.967668e-005
 4.882938e+001  9.157468e-005
 4.889125e+001  1.448756e-004
 4.895313e+001  1.171178e-004
 4.901500e+001  1.322664e-004
 4.907688e+001  1.009033e-004
 4.913875e+001  8.793151e-005
 4.920063e+001  5.826100e-005
 4.926250e+001  8.786363e-005
 4.932438e+001  1.627543e-004
 4.938625e+001  1.402680e-004
 4.944813e+001  1.564060e-004
 4.951000e+001  1.156289e-004
 4.957188e+001  4.972202e-005
 4.963375e+001  9.210561e-005
 4.969563e+001  4.454757e-005
 4.975750e+001  9.201441e-005
 4.981938e+001  1.983351e-004
 4.988125e+001  7.530014e-004
 4.994313e+001  9.960794e-003
 5.000500e+001  2.691969e-002
 5.006688e+001  1.791711e-002
 5.012875e+001  1.518909e-003
 5.019063e+001  3.193437e-004
 5.025250e+001  1.159717e-004
 5.031438e+001  1.391949e-004
 5.037625e+001  3.766962e-005
 5.043813e+001  1.064776e-004
 5.050000e+001  1.385202e-004
 5.056188e+001  9.095257e-005
 5.062375e+001  4.753357e-005
 5.068563e+001  6.145698e-005
 5.074750e+001  6.821228e-005
 5.080938e+001  5.893171e-005
 5.087125e+001  3.365786e-005
 5.093313e+001  5.428945e-005
 5.099500e+001  8.126485e-005
 5.105688e+001  4.450457e-005
 5.111875e+001  8.745724e-005
 5.118063e+001  1.315991e-004
 5.124250e+001  1.544548e-004
 5.130438e+001  6.071629e-005
 5.136625e+001  8.263095e-005
 5.142813e+001  1.505624e-004
 5.149000e+001  1.134674e-004
 5.155188e+001  3.615843e-005
 5.161375e+001  1.051945e-004
 5.167563e+001  9.739994e-005
 5.173750e+001  1.016456e-004
 5.179938e+001  4.851369e-005
 5.186125e+001  1.398042e-004
 5.192313e+001  1.366668e-004
 5.198500e+001  3.038116e-005
 5.204688e+001  1.197229e-004
 5.210875e+001  1.573136e-004
 5.217063e+001  1.117459e-004
 5.223250e+001  7.242296e-005
 5.229438e+001  5.955067e-005
 5.235625e+001  7.391166e-005
 5.241813e+001  8.600636e-005
 5.248000e+001  8.680770e-005
 5.254188e+001  8.017101e-005
 5.260375e+001  1.365473e-004
 5.266563e+001  1.692998e-004
 5.272750e+001  1.156989e-004
 5.278938e+001  1.028683e-004
 5.285125e+001  1.389733e-004
 5.291313e+001  1.613907e-004
 5.297500e+001  1.572229e-004
 5.303688e+001  2.294739e-004
 5.309875e+001  2.036202e-004
 5.316063e+001  1.453344e-004
 5.322250e+001  1.400236e-004
 5.328438e+001  1.139814e-004
 5.334625e+001  1.064731e-004
 5.340813e+001  4.980758e-005
 5.347000e+001  1.412814e-004
 5.353188e+001  1.084353e-004
 5.359375e+001  6.570786e-005
 5.365563e+001  5.346348e-005
 5.371750e+001  5.882585e-005
 5.377938e+001  4.761529e-005
 5.384125e+001  7.500147e-005
 5.390313e+001  1.270628e-004
 5.396500e+001  1.095941e-004
 5.402688e+001  9.038624e-005
 5.408875e+001  1.511119e-004
 5.415063e+001  1.268150e-004
 5.421250e+001  1.069609e-004
 5.427438e+001  1.560249e-004
 5.433625e+001  1.804346e-004
 5.439813e+001  8.885719e-005
 5.446000e+001  9.253758e-005
 5.452188e+001  7.199465e-005
 5.458375e+001  5.958477e-005
 5.464563e+001  7.554531e-005
 5.470750e+001  9.672637e-005
 5.476938e+001  8.444865e-005
 5.483125e+001  8.609897e-005
 5.489313e+001  5.883197e-005
 5.495500e+001  5.999802e-005
 5.501688e+001  1.195239e-004
 5.507875e+001  4.240555e-005
 5.514063e+001  6.996496e-005
 5.520250e+001  1.354949e-004
 5.526438e+001  1.504466e-004
 5.532625e+001  7.687139e-005
 5.538813e+001  4.548095e-005
 5.545000e+001  9.621569e-005
 5.551188e+001  1.881861e-004
 5.557375e+001  1.329027e-004
 5.563563e+001  5.996735e-005
 5.569750e+001  9.166803e-005
 5.575938e+001  8.492273e-005
 5.582125e+001  2.908372e-005
 5.588313e+001  3.333740e-005
 5.594500e+001  7.562030e-005
 5.600688e+001  1.134609e-004
 5.606875e+001  8.567265e-005
 5.613063e+001  6.445733e-005
 5.619250e+001  7.312935e-005
 5.625438e+001  8.043569e-005
 5.631625e+001  1.629907e-004
 5.637813e+001  1.938998e-004
 5.644000e+001  1.526496e-004
 5.650188e+001  1.198056e-004
 5.656375e+001  8.495790e-005
 5.662563e+001  5.946291e-005
 5.668750e+001  6.409586e-005
 5.674938e+001  7.254577e-005
 5.681125e+001  6.642150e-005
 5.687313e+001  4.369075e-005
 5.693500e+001  4.426349e-005
 5.699688e+001  7.557124e-005
 5.705875e+001  8.811212e-005
 5.712063e+001  4.513616e-005
 5.718250e+001  7.930752e-005
 5.724438e+001  9.807923e-005
 5.730625e+001  1.000916e-004
 5.736813e+001  7.863487e-005
 5.743000e+001  7.743435e-005
 5.749188e+001  1.052878e-004
 5.755375e+001  1.098155e-004
 5.761563e+001  8.669894e-005
 5.767750e+001  1.001448e-004
 5.773938e+001  1.272705e-004
 5.780125e+001  8.454739e-005
 5.786313e+001  8.399432e-005
 5.792500e+001  1.116173e-004
 5.798688e+001  1.330096e-004
 5.804875e+001  9.208177e-005
 5.811063e+001  1.355434e-004
 5.817250e+001  1.399885e-004
 5.823438e+001  7.384595e-005
 5.829625e+001  4.710944e-005
 5.835813e+001  3.725060e-005
 5.842000e+001  6.351344e-005
 5.848188e+001  1.316482e-004
 5.854375e+001  1.003579e-004
 5.860563e+001  3.740121e-005
 5.866750e+001  4.277644e-005
 5.872938e+001  4.705715e-005
 5.879125e+001  6.320468e-005
 5.885313e+001  5.921013e-005
 5.891500e+001  9.037148e-005
 5.897688e+001  6.311214e-005
 5.903875e+001  5.477810e-005
 5.910063e+001  9.671488e-005
 5.916250e+001  1.092027e-004
 5.922438e+001  7.005729e-005
 5.928625e+001  9.376536e-005
 5.934813e+001  6.903205e-005
 5.941000e+001  1.222043e-004
 5.947188e+001  9.848971e-005
 5.953375e+001  1.093032e-004
 5.959563e+001  1.044313e-004
 5.965750e+001  1.203652e-004
 5.971938e+001  1.057397e-004
 5.978125e+001  9.710885e-005
 5.984313e+001  1.037007e-004
 5.990500e+001  1.444193e-004
 5.996688e+001  7.271726e-004
 6.002875e+001  1.295064e-003
 6.009063e+001  5.845873e-004
 6.015250e+001  8.430298e-005
 6.021438e+001  8.561817e-005
 6.027625e+001  5.788310e-005
 6.033813e+001  2.791319e-005
 6.040000e+001  7.089274e-005
 6.046188e+001  3.656407e-005
 6.052375e+001  7.233580e-005
 6.058563e+001  1.400569e-004
 6.064750e+001  1.100380e-004
 6.070938e+001  9.748672e-005
 6.077125e+001  1.101367e-004
 6.083313e+001  1.028605e-004
 6.089500e+001  1.114680e-004
 6.095688e+001  1.062919e-004
 6.101875e+001  9.313818e-005
 6.108063e+001  1.582133e-004
 6.114250e+001  1.925439e-004
 6.120438e+001  1.091896e-004
 6.126625e+001  2.586763e-005
 6.132813e+001  7.273221e-005
 6.139000e+001  6.280003e-005
 6.145188e+001  4.859091e-005
 6.151375e+001  4.237357e-005
 6.157563e+001  1.037668e-004
 6.163750e+001  1.229696e-004
 6.169938e+001  7.206094e-005
 6.176125e+001  4.806602e-005
 6.182313e+001  6.054339e-005
 6.188500e+001  5.366575e-005
 6.194688e+001  3.904341e-005
 6.200875e+001  4.203618e-005
 6.207063e+001  4.640022e-005
 6.213250e+001  9.435246e-005
 6.219438e+001  1.103113e-004
 6.225625e+001  7.954919e-005
 6.231813e+001  9.766275e-005
 6.238000e+001  1.169287e-004
 6.244188e+001  1.127556e-004
 6.250375e+001  9.252752e-005
 6.256563e+001  8.069265e-005
 6.262750e+001  1.187168e-004
 6.268938e+001  6.414785e-005
 6.275125e+001  8.355905e-005
 6.281313e+001  2.715575e-005
 6.287500e+001  6.100783e-005
 6.293688e+001  1.264373e-004
 6.299875e+001  1.287788e-004
 6.306063e+001  1.577884e-004
 6.312250e+001  1.323964e-004
 6.318438e+001  9.401790e-005
 6.324625e+001  9.191516e-005
 6.330813e+001  9.328656e-005
 6.337000e+001  1.138934e-004
 6.343188e+001  1.255514e-004
 6.349375e+001  9.229543e-005
 6.355563e+001  1.245456e-004
 6.361750e+001  8.653398e-005
 6.367938e+001  1.176455e-004
 6.374125e+001  7.907044e-005
 6.380313e+001  4.687782e-005
 6.386500e+001  4.122059e-005
 6.392688e+001  8.212628e-005
 6.398875e+001  2.074719e-005
 6.405063e+001  5.574843e-005
 6.411250e+001  2.967310e-005
 6.417438e+001  9.106066e-005
 6.423625e+001  5.259809e-005
 6.429813e+001  5.188257e-005
 6.436000e+001  4.230329e-005
 6.442188e+001  8.924620e-005
 6.448375e+001  8.047275e-005
 6.454563e+001  1.255072e-004
 6.460750e+001  7.941298e-005
 6.466938e+001  3.571952e-005
 6.473125e+001  4.654026e-005
 6.479313e+001  1.263087e-004
 6.485500e+001  8.742454e-005
 6.491688e+001  4.860610e-005
 6.497875e+001  9.625325e-005
 6.504063e+001  1.075364e-004
 6.510250e+001  8.625712e-005
 6.516438e+001  1.029866e-004
 6.522625e+001  9.532225e-005
 6.528813e+001  5.473894e-005
 6.535000e+001  2.562546e-005
 6.541188e+001  7.866120e-005
 6.547375e+001  5.988177e-005
 6.553563e+001  3.846757e-005
 6.559750e+001  8.819010e-005
 6.565938e+001  5.144155e-005
 6.572125e+001  3.291856e-005
 6.578313e+001  7.723409e-005
 6.584500e+001  7.743059e-005
 6.590688e+001  9.083197e-005
 6.596875e+001  6.662401e-005
 6.603063e+001  8.264354e-005
 6.609250e+001  1.092136e-004
 6.615438e+001  9.188446e-005
 6.621625e+001  5.684319e-005
 6.627813e+001  8.032591e-005
 6.634000e+001  1.003639e-004
 6.640188e+001  9.465385e-005
 6.646375e+001  7.418053e-005
 6.652563e+001  1.007915e-004
 6.658750e+001  7.978056e-005
 6.664938e+001  7.708543e-005
 6.671125e+001  8.146397e-005
 6.677313e+001  1.051853e-004
 6.683500e+001  8.891213e-005
 6.689688e+001  9.376249e-005
 6.695875e+001  7.088167e-005
 6.702063e+001  1.163781e-004
 6.708250e+001  5.474201e-005
 6.714438e+001  3.144274e-005
 6.720625e+001  3.776853e-005
 6.726813e+001  5.191469e-005
 6.733000e+001  4.213732e-005
 6.739188e+001  5.279287e-005
 6.745375e+001  7.240519e-005
 6.751563e+001  1.182109e-004
 6.757750e+001  1.479842e-004
 6.763938e+001  7.712278e-005
 6.770125e+001  3.959449e-005
 6.776313e+001  3.313259e-005
 6.782500e+001  4.561883e-005
 6.788688e+001  1.219687e-004
 6.794875e+001  1.333286e-004
 6.801063e+001  5.166282e-005
 6.807250e+001  9.747201e-005
 6.813438e+001  1.134980e-004
 6.819625e+001  3.581965e-005
 6.825813e+001  5.547413e-005
 6.832000e+001  6.144502e-005
 6.838188e+001  9.765834e-006
 6.844375e+001  6.761788e-005
 6.850563e+001  1.274856e-004
 6.856750e+001  1.560082e-004
 6.862938e+001  1.105061e-004
 6.869125e+001  1.008305e-004
 6.875313e+001  1.194670e-004
 6.881500e+001  9.501683e-005
 6.887688e+001  6.087323e-005
 6.893875e+001  6.050672e-005
 6.900063e+001  7.002635e-005
 6.906250e+001  1.314998e-004
 6.912438e+001  1.391431e-004
 6.918625e+001  9.981598e-005
 6.924813e+001  1.292360e-004
 6.931000e+001  1.042789e-004
 6.937188e+001  7.191948e-005
 6.943375e+001  7.521374e-005
 6.949563e+001  5.497543e-005
 6.955750e+001  4.017802e-005
 6.961938e+001  8.147566e-005
 6.968125e+001  9.275977e-005
 6.974313e+001  3.765946e-005
 6.980500e+001  4.735078e-005
 6.986688e+001  9.114433e-005
 6.992875e+001  1.725591e-004
 6.999063e+001  1.679994e-004
 7.005250e+001  1.252051e-004
 7.011438e+001  1.268751e-004
 7.017625e+001  9.507338e-005
 7.023813e+001  1.628673e-004
 7.030000e+001  1.072600e-004
 7.036188e+001  5.420809e-005
 7.042375e+001  3.867537e-005
 7.048563e+001  8.632722e-005
 7.054750e+001  9.410218e-005
 7.060938e+001  8.554070e-005
 7.067125e+001  1.009481e-004
 7.073313e+001  1.266945e-004
 7.079500e+001  1.017154e-004
 7.085688e+001  7.294292e-005
 7.091875e+001  4.740701e-005
 7.098063e+001  8.760693e-005
 7.104250e+001  1.135531e-004
 7.110438e+001  9.644038e-005
 7.116625e+001  9.333244e-005
 7.122813e+001  7.142777e-005
 7.129000e+001  7.420526e-005
 7.135188e+001  9.945204e-005
 7.141375e+001  6.218887e-005
 7.147563e+001  8.591627e-005
 7.153750e+001  1.022317e-004
 7.159938e+001  7.854284e-005
 7.166125e+001  1.109798e-004
 7.172313e+001  8.104848e-005
 7.178500e+001  9.287024e-005
 7.184688e+001  7.093835e-005
 7.190875e+001  8.768540e-005
 7.197063e+001  5.907532e-005
 7.203250e+001  4.161075e-005
 7.209438e+001  6.478813e-005
 7.215625e+001  4.386538e-005
 7.221813e+001  9.885501e-005
 7.228000e+001  6.131852e-005
 7.234188e+001  5.728343e-005
 7.240375e+001  8.493010e-005
 7.246563e+001  1.010121e-004
 7.252750e+001  5.692317e-005
 7.258938e+001  5.480147e-005
 7.265125e+001  5.982218e-005
 7.271313e+001  3.313046e-005
 7.277500e+001  2.977861e-005
 7.283688e+001  8.398119e-005
 7.289875e+001  4.838974e-005
 7.296063e+001  1.097004e-004
 7.302250e+001  1.045729e-004
 7.308438e+001  7.054001e-005
 7.314625e+001  9.871872e-005
 7.320813e+001  1.219280e-004
 7.327000e+001  7.069080e-005
 7.333188e+001  8.522569e-005
 7.339375e+001  1.170611e-004
 7.345563e+001  8.368567e-005
 7.351750e+001  8.564618e-005
 7.357938e+001  7.507741e-005
 7.364125e+001  5.923867e-005
 7.370313e+001  7.271373e-005
 7.376500e+001  5.669563e-005
 7.382688e+001  2.427421e-005
 7.388875e+001  2.919073e-005
 7.395063e+001  3.220738e-005
 7.401250e+001  5.096369e-005
 7.407438e+001  5.848349e-005
 7.413625e+001  6.830287e-005
 7.419813e+001  3.701169e-005
 7.426000e+001  5.726724e-005
 7.432188e+001  7.934797e-005
 7.438375e+001  5.651405e-005
 7.444563e+001  6.047311e-005
 7.450750e+001  9.826219e-005
 7.456938e+001  7.215443e-005
 7.463125e+001  7.940963e-005
 7.469313e+001  8.144386e-005
 7.475500e+001  8.771908e-005
 7.481688e+001  1.178032e-004
 7.487875e+001  7.329754e-005
 7.494063e+001  7.375857e-005
 7.500250e+001  1.213062e-004
 7.506438e+001  1.235488e-004
 7.512625e+001  6.036127e-005
 7.518813e+001  9.613455e-005
 7.525000e+001  1.263248e-004
 7.531188e+001  2.024382e-004
 7.537375e+001  1.477743e-004
 7.543563e+001  4.188856e-004
 7.549750e+001  3.973130e-004
 7.555938e+001  1.780972e-004
 7.562125e+001  7.262495e-005
 7.568313e+001  5.755109e-005
 7.574500e+001  8.873977e-005
 7.580688e+001  7.240238e-005
 7.586875e+001  6.792593e-005
 7.593063e+001  7.279950e-005
 7.599250e+001  7.133452e-005
 7.605438e+001  6.224422e-005
 7.611625e+001  6.006981e-005
 7.617813e+001  1.093182e-004
 7.624000e+001  1.307606e-004
 7.630188e+001  7.928168e-005
 7.636375e+001  3.616109e-005
 7.642563e+001  4.233660e-005
 7.648750e+001  5.864911e-005
 7.654938e+001  6.766432e-005
 7.661125e+001  9.290965e-005
 7.667313e+001  1.234764e-004
 7.673500e+001  1.215814e-004
 7.679688e+001  5.595008e-005
 7.685875e+001  5.000719e-005
 7.692063e+001  5.455028e-005
 7.698250e+001  7.742281e-005
 7.704438e+001  4.299793e-005
 7.710625e+001  9.860978e-005
 7.716813e+001  1.312099e-004
 7.723000e+001  7.799795e-005
 7.729188e+001  6.117324e-005
 7.735375e+001  7.960019e-005
 7.741563e+001  9.523185e-005
 7.747750e+001  7.141265e-005
 7.753938e+001  5.110814e-005
 7.760125e+001  5.906638e-005
 7.766313e+001  9.081705e-005
 7.772500e+001  1.047704e-004
 7.778688e+001  9.416163e-005
 7.784875e+001  1.160005e-004
 7.791063e+001  1.420640e-004
 7.797250e+001  1.162409e-004
 7.803438e+001  2.603877e-005
 7.809625e+001  9.045023e-005
 7.815813e+001  6.207809e-005
 7.822000e+001  8.362316e-005
 7.828188e+001  9.109190e-005
 7.834375e+001  1.075180e-004
 7.840563e+001  1.415536e-004
 7.846750e+001  1.077507e-004
 7.852938e+001  1.057980e-004
 7.859125e+001  1.275230e-004
 7.865313e+001  9.885993e-005
 7.871500e+001  7.387130e-005
 7.877688e+001  6.068188e-005
 7.883875e+001  6.036267e-005
 7.890063e+001  4.034766e-005
 7.896250e+001  3.568047e-005
 7.902438e+001  8.273858e-005
 7.908625e+001  1.129903e-004
 7.914813e+001  9.841207e-005
 7.921000e+001  4.834524e-005
 7.927188e+001  6.214914e-005
 7.933375e+001  7.136647e-005
 7.939563e+001  5.210358e-005
 7.945750e+001  5.991533e-005
 7.951938e+001  7.291136e-005
 7.958125e+001  3.070110e-005
 7.964313e+001  6.533814e-005
 7.970500e+001  7.388178e-005
 7.976688e+001  7.544450e-005
 7.982875e+001  7.739592e-005
 7.989063e+001  5.421034e-005
 7.995250e+001  6.612903e-005
 8.001438e+001  6.257945e-005
 8.007625e+001  7.288430e-005
 8.013813e+001  9.612582e-005
 8.020000e+001  1.182615e-004
 8.026188e+001  1.262565e-004
 8.032375e+001  4.992738e-005
 8.038563e+001  6.217623e-005
 8.044750e+001  5.007999e-005
 8.050938e+001  2.497651e-005
 8.057125e+001  3.099702e-005
 8.063313e+001  5.870570e-005
 8.069500e+001  8.667769e-005
 8.075688e+001  7.944766e-005
 8.081875e+001  3.357817e-005
 8.088063e+001  2.943959e-005
 8.094250e+001  7.825449e-005
 8.100438e+001  1.016012e-004
 8.106625e+001  1.019710e-004
 8.112813e+001  6.944393e-005
 8.119000e+001  8.590513e-005
 8.125188e+001  1.125744e-004
 8.131375e+001  6.940856e-005
 8.137563e+001  7.797758e-005
 8.143750e+001  6.836010e-005
 8.149938e+001  3.335237e-005
 8.156125e+001  9.592246e-005
 8.162313e+001  9.763639e-005
 8.168500e+001  5.682796e-005
 8.174688e+001  7.230713e-005
 8.180875e+001  8.820652e-005
 8.187063e+001  5.627922e-005
 8.193250e+001  4.784132e-005
 8.199438e+001  6.976055e-005
 8.205625e+001  1.073471e-004
 8.211813e+001  8.184546e-005
 8.218000e+001  4.949702e-005
 8.224188e+001  5.566279e-005
 8.230375e+001  4.722043e-005
 8.236563e+001  7.985604e-005
 8.242750e+001  7.518057e-005
 8.248938e+001  9.063971e-005
 8.255125e+001  9.878824e-005
 8.261313e+001  4.897176e-005
 8.267500e+001  6.566263e-005
 8.273688e+001  8.965074e-005
 8.279875e+001  1.009770e-004
 8.286063e+001  6.523793e-005
 8.292250e+001  3.477030e-005
 8.298438e+001  4.767311e-005
 8.304625e+001  5.441344e-005
 8.310813e+001  3.737168e-005
 8.317000e+001  3.267999e-005
 8.323188e+001  4.590670e-005
 8.329375e+001  6.150452e-005
 8.335563e+001  7.941158e-005
 8.341750e+001  6.221167e-005
 8.347938e+001  5.105399e-005
 8.354125e+001  4.353787e-005
 8.360313e+001  3.591716e-005
 8.366500e+001  9.042394e-005
 8.372688e+001  1.290706e-004
 8.378875e+001  7.759137e-005
 8.385063e+001  4.010438e-005
 8.391250e+001  5.254934e-005
 8.397438e+001  4.507017e-005
 8.403625e+001  4.927986e-005
 8.409813e+001  5.611558e-005
 8.416000e+001  8.250115e-005
 8.422188e+001  7.586148e-005
 8.428375e+001  6.603349e-005
 8.434563e+001  8.833424e-005
 8.440750e+001  6.098027e-005
 8.446938e+001  4.853554e-005
 8.453125e+001  3.240608e-005
 8.459313e+001  2.395886e-005
 8.465500e+001  3.986136e-005
 8.471688e+001  6.476326e-005
 8.477875e+001  4.484564e-005
 8.484063e+001  4.073001e-005
 8.490250e+001  5.610496e-005
 8.496438e+001  5.922721e-005
 8.502625e+001  8.438289e-005
 8.508813e+001  8.447016e-005
 8.515000e+001  3.954605e-005
 8.521188e+001  3.533213e-005
 8.527375e+001  5.818151e-005
 8.533563e+001  8.169243e-005
 8.539750e+001  6.243949e-005
 8.545938e+001  5.525244e-005
 8.552125e+001  2.427436e-005
 8.558313e+001  4.968384e-005
 8.564500e+001  6.532044e-005
 8.570688e+001  1.024044e-004
 8.576875e+001  7.859693e-005
 8.583063e+001  6.840483e-005
 8.589250e+001  3.728921e-005
 8.595438e+001  3.108955e-005
 8.601625e+001  5.723469e-005
 8.607813e+001  7.200033e-005
 8.614000e+001  6.652280e-005
 8.620188e+001  8.937477e-005
 8.626375e+001  1.013584e-004
 8.632563e+001  8.379786e-005
 8.638750e+001  4.682208e-005
 8.644938e+001  4.135208e-005
 8.651125e+001  4.975146e-005
 8.657313e+001  4.754483e-005
 8.663500e+001  3.296542e-005
 8.669688e+001  5.777924e-005
 8.675875e+001  5.529975e-005
 8.682063e+001  4.965109e-005
 8.688250e+001  6.237010e-005
 8.694438e+001  6.556383e-005
 8.700625e+001  8.603339e-005
 8.706813e+001  7.601613e-005
 8.713000e+001  9.284847e-005
 8.719188e+001  8.101204e-005
 8.725375e+001  3.731228e-005
 8.731563e+001  3.190279e-005
 8.737750e+001  4.779453e-005
 8.743938e+001  7.328602e-005
 8.750125e+001  8.070686e-005
 8.756313e+001  6.142686e-005
 8.762500e+001  7.889025e-005
 8.768688e+001  7.144657e-005
 8.774875e+001  5.371094e-005
 8.781063e+001  3.063608e-005
 8.787250e+001  1.076971e-004
 8.793438e+001  1.082180e-004
 8.799625e+001  3.562825e-005
 8.805813e+001  7.823443e-005
 8.812000e+001  1.211687e-004
 8.818188e+001  9.626875e-005
 8.824375e+001  7.413163e-005
 8.830563e+001  7.489614e-005
 8.836750e+001  6.596387e-005
 8.842938e+001  5.028184e-005
 8.849125e+001  1.969659e-005
 8.855313e+001  7.243984e-005
 8.861500e+001  6.672950e-005
 8.867688e+001  3.287399e-005
 8.873875e+001  5.565991e-005
 8.880063e+001  1.165226e-004
 8.886250e+001  6.016762e-005
 8.892438e+001  5.001535e-005
 8.898625e+001  4.733468e-005
 8.904813e+001  8.905031e-005
 8.911000e+001  9.634244e-005
 8.917188e+001  5.912951e-005
 8.923375e+001  3.271124e-005
 8.929563e+001  4.096306e-005
 8.935750e+001  4.582171e-005
 8.941938e+001  5.906212e-005
 8.948125e+001  4.045019e-005
 8.954313e+001  8.221179e-005
 8.960500e+001  1.460511e-004
 8.966688e+001  7.523886e-005
 8.972875e+001  5.021075e-005
 8.979063e+001  4.300467e-005
 8.985250e+001  6.846879e-005
 8.991438e+001  6.478960e-005
 8.997625e+001  6.455410e-005
 9.003813e+001  1.027268e-004
 9.010000e+001  6.500949e-005
 9.016188e+001  5.084245e-005
 9.022375e+001  6.695112e-005
 9.028563e+001  5.848987e-005
 9.034750e+001  4.307036e-005
 9.040938e+001  3.700032e-005
 9.047125e+001  4.293000e-005
 9.053313e+001  6.024659e-005
 9.059500e+001  4.042954e-005
 9.065688e+001  1.610549e-005
 9.071875e+001  4.165251e-005
 9.078063e+001  7.270488e-005
 9.084250e+001  5.911495e-005
 9.090438e+001  4.615115e-005
 9.096625e+001  9.194208e-005
 9.102813e+001  9.270617e-005
 9.109000e+001  5.721719e-005
 9.115188e+001  4.910217e-005
 9.121375e+001  4.931649e-005
 9.127563e+001  8.036263e-005
 9.133750e+001  5.405160e-005
 9.139938e+001  5.561356e-005
 9.146125e+001  7.495666e-005
 9.152313e+001  7.004766e-005
 9.158500e+001  6.507240e-005
 9.164688e+001  7.112648e-005
 9.170875e+001  1.061545e-004
 9.177063e+001  4.771847e-005
 9.183250e+001  1.752264e-004
 9.189438e+001  2.348200e-004
 9.195625e+001  1.313483e-004
 9.201813e+001  6.922779e-005
 9.208000e+001  5.992497e-005
 9.214188e+001  4.520838e-005
 9.220375e+001  5.950063e-005
 9.226563e+001  4.054875e-005
 9.232750e+001  3.697528e-005
 9.238938e+001  6.803922e-005
 9.245125e+001  6.087188e-005
 9.251313e+001  5.792356e-005
 9.257500e+001  5.700106e-005
 9.263688e+001  8.274855e-005
 9.269875e+001  6.597330e-005
 9.276063e+001  5.209664e-005
 9.282250e+001  4.594274e-005
 9.288438e+001  3.525666e-005
 9.294625e+001  3.561321e-005
 9.300813e+001  3.864407e-005
 9.307000e+001  4.899366e-005
 9.313188e+001  6.913069e-005
 9.319375e+001  6.093227e-005
 9.325563e+001  2.128564e-005
 9.331750e+001  4.933645e-005
 9.337938e+001  4.130634e-005
 9.344125e+001  4.848015e-005
 9.350313e+001  7.271321e-005
 9.356500e+001  6.681172e-005
 9.362688e+001  4.114983e-005
 9.368875e+001  3.597035e-005
 9.375063e+001  4.518781e-005
 9.381250e+001  3.617104e-005
 9.387438e+001  5.986135e-006
 9.393625e+001  4.208574e-005
 9.399813e+001  5.155305e-005
 9.406000e+001  4.037619e-005
 9.412188e+001  5.311866e-005
 9.418375e+001  6.861142e-005
 9.424563e+001  1.104597e-004
 9.430750e+001  8.544659e-005
 9.436938e+001  3.189271e-005
 9.443125e+001  2.231238e-005
 9.449313e+001  3.935293e-005
 9.455500e+001  3.669633e-005
 9.461688e+001  5.684664e-005
 9.467875e+001  4.445099e-005
 9.474063e+001  7.387817e-005
 9.480250e+001  5.763758e-005
 9.486438e+001  5.109125e-005
 9.492625e+001  5.560654e-005
 9.498813e+001  4.170522e-005
 9.505000e+001  3.230031e-005
 9.511188e+001  4.543385e-005
 9.517375e+001  5.599887e-005
 9.523563e+001  4.007576e-005
 9.529750e+001  7.716911e-005
 9.535938e+001  6.469632e-005
 9.542125e+001  6.113708e-005
 9.548313e+001  2.838648e-005
 9.554500e+001  3.928420e-005
 9.560688e+001  4.529507e-005
 9.566875e+001  6.158171e-005
 9.573063e+001  6.157972e-005
 9.579250e+001  6.026429e-005
 9.585438e+001  5.060068e-005
 9.591625e+001  6.226106e-005
 9.597813e+001  3.700512e-005
 9.604000e+001  5.314128e-005
 9.610188e+001  5.629474e-005
 9.616375e+001  5.253985e-005
 9.622563e+001  8.941147e-005
 9.628750e+001  8.070771e-005
 9.634938e+001  9.372470e-005
 9.641125e+001  1.228838e-004
 9.647313e+001  1.057659e-004
 9.653500e+001  3.218121e-005
 9.659688e+001  5.258147e-005
 9.665875e+001  7.095023e-005
 9.672063e+001  4.871374e-005
 9.678250e+001  4.788293e-005
 9.684438e+001  5.730127e-005
 9.690625e+001  1.198053e-004
 9.696813e+001  1.357439e-004
 9.703000e+001  6.069503e-005
 9.709188e+001  4.694198e-005
 9.715375e+001  4.532161e-005
 9.721563e+001  2.222192e-005
 9.727750e+001  6.157049e-005
 9.733938e+001  6.154127e-005
 9.740125e+001  6.589007e-005
 9.746313e+001  4.981685e-005
 9.752500e+001  4.187525e-005
 9.758688e+001  5.758700e-005
 9.764875e+001  5.604436e-005
 9.771063e+001  6.819768e-005
 9.777250e+001  7.873635e-005
 9.783438e+001  6.227226e-005
 9.789625e+001  3.727205e-005
 9.795813e+001  4.357735e-005
 9.802000e+001  5.476737e-005
 9.808188e+001  6.280286e-005
 9.814375e+001  4.604835e-005
 9.820563e+001  1.631218e-005
 9.826750e+001  4.452913e-005
 9.832938e+001  6.570847e-005
 9.839125e+001  7.728287e-005
 9.845313e+001  6.809951e-005
 9.851500e+001  1.009614e-004
 9.857688e+001  1.034530e-004
 9.863875e+001  6.689615e-005
 9.870063e+001  5.195872e-005
 9.876250e+001  9.100763e-005
 9.882438e+001  1.004457e-004
 9.888625e+001  6.661635e-005
 9.894813e+001  4.934937e-005
 9.901000e+001  5.249885e-005
 9.907188e+001  5.825289e-005
 9.913375e+001  6.508213e-005
 9.919563e+001  9.325673e-005
 9.925750e+001  7.157874e-005
 9.931938e+001  4.197115e-005
 9.938125e+001  6.504447e-005
 9.944313e+001  5.914448e-005
 9.950500e+001  7.197997e-005
 9.956688e+001  3.616310e-005
 9.962875e+001  3.304461e-005
 9.969063e+001  8.428166e-005
 9.975250e+001  9.450763e-005
 9.981438e+001  4.481339e-005
 9.987625e+001  4.908271e-005
 9.993813e+001  2.232067e-004
 1.000000e+002  9.475314e-004
