 1.000000e+000  3.103815e-004
 1.061875e+000  2.367604e-004
 1.123750e+000  1.520630e-004
 1.185625e+000  2.804161e-004
 1.247500e+000  1.496756e-004
 1.309375e+000  3.718699e-004
 1.371250e+000  3.433294e-004
 1.433125e+000  1.595554e-004
 1.495000e+000  1.879668e-004
 1.556875e+000  3.585094e-004
 1.618750e+000  3.251326e-004
 1.680625e+000  2.361569e-004
 1.742500e+000  1.273927e-004
 1.804375e+000  1.776014e-004
 1.866250e+000  2.365229e-004
 1.928125e+000  2.565955e-004
 1.990000e+000  3.157428e-004
 2.051875e+000  2.482231e-004
 2.113750e+000  3.010260e-004
 2.175625e+000  1.754608e-004
 2.237500e+000  8.895444e-005
 2.299375e+000  1.508234e-004
 2.361250e+000  2.521088e-004
 2.423125e+000  1.886283e-004
 2.485000e+000  1.054019e-004
 2.546875e+000  9.557220e-005
 2.608750e+000  1.069992e-004
 2.670625e+000  1.696031e-004
 2.732500e+000  2.267815e-004
 2.794375e+000  1.993834e-004
 2.856250e+000  2.321626e-004
 2.918125e+000  1.713574e-004
 2.980000e+000  1.448062e-004
 3.041875e+000  2.024531e-004
 3.103750e+000  1.661510e-004
 3.165625e+000  1.020259e-004
 3.227500e+000  1.638161e-004
 3.289375e+000  7.459078e-005
 3.351250e+000  1.061118e-004
 3.413125e+000  1.639414e-004
 3.475000e+000  9.790295e-005
 3.536875e+000  7.625094e-005
 3.598750e+000  5.521743e-005
 3.660625e+000  1.364682e-004
 3.722500e+000  2.251787e-004
 3.784375e+000  2.274084e-004
 3.846250e+000  1.518750e-004
 3.908125e+000  6.745822e-005
 3.970000e+000  1.348245e-004
 4.031875e+000  1.217955e-004
 4.093750e+000  5.681315e-005
 4.155625e+000  1.287073e-004
 4.217500e+000  1.437678e-004
 4.279375e+000  1.735374e-004
 4.341250e+000  1.782161e-004
 4.403125e+000  9.926797e-005
 4.465000e+000  2.251490e-004
 4.526875e+000  2.236850e-004
 4.588750e+000  9.675324e-005
 4.650625e+000  1.153156e-004
 4.712500e+000  1.788220e-004
 4.774375e+000  1.873085e-004
 4.836250e+000  1.474367e-004
 4.898125e+000  1.935189e-004
 4.960000e+000  4.207820e-005
 5.021875e+000  1.449946e-004
 5.083750e+000  2.208501e-004
 5.145625e+000  1.108503e-004
 5.207500e+000  1.653088e-004
 5.269375e+000  2.106094e-004
 5.331250e+000  1.066304e-004
 5.393125e+000  1.456654e-004
 5.455000e+000  1.297563e-004
 5.516875e+000  1.397509e-004
 5.578750e+000  8.381517e-005
 5.640625e+000  1.522648e-004
 5.702500e+000  9.651905e-005
 5.764375e+000  2.193152e-005
 5.826250e+000  5.486630e-005
 5.888125e+000  8.453778e-005
 5.950000e+000  1.199322e-004
 6.011875e+000  7.486573e-005
 6.073750e+000  1.194201e-004
 6.135625e+000  1.517163e-004
 6.197500e+000  1.082163e-004
 6.259375e+000  8.475870e-005
 6.321250e+000  6.884569e-005
 6.383125e+000  1.251981e-004
 6.445000e+000  1.066101e-004
 6.506875e+000  1.385559e-004
 6.568750e+000  1.307114e-004
 6.630625e+000  2.050214e-004
 6.692500e+000  2.198819e-004
 6.754375e+000  1.699438e-004
 6.816250e+000  1.174807e-004
 6.878125e+000  1.683765e-004
 6.940000e+000  9.821732e-005
 7.001875e+000  9.545368e-005
 7.063750e+000  1.221077e-004
 7.125625e+000  1.113609e-004
 7.187500e+000  9.266274e-005
 7.249375e+000  5.020930e-005
 7.311250e+000  1.084121e-004
 7.373125e+000  1.140320e-004
 7.435000e+000  1.294969e-004
 7.496875e+000  1.399249e-004
 7.558750e+000  1.331008e-004
 7.620625e+000  1.996140e-004
 7.682500e+000  1.485906e-004
 7.744375e+000  6.823345e-005
 7.806250e+000  7.807416e-005
 7.868125e+000  1.416434e-004
 7.930000e+000  7.870247e-005
 7.991875e+000  8.721722e-005
 8.053750e+000  1.122697e-004
 8.115625e+000  1.443659e-004
 8.177500e+000  1.160747e-004
 8.239375e+000  1.900092e-004
 8.301250e+000  1.904522e-004
 8.363125e+000  1.616482e-004
 8.425000e+000  8.395314e-005
 8.486875e+000  7.649402e-005
 8.548750e+000  7.766227e-005
 8.610625e+000  1.160854e-004
 8.672500e+000  1.725243e-004
 8.734375e+000  1.361234e-004
 8.796250e+000  1.093612e-004
 8.858125e+000  1.123114e-004
 8.920000e+000  8.068592e-005
 8.981875e+000  1.500539e-004
 9.043750e+000  1.518484e-004
 9.105625e+000  4.572663e-005
 9.167500e+000  1.433882e-004
 9.229375e+000  1.274440e-004
 9.291250e+000  1.551475e-004
 9.353125e+000  9.398210e-005
 9.415000e+000  1.491631e-004
 9.476875e+000  1.384587e-004
 9.538750e+000  1.426093e-004
 9.600625e+000  1.727126e-004
 9.662500e+000  1.948291e-004
 9.724375e+000  1.648529e-004
 9.786250e+000  1.221237e-004
 9.848125e+000  5.078900e-005
 9.910000e+000  1.298416e-004
 9.971875e+000  1.359889e-004
 1.003375e+001  7.898674e-005
 1.009563e+001  3.639381e-005
 1.015750e+001  4.950235e-005
 1.021938e+001  7.089717e-005
 1.028125e+001  6.672166e-005
 1.034313e+001  1.450534e-004
 1.040500e+001  1.624942e-004
 1.046688e+001  1.169213e-004
 1.052875e+001  1.175459e-004
 1.059063e+001  1.636784e-004
 1.065250e+001  1.427711e-004
 1.071438e+001  1.069182e-004
 1.077625e+001  7.251470e-005
 1.083813e+001  1.982914e-004
 1.090000e+001  2.189015e-004
 1.096188e+001  1.603127e-004
 1.102375e+001  9.470369e-005
 1.108563e+001  1.429215e-004
 1.114750e+001  1.442998e-004
 1.120938e+001  9.752790e-005
 1.127125e+001  7.140213e-005
 1.133313e+001  1.093465e-004
 1.139500e+001  1.096619e-004
 1.145688e+001  1.164065e-004
 1.151875e+001  1.283764e-004
 1.158063e+001  9.409500e-005
 1.164250e+001  1.138817e-004
 1.170438e+001  8.995171e-005
 1.176625e+001  4.244550e-005
 1.182813e+001  7.520791e-005
 1.189000e+001  8.883574e-005
 1.195188e+001  1.490456e-004
 1.201375e+001  1.446420e-004
 1.207563e+001  1.058520e-004
 1.213750e+001  1.205472e-004
 1.219938e+001  1.642726e-004
 1.226125e+001  8.326130e-005
 1.232313e+001  6.344269e-005
 1.238500e+001  1.157436e-004
 1.244688e+001  9.529622e-005
 1.250875e+001  1.045717e-004
 1.257063e+001  1.335386e-004
 1.263250e+001  1.298990e-004
 1.269438e+001  1.125074e-004
 1.275625e+001  1.238534e-004
 1.281813e+001  8.590421e-005
 1.288000e+001  5.792557e-005
 1.294188e+001  1.426499e-004
 1.300375e+001  1.381285e-004
 1.306563e+001  8.112632e-005
 1.312750e+001  1.101028e-004
 1.318938e+001  1.640969e-004
 1.325125e+001  1.444104e-004
 1.331313e+001  1.305399e-004
 1.337500e+001  1.148730e-004
 1.343688e+001  1.156800e-004
 1.349875e+001  1.046091e-004
 1.356063e+001  8.104311e-005
 1.362250e+001  2.915377e-005
 1.368438e+001  7.811485e-005
 1.374625e+001  1.015015e-004
 1.380813e+001  1.314541e-004
 1.387000e+001  1.125220e-004
 1.393188e+001  8.420904e-005
 1.399375e+001  3.835184e-005
 1.405563e+001  4.416921e-005
 1.411750e+001  9.000075e-005
 1.417938e+001  1.207452e-004
 1.424125e+001  1.082983e-004
 1.430313e+001  8.030479e-005
 1.436500e+001  7.900688e-005
 1.442688e+001  5.566242e-005
 1.448875e+001  1.101647e-004
 1.455063e+001  1.104308e-004
 1.461250e+001  8.559038e-005
 1.467438e+001  1.246574e-004
 1.473625e+001  1.681483e-004
 1.479813e+001  1.171017e-004
 1.486000e+001  5.419804e-005
 1.492188e+001  1.062273e-004
 1.498375e+001  1.806029e-004
 1.504563e+001  1.389322e-004
 1.510750e+001  6.694493e-005
 1.516938e+001  5.925508e-005
 1.523125e+001  1.065779e-004
 1.529313e+001  8.260591e-005
 1.535500e+001  1.225428e-004
 1.541688e+001  1.429933e-004
 1.547875e+001  1.081287e-004
 1.554063e+001  9.980728e-005
 1.560250e+001  1.096833e-004
 1.566438e+001  9.539972e-005
 1.572625e+001  8.541662e-005
 1.578813e+001  7.781183e-005
 1.585000e+001  8.521661e-005
 1.591188e+001  1.207033e-004
 1.597375e+001  1.157331e-004
 1.603563e+001  9.399031e-005
 1.609750e+001  8.608723e-005
 1.615938e+001  1.442880e-004
 1.622125e+001  1.699922e-004
 1.628313e+001  1.221956e-004
 1.634500e+001  8.422705e-005
 1.640688e+001  6.766013e-005
 1.646875e+001  8.204039e-005
 1.653063e+001  1.312146e-004
 1.659250e+001  8.136903e-005
 1.665438e+001  6.332694e-005
 1.671625e+001  3.372430e-005
 1.677813e+001  8.969490e-005
 1.684000e+001  7.053646e-005
 1.690188e+001  1.516964e-004
 1.696375e+001  1.021163e-004
 1.702563e+001  4.866329e-005
 1.708750e+001  8.376556e-005
 1.714938e+001  1.132763e-004
 1.721125e+001  6.335565e-005
 1.727313e+001  4.859281e-005
 1.733500e+001  6.769579e-005
 1.739688e+001  7.209897e-005
 1.745875e+001  6.607883e-005
 1.752063e+001  4.812044e-005
 1.758250e+001  2.792541e-005
 1.764438e+001  6.085061e-005
 1.770625e+001  8.395336e-005
 1.776813e+001  8.421655e-005
 1.783000e+001  1.139544e-004
 1.789188e+001  9.806670e-005
 1.795375e+001  8.318686e-005
 1.801563e+001  1.271966e-004
 1.807750e+001  7.789257e-005
 1.813938e+001  4.717545e-005
 1.820125e+001  7.712148e-005
 1.826313e+001  1.224526e-004
 1.832500e+001  1.172398e-004
 1.838688e+001  6.792529e-005
 1.844875e+001  1.078168e-004
 1.851063e+001  6.720999e-005
 1.857250e+001  8.382554e-005
 1.863438e+001  9.715065e-005
 1.869625e+001  1.019296e-004
 1.875813e+001  7.993053e-005
 1.882000e+001  5.898884e-005
 1.888188e+001  8.635232e-005
 1.894375e+001  1.410695e-004
 1.900563e+001  1.125247e-004
 1.906750e+001  1.264350e-004
 1.912938e+001  7.565640e-005
 1.919125e+001  6.830331e-005
 1.925313e+001  9.055035e-005
 1.931500e+001  5.617794e-005
 1.937688e+001  8.110929e-005
 1.943875e+001  1.104964e-004
 1.950063e+001  6.918572e-005
 1.956250e+001  1.068110e-004
 1.962438e+001  1.118343e-004
 1.968625e+001  1.038378e-004
 1.974813e+001  1.038882e-004
 1.981000e+001  9.443542e-005
 1.987188e+001  4.513374e-005
 1.993375e+001  9.635790e-005
 1.999563e+001  1.071222e-004
 2.005750e+001  7.932444e-005
 2.011938e+001  6.091798e-005
 2.018125e+001  8.071585e-005
 2.024313e+001  6.917112e-005
 2.030500e+001  1.017221e-004
 2.036688e+001  1.455505e-004
 2.042875e+001  1.348982e-004
 2.049063e+001  8.672811e-005
 2.055250e+001  9.049920e-005
 2.061438e+001  7.532815e-005
 2.067625e+001  5.750821e-005
 2.073813e+001  1.085686e-004
 2.080000e+001  1.682887e-004
 2.086188e+001  1.072679e-004
 2.092375e+001  4.756119e-005
 2.098563e+001  1.032624e-004
 2.104750e+001  7.015719e-005
 2.110938e+001  5.396987e-005
 2.117125e+001  9.264237e-005
 2.123313e+001  4.238392e-005
 2.129500e+001  8.329022e-005
 2.135688e+001  7.822882e-005
 2.141875e+001  1.157992e-004
 2.148063e+001  1.435612e-004
 2.154250e+001  1.025426e-004
 2.160438e+001  5.962117e-005
 2.166625e+001  5.697510e-005
 2.172813e+001  6.306056e-005
 2.179000e+001  7.611900e-005
 2.185188e+001  7.717715e-005
 2.191375e+001  6.222188e-005
 2.197563e+001  6.608117e-005
 2.203750e+001  4.611889e-005
 2.209938e+001  4.616537e-005
 2.216125e+001  5.706226e-005
 2.222313e+001  7.448793e-005
 2.228500e+001  7.147061e-005
 2.234688e+001  6.124683e-005
 2.240875e+001  7.833437e-005
 2.247063e+001  1.134324e-004
 2.253250e+001  1.452765e-004
 2.259438e+001  7.150271e-005
 2.265625e+001  4.115895e-005
 2.271813e+001  1.128221e-004
 2.278000e+001  1.243429e-004
 2.284188e+001  1.520790e-004
 2.290375e+001  1.472503e-004
 2.296563e+001  1.098231e-004
 2.302750e+001  1.159420e-004
 2.308938e+001  1.152606e-004
 2.315125e+001  1.037015e-004
 2.321313e+001  7.436836e-005
 2.327500e+001  1.338949e-004
 2.333688e+001  1.556040e-004
 2.339875e+001  1.217115e-004
 2.346063e+001  7.009841e-005
 2.352250e+001  9.058787e-006
 2.358438e+001  5.385246e-005
 2.364625e+001  8.866022e-005
 2.370813e+001  5.119757e-005
 2.377000e+001  6.484809e-005
 2.383188e+001  1.027758e-004
 2.389375e+001  1.184669e-004
 2.395563e+001  5.830435e-005
 2.401750e+001  8.919981e-005
 2.407938e+001  1.004938e-004
 2.414125e+001  7.587074e-005
 2.420313e+001  1.137651e-005
 2.426500e+001  1.203327e-004
 2.432688e+001  9.641212e-005
 2.438875e+001  6.033411e-005
 2.445063e+001  1.099493e-004
 2.451250e+001  1.135251e-004
 2.457438e+001  1.169770e-004
 2.463625e+001  1.176544e-004
 2.469813e+001  1.110734e-004
 2.476000e+001  4.716688e-005
 2.482188e+001  5.944578e-005
 2.488375e+001  9.809959e-005
 2.494563e+001  8.467821e-005
 2.500750e+001  9.733277e-005
 2.506938e+001  7.936983e-005
 2.513125e+001  9.682980e-005
 2.519313e+001  4.111887e-005
 2.525500e+001  2.922044e-005
 2.531688e+001  6.236551e-005
 2.537875e+001  5.800368e-005
 2.544063e+001  5.216633e-005
 2.550250e+001  7.403641e-005
 2.556438e+001  8.343993e-005
 2.562625e+001  2.785122e-005
 2.568813e+001  5.221005e-005
 2.575000e+001  8.889988e-005
 2.581188e+001  1.172024e-004
 2.587375e+001  1.354511e-004
 2.593563e+001  7.994426e-005
 2.599750e+001  6.251570e-005
 2.605938e+001  6.540660e-005
 2.612125e+001  6.397405e-005
 2.618313e+001  2.155399e-005
 2.624500e+001  5.249470e-005
 2.630688e+001  1.155631e-004
 2.636875e+001  1.110743e-004
 2.643063e+001  8.582973e-005
 2.649250e+001  1.264219e-004
 2.655438e+001  1.181998e-004
 2.661625e+001  1.028296e-004
 2.667813e+001  1.046523e-004
 2.674000e+001  3.975138e-005
 2.680188e+001  1.076353e-004
 2.686375e+001  8.215436e-005
 2.692563e+001  4.565046e-005
 2.698750e+001  4.215048e-005
 2.704938e+001  4.067762e-005
 2.711125e+001  2.975095e-005
 2.717313e+001  3.974437e-005
 2.723500e+001  1.122411e-004
 2.729688e+001  1.245241e-004
 2.735875e+001  9.662698e-005
 2.742063e+001  8.992711e-005
 2.748250e+001  7.671115e-005
 2.754438e+001  1.366076e-004
 2.760625e+001  1.333806e-004
 2.766813e+001  7.962651e-005
 2.773000e+001  1.027937e-004
 2.779188e+001  8.805735e-005
 2.785375e+001  9.004737e-005
 2.791563e+001  9.678244e-005
 2.797750e+001  8.452194e-005
 2.803938e+001  1.210560e-004
 2.810125e+001  1.329418e-004
 2.816313e+001  7.372789e-005
 2.822500e+001  3.615204e-005
 2.828688e+001  4.349131e-005
 2.834875e+001  6.812242e-005
 2.841063e+001  1.299596e-004
 2.847250e+001  8.353459e-005
 2.853438e+001  3.122089e-005
 2.859625e+001  1.765514e-005
 2.865813e+001  8.741657e-005
 2.872000e+001  1.501899e-004
 2.878188e+001  7.276250e-005
 2.884375e+001  2.981807e-005
 2.890563e+001  6.309035e-005
 2.896750e+001  1.219553e-004
 2.902938e+001  1.447769e-004
 2.909125e+001  1.074829e-004
 2.915313e+001  9.442845e-005
 2.921500e+001  1.494560e-004
 2.927688e+001  1.151369e-004
 2.933875e+001  1.133778e-004
 2.940063e+001  1.508162e-004
 2.946250e+001  1.219498e-004
 2.952438e+001  6.669863e-005
 2.958625e+001  9.202590e-005
 2.964813e+001  1.141930e-004
 2.971000e+001  5.879397e-005
 2.977188e+001  8.116420e-005
 2.983375e+001  5.270506e-005
 2.989563e+001  6.013138e-005
 2.995750e+001  6.683266e-005
 3.001938e+001  5.584758e-005
 3.008125e+001  5.459484e-005
 3.014313e+001  1.031215e-004
 3.020500e+001  1.300425e-004
 3.026688e+001  7.029903e-005
 3.032875e+001  2.657490e-005
 3.039063e+001  7.048196e-005
 3.045250e+001  5.169887e-005
 3.051438e+001  4.942728e-005
 3.057625e+001  4.444090e-005
 3.063813e+001  5.768326e-005
 3.070000e+001  1.092621e-004
 3.076188e+001  8.731838e-005
 3.082375e+001  7.059633e-005
 3.088563e+001  8.618123e-005
 3.094750e+001  1.131080e-004
 3.100938e+001  7.877623e-005
 3.107125e+001  7.648447e-005
 3.113313e+001  6.240321e-005
 3.119500e+001  9.469361e-005
 3.125688e+001  6.140275e-005
 3.131875e+001  2.537727e-005
 3.138063e+001  7.845237e-005
 3.144250e+001  8.938051e-005
 3.150438e+001  6.567227e-005
 3.156625e+001  4.974898e-005
 3.162813e+001  5.937494e-005
 3.169000e+001  8.030187e-005
 3.175188e+001  6.298091e-005
 3.181375e+001  5.378060e-005
 3.187563e+001  6.869838e-005
 3.193750e+001  3.097631e-005
 3.199938e+001  9.194518e-005
 3.206125e+001  1.159267e-004
 3.212313e+001  1.034860e-004
 3.218500e+001  6.081966e-005
 3.224688e+001  8.783225e-005
 3.230875e+001  6.642248e-005
 3.237063e+001  1.092230e-004
 3.243250e+001  1.125447e-004
 3.249438e+001  9.507774e-005
 3.255625e+001  1.149262e-004
 3.261813e+001  1.232008e-004
 3.268000e+001  9.785262e-005
 3.274188e+001  8.313705e-005
 3.280375e+001  3.481066e-005
 3.286563e+001  4.280989e-005
 3.292750e+001  4.852483e-005
 3.298938e+001  6.152639e-005
 3.305125e+001  9.606639e-005
 3.311313e+001  9.520752e-005
 3.317500e+001  1.030573e-004
 3.323688e+001  1.087900e-004
 3.329875e+001  1.000795e-004
 3.336063e+001  7.597519e-005
 3.342250e+001  7.087730e-005
 3.348438e+001  9.883442e-005
 3.354625e+001  9.032386e-005
 3.360813e+001  4.601349e-005
 3.367000e+001  1.495125e-005
 3.373188e+001  8.938933e-005
 3.379375e+001  1.439284e-004
 3.385563e+001  8.826843e-005
 3.391750e+001  7.464396e-005
 3.397938e+001  6.735863e-005
 3.404125e+001  7.442457e-005
 3.410313e+001  6.790582e-005
 3.416500e+001  4.760357e-005
 3.422688e+001  9.583327e-005
 3.428875e+001  1.060048e-004
 3.435063e+001  4.092012e-005
 3.441250e+001  2.148713e-005
 3.447438e+001  7.250131e-005
 3.453625e+001  1.348656e-004
 3.459813e+001  1.022935e-004
 3.466000e+001  7.073523e-005
 3.472188e+001  8.129416e-005
 3.478375e+001  3.873008e-005
 3.484563e+001  9.922675e-005
 3.490750e+001  8.891166e-005
 3.496938e+001  1.000177e-004
 3.503125e+001  1.535431e-004
 3.509313e+001  1.404725e-004
 3.515500e+001  5.728758e-005
 3.521688e+001  1.011246e-004
 3.527875e+001  1.318426e-004
 3.534063e+001  8.009964e-005
 3.540250e+001  9.077055e-005
 3.546438e+001  8.736563e-005
 3.552625e+001  5.653324e-005
 3.558813e+001  5.545129e-005
 3.565000e+001  5.935561e-005
 3.571188e+001  1.507642e-004
 3.577375e+001  1.224181e-004
 3.583563e+001  8.342113e-005
 3.589750e+001  1.074821e-004
 3.595938e+001  1.185361e-004
 3.602125e+001  1.073740e-004
 3.608313e+001  8.033018e-005
 3.614500e+001  8.221290e-005
 3.620688e+001  8.857528e-005
 3.626875e+001  9.740592e-005
 3.633063e+001  6.863921e-005
 3.639250e+001  7.813535e-005
 3.645438e+001  1.010919e-004
 3.651625e+001  9.804626e-005
 3.657813e+001  1.040328e-004
 3.664000e+001  5.795004e-005
 3.670188e+001  2.496420e-005
 3.676375e+001  5.770256e-005
 3.682563e+001  6.740359e-005
 3.688750e+001  9.597293e-005
 3.694938e+001  8.518741e-005
 3.701125e+001  8.009055e-005
 3.707313e+001  1.013041e-004
 3.713500e+001  6.627657e-005
 3.719688e+001  3.283763e-005
 3.725875e+001  7.840600e-005
 3.732063e+001  1.056752e-004
 3.738250e+001  1.287672e-004
 3.744438e+001  1.015510e-004
 3.750625e+001  5.887108e-005
 3.756813e+001  6.071189e-005
 3.763000e+001  1.345505e-004
 3.769188e+001  1.113960e-004
 3.775375e+001  3.319366e-005
 3.781563e+001  2.576341e-005
 3.787750e+001  7.446326e-005
 3.793938e+001  9.396383e-005
 3.800125e+001  5.754075e-005
 3.806313e+001  3.823301e-005
 3.812500e+001  7.730234e-005
 3.818688e+001  7.602096e-005
 3.824875e+001  5.112037e-005
 3.831063e+001  7.270942e-005
 3.837250e+001  9.894177e-005
 3.843438e+001  8.822849e-005
 3.849625e+001  6.270082e-005
 3.855813e+001  4.968522e-005
 3.862000e+001  9.396496e-005
 3.868188e+001  1.077471e-004
 3.874375e+001  5.351415e-005
 3.880563e+001  4.790746e-005
 3.886750e+001  8.272729e-005
 3.892938e+001  6.640657e-005
 3.899125e+001  3.812267e-005
 3.905313e+001  6.285267e-005
 3.911500e+001  4.114009e-005
 3.917688e+001  7.437772e-005
 3.923875e+001  8.075067e-005
 3.930063e+001  3.163818e-005
 3.936250e+001  3.409317e-005
 3.942438e+001  1.564711e-005
 3.948625e+001  4.067204e-005
 3.954813e+001  6.641957e-005
 3.961000e+001  3.541864e-005
 3.967188e+001  5.000856e-005
 3.973375e+001  3.200137e-005
 3.979563e+001  3.631316e-005
 3.985750e+001  4.826702e-005
 3.991938e+001  5.416997e-005
 3.998125e+001  8.276243e-005
 4.004313e+001  5.940040e-005
 4.010500e+001  9.373369e-005
 4.016688e+001  1.122974e-004
 4.022875e+001  9.887094e-005
 4.029063e+001  8.344037e-005
 4.035250e+001  1.000551e-004
 4.041438e+001  4.333869e-005
 4.047625e+001  6.426688e-005
 4.053813e+001  3.360878e-005
 4.060000e+001  6.910345e-005
 4.066188e+001  7.608894e-005
 4.072375e+001  5.754298e-005
 4.078563e+001  7.594708e-005
 4.084750e+001  8.146133e-005
 4.090938e+001  8.026538e-005
 4.097125e+001  6.982214e-005
 4.103313e+001  1.297185e-004
 4.109500e+001  1.226310e-004
 4.115688e+001  8.261456e-005
 4.121875e+001  8.696575e-005
 4.128063e+001  8.213139e-005
 4.134250e+001  1.079837e-004
 4.140438e+001  7.506670e-005
 4.146625e+001  4.932171e-005
 4.152813e+001  6.989321e-005
 4.159000e+001  7.046855e-005
 4.165188e+001  6.537956e-005
 4.171375e+001  6.520849e-005
 4.177563e+001  5.763617e-005
 4.183750e+001  6.097708e-005
 4.189938e+001  4.686946e-005
 4.196125e+001  7.480020e-005
 4.202313e+001  6.834072e-005
 4.208500e+001  6.053451e-005
 4.214688e+001  6.429635e-005
 4.220875e+001  5.618220e-005
 4.227063e+001  6.717929e-005
 4.233250e+001  1.068778e-004
 4.239438e+001  7.198406e-005
 4.245625e+001  7.486009e-005
 4.251813e+001  1.197781e-004
 4.258000e+001  7.311983e-005
 4.264188e+001  3.034332e-005
 4.270375e+001  8.340796e-005
 4.276563e+001  8.475938e-005
 4.282750e+001  6.114541e-005
 4.288938e+001  5.755925e-005
 4.295125e+001  3.149047e-005
 4.301313e+001  5.013748e-005
 4.307500e+001  3.747204e-005
 4.313688e+001  5.716417e-005
 4.319875e+001  8.944015e-005
 4.326063e+001  8.153971e-005
 4.332250e+001  1.008793e-004
 4.338438e+001  1.059127e-004
 4.344625e+001  4.030596e-005
 4.350813e+001  8.198281e-005
 4.357000e+001  5.073018e-005
 4.363188e+001  8.608657e-005
 4.369375e+001  8.780575e-005
 4.375563e+001  7.693068e-005
 4.381750e+001  1.303506e-004
 4.387938e+001  1.120895e-004
 4.394125e+001  9.326429e-005
 4.400313e+001  9.015682e-005
 4.406500e+001  4.161269e-005
 4.412688e+001  6.501943e-005
 4.418875e+001  4.918547e-005
 4.425063e+001  7.293482e-005
 4.431250e+001  6.546284e-005
 4.437438e+001  7.725822e-005
 4.443625e+001  1.022454e-004
 4.449813e+001  4.499938e-005
 4.456000e+001  1.043697e-004
 4.462188e+001  1.046499e-004
 4.468375e+001  1.246665e-004
 4.474563e+001  5.880246e-005
 4.480750e+001  6.772596e-005
 4.486938e+001  6.604168e-005
 4.493125e+001  5.329387e-005
 4.499313e+001  1.099605e-004
 4.505500e+001  1.206036e-004
 4.511688e+001  6.647083e-005
 4.517875e+001  6.353402e-005
 4.524063e+001  4.200303e-005
 4.530250e+001  6.729898e-005
 4.536438e+001  3.779489e-005
 4.542625e+001  4.272821e-005
 4.548813e+001  5.437710e-005
 4.555000e+001  8.477994e-005
 4.561188e+001  8.340225e-005
 4.567375e+001  1.138076e-004
 4.573563e+001  8.647613e-005
 4.579750e+001  9.019444e-005
 4.585938e+001  9.961596e-005
 4.592125e+001  6.355325e-005
 4.598313e+001  6.666706e-005
 4.604500e+001  4.134039e-005
 4.610688e+001  3.687844e-005
 4.616875e+001  6.918956e-005
 4.623063e+001  7.324949e-005
 4.629250e+001  4.386901e-005
 4.635438e+001  9.155705e-005
 4.641625e+001  1.178152e-004
 4.647813e+001  8.475715e-005
 4.654000e+001  7.430267e-005
 4.660188e+001  1.018092e-004
 4.666375e+001  8.874301e-005
 4.672563e+001  8.881709e-005
 4.678750e+001  3.936937e-005
 4.684938e+001  6.061353e-005
 4.691125e+001  2.915462e-005
 4.697313e+001  8.675805e-005
 4.703500e+001  7.187785e-005
 4.709688e+001  5.270529e-005
 4.715875e+001  6.928816e-005
 4.722063e+001  5.994624e-005
 4.728250e+001  1.031133e-004
 4.734438e+001  1.016449e-004
 4.740625e+001  6.679770e-005
 4.746813e+001  5.169967e-005
 4.753000e+001  1.117821e-004
 4.759188e+001  1.172021e-004
 4.765375e+001  7.773955e-005
 4.771563e+001  6.793091e-005
 4.777750e+001  5.261017e-005
 4.783938e+001  9.382401e-005
 4.790125e+001  7.775286e-005
 4.796313e+001  7.964630e-005
 4.802500e+001  1.516802e-004
 4.808688e+001  1.053783e-004
 4.814875e+001  5.023871e-005
 4.821063e+001  1.189395e-004
 4.827250e+001  1.544002e-004
 4.833438e+001  7.680266e-005
 4.839625e+001  4.839310e-005
 4.845813e+001  3.161695e-005
 4.852000e+001  4.553070e-005
 4.858188e+001  4.522061e-005
 4.864375e+001  5.716634e-005
 4.870563e+001  7.282483e-005
 4.876750e+001  8.421579e-005
 4.882938e+001  9.911692e-005
 4.889125e+001  4.882215e-005
 4.895313e+001  1.657776e-004
 4.901500e+001  2.696461e-004
 4.907688e+001  1.466741e-004
 4.913875e+001  5.723599e-005
 4.920063e+001  8.876855e-005
 4.926250e+001  1.113892e-004
 4.932438e+001  1.117880e-004
 4.938625e+001  1.179289e-004
 4.944813e+001  7.685009e-005
 4.951000e+001  5.606376e-005
 4.957188e+001  6.940945e-005
 4.963375e+001  4.581650e-005
 4.969563e+001  4.085932e-005
 4.975750e+001  1.111769e-004
 4.981938e+001  1.437188e-004
 4.988125e+001  2.301689e-004
 4.994313e+001  3.663840e-003
 5.000500e+001  1.065326e-002
 5.006688e+001  7.727192e-003
 5.012875e+001  8.907158e-004
 5.019063e+001  1.912787e-004
 5.025250e+001  9.183108e-005
 5.031438e+001  1.631429e-004
 5.037625e+001  1.837685e-004
 5.043813e+001  1.795699e-004
 5.050000e+001  1.139341e-004
 5.056188e+001  1.856127e-005
 5.062375e+001  5.868308e-005
 5.068563e+001  1.027427e-004
 5.074750e+001  8.609118e-005
 5.080938e+001  1.014113e-004
 5.087125e+001  6.952355e-005
 5.093313e+001  8.602266e-005
 5.099500e+001  1.665762e-004
 5.105688e+001  9.626744e-005
 5.111875e+001  7.347194e-005
 5.118063e+001  4.509403e-005
 5.124250e+001  4.926465e-005
 5.130438e+001  6.673410e-005
 5.136625e+001  1.070664e-004
 5.142813e+001  1.145009e-004
 5.149000e+001  1.001028e-004
 5.155188e+001  8.249665e-005
 5.161375e+001  8.217029e-005
 5.167563e+001  8.722124e-005
 5.173750e+001  1.023634e-004
 5.179938e+001  6.572315e-005
 5.186125e+001  2.459812e-005
 5.192313e+001  1.434650e-005
 5.198500e+001  5.038333e-005
 5.204688e+001  1.127209e-004
 5.210875e+001  1.342263e-004
 5.217063e+001  9.342160e-005
 5.223250e+001  6.589724e-005
 5.229438e+001  5.807643e-005
 5.235625e+001  7.262340e-005
 5.241813e+001  8.151521e-005
 5.248000e+001  8.921704e-005
 5.254188e+001  1.045479e-004
 5.260375e+001  1.298120e-004
 5.266563e+001  6.916430e-005
 5.272750e+001  1.147988e-004
 5.278938e+001  1.166181e-004
 5.285125e+001  5.982849e-005
 5.291313e+001  9.464046e-005
 5.297500e+001  5.391424e-005
 5.303688e+001  6.258201e-005
 5.309875e+001  5.555184e-005
 5.316063e+001  3.586085e-005
 5.322250e+001  3.808840e-005
 5.328438e+001  5.733434e-005
 5.334625e+001  3.760308e-005
 5.340813e+001  1.383519e-004
 5.347000e+001  2.128833e-004
 5.353188e+001  1.112892e-004
 5.359375e+001  5.082667e-005
 5.365563e+001  5.275386e-005
 5.371750e+001  4.416193e-005
 5.377938e+001  9.368597e-005
 5.384125e+001  6.506212e-005
 5.390313e+001  6.711813e-005
 5.396500e+001  8.311862e-005
 5.402688e+001  1.038849e-004
 5.408875e+001  1.115295e-004
 5.415063e+001  1.060816e-004
 5.421250e+001  9.591274e-005
 5.427438e+001  7.170228e-005
 5.433625e+001  8.144305e-005
 5.439813e+001  1.069027e-004
 5.446000e+001  8.845883e-005
 5.452188e+001  8.622144e-005
 5.458375e+001  1.115731e-004
 5.464563e+001  9.062662e-005
 5.470750e+001  8.413075e-005
 5.476938e+001  6.894204e-005
 5.483125e+001  3.777035e-005
 5.489313e+001  8.685096e-005
 5.495500e+001  8.929987e-005
 5.501688e+001  3.209743e-005
 5.507875e+001  7.668878e-005
 5.514063e+001  7.045925e-005
 5.520250e+001  5.503179e-005
 5.526438e+001  8.503951e-005
 5.532625e+001  2.822477e-005
 5.538813e+001  3.055232e-005
 5.545000e+001  5.312753e-005
 5.551188e+001  2.278237e-005
 5.557375e+001  6.089540e-005
 5.563563e+001  4.287015e-005
 5.569750e+001  2.431781e-005
 5.575938e+001  1.584320e-005
 5.582125e+001  6.845338e-005
 5.588313e+001  1.483512e-004
 5.594500e+001  1.647591e-004
 5.600688e+001  1.662979e-004
 5.606875e+001  9.057363e-005
 5.613063e+001  9.591211e-005
 5.619250e+001  7.732408e-005
 5.625438e+001  2.275708e-005
 5.631625e+001  5.433539e-005
 5.637813e+001  6.585206e-005
 5.644000e+001  3.740603e-005
 5.650188e+001  7.669918e-005
 5.656375e+001  1.027104e-004
 5.662563e+001  8.269967e-005
 5.668750e+001  4.231177e-005
 5.674938e+001  6.517879e-005
 5.681125e+001  6.830755e-005
 5.687313e+001  1.107348e-004
 5.693500e+001  1.013410e-004
 5.699688e+001  8.402669e-005
 5.705875e+001  7.799362e-005
 5.712063e+001  6.270202e-005
 5.718250e+001  5.032913e-005
 5.724438e+001  5.151145e-005
 5.730625e+001  5.728552e-005
 5.736813e+001  6.179298e-005
 5.743000e+001  5.327730e-005
 5.749188e+001  6.595328e-005
 5.755375e+001  8.704159e-005
 5.761563e+001  9.495293e-005
 5.767750e+001  5.712470e-005
 5.773938e+001  3.775000e-005
 5.780125e+001  6.552541e-005
 5.786313e+001  4.976939e-005
 5.792500e+001  3.536064e-005
 5.798688e+001  5.218300e-005
 5.804875e+001  3.938048e-005
 5.811063e+001  3.025260e-005
 5.817250e+001  7.034332e-005
 5.823438e+001  8.483376e-005
 5.829625e+001  3.676374e-005
 5.835813e+001  6.049566e-005
 5.842000e+001  3.717084e-005
 5.848188e+001  7.109634e-005
 5.854375e+001  1.213409e-004
 5.860563e+001  1.021032e-004
 5.866750e+001  6.079400e-005
 5.872938e+001  7.398836e-005
 5.879125e+001  1.017766e-004
 5.885313e+001  7.065447e-005
 5.891500e+001  7.973122e-005
 5.897688e+001  4.232418e-005
 5.903875e+001  1.230189e-004
 5.910063e+001  6.669751e-005
 5.916250e+001  5.533212e-005
 5.922438e+001  7.256343e-005
 5.928625e+001  1.408796e-004
 5.934813e+001  8.713712e-005
 5.941000e+001  3.957517e-005
 5.947188e+001  9.511441e-005
 5.953375e+001  7.730494e-005
 5.959563e+001  8.553188e-005
 5.965750e+001  9.591306e-005
 5.971938e+001  6.798689e-005
 5.978125e+001  7.203949e-005
 5.984313e+001  7.593224e-005
 5.990500e+001  6.764273e-005
 5.996688e+001  1.037233e-004
 6.002875e+001  1.440271e-004
 6.009063e+001  7.547304e-005
 6.015250e+001  1.267347e-005
 6.021438e+001  6.356211e-005
 6.027625e+001  7.488518e-005
 6.033813e+001  9.108380e-005
 6.040000e+001  7.515765e-005
 6.046188e+001  5.543064e-005
 6.052375e+001  7.428615e-005
 6.058563e+001  1.047115e-004
 6.064750e+001  1.332670e-004
 6.070938e+001  1.025906e-004
 6.077125e+001  8.829500e-005
 6.083313e+001  8.542779e-005
 6.089500e+001  5.494652e-005
 6.095688e+001  8.091521e-005
 6.101875e+001  6.059615e-005
 6.108063e+001  7.603438e-005
 6.114250e+001  1.332103e-004
 6.120438e+001  1.163140e-004
 6.126625e+001  5.244996e-005
 6.132813e+001  6.591539e-005
 6.139000e+001  2.013416e-005
 6.145188e+001  5.398446e-005
 6.151375e+001  7.859775e-005
 6.157563e+001  9.131309e-005
 6.163750e+001  7.126955e-005
 6.169938e+001  4.911170e-005
 6.176125e+001  6.947336e-005
 6.182313e+001  5.975813e-005
 6.188500e+001  6.698314e-005
 6.194688e+001  6.087278e-005
 6.200875e+001  9.959434e-005
 6.207063e+001  1.018861e-004
 6.213250e+001  7.875498e-005
 6.219438e+001  1.471324e-005
 6.225625e+001  8.428332e-005
 6.231813e+001  9.199244e-005
 6.238000e+001  5.329334e-005
 6.244188e+001  5.684673e-005
 6.250375e+001  4.747679e-005
 6.256563e+001  3.774964e-005
 6.262750e+001  5.652531e-005
 6.268938e+001  5.088918e-005
 6.275125e+001  9.680579e-005
 6.281313e+001  1.126062e-004
 6.287500e+001  7.937961e-005
 6.293688e+001  5.003682e-005
 6.299875e+001  6.234835e-005
 6.306063e+001  5.649709e-005
 6.312250e+001  3.671606e-005
 6.318438e+001  2.499600e-005
 6.324625e+001  7.104138e-005
 6.330813e+001  7.425207e-005
 6.337000e+001  5.542479e-005
 6.343188e+001  8.928218e-005
 6.349375e+001  7.616704e-005
 6.355563e+001  5.793279e-005
 6.361750e+001  6.350058e-005
 6.367938e+001  9.880776e-005
 6.374125e+001  1.147022e-004
 6.380313e+001  8.673023e-005
 6.386500e+001  9.522601e-005
 6.392688e+001  9.563149e-005
 6.398875e+001  6.695889e-005
 6.405063e+001  8.414123e-005
 6.411250e+001  5.738602e-005
 6.417438e+001  3.799500e-005
 6.423625e+001  5.968263e-005
 6.429813e+001  6.930298e-005
 6.436000e+001  9.841794e-005
 6.442188e+001  8.872590e-005
 6.448375e+001  1.144907e-004
 6.454563e+001  6.731551e-005
 6.460750e+001  6.014940e-005
 6.466938e+001  3.817733e-005
 6.473125e+001  8.096965e-005
 6.479313e+001  9.645489e-005
 6.485500e+001  6.961726e-005
 6.491688e+001  6.134385e-005
 6.497875e+001  7.732009e-005
 6.504063e+001  1.123848e-004
 6.510250e+001  9.254317e-005
 6.516438e+001  8.693562e-005
 6.522625e+001  7.366225e-005
 6.528813e+001  4.695437e-005
 6.535000e+001  3.350638e-005
 6.541188e+001  7.742047e-005
 6.547375e+001  6.749955e-005
 6.553563e+001  2.116433e-005
 6.559750e+001  7.627435e-005
 6.565938e+001  1.015865e-004
 6.572125e+001  6.530909e-005
 6.578313e+001  4.517312e-005
 6.584500e+001  5.391670e-005
 6.590688e+001  7.620835e-005
 6.596875e+001  7.805945e-005
 6.603063e+001  4.807938e-005
 6.609250e+001  3.323554e-005
 6.615438e+001  8.164744e-005
 6.621625e+001  8.733989e-005
 6.627813e+001  7.562605e-005
 6.634000e+001  8.395208e-005
 6.640188e+001  1.102412e-004
 6.646375e+001  7.523813e-005
 6.652563e+001  9.746122e-005
 6.658750e+001  9.427760e-005
 6.664938e+001  4.050556e-005
 6.671125e+001  1.187315e-005
 6.677313e+001  5.430933e-005
 6.683500e+001  7.315091e-005
 6.689688e+001  3.269603e-005
 6.695875e+001  5.455623e-005
 6.702063e+001  8.007083e-005
 6.708250e+001  5.946585e-005
 6.714438e+001  6.876126e-005
 6.720625e+001  6.057749e-005
 6.726813e+001  6.246299e-005
 6.733000e+001  7.731432e-005
 6.739188e+001  9.490567e-005
 6.745375e+001  1.008140e-004
 6.751563e+001  6.372502e-005
 6.757750e+001  2.681156e-005
 6.763938e+001  2.879554e-005
 6.770125e+001  6.434348e-005
 6.776313e+001  4.393381e-005
 6.782500e+001  5.268976e-005
 6.788688e+001  8.511309e-005
 6.794875e+001  1.155454e-004
 6.801063e+001  8.203312e-005
 6.807250e+001  1.071081e-004
 6.813438e+001  1.048003e-004
 6.819625e+001  8.852683e-005
 6.825813e+001  8.621841e-005
 6.832000e+001  2.154328e-005
 6.838188e+001  3.792569e-005
 6.844375e+001  3.125825e-005
 6.850563e+001  8.828347e-005
 6.856750e+001  1.301771e-004
 6.862938e+001  1.072233e-004
 6.869125e+001  9.319856e-005
 6.875313e+001  5.808601e-005
 6.881500e+001  4.913666e-005
 6.887688e+001  8.787529e-005
 6.893875e+001  7.876131e-005
 6.900063e+001  9.063097e-005
 6.906250e+001  1.006828e-004
 6.912438e+001  6.651354e-005
 6.918625e+001  4.507130e-005
 6.924813e+001  4.961943e-005
 6.931000e+001  4.451418e-005
 6.937188e+001  2.892908e-005
 6.943375e+001  4.258452e-005
 6.949563e+001  2.519379e-005
 6.955750e+001  7.072724e-005
 6.961938e+001  6.750873e-005
 6.968125e+001  5.710027e-005
 6.974313e+001  8.721307e-005
 6.980500e+001  5.015093e-005
 6.986688e+001  6.708868e-005
 6.992875e+001  7.929144e-005
 6.999063e+001  4.967009e-005
 7.005250e+001  5.536061e-005
 7.011438e+001  4.947532e-005
 7.017625e+001  7.946994e-005
 7.023813e+001  9.314073e-005
 7.030000e+001  7.071807e-005
 7.036188e+001  2.731469e-005
 7.042375e+001  6.969219e-005
 7.048563e+001  2.423988e-005
 7.054750e+001  8.142062e-005
 7.060938e+001  7.193191e-005
 7.067125e+001  6.772013e-005
 7.073313e+001  6.556806e-005
 7.079500e+001  4.246411e-005
 7.085688e+001  3.180290e-005
 7.091875e+001  5.219572e-005
 7.098063e+001  9.076914e-005
 7.104250e+001  9.159534e-005
 7.110438e+001  3.612143e-005
 7.116625e+001  7.602536e-005
 7.122813e+001  2.336979e-005
 7.129000e+001  5.514521e-005
 7.135188e+001  7.599822e-005
 7.141375e+001  9.219977e-005
 7.147563e+001  9.328371e-005
 7.153750e+001  6.844038e-005
 7.159938e+001  5.592571e-005
 7.166125e+001  7.769745e-005
 7.172313e+001  6.844446e-005
 7.178500e+001  6.703545e-005
 7.184688e+001  5.169472e-005
 7.190875e+001  7.211398e-005
 7.197063e+001  5.615609e-005
 7.203250e+001  9.347922e-006
 7.209438e+001  4.189849e-005
 7.215625e+001  7.505441e-005
 7.221813e+001  1.018431e-004
 7.228000e+001  8.775303e-005
 7.234188e+001  6.739577e-005
 7.240375e+001  8.036877e-005
 7.246563e+001  4.112962e-005
 7.252750e+001  8.991935e-005
 7.258938e+001  9.024515e-005
 7.265125e+001  6.260288e-005
 7.271313e+001  5.954537e-005
 7.277500e+001  5.669188e-005
 7.283688e+001  6.404625e-005
 7.289875e+001  9.362435e-005
 7.296063e+001  7.601389e-005
 7.302250e+001  4.371177e-005
 7.308438e+001  5.400439e-005
 7.314625e+001  6.581439e-005
 7.320813e+001  7.513667e-005
 7.327000e+001  4.942163e-005
 7.333188e+001  4.646887e-005
 7.339375e+001  6.161893e-005
 7.345563e+001  8.177461e-005
 7.351750e+001  8.798524e-005
 7.357938e+001  7.614493e-005
 7.364125e+001  4.183610e-005
 7.370313e+001  6.761742e-005
 7.376500e+001  9.817183e-005
 7.382688e+001  9.743546e-005
 7.388875e+001  3.538828e-005
 7.395063e+001  3.385519e-005
 7.401250e+001  5.431223e-005
 7.407438e+001  8.164553e-005
 7.413625e+001  7.739069e-005
 7.419813e+001  4.197365e-005
 7.426000e+001  8.491137e-005
 7.432188e+001  1.067807e-004
 7.438375e+001  1.279484e-004
 7.444563e+001  9.174669e-005
 7.450750e+001  7.312705e-005
 7.456938e+001  6.688985e-005
 7.463125e+001  6.339326e-005
 7.469313e+001  6.894047e-005
 7.475500e+001  6.146057e-005
 7.481688e+001  5.035879e-005
 7.487875e+001  5.585041e-005
 7.494063e+001  6.785656e-005
 7.500250e+001  1.215922e-004
 7.506438e+001  1.217868e-004
 7.512625e+001  4.496651e-005
 7.518813e+001  8.223087e-005
 7.525000e+001  1.083895e-004
 7.531188e+001  5.081979e-005
 7.537375e+001  7.476160e-005
 7.543563e+001  9.452880e-005
 7.549750e+001  1.257754e-004
 7.555938e+001  1.306570e-004
 7.562125e+001  9.456645e-005
 7.568313e+001  6.634429e-005
 7.574500e+001  5.382914e-005
 7.580688e+001  7.239494e-005
 7.586875e+001  9.777123e-005
 7.593063e+001  7.011243e-005
 7.599250e+001  9.919724e-005
 7.605438e+001  9.890244e-005
 7.611625e+001  1.144872e-004
 7.617813e+001  3.387555e-005
 7.624000e+001  9.164403e-005
 7.630188e+001  9.885232e-005
 7.636375e+001  7.558256e-005
 7.642563e+001  7.752955e-005
 7.648750e+001  8.126997e-005
 7.654938e+001  6.985511e-005
 7.661125e+001  6.265896e-005
 7.667313e+001  6.187949e-005
 7.673500e+001  9.546357e-005
 7.679688e+001  6.223578e-005
 7.685875e+001  5.663125e-005
 7.692063e+001  8.966412e-005
 7.698250e+001  9.104544e-005
 7.704438e+001  1.159924e-004
 7.710625e+001  5.994295e-005
 7.716813e+001  3.819380e-005
 7.723000e+001  4.055070e-005
 7.729188e+001  5.410246e-005
 7.735375e+001  6.167237e-005
 7.741563e+001  4.783103e-005
 7.747750e+001  7.637958e-005
 7.753938e+001  4.164066e-005
 7.760125e+001  8.470429e-005
 7.766313e+001  1.365750e-004
 7.772500e+001  8.602634e-005
 7.778688e+001  3.886513e-005
 7.784875e+001  5.397553e-005
 7.791063e+001  6.983787e-005
 7.797250e+001  1.076231e-004
 7.803438e+001  1.145328e-004
 7.809625e+001  7.140156e-005
 7.815813e+001  3.771363e-005
 7.822000e+001  8.735066e-005
 7.828188e+001  8.107860e-005
 7.834375e+001  5.959337e-006
 7.840563e+001  7.350898e-005
 7.846750e+001  4.940368e-005
 7.852938e+001  5.294507e-005
 7.859125e+001  7.827972e-005
 7.865313e+001  4.415204e-005
 7.871500e+001  9.903458e-005
 7.877688e+001  1.078269e-004
 7.883875e+001  7.912711e-005
 7.890063e+001  7.809539e-005
 7.896250e+001  9.150473e-005
 7.902438e+001  5.169922e-005
 7.908625e+001  2.825996e-005
 7.914813e+001  5.061289e-005
 7.921000e+001  9.343363e-005
 7.927188e+001  5.443943e-005
 7.933375e+001  9.254864e-005
 7.939563e+001  7.037028e-005
 7.945750e+001  8.643358e-005
 7.951938e+001  2.498185e-005
 7.958125e+001  5.343380e-005
 7.964313e+001  8.113481e-005
 7.970500e+001  8.123284e-005
 7.976688e+001  8.570084e-005
 7.982875e+001  3.429091e-005
 7.989063e+001  7.396715e-005
 7.995250e+001  1.171616e-004
 8.001438e+001  1.325027e-004
 8.007625e+001  4.911099e-005
 8.013813e+001  5.710051e-005
 8.020000e+001  9.320135e-005
 8.026188e+001  1.133385e-004
 8.032375e+001  7.371299e-005
 8.038563e+001  4.986395e-005
 8.044750e+001  5.575346e-005
 8.050938e+001  7.981646e-005
 8.057125e+001  8.523627e-005
 8.063313e+001  1.079234e-004
 8.069500e+001  1.259931e-004
 8.075688e+001  8.132540e-005
 8.081875e+001  5.727893e-005
 8.088063e+001  3.782198e-005
 8.094250e+001  9.014507e-005
 8.100438e+001  8.331554e-005
 8.106625e+001  3.413300e-005
 8.112813e+001  9.729573e-005
 8.119000e+001  1.129359e-004
 8.125188e+001  1.167987e-004
 8.131375e+001  7.959121e-005
 8.137563e+001  6.036561e-005
 8.143750e+001  6.808377e-005
 8.149938e+001  7.844729e-005
 8.156125e+001  6.226140e-005
 8.162313e+001  1.009853e-004
 8.168500e+001  1.092214e-004
 8.174688e+001  5.818936e-005
 8.180875e+001  2.871390e-005
 8.187063e+001  4.525051e-005
 8.193250e+001  6.725406e-005
 8.199438e+001  6.939008e-005
 8.205625e+001  3.963916e-005
 8.211813e+001  4.872391e-005
 8.218000e+001  3.550495e-005
 8.224188e+001  6.000311e-005
 8.230375e+001  7.396513e-005
 8.236563e+001  5.858775e-005
 8.242750e+001  7.168905e-005
 8.248938e+001  1.757396e-005
 8.255125e+001  7.318091e-005
 8.261313e+001  7.474110e-005
 8.267500e+001  8.876044e-005
 8.273688e+001  1.156813e-004
 8.279875e+001  1.016476e-004
 8.286063e+001  9.272881e-005
 8.292250e+001  8.315415e-005
 8.298438e+001  6.376118e-005
 8.304625e+001  5.600826e-005
 8.310813e+001  8.230587e-005
 8.317000e+001  1.334228e-004
 8.323188e+001  1.254742e-004
 8.329375e+001  7.035656e-005
 8.335563e+001  7.998599e-005
 8.341750e+001  1.914238e-005
 8.347938e+001  5.240324e-005
 8.354125e+001  7.738552e-005
 8.360313e+001  8.541960e-005
 8.366500e+001  5.990978e-005
 8.372688e+001  5.344442e-005
 8.378875e+001  6.610995e-005
 8.385063e+001  7.513005e-005
 8.391250e+001  8.818309e-005
 8.397438e+001  1.146347e-004
 8.403625e+001  1.211260e-004
 8.409813e+001  9.646626e-005
 8.416000e+001  9.446076e-005
 8.422188e+001  7.225441e-005
 8.428375e+001  7.093509e-005
 8.434563e+001  8.774601e-005
 8.440750e+001  9.667709e-005
 8.446938e+001  7.717220e-005
 8.453125e+001  6.442457e-005
 8.459313e+001  5.292326e-005
 8.465500e+001  8.830234e-005
 8.471688e+001  1.206184e-004
 8.477875e+001  7.727001e-005
 8.484063e+001  1.570610e-005
 8.490250e+001  5.590930e-005
 8.496438e+001  6.022189e-005
 8.502625e+001  4.697215e-005
 8.508813e+001  7.738366e-005
 8.515000e+001  8.062406e-005
 8.521188e+001  9.962793e-005
 8.527375e+001  8.123754e-005
 8.533563e+001  4.280084e-005
 8.539750e+001  1.557754e-005
 8.545938e+001  6.845820e-005
 8.552125e+001  7.826316e-005
 8.558313e+001  4.168821e-005
 8.564500e+001  7.686037e-005
 8.570688e+001  6.508670e-005
 8.576875e+001  7.315724e-005
 8.583063e+001  7.140715e-005
 8.589250e+001  7.075386e-005
 8.595438e+001  9.173015e-005
 8.601625e+001  9.475132e-005
 8.607813e+001  6.417027e-005
 8.614000e+001  4.482699e-005
 8.620188e+001  4.664112e-005
 8.626375e+001  1.086308e-004
 8.632563e+001  1.307539e-004
 8.638750e+001  1.079967e-004
 8.644938e+001  1.094837e-004
 8.651125e+001  1.216183e-004
 8.657313e+001  1.019587e-004
 8.663500e+001  4.543500e-005
 8.669688e+001  1.773210e-005
 8.675875e+001  4.544368e-005
 8.682063e+001  6.701449e-005
 8.688250e+001  4.223936e-005
 8.694438e+001  4.963230e-005
 8.700625e+001  7.168871e-005
 8.706813e+001  8.093940e-005
 8.713000e+001  3.707871e-005
 8.719188e+001  1.101036e-004
 8.725375e+001  1.267194e-004
 8.731563e+001  6.452571e-005
 8.737750e+001  4.223504e-005
 8.743938e+001  7.362254e-005
 8.750125e+001  6.359802e-005
 8.756313e+001  1.027458e-004
 8.762500e+001  8.524181e-005
 8.768688e+001  6.064447e-005
 8.774875e+001  6.884048e-005
 8.781063e+001  7.350056e-005
 8.787250e+001  3.561687e-005
 8.793438e+001  6.309536e-005
 8.799625e+001  8.917519e-005
 8.805813e+001  1.009281e-004
 8.812000e+001  7.284753e-005
 8.818188e+001  9.396095e-005
 8.824375e+001  6.786581e-005
 8.830563e+001  4.304675e-005
 8.836750e+001  3.647959e-005
 8.842938e+001  9.493917e-005
 8.849125e+001  8.808330e-005
 8.855313e+001  5.101684e-005
 8.861500e+001  4.622712e-005
 8.867688e+001  5.666694e-005
 8.873875e+001  3.973843e-005
 8.880063e+001  7.525338e-005
 8.886250e+001  8.956629e-005
 8.892438e+001  5.369694e-005
 8.898625e+001  7.520763e-005
 8.904813e+001  8.134269e-005
 8.911000e+001  1.250515e-004
 8.917188e+001  7.353184e-005
 8.923375e+001  9.724255e-005
 8.929563e+001  4.734391e-005
 8.935750e+001  8.065167e-005
 8.941938e+001  5.443873e-005
 8.948125e+001  7.683829e-005
 8.954313e+001  5.518994e-005
 8.960500e+001  7.092565e-005
 8.966688e+001  9.151439e-005
 8.972875e+001  9.409431e-005
 8.979063e+001  6.389814e-005
 8.985250e+001  8.342197e-005
 8.991438e+001  8.063705e-005
 8.997625e+001  7.767386e-005
 9.003813e+001  6.406483e-005
 9.010000e+001  4.261354e-005
 9.016188e+001  5.111936e-005
 9.022375e+001  6.000138e-005
 9.028563e+001  7.780551e-005
 9.034750e+001  5.682440e-005
 9.040938e+001  4.723258e-005
 9.047125e+001  6.324710e-005
 9.053313e+001  8.550505e-005
 9.059500e+001  8.212676e-005
 9.065688e+001  7.065462e-005
 9.071875e+001  5.250030e-005
 9.078063e+001  5.418364e-005
 9.084250e+001  6.727734e-005
 9.090438e+001  9.557737e-005
 9.096625e+001  1.215851e-004
 9.102813e+001  5.855846e-005
 9.109000e+001  5.229108e-005
 9.115188e+001  4.300833e-005
 9.121375e+001  9.153656e-005
 9.127563e+001  9.420003e-005
 9.133750e+001  6.515705e-005
 9.139938e+001  2.740091e-005
 9.146125e+001  6.508831e-005
 9.152313e+001  7.678081e-005
 9.158500e+001  5.060221e-005
 9.164688e+001  7.993430e-005
 9.170875e+001  1.036319e-004
 9.177063e+001  8.720909e-005
 9.183250e+001  3.968158e-005
 9.189438e+001  3.384904e-005
 9.195625e+001  4.379481e-005
 9.201813e+001  4.457784e-005
 9.208000e+001  4.021875e-005
 9.214188e+001  5.137957e-005
 9.220375e+001  1.085824e-004
 9.226563e+001  9.925113e-005
 9.232750e+001  1.316986e-005
 9.238938e+001  5.610979e-005
 9.245125e+001  4.560048e-005
 9.251313e+001  7.276754e-005
 9.257500e+001  9.910754e-005
 9.263688e+001  5.031403e-005
 9.269875e+001  6.058759e-005
 9.276063e+001  4.759599e-005
 9.282250e+001  6.649356e-005
 9.288438e+001  2.635984e-005
 9.294625e+001  2.693818e-005
 9.300813e+001  4.818442e-005
 9.307000e+001  6.253998e-005
 9.313188e+001  4.474652e-005
 9.319375e+001  6.394345e-005
 9.325563e+001  8.948023e-005
 9.331750e+001  9.786721e-005
 9.337938e+001  7.958884e-005
 9.344125e+001  1.006139e-004
 9.350313e+001  8.246343e-005
 9.356500e+001  7.320995e-005
 9.362688e+001  1.055429e-004
 9.368875e+001  1.070157e-004
 9.375063e+001  8.734679e-005
 9.381250e+001  6.756965e-005
 9.387438e+001  5.879477e-005
 9.393625e+001  8.260946e-005
 9.399813e+001  9.764728e-005
 9.406000e+001  6.234875e-005
 9.412188e+001  3.571218e-005
 9.418375e+001  4.342021e-005
 9.424563e+001  7.554836e-005
 9.430750e+001  6.144846e-005
 9.436938e+001  6.067213e-005
 9.443125e+001  7.709899e-005
 9.449313e+001  8.063483e-005
 9.455500e+001  4.783362e-005
 9.461688e+001  5.111452e-005
 9.467875e+001  4.357018e-005
 9.474063e+001  8.408741e-005
 9.480250e+001  9.910681e-005
 9.486438e+001  8.033554e-005
 9.492625e+001  9.615572e-005
 9.498813e+001  9.847170e-005
 9.505000e+001  1.109489e-004
 9.511188e+001  1.091568e-004
 9.517375e+001  7.422555e-005
 9.523563e+001  8.503546e-005
 9.529750e+001  7.014833e-005
 9.535938e+001  1.097542e-004
 9.542125e+001  9.894651e-005
 9.548313e+001  8.367667e-005
 9.554500e+001  6.710022e-005
 9.560688e+001  6.608365e-005
 9.566875e+001  6.477694e-005
 9.573063e+001  8.333071e-005
 9.579250e+001  7.539633e-005
 9.585438e+001  5.552881e-005
 9.591625e+001  2.062486e-005
 9.597813e+001  4.421332e-005
 9.604000e+001  5.892960e-005
 9.610188e+001  2.907874e-005
 9.616375e+001  4.330064e-005
 9.622563e+001  6.349484e-005
 9.628750e+001  5.307429e-005
 9.634938e+001  2.922152e-005
 9.641125e+001  8.642913e-005
 9.647313e+001  1.413290e-004
 9.653500e+001  8.312304e-005
 9.659688e+001  6.441669e-005
 9.665875e+001  8.110147e-005
 9.672063e+001  8.759071e-005
 9.678250e+001  7.173736e-005
 9.684438e+001  8.554666e-005
 9.690625e+001  9.206194e-005
 9.696813e+001  7.691128e-005
 9.703000e+001  6.725169e-005
 9.709188e+001  4.925359e-005
 9.715375e+001  4.232836e-005
 9.721563e+001  2.946831e-005
 9.727750e+001  6.877626e-005
 9.733938e+001  4.006277e-005
 9.740125e+001  2.889885e-005
 9.746313e+001  5.468529e-005
 9.752500e+001  4.180938e-005
 9.758688e+001  3.949744e-005
 9.764875e+001  9.385450e-005
 9.771063e+001  8.485380e-005
 9.777250e+001  6.160131e-005
 9.783438e+001  6.607053e-005
 9.789625e+001  4.215578e-005
 9.795813e+001  7.567130e-005
 9.802000e+001  5.885122e-005
 9.808188e+001  9.520095e-005
 9.814375e+001  9.882333e-005
 9.820563e+001  3.944826e-005
 9.826750e+001  6.274911e-005
 9.832938e+001  8.868492e-005
 9.839125e+001  7.438032e-005
 9.845313e+001  1.113190e-004
 9.851500e+001  1.525609e-004
 9.857688e+001  1.219489e-004
 9.863875e+001  8.223076e-005
 9.870063e+001  5.866762e-005
 9.876250e+001  7.447682e-005
 9.882438e+001  9.351299e-005
 9.888625e+001  7.207881e-005
 9.894813e+001  6.449427e-005
 9.901000e+001  9.323154e-005
 9.907188e+001  9.790503e-005
 9.913375e+001  9.553964e-005
 9.919563e+001  1.048241e-004
 9.925750e+001  5.868870e-005
 9.931938e+001  5.215998e-005
 9.938125e+001  7.421153e-005
 9.944313e+001  8.113441e-005
 9.950500e+001  5.071603e-005
 9.956688e+001  4.932971e-005
 9.962875e+001  6.327057e-005
 9.969063e+001  7.262686e-005
 9.975250e+001  9.252825e-005
 9.981438e+001  7.851510e-005
 9.987625e+001  5.119660e-005
 9.993813e+001  4.986674e-005
 1.000000e+002  9.681875e-005
