 1.000000e+001  1.393651e-004
 1.061875e+001  1.317443e-004
 1.123750e+001  1.370282e-004
 1.185625e+001  1.293037e-004
 1.247500e+001  1.171592e-004
 1.309375e+001  1.152408e-004
 1.371250e+001  1.028158e-004
 1.433125e+001  1.041266e-004
 1.495000e+001  1.153739e-004
 1.556875e+001  1.181265e-004
 1.618750e+001  1.087790e-004
 1.680625e+001  1.013193e-004
 1.742500e+001  9.357562e-005
 1.804375e+001  9.775842e-005
 1.866250e+001  9.592251e-005
 1.928125e+001  9.758418e-005
 1.990000e+001  9.499496e-005
 2.051875e+001  9.708886e-005
 2.113750e+001  9.835331e-005
 2.175625e+001  9.474432e-005
 2.237500e+001  1.000991e-004
 2.299375e+001  1.074967e-004
 2.361250e+001  1.107101e-004
 2.423125e+001  1.070115e-004
 2.485000e+001  1.176610e-004
 2.546875e+001  1.162354e-004
 2.608750e+001  1.117442e-004
 2.670625e+001  1.128808e-004
 2.732500e+001  1.065015e-004
 2.794375e+001  1.043974e-004
 2.856250e+001  9.074194e-005
 2.918125e+001  8.676152e-005
 2.980000e+001  8.925316e-005
 3.041875e+001  8.911777e-005
 3.103750e+001  8.399895e-005
 3.165625e+001  8.781711e-005
 3.227500e+001  8.975659e-005
 3.289375e+001  9.068942e-005
 3.351250e+001  9.040994e-005
 3.413125e+001  8.451136e-005
 3.475000e+001  8.247719e-005
 3.536875e+001  9.225159e-005
 3.598750e+001  9.023042e-005
 3.660625e+001  8.219412e-005
 3.722500e+001  8.696285e-005
 3.784375e+001  9.953654e-005
 3.846250e+001  9.434642e-005
 3.908125e+001  8.899976e-005
 3.970000e+001  8.774082e-005
 4.031875e+001  9.570102e-005
 4.093750e+001  9.801609e-005
 4.155625e+001  9.301241e-005
 4.217500e+001  9.435486e-005
 4.279375e+001  9.928894e-005
 4.341250e+001  9.009351e-005
 4.403125e+001  8.810277e-005
 4.465000e+001  8.475666e-005
 4.526875e+001  7.906750e-005
 4.588750e+001  8.540499e-005
 4.650625e+001  7.932077e-005
 4.712500e+001  8.118086e-005
 4.774375e+001  8.197925e-005
 4.836250e+001  1.005251e-004
 4.898125e+001  4.079493e-004
 4.960000e+001  2.818644e-003
 5.021875e+001  3.346358e-003
 5.083750e+001  8.886429e-004
 5.145625e+001  1.342045e-004
 5.207500e+001  8.712022e-005
 5.269375e+001  7.753407e-005
 5.331250e+001  7.952799e-005
 5.393125e+001  8.268086e-005
 5.455000e+001  8.310371e-005
 5.516875e+001  8.723252e-005
 5.578750e+001  8.242550e-005
 5.640625e+001  8.018276e-005
 5.702500e+001  8.252750e-005
 5.764375e+001  7.906911e-005
 5.826250e+001  7.359224e-005
 5.888125e+001  8.136091e-005
 5.950000e+001  8.382548e-005
 6.011875e+001  8.870946e-005
 6.073750e+001  7.999504e-005
 6.135625e+001  7.565932e-005
 6.197500e+001  7.641355e-005
 6.259375e+001  7.428556e-005
 6.321250e+001  7.278865e-005
 6.383125e+001  7.333662e-005
 6.445000e+001  7.567572e-005
 6.506875e+001  7.800500e-005
 6.568750e+001  7.484740e-005
 6.630625e+001  7.465123e-005
 6.692500e+001  7.923106e-005
 6.754375e+001  7.899578e-005
 6.816250e+001  7.360820e-005
 6.878125e+001  7.427396e-005
 6.940000e+001  7.525015e-005
 7.001875e+001  7.325057e-005
 7.063750e+001  7.381799e-005
 7.125625e+001  7.101823e-005
 7.187500e+001  6.903946e-005
 7.249375e+001  7.964057e-005
 7.311250e+001  8.075307e-005
 7.373125e+001  7.673000e-005
 7.435000e+001  7.472259e-005
 7.496875e+001  7.572104e-005
 7.558750e+001  7.289058e-005
 7.620625e+001  7.208090e-005
 7.682500e+001  7.244444e-005
 7.744375e+001  7.541764e-005
 7.806250e+001  7.820395e-005
 7.868125e+001  7.637187e-005
 7.930000e+001  7.424254e-005
 7.991875e+001  7.883216e-005
 8.053750e+001  7.754583e-005
 8.115625e+001  7.377919e-005
 8.177500e+001  7.085960e-005
 8.239375e+001  7.272409e-005
 8.301250e+001  7.881597e-005
 8.363125e+001  7.682510e-005
 8.425000e+001  7.230329e-005
 8.486875e+001  7.216638e-005
 8.548750e+001  7.432291e-005
 8.610625e+001  7.223437e-005
 8.672500e+001  7.393548e-005
 8.734375e+001  7.289875e-005
 8.796250e+001  7.357601e-005
 8.858125e+001  7.338735e-005
 8.920000e+001  7.224569e-005
 8.981875e+001  7.331024e-005
 9.043750e+001  7.418607e-005
 9.105625e+001  7.476666e-005
 9.167500e+001  7.480417e-005
 9.229375e+001  7.356069e-005
 9.291250e+001  7.289845e-005
 9.353125e+001  7.362428e-005
 9.415000e+001  7.123500e-005
 9.476875e+001  6.973239e-005
 9.538750e+001  7.414284e-005
 9.600625e+001  7.371381e-005
 9.662500e+001  7.466343e-005
 9.724375e+001  7.746249e-005
 9.786250e+001  7.423226e-005
 9.848125e+001  7.299177e-005
 9.910000e+001  7.381566e-005
 9.971875e+001  9.419797e-005
 1.003375e+002  8.979234e-005
 1.009563e+002  7.264002e-005
 1.015750e+002  7.186765e-005
 1.021938e+002  7.542476e-005
 1.028125e+002  6.790630e-005
 1.034313e+002  7.378765e-005
 1.040500e+002  7.845051e-005
 1.046688e+002  7.547345e-005
 1.052875e+002  7.398361e-005
 1.059063e+002  7.382514e-005
 1.065250e+002  7.645987e-005
 1.071438e+002  7.480357e-005
 1.077625e+002  7.413720e-005
 1.083813e+002  7.320335e-005
 1.090000e+002  7.276335e-005
 1.096188e+002  7.511033e-005
 1.102375e+002  7.785189e-005
 1.108563e+002  7.917655e-005
 1.114750e+002  7.718267e-005
 1.120938e+002  7.291718e-005
 1.127125e+002  7.194351e-005
 1.133313e+002  7.442215e-005
 1.139500e+002  7.143803e-005
 1.145688e+002  7.345021e-005
 1.151875e+002  7.617862e-005
 1.158063e+002  7.177074e-005
 1.164250e+002  7.257058e-005
 1.170438e+002  7.872587e-005
 1.176625e+002  7.612086e-005
 1.182813e+002  7.482695e-005
 1.189000e+002  7.617769e-005
 1.195188e+002  7.526273e-005
 1.201375e+002  7.892535e-005
 1.207563e+002  7.447737e-005
 1.213750e+002  7.706608e-005
 1.219938e+002  7.352181e-005
 1.226125e+002  7.029900e-005
 1.232313e+002  7.511850e-005
 1.238500e+002  7.588278e-005
 1.244688e+002  7.879650e-005
 1.250875e+002  7.507287e-005
 1.257063e+002  7.781915e-005
 1.263250e+002  7.638880e-005
 1.269438e+002  6.806547e-005
 1.275625e+002  6.648248e-005
 1.281813e+002  6.970855e-005
 1.288000e+002  6.936176e-005
 1.294188e+002  6.893956e-005
 1.300375e+002  6.955757e-005
 1.306563e+002  6.977136e-005
 1.312750e+002  7.340306e-005
 1.318938e+002  7.179737e-005
 1.325125e+002  7.496779e-005
 1.331313e+002  7.314073e-005
 1.337500e+002  6.893655e-005
 1.343688e+002  7.226329e-005
 1.349875e+002  7.900089e-005
 1.356063e+002  7.460110e-005
 1.362250e+002  6.830126e-005
 1.368438e+002  6.587423e-005
 1.374625e+002  6.846749e-005
 1.380813e+002  6.722360e-005
 1.387000e+002  6.886545e-005
 1.393188e+002  7.124825e-005
 1.399375e+002  6.931118e-005
 1.405563e+002  7.320092e-005
 1.411750e+002  7.024912e-005
 1.417938e+002  7.506693e-005
 1.424125e+002  7.824621e-005
 1.430313e+002  7.343195e-005
 1.436500e+002  7.160934e-005
 1.442688e+002  6.963961e-005
 1.448875e+002  7.734878e-005
 1.455063e+002  7.339482e-005
 1.461250e+002  6.652476e-005
 1.467438e+002  6.650109e-005
 1.473625e+002  7.475035e-005
 1.479813e+002  7.243633e-005
 1.486000e+002  7.703929e-005
 1.492188e+002  4.117783e-004
 1.498375e+002  1.158073e-003
 1.504563e+002  7.871363e-004
 1.510750e+002  9.233258e-005
 1.516938e+002  6.894203e-005
 1.523125e+002  7.113471e-005
 1.529313e+002  6.662558e-005
 1.535500e+002  6.718024e-005
 1.541688e+002  7.195614e-005
 1.547875e+002  7.465943e-005
 1.554063e+002  7.153648e-005
 1.560250e+002  6.843665e-005
 1.566438e+002  7.153294e-005
 1.572625e+002  7.472967e-005
 1.578813e+002  7.937836e-005
 1.585000e+002  7.965533e-005
 1.591188e+002  7.387620e-005
 1.597375e+002  7.184971e-005
 1.603563e+002  7.238130e-005
 1.609750e+002  7.668572e-005
 1.615938e+002  7.623073e-005
 1.622125e+002  7.751251e-005
 1.628313e+002  7.782745e-005
 1.634500e+002  7.412856e-005
 1.640688e+002  7.269549e-005
 1.646875e+002  7.284070e-005
 1.653063e+002  6.942234e-005
 1.659250e+002  6.895966e-005
 1.665438e+002  7.295999e-005
 1.671625e+002  6.791608e-005
 1.677813e+002  6.610314e-005
 1.684000e+002  6.977079e-005
 1.690188e+002  6.855537e-005
 1.696375e+002  7.092396e-005
 1.702563e+002  7.418787e-005
 1.708750e+002  7.386019e-005
 1.714938e+002  7.599635e-005
 1.721125e+002  7.179298e-005
 1.727313e+002  7.477631e-005
 1.733500e+002  6.929098e-005
 1.739688e+002  6.518515e-005
 1.745875e+002  6.812546e-005
 1.752063e+002  7.226653e-005
 1.758250e+002  7.197445e-005
 1.764438e+002  6.631319e-005
 1.770625e+002  7.073504e-005
 1.776813e+002  7.399200e-005
 1.783000e+002  8.009228e-005
 1.789188e+002  7.856307e-005
 1.795375e+002  7.639907e-005
 1.801563e+002  7.853872e-005
 1.807750e+002  7.324024e-005
 1.813938e+002  6.947002e-005
 1.820125e+002  7.153920e-005
 1.826313e+002  7.354586e-005
 1.832500e+002  6.502029e-005
 1.838688e+002  6.802867e-005
 1.844875e+002  7.114317e-005
 1.851063e+002  6.645660e-005
 1.857250e+002  6.966033e-005
 1.863438e+002  6.870019e-005
 1.869625e+002  7.081656e-005
 1.875813e+002  7.295010e-005
 1.882000e+002  7.303320e-005
 1.888188e+002  7.366210e-005
 1.894375e+002  7.185965e-005
 1.900563e+002  6.748019e-005
 1.906750e+002  6.879844e-005
 1.912938e+002  7.288054e-005
 1.919125e+002  6.900260e-005
 1.925313e+002  7.115937e-005
 1.931500e+002  7.351033e-005
 1.937688e+002  7.281541e-005
 1.943875e+002  7.090395e-005
 1.950063e+002  6.825937e-005
 1.956250e+002  7.204995e-005
 1.962438e+002  6.893427e-005
 1.968625e+002  6.733683e-005
 1.974813e+002  7.029643e-005
 1.981000e+002  6.986349e-005
 1.987188e+002  7.319768e-005
 1.993375e+002  7.558883e-005
 1.999563e+002  7.605980e-005
 2.005750e+002  7.446674e-005
 2.011938e+002  7.371095e-005
 2.018125e+002  6.784455e-005
 2.024313e+002  6.673855e-005
 2.030500e+002  6.430607e-005
 2.036688e+002  6.993930e-005
 2.042875e+002  7.370437e-005
 2.049063e+002  7.248819e-005
 2.055250e+002  6.436323e-005
 2.061438e+002  6.601258e-005
 2.067625e+002  7.111450e-005
 2.073813e+002  7.241088e-005
 2.080000e+002  7.087682e-005
 2.086188e+002  6.730395e-005
 2.092375e+002  6.901670e-005
 2.098563e+002  7.373330e-005
 2.104750e+002  7.414365e-005
 2.110938e+002  7.275772e-005
 2.117125e+002  7.447994e-005
 2.123313e+002  7.393708e-005
 2.129500e+002  7.476644e-005
 2.135688e+002  7.063783e-005
 2.141875e+002  7.376625e-005
 2.148063e+002  7.262823e-005
 2.154250e+002  7.349022e-005
 2.160438e+002  7.129686e-005
 2.166625e+002  7.260804e-005
 2.172813e+002  7.225125e-005
 2.179000e+002  7.314293e-005
 2.185188e+002  7.376936e-005
 2.191375e+002  7.080691e-005
 2.197563e+002  6.768098e-005
 2.203750e+002  6.611061e-005
 2.209938e+002  6.958272e-005
 2.216125e+002  7.233509e-005
 2.222313e+002  7.473478e-005
 2.228500e+002  7.237388e-005
 2.234688e+002  6.860081e-005
 2.240875e+002  7.544110e-005
 2.247063e+002  7.382524e-005
 2.253250e+002  7.289538e-005
 2.259438e+002  6.904908e-005
 2.265625e+002  6.883901e-005
 2.271813e+002  6.678865e-005
 2.278000e+002  7.185317e-005
 2.284188e+002  7.209986e-005
 2.290375e+002  7.198447e-005
 2.296563e+002  7.123479e-005
 2.302750e+002  7.488866e-005
 2.308938e+002  7.022780e-005
 2.315125e+002  6.905412e-005
 2.321313e+002  6.763124e-005
 2.327500e+002  6.954479e-005
 2.333688e+002  7.289010e-005
 2.339875e+002  6.868310e-005
 2.346063e+002  7.159595e-005
 2.352250e+002  7.468386e-005
 2.358438e+002  7.360827e-005
 2.364625e+002  6.845411e-005
 2.370813e+002  6.857150e-005
 2.377000e+002  6.848424e-005
 2.383188e+002  6.870637e-005
 2.389375e+002  6.782191e-005
 2.395563e+002  7.184662e-005
 2.401750e+002  7.191165e-005
 2.407938e+002  6.973917e-005
 2.414125e+002  6.764562e-005
 2.420313e+002  7.034201e-005
 2.426500e+002  7.456384e-005
 2.432688e+002  7.380309e-005
 2.438875e+002  6.935405e-005
 2.445063e+002  6.875630e-005
 2.451250e+002  7.154478e-005
 2.457438e+002  7.019930e-005
 2.463625e+002  6.801036e-005
 2.469813e+002  6.715077e-005
 2.476000e+002  6.852212e-005
 2.482188e+002  6.763756e-005
 2.488375e+002  6.955615e-005
 2.494563e+002  2.094560e-004
 2.500750e+002  3.005762e-004
 2.506938e+002  1.270389e-004
 2.513125e+002  7.367397e-005
 2.519313e+002  7.498114e-005
 2.525500e+002  7.090278e-005
 2.531688e+002  7.285799e-005
 2.537875e+002  7.177101e-005
 2.544063e+002  7.053472e-005
 2.550250e+002  7.569106e-005
 2.556438e+002  7.528636e-005
 2.562625e+002  7.244024e-005
 2.568813e+002  6.965719e-005
 2.575000e+002  7.027260e-005
 2.581188e+002  7.492224e-005
 2.587375e+002  7.186195e-005
 2.593563e+002  7.377320e-005
 2.599750e+002  7.355538e-005
 2.605938e+002  7.256829e-005
 2.612125e+002  7.019832e-005
 2.618313e+002  6.892145e-005
 2.624500e+002  7.070758e-005
 2.630688e+002  6.739171e-005
 2.636875e+002  6.830094e-005
 2.643063e+002  6.849535e-005
 2.649250e+002  6.425802e-005
 2.655438e+002  6.616319e-005
 2.661625e+002  6.999316e-005
 2.667813e+002  7.136141e-005
 2.674000e+002  6.676382e-005
 2.680188e+002  6.738269e-005
 2.686375e+002  7.402987e-005
 2.692563e+002  7.576587e-005
 2.698750e+002  7.219886e-005
 2.704938e+002  6.967088e-005
 2.711125e+002  6.935442e-005
 2.717313e+002  6.743183e-005
 2.723500e+002  6.778126e-005
 2.729688e+002  6.646803e-005
 2.735875e+002  6.791214e-005
 2.742063e+002  7.040146e-005
 2.748250e+002  6.911850e-005
 2.754438e+002  6.789319e-005
 2.760625e+002  6.924328e-005
 2.766813e+002  6.661438e-005
 2.773000e+002  6.698687e-005
 2.779188e+002  7.291539e-005
 2.785375e+002  7.374628e-005
 2.791563e+002  6.915038e-005
 2.797750e+002  6.630258e-005
 2.803938e+002  6.776690e-005
 2.810125e+002  6.933942e-005
 2.816313e+002  7.381524e-005
 2.822500e+002  7.094232e-005
 2.828688e+002  6.761708e-005
 2.834875e+002  6.549409e-005
 2.841063e+002  6.320279e-005
 2.847250e+002  6.697053e-005
 2.853438e+002  6.970300e-005
 2.859625e+002  7.091655e-005
 2.865813e+002  6.825315e-005
 2.872000e+002  6.837620e-005
 2.878188e+002  6.652864e-005
 2.884375e+002  7.391193e-005
 2.890563e+002  7.404568e-005
 2.896750e+002  7.325508e-005
 2.902938e+002  7.103020e-005
 2.909125e+002  6.779154e-005
 2.915313e+002  6.948290e-005
 2.921500e+002  7.104977e-005
 2.927688e+002  7.302069e-005
 2.933875e+002  7.444054e-005
 2.940063e+002  7.121780e-005
 2.946250e+002  7.005163e-005
 2.952438e+002  6.743138e-005
 2.958625e+002  6.963814e-005
 2.964813e+002  6.789759e-005
 2.971000e+002  6.747287e-005
 2.977188e+002  6.513390e-005
 2.983375e+002  6.807586e-005
 2.989563e+002  6.765628e-005
 2.995750e+002  6.876752e-005
 3.001938e+002  7.397440e-005
 3.008125e+002  7.051951e-005
 3.014313e+002  6.811743e-005
 3.020500e+002  6.914674e-005
 3.026688e+002  6.992726e-005
 3.032875e+002  6.925979e-005
 3.039063e+002  6.405146e-005
 3.045250e+002  6.057263e-005
 3.051438e+002  6.639779e-005
 3.057625e+002  6.638517e-005
 3.063813e+002  6.576800e-005
 3.070000e+002  6.748603e-005
 3.076188e+002  6.871459e-005
 3.082375e+002  6.746018e-005
 3.088563e+002  7.354786e-005
 3.094750e+002  7.080795e-005
 3.100938e+002  7.208312e-005
 3.107125e+002  6.874516e-005
 3.113313e+002  6.522437e-005
 3.119500e+002  7.077240e-005
 3.125688e+002  7.102333e-005
 3.131875e+002  6.979031e-005
 3.138063e+002  6.629136e-005
 3.144250e+002  6.694376e-005
 3.150437e+002  6.961340e-005
 3.156625e+002  6.686969e-005
 3.162812e+002  6.994385e-005
 3.169000e+002  7.082021e-005
 3.175187e+002  7.216079e-005
 3.181375e+002  7.087171e-005
 3.187562e+002  6.763872e-005
 3.193750e+002  6.981966e-005
 3.199937e+002  7.138715e-005
 3.206125e+002  6.896459e-005
 3.212312e+002  6.736116e-005
 3.218500e+002  6.873650e-005
 3.224687e+002  6.714074e-005
 3.230875e+002  6.662517e-005
 3.237062e+002  6.911544e-005
 3.243250e+002  6.920275e-005
 3.249437e+002  7.223876e-005
 3.255625e+002  7.000608e-005
 3.261812e+002  7.064702e-005
 3.268000e+002  7.063326e-005
 3.274187e+002  6.942090e-005
 3.280375e+002  7.075458e-005
 3.286562e+002  6.845960e-005
 3.292750e+002  6.430598e-005
 3.298937e+002  6.670747e-005
 3.305125e+002  6.672482e-005
 3.311312e+002  6.919341e-005
 3.317500e+002  7.238902e-005
 3.323687e+002  7.280122e-005
 3.329875e+002  6.791158e-005
 3.336062e+002  6.972391e-005
 3.342250e+002  6.690883e-005
 3.348437e+002  6.610265e-005
 3.354625e+002  6.266219e-005
 3.360812e+002  6.076555e-005
 3.367000e+002  6.703360e-005
 3.373187e+002  6.930710e-005
 3.379375e+002  6.809637e-005
 3.385562e+002  6.217461e-005
 3.391750e+002  6.549988e-005
 3.397937e+002  6.572362e-005
 3.404125e+002  6.991340e-005
 3.410312e+002  7.170348e-005
 3.416500e+002  6.846963e-005
 3.422687e+002  6.762932e-005
 3.428875e+002  6.881649e-005
 3.435062e+002  7.346790e-005
 3.441250e+002  7.575733e-005
 3.447437e+002  7.058774e-005
 3.453625e+002  6.755304e-005
 3.459812e+002  6.964228e-005
 3.466000e+002  6.707685e-005
 3.472187e+002  6.939056e-005
 3.478375e+002  7.012888e-005
 3.484562e+002  6.906576e-005
 3.490750e+002  6.951008e-005
 3.496937e+002  6.800155e-005
 3.503125e+002  7.066494e-005
 3.509312e+002  6.700253e-005
 3.515500e+002  7.009073e-005
 3.521687e+002  7.005158e-005
 3.527875e+002  6.994812e-005
 3.534062e+002  6.760698e-005
 3.540250e+002  6.830236e-005
 3.546437e+002  6.544708e-005
 3.552625e+002  6.728884e-005
 3.558812e+002  6.810948e-005
 3.565000e+002  6.957367e-005
 3.571187e+002  7.185060e-005
 3.577375e+002  7.728223e-005
 3.583562e+002  7.043021e-005
 3.589750e+002  6.733430e-005
 3.595937e+002  7.305703e-005
 3.602125e+002  7.160907e-005
 3.608312e+002  6.339724e-005
 3.614500e+002  6.695368e-005
 3.620687e+002  6.650163e-005
 3.626875e+002  6.457556e-005
 3.633062e+002  6.549183e-005
 3.639250e+002  6.651616e-005
 3.645437e+002  7.194545e-005
 3.651625e+002  6.978035e-005
 3.657812e+002  6.924625e-005
 3.664000e+002  7.319535e-005
 3.670187e+002  7.064160e-005
 3.676375e+002  6.851123e-005
 3.682562e+002  7.018263e-005
 3.688750e+002  7.156264e-005
 3.694937e+002  6.775385e-005
 3.701125e+002  6.775288e-005
 3.707312e+002  6.961837e-005
 3.713500e+002  7.075618e-005
 3.719687e+002  7.553627e-005
 3.725875e+002  7.417770e-005
 3.732062e+002  7.109636e-005
 3.738250e+002  7.130778e-005
 3.744437e+002  7.154022e-005
 3.750625e+002  6.936560e-005
 3.756812e+002  6.870682e-005
 3.763000e+002  6.909428e-005
 3.769187e+002  6.634489e-005
 3.775375e+002  7.126148e-005
 3.781562e+002  7.053946e-005
 3.787750e+002  7.021680e-005
 3.793937e+002  7.055494e-005
 3.800125e+002  6.786820e-005
 3.806312e+002  7.210250e-005
 3.812500e+002  7.240724e-005
 3.818687e+002  6.914500e-005
 3.824875e+002  6.926056e-005
 3.831062e+002  6.820680e-005
 3.837250e+002  6.727260e-005
 3.843437e+002  6.465793e-005
 3.849625e+002  6.467687e-005
 3.855812e+002  6.848502e-005
 3.862000e+002  7.049342e-005
 3.868187e+002  6.720637e-005
 3.874375e+002  6.652939e-005
 3.880562e+002  6.927459e-005
 3.886750e+002  6.925592e-005
 3.892937e+002  6.907413e-005
 3.899125e+002  7.197005e-005
 3.905312e+002  7.047232e-005
 3.911500e+002  6.769023e-005
 3.917687e+002  6.966376e-005
 3.923875e+002  6.910028e-005
 3.930062e+002  6.665621e-005
 3.936250e+002  6.746403e-005
 3.942437e+002  6.997358e-005
 3.948625e+002  7.189024e-005
 3.954812e+002  7.069571e-005
 3.961000e+002  7.349943e-005
 3.967187e+002  7.156522e-005
 3.973375e+002  7.184667e-005
 3.979562e+002  7.293217e-005
 3.985750e+002  6.927373e-005
 3.991937e+002  6.924370e-005
 3.998125e+002  7.346156e-005
 4.004312e+002  7.269477e-005
 4.010500e+002  7.048891e-005
 4.016687e+002  7.362271e-005
 4.022875e+002  6.938268e-005
 4.029062e+002  6.704477e-005
 4.035250e+002  6.822074e-005
 4.041437e+002  7.143733e-005
 4.047625e+002  7.362809e-005
 4.053812e+002  6.951804e-005
 4.060000e+002  7.413639e-005
 4.066187e+002  6.933304e-005
 4.072375e+002  6.544686e-005
 4.078562e+002  6.764439e-005
 4.084750e+002  7.292782e-005
 4.090937e+002  7.665450e-005
 4.097125e+002  6.881962e-005
 4.103312e+002  6.606732e-005
 4.109500e+002  7.331652e-005
 4.115687e+002  7.606683e-005
 4.121875e+002  7.042537e-005
 4.128062e+002  6.870365e-005
 4.134250e+002  6.772079e-005
 4.140437e+002  6.667369e-005
 4.146625e+002  7.108967e-005
 4.152812e+002  7.053242e-005
 4.159000e+002  6.686507e-005
 4.165187e+002  7.137178e-005
 4.171375e+002  6.799435e-005
 4.177562e+002  6.615651e-005
 4.183750e+002  6.808094e-005
 4.189937e+002  7.029706e-005
 4.196125e+002  6.875135e-005
 4.202312e+002  6.758020e-005
 4.208500e+002  6.294844e-005
 4.214687e+002  6.669719e-005
 4.220875e+002  6.552666e-005
 4.227062e+002  6.836484e-005
 4.233250e+002  6.634637e-005
 4.239437e+002  6.999213e-005
 4.245625e+002  7.187244e-005
 4.251812e+002  7.401568e-005
 4.258000e+002  6.832941e-005
 4.264187e+002  7.020064e-005
 4.270375e+002  6.886242e-005
 4.276562e+002  6.938235e-005
 4.282750e+002  6.604877e-005
 4.288937e+002  6.489488e-005
 4.295125e+002  7.011945e-005
 4.301312e+002  7.157509e-005
 4.307500e+002  7.287936e-005
 4.313687e+002  6.743038e-005
 4.319875e+002  7.023815e-005
 4.326062e+002  7.187212e-005
 4.332250e+002  7.360306e-005
 4.338437e+002  7.008111e-005
 4.344625e+002  6.935085e-005
 4.350812e+002  7.003983e-005
 4.357000e+002  7.180492e-005
 4.363187e+002  6.968046e-005
 4.369375e+002  7.323876e-005
 4.375562e+002  7.144479e-005
 4.381750e+002  7.061043e-005
 4.387937e+002  7.222527e-005
 4.394125e+002  6.956970e-005
 4.400312e+002  6.746885e-005
 4.406500e+002  6.827516e-005
 4.412687e+002  6.574936e-005
 4.418875e+002  6.812518e-005
 4.425062e+002  6.621451e-005
 4.431250e+002  6.737106e-005
 4.437437e+002  6.663500e-005
 4.443625e+002  6.927738e-005
 4.449812e+002  6.644587e-005
 4.456000e+002  6.838887e-005
 4.462187e+002  6.964250e-005
 4.468375e+002  6.802182e-005
 4.474562e+002  6.473045e-005
 4.480750e+002  6.829779e-005
 4.486937e+002  7.290451e-005
 4.493125e+002  7.005166e-005
 4.499312e+002  7.263582e-005
 4.505500e+002  7.116340e-005
 4.511687e+002  6.596920e-005
 4.517875e+002  6.955497e-005
 4.524062e+002  6.949381e-005
 4.530250e+002  6.789544e-005
 4.536437e+002  7.061495e-005
 4.542625e+002  7.064724e-005
 4.548812e+002  6.579274e-005
 4.555000e+002  6.681280e-005
 4.561187e+002  7.360665e-005
 4.567375e+002  7.004600e-005
 4.573562e+002  6.716480e-005
 4.579750e+002  6.535904e-005
 4.585937e+002  6.890619e-005
 4.592125e+002  7.014038e-005
 4.598312e+002  7.105756e-005
 4.604500e+002  6.924570e-005
 4.610687e+002  7.070726e-005
 4.616875e+002  6.911502e-005
 4.623062e+002  6.439770e-005
 4.629250e+002  6.887679e-005
 4.635437e+002  7.034945e-005
 4.641625e+002  7.310050e-005
 4.647812e+002  7.129899e-005
 4.654000e+002  7.000292e-005
 4.660187e+002  6.771792e-005
 4.666375e+002  6.526509e-005
 4.672562e+002  6.757907e-005
 4.678750e+002  6.992756e-005
 4.684937e+002  6.937656e-005
 4.691125e+002  6.504719e-005
 4.697312e+002  6.835758e-005
 4.703500e+002  6.748561e-005
 4.709687e+002  6.687769e-005
 4.715875e+002  6.518339e-005
 4.722062e+002  6.918801e-005
 4.728250e+002  7.457951e-005
 4.734437e+002  7.071481e-005
 4.740625e+002  6.753065e-005
 4.746812e+002  6.601653e-005
 4.753000e+002  6.819709e-005
 4.759187e+002  6.636722e-005
 4.765375e+002  6.731079e-005
 4.771562e+002  6.863889e-005
 4.777750e+002  7.122980e-005
 4.783937e+002  7.619253e-005
 4.790125e+002  7.144012e-005
 4.796312e+002  7.035228e-005
 4.802500e+002  7.230092e-005
 4.808687e+002  6.975154e-005
 4.814875e+002  6.922291e-005
 4.821062e+002  7.241131e-005
 4.827250e+002  7.004881e-005
 4.833437e+002  6.547321e-005
 4.839625e+002  6.772684e-005
 4.845812e+002  6.833282e-005
 4.852000e+002  6.713697e-005
 4.858187e+002  6.546624e-005
 4.864375e+002  6.613337e-005
 4.870562e+002  6.749906e-005
 4.876750e+002  6.686803e-005
 4.882937e+002  6.933154e-005
 4.889125e+002  6.990272e-005
 4.895312e+002  7.108156e-005
 4.901500e+002  6.801097e-005
 4.907687e+002  6.559612e-005
 4.913875e+002  6.540810e-005
 4.920062e+002  7.013039e-005
 4.926250e+002  7.551807e-005
 4.932437e+002  7.360385e-005
 4.938625e+002  7.174669e-005
 4.944812e+002  7.400931e-005
 4.951000e+002  7.256088e-005
 4.957187e+002  6.871486e-005
 4.963375e+002  7.130730e-005
 4.969562e+002  7.023422e-005
 4.975750e+002  6.755425e-005
 4.981937e+002  7.135381e-005
 4.988125e+002  7.415209e-005
 4.994312e+002  7.021182e-005
 5.000500e+002  6.651146e-005
 5.006687e+002  6.608829e-005
 5.012875e+002  6.726546e-005
 5.019062e+002  6.680526e-005
 5.025250e+002  6.780670e-005
 5.031437e+002  6.427164e-005
 5.037625e+002  6.866377e-005
 5.043812e+002  6.915609e-005
 5.050000e+002  6.107114e-005
 5.056187e+002  6.570643e-005
 5.062375e+002  7.262244e-005
 5.068562e+002  6.726194e-005
 5.074750e+002  7.018145e-005
 5.080937e+002  7.067992e-005
 5.087125e+002  6.827137e-005
 5.093312e+002  6.836837e-005
 5.099500e+002  6.773382e-005
 5.105687e+002  6.471838e-005
 5.111875e+002  6.679418e-005
 5.118062e+002  6.564417e-005
 5.124250e+002  6.984516e-005
 5.130437e+002  6.754772e-005
 5.136625e+002  6.744977e-005
 5.142812e+002  6.853422e-005
 5.149000e+002  6.739032e-005
 5.155187e+002  7.100716e-005
 5.161375e+002  6.977636e-005
 5.167562e+002  6.398875e-005
 5.173750e+002  6.685449e-005
 5.179937e+002  6.274844e-005
 5.186125e+002  6.347496e-005
 5.192312e+002  6.511874e-005
 5.198500e+002  6.805150e-005
 5.204687e+002  6.773879e-005
 5.210875e+002  6.818963e-005
 5.217062e+002  6.772826e-005
 5.223250e+002  6.923846e-005
 5.229437e+002  6.803937e-005
 5.235625e+002  6.912672e-005
 5.241812e+002  6.937805e-005
 5.248000e+002  6.712635e-005
 5.254187e+002  7.017192e-005
 5.260375e+002  6.822327e-005
 5.266562e+002  6.218540e-005
 5.272750e+002  6.519066e-005
 5.278937e+002  6.614131e-005
 5.285125e+002  6.968355e-005
 5.291312e+002  7.082101e-005
 5.297500e+002  6.830653e-005
 5.303687e+002  6.448562e-005
 5.309875e+002  6.597552e-005
 5.316062e+002  6.689558e-005
 5.322250e+002  7.144546e-005
 5.328437e+002  7.009209e-005
 5.334625e+002  6.643366e-005
 5.340812e+002  7.155087e-005
 5.347000e+002  7.186803e-005
 5.353187e+002  6.704186e-005
 5.359375e+002  6.558426e-005
 5.365562e+002  6.852587e-005
 5.371750e+002  7.239971e-005
 5.377937e+002  6.926699e-005
 5.384125e+002  7.008378e-005
 5.390312e+002  6.811627e-005
 5.396500e+002  7.056321e-005
 5.402687e+002  6.942374e-005
 5.408875e+002  7.063169e-005
 5.415062e+002  6.695027e-005
 5.421250e+002  6.947740e-005
 5.427437e+002  6.954531e-005
 5.433625e+002  7.032359e-005
 5.439812e+002  7.207437e-005
 5.446000e+002  6.732814e-005
 5.452187e+002  6.952759e-005
 5.458375e+002  6.782226e-005
 5.464562e+002  6.913538e-005
 5.470750e+002  7.127052e-005
 5.476937e+002  6.925287e-005
 5.483125e+002  6.349682e-005
 5.489312e+002  6.462021e-005
 5.495500e+002  7.386239e-005
 5.501687e+002  7.440714e-005
 5.507875e+002  6.928913e-005
 5.514062e+002  6.785761e-005
 5.520250e+002  6.781795e-005
 5.526437e+002  6.290103e-005
 5.532625e+002  6.844686e-005
 5.538812e+002  6.608106e-005
 5.545000e+002  6.474085e-005
 5.551187e+002  6.769486e-005
 5.557375e+002  7.146429e-005
 5.563562e+002  6.857108e-005
 5.569750e+002  6.860628e-005
 5.575937e+002  6.953763e-005
 5.582125e+002  6.527772e-005
 5.588312e+002  7.128938e-005
 5.594500e+002  7.044562e-005
 5.600687e+002  7.278287e-005
 5.606875e+002  7.037420e-005
 5.613062e+002  6.788352e-005
 5.619250e+002  6.892373e-005
 5.625437e+002  6.550627e-005
 5.631625e+002  7.048527e-005
 5.637812e+002  7.291382e-005
 5.644000e+002  7.054266e-005
 5.650187e+002  6.792218e-005
 5.656375e+002  6.178383e-005
 5.662562e+002  6.444572e-005
 5.668750e+002  6.406111e-005
 5.674937e+002  6.778849e-005
 5.681125e+002  6.727651e-005
 5.687312e+002  6.561209e-005
 5.693500e+002  6.566129e-005
 5.699687e+002  6.519386e-005
 5.705875e+002  6.383533e-005
 5.712062e+002  6.523045e-005
 5.718250e+002  6.800267e-005
 5.724437e+002  7.334450e-005
 5.730625e+002  6.983804e-005
 5.736812e+002  6.700642e-005
 5.743000e+002  6.589372e-005
 5.749187e+002  6.710991e-005
 5.755375e+002  6.537410e-005
 5.761562e+002  6.842834e-005
 5.767750e+002  7.195751e-005
 5.773937e+002  6.964897e-005
 5.780125e+002  6.721265e-005
 5.786312e+002  6.470392e-005
 5.792500e+002  6.689052e-005
 5.798687e+002  7.191818e-005
 5.804875e+002  6.869090e-005
 5.811062e+002  6.667893e-005
 5.817250e+002  7.002297e-005
 5.823437e+002  6.866767e-005
 5.829625e+002  6.934240e-005
 5.835812e+002  6.748663e-005
 5.842000e+002  7.087039e-005
 5.848187e+002  7.251295e-005
 5.854375e+002  6.972512e-005
 5.860562e+002  7.255294e-005
 5.866750e+002  7.020326e-005
 5.872937e+002  6.751246e-005
 5.879125e+002  6.975227e-005
 5.885312e+002  6.796562e-005
 5.891500e+002  6.911671e-005
 5.897687e+002  6.937847e-005
 5.903875e+002  6.763398e-005
 5.910062e+002  6.951862e-005
 5.916250e+002  7.490633e-005
 5.922437e+002  7.101607e-005
 5.928625e+002  7.042313e-005
 5.934812e+002  6.268173e-005
 5.941000e+002  6.167957e-005
 5.947187e+002  6.666316e-005
 5.953375e+002  6.732831e-005
 5.959562e+002  6.192247e-005
 5.965750e+002  6.568090e-005
 5.971937e+002  7.432956e-005
 5.978125e+002  7.166946e-005
 5.984312e+002  6.875512e-005
 5.990500e+002  6.863747e-005
 5.996687e+002  6.769692e-005
 6.002875e+002  6.627544e-005
 6.009062e+002  6.934875e-005
 6.015250e+002  6.962888e-005
 6.021437e+002  6.969846e-005
 6.027625e+002  6.635141e-005
 6.033812e+002  6.629756e-005
 6.040000e+002  6.472429e-005
 6.046187e+002  6.587599e-005
 6.052375e+002  6.843875e-005
 6.058562e+002  7.115258e-005
 6.064750e+002  6.884567e-005
 6.070937e+002  7.032186e-005
 6.077125e+002  6.578365e-005
 6.083312e+002  6.923636e-005
 6.089500e+002  7.133594e-005
 6.095687e+002  6.787059e-005
 6.101875e+002  6.323779e-005
 6.108062e+002  6.958360e-005
 6.114250e+002  6.961251e-005
 6.120437e+002  6.548137e-005
 6.126625e+002  7.002567e-005
 6.132812e+002  7.585306e-005
 6.139000e+002  6.962902e-005
 6.145187e+002  7.219197e-005
 6.151375e+002  7.042626e-005
 6.157562e+002  6.626242e-005
 6.163750e+002  6.547325e-005
 6.169937e+002  6.669076e-005
 6.176125e+002  7.000520e-005
 6.182312e+002  7.145806e-005
 6.188500e+002  6.835838e-005
 6.194687e+002  6.610348e-005
 6.200875e+002  6.496732e-005
 6.207062e+002  6.590616e-005
 6.213250e+002  6.809359e-005
 6.219437e+002  6.596081e-005
 6.225625e+002  6.757214e-005
 6.231812e+002  6.891904e-005
 6.238000e+002  6.703764e-005
 6.244187e+002  7.161194e-005
 6.250375e+002  7.817799e-005
 6.256562e+002  7.514907e-005
 6.262750e+002  7.179234e-005
 6.268937e+002  6.658786e-005
 6.275125e+002  6.354408e-005
 6.281312e+002  6.725967e-005
 6.287500e+002  6.627342e-005
 6.293687e+002  6.673025e-005
 6.299875e+002  6.726794e-005
 6.306062e+002  6.795237e-005
 6.312250e+002  6.752265e-005
 6.318437e+002  6.788845e-005
 6.324625e+002  6.546476e-005
 6.330812e+002  6.949754e-005
 6.337000e+002  6.874552e-005
 6.343187e+002  7.145993e-005
 6.349375e+002  7.288686e-005
 6.355562e+002  7.305995e-005
 6.361750e+002  7.353466e-005
 6.367937e+002  6.739926e-005
 6.374125e+002  6.410816e-005
 6.380312e+002  6.553118e-005
 6.386500e+002  6.744209e-005
 6.392687e+002  7.093846e-005
 6.398875e+002  7.353853e-005
 6.405062e+002  7.068393e-005
 6.411250e+002  6.999537e-005
 6.417437e+002  7.140363e-005
 6.423625e+002  7.030289e-005
 6.429812e+002  6.857641e-005
 6.436000e+002  6.748968e-005
 6.442187e+002  6.409365e-005
 6.448375e+002  6.501037e-005
 6.454562e+002  6.779815e-005
 6.460750e+002  6.590030e-005
 6.466937e+002  6.547407e-005
 6.473125e+002  7.062165e-005
 6.479312e+002  7.152510e-005
 6.485500e+002  6.707257e-005
 6.491687e+002  6.720843e-005
 6.497875e+002  6.843562e-005
 6.504062e+002  6.749589e-005
 6.510250e+002  6.528565e-005
 6.516437e+002  6.920678e-005
 6.522625e+002  6.805840e-005
 6.528812e+002  6.645745e-005
 6.535000e+002  6.669458e-005
 6.541187e+002  6.629585e-005
 6.547375e+002  6.809853e-005
 6.553562e+002  6.883326e-005
 6.559750e+002  6.431826e-005
 6.565937e+002  6.471894e-005
 6.572125e+002  6.602969e-005
 6.578312e+002  6.579557e-005
 6.584500e+002  6.654878e-005
 6.590687e+002  6.791114e-005
 6.596875e+002  6.925382e-005
 6.603062e+002  7.329279e-005
 6.609250e+002  7.158445e-005
 6.615437e+002  6.919866e-005
 6.621625e+002  6.908018e-005
 6.627812e+002  7.080763e-005
 6.634000e+002  6.983693e-005
 6.640187e+002  7.179516e-005
 6.646375e+002  6.895849e-005
 6.652562e+002  7.110529e-005
 6.658750e+002  7.076909e-005
 6.664937e+002  7.097714e-005
 6.671125e+002  6.710845e-005
 6.677312e+002  6.798591e-005
 6.683500e+002  7.019073e-005
 6.689687e+002  7.092282e-005
 6.695875e+002  7.137731e-005
 6.702062e+002  6.815857e-005
 6.708250e+002  6.491476e-005
 6.714437e+002  6.666213e-005
 6.720625e+002  6.689038e-005
 6.726812e+002  6.558001e-005
 6.733000e+002  6.633364e-005
 6.739187e+002  6.526936e-005
 6.745375e+002  6.653238e-005
 6.751562e+002  6.618889e-005
 6.757750e+002  6.467419e-005
 6.763937e+002  6.385201e-005
 6.770125e+002  6.716129e-005
 6.776312e+002  6.736261e-005
 6.782500e+002  6.692523e-005
 6.788687e+002  6.618207e-005
 6.794875e+002  6.376768e-005
 6.801062e+002  7.111826e-005
 6.807250e+002  7.348443e-005
 6.813437e+002  6.574231e-005
 6.819625e+002  6.687635e-005
 6.825812e+002  6.863212e-005
 6.832000e+002  6.627294e-005
 6.838187e+002  6.777518e-005
 6.844375e+002  6.395860e-005
 6.850562e+002  6.582640e-005
 6.856750e+002  6.690875e-005
 6.862937e+002  6.966979e-005
 6.869125e+002  6.897891e-005
 6.875312e+002  6.813129e-005
 6.881500e+002  6.819802e-005
 6.887687e+002  6.825594e-005
 6.893875e+002  6.833301e-005
 6.900062e+002  6.645570e-005
 6.906250e+002  6.584941e-005
 6.912437e+002  6.930382e-005
 6.918625e+002  6.842297e-005
 6.924812e+002  6.487909e-005
 6.931000e+002  6.406833e-005
 6.937187e+002  6.707376e-005
 6.943375e+002  6.575408e-005
 6.949562e+002  6.300309e-005
 6.955750e+002  6.726786e-005
 6.961937e+002  6.851169e-005
 6.968125e+002  6.814121e-005
 6.974312e+002  7.043974e-005
 6.980500e+002  6.897234e-005
 6.986687e+002  6.785448e-005
 6.992875e+002  7.011209e-005
 6.999062e+002  6.695960e-005
 7.005250e+002  6.163885e-005
 7.011437e+002  6.475803e-005
 7.017625e+002  6.524323e-005
 7.023812e+002  6.391241e-005
 7.030000e+002  6.851229e-005
 7.036187e+002  6.455775e-005
 7.042375e+002  6.300333e-005
 7.048562e+002  6.919072e-005
 7.054750e+002  6.685348e-005
 7.060937e+002  6.701698e-005
 7.067125e+002  6.722790e-005
 7.073312e+002  6.583453e-005
 7.079500e+002  6.487546e-005
 7.085687e+002  6.923771e-005
 7.091875e+002  7.020426e-005
 7.098062e+002  7.554522e-005
 7.104250e+002  6.923656e-005
 7.110437e+002  6.955925e-005
 7.116625e+002  7.108004e-005
 7.122812e+002  6.665795e-005
 7.129000e+002  6.537665e-005
 7.135187e+002  6.596454e-005
 7.141375e+002  7.104700e-005
 7.147562e+002  7.215783e-005
 7.153750e+002  6.758574e-005
 7.159937e+002  6.437103e-005
 7.166125e+002  6.951003e-005
 7.172312e+002  6.922776e-005
 7.178500e+002  6.840817e-005
 7.184687e+002  7.049428e-005
 7.190875e+002  6.948201e-005
 7.197062e+002  6.772345e-005
 7.203250e+002  7.105843e-005
 7.209437e+002  7.163436e-005
 7.215625e+002  7.000917e-005
 7.221812e+002  6.961178e-005
 7.228000e+002  6.753122e-005
 7.234187e+002  6.537420e-005
 7.240375e+002  6.631447e-005
 7.246562e+002  6.889771e-005
 7.252750e+002  6.417549e-005
 7.258937e+002  7.003860e-005
 7.265125e+002  7.000806e-005
 7.271312e+002  7.053668e-005
 7.277500e+002  6.858659e-005
 7.283687e+002  6.671500e-005
 7.289875e+002  6.885376e-005
 7.296062e+002  7.185853e-005
 7.302250e+002  6.526805e-005
 7.308437e+002  6.514654e-005
 7.314625e+002  6.824143e-005
 7.320812e+002  6.529559e-005
 7.327000e+002  6.602644e-005
 7.333187e+002  6.918816e-005
 7.339375e+002  6.830351e-005
 7.345562e+002  6.323717e-005
 7.351750e+002  7.307041e-005
 7.357937e+002  7.092575e-005
 7.364125e+002  7.154040e-005
 7.370312e+002  7.037843e-005
 7.376500e+002  6.791417e-005
 7.382687e+002  6.949814e-005
 7.388875e+002  6.531109e-005
 7.395062e+002  6.420173e-005
 7.401250e+002  6.352155e-005
 7.407437e+002  6.583370e-005
 7.413625e+002  6.921284e-005
 7.419812e+002  6.750333e-005
 7.426000e+002  6.516306e-005
 7.432187e+002  6.616404e-005
 7.438375e+002  7.008417e-005
 7.444562e+002  6.931748e-005
 7.450750e+002  6.932777e-005
 7.456937e+002  6.960096e-005
 7.463125e+002  7.186202e-005
 7.469312e+002  7.195073e-005
 7.475500e+002  6.999200e-005
 7.481687e+002  6.999792e-005
 7.487875e+002  7.080121e-005
 7.494062e+002  7.852854e-005
 7.500250e+002  8.249308e-005
 7.506437e+002  6.614006e-005
 7.512625e+002  6.547051e-005
 7.518812e+002  7.040244e-005
 7.525000e+002  7.179661e-005
 7.531187e+002  6.981636e-005
 7.537375e+002  7.047742e-005
 7.543562e+002  7.630784e-005
 7.549750e+002  7.454420e-005
 7.555937e+002  6.592522e-005
 7.562125e+002  6.317985e-005
 7.568312e+002  6.935242e-005
 7.574500e+002  6.606072e-005
 7.580687e+002  6.634679e-005
 7.586875e+002  7.092232e-005
 7.593062e+002  6.812067e-005
 7.599250e+002  6.612742e-005
 7.605437e+002  6.242868e-005
 7.611625e+002  6.362868e-005
 7.617812e+002  6.941395e-005
 7.624000e+002  7.314603e-005
 7.630187e+002  7.095818e-005
 7.636375e+002  6.765089e-005
 7.642562e+002  6.950603e-005
 7.648750e+002  6.948592e-005
 7.654937e+002  6.813653e-005
 7.661125e+002  6.618622e-005
 7.667312e+002  6.384894e-005
 7.673500e+002  6.429656e-005
 7.679687e+002  6.530384e-005
 7.685875e+002  6.486882e-005
 7.692062e+002  6.679491e-005
 7.698250e+002  6.575002e-005
 7.704437e+002  7.182872e-005
 7.710625e+002  6.901759e-005
 7.716812e+002  6.758549e-005
 7.723000e+002  7.104519e-005
 7.729187e+002  6.847651e-005
 7.735375e+002  6.660430e-005
 7.741562e+002  6.694928e-005
 7.747750e+002  6.563841e-005
 7.753937e+002  6.672386e-005
 7.760125e+002  6.842967e-005
 7.766312e+002  7.019695e-005
 7.772500e+002  7.184786e-005
 7.778687e+002  6.780546e-005
 7.784875e+002  6.744909e-005
 7.791062e+002  6.719635e-005
 7.797250e+002  6.966823e-005
 7.803437e+002  7.279529e-005
 7.809625e+002  7.029224e-005
 7.815812e+002  7.003442e-005
 7.822000e+002  7.246144e-005
 7.828187e+002  6.936737e-005
 7.834375e+002  7.261734e-005
 7.840562e+002  7.051147e-005
 7.846750e+002  6.821086e-005
 7.852937e+002  6.826230e-005
 7.859125e+002  6.780575e-005
 7.865312e+002  7.179978e-005
 7.871500e+002  7.227059e-005
 7.877687e+002  6.738372e-005
 7.883875e+002  6.690792e-005
 7.890062e+002  6.771233e-005
 7.896250e+002  6.851849e-005
 7.902437e+002  7.096654e-005
 7.908625e+002  6.789657e-005
 7.914812e+002  6.973682e-005
 7.921000e+002  6.737212e-005
 7.927187e+002  6.611021e-005
 7.933375e+002  6.517754e-005
 7.939562e+002  6.841654e-005
 7.945750e+002  7.184997e-005
 7.951937e+002  6.751800e-005
 7.958125e+002  6.490190e-005
 7.964312e+002  6.541185e-005
 7.970500e+002  6.467046e-005
 7.976687e+002  6.496462e-005
 7.982875e+002  6.972980e-005
 7.989062e+002  7.320902e-005
 7.995250e+002  6.791757e-005
 8.001437e+002  6.408396e-005
 8.007625e+002  6.404083e-005
 8.013812e+002  6.359168e-005
 8.020000e+002  6.841448e-005
 8.026187e+002  6.908525e-005
 8.032375e+002  6.729116e-005
 8.038562e+002  6.663912e-005
 8.044750e+002  6.723477e-005
 8.050937e+002  7.020575e-005
 8.057125e+002  7.109269e-005
 8.063312e+002  6.858064e-005
 8.069500e+002  6.597317e-005
 8.075687e+002  6.678225e-005
 8.081875e+002  6.787327e-005
 8.088062e+002  6.892953e-005
 8.094250e+002  6.836017e-005
 8.100437e+002  6.139304e-005
 8.106625e+002  6.504306e-005
 8.112812e+002  6.799564e-005
 8.119000e+002  6.719387e-005
 8.125187e+002  6.355490e-005
 8.131375e+002  6.357821e-005
 8.137562e+002  6.769923e-005
 8.143750e+002  6.833153e-005
 8.149937e+002  7.074468e-005
 8.156125e+002  7.035789e-005
 8.162312e+002  6.912997e-005
 8.168500e+002  6.653005e-005
 8.174687e+002  6.566606e-005
 8.180875e+002  6.831286e-005
 8.187062e+002  6.969489e-005
 8.193250e+002  7.032622e-005
 8.199437e+002  6.882534e-005
 8.205625e+002  6.961791e-005
 8.211812e+002  7.295783e-005
 8.218000e+002  6.892536e-005
 8.224187e+002  6.739187e-005
 8.230375e+002  6.384196e-005
 8.236562e+002  6.133019e-005
 8.242750e+002  6.554304e-005
 8.248937e+002  6.722095e-005
 8.255125e+002  6.753163e-005
 8.261312e+002  6.451569e-005
 8.267500e+002  6.549166e-005
 8.273687e+002  7.023915e-005
 8.279875e+002  7.244598e-005
 8.286062e+002  7.088396e-005
 8.292250e+002  6.780047e-005
 8.298437e+002  6.678671e-005
 8.304625e+002  6.680680e-005
 8.310812e+002  6.410313e-005
 8.317000e+002  6.639933e-005
 8.323187e+002  7.239990e-005
 8.329375e+002  7.257712e-005
 8.335562e+002  6.899736e-005
 8.341750e+002  7.041694e-005
 8.347937e+002  6.675039e-005
 8.354125e+002  6.828610e-005
 8.360312e+002  7.082538e-005
 8.366500e+002  6.859521e-005
 8.372687e+002  6.818431e-005
 8.378875e+002  6.971325e-005
 8.385062e+002  6.824134e-005
 8.391250e+002  6.926825e-005
 8.397437e+002  7.162881e-005
 8.403625e+002  7.498745e-005
 8.409812e+002  7.025480e-005
 8.416000e+002  7.006030e-005
 8.422187e+002  7.110802e-005
 8.428375e+002  6.977953e-005
 8.434562e+002  6.795116e-005
 8.440750e+002  6.827965e-005
 8.446937e+002  6.254142e-005
 8.453125e+002  6.399440e-005
 8.459312e+002  6.705160e-005
 8.465500e+002  6.938704e-005
 8.471687e+002  6.631210e-005
 8.477875e+002  6.361441e-005
 8.484062e+002  6.398783e-005
 8.490250e+002  6.847037e-005
 8.496437e+002  8.198788e-005
 8.502625e+002  7.705086e-005
 8.508812e+002  6.633218e-005
 8.515000e+002  7.020920e-005
 8.521187e+002  7.341348e-005
 8.527375e+002  6.693878e-005
 8.533562e+002  6.755774e-005
 8.539750e+002  6.672200e-005
 8.545937e+002  7.062214e-005
 8.552125e+002  6.652588e-005
 8.558312e+002  6.583401e-005
 8.564500e+002  6.718978e-005
 8.570687e+002  6.650530e-005
 8.576875e+002  7.263374e-005
 8.583062e+002  6.931246e-005
 8.589250e+002  6.622639e-005
 8.595437e+002  6.981689e-005
 8.601625e+002  6.840736e-005
 8.607812e+002  6.209700e-005
 8.614000e+002  6.449169e-005
 8.620187e+002  7.166704e-005
 8.626375e+002  7.021511e-005
 8.632562e+002  6.366354e-005
 8.638750e+002  6.700876e-005
 8.644937e+002  6.722574e-005
 8.651125e+002  6.425185e-005
 8.657312e+002  6.765420e-005
 8.663500e+002  6.939088e-005
 8.669687e+002  6.687124e-005
 8.675875e+002  6.977173e-005
 8.682062e+002  7.151803e-005
 8.688250e+002  6.678943e-005
 8.694437e+002  6.661701e-005
 8.700625e+002  6.555403e-005
 8.706812e+002  6.849706e-005
 8.713000e+002  7.110018e-005
 8.719187e+002  6.786928e-005
 8.725375e+002  6.511728e-005
 8.731562e+002  6.866369e-005
 8.737750e+002  6.507779e-005
 8.743937e+002  6.340989e-005
 8.750125e+002  6.356486e-005
 8.756312e+002  6.364937e-005
 8.762500e+002  6.915577e-005
 8.768687e+002  7.066616e-005
 8.774875e+002  6.780629e-005
 8.781062e+002  7.234883e-005
 8.787250e+002  6.967233e-005
 8.793437e+002  7.077734e-005
 8.799625e+002  7.583299e-005
 8.805812e+002  7.460852e-005
 8.812000e+002  6.926123e-005
 8.818187e+002  7.089045e-005
 8.824375e+002  7.638737e-005
 8.830562e+002  7.098172e-005
 8.836750e+002  6.865344e-005
 8.842937e+002  6.864978e-005
 8.849125e+002  6.890584e-005
 8.855312e+002  6.818994e-005
 8.861500e+002  6.414455e-005
 8.867687e+002  6.795089e-005
 8.873875e+002  6.688057e-005
 8.880062e+002  6.622831e-005
 8.886250e+002  6.611133e-005
 8.892437e+002  7.055224e-005
 8.898625e+002  7.099049e-005
 8.904812e+002  7.401621e-005
 8.911000e+002  7.133000e-005
 8.917187e+002  6.945197e-005
 8.923375e+002  6.925300e-005
 8.929562e+002  6.782771e-005
 8.935750e+002  6.861331e-005
 8.941937e+002  7.307917e-005
 8.948125e+002  6.703377e-005
 8.954312e+002  6.508597e-005
 8.960500e+002  7.003035e-005
 8.966687e+002  6.751143e-005
 8.972875e+002  7.075571e-005
 8.979062e+002  6.991038e-005
 8.985250e+002  7.267529e-005
 8.991437e+002  7.494505e-005
 8.997625e+002  7.148206e-005
 9.003812e+002  7.070742e-005
 9.010000e+002  7.030554e-005
 9.016187e+002  6.940668e-005
 9.022375e+002  6.873872e-005
 9.028562e+002  6.711016e-005
 9.034750e+002  6.762046e-005
 9.040937e+002  6.742804e-005
 9.047125e+002  6.695950e-005
 9.053312e+002  6.412158e-005
 9.059500e+002  6.765494e-005
 9.065687e+002  6.436064e-005
 9.071875e+002  6.883986e-005
 9.078062e+002  6.876130e-005
 9.084250e+002  6.473914e-005
 9.090437e+002  6.421923e-005
 9.096625e+002  6.682821e-005
 9.102812e+002  6.790590e-005
 9.109000e+002  6.630993e-005
 9.115187e+002  6.615842e-005
 9.121375e+002  6.872648e-005
 9.127562e+002  7.102108e-005
 9.133750e+002  6.850021e-005
 9.139937e+002  7.162056e-005
 9.146125e+002  7.230830e-005
 9.152312e+002  6.946589e-005
 9.158500e+002  6.964621e-005
 9.164687e+002  6.912161e-005
 9.170875e+002  7.102990e-005
 9.177062e+002  6.760408e-005
 9.183250e+002  6.781302e-005
 9.189437e+002  7.209126e-005
 9.195625e+002  7.249326e-005
 9.201812e+002  7.262769e-005
 9.208000e+002  7.189732e-005
 9.214187e+002  7.176346e-005
 9.220375e+002  6.679367e-005
 9.226562e+002  6.795120e-005
 9.232750e+002  6.709592e-005
 9.238937e+002  5.940091e-005
 9.245125e+002  5.927392e-005
 9.251312e+002  6.446969e-005
 9.257500e+002  6.440122e-005
 9.263687e+002  6.668996e-005
 9.269875e+002  6.585828e-005
 9.276062e+002  6.443042e-005
 9.282250e+002  6.419738e-005
 9.288437e+002  6.590863e-005
 9.294625e+002  6.450112e-005
 9.300812e+002  6.439726e-005
 9.307000e+002  6.756608e-005
 9.313187e+002  6.611685e-005
 9.319375e+002  6.754014e-005
 9.325562e+002  6.905909e-005
 9.331750e+002  6.745348e-005
 9.337937e+002  6.957147e-005
 9.344125e+002  6.793704e-005
 9.350312e+002  6.764978e-005
 9.356500e+002  7.236615e-005
 9.362687e+002  6.859443e-005
 9.368875e+002  6.652536e-005
 9.375062e+002  6.991529e-005
 9.381250e+002  6.920949e-005
 9.387437e+002  7.023338e-005
 9.393625e+002  6.757450e-005
 9.399812e+002  6.402770e-005
 9.406000e+002  6.725228e-005
 9.412187e+002  6.972177e-005
 9.418375e+002  7.044932e-005
 9.424562e+002  7.020293e-005
 9.430750e+002  6.732630e-005
 9.436937e+002  6.857951e-005
 9.443125e+002  6.632733e-005
 9.449312e+002  6.844779e-005
 9.455500e+002  6.784367e-005
 9.461687e+002  6.663838e-005
 9.467875e+002  6.404856e-005
 9.474062e+002  6.456929e-005
 9.480250e+002  6.767311e-005
 9.486437e+002  6.735806e-005
 9.492625e+002  7.338187e-005
 9.498812e+002  7.122574e-005
 9.505000e+002  6.350811e-005
 9.511187e+002  6.613384e-005
 9.517375e+002  6.523985e-005
 9.523562e+002  6.732722e-005
 9.529750e+002  6.684180e-005
 9.535937e+002  6.791475e-005
 9.542125e+002  6.848455e-005
 9.548312e+002  7.192578e-005
 9.554500e+002  6.678552e-005
 9.560687e+002  6.219544e-005
 9.566875e+002  6.435257e-005
 9.573062e+002  6.883808e-005
 9.579250e+002  6.933248e-005
 9.585437e+002  6.790590e-005
 9.591625e+002  7.052402e-005
 9.597812e+002  6.939801e-005
 9.604000e+002  7.012546e-005
 9.610187e+002  7.018580e-005
 9.616375e+002  6.623214e-005
 9.622562e+002  6.827824e-005
 9.628750e+002  7.163203e-005
 9.634937e+002  6.862003e-005
 9.641125e+002  6.280734e-005
 9.647312e+002  6.688870e-005
 9.653500e+002  7.126973e-005
 9.659687e+002  7.137456e-005
 9.665875e+002  6.343961e-005
 9.672062e+002  6.212108e-005
 9.678250e+002  6.588521e-005
 9.684437e+002  6.510906e-005
 9.690625e+002  6.991039e-005
 9.696812e+002  6.767589e-005
 9.703000e+002  6.561675e-005
 9.709187e+002  6.873091e-005
 9.715375e+002  6.377347e-005
 9.721562e+002  6.583847e-005
 9.727750e+002  6.718113e-005
 9.733937e+002  7.229204e-005
 9.740125e+002  7.239615e-005
 9.746312e+002  7.213371e-005
 9.752500e+002  6.898574e-005
 9.758687e+002  7.000991e-005
 9.764875e+002  7.029863e-005
 9.771062e+002  6.547307e-005
 9.777250e+002  6.638071e-005
 9.783437e+002  7.231106e-005
 9.789625e+002  7.097072e-005
 9.795812e+002  6.996874e-005
 9.802000e+002  6.608919e-005
 9.808187e+002  6.709237e-005
 9.814375e+002  6.534687e-005
 9.820562e+002  6.263035e-005
 9.826750e+002  6.081984e-005
 9.832937e+002  6.413943e-005
 9.839125e+002  6.988734e-005
 9.845312e+002  6.390998e-005
 9.851500e+002  6.389522e-005
 9.857687e+002  6.642552e-005
 9.863875e+002  6.774667e-005
 9.870062e+002  6.923585e-005
 9.876250e+002  6.624282e-005
 9.882437e+002  6.659150e-005
 9.888625e+002  7.091256e-005
 9.894812e+002  6.850202e-005
 9.901000e+002  6.381862e-005
 9.907187e+002  6.806149e-005
 9.913375e+002  6.719693e-005
 9.919562e+002  6.896612e-005
 9.925750e+002  7.349345e-005
 9.931937e+002  7.369621e-005
 9.938125e+002  6.942459e-005
 9.944312e+002  6.813348e-005
 9.950500e+002  6.682833e-005
 9.956687e+002  6.529123e-005
 9.962875e+002  6.760998e-005
 9.969062e+002  6.380244e-005
 9.975250e+002  6.169480e-005
 9.981437e+002  6.878077e-005
 9.987625e+002  7.494080e-005
 9.993812e+002  7.327793e-005
 1.000000e+003  6.761859e-005
