 1.000000e+001  6.857458e-004
 1.061875e+001  8.718610e-004
 1.123750e+001  9.151239e-004
 1.185625e+001  6.925399e-004
 1.247500e+001  8.164288e-004
 1.309375e+001  7.023456e-004
 1.371250e+001  6.014225e-004
 1.433125e+001  7.618082e-004
 1.495000e+001  8.101612e-004
 1.556875e+001  9.533619e-004
 1.618750e+001  8.645694e-004
 1.680625e+001  7.335762e-004
 1.742500e+001  8.746668e-004
 1.804375e+001  8.219244e-004
 1.866250e+001  6.167622e-004
 1.928125e+001  7.488654e-004
 1.990000e+001  6.558175e-004
 2.051875e+001  6.990987e-004
 2.113750e+001  5.581895e-004
 2.175625e+001  4.613547e-004
 2.237500e+001  3.741024e-004
 2.299375e+001  4.720938e-004
 2.361250e+001  6.209451e-004
 2.423125e+001  5.635285e-004
 2.485000e+001  5.523978e-004
 2.546875e+001  5.826133e-004
 2.608750e+001  7.602795e-004
 2.670625e+001  7.573043e-004
 2.732500e+001  6.126865e-004
 2.794375e+001  6.270395e-004
 2.856250e+001  6.616799e-004
 2.918125e+001  8.787883e-004
 2.980000e+001  8.081064e-004
 3.041875e+001  8.454245e-004
 3.103750e+001  5.672763e-004
 3.165625e+001  5.591503e-004
 3.227500e+001  5.252389e-004
 3.289375e+001  5.106027e-004
 3.351250e+001  4.420772e-004
 3.413125e+001  4.610853e-004
 3.475000e+001  3.775519e-004
 3.536875e+001  5.694781e-004
 3.598750e+001  5.755399e-004
 3.660625e+001  4.845863e-004
 3.722500e+001  5.635055e-004
 3.784375e+001  5.996782e-004
 3.846250e+001  5.069408e-004
 3.908125e+001  3.721993e-004
 3.970000e+001  5.148048e-004
 4.031875e+001  6.028669e-004
 4.093750e+001  6.329469e-004
 4.155625e+001  5.645753e-004
 4.217500e+001  4.695112e-004
 4.279375e+001  4.629761e-004
 4.341250e+001  4.841046e-004
 4.403125e+001  4.008367e-004
 4.465000e+001  3.432374e-004
 4.526875e+001  2.615560e-004
 4.588750e+001  3.238885e-004
 4.650625e+001  4.190332e-004
 4.712500e+001  4.805020e-004
 4.774375e+001  3.899339e-004
 4.836250e+001  3.502924e-004
 4.898125e+001  8.444844e-004
 4.960000e+001  6.356115e-003
 5.021875e+001  8.198730e-003
 5.083750e+001  2.507825e-003
 5.145625e+001  6.286562e-004
 5.207500e+001  5.319223e-004
 5.269375e+001  4.740780e-004
 5.331250e+001  4.646290e-004
 5.393125e+001  4.731423e-004
 5.455000e+001  4.223804e-004
 5.516875e+001  4.997521e-004
 5.578750e+001  4.480527e-004
 5.640625e+001  4.303698e-004
 5.702500e+001  3.924948e-004
 5.764375e+001  3.644013e-004
 5.826250e+001  5.580642e-004
 5.888125e+001  5.836358e-004
 5.950000e+001  6.761211e-004
 6.011875e+001  8.183097e-004
 6.073750e+001  5.497809e-004
 6.135625e+001  4.087202e-004
 6.197500e+001  3.116970e-004
 6.259375e+001  3.221635e-004
 6.321250e+001  4.535016e-004
 6.383125e+001  3.942588e-004
 6.445000e+001  3.610181e-004
 6.506875e+001  5.080979e-004
 6.568750e+001  4.850364e-004
 6.630625e+001  3.852159e-004
 6.692500e+001  3.986224e-004
 6.754375e+001  5.062150e-004
 6.816250e+001  5.064424e-004
 6.878125e+001  3.456373e-004
 6.940000e+001  4.454960e-004
 7.001875e+001  4.117327e-004
 7.063750e+001  3.982174e-004
 7.125625e+001  3.781683e-004
 7.187500e+001  3.799408e-004
 7.249375e+001  3.713543e-004
 7.311250e+001  3.509476e-004
 7.373125e+001  3.774209e-004
 7.435000e+001  3.654533e-004
 7.496875e+001  4.321526e-004
 7.558750e+001  4.856095e-004
 7.620625e+001  3.723296e-004
 7.682500e+001  3.276336e-004
 7.744375e+001  3.364664e-004
 7.806250e+001  2.982818e-004
 7.868125e+001  2.585572e-004
 7.930000e+001  2.942441e-004
 7.991875e+001  3.357976e-004
 8.053750e+001  3.198199e-004
 8.115625e+001  2.730412e-004
 8.177500e+001  2.949022e-004
 8.239375e+001  3.193261e-004
 8.301250e+001  3.133940e-004
 8.363125e+001  3.240720e-004
 8.425000e+001  3.592809e-004
 8.486875e+001  3.176834e-004
 8.548750e+001  3.237779e-004
 8.610625e+001  3.288126e-004
 8.672500e+001  2.620012e-004
 8.734375e+001  2.871729e-004
 8.796250e+001  3.439005e-004
 8.858125e+001  4.130263e-004
 8.920000e+001  3.780239e-004
 8.981875e+001  3.524859e-004
 9.043750e+001  3.559004e-004
 9.105625e+001  3.293638e-004
 9.167500e+001  3.676475e-004
 9.229375e+001  3.226121e-004
 9.291250e+001  3.244822e-004
 9.353125e+001  3.638371e-004
 9.415000e+001  2.776257e-004
 9.476875e+001  2.740316e-004
 9.538750e+001  3.641648e-004
 9.600625e+001  2.889975e-004
 9.662500e+001  3.031764e-004
 9.724375e+001  2.589042e-004
 9.786250e+001  3.145131e-004
 9.848125e+001  3.302461e-004
 9.910000e+001  3.436919e-004
 9.971875e+001  3.956322e-004
 1.003375e+002  3.780583e-004
 1.009563e+002  2.634400e-004
 1.015750e+002  2.180422e-004
 1.021938e+002  2.485784e-004
 1.028125e+002  2.993513e-004
 1.034313e+002  2.931374e-004
 1.040500e+002  2.629788e-004
 1.046688e+002  2.557586e-004
 1.052875e+002  3.130431e-004
 1.059063e+002  3.699423e-004
 1.065250e+002  3.795560e-004
 1.071438e+002  3.354688e-004
 1.077625e+002  3.506354e-004
 1.083813e+002  3.318396e-004
 1.090000e+002  2.398005e-004
 1.096188e+002  3.065056e-004
 1.102375e+002  3.632658e-004
 1.108563e+002  3.022430e-004
 1.114750e+002  2.541462e-004
 1.120938e+002  1.970630e-004
 1.127125e+002  2.158112e-004
 1.133313e+002  1.953637e-004
 1.139500e+002  2.986123e-004
 1.145688e+002  3.641891e-004
 1.151875e+002  2.763779e-004
 1.158063e+002  2.891402e-004
 1.164250e+002  3.551116e-004
 1.170438e+002  2.867998e-004
 1.176625e+002  2.512273e-004
 1.182813e+002  2.834629e-004
 1.189000e+002  2.847283e-004
 1.195188e+002  4.753639e-004
 1.201375e+002  6.798104e-004
 1.207563e+002  3.617275e-004
 1.213750e+002  2.939673e-004
 1.219938e+002  2.304421e-004
 1.226125e+002  3.317599e-004
 1.232313e+002  3.482941e-004
 1.238500e+002  3.321706e-004
 1.244688e+002  2.905247e-004
 1.250875e+002  3.269052e-004
 1.257063e+002  2.903204e-004
 1.263250e+002  2.406333e-004
 1.269438e+002  2.321661e-004
 1.275625e+002  2.446445e-004
 1.281813e+002  2.639560e-004
 1.288000e+002  3.004115e-004
 1.294188e+002  3.176044e-004
 1.300375e+002  2.718584e-004
 1.306563e+002  2.462003e-004
 1.312750e+002  2.106836e-004
 1.318938e+002  2.283620e-004
 1.325125e+002  2.705087e-004
 1.331313e+002  2.510529e-004
 1.337500e+002  2.317190e-004
 1.343688e+002  2.419767e-004
 1.349875e+002  2.235881e-004
 1.356063e+002  1.612795e-004
 1.362250e+002  1.897887e-004
 1.368438e+002  2.550686e-004
 1.374625e+002  2.513720e-004
 1.380813e+002  2.280392e-004
 1.387000e+002  1.958928e-004
 1.393188e+002  2.153167e-004
 1.399375e+002  2.561154e-004
 1.405563e+002  2.073101e-004
 1.411750e+002  2.999840e-004
 1.417938e+002  3.947627e-004
 1.424125e+002  3.993851e-004
 1.430313e+002  3.051500e-004
 1.436500e+002  2.442988e-004
 1.442688e+002  2.590851e-004
 1.448875e+002  2.547622e-004
 1.455063e+002  2.801433e-004
 1.461250e+002  2.838362e-004
 1.467438e+002  2.772597e-004
 1.473625e+002  3.199458e-004
 1.479813e+002  2.500297e-004
 1.486000e+002  4.248873e-004
 1.492188e+002  2.583922e-003
 1.498375e+002  1.014487e-002
 1.504563e+002  8.866644e-003
 1.510750e+002  1.417218e-003
 1.516938e+002  3.172409e-004
 1.523125e+002  2.627625e-004
 1.529313e+002  2.085387e-004
 1.535500e+002  1.609705e-004
 1.541688e+002  2.459396e-004
 1.547875e+002  1.915532e-004
 1.554063e+002  2.043894e-004
 1.560250e+002  2.302404e-004
 1.566438e+002  2.313415e-004
 1.572625e+002  2.583610e-004
 1.578813e+002  2.787495e-004
 1.585000e+002  1.972512e-004
 1.591188e+002  2.076812e-004
 1.597375e+002  2.686276e-004
 1.603563e+002  2.724990e-004
 1.609750e+002  2.433670e-004
 1.615938e+002  2.157023e-004
 1.622125e+002  2.239271e-004
 1.628313e+002  2.461047e-004
 1.634500e+002  2.419033e-004
 1.640688e+002  2.023975e-004
 1.646875e+002  2.200790e-004
 1.653063e+002  2.433958e-004
 1.659250e+002  2.318351e-004
 1.665438e+002  2.847443e-004
 1.671625e+002  3.207546e-004
 1.677813e+002  2.553494e-004
 1.684000e+002  2.231149e-004
 1.690188e+002  2.516707e-004
 1.696375e+002  3.038697e-004
 1.702563e+002  2.412795e-004
 1.708750e+002  2.087524e-004
 1.714938e+002  2.370056e-004
 1.721125e+002  2.504775e-004
 1.727313e+002  1.858602e-004
 1.733500e+002  1.953085e-004
 1.739688e+002  1.874116e-004
 1.745875e+002  1.848793e-004
 1.752063e+002  2.184494e-004
 1.758250e+002  2.056934e-004
 1.764438e+002  2.010078e-004
 1.770625e+002  2.487646e-004
 1.776813e+002  2.869010e-004
 1.783000e+002  2.509552e-004
 1.789188e+002  2.364021e-004
 1.795375e+002  5.187456e-004
 1.801563e+002  7.880572e-004
 1.807750e+002  3.751695e-004
 1.813938e+002  2.120439e-004
 1.820125e+002  2.043785e-004
 1.826313e+002  2.114408e-004
 1.832500e+002  2.157599e-004
 1.838688e+002  2.117417e-004
 1.844875e+002  1.892925e-004
 1.851063e+002  2.169436e-004
 1.857250e+002  2.200550e-004
 1.863438e+002  2.173407e-004
 1.869625e+002  1.763516e-004
 1.875813e+002  1.973035e-004
 1.882000e+002  2.369780e-004
 1.888188e+002  2.135198e-004
 1.894375e+002  2.273374e-004
 1.900563e+002  2.294031e-004
 1.906750e+002  2.265399e-004
 1.912938e+002  2.386171e-004
 1.919125e+002  2.201485e-004
 1.925313e+002  2.201197e-004
 1.931500e+002  1.613401e-004
 1.937688e+002  2.035448e-004
 1.943875e+002  1.718210e-004
 1.950063e+002  1.629942e-004
 1.956250e+002  1.836455e-004
 1.962438e+002  2.503576e-004
 1.968625e+002  2.942599e-004
 1.974813e+002  2.571322e-004
 1.981000e+002  2.363221e-004
 1.987188e+002  2.735952e-004
 1.993375e+002  2.802710e-004
 1.999563e+002  2.484548e-004
 2.005750e+002  2.402476e-004
 2.011938e+002  2.217123e-004
 2.018125e+002  2.229037e-004
 2.024313e+002  2.484447e-004
 2.030500e+002  2.347265e-004
 2.036688e+002  2.163303e-004
 2.042875e+002  2.218419e-004
 2.049063e+002  2.034523e-004
 2.055250e+002  2.211041e-004
 2.061438e+002  2.110693e-004
 2.067625e+002  2.010021e-004
 2.073813e+002  2.221853e-004
 2.080000e+002  2.680191e-004
 2.086188e+002  2.503110e-004
 2.092375e+002  2.897688e-004
 2.098563e+002  2.751653e-004
 2.104750e+002  2.056118e-004
 2.110938e+002  2.241623e-004
 2.117125e+002  2.516084e-004
 2.123313e+002  2.353318e-004
 2.129500e+002  2.192413e-004
 2.135688e+002  1.905974e-004
 2.141875e+002  2.189968e-004
 2.148063e+002  2.574465e-004
 2.154250e+002  2.639708e-004
 2.160438e+002  2.027872e-004
 2.166625e+002  2.270791e-004
 2.172813e+002  2.561568e-004
 2.179000e+002  2.280566e-004
 2.185188e+002  2.207067e-004
 2.191375e+002  1.839613e-004
 2.197563e+002  1.881701e-004
 2.203750e+002  2.236894e-004
 2.209938e+002  1.906217e-004
 2.216125e+002  1.936966e-004
 2.222313e+002  2.044778e-004
 2.228500e+002  2.072509e-004
 2.234688e+002  2.079272e-004
 2.240875e+002  2.057858e-004
 2.247063e+002  1.561389e-004
 2.253250e+002  1.621418e-004
 2.259438e+002  1.752744e-004
 2.265625e+002  1.935209e-004
 2.271813e+002  2.000554e-004
 2.278000e+002  1.931147e-004
 2.284188e+002  2.157463e-004
 2.290375e+002  2.068299e-004
 2.296563e+002  1.510693e-004
 2.302750e+002  1.523607e-004
 2.308938e+002  1.913982e-004
 2.315125e+002  1.769146e-004
 2.321313e+002  1.846800e-004
 2.327500e+002  1.971518e-004
 2.333688e+002  1.783184e-004
 2.339875e+002  1.965173e-004
 2.346063e+002  2.120402e-004
 2.352250e+002  2.088539e-004
 2.358438e+002  1.990152e-004
 2.364625e+002  1.738638e-004
 2.370813e+002  1.814227e-004
 2.377000e+002  2.136974e-004
 2.383188e+002  2.306235e-004
 2.389375e+002  2.132818e-004
 2.395563e+002  5.158965e-004
 2.401750e+002  8.148272e-004
 2.407938e+002  3.786600e-004
 2.414125e+002  1.967954e-004
 2.420313e+002  2.253296e-004
 2.426500e+002  2.341092e-004
 2.432688e+002  1.939728e-004
 2.438875e+002  1.511536e-004
 2.445063e+002  1.457316e-004
 2.451250e+002  1.631301e-004
 2.457438e+002  1.866084e-004
 2.463625e+002  1.939063e-004
 2.469813e+002  2.022775e-004
 2.476000e+002  2.068989e-004
 2.482188e+002  2.257649e-004
 2.488375e+002  2.159529e-004
 2.494563e+002  2.140739e-004
 2.500750e+002  2.869393e-004
 2.506938e+002  2.759052e-004
 2.513125e+002  2.436556e-004
 2.519313e+002  2.054854e-004
 2.525500e+002  1.886213e-004
 2.531688e+002  1.753456e-004
 2.537875e+002  1.783113e-004
 2.544063e+002  1.805469e-004
 2.550250e+002  1.905666e-004
 2.556438e+002  1.933939e-004
 2.562625e+002  2.082741e-004
 2.568813e+002  2.362191e-004
 2.575000e+002  2.394169e-004
 2.581188e+002  1.727430e-004
 2.587375e+002  2.161048e-004
 2.593563e+002  1.804895e-004
 2.599750e+002  1.638672e-004
 2.605938e+002  1.918582e-004
 2.612125e+002  2.054786e-004
 2.618313e+002  1.915296e-004
 2.624500e+002  1.811756e-004
 2.630688e+002  1.683261e-004
 2.636875e+002  1.976940e-004
 2.643063e+002  1.536501e-004
 2.649250e+002  1.251320e-004
 2.655438e+002  1.915981e-004
 2.661625e+002  1.988216e-004
 2.667813e+002  1.758668e-004
 2.674000e+002  1.826477e-004
 2.680188e+002  1.854571e-004
 2.686375e+002  1.839391e-004
 2.692563e+002  2.350151e-004
 2.698750e+002  2.150356e-004
 2.704938e+002  2.269350e-004
 2.711125e+002  2.621835e-004
 2.717313e+002  2.424517e-004
 2.723500e+002  2.189157e-004
 2.729688e+002  1.972516e-004
 2.735875e+002  2.156710e-004
 2.742063e+002  2.143930e-004
 2.748250e+002  2.321452e-004
 2.754438e+002  2.443688e-004
 2.760625e+002  2.129402e-004
 2.766813e+002  1.816644e-004
 2.773000e+002  1.587036e-004
 2.779188e+002  1.882481e-004
 2.785375e+002  2.143502e-004
 2.791563e+002  2.374876e-004
 2.797750e+002  2.444441e-004
 2.803938e+002  2.173908e-004
 2.810125e+002  2.347195e-004
 2.816313e+002  3.758697e-004
 2.822500e+002  5.804439e-004
 2.828688e+002  2.993264e-004
 2.834875e+002  2.228693e-004
 2.841063e+002  2.383581e-004
 2.847250e+002  2.548847e-004
 2.853438e+002  2.641417e-004
 2.859625e+002  2.602519e-004
 2.865813e+002  2.436346e-004
 2.872000e+002  2.486162e-004
 2.878188e+002  2.513561e-004
 2.884375e+002  2.147033e-004
 2.890563e+002  2.283481e-004
 2.896750e+002  2.748347e-004
 2.902938e+002  2.221488e-004
 2.909125e+002  1.742796e-004
 2.915313e+002  1.905804e-004
 2.921500e+002  1.860006e-004
 2.927688e+002  1.614499e-004
 2.933875e+002  1.642741e-004
 2.940063e+002  1.581679e-004
 2.946250e+002  1.785316e-004
 2.952438e+002  1.643051e-004
 2.958625e+002  1.580852e-004
 2.964813e+002  2.139940e-004
 2.971000e+002  2.013137e-004
 2.977188e+002  1.911959e-004
 2.983375e+002  1.785860e-004
 2.989563e+002  1.859174e-004
 2.995750e+002  5.341418e-004
 3.001938e+002  8.579765e-004
 3.008125e+002  4.021132e-004
 3.014313e+002  1.798548e-004
 3.020500e+002  1.644933e-004
 3.026688e+002  1.476400e-004
 3.032875e+002  1.759468e-004
 3.039063e+002  1.792908e-004
 3.045250e+002  1.906959e-004
 3.051438e+002  1.666032e-004
 3.057625e+002  1.750427e-004
 3.063813e+002  1.726374e-004
 3.070000e+002  1.411085e-004
 3.076188e+002  1.527726e-004
 3.082375e+002  1.979833e-004
 3.088563e+002  2.224452e-004
 3.094750e+002  2.073014e-004
 3.100938e+002  1.704520e-004
 3.107125e+002  1.650866e-004
 3.113313e+002  1.526554e-004
 3.119500e+002  1.572091e-004
 3.125688e+002  1.570504e-004
 3.131875e+002  1.997940e-004
 3.138063e+002  2.006769e-004
 3.144250e+002  2.429549e-004
 3.150437e+002  2.094790e-004
 3.156625e+002  1.958586e-004
 3.162812e+002  1.937248e-004
 3.169000e+002  1.753632e-004
 3.175187e+002  2.037377e-004
 3.181375e+002  2.282625e-004
 3.187562e+002  1.646628e-004
 3.193750e+002  1.670006e-004
 3.199937e+002  1.973929e-004
 3.206125e+002  1.707472e-004
 3.212312e+002  1.732777e-004
 3.218500e+002  1.873032e-004
 3.224687e+002  1.604488e-004
 3.230875e+002  1.414953e-004
 3.237062e+002  1.690697e-004
 3.243250e+002  1.680731e-004
 3.249437e+002  1.898172e-004
 3.255625e+002  2.184772e-004
 3.261812e+002  1.861922e-004
 3.268000e+002  1.766366e-004
 3.274187e+002  1.692879e-004
 3.280375e+002  1.541883e-004
 3.286562e+002  1.475707e-004
 3.292750e+002  1.535028e-004
 3.298937e+002  1.815264e-004
 3.305125e+002  1.764640e-004
 3.311312e+002  1.926421e-004
 3.317500e+002  1.901736e-004
 3.323687e+002  1.626763e-004
 3.329875e+002  1.739122e-004
 3.336062e+002  1.834489e-004
 3.342250e+002  1.867616e-004
 3.348437e+002  1.815941e-004
 3.354625e+002  1.697701e-004
 3.360812e+002  1.636776e-004
 3.367000e+002  1.784451e-004
 3.373187e+002  1.785165e-004
 3.379375e+002  1.942679e-004
 3.385562e+002  1.781395e-004
 3.391750e+002  1.945568e-004
 3.397937e+002  1.925814e-004
 3.404125e+002  2.079087e-004
 3.410312e+002  1.759335e-004
 3.416500e+002  1.705674e-004
 3.422687e+002  1.835245e-004
 3.428875e+002  1.992785e-004
 3.435062e+002  2.136712e-004
 3.441250e+002  1.864823e-004
 3.447437e+002  1.729941e-004
 3.453625e+002  1.669274e-004
 3.459812e+002  1.775591e-004
 3.466000e+002  2.128204e-004
 3.472187e+002  2.143326e-004
 3.478375e+002  1.566373e-004
 3.484562e+002  1.668740e-004
 3.490750e+002  1.653103e-004
 3.496937e+002  1.500851e-003
 3.503125e+002  2.308568e-003
 3.509312e+002  8.851869e-004
 3.515500e+002  1.740958e-004
 3.521687e+002  1.638461e-004
 3.527875e+002  1.604474e-004
 3.534062e+002  1.840681e-004
 3.540250e+002  1.833067e-004
 3.546437e+002  1.457268e-004
 3.552625e+002  1.618336e-004
 3.558812e+002  1.690511e-004
 3.565000e+002  1.918550e-004
 3.571187e+002  1.754793e-004
 3.577375e+002  1.728209e-004
 3.583562e+002  1.770249e-004
 3.589750e+002  1.722031e-004
 3.595937e+002  5.490661e-004
 3.602125e+002  9.043123e-004
 3.608312e+002  4.264452e-004
 3.614500e+002  1.497819e-004
 3.620687e+002  1.645521e-004
 3.626875e+002  1.936687e-004
 3.633062e+002  1.927788e-004
 3.639250e+002  1.974794e-004
 3.645437e+002  1.889143e-004
 3.651625e+002  1.574962e-004
 3.657812e+002  1.860793e-004
 3.664000e+002  1.782732e-004
 3.670187e+002  1.497127e-004
 3.676375e+002  1.681816e-004
 3.682562e+002  1.804065e-004
 3.688750e+002  1.952238e-004
 3.694937e+002  1.911614e-004
 3.701125e+002  1.681830e-004
 3.707312e+002  1.566242e-004
 3.713500e+002  2.005682e-004
 3.719687e+002  1.761534e-004
 3.725875e+002  1.726812e-004
 3.732062e+002  1.994302e-004
 3.738250e+002  2.062855e-004
 3.744437e+002  1.915991e-004
 3.750625e+002  1.658871e-004
 3.756812e+002  1.727488e-004
 3.763000e+002  2.031699e-004
 3.769187e+002  1.770224e-004
 3.775375e+002  1.816223e-004
 3.781562e+002  2.138671e-004
 3.787750e+002  1.934632e-004
 3.793937e+002  1.473820e-004
 3.800125e+002  1.489597e-004
 3.806312e+002  1.648692e-004
 3.812500e+002  1.562343e-004
 3.818687e+002  1.995716e-004
 3.824875e+002  1.893032e-004
 3.831062e+002  1.672481e-004
 3.837250e+002  1.661914e-004
 3.843437e+002  1.581696e-004
 3.849625e+002  1.502015e-004
 3.855812e+002  1.782863e-004
 3.862000e+002  1.900739e-004
 3.868187e+002  1.991537e-004
 3.874375e+002  1.484384e-004
 3.880562e+002  1.364248e-004
 3.886750e+002  1.798397e-004
 3.892937e+002  1.904511e-004
 3.899125e+002  1.980871e-004
 3.905312e+002  1.903421e-004
 3.911500e+002  1.737092e-004
 3.917687e+002  1.563804e-004
 3.923875e+002  1.660091e-004
 3.930062e+002  1.654985e-004
 3.936250e+002  1.903874e-004
 3.942437e+002  1.916361e-004
 3.948625e+002  1.837034e-004
 3.954812e+002  1.657615e-004
 3.961000e+002  1.809602e-004
 3.967187e+002  2.010502e-004
 3.973375e+002  1.494049e-004
 3.979562e+002  1.446520e-004
 3.985750e+002  1.802196e-004
 3.991937e+002  1.790953e-004
 3.998125e+002  1.910957e-004
 4.004312e+002  2.026789e-004
 4.010500e+002  1.639542e-004
 4.016687e+002  1.531895e-004
 4.022875e+002  1.450969e-004
 4.029062e+002  1.432179e-004
 4.035250e+002  1.656136e-004
 4.041437e+002  1.612156e-004
 4.047625e+002  1.638977e-004
 4.053812e+002  1.386266e-004
 4.060000e+002  1.496453e-004
 4.066187e+002  1.765527e-004
 4.072375e+002  1.726533e-004
 4.078562e+002  1.741759e-004
 4.084750e+002  1.682152e-004
 4.090937e+002  1.492537e-004
 4.097125e+002  1.629068e-004
 4.103312e+002  1.721759e-004
 4.109500e+002  1.714999e-004
 4.115687e+002  1.361383e-004
 4.121875e+002  1.562358e-004
 4.128062e+002  1.317708e-004
 4.134250e+002  1.671049e-004
 4.140437e+002  1.966555e-004
 4.146625e+002  1.736414e-004
 4.152812e+002  1.523233e-004
 4.159000e+002  1.458782e-004
 4.165187e+002  1.552906e-004
 4.171375e+002  1.514843e-004
 4.177562e+002  1.609611e-004
 4.183750e+002  1.537427e-004
 4.189937e+002  1.724337e-004
 4.196125e+002  5.192829e-004
 4.202312e+002  8.560105e-004
 4.208500e+002  3.863587e-004
 4.214687e+002  2.161106e-004
 4.220875e+002  1.766882e-004
 4.227062e+002  1.463788e-004
 4.233250e+002  1.770030e-004
 4.239437e+002  1.824067e-004
 4.245625e+002  2.013178e-004
 4.251812e+002  1.914632e-004
 4.258000e+002  1.566249e-004
 4.264187e+002  1.556792e-004
 4.270375e+002  1.393993e-004
 4.276562e+002  1.610231e-004
 4.282750e+002  1.650535e-004
 4.288937e+002  1.655353e-004
 4.295125e+002  1.434487e-004
 4.301312e+002  1.772442e-004
 4.307500e+002  1.681796e-004
 4.313687e+002  1.874130e-004
 4.319875e+002  1.714779e-004
 4.326062e+002  1.773350e-004
 4.332250e+002  1.509925e-004
 4.338437e+002  1.680521e-004
 4.344625e+002  1.842826e-004
 4.350812e+002  1.846115e-004
 4.357000e+002  1.593782e-004
 4.363187e+002  1.681676e-004
 4.369375e+002  1.896154e-004
 4.375562e+002  1.642862e-004
 4.381750e+002  1.566349e-004
 4.387937e+002  1.508078e-004
 4.394125e+002  1.374904e-004
 4.400312e+002  1.320598e-004
 4.406500e+002  1.751505e-004
 4.412687e+002  1.868815e-004
 4.418875e+002  1.646812e-004
 4.425062e+002  1.718759e-004
 4.431250e+002  2.135051e-004
 4.437437e+002  2.013594e-004
 4.443625e+002  1.865390e-004
 4.449812e+002  2.227835e-004
 4.456000e+002  2.106091e-004
 4.462187e+002  1.560964e-004
 4.468375e+002  1.979727e-004
 4.474562e+002  1.996798e-004
 4.480750e+002  1.574341e-004
 4.486937e+002  1.940059e-004
 4.493125e+002  3.089124e-004
 4.499312e+002  1.316537e-003
 4.505500e+002  1.345190e-003
 4.511687e+002  3.069848e-004
 4.517875e+002  1.549748e-004
 4.524062e+002  1.695658e-004
 4.530250e+002  1.640744e-004
 4.536437e+002  1.430946e-004
 4.542625e+002  1.413759e-004
 4.548812e+002  1.593287e-004
 4.555000e+002  1.558107e-004
 4.561187e+002  1.615394e-004
 4.567375e+002  1.803583e-004
 4.573562e+002  1.684706e-004
 4.579750e+002  1.565719e-004
 4.585937e+002  1.633542e-004
 4.592125e+002  1.409787e-004
 4.598312e+002  1.615001e-004
 4.604500e+002  2.012411e-004
 4.610687e+002  2.141123e-004
 4.616875e+002  2.139230e-004
 4.623062e+002  1.969426e-004
 4.629250e+002  1.775648e-004
 4.635437e+002  1.679485e-004
 4.641625e+002  1.865063e-004
 4.647812e+002  1.884767e-004
 4.654000e+002  1.647585e-004
 4.660187e+002  1.383558e-004
 4.666375e+002  1.673550e-004
 4.672562e+002  1.518744e-004
 4.678750e+002  1.358933e-004
 4.684937e+002  1.429679e-004
 4.691125e+002  1.469758e-004
 4.697312e+002  1.532750e-004
 4.703500e+002  1.772706e-004
 4.709687e+002  1.702636e-004
 4.715875e+002  1.770130e-004
 4.722062e+002  1.742817e-004
 4.728250e+002  1.853642e-004
 4.734437e+002  1.684161e-004
 4.740625e+002  1.667318e-004
 4.746812e+002  1.731242e-004
 4.753000e+002  1.792046e-004
 4.759187e+002  1.852906e-004
 4.765375e+002  1.545637e-004
 4.771562e+002  1.524405e-004
 4.777750e+002  1.439484e-004
 4.783937e+002  1.462184e-004
 4.790125e+002  1.877543e-004
 4.796312e+002  5.562342e-004
 4.802500e+002  8.953485e-004
 4.808687e+002  4.224642e-004
 4.814875e+002  2.035734e-004
 4.821062e+002  2.065573e-004
 4.827250e+002  1.771009e-004
 4.833437e+002  1.641795e-004
 4.839625e+002  1.211747e-004
 4.845812e+002  1.399124e-004
 4.852000e+002  1.704748e-004
 4.858187e+002  1.640947e-004
 4.864375e+002  1.384884e-004
 4.870562e+002  1.303190e-004
 4.876750e+002  1.531598e-004
 4.882937e+002  1.756867e-004
 4.889125e+002  1.869189e-004
 4.895312e+002  1.686612e-004
 4.901500e+002  1.613090e-004
 4.907687e+002  1.567271e-004
 4.913875e+002  1.515290e-004
 4.920062e+002  1.817268e-004
 4.926250e+002  1.482868e-004
 4.932437e+002  1.599995e-004
 4.938625e+002  1.871585e-004
 4.944812e+002  1.677771e-004
 4.951000e+002  1.488629e-004
 4.957187e+002  1.600509e-004
 4.963375e+002  1.656117e-004
 4.969562e+002  1.502400e-004
 4.975750e+002  1.695369e-004
 4.981937e+002  1.475330e-004
 4.988125e+002  1.469818e-004
 4.994312e+002  1.482656e-004
 5.000500e+002  1.730274e-004
 5.006687e+002  1.834112e-004
 5.012875e+002  1.528095e-004
 5.019062e+002  1.425394e-004
 5.025250e+002  1.689071e-004
 5.031437e+002  1.649125e-004
 5.037625e+002  1.513109e-004
 5.043812e+002  1.500903e-004
 5.050000e+002  1.293331e-004
 5.056187e+002  1.424251e-004
 5.062375e+002  1.569486e-004
 5.068562e+002  1.195094e-004
 5.074750e+002  1.602095e-004
 5.080937e+002  1.803853e-004
 5.087125e+002  1.562166e-004
 5.093312e+002  1.373684e-004
 5.099500e+002  1.574916e-004
 5.105687e+002  1.617806e-004
 5.111875e+002  1.557459e-004
 5.118062e+002  1.595448e-004
 5.124250e+002  1.711275e-004
 5.130437e+002  1.726956e-004
 5.136625e+002  1.569944e-004
 5.142812e+002  1.356182e-004
 5.149000e+002  1.565155e-004
 5.155187e+002  1.748917e-004
 5.161375e+002  1.448120e-004
 5.167562e+002  1.370372e-004
 5.173750e+002  1.432348e-004
 5.179937e+002  1.468683e-004
 5.186125e+002  1.491339e-004
 5.192312e+002  1.528133e-004
 5.198500e+002  1.614248e-004
 5.204687e+002  1.491883e-004
 5.210875e+002  1.550894e-004
 5.217062e+002  1.829594e-004
 5.223250e+002  1.633643e-004
 5.229437e+002  1.150419e-004
 5.235625e+002  1.204178e-004
 5.241812e+002  1.674636e-004
 5.248000e+002  1.754209e-004
 5.254187e+002  1.514411e-004
 5.260375e+002  1.540509e-004
 5.266562e+002  1.719907e-004
 5.272750e+002  1.876913e-004
 5.278937e+002  1.675094e-004
 5.285125e+002  1.671819e-004
 5.291312e+002  1.577333e-004
 5.297500e+002  1.432228e-004
 5.303687e+002  1.438950e-004
 5.309875e+002  1.437640e-004
 5.316062e+002  1.581307e-004
 5.322250e+002  1.569823e-004
 5.328437e+002  1.629652e-004
 5.334625e+002  1.649255e-004
 5.340812e+002  1.620758e-004
 5.347000e+002  1.351056e-004
 5.353187e+002  1.312036e-004
 5.359375e+002  1.416583e-004
 5.365562e+002  1.577966e-004
 5.371750e+002  1.518392e-004
 5.377937e+002  1.463136e-004
 5.384125e+002  1.558311e-004
 5.390312e+002  1.538919e-004
 5.396500e+002  5.069490e-004
 5.402687e+002  8.742903e-004
 5.408875e+002  3.923596e-004
 5.415062e+002  1.546877e-004
 5.421250e+002  1.416222e-004
 5.427437e+002  1.446935e-004
 5.433625e+002  1.338140e-004
 5.439812e+002  1.277305e-004
 5.446000e+002  1.238961e-004
 5.452187e+002  1.639298e-004
 5.458375e+002  1.746657e-004
 5.464562e+002  1.545731e-004
 5.470750e+002  1.634333e-004
 5.476937e+002  1.603263e-004
 5.483125e+002  1.325501e-004
 5.489312e+002  1.477685e-004
 5.495500e+002  3.844679e-004
 5.501687e+002  1.023155e-003
 5.507875e+002  7.283081e-004
 5.514062e+002  1.971259e-004
 5.520250e+002  1.747201e-004
 5.526437e+002  1.516525e-004
 5.532625e+002  1.728218e-004
 5.538812e+002  1.754976e-004
 5.545000e+002  1.446070e-004
 5.551187e+002  1.539013e-004
 5.557375e+002  1.556269e-004
 5.563562e+002  1.504861e-004
 5.569750e+002  1.613809e-004
 5.575937e+002  1.514119e-004
 5.582125e+002  1.783178e-004
 5.588312e+002  1.725234e-004
 5.594500e+002  1.354938e-004
 5.600687e+002  1.298149e-004
 5.606875e+002  1.535043e-004
 5.613062e+002  1.606798e-004
 5.619250e+002  1.448965e-004
 5.625437e+002  1.469707e-004
 5.631625e+002  1.388038e-004
 5.637812e+002  2.833403e-004
 5.644000e+002  5.860598e-004
 5.650187e+002  3.593350e-004
 5.656375e+002  1.452595e-004
 5.662562e+002  1.520405e-004
 5.668750e+002  1.602652e-004
 5.674937e+002  1.392419e-004
 5.681125e+002  1.220433e-004
 5.687312e+002  1.503396e-004
 5.693500e+002  1.641587e-004
 5.699687e+002  1.818821e-004
 5.705875e+002  1.609170e-004
 5.712062e+002  1.268967e-004
 5.718250e+002  1.420630e-004
 5.724437e+002  1.487020e-004
 5.730625e+002  1.491111e-004
 5.736812e+002  1.436236e-004
 5.743000e+002  1.409066e-004
 5.749187e+002  1.230670e-004
 5.755375e+002  1.419038e-004
 5.761562e+002  1.403436e-004
 5.767750e+002  1.371578e-004
 5.773937e+002  1.515052e-004
 5.780125e+002  1.277368e-004
 5.786312e+002  1.582671e-004
 5.792500e+002  1.718665e-004
 5.798687e+002  1.616365e-004
 5.804875e+002  1.545890e-004
 5.811062e+002  1.478296e-004
 5.817250e+002  1.403997e-004
 5.823437e+002  1.658307e-004
 5.829625e+002  1.529875e-004
 5.835812e+002  1.437824e-004
 5.842000e+002  1.527343e-004
 5.848187e+002  1.484356e-004
 5.854375e+002  1.662771e-004
 5.860562e+002  1.489496e-004
 5.866750e+002  1.588707e-004
 5.872937e+002  1.645552e-004
 5.879125e+002  1.671237e-004
 5.885312e+002  1.493483e-004
 5.891500e+002  1.228439e-004
 5.897687e+002  1.181786e-004
 5.903875e+002  1.466513e-004
 5.910062e+002  1.458573e-004
 5.916250e+002  1.453072e-004
 5.922437e+002  1.830694e-004
 5.928625e+002  1.850973e-004
 5.934812e+002  1.626396e-004
 5.941000e+002  1.692272e-004
 5.947187e+002  1.501647e-004
 5.953375e+002  1.513178e-004
 5.959562e+002  1.853580e-004
 5.965750e+002  1.838653e-004
 5.971937e+002  1.643002e-004
 5.978125e+002  1.783187e-004
 5.984312e+002  1.623226e-004
 5.990500e+002  1.641404e-004
 5.996687e+002  5.027076e-004
 6.002875e+002  8.613822e-004
 6.009062e+002  4.019370e-004
 6.015250e+002  1.738439e-004
 6.021437e+002  1.518840e-004
 6.027625e+002  1.269504e-004
 6.033812e+002  1.372614e-004
 6.040000e+002  1.534644e-004
 6.046187e+002  1.419199e-004
 6.052375e+002  1.358924e-004
 6.058562e+002  1.647662e-004
 6.064750e+002  1.678415e-004
 6.070937e+002  1.679132e-004
 6.077125e+002  1.435759e-004
 6.083312e+002  1.505897e-004
 6.089500e+002  1.514661e-004
 6.095687e+002  1.405050e-004
 6.101875e+002  1.389737e-004
 6.108062e+002  1.504544e-004
 6.114250e+002  1.328314e-004
 6.120437e+002  1.365567e-004
 6.126625e+002  1.618833e-004
 6.132812e+002  1.469463e-004
 6.139000e+002  1.583998e-004
 6.145187e+002  1.509875e-004
 6.151375e+002  1.321161e-004
 6.157562e+002  1.452033e-004
 6.163750e+002  1.654450e-004
 6.169937e+002  1.660813e-004
 6.176125e+002  1.682706e-004
 6.182312e+002  1.675945e-004
 6.188500e+002  1.805482e-004
 6.194687e+002  1.844129e-004
 6.200875e+002  1.689048e-004
 6.207062e+002  1.436839e-004
 6.213250e+002  1.248178e-004
 6.219437e+002  1.368194e-004
 6.225625e+002  1.301265e-004
 6.231812e+002  1.290985e-004
 6.238000e+002  1.697983e-004
 6.244187e+002  1.801091e-004
 6.250375e+002  1.690315e-004
 6.256562e+002  1.605142e-004
 6.262750e+002  1.405255e-004
 6.268937e+002  1.466153e-004
 6.275125e+002  1.422997e-004
 6.281312e+002  1.326784e-004
 6.287500e+002  1.415308e-004
 6.293687e+002  1.573705e-004
 6.299875e+002  1.507291e-004
 6.306062e+002  1.331624e-004
 6.312250e+002  1.520093e-004
 6.318437e+002  1.668123e-004
 6.324625e+002  1.547719e-004
 6.330812e+002  1.448931e-004
 6.337000e+002  1.405968e-004
 6.343187e+002  1.386334e-004
 6.349375e+002  1.359009e-004
 6.355562e+002  1.184785e-004
 6.361750e+002  1.471222e-004
 6.367937e+002  1.572918e-004
 6.374125e+002  1.645508e-004
 6.380312e+002  1.709621e-004
 6.386500e+002  1.699830e-004
 6.392687e+002  1.500722e-004
 6.398875e+002  1.510363e-004
 6.405062e+002  1.289449e-004
 6.411250e+002  1.317337e-004
 6.417437e+002  1.613186e-004
 6.423625e+002  1.540948e-004
 6.429812e+002  1.356248e-004
 6.436000e+002  1.370114e-004
 6.442187e+002  1.316342e-004
 6.448375e+002  1.691863e-004
 6.454562e+002  1.685577e-004
 6.460750e+002  1.564641e-004
 6.466937e+002  1.563976e-004
 6.473125e+002  1.340325e-004
 6.479312e+002  1.248764e-004
 6.485500e+002  1.396846e-004
 6.491687e+002  1.449755e-004
 6.497875e+002  5.354759e-004
 6.504062e+002  8.944024e-004
 6.510250e+002  4.421352e-004
 6.516437e+002  1.611456e-004
 6.522625e+002  1.292156e-004
 6.528812e+002  1.186435e-004
 6.535000e+002  1.140436e-004
 6.541187e+002  1.405517e-004
 6.547375e+002  1.330025e-004
 6.553562e+002  1.095471e-004
 6.559750e+002  1.183029e-004
 6.565937e+002  1.320046e-004
 6.572125e+002  1.338907e-004
 6.578312e+002  1.461864e-004
 6.584500e+002  1.320529e-004
 6.590687e+002  1.140865e-004
 6.596875e+002  4.991669e-004
 6.603062e+002  8.506766e-004
 6.609250e+002  3.907105e-004
 6.615437e+002  1.536675e-004
 6.621625e+002  1.543871e-004
 6.627812e+002  1.411713e-004
 6.634000e+002  1.159597e-004
 6.640187e+002  1.396179e-004
 6.646375e+002  1.299346e-004
 6.652562e+002  1.311083e-004
 6.658750e+002  1.422176e-004
 6.664937e+002  1.499957e-004
 6.671125e+002  1.639065e-004
 6.677312e+002  1.234044e-004
 6.683500e+002  1.249766e-004
 6.689687e+002  1.494200e-004
 6.695875e+002  1.445008e-004
 6.702062e+002  1.420364e-004
 6.708250e+002  1.423310e-004
 6.714437e+002  1.595530e-004
 6.720625e+002  1.369421e-004
 6.726812e+002  1.153659e-004
 6.733000e+002  1.377552e-004
 6.739187e+002  1.669791e-004
 6.745375e+002  1.520375e-004
 6.751562e+002  1.347556e-004
 6.757750e+002  1.530718e-004
 6.763937e+002  1.556816e-004
 6.770125e+002  1.465784e-004
 6.776312e+002  1.484062e-004
 6.782500e+002  1.271114e-004
 6.788687e+002  1.378945e-004
 6.794875e+002  1.573213e-004
 6.801062e+002  1.391660e-004
 6.807250e+002  1.316181e-004
 6.813437e+002  1.279973e-004
 6.819625e+002  1.371914e-004
 6.825812e+002  1.473687e-004
 6.832000e+002  1.519235e-004
 6.838187e+002  1.096826e-004
 6.844375e+002  1.308675e-004
 6.850562e+002  1.550695e-004
 6.856750e+002  1.391726e-004
 6.862937e+002  1.253990e-004
 6.869125e+002  1.219080e-004
 6.875312e+002  1.524945e-004
 6.881500e+002  1.418696e-004
 6.887687e+002  1.565550e-004
 6.893875e+002  1.618984e-004
 6.900062e+002  1.366972e-004
 6.906250e+002  1.399263e-004
 6.912437e+002  1.329458e-004
 6.918625e+002  1.469373e-004
 6.924812e+002  1.355882e-004
 6.931000e+002  1.202663e-004
 6.937187e+002  1.214656e-004
 6.943375e+002  1.301055e-004
 6.949562e+002  1.581354e-004
 6.955750e+002  1.664502e-004
 6.961937e+002  1.677740e-004
 6.968125e+002  1.396648e-004
 6.974312e+002  1.429642e-004
 6.980500e+002  1.454767e-004
 6.986687e+002  1.389799e-004
 6.992875e+002  1.384348e-004
 6.999062e+002  1.547856e-004
 7.005250e+002  1.488689e-004
 7.011437e+002  1.344984e-004
 7.017625e+002  1.412787e-004
 7.023812e+002  1.489678e-004
 7.030000e+002  1.391704e-004
 7.036187e+002  1.525861e-004
 7.042375e+002  1.651332e-004
 7.048562e+002  1.472212e-004
 7.054750e+002  1.210190e-004
 7.060937e+002  1.096274e-004
 7.067125e+002  1.315619e-004
 7.073312e+002  1.377079e-004
 7.079500e+002  1.509441e-004
 7.085687e+002  1.439344e-004
 7.091875e+002  1.374528e-004
 7.098062e+002  1.577514e-004
 7.104250e+002  1.445223e-004
 7.110437e+002  1.497277e-004
 7.116625e+002  1.299516e-004
 7.122812e+002  1.324377e-004
 7.129000e+002  1.313148e-004
 7.135187e+002  1.478325e-004
 7.141375e+002  1.428967e-004
 7.147562e+002  1.232229e-004
 7.153750e+002  1.185733e-004
 7.159937e+002  1.301872e-004
 7.166125e+002  1.512857e-004
 7.172312e+002  1.553637e-004
 7.178500e+002  1.477367e-004
 7.184687e+002  1.344183e-004
 7.190875e+002  1.299221e-004
 7.197062e+002  4.796969e-004
 7.203250e+002  8.416179e-004
 7.209437e+002  3.834579e-004
 7.215625e+002  1.391674e-004
 7.221812e+002  1.430300e-004
 7.228000e+002  1.609736e-004
 7.234187e+002  1.678046e-004
 7.240375e+002  1.589828e-004
 7.246562e+002  1.320924e-004
 7.252750e+002  1.339971e-004
 7.258937e+002  1.483379e-004
 7.265125e+002  1.373936e-004
 7.271312e+002  1.404230e-004
 7.277500e+002  1.371826e-004
 7.283687e+002  1.508035e-004
 7.289875e+002  1.810466e-004
 7.296062e+002  1.593820e-004
 7.302250e+002  1.527826e-004
 7.308437e+002  1.386095e-004
 7.314625e+002  1.455997e-004
 7.320812e+002  1.485963e-004
 7.327000e+002  1.492120e-004
 7.333187e+002  1.362601e-004
 7.339375e+002  1.555474e-004
 7.345562e+002  1.775331e-004
 7.351750e+002  1.740003e-004
 7.357937e+002  1.566825e-004
 7.364125e+002  1.165922e-004
 7.370312e+002  1.254900e-004
 7.376500e+002  1.367368e-004
 7.382687e+002  1.433123e-004
 7.388875e+002  1.472712e-004
 7.395062e+002  1.465568e-004
 7.401250e+002  1.375187e-004
 7.407437e+002  1.320542e-004
 7.413625e+002  1.230598e-004
 7.419812e+002  1.343925e-004
 7.426000e+002  1.577659e-004
 7.432187e+002  1.611497e-004
 7.438375e+002  1.371628e-004
 7.444562e+002  1.382982e-004
 7.450750e+002  1.437465e-004
 7.456937e+002  1.461548e-004
 7.463125e+002  1.468952e-004
 7.469312e+002  1.545878e-004
 7.475500e+002  1.336269e-004
 7.481687e+002  1.312012e-004
 7.487875e+002  1.435357e-004
 7.494062e+002  1.402121e-004
 7.500250e+002  2.592055e-004
 7.506437e+002  3.069409e-004
 7.512625e+002  1.691655e-004
 7.518812e+002  1.407956e-004
 7.525000e+002  1.506303e-004
 7.531187e+002  1.556923e-004
 7.537375e+002  1.345906e-004
 7.543562e+002  1.276559e-004
 7.549750e+002  1.396358e-004
 7.555937e+002  1.479847e-004
 7.562125e+002  1.477012e-004
 7.568312e+002  1.520900e-004
 7.574500e+002  1.359551e-004
 7.580687e+002  1.394249e-004
 7.586875e+002  1.179179e-004
 7.593062e+002  1.189807e-004
 7.599250e+002  1.481082e-004
 7.605437e+002  1.310599e-004
 7.611625e+002  1.481424e-004
 7.617812e+002  1.372514e-004
 7.624000e+002  1.563053e-004
 7.630187e+002  1.424856e-004
 7.636375e+002  1.752050e-004
 7.642562e+002  1.656023e-004
 7.648750e+002  1.631208e-004
 7.654937e+002  1.525437e-004
 7.661125e+002  1.555724e-004
 7.667312e+002  1.473501e-004
 7.673500e+002  1.429866e-004
 7.679687e+002  1.352031e-004
 7.685875e+002  1.452870e-004
 7.692062e+002  1.548649e-004
 7.698250e+002  1.468689e-004
 7.704437e+002  1.342450e-004
 7.710625e+002  1.585810e-004
 7.716812e+002  1.460564e-004
 7.723000e+002  1.385250e-004
 7.729187e+002  1.420260e-004
 7.735375e+002  1.501665e-004
 7.741562e+002  1.384322e-004
 7.747750e+002  1.224823e-004
 7.753937e+002  1.264751e-004
 7.760125e+002  1.585496e-004
 7.766312e+002  1.610470e-004
 7.772500e+002  1.426026e-004
 7.778687e+002  1.572416e-004
 7.784875e+002  1.679652e-004
 7.791062e+002  1.474614e-004
 7.797250e+002  4.722584e-004
 7.803437e+002  8.416753e-004
 7.809625e+002  4.020359e-004
 7.815812e+002  1.410836e-004
 7.822000e+002  1.265704e-004
 7.828187e+002  1.241333e-004
 7.834375e+002  1.526084e-004
 7.840562e+002  1.481812e-004
 7.846750e+002  1.329703e-004
 7.852937e+002  1.340641e-004
 7.859125e+002  1.293723e-004
 7.865312e+002  1.342054e-004
 7.871500e+002  1.504659e-004
 7.877687e+002  1.369251e-004
 7.883875e+002  1.141606e-004
 7.890062e+002  1.037951e-004
 7.896250e+002  1.398374e-004
 7.902437e+002  1.410621e-004
 7.908625e+002  1.188972e-004
 7.914812e+002  1.157778e-004
 7.921000e+002  1.284393e-004
 7.927187e+002  1.426873e-004
 7.933375e+002  1.489937e-004
 7.939562e+002  1.480950e-004
 7.945750e+002  1.540285e-004
 7.951937e+002  1.505770e-004
 7.958125e+002  1.432358e-004
 7.964312e+002  1.396457e-004
 7.970500e+002  1.503723e-004
 7.976687e+002  1.395364e-004
 7.982875e+002  1.357576e-004
 7.989062e+002  1.373179e-004
 7.995250e+002  1.299538e-004
 8.001437e+002  2.055347e-004
 8.007625e+002  2.180787e-004
 8.013812e+002  1.492450e-004
 8.020000e+002  1.335650e-004
 8.026187e+002  1.399240e-004
 8.032375e+002  1.396612e-004
 8.038562e+002  1.395428e-004
 8.044750e+002  1.083114e-004
 8.050937e+002  1.234434e-004
 8.057125e+002  1.529970e-004
 8.063312e+002  1.578208e-004
 8.069500e+002  1.386362e-004
 8.075687e+002  1.137560e-004
 8.081875e+002  1.263685e-004
 8.088062e+002  1.372101e-004
 8.094250e+002  1.284737e-004
 8.100437e+002  1.332484e-004
 8.106625e+002  1.373780e-004
 8.112812e+002  1.435967e-004
 8.119000e+002  1.293004e-004
 8.125187e+002  1.308787e-004
 8.131375e+002  1.580696e-004
 8.137562e+002  1.526595e-004
 8.143750e+002  1.382217e-004
 8.149937e+002  1.400236e-004
 8.156125e+002  1.337407e-004
 8.162312e+002  1.393480e-004
 8.168500e+002  1.563325e-004
 8.174687e+002  1.766844e-004
 8.180875e+002  1.671935e-004
 8.187062e+002  1.366567e-004
 8.193250e+002  1.301624e-004
 8.199437e+002  1.392224e-004
 8.205625e+002  1.456431e-004
 8.211812e+002  1.694731e-004
 8.218000e+002  1.569726e-004
 8.224187e+002  1.304627e-004
 8.230375e+002  1.343719e-004
 8.236562e+002  1.434359e-004
 8.242750e+002  1.340541e-004
 8.248937e+002  1.296456e-004
 8.255125e+002  1.391458e-004
 8.261312e+002  1.236053e-004
 8.267500e+002  1.273176e-004
 8.273687e+002  1.345646e-004
 8.279875e+002  1.378772e-004
 8.286062e+002  1.390973e-004
 8.292250e+002  1.336043e-004
 8.298437e+002  1.257818e-004
 8.304625e+002  1.341049e-004
 8.310812e+002  1.399678e-004
 8.317000e+002  1.321117e-004
 8.323187e+002  1.311371e-004
 8.329375e+002  1.239327e-004
 8.335562e+002  1.389831e-004
 8.341750e+002  1.572343e-004
 8.347937e+002  1.511036e-004
 8.354125e+002  1.290205e-004
 8.360312e+002  1.296531e-004
 8.366500e+002  1.228569e-004
 8.372687e+002  1.242161e-004
 8.378875e+002  1.334654e-004
 8.385062e+002  1.394408e-004
 8.391250e+002  1.447372e-004
 8.397437e+002  4.196328e-004
 8.403625e+002  8.015245e-004
 8.409812e+002  4.149513e-004
 8.416000e+002  1.572009e-004
 8.422187e+002  1.452020e-004
 8.428375e+002  1.353646e-004
 8.434562e+002  1.434979e-004
 8.440750e+002  1.450260e-004
 8.446937e+002  1.116366e-004
 8.453125e+002  1.311498e-004
 8.459312e+002  1.984103e-004
 8.465500e+002  3.441571e-004
 8.471687e+002  2.304649e-004
 8.477875e+002  1.281373e-004
 8.484062e+002  1.473510e-004
 8.490250e+002  1.332321e-004
 8.496437e+002  4.655704e-004
 8.502625e+002  1.365603e-003
 8.508812e+002  1.118769e-003
 8.515000e+002  2.334799e-004
 8.521187e+002  1.453588e-004
 8.527375e+002  1.473936e-004
 8.533562e+002  1.456091e-004
 8.539750e+002  1.380981e-004
 8.545937e+002  1.485865e-004
 8.552125e+002  1.557770e-004
 8.558312e+002  1.432412e-004
 8.564500e+002  1.429024e-004
 8.570687e+002  1.441195e-004
 8.576875e+002  1.359505e-004
 8.583062e+002  1.298967e-004
 8.589250e+002  1.401883e-004
 8.595437e+002  1.486560e-004
 8.601625e+002  1.417075e-004
 8.607812e+002  1.082377e-004
 8.614000e+002  1.227769e-004
 8.620187e+002  1.480934e-004
 8.626375e+002  1.439790e-004
 8.632562e+002  1.384511e-004
 8.638750e+002  1.359925e-004
 8.644937e+002  1.474106e-004
 8.651125e+002  1.322942e-004
 8.657312e+002  1.208231e-004
 8.663500e+002  1.494127e-004
 8.669687e+002  1.445254e-004
 8.675875e+002  1.533389e-004
 8.682062e+002  1.348814e-004
 8.688250e+002  1.383509e-004
 8.694437e+002  1.424224e-004
 8.700625e+002  1.319142e-004
 8.706812e+002  1.354904e-004
 8.713000e+002  1.294233e-004
 8.719187e+002  1.517779e-004
 8.725375e+002  1.511487e-004
 8.731562e+002  1.574882e-004
 8.737750e+002  1.512597e-004
 8.743937e+002  1.317759e-004
 8.750125e+002  1.173777e-004
 8.756312e+002  1.345294e-004
 8.762500e+002  1.336456e-004
 8.768687e+002  1.250364e-004
 8.774875e+002  1.381234e-004
 8.781062e+002  1.400222e-004
 8.787250e+002  1.432429e-004
 8.793437e+002  1.269858e-004
 8.799625e+002  1.193745e-004
 8.805812e+002  1.108068e-004
 8.812000e+002  1.244596e-004
 8.818187e+002  1.338434e-004
 8.824375e+002  1.484964e-004
 8.830562e+002  1.386141e-004
 8.836750e+002  1.457690e-004
 8.842937e+002  1.320266e-004
 8.849125e+002  1.229117e-004
 8.855312e+002  1.342074e-004
 8.861500e+002  1.357913e-004
 8.867687e+002  1.338043e-004
 8.873875e+002  1.346084e-004
 8.880062e+002  1.388476e-004
 8.886250e+002  1.350389e-004
 8.892437e+002  1.228127e-004
 8.898625e+002  1.161319e-004
 8.904812e+002  1.263541e-004
 8.911000e+002  1.201994e-004
 8.917187e+002  1.189533e-004
 8.923375e+002  1.243277e-004
 8.929562e+002  1.557486e-004
 8.935750e+002  1.233567e-004
 8.941937e+002  1.161513e-004
 8.948125e+002  1.362836e-004
 8.954312e+002  1.504706e-004
 8.960500e+002  1.495725e-004
 8.966687e+002  1.296436e-004
 8.972875e+002  1.380210e-004
 8.979062e+002  1.434181e-004
 8.985250e+002  1.318771e-004
 8.991437e+002  1.397642e-004
 8.997625e+002  4.208984e-004
 9.003812e+002  8.067544e-004
 9.010000e+002  4.216570e-004
 9.016187e+002  1.435213e-004
 9.022375e+002  1.301490e-004
 9.028562e+002  1.197549e-004
 9.034750e+002  1.059411e-004
 9.040937e+002  1.207172e-004
 9.047125e+002  1.337474e-004
 9.053312e+002  1.317653e-004
 9.059500e+002  1.409374e-004
 9.065687e+002  1.378947e-004
 9.071875e+002  1.309727e-004
 9.078062e+002  1.530488e-004
 9.084250e+002  1.636454e-004
 9.090437e+002  1.415951e-004
 9.096625e+002  1.527383e-004
 9.102812e+002  1.633598e-004
 9.109000e+002  1.509369e-004
 9.115187e+002  1.503764e-004
 9.121375e+002  1.322461e-004
 9.127562e+002  1.258941e-004
 9.133750e+002  1.457902e-004
 9.139937e+002  1.293429e-004
 9.146125e+002  1.042470e-004
 9.152312e+002  1.215655e-004
 9.158500e+002  1.374579e-004
 9.164687e+002  1.429573e-004
 9.170875e+002  1.306400e-004
 9.177062e+002  1.309144e-004
 9.183250e+002  1.344712e-004
 9.189437e+002  1.415352e-004
 9.195625e+002  1.207759e-004
 9.201812e+002  1.214016e-004
 9.208000e+002  1.392358e-004
 9.214187e+002  1.305329e-004
 9.220375e+002  1.302452e-004
 9.226562e+002  1.323646e-004
 9.232750e+002  1.398151e-004
 9.238937e+002  1.428194e-004
 9.245125e+002  1.489629e-004
 9.251312e+002  1.414998e-004
 9.257500e+002  1.352118e-004
 9.263687e+002  1.346838e-004
 9.269875e+002  1.192631e-004
 9.276062e+002  1.231347e-004
 9.282250e+002  1.383552e-004
 9.288437e+002  1.368987e-004
 9.294625e+002  1.296350e-004
 9.300812e+002  1.225478e-004
 9.307000e+002  1.309809e-004
 9.313187e+002  1.351204e-004
 9.319375e+002  1.302188e-004
 9.325562e+002  1.297869e-004
 9.331750e+002  1.198120e-004
 9.337937e+002  1.458595e-004
 9.344125e+002  1.513231e-004
 9.350312e+002  1.262558e-004
 9.356500e+002  1.258102e-004
 9.362687e+002  1.375393e-004
 9.368875e+002  1.277890e-004
 9.375062e+002  1.462392e-004
 9.381250e+002  1.452442e-004
 9.387437e+002  1.482435e-004
 9.393625e+002  1.718582e-004
 9.399812e+002  1.523636e-004
 9.406000e+002  1.243307e-004
 9.412187e+002  1.198007e-004
 9.418375e+002  1.379648e-004
 9.424562e+002  1.386497e-004
 9.430750e+002  1.300769e-004
 9.436937e+002  1.267094e-004
 9.443125e+002  1.365909e-004
 9.449312e+002  1.278584e-004
 9.455500e+002  1.271120e-004
 9.461687e+002  1.134706e-004
 9.467875e+002  1.173224e-004
 9.474062e+002  1.183951e-004
 9.480250e+002  1.283350e-004
 9.486437e+002  1.355961e-004
 9.492625e+002  1.271347e-004
 9.498812e+002  2.024442e-004
 9.505000e+002  3.156427e-004
 9.511187e+002  2.174768e-004
 9.517375e+002  1.394316e-004
 9.523562e+002  1.375591e-004
 9.529750e+002  1.456279e-004
 9.535937e+002  1.486091e-004
 9.542125e+002  1.524065e-004
 9.548312e+002  1.361779e-004
 9.554500e+002  1.166777e-004
 9.560687e+002  1.260952e-004
 9.566875e+002  1.289954e-004
 9.573062e+002  1.230635e-004
 9.579250e+002  1.303514e-004
 9.585437e+002  1.332792e-004
 9.591625e+002  1.412731e-004
 9.597812e+002  4.284501e-004
 9.604000e+002  7.549592e-004
 9.610187e+002  3.824541e-004
 9.616375e+002  1.310790e-004
 9.622562e+002  1.290139e-004
 9.628750e+002  1.197309e-004
 9.634937e+002  1.211203e-004
 9.641125e+002  1.391986e-004
 9.647312e+002  1.312510e-004
 9.653500e+002  1.457900e-004
 9.659687e+002  1.288946e-004
 9.665875e+002  1.276787e-004
 9.672062e+002  1.317361e-004
 9.678250e+002  1.284439e-004
 9.684437e+002  1.274005e-004
 9.690625e+002  1.260461e-004
 9.696812e+002  1.200830e-004
 9.703000e+002  1.515055e-004
 9.709187e+002  1.394154e-004
 9.715375e+002  1.185443e-004
 9.721562e+002  1.280247e-004
 9.727750e+002  1.437917e-004
 9.733937e+002  1.472771e-004
 9.740125e+002  1.431956e-004
 9.746312e+002  1.456830e-004
 9.752500e+002  1.299932e-004
 9.758687e+002  1.471727e-004
 9.764875e+002  1.707794e-004
 9.771062e+002  1.544229e-004
 9.777250e+002  1.272612e-004
 9.783437e+002  1.389766e-004
 9.789625e+002  1.249836e-004
 9.795812e+002  1.276368e-004
 9.802000e+002  1.261886e-004
 9.808187e+002  1.309562e-004
 9.814375e+002  1.288801e-004
 9.820562e+002  1.269941e-004
 9.826750e+002  1.449639e-004
 9.832937e+002  1.510251e-004
 9.839125e+002  1.311240e-004
 9.845312e+002  1.317584e-004
 9.851500e+002  1.416076e-004
 9.857687e+002  1.351075e-004
 9.863875e+002  1.413643e-004
 9.870062e+002  1.420127e-004
 9.876250e+002  1.263313e-004
 9.882437e+002  1.272630e-004
 9.888625e+002  1.357302e-004
 9.894812e+002  1.198888e-004
 9.901000e+002  1.218546e-004
 9.907187e+002  1.385573e-004
 9.913375e+002  1.548157e-004
 9.919562e+002  1.350484e-004
 9.925750e+002  1.238408e-004
 9.931937e+002  1.444727e-004
 9.938125e+002  1.482062e-004
 9.944312e+002  1.230579e-004
 9.950500e+002  1.226831e-004
 9.956687e+002  1.356855e-004
 9.962875e+002  1.327751e-004
 9.969062e+002  1.301189e-004
 9.975250e+002  1.249661e-004
 9.981437e+002  1.339815e-004
 9.987625e+002  1.326722e-004
 9.993812e+002  1.381716e-004
 1.000000e+003  1.546947e-004
