 1.000000e+000  1.323928e-003
 1.061875e+000  8.066647e-004
 1.123750e+000  1.018624e-003
 1.185625e+000  1.599580e-003
 1.247500e+000  9.637095e-004
 1.309375e+000  2.236540e-004
 1.371250e+000  4.898693e-004
 1.433125e+000  1.103248e-003
 1.495000e+000  1.032068e-003
 1.556875e+000  8.211539e-004
 1.618750e+000  6.041773e-004
 1.680625e+000  4.057894e-004
 1.742500e+000  9.498908e-004
 1.804375e+000  1.009842e-003
 1.866250e+000  8.295398e-004
 1.928125e+000  8.691427e-004
 1.990000e+000  5.969743e-004
 2.051875e+000  6.582857e-004
 2.113750e+000  6.490600e-004
 2.175625e+000  4.869472e-004
 2.237500e+000  9.611387e-004
 2.299375e+000  9.364561e-004
 2.361250e+000  9.488193e-004
 2.423125e+000  6.555301e-004
 2.485000e+000  6.402428e-004
 2.546875e+000  6.511853e-004
 2.608750e+000  5.712041e-004
 2.670625e+000  5.858728e-004
 2.732500e+000  6.655910e-004
 2.794375e+000  5.128721e-004
 2.856250e+000  4.011696e-004
 2.918125e+000  5.118118e-004
 2.980000e+000  5.229427e-004
 3.041875e+000  5.852492e-004
 3.103750e+000  8.208217e-004
 3.165625e+000  9.337273e-004
 3.227500e+000  8.804175e-004
 3.289375e+000  1.055049e-003
 3.351250e+000  7.845081e-004
 3.413125e+000  4.422930e-004
 3.475000e+000  4.415901e-004
 3.536875e+000  3.139623e-004
 3.598750e+000  4.273209e-004
 3.660625e+000  4.834676e-004
 3.722500e+000  5.119027e-004
 3.784375e+000  3.747564e-004
 3.846250e+000  3.309241e-004
 3.908125e+000  3.105852e-004
 3.970000e+000  3.860915e-004
 4.031875e+000  4.051577e-004
 4.093750e+000  5.784284e-004
 4.155625e+000  4.541474e-004
 4.217500e+000  5.646752e-004
 4.279375e+000  6.183770e-004
 4.341250e+000  4.954130e-004
 4.403125e+000  4.369717e-004
 4.465000e+000  4.562437e-004
 4.526875e+000  2.949099e-004
 4.588750e+000  5.680988e-004
 4.650625e+000  5.716826e-004
 4.712500e+000  3.884794e-004
 4.774375e+000  4.904341e-004
 4.836250e+000  4.241522e-004
 4.898125e+000  2.598955e-004
 4.960000e+000  2.906239e-004
 5.021875e+000  2.685984e-004
 5.083750e+000  3.429722e-004
 5.145625e+000  3.173836e-004
 5.207500e+000  4.170351e-004
 5.269375e+000  3.637523e-004
 5.331250e+000  4.534549e-004
 5.393125e+000  4.368406e-004
 5.455000e+000  3.968317e-004
 5.516875e+000  2.173909e-004
 5.578750e+000  2.250723e-004
 5.640625e+000  3.473980e-004
 5.702500e+000  3.876953e-004
 5.764375e+000  3.024216e-004
 5.826250e+000  4.628006e-004
 5.888125e+000  4.678145e-004
 5.950000e+000  3.651086e-004
 6.011875e+000  2.901743e-004
 6.073750e+000  3.350761e-004
 6.135625e+000  3.242172e-004
 6.197500e+000  3.767858e-004
 6.259375e+000  3.128568e-004
 6.321250e+000  2.114972e-004
 6.383125e+000  4.141789e-004
 6.445000e+000  5.111245e-004
 6.506875e+000  2.874223e-004
 6.568750e+000  3.347872e-004
 6.630625e+000  2.808983e-004
 6.692500e+000  1.444870e-004
 6.754375e+000  1.721576e-004
 6.816250e+000  1.420835e-004
 6.878125e+000  1.511152e-004
 6.940000e+000  2.490005e-004
 7.001875e+000  3.470389e-004
 7.063750e+000  2.824502e-004
 7.125625e+000  3.216205e-004
 7.187500e+000  3.634860e-004
 7.249375e+000  3.666681e-004
 7.311250e+000  1.995384e-004
 7.373125e+000  2.207234e-004
 7.435000e+000  3.629240e-004
 7.496875e+000  3.132749e-004
 7.558750e+000  2.106173e-004
 7.620625e+000  2.670022e-004
 7.682500e+000  3.337502e-004
 7.744375e+000  3.100634e-004
 7.806250e+000  1.922572e-004
 7.868125e+000  2.757662e-004
 7.930000e+000  4.913514e-004
 7.991875e+000  2.928872e-004
 8.053750e+000  2.966558e-004
 8.115625e+000  2.347253e-004
 8.177500e+000  2.976069e-004
 8.239375e+000  2.464114e-004
 8.301250e+000  2.005412e-004
 8.363125e+000  1.770451e-004
 8.425000e+000  2.075017e-004
 8.486875e+000  3.228376e-004
 8.548750e+000  1.552337e-004
 8.610625e+000  2.339900e-004
 8.672500e+000  2.252532e-004
 8.734375e+000  1.169734e-004
 8.796250e+000  1.860080e-004
 8.858125e+000  2.528972e-004
 8.920000e+000  2.965054e-004
 8.981875e+000  3.330368e-004
 9.043750e+000  2.830670e-004
 9.105625e+000  1.603260e-004
 9.167500e+000  1.495829e-004
 9.229375e+000  2.103507e-004
 9.291250e+000  2.241272e-004
 9.353125e+000  1.282969e-004
 9.415000e+000  1.637876e-004
 9.476875e+000  1.661898e-004
 9.538750e+000  1.186614e-004
 9.600625e+000  2.070995e-004
 9.662500e+000  2.837688e-004
 9.724375e+000  2.776550e-004
 9.786250e+000  2.220846e-004
 9.848125e+000  1.271480e-004
 9.910000e+000  2.027685e-004
 9.971875e+000  2.064788e-004
 1.003375e+001  2.011981e-004
 1.009563e+001  2.308808e-004
 1.015750e+001  1.316306e-004
 1.021938e+001  2.907106e-004
 1.028125e+001  3.391657e-004
 1.034313e+001  3.026564e-004
 1.040500e+001  1.291813e-004
 1.046688e+001  2.342459e-004
 1.052875e+001  2.678876e-004
 1.059063e+001  1.996634e-004
 1.065250e+001  2.240143e-004
 1.071438e+001  1.574070e-004
 1.077625e+001  2.640091e-004
 1.083813e+001  3.506255e-004
 1.090000e+001  3.894781e-004
 1.096188e+001  2.708539e-004
 1.102375e+001  1.953111e-004
 1.108563e+001  3.013224e-004
 1.114750e+001  2.216335e-004
 1.120938e+001  1.998499e-004
 1.127125e+001  3.030075e-004
 1.133313e+001  1.734125e-004
 1.139500e+001  2.081755e-004
 1.145688e+001  1.968869e-004
 1.151875e+001  1.603989e-004
 1.158063e+001  2.535186e-004
 1.164250e+001  2.405423e-004
 1.170438e+001  3.346379e-004
 1.176625e+001  2.314942e-004
 1.182813e+001  2.430534e-004
 1.189000e+001  2.660344e-004
 1.195188e+001  2.192026e-004
 1.201375e+001  1.355230e-004
 1.207563e+001  1.612747e-004
 1.213750e+001  1.393617e-004
 1.219938e+001  6.328919e-005
 1.226125e+001  2.457101e-004
 1.232313e+001  2.773049e-004
 1.238500e+001  2.212909e-004
 1.244688e+001  2.493456e-004
 1.250875e+001  2.417332e-004
 1.257063e+001  1.152989e-004
 1.263250e+001  1.117466e-004
 1.269438e+001  1.802838e-004
 1.275625e+001  1.140383e-004
 1.281813e+001  2.063375e-004
 1.288000e+001  2.485286e-004
 1.294188e+001  2.567054e-004
 1.300375e+001  2.842934e-004
 1.306563e+001  2.493506e-004
 1.312750e+001  2.508933e-004
 1.318938e+001  2.831442e-004
 1.325125e+001  1.686929e-004
 1.331313e+001  1.730950e-004
 1.337500e+001  2.932220e-004
 1.343688e+001  2.518090e-004
 1.349875e+001  2.364974e-004
 1.356063e+001  2.835317e-004
 1.362250e+001  2.528982e-004
 1.368438e+001  1.985884e-004
 1.374625e+001  2.491797e-004
 1.380813e+001  3.500527e-004
 1.387000e+001  3.775956e-004
 1.393188e+001  2.239353e-004
 1.399375e+001  2.022267e-004
 1.405563e+001  1.312784e-004
 1.411750e+001  1.882886e-004
 1.417938e+001  1.880728e-004
 1.424125e+001  2.104650e-004
 1.430313e+001  2.300993e-004
 1.436500e+001  1.649244e-004
 1.442688e+001  1.362362e-004
 1.448875e+001  1.635577e-004
 1.455063e+001  1.668833e-004
 1.461250e+001  2.521915e-004
 1.467438e+001  2.838750e-004
 1.473625e+001  1.511242e-004
 1.479813e+001  1.387904e-004
 1.486000e+001  1.245627e-004
 1.492188e+001  2.018035e-004
 1.498375e+001  3.693659e-004
 1.504563e+001  2.786354e-004
 1.510750e+001  1.465186e-004
 1.516938e+001  1.878757e-004
 1.523125e+001  1.079825e-004
 1.529313e+001  2.759096e-004
 1.535500e+001  3.315003e-004
 1.541688e+001  2.410102e-004
 1.547875e+001  2.280008e-004
 1.554063e+001  2.565943e-004
 1.560250e+001  2.094693e-004
 1.566438e+001  2.241110e-004
 1.572625e+001  2.323783e-004
 1.578813e+001  1.920561e-004
 1.585000e+001  2.018545e-004
 1.591188e+001  1.415104e-004
 1.597375e+001  2.140377e-004
 1.603563e+001  1.456719e-004
 1.609750e+001  8.370769e-005
 1.615938e+001  2.094517e-004
 1.622125e+001  2.347856e-004
 1.628313e+001  1.576421e-004
 1.634500e+001  1.029018e-004
 1.640688e+001  1.468840e-004
 1.646875e+001  1.724126e-004
 1.653063e+001  2.186763e-004
 1.659250e+001  2.353154e-004
 1.665438e+001  2.094693e-004
 1.671625e+001  2.503264e-004
 1.677813e+001  2.766723e-004
 1.684000e+001  2.084684e-004
 1.690188e+001  1.313704e-004
 1.696375e+001  1.283394e-004
 1.702563e+001  1.207066e-004
 1.708750e+001  9.090366e-005
 1.714938e+001  1.575248e-004
 1.721125e+001  1.765366e-004
 1.727313e+001  1.143670e-004
 1.733500e+001  1.173912e-004
 1.739688e+001  1.521830e-004
 1.745875e+001  2.486739e-004
 1.752063e+001  2.199322e-004
 1.758250e+001  1.524432e-004
 1.764438e+001  1.836663e-004
 1.770625e+001  1.772165e-004
 1.776813e+001  1.305813e-004
 1.783000e+001  2.358847e-004
 1.789188e+001  1.984029e-004
 1.795375e+001  2.310519e-004
 1.801563e+001  1.418310e-004
 1.807750e+001  6.893682e-005
 1.813938e+001  2.003550e-004
 1.820125e+001  2.566828e-004
 1.826313e+001  1.996773e-004
 1.832500e+001  1.955280e-004
 1.838688e+001  1.689738e-004
 1.844875e+001  1.296669e-004
 1.851063e+001  1.622112e-004
 1.857250e+001  1.465050e-004
 1.863438e+001  1.636053e-004
 1.869625e+001  2.606287e-004
 1.875813e+001  2.561608e-004
 1.882000e+001  2.685304e-004
 1.888188e+001  2.990084e-004
 1.894375e+001  2.390511e-004
 1.900563e+001  1.990971e-004
 1.906750e+001  2.342696e-004
 1.912938e+001  1.772563e-004
 1.919125e+001  1.741279e-004
 1.925313e+001  1.464078e-004
 1.931500e+001  8.031398e-005
 1.937688e+001  1.032763e-004
 1.943875e+001  2.556830e-004
 1.950063e+001  2.108259e-004
 1.956250e+001  2.102042e-004
 1.962438e+001  2.078858e-004
 1.968625e+001  1.699945e-004
 1.974813e+001  1.629475e-004
 1.981000e+001  1.275156e-004
 1.987188e+001  1.482666e-004
 1.993375e+001  1.050549e-004
 1.999563e+001  1.347151e-004
 2.005750e+001  1.597899e-004
 2.011938e+001  1.711371e-004
 2.018125e+001  1.859640e-004
 2.024313e+001  2.020759e-004
 2.030500e+001  2.390066e-004
 2.036688e+001  2.376460e-004
 2.042875e+001  2.092381e-004
 2.049063e+001  2.067414e-004
 2.055250e+001  1.790408e-004
 2.061438e+001  2.551383e-004
 2.067625e+001  3.250882e-004
 2.073813e+001  2.358407e-004
 2.080000e+001  2.116220e-004
 2.086188e+001  2.397510e-004
 2.092375e+001  1.598288e-004
 2.098563e+001  1.234295e-004
 2.104750e+001  1.802520e-004
 2.110938e+001  1.883773e-004
 2.117125e+001  1.958660e-004
 2.123313e+001  2.478955e-004
 2.129500e+001  2.351465e-004
 2.135688e+001  2.149852e-004
 2.141875e+001  2.129279e-004
 2.148063e+001  2.694859e-004
 2.154250e+001  1.937421e-004
 2.160438e+001  1.224457e-004
 2.166625e+001  1.030866e-004
 2.172813e+001  1.076041e-004
 2.179000e+001  9.978815e-005
 2.185188e+001  1.910216e-004
 2.191375e+001  1.095831e-004
 2.197563e+001  1.524914e-004
 2.203750e+001  1.890696e-004
 2.209938e+001  1.892142e-004
 2.216125e+001  1.054468e-004
 2.222313e+001  2.145742e-004
 2.228500e+001  2.433889e-004
 2.234688e+001  1.861161e-004
 2.240875e+001  1.279765e-004
 2.247063e+001  1.027707e-004
 2.253250e+001  1.244926e-004
 2.259438e+001  2.179375e-004
 2.265625e+001  2.502111e-004
 2.271813e+001  1.507375e-004
 2.278000e+001  8.859118e-005
 2.284188e+001  1.962232e-004
 2.290375e+001  2.199022e-004
 2.296563e+001  2.580741e-004
 2.302750e+001  1.631396e-004
 2.308938e+001  1.904081e-004
 2.315125e+001  1.303026e-004
 2.321313e+001  1.010950e-004
 2.327500e+001  1.682572e-004
 2.333688e+001  1.649682e-004
 2.339875e+001  1.454981e-004
 2.346063e+001  1.902185e-004
 2.352250e+001  1.810796e-004
 2.358438e+001  1.387853e-004
 2.364625e+001  1.791032e-004
 2.370813e+001  1.345318e-004
 2.377000e+001  1.544054e-004
 2.383188e+001  1.721884e-004
 2.389375e+001  1.815947e-004
 2.395563e+001  1.856123e-004
 2.401750e+001  1.296518e-004
 2.407938e+001  1.342623e-004
 2.414125e+001  1.769682e-004
 2.420313e+001  1.770894e-004
 2.426500e+001  2.139476e-004
 2.432688e+001  1.618265e-004
 2.438875e+001  5.964582e-005
 2.445063e+001  9.973535e-005
 2.451250e+001  1.232491e-004
 2.457438e+001  1.664900e-004
 2.463625e+001  1.798567e-004
 2.469813e+001  1.919831e-004
 2.476000e+001  2.096487e-004
 2.482188e+001  1.749387e-004
 2.488375e+001  1.770077e-004
 2.494563e+001  2.535978e-004
 2.500750e+001  2.325370e-004
 2.506938e+001  2.030847e-004
 2.513125e+001  1.704639e-004
 2.519313e+001  1.077488e-004
 2.525500e+001  1.065535e-004
 2.531688e+001  9.163355e-005
 2.537875e+001  1.314089e-004
 2.544063e+001  1.922516e-004
 2.550250e+001  1.611657e-004
 2.556438e+001  1.297915e-004
 2.562625e+001  7.631109e-005
 2.568813e+001  1.619096e-004
 2.575000e+001  1.947108e-004
 2.581188e+001  2.881069e-004
 2.587375e+001  2.651912e-004
 2.593563e+001  1.989861e-004
 2.599750e+001  1.998433e-004
 2.605938e+001  1.338691e-004
 2.612125e+001  1.315926e-004
 2.618313e+001  1.018449e-004
 2.624500e+001  6.293749e-005
 2.630688e+001  5.444523e-005
 2.636875e+001  1.419921e-004
 2.643063e+001  1.427480e-004
 2.649250e+001  9.813922e-005
 2.655438e+001  4.874717e-005
 2.661625e+001  9.889115e-005
 2.667813e+001  1.572675e-004
 2.674000e+001  1.441237e-004
 2.680188e+001  1.224897e-004
 2.686375e+001  1.487564e-004
 2.692563e+001  1.364339e-004
 2.698750e+001  1.218705e-004
 2.704938e+001  9.941863e-005
 2.711125e+001  1.897797e-004
 2.717313e+001  2.561355e-004
 2.723500e+001  1.870317e-004
 2.729688e+001  6.348638e-005
 2.735875e+001  1.133581e-004
 2.742063e+001  1.834297e-004
 2.748250e+001  1.650898e-004
 2.754438e+001  1.777054e-004
 2.760625e+001  1.208012e-004
 2.766813e+001  1.328727e-004
 2.773000e+001  1.788562e-004
 2.779188e+001  1.470057e-004
 2.785375e+001  1.210820e-004
 2.791563e+001  1.541947e-004
 2.797750e+001  1.874209e-004
 2.803938e+001  2.017835e-004
 2.810125e+001  2.031465e-004
 2.816313e+001  1.397016e-004
 2.822500e+001  1.325137e-004
 2.828688e+001  1.468881e-004
 2.834875e+001  1.896269e-004
 2.841063e+001  1.775195e-004
 2.847250e+001  1.865824e-004
 2.853438e+001  1.513864e-004
 2.859625e+001  8.449323e-005
 2.865813e+001  1.484149e-004
 2.872000e+001  2.103918e-004
 2.878188e+001  2.003985e-004
 2.884375e+001  1.023371e-004
 2.890563e+001  1.465419e-004
 2.896750e+001  1.320887e-004
 2.902938e+001  1.092813e-004
 2.909125e+001  1.240272e-004
 2.915313e+001  8.591388e-005
 2.921500e+001  1.036669e-004
 2.927688e+001  1.601431e-004
 2.933875e+001  1.547706e-004
 2.940063e+001  2.730069e-004
 2.946250e+001  1.742311e-004
 2.952438e+001  1.292125e-004
 2.958625e+001  1.848747e-004
 2.964813e+001  1.926512e-004
 2.971000e+001  2.291483e-004
 2.977188e+001  1.430112e-004
 2.983375e+001  1.486424e-004
 2.989563e+001  1.315137e-004
 2.995750e+001  7.845383e-005
 3.001938e+001  1.586210e-004
 3.008125e+001  1.766507e-004
 3.014313e+001  1.576696e-004
 3.020500e+001  1.595233e-004
 3.026688e+001  1.330116e-004
 3.032875e+001  1.742268e-004
 3.039063e+001  2.034202e-004
 3.045250e+001  1.275963e-004
 3.051438e+001  7.652164e-005
 3.057625e+001  9.277405e-005
 3.063813e+001  1.219761e-004
 3.070000e+001  1.116072e-004
 3.076188e+001  1.120778e-004
 3.082375e+001  1.409920e-004
 3.088563e+001  1.191222e-004
 3.094750e+001  1.479878e-004
 3.100938e+001  2.045730e-004
 3.107125e+001  2.089504e-004
 3.113313e+001  1.839192e-004
 3.119500e+001  1.643495e-004
 3.125688e+001  1.756971e-004
 3.131875e+001  1.917833e-004
 3.138063e+001  1.161175e-004
 3.144250e+001  8.402438e-005
 3.150438e+001  1.113242e-004
 3.156625e+001  1.958991e-004
 3.162813e+001  1.797992e-004
 3.169000e+001  1.567768e-004
 3.175188e+001  1.526847e-004
 3.181375e+001  1.613775e-004
 3.187563e+001  1.736890e-004
 3.193750e+001  1.224799e-004
 3.199938e+001  1.322656e-004
 3.206125e+001  1.687326e-004
 3.212313e+001  1.425976e-004
 3.218500e+001  1.400575e-004
 3.224688e+001  1.701819e-004
 3.230875e+001  9.201176e-005
 3.237063e+001  1.176153e-004
 3.243250e+001  1.600058e-004
 3.249438e+001  1.848062e-004
 3.255625e+001  1.409866e-004
 3.261813e+001  1.419471e-004
 3.268000e+001  1.346614e-004
 3.274188e+001  1.705611e-004
 3.280375e+001  1.187677e-004
 3.286563e+001  1.322886e-004
 3.292750e+001  8.166157e-005
 3.298938e+001  1.125825e-004
 3.305125e+001  1.294036e-004
 3.311313e+001  9.905261e-005
 3.317500e+001  1.261271e-004
 3.323688e+001  9.582698e-005
 3.329875e+001  5.674961e-005
 3.336063e+001  9.789730e-005
 3.342250e+001  1.640838e-004
 3.348438e+001  1.171606e-004
 3.354625e+001  1.167767e-004
 3.360813e+001  1.362708e-004
 3.367000e+001  1.390814e-004
 3.373188e+001  1.696096e-004
 3.379375e+001  2.030019e-004
 3.385563e+001  1.235523e-004
 3.391750e+001  1.627953e-004
 3.397938e+001  1.822629e-004
 3.404125e+001  1.698235e-004
 3.410313e+001  1.156763e-004
 3.416500e+001  1.135149e-004
 3.422688e+001  1.280322e-004
 3.428875e+001  1.324961e-004
 3.435063e+001  1.158643e-004
 3.441250e+001  1.128829e-004
 3.447438e+001  1.134529e-004
 3.453625e+001  1.531248e-004
 3.459813e+001  1.349651e-004
 3.466000e+001  1.262100e-004
 3.472188e+001  1.520085e-004
 3.478375e+001  1.213169e-004
 3.484563e+001  1.631729e-004
 3.490750e+001  1.901859e-004
 3.496938e+001  1.464646e-004
 3.503125e+001  1.176488e-004
 3.509313e+001  1.296644e-004
 3.515500e+001  1.089265e-004
 3.521688e+001  2.201500e-004
 3.527875e+001  2.203450e-004
 3.534063e+001  1.762845e-004
 3.540250e+001  2.151335e-004
 3.546438e+001  1.800776e-004
 3.552625e+001  1.774562e-004
 3.558813e+001  2.124746e-004
 3.565000e+001  2.072642e-004
 3.571188e+001  1.894066e-004
 3.577375e+001  1.035210e-004
 3.583563e+001  1.194154e-004
 3.589750e+001  1.756703e-004
 3.595938e+001  1.257231e-004
 3.602125e+001  1.637532e-004
 3.608313e+001  1.937712e-004
 3.614500e+001  1.323357e-004
 3.620688e+001  1.424007e-004
 3.626875e+001  1.600719e-004
 3.633063e+001  7.957850e-005
 3.639250e+001  8.300577e-005
 3.645438e+001  1.522102e-004
 3.651625e+001  1.029369e-004
 3.657813e+001  6.377195e-005
 3.664000e+001  7.191701e-005
 3.670188e+001  8.645651e-005
 3.676375e+001  1.124948e-004
 3.682563e+001  1.074534e-004
 3.688750e+001  1.610312e-004
 3.694938e+001  1.174715e-004
 3.701125e+001  8.516396e-005
 3.707313e+001  1.375171e-004
 3.713500e+001  1.588960e-004
 3.719688e+001  1.392508e-004
 3.725875e+001  1.459551e-004
 3.732063e+001  1.287855e-004
 3.738250e+001  9.848315e-005
 3.744438e+001  8.270767e-005
 3.750625e+001  1.806278e-004
 3.756813e+001  1.505429e-004
 3.763000e+001  9.064392e-005
 3.769188e+001  1.470229e-004
 3.775375e+001  1.828112e-004
 3.781563e+001  7.456046e-005
 3.787750e+001  1.061799e-004
 3.793938e+001  7.625609e-005
 3.800125e+001  1.326766e-004
 3.806313e+001  1.350803e-004
 3.812500e+001  8.321546e-005
 3.818688e+001  2.953948e-005
 3.824875e+001  8.446971e-005
 3.831063e+001  1.472395e-004
 3.837250e+001  1.418540e-004
 3.843438e+001  1.339998e-004
 3.849625e+001  9.108074e-005
 3.855813e+001  1.151764e-004
 3.862000e+001  9.744000e-005
 3.868188e+001  9.517009e-005
 3.874375e+001  9.277339e-005
 3.880563e+001  1.105927e-004
 3.886750e+001  7.066162e-005
 3.892938e+001  1.573260e-004
 3.899125e+001  1.665438e-004
 3.905313e+001  1.810976e-004
 3.911500e+001  1.488154e-004
 3.917688e+001  1.666122e-004
 3.923875e+001  1.767191e-004
 3.930063e+001  1.606569e-004
 3.936250e+001  1.256720e-004
 3.942438e+001  1.158252e-004
 3.948625e+001  1.353566e-004
 3.954813e+001  1.300535e-004
 3.961000e+001  9.340827e-005
 3.967188e+001  1.844268e-004
 3.973375e+001  2.486120e-004
 3.979563e+001  1.600534e-004
 3.985750e+001  1.665556e-004
 3.991938e+001  1.792894e-004
 3.998125e+001  1.448690e-004
 4.004313e+001  9.080845e-005
 4.010500e+001  1.015298e-004
 4.016688e+001  1.212467e-004
 4.022875e+001  4.474437e-005
 4.029063e+001  1.157040e-004
 4.035250e+001  1.500222e-004
 4.041438e+001  1.238610e-004
 4.047625e+001  4.266586e-005
 4.053813e+001  1.140742e-004
 4.060000e+001  1.018613e-004
 4.066188e+001  1.259743e-004
 4.072375e+001  1.412370e-004
 4.078563e+001  1.187445e-004
 4.084750e+001  9.587676e-005
 4.090938e+001  1.541991e-004
 4.097125e+001  1.920993e-004
 4.103313e+001  1.413182e-004
 4.109500e+001  1.066491e-004
 4.115688e+001  1.228554e-004
 4.121875e+001  7.753232e-005
 4.128063e+001  1.268201e-004
 4.134250e+001  1.909560e-004
 4.140438e+001  1.297680e-004
 4.146625e+001  9.432360e-005
 4.152813e+001  7.255922e-005
 4.159000e+001  5.851834e-005
 4.165188e+001  6.172952e-005
 4.171375e+001  9.373323e-005
 4.177563e+001  1.156272e-004
 4.183750e+001  1.020490e-004
 4.189938e+001  1.006423e-004
 4.196125e+001  1.000735e-004
 4.202313e+001  1.844031e-004
 4.208500e+001  1.903319e-004
 4.214688e+001  1.024268e-004
 4.220875e+001  1.000132e-004
 4.227063e+001  1.233880e-004
 4.233250e+001  1.239710e-004
 4.239438e+001  1.124812e-004
 4.245625e+001  7.967044e-005
 4.251813e+001  8.305696e-005
 4.258000e+001  1.044049e-004
 4.264188e+001  2.264164e-004
 4.270375e+001  1.754247e-004
 4.276563e+001  4.452312e-005
 4.282750e+001  5.878899e-005
 4.288938e+001  7.897298e-005
 4.295125e+001  8.609053e-005
 4.301313e+001  7.108631e-005
 4.307500e+001  5.986854e-005
 4.313688e+001  1.117535e-004
 4.319875e+001  1.332798e-004
 4.326063e+001  1.659857e-004
 4.332250e+001  9.045661e-005
 4.338438e+001  1.499878e-004
 4.344625e+001  1.397099e-004
 4.350813e+001  1.527250e-004
 4.357000e+001  1.707590e-004
 4.363188e+001  1.745938e-004
 4.369375e+001  1.343110e-004
 4.375563e+001  1.167872e-004
 4.381750e+001  9.255855e-005
 4.387938e+001  9.633336e-005
 4.394125e+001  8.597966e-005
 4.400313e+001  1.705354e-004
 4.406500e+001  1.933294e-004
 4.412688e+001  1.097436e-004
 4.418875e+001  1.136482e-004
 4.425063e+001  1.044561e-004
 4.431250e+001  1.085789e-004
 4.437438e+001  1.233943e-004
 4.443625e+001  1.081977e-004
 4.449813e+001  8.587508e-005
 4.456000e+001  1.396079e-004
 4.462188e+001  1.019103e-004
 4.468375e+001  8.473179e-005
 4.474563e+001  8.024514e-005
 4.480750e+001  1.203468e-004
 4.486938e+001  1.354318e-004
 4.493125e+001  1.435547e-004
 4.499313e+001  1.302704e-004
 4.505500e+001  9.947033e-005
 4.511688e+001  9.523879e-005
 4.517875e+001  1.077651e-004
 4.524063e+001  1.049650e-004
 4.530250e+001  1.060739e-004
 4.536438e+001  1.245026e-004
 4.542625e+001  1.089318e-004
 4.548813e+001  1.144149e-004
 4.555000e+001  1.214150e-004
 4.561188e+001  1.627028e-004
 4.567375e+001  9.038108e-005
 4.573563e+001  6.808557e-005
 4.579750e+001  1.416177e-004
 4.585938e+001  1.602163e-004
 4.592125e+001  8.662116e-005
 4.598313e+001  8.478626e-005
 4.604500e+001  1.014924e-004
 4.610688e+001  9.505006e-005
 4.616875e+001  7.922113e-005
 4.623063e+001  1.020195e-004
 4.629250e+001  9.061260e-005
 4.635438e+001  8.889597e-005
 4.641625e+001  1.327573e-004
 4.647813e+001  1.191095e-004
 4.654000e+001  7.931913e-005
 4.660188e+001  9.146696e-005
 4.666375e+001  9.619692e-005
 4.672563e+001  9.465900e-005
 4.678750e+001  8.625102e-005
 4.684938e+001  5.926786e-005
 4.691125e+001  1.134105e-004
 4.697313e+001  1.468914e-004
 4.703500e+001  1.008065e-004
 4.709688e+001  1.272360e-004
 4.715875e+001  1.150163e-004
 4.722063e+001  7.329156e-005
 4.728250e+001  1.578768e-004
 4.734438e+001  1.054011e-004
 4.740625e+001  1.241879e-004
 4.746813e+001  1.367129e-004
 4.753000e+001  1.286347e-004
 4.759188e+001  1.363519e-004
 4.765375e+001  1.210062e-004
 4.771563e+001  1.013011e-004
 4.777750e+001  9.848899e-005
 4.783938e+001  1.276957e-004
 4.790125e+001  1.260955e-004
 4.796313e+001  9.321983e-005
 4.802500e+001  1.413564e-004
 4.808688e+001  9.797745e-005
 4.814875e+001  8.686572e-005
 4.821063e+001  9.540005e-005
 4.827250e+001  7.212877e-005
 4.833438e+001  8.617957e-005
 4.839625e+001  9.058970e-005
 4.845813e+001  8.212370e-005
 4.852000e+001  5.682048e-005
 4.858188e+001  8.487011e-005
 4.864375e+001  1.394271e-004
 4.870563e+001  1.713138e-004
 4.876750e+001  1.541310e-004
 4.882938e+001  7.948071e-005
 4.889125e+001  1.806634e-004
 4.895313e+001  1.802863e-004
 4.901500e+001  1.195898e-004
 4.907688e+001  7.800104e-005
 4.913875e+001  9.591187e-005
 4.920063e+001  7.615149e-005
 4.926250e+001  1.051777e-004
 4.932438e+001  9.098365e-005
 4.938625e+001  5.613179e-005
 4.944813e+001  5.158846e-005
 4.951000e+001  7.833708e-005
 4.957188e+001  1.399044e-004
 4.963375e+001  1.230236e-004
 4.969563e+001  8.704615e-005
 4.975750e+001  1.823663e-004
 4.981938e+001  3.404733e-004
 4.988125e+001  1.458303e-003
 4.994313e+001  2.001308e-002
 5.000500e+001  3.178453e-002
 5.006688e+001  1.272142e-002
 5.012875e+001  5.838775e-004
 5.019063e+001  3.533405e-004
 5.025250e+001  1.139150e-004
 5.031438e+001  1.062586e-004
 5.037625e+001  1.491907e-004
 5.043813e+001  1.051179e-004
 5.050000e+001  9.325021e-005
 5.056188e+001  4.389649e-005
 5.062375e+001  1.145818e-004
 5.068563e+001  1.453293e-004
 5.074750e+001  1.464821e-004
 5.080938e+001  1.249897e-004
 5.087125e+001  1.179579e-004
 5.093313e+001  8.708142e-005
 5.099500e+001  5.197406e-005
 5.105688e+001  6.767226e-005
 5.111875e+001  6.861711e-005
 5.118063e+001  6.700113e-005
 5.124250e+001  8.925481e-005
 5.130438e+001  9.944714e-005
 5.136625e+001  1.049665e-004
 5.142813e+001  1.191809e-004
 5.149000e+001  1.078860e-004
 5.155188e+001  8.118717e-005
 5.161375e+001  6.516885e-005
 5.167563e+001  1.040418e-004
 5.173750e+001  1.003105e-004
 5.179938e+001  9.702911e-005
 5.186125e+001  1.120147e-004
 5.192313e+001  6.300846e-005
 5.198500e+001  1.097029e-004
 5.204688e+001  1.355118e-004
 5.210875e+001  8.580688e-005
 5.217063e+001  9.777059e-005
 5.223250e+001  1.051763e-004
 5.229438e+001  1.371692e-004
 5.235625e+001  9.711433e-005
 5.241813e+001  8.735185e-005
 5.248000e+001  7.507036e-005
 5.254188e+001  8.808836e-005
 5.260375e+001  1.023856e-004
 5.266563e+001  1.006535e-004
 5.272750e+001  7.755652e-005
 5.278938e+001  6.055021e-005
 5.285125e+001  7.283658e-005
 5.291313e+001  5.351332e-005
 5.297500e+001  7.405512e-005
 5.303688e+001  5.261511e-005
 5.309875e+001  8.582658e-005
 5.316063e+001  1.108563e-004
 5.322250e+001  1.082201e-004
 5.328438e+001  1.530228e-004
 5.334625e+001  1.162368e-004
 5.340813e+001  1.084410e-004
 5.347000e+001  1.294979e-004
 5.353188e+001  1.200037e-004
 5.359375e+001  5.957705e-005
 5.365563e+001  1.081468e-004
 5.371750e+001  8.818563e-005
 5.377938e+001  1.420027e-004
 5.384125e+001  1.672059e-004
 5.390313e+001  1.585591e-004
 5.396500e+001  1.253637e-004
 5.402688e+001  1.107917e-004
 5.408875e+001  1.300182e-004
 5.415063e+001  1.106647e-004
 5.421250e+001  9.779394e-005
 5.427438e+001  8.888747e-005
 5.433625e+001  1.011247e-004
 5.439813e+001  1.057811e-004
 5.446000e+001  8.526841e-005
 5.452188e+001  7.473364e-005
 5.458375e+001  6.994309e-005
 5.464563e+001  8.735229e-005
 5.470750e+001  1.118041e-004
 5.476938e+001  1.066907e-004
 5.483125e+001  9.826224e-005
 5.489313e+001  5.738599e-005
 5.495500e+001  9.790721e-005
 5.501688e+001  1.076888e-004
 5.507875e+001  9.201101e-005
 5.514063e+001  1.154056e-004
 5.520250e+001  1.064155e-004
 5.526438e+001  7.511235e-005
 5.532625e+001  7.726397e-005
 5.538813e+001  1.167343e-004
 5.545000e+001  1.181215e-004
 5.551188e+001  1.037715e-004
 5.557375e+001  1.101264e-004
 5.563563e+001  8.742579e-005
 5.569750e+001  1.103015e-004
 5.575938e+001  8.306761e-005
 5.582125e+001  6.667326e-005
 5.588313e+001  6.364016e-005
 5.594500e+001  7.556246e-005
 5.600688e+001  1.032014e-004
 5.606875e+001  8.796247e-005
 5.613063e+001  8.622336e-005
 5.619250e+001  1.163323e-004
 5.625438e+001  1.360834e-004
 5.631625e+001  1.148712e-004
 5.637813e+001  1.039703e-004
 5.644000e+001  8.523361e-005
 5.650188e+001  1.020482e-004
 5.656375e+001  9.645349e-005
 5.662563e+001  6.560279e-005
 5.668750e+001  5.201643e-005
 5.674938e+001  8.131526e-005
 5.681125e+001  7.708937e-005
 5.687313e+001  7.332201e-005
 5.693500e+001  6.694372e-005
 5.699688e+001  1.031842e-004
 5.705875e+001  9.499525e-005
 5.712063e+001  8.616760e-005
 5.718250e+001  1.018795e-004
 5.724438e+001  8.783217e-005
 5.730625e+001  9.372721e-005
 5.736813e+001  1.364131e-004
 5.743000e+001  1.228408e-004
 5.749188e+001  7.976697e-005
 5.755375e+001  9.638307e-005
 5.761563e+001  7.986460e-005
 5.767750e+001  1.295507e-004
 5.773938e+001  8.242855e-005
 5.780125e+001  4.457760e-005
 5.786313e+001  7.893706e-005
 5.792500e+001  8.320698e-005
 5.798688e+001  8.811128e-005
 5.804875e+001  8.148239e-005
 5.811063e+001  6.219759e-005
 5.817250e+001  4.504689e-005
 5.823438e+001  8.314867e-005
 5.829625e+001  1.107868e-004
 5.835813e+001  1.338676e-004
 5.842000e+001  1.117294e-004
 5.848188e+001  8.576004e-005
 5.854375e+001  7.983364e-005
 5.860563e+001  1.267516e-004
 5.866750e+001  8.883995e-005
 5.872938e+001  1.046317e-004
 5.879125e+001  9.844668e-005
 5.885313e+001  7.425874e-005
 5.891500e+001  1.113170e-004
 5.897688e+001  8.369032e-005
 5.903875e+001  8.945346e-005
 5.910063e+001  8.509950e-005
 5.916250e+001  9.362645e-005
 5.922438e+001  1.083461e-004
 5.928625e+001  1.118801e-004
 5.934813e+001  8.059910e-005
 5.941000e+001  6.563851e-005
 5.947188e+001  9.642954e-005
 5.953375e+001  1.230408e-004
 5.959563e+001  9.424057e-005
 5.965750e+001  9.380251e-005
 5.971938e+001  1.171860e-004
 5.978125e+001  1.045392e-004
 5.984313e+001  1.067421e-004
 5.990500e+001  4.804879e-005
 5.996688e+001  9.907403e-005
 6.002875e+001  1.148250e-004
 6.009063e+001  1.107886e-004
 6.015250e+001  1.086614e-004
 6.021438e+001  6.640670e-005
 6.027625e+001  4.636259e-005
 6.033813e+001  5.567908e-005
 6.040000e+001  8.670651e-005
 6.046188e+001  1.223422e-004
 6.052375e+001  8.248624e-005
 6.058563e+001  7.474160e-005
 6.064750e+001  6.993886e-005
 6.070938e+001  7.912686e-005
 6.077125e+001  8.924486e-005
 6.083313e+001  7.720637e-005
 6.089500e+001  1.283913e-004
 6.095688e+001  1.184129e-004
 6.101875e+001  7.837661e-005
 6.108063e+001  4.521120e-005
 6.114250e+001  7.001340e-005
 6.120438e+001  6.867685e-005
 6.126625e+001  5.782866e-005
 6.132813e+001  4.372933e-005
 6.139000e+001  3.821589e-005
 6.145188e+001  6.342080e-005
 6.151375e+001  8.251157e-005
 6.157563e+001  1.074427e-004
 6.163750e+001  1.229764e-004
 6.169938e+001  5.795959e-005
 6.176125e+001  6.839202e-005
 6.182313e+001  7.337559e-005
 6.188500e+001  6.900989e-005
 6.194688e+001  6.934399e-005
 6.200875e+001  4.561908e-005
 6.207063e+001  5.013962e-005
 6.213250e+001  4.943370e-005
 6.219438e+001  8.052825e-005
 6.225625e+001  8.520048e-005
 6.231813e+001  8.549390e-005
 6.238000e+001  9.601805e-005
 6.244188e+001  1.026927e-004
 6.250375e+001  1.336461e-004
 6.256563e+001  1.334372e-004
 6.262750e+001  1.257293e-004
 6.268938e+001  9.783000e-005
 6.275125e+001  4.813762e-005
 6.281313e+001  4.109721e-005
 6.287500e+001  6.050366e-005
 6.293688e+001  4.470032e-005
 6.299875e+001  9.384668e-005
 6.306063e+001  1.185886e-004
 6.312250e+001  4.750225e-005
 6.318438e+001  5.789964e-005
 6.324625e+001  9.261154e-005
 6.330813e+001  1.139594e-004
 6.337000e+001  1.330677e-004
 6.343188e+001  1.250883e-004
 6.349375e+001  9.780023e-005
 6.355563e+001  7.271478e-005
 6.361750e+001  5.726561e-005
 6.367938e+001  9.678750e-005
 6.374125e+001  8.968031e-005
 6.380313e+001  8.965636e-005
 6.386500e+001  4.957522e-005
 6.392688e+001  4.348530e-005
 6.398875e+001  4.954525e-005
 6.405063e+001  8.453266e-005
 6.411250e+001  1.007833e-004
 6.417438e+001  7.951901e-005
 6.423625e+001  7.859347e-005
 6.429813e+001  1.407794e-004
 6.436000e+001  1.092319e-004
 6.442188e+001  7.176639e-005
 6.448375e+001  8.605702e-005
 6.454563e+001  1.067941e-004
 6.460750e+001  6.124524e-005
 6.466938e+001  9.618162e-005
 6.473125e+001  9.335571e-005
 6.479313e+001  7.662262e-005
 6.485500e+001  1.022655e-004
 6.491688e+001  1.092657e-004
 6.497875e+001  8.512922e-005
 6.504063e+001  8.562008e-005
 6.510250e+001  7.432502e-005
 6.516438e+001  5.513227e-005
 6.522625e+001  5.977069e-005
 6.528813e+001  8.844200e-005
 6.535000e+001  6.921112e-005
 6.541188e+001  4.737880e-005
 6.547375e+001  3.527717e-005
 6.553563e+001  4.186470e-005
 6.559750e+001  4.666616e-005
 6.565938e+001  4.749136e-005
 6.572125e+001  1.193116e-004
 6.578313e+001  1.527389e-004
 6.584500e+001  1.121898e-004
 6.590688e+001  6.486310e-005
 6.596875e+001  3.662125e-005
 6.603063e+001  5.655506e-005
 6.609250e+001  1.174079e-004
 6.615438e+001  7.147083e-005
 6.621625e+001  4.734055e-005
 6.627813e+001  7.472075e-005
 6.634000e+001  1.027527e-004
 6.640188e+001  9.429365e-005
 6.646375e+001  6.802534e-005
 6.652563e+001  4.168316e-005
 6.658750e+001  6.010125e-005
 6.664938e+001  8.833326e-005
 6.671125e+001  9.245680e-005
 6.677313e+001  7.739222e-005
 6.683500e+001  1.064566e-004
 6.689688e+001  9.310766e-005
 6.695875e+001  7.336835e-005
 6.702063e+001  6.689798e-005
 6.708250e+001  5.055859e-005
 6.714438e+001  6.673655e-005
 6.720625e+001  8.535602e-005
 6.726813e+001  8.387450e-005
 6.733000e+001  8.874210e-005
 6.739188e+001  9.844525e-005
 6.745375e+001  9.716846e-005
 6.751563e+001  6.422127e-005
 6.757750e+001  5.782107e-005
 6.763938e+001  1.029104e-004
 6.770125e+001  1.068169e-004
 6.776313e+001  9.940171e-005
 6.782500e+001  9.557592e-005
 6.788688e+001  6.435273e-005
 6.794875e+001  6.028202e-005
 6.801063e+001  1.114722e-004
 6.807250e+001  8.622191e-005
 6.813438e+001  1.126066e-004
 6.819625e+001  1.389876e-004
 6.825813e+001  8.876089e-005
 6.832000e+001  7.947002e-005
 6.838188e+001  3.778373e-005
 6.844375e+001  6.261421e-005
 6.850563e+001  8.685948e-005
 6.856750e+001  1.015557e-004
 6.862938e+001  1.210656e-004
 6.869125e+001  8.842939e-005
 6.875313e+001  8.610006e-005
 6.881500e+001  4.515161e-005
 6.887688e+001  6.535967e-005
 6.893875e+001  8.267319e-005
 6.900063e+001  1.004176e-004
 6.906250e+001  9.582248e-005
 6.912438e+001  7.692918e-005
 6.918625e+001  9.654427e-005
 6.924813e+001  6.635352e-005
 6.931000e+001  1.080156e-004
 6.937188e+001  1.111540e-004
 6.943375e+001  7.161639e-005
 6.949563e+001  4.741180e-005
 6.955750e+001  8.691787e-005
 6.961938e+001  9.657608e-005
 6.968125e+001  7.085980e-005
 6.974313e+001  7.529224e-005
 6.980500e+001  7.597774e-005
 6.986688e+001  6.077344e-005
 6.992875e+001  7.998735e-005
 6.999063e+001  1.020463e-004
 7.005250e+001  1.112848e-004
 7.011438e+001  7.892671e-005
 7.017625e+001  6.115991e-005
 7.023813e+001  1.040630e-004
 7.030000e+001  7.222181e-005
 7.036188e+001  6.347534e-005
 7.042375e+001  6.696099e-005
 7.048563e+001  9.565170e-005
 7.054750e+001  8.774396e-005
 7.060938e+001  6.689475e-005
 7.067125e+001  4.902624e-005
 7.073313e+001  6.308565e-005
 7.079500e+001  1.079783e-004
 7.085688e+001  8.369056e-005
 7.091875e+001  4.702773e-005
 7.098063e+001  6.802060e-005
 7.104250e+001  8.187285e-005
 7.110438e+001  9.033023e-005
 7.116625e+001  5.514249e-005
 7.122813e+001  3.632809e-005
 7.129000e+001  4.212178e-005
 7.135188e+001  9.050238e-005
 7.141375e+001  1.021520e-004
 7.147563e+001  9.547138e-005
 7.153750e+001  9.084913e-005
 7.159938e+001  1.132114e-004
 7.166125e+001  1.216343e-004
 7.172313e+001  9.282513e-005
 7.178500e+001  5.034928e-005
 7.184688e+001  6.031635e-005
 7.190875e+001  9.507950e-005
 7.197063e+001  8.489018e-005
 7.203250e+001  4.102411e-005
 7.209438e+001  7.978434e-005
 7.215625e+001  7.739875e-005
 7.221813e+001  8.282693e-005
 7.228000e+001  9.052112e-005
 7.234188e+001  7.544881e-005
 7.240375e+001  6.043409e-005
 7.246563e+001  6.538609e-005
 7.252750e+001  8.662376e-005
 7.258938e+001  6.377779e-005
 7.265125e+001  8.958158e-005
 7.271313e+001  1.114169e-004
 7.277500e+001  7.309447e-005
 7.283688e+001  8.971459e-005
 7.289875e+001  7.169912e-005
 7.296063e+001  5.654729e-005
 7.302250e+001  6.311769e-005
 7.308438e+001  5.084276e-005
 7.314625e+001  5.445268e-005
 7.320813e+001  7.610978e-005
 7.327000e+001  7.742011e-005
 7.333188e+001  9.520147e-005
 7.339375e+001  1.353418e-004
 7.345563e+001  1.201928e-004
 7.351750e+001  7.999704e-005
 7.357938e+001  6.047157e-005
 7.364125e+001  6.113637e-005
 7.370313e+001  6.752312e-005
 7.376500e+001  7.810850e-005
 7.382688e+001  9.109254e-005
 7.388875e+001  9.170677e-005
 7.395063e+001  6.581434e-005
 7.401250e+001  7.616673e-005
 7.407438e+001  9.872213e-005
 7.413625e+001  7.177752e-005
 7.419813e+001  7.003615e-005
 7.426000e+001  6.567775e-005
 7.432188e+001  5.071155e-005
 7.438375e+001  3.467574e-005
 7.444563e+001  8.269714e-005
 7.450750e+001  8.131708e-005
 7.456938e+001  6.973826e-005
 7.463125e+001  8.656543e-005
 7.469313e+001  1.036848e-004
 7.475500e+001  9.082239e-005
 7.481688e+001  6.875556e-005
 7.487875e+001  5.028941e-005
 7.494063e+001  6.788062e-005
 7.500250e+001  5.810808e-005
 7.506438e+001  6.104777e-005
 7.512625e+001  7.880816e-005
 7.518813e+001  3.536897e-005
 7.525000e+001  5.096083e-005
 7.531188e+001  1.061883e-004
 7.537375e+001  2.704557e-004
 7.543563e+001  4.652522e-004
 7.549750e+001  2.551205e-004
 7.555938e+001  5.713595e-005
 7.562125e+001  5.291364e-005
 7.568313e+001  9.746614e-005
 7.574500e+001  1.129678e-004
 7.580688e+001  1.013450e-004
 7.586875e+001  7.313719e-005
 7.593063e+001  8.139719e-005
 7.599250e+001  1.143264e-004
 7.605438e+001  1.075302e-004
 7.611625e+001  5.307240e-005
 7.617813e+001  4.045228e-005
 7.624000e+001  6.643505e-005
 7.630188e+001  7.071043e-005
 7.636375e+001  1.037733e-004
 7.642563e+001  7.976415e-005
 7.648750e+001  6.852132e-005
 7.654938e+001  9.362908e-005
 7.661125e+001  1.090885e-004
 7.667313e+001  1.072422e-004
 7.673500e+001  9.452668e-005
 7.679688e+001  8.440314e-005
 7.685875e+001  6.353792e-005
 7.692063e+001  6.509003e-005
 7.698250e+001  5.675641e-005
 7.704438e+001  5.137975e-005
 7.710625e+001  8.620527e-005
 7.716813e+001  8.112441e-005
 7.723000e+001  6.764957e-005
 7.729188e+001  6.222209e-005
 7.735375e+001  5.855310e-005
 7.741563e+001  4.731336e-005
 7.747750e+001  4.243730e-005
 7.753938e+001  7.188594e-005
 7.760125e+001  7.398166e-005
 7.766313e+001  4.528516e-005
 7.772500e+001  5.433148e-005
 7.778688e+001  9.047748e-005
 7.784875e+001  1.015485e-004
 7.791063e+001  9.729408e-005
 7.797250e+001  7.058115e-005
 7.803438e+001  7.742919e-005
 7.809625e+001  1.002376e-004
 7.815813e+001  9.035506e-005
 7.822000e+001  4.952710e-005
 7.828188e+001  7.575491e-005
 7.834375e+001  8.300899e-005
 7.840563e+001  6.396936e-005
 7.846750e+001  5.966583e-005
 7.852938e+001  8.679478e-005
 7.859125e+001  1.152699e-004
 7.865313e+001  1.255048e-004
 7.871500e+001  1.515486e-004
 7.877688e+001  9.975628e-005
 7.883875e+001  1.127481e-004
 7.890063e+001  1.037998e-004
 7.896250e+001  4.091278e-005
 7.902438e+001  5.545782e-005
 7.908625e+001  7.384906e-005
 7.914813e+001  7.540539e-005
 7.921000e+001  6.185901e-005
 7.927188e+001  8.108557e-005
 7.933375e+001  5.791825e-005
 7.939563e+001  5.277942e-005
 7.945750e+001  7.943545e-005
 7.951938e+001  4.763354e-005
 7.958125e+001  6.256934e-005
 7.964313e+001  9.263815e-005
 7.970500e+001  5.966228e-005
 7.976688e+001  2.885743e-005
 7.982875e+001  3.802553e-005
 7.989063e+001  5.064365e-005
 7.995250e+001  7.819835e-005
 8.001438e+001  9.347280e-005
 8.007625e+001  4.157005e-005
 8.013813e+001  7.117843e-005
 8.020000e+001  7.346008e-005
 8.026188e+001  8.239941e-005
 8.032375e+001  6.802186e-005
 8.038563e+001  8.727218e-005
 8.044750e+001  8.777109e-005
 8.050938e+001  6.187425e-005
 8.057125e+001  6.457023e-005
 8.063313e+001  5.423732e-005
 8.069500e+001  5.725513e-005
 8.075688e+001  7.292712e-005
 8.081875e+001  4.784043e-005
 8.088063e+001  7.958614e-005
 8.094250e+001  6.303242e-005
 8.100438e+001  3.547398e-005
 8.106625e+001  2.874981e-005
 8.112813e+001  6.645582e-005
 8.119000e+001  9.809257e-005
 8.125188e+001  7.509642e-005
 8.131375e+001  6.124986e-005
 8.137563e+001  5.507443e-005
 8.143750e+001  5.357786e-005
 8.149938e+001  7.332337e-005
 8.156125e+001  7.987406e-005
 8.162313e+001  7.533033e-005
 8.168500e+001  5.758550e-005
 8.174688e+001  3.960289e-005
 8.180875e+001  7.362934e-005
 8.187063e+001  4.828604e-005
 8.193250e+001  2.221633e-005
 8.199438e+001  5.542479e-005
 8.205625e+001  6.469492e-005
 8.211813e+001  7.838280e-005
 8.218000e+001  9.940996e-005
 8.224188e+001  7.658984e-005
 8.230375e+001  8.106813e-005
 8.236563e+001  6.229250e-005
 8.242750e+001  5.229701e-005
 8.248938e+001  5.380618e-005
 8.255125e+001  6.075306e-005
 8.261313e+001  4.360318e-005
 8.267500e+001  5.574414e-005
 8.273688e+001  7.898428e-005
 8.279875e+001  8.612645e-005
 8.286063e+001  9.261190e-005
 8.292250e+001  5.487854e-005
 8.298438e+001  4.236376e-005
 8.304625e+001  6.744875e-005
 8.310813e+001  6.298557e-005
 8.317000e+001  5.951246e-005
 8.323188e+001  7.021575e-005
 8.329375e+001  8.265915e-005
 8.335563e+001  6.943401e-005
 8.341750e+001  6.577939e-005
 8.347938e+001  6.503916e-005
 8.354125e+001  7.067524e-005
 8.360313e+001  4.640221e-005
 8.366500e+001  6.082414e-005
 8.372688e+001  7.038972e-005
 8.378875e+001  4.836532e-005
 8.385063e+001  4.102689e-005
 8.391250e+001  6.904613e-005
 8.397438e+001  7.691978e-005
 8.403625e+001  7.375673e-005
 8.409813e+001  6.690531e-005
 8.416000e+001  6.263384e-005
 8.422188e+001  5.384701e-005
 8.428375e+001  3.622802e-005
 8.434563e+001  3.184707e-005
 8.440750e+001  6.007558e-005
 8.446938e+001  6.873840e-005
 8.453125e+001  8.066370e-005
 8.459313e+001  7.584042e-005
 8.465500e+001  9.632233e-005
 8.471688e+001  7.221471e-005
 8.477875e+001  4.584652e-005
 8.484063e+001  8.350077e-005
 8.490250e+001  5.267708e-005
 8.496438e+001  3.449319e-005
 8.502625e+001  7.648409e-005
 8.508813e+001  7.947861e-005
 8.515000e+001  5.759832e-005
 8.521188e+001  6.165670e-005
 8.527375e+001  4.850686e-005
 8.533563e+001  5.172832e-005
 8.539750e+001  4.992757e-005
 8.545938e+001  6.445715e-005
 8.552125e+001  4.830421e-005
 8.558313e+001  9.414791e-005
 8.564500e+001  9.563694e-005
 8.570688e+001  4.818352e-005
 8.576875e+001  5.662714e-005
 8.583063e+001  9.591016e-005
 8.589250e+001  1.065313e-004
 8.595438e+001  9.432568e-005
 8.601625e+001  8.239344e-005
 8.607813e+001  9.288947e-005
 8.614000e+001  8.625112e-005
 8.620188e+001  7.496549e-005
 8.626375e+001  4.666968e-005
 8.632563e+001  5.277250e-005
 8.638750e+001  5.131531e-005
 8.644938e+001  4.986264e-005
 8.651125e+001  7.313203e-005
 8.657313e+001  5.379637e-005
 8.663500e+001  4.508300e-005
 8.669688e+001  6.840537e-005
 8.675875e+001  6.833580e-005
 8.682063e+001  6.754225e-005
 8.688250e+001  7.518805e-005
 8.694438e+001  4.500733e-005
 8.700625e+001  6.368562e-005
 8.706813e+001  8.917758e-005
 8.713000e+001  6.174496e-005
 8.719188e+001  6.729910e-005
 8.725375e+001  7.971451e-005
 8.731563e+001  8.201142e-005
 8.737750e+001  1.010504e-004
 8.743938e+001  5.435623e-005
 8.750125e+001  7.848916e-005
 8.756313e+001  8.563756e-005
 8.762500e+001  2.123726e-005
 8.768688e+001  4.993289e-005
 8.774875e+001  8.709529e-005
 8.781063e+001  6.348442e-005
 8.787250e+001  6.062469e-005
 8.793438e+001  4.556270e-005
 8.799625e+001  5.082398e-005
 8.805813e+001  5.701357e-005
 8.812000e+001  3.590191e-005
 8.818188e+001  5.195740e-005
 8.824375e+001  6.832524e-005
 8.830563e+001  3.902228e-005
 8.836750e+001  4.259587e-005
 8.842938e+001  5.100267e-005
 8.849125e+001  5.662065e-005
 8.855313e+001  1.070965e-004
 8.861500e+001  9.296915e-005
 8.867688e+001  4.648978e-005
 8.873875e+001  5.826236e-005
 8.880063e+001  6.263362e-005
 8.886250e+001  3.705751e-005
 8.892438e+001  7.006302e-005
 8.898625e+001  8.076325e-005
 8.904813e+001  8.504959e-005
 8.911000e+001  8.422130e-005
 8.917188e+001  7.422986e-005
 8.923375e+001  7.794896e-005
 8.929563e+001  5.656710e-005
 8.935750e+001  5.305862e-005
 8.941938e+001  5.488533e-005
 8.948125e+001  4.166763e-005
 8.954313e+001  6.199467e-005
 8.960500e+001  9.777354e-005
 8.966688e+001  9.193474e-005
 8.972875e+001  2.732399e-005
 8.979063e+001  5.642212e-005
 8.985250e+001  6.600525e-005
 8.991438e+001  6.496686e-005
 8.997625e+001  4.612963e-005
 9.003813e+001  4.120070e-005
 9.010000e+001  2.110156e-005
 9.016188e+001  4.416495e-005
 9.022375e+001  5.572236e-005
 9.028563e+001  2.467415e-005
 9.034750e+001  4.846896e-005
 9.040938e+001  4.931867e-005
 9.047125e+001  6.023247e-005
 9.053313e+001  5.647373e-005
 9.059500e+001  5.924351e-005
 9.065688e+001  5.346454e-005
 9.071875e+001  3.737797e-005
 9.078063e+001  3.471050e-005
 9.084250e+001  3.996292e-005
 9.090438e+001  5.802310e-005
 9.096625e+001  3.809787e-005
 9.102813e+001  8.975260e-005
 9.109000e+001  1.265907e-004
 9.115188e+001  7.191800e-005
 9.121375e+001  4.623390e-005
 9.127563e+001  4.099599e-005
 9.133750e+001  3.057996e-005
 9.139938e+001  5.004173e-005
 9.146125e+001  6.083144e-005
 9.152313e+001  6.003944e-005
 9.158500e+001  8.467472e-005
 9.164688e+001  7.650647e-005
 9.170875e+001  5.626617e-005
 9.177063e+001  4.034843e-005
 9.183250e+001  1.538305e-004
 9.189438e+001  3.121240e-004
 9.195625e+001  2.032119e-004
 9.201813e+001  6.954772e-005
 9.208000e+001  6.676691e-005
 9.214188e+001  5.881084e-005
 9.220375e+001  4.045932e-005
 9.226563e+001  3.407732e-005
 9.232750e+001  4.056377e-005
 9.238938e+001  5.879156e-005
 9.245125e+001  6.237368e-005
 9.251313e+001  6.490165e-005
 9.257500e+001  3.478929e-005
 9.263688e+001  4.733329e-005
 9.269875e+001  6.840210e-005
 9.276063e+001  6.321430e-005
 9.282250e+001  4.462190e-005
 9.288438e+001  4.282340e-005
 9.294625e+001  3.447446e-005
 9.300813e+001  3.205511e-005
 9.307000e+001  3.271270e-005
 9.313188e+001  4.215976e-005
 9.319375e+001  5.471754e-005
 9.325563e+001  5.161512e-005
 9.331750e+001  3.816269e-005
 9.337938e+001  4.687400e-005
 9.344125e+001  5.414479e-005
 9.350313e+001  5.570122e-005
 9.356500e+001  4.943462e-005
 9.362688e+001  3.793458e-005
 9.368875e+001  7.369002e-005
 9.375063e+001  5.008132e-005
 9.381250e+001  5.546979e-005
 9.387438e+001  5.905851e-005
 9.393625e+001  5.625188e-005
 9.399813e+001  4.933128e-005
 9.406000e+001  3.529136e-005
 9.412188e+001  4.735844e-005
 9.418375e+001  8.070023e-005
 9.424563e+001  7.611288e-005
 9.430750e+001  5.897064e-005
 9.436938e+001  5.244710e-005
 9.443125e+001  4.618145e-005
 9.449313e+001  5.705838e-005
 9.455500e+001  7.209314e-005
 9.461688e+001  1.042970e-004
 9.467875e+001  8.120337e-005
 9.474063e+001  6.663462e-005
 9.480250e+001  4.337131e-005
 9.486438e+001  2.608263e-005
 9.492625e+001  5.345576e-005
 9.498813e+001  4.501619e-005
 9.505000e+001  5.659099e-005
 9.511188e+001  4.967796e-005
 9.517375e+001  3.857275e-005
 9.523563e+001  5.476388e-005
 9.529750e+001  7.042355e-005
 9.535938e+001  7.598487e-005
 9.542125e+001  8.004958e-005
 9.548313e+001  7.180414e-005
 9.554500e+001  7.139469e-005
 9.560688e+001  4.999373e-005
 9.566875e+001  6.410787e-005
 9.573063e+001  4.095037e-005
 9.579250e+001  5.224614e-005
 9.585438e+001  6.638367e-005
 9.591625e+001  7.609096e-005
 9.597813e+001  6.424443e-005
 9.604000e+001  4.561244e-005
 9.610188e+001  5.437309e-005
 9.616375e+001  6.568056e-005
 9.622563e+001  7.415348e-005
 9.628750e+001  5.007965e-005
 9.634938e+001  5.556983e-005
 9.641125e+001  6.932474e-005
 9.647313e+001  8.297339e-005
 9.653500e+001  6.334220e-005
 9.659688e+001  2.509962e-005
 9.665875e+001  4.755148e-005
 9.672063e+001  7.492686e-005
 9.678250e+001  9.554650e-005
 9.684438e+001  8.252691e-005
 9.690625e+001  5.341427e-005
 9.696813e+001  2.996118e-005
 9.703000e+001  4.561719e-005
 9.709188e+001  4.889150e-005
 9.715375e+001  6.007706e-005
 9.721563e+001  5.519664e-005
 9.727750e+001  4.802863e-005
 9.733938e+001  4.374567e-005
 9.740125e+001  4.790049e-005
 9.746313e+001  6.846099e-005
 9.752500e+001  6.578474e-005
 9.758688e+001  7.216508e-005
 9.764875e+001  7.181014e-005
 9.771063e+001  6.810124e-005
 9.777250e+001  5.734647e-005
 9.783438e+001  6.143531e-005
 9.789625e+001  6.611612e-005
 9.795813e+001  5.669408e-005
 9.802000e+001  4.992535e-005
 9.808188e+001  4.336227e-005
 9.814375e+001  4.755270e-005
 9.820563e+001  6.372300e-005
 9.826750e+001  5.100496e-005
 9.832938e+001  3.471636e-005
 9.839125e+001  5.922444e-005
 9.845313e+001  5.975377e-005
 9.851500e+001  4.352889e-005
 9.857688e+001  3.213292e-005
 9.863875e+001  4.395930e-005
 9.870063e+001  6.206037e-005
 9.876250e+001  8.466030e-005
 9.882438e+001  5.537263e-005
 9.888625e+001  3.923849e-005
 9.894813e+001  4.909735e-005
 9.901000e+001  5.743187e-005
 9.907188e+001  3.476761e-005
 9.913375e+001  4.436581e-005
 9.919563e+001  6.214365e-005
 9.925750e+001  6.031884e-005
 9.931938e+001  4.895145e-005
 9.938125e+001  5.702355e-005
 9.944313e+001  5.871654e-005
 9.950500e+001  6.557873e-005
 9.956688e+001  4.548828e-005
 9.962875e+001  2.424770e-005
 9.969063e+001  3.478207e-005
 9.975250e+001  3.846941e-005
 9.981438e+001  4.597297e-005
 9.987625e+001  1.555298e-004
 9.993813e+001  1.310419e-003
 1.000000e+002  2.051245e-003
