 1.000000e+000  3.767918e-004
 1.061875e+000  1.303805e-003
 1.123750e+000  1.204694e-003
 1.185625e+000  1.080236e-003
 1.247500e+000  1.525790e-003
 1.309375e+000  1.581238e-003
 1.371250e+000  8.035298e-004
 1.433125e+000  1.043625e-003
 1.495000e+000  1.631149e-003
 1.556875e+000  1.100597e-003
 1.618750e+000  3.797652e-004
 1.680625e+000  4.009946e-004
 1.742500e+000  5.780419e-004
 1.804375e+000  5.730250e-004
 1.866250e+000  7.050221e-004
 1.928125e+000  1.281925e-003
 1.990000e+000  1.145195e-003
 2.051875e+000  3.287753e-004
 2.113750e+000  2.241527e-004
 2.175625e+000  4.658178e-004
 2.237500e+000  6.744156e-004
 2.299375e+000  6.067772e-004
 2.361250e+000  8.079206e-004
 2.423125e+000  5.759359e-004
 2.485000e+000  4.664002e-004
 2.546875e+000  5.692362e-004
 2.608750e+000  6.930339e-004
 2.670625e+000  8.440846e-004
 2.732500e+000  6.529513e-004
 2.794375e+000  9.890457e-004
 2.856250e+000  4.275940e-004
 2.918125e+000  4.401711e-004
 2.980000e+000  5.059880e-004
 3.041875e+000  6.169746e-004
 3.103750e+000  8.422824e-004
 3.165625e+000  5.393241e-004
 3.227500e+000  5.168924e-004
 3.289375e+000  5.456404e-004
 3.351250e+000  2.879272e-004
 3.413125e+000  3.351621e-004
 3.475000e+000  5.095498e-004
 3.536875e+000  5.351854e-004
 3.598750e+000  5.646454e-004
 3.660625e+000  5.851254e-004
 3.722500e+000  5.843843e-004
 3.784375e+000  5.699851e-004
 3.846250e+000  4.377780e-004
 3.908125e+000  3.054092e-004
 3.970000e+000  3.201080e-004
 4.031875e+000  6.166216e-004
 4.093750e+000  4.994707e-004
 4.155625e+000  5.153765e-004
 4.217500e+000  2.834461e-004
 4.279375e+000  4.297262e-004
 4.341250e+000  4.228065e-004
 4.403125e+000  5.492740e-004
 4.465000e+000  6.130596e-004
 4.526875e+000  5.884342e-004
 4.588750e+000  5.022877e-004
 4.650625e+000  3.787478e-004
 4.712500e+000  5.559025e-004
 4.774375e+000  4.032239e-004
 4.836250e+000  1.234339e-004
 4.898125e+000  2.354286e-004
 4.960000e+000  1.697969e-004
 5.021875e+000  3.019472e-004
 5.083750e+000  3.130441e-004
 5.145625e+000  2.291038e-004
 5.207500e+000  3.054368e-004
 5.269375e+000  2.895206e-004
 5.331250e+000  4.075511e-004
 5.393125e+000  3.317867e-004
 5.455000e+000  3.523832e-004
 5.516875e+000  2.345793e-004
 5.578750e+000  2.852896e-004
 5.640625e+000  5.557186e-004
 5.702500e+000  6.834007e-004
 5.764375e+000  6.213919e-004
 5.826250e+000  5.549012e-004
 5.888125e+000  2.143405e-004
 5.950000e+000  2.168714e-004
 6.011875e+000  5.052532e-004
 6.073750e+000  4.495632e-004
 6.135625e+000  2.750104e-004
 6.197500e+000  4.692313e-004
 6.259375e+000  3.855574e-004
 6.321250e+000  2.775614e-004
 6.383125e+000  2.767505e-004
 6.445000e+000  3.297089e-004
 6.506875e+000  3.192998e-004
 6.568750e+000  4.354564e-004
 6.630625e+000  4.935310e-004
 6.692500e+000  3.767044e-004
 6.754375e+000  3.682591e-004
 6.816250e+000  3.840888e-004
 6.878125e+000  2.692985e-004
 6.940000e+000  4.369490e-004
 7.001875e+000  3.504351e-004
 7.063750e+000  1.933743e-004
 7.125625e+000  2.401231e-004
 7.187500e+000  2.918461e-004
 7.249375e+000  1.295266e-004
 7.311250e+000  4.016930e-004
 7.373125e+000  3.396100e-004
 7.435000e+000  4.887903e-004
 7.496875e+000  2.737456e-004
 7.558750e+000  1.689466e-004
 7.620625e+000  1.489766e-004
 7.682500e+000  1.684849e-004
 7.744375e+000  2.384210e-004
 7.806250e+000  2.318367e-004
 7.868125e+000  3.261271e-004
 7.930000e+000  1.816807e-004
 7.991875e+000  6.192356e-005
 8.053750e+000  3.954910e-004
 8.115625e+000  4.094506e-004
 8.177500e+000  2.504460e-004
 8.239375e+000  2.864779e-004
 8.301250e+000  2.407072e-004
 8.363125e+000  1.922025e-004
 8.425000e+000  2.048330e-004
 8.486875e+000  4.261505e-004
 8.548750e+000  5.441649e-004
 8.610625e+000  2.923573e-004
 8.672500e+000  4.187199e-004
 8.734375e+000  3.081488e-004
 8.796250e+000  2.521185e-004
 8.858125e+000  3.373542e-004
 8.920000e+000  3.740232e-004
 8.981875e+000  3.281019e-004
 9.043750e+000  2.059968e-004
 9.105625e+000  6.096818e-005
 9.167500e+000  2.208686e-004
 9.229375e+000  2.555026e-004
 9.291250e+000  2.062045e-004
 9.353125e+000  2.700695e-004
 9.415000e+000  3.860163e-004
 9.476875e+000  3.652750e-004
 9.538750e+000  2.303168e-004
 9.600625e+000  9.273356e-005
 9.662500e+000  1.235440e-004
 9.724375e+000  2.767686e-004
 9.786250e+000  1.690677e-004
 9.848125e+000  1.215129e-004
 9.910000e+000  2.352595e-004
 9.971875e+000  2.513600e-004
 1.003375e+001  2.483449e-004
 1.009563e+001  1.727593e-004
 1.015750e+001  2.972622e-004
 1.021938e+001  2.334375e-004
 1.028125e+001  2.168805e-004
 1.034313e+001  2.380153e-004
 1.040500e+001  1.702011e-004
 1.046688e+001  2.074229e-004
 1.052875e+001  1.135085e-004
 1.059063e+001  1.947868e-004
 1.065250e+001  2.040136e-004
 1.071438e+001  2.500035e-004
 1.077625e+001  1.980347e-004
 1.083813e+001  1.630715e-004
 1.090000e+001  8.358053e-005
 1.096188e+001  2.691052e-004
 1.102375e+001  1.942298e-004
 1.108563e+001  1.467415e-004
 1.114750e+001  1.632775e-004
 1.120938e+001  8.405951e-005
 1.127125e+001  2.163479e-004
 1.133313e+001  2.827824e-004
 1.139500e+001  2.012794e-004
 1.145688e+001  1.798446e-004
 1.151875e+001  9.521038e-005
 1.158063e+001  1.840579e-004
 1.164250e+001  2.153875e-004
 1.170438e+001  2.239056e-004
 1.176625e+001  2.075978e-004
 1.182813e+001  1.830155e-004
 1.189000e+001  1.908367e-004
 1.195188e+001  2.802578e-004
 1.201375e+001  2.103691e-004
 1.207563e+001  2.109019e-004
 1.213750e+001  2.359134e-004
 1.219938e+001  2.148356e-004
 1.226125e+001  2.525475e-004
 1.232313e+001  3.253887e-004
 1.238500e+001  2.104281e-004
 1.244688e+001  2.528113e-004
 1.250875e+001  1.977820e-004
 1.257063e+001  7.855530e-005
 1.263250e+001  2.102609e-004
 1.269438e+001  2.040696e-004
 1.275625e+001  2.479276e-004
 1.281813e+001  2.035209e-004
 1.288000e+001  7.966343e-005
 1.294188e+001  2.172287e-004
 1.300375e+001  2.252320e-004
 1.306563e+001  2.948985e-004
 1.312750e+001  2.982139e-004
 1.318938e+001  1.758967e-004
 1.325125e+001  2.387254e-004
 1.331313e+001  6.202054e-005
 1.337500e+001  1.976726e-004
 1.343688e+001  2.594304e-004
 1.349875e+001  2.033408e-004
 1.356063e+001  1.053582e-004
 1.362250e+001  2.255663e-004
 1.368438e+001  1.669493e-004
 1.374625e+001  1.508499e-004
 1.380813e+001  1.666251e-004
 1.387000e+001  1.371763e-004
 1.393188e+001  6.586785e-005
 1.399375e+001  6.832375e-005
 1.405563e+001  1.502213e-004
 1.411750e+001  1.955973e-004
 1.417938e+001  1.793189e-004
 1.424125e+001  2.374396e-004
 1.430313e+001  2.232868e-004
 1.436500e+001  1.953411e-004
 1.442688e+001  1.521421e-004
 1.448875e+001  2.393937e-004
 1.455063e+001  1.620056e-004
 1.461250e+001  2.323127e-004
 1.467438e+001  1.712599e-004
 1.473625e+001  2.461160e-004
 1.479813e+001  2.389147e-004
 1.486000e+001  2.101838e-004
 1.492188e+001  3.416763e-004
 1.498375e+001  1.580592e-004
 1.504563e+001  8.875671e-005
 1.510750e+001  1.608770e-004
 1.516938e+001  1.499765e-004
 1.523125e+001  1.379359e-004
 1.529313e+001  1.031983e-004
 1.535500e+001  2.091403e-004
 1.541688e+001  2.124674e-004
 1.547875e+001  2.015523e-004
 1.554063e+001  1.378861e-004
 1.560250e+001  1.274978e-004
 1.566438e+001  2.219354e-004
 1.572625e+001  2.316221e-004
 1.578813e+001  1.681120e-004
 1.585000e+001  2.298564e-004
 1.591188e+001  2.616977e-004
 1.597375e+001  1.990191e-004
 1.603563e+001  2.307151e-004
 1.609750e+001  3.315292e-004
 1.615938e+001  2.680449e-004
 1.622125e+001  1.192114e-004
 1.628313e+001  1.934571e-004
 1.634500e+001  3.191844e-004
 1.640688e+001  3.030867e-004
 1.646875e+001  2.731150e-004
 1.653063e+001  2.612624e-004
 1.659250e+001  1.984614e-004
 1.665438e+001  1.601205e-004
 1.671625e+001  8.282199e-005
 1.677813e+001  2.003925e-004
 1.684000e+001  2.462302e-004
 1.690188e+001  2.424540e-004
 1.696375e+001  3.482056e-004
 1.702563e+001  1.702232e-004
 1.708750e+001  8.413972e-005
 1.714938e+001  1.277659e-004
 1.721125e+001  2.194747e-004
 1.727313e+001  2.094320e-004
 1.733500e+001  3.563318e-004
 1.739688e+001  4.230268e-004
 1.745875e+001  3.037121e-004
 1.752063e+001  1.716706e-004
 1.758250e+001  1.371962e-004
 1.764438e+001  1.702812e-004
 1.770625e+001  2.163068e-004
 1.776813e+001  1.274631e-004
 1.783000e+001  1.549031e-004
 1.789188e+001  2.471623e-004
 1.795375e+001  7.323922e-005
 1.801563e+001  1.496572e-004
 1.807750e+001  2.177063e-004
 1.813938e+001  2.011442e-004
 1.820125e+001  2.045658e-004
 1.826313e+001  3.360887e-004
 1.832500e+001  2.552317e-004
 1.838688e+001  1.834852e-004
 1.844875e+001  1.845942e-004
 1.851063e+001  2.212993e-004
 1.857250e+001  2.226875e-004
 1.863438e+001  1.756399e-004
 1.869625e+001  1.698639e-004
 1.875813e+001  1.745178e-004
 1.882000e+001  2.512142e-004
 1.888188e+001  2.168622e-004
 1.894375e+001  2.007328e-004
 1.900563e+001  1.322907e-004
 1.906750e+001  4.146413e-005
 1.912938e+001  8.787600e-005
 1.919125e+001  2.154374e-004
 1.925313e+001  2.545696e-004
 1.931500e+001  2.265536e-004
 1.937688e+001  1.594232e-004
 1.943875e+001  1.571446e-004
 1.950063e+001  2.400204e-004
 1.956250e+001  1.829261e-004
 1.962438e+001  1.975523e-004
 1.968625e+001  2.181243e-004
 1.974813e+001  1.287015e-004
 1.981000e+001  7.344900e-005
 1.987188e+001  1.327233e-004
 1.993375e+001  2.010180e-004
 1.999563e+001  1.638061e-004
 2.005750e+001  9.077819e-005
 2.011938e+001  2.201163e-004
 2.018125e+001  1.545581e-004
 2.024313e+001  1.292708e-004
 2.030500e+001  1.407650e-004
 2.036688e+001  1.392063e-004
 2.042875e+001  1.693021e-004
 2.049063e+001  1.674092e-004
 2.055250e+001  1.695652e-004
 2.061438e+001  1.669188e-004
 2.067625e+001  2.949099e-004
 2.073813e+001  3.823468e-004
 2.080000e+001  2.901640e-004
 2.086188e+001  2.204906e-004
 2.092375e+001  1.260952e-004
 2.098563e+001  1.463553e-004
 2.104750e+001  1.341708e-004
 2.110938e+001  1.652201e-004
 2.117125e+001  2.930605e-004
 2.123313e+001  2.874470e-004
 2.129500e+001  1.722000e-004
 2.135688e+001  1.784138e-004
 2.141875e+001  5.752224e-005
 2.148063e+001  1.137823e-004
 2.154250e+001  1.482438e-004
 2.160438e+001  1.685246e-004
 2.166625e+001  1.401566e-004
 2.172813e+001  2.288453e-004
 2.179000e+001  3.109017e-004
 2.185188e+001  2.999851e-004
 2.191375e+001  1.793455e-004
 2.197563e+001  1.279477e-004
 2.203750e+001  1.249160e-004
 2.209938e+001  2.004870e-004
 2.216125e+001  2.377186e-004
 2.222313e+001  1.852649e-004
 2.228500e+001  1.321862e-004
 2.234688e+001  1.403354e-004
 2.240875e+001  8.134038e-005
 2.247063e+001  5.489596e-005
 2.253250e+001  9.886471e-005
 2.259438e+001  1.307093e-004
 2.265625e+001  2.187438e-004
 2.271813e+001  1.991515e-004
 2.278000e+001  1.395886e-004
 2.284188e+001  1.155984e-004
 2.290375e+001  1.002923e-004
 2.296563e+001  1.553505e-004
 2.302750e+001  9.689550e-005
 2.308938e+001  1.599016e-004
 2.315125e+001  1.970602e-004
 2.321313e+001  6.814153e-005
 2.327500e+001  5.163711e-005
 2.333688e+001  7.147883e-005
 2.339875e+001  1.392712e-004
 2.346063e+001  9.927489e-005
 2.352250e+001  5.677635e-005
 2.358438e+001  1.686762e-004
 2.364625e+001  1.271566e-004
 2.370813e+001  1.484201e-004
 2.377000e+001  9.983929e-005
 2.383188e+001  1.904793e-004
 2.389375e+001  1.226367e-004
 2.395563e+001  6.243061e-005
 2.401750e+001  2.175743e-004
 2.407938e+001  3.952613e-004
 2.414125e+001  2.981188e-004
 2.420313e+001  1.874751e-004
 2.426500e+001  2.267816e-004
 2.432688e+001  1.946148e-004
 2.438875e+001  1.634125e-004
 2.445063e+001  1.284440e-004
 2.451250e+001  1.810962e-004
 2.457438e+001  2.057600e-004
 2.463625e+001  1.088954e-004
 2.469813e+001  3.959421e-005
 2.476000e+001  1.222468e-004
 2.482188e+001  1.931929e-004
 2.488375e+001  1.793150e-004
 2.494563e+001  1.050030e-004
 2.500750e+001  1.269694e-004
 2.506938e+001  9.399986e-005
 2.513125e+001  3.870151e-005
 2.519313e+001  5.855050e-005
 2.525500e+001  6.752764e-005
 2.531688e+001  9.481122e-005
 2.537875e+001  1.312812e-004
 2.544063e+001  2.281985e-004
 2.550250e+001  1.733343e-004
 2.556438e+001  7.970288e-005
 2.562625e+001  1.127032e-004
 2.568813e+001  1.401602e-004
 2.575000e+001  2.003889e-004
 2.581188e+001  1.482604e-004
 2.587375e+001  1.912095e-004
 2.593563e+001  2.034718e-004
 2.599750e+001  1.836223e-004
 2.605938e+001  1.716439e-004
 2.612125e+001  4.471607e-005
 2.618313e+001  1.358546e-004
 2.624500e+001  1.855320e-004
 2.630688e+001  9.928501e-005
 2.636875e+001  1.067075e-004
 2.643063e+001  7.300620e-005
 2.649250e+001  1.076325e-004
 2.655438e+001  1.875831e-004
 2.661625e+001  6.584037e-005
 2.667813e+001  6.315182e-005
 2.674000e+001  8.513469e-005
 2.680188e+001  1.978166e-004
 2.686375e+001  2.016619e-004
 2.692563e+001  1.828018e-004
 2.698750e+001  1.143253e-004
 2.704938e+001  7.886279e-005
 2.711125e+001  9.765715e-005
 2.717313e+001  7.583433e-005
 2.723500e+001  1.736836e-004
 2.729688e+001  1.910725e-004
 2.735875e+001  1.578784e-004
 2.742063e+001  9.209057e-005
 2.748250e+001  2.508170e-005
 2.754438e+001  1.499827e-004
 2.760625e+001  2.044840e-004
 2.766813e+001  1.421756e-004
 2.773000e+001  1.292116e-004
 2.779188e+001  7.984682e-005
 2.785375e+001  1.072022e-004
 2.791563e+001  1.846367e-004
 2.797750e+001  1.710889e-004
 2.803938e+001  1.548581e-004
 2.810125e+001  1.658310e-004
 2.816313e+001  1.599077e-004
 2.822500e+001  8.134598e-005
 2.828688e+001  1.075825e-004
 2.834875e+001  1.161343e-004
 2.841063e+001  1.193685e-004
 2.847250e+001  1.141965e-004
 2.853438e+001  1.916081e-004
 2.859625e+001  1.893606e-004
 2.865813e+001  1.077737e-004
 2.872000e+001  1.408161e-004
 2.878188e+001  7.380623e-005
 2.884375e+001  8.627554e-005
 2.890563e+001  2.095305e-004
 2.896750e+001  1.525998e-004
 2.902938e+001  9.917666e-005
 2.909125e+001  8.184762e-005
 2.915313e+001  1.437476e-004
 2.921500e+001  1.963662e-004
 2.927688e+001  2.450451e-004
 2.933875e+001  2.385904e-004
 2.940063e+001  1.487568e-004
 2.946250e+001  1.068606e-004
 2.952438e+001  8.976950e-005
 2.958625e+001  6.252355e-005
 2.964813e+001  7.113227e-005
 2.971000e+001  9.793021e-005
 2.977188e+001  1.522531e-004
 2.983375e+001  8.337515e-005
 2.989563e+001  1.097200e-004
 2.995750e+001  1.082444e-004
 3.001938e+001  1.760938e-004
 3.008125e+001  1.735911e-004
 3.014313e+001  2.019931e-004
 3.020500e+001  1.972742e-004
 3.026688e+001  1.106043e-004
 3.032875e+001  9.881603e-005
 3.039063e+001  9.532546e-005
 3.045250e+001  1.129757e-004
 3.051438e+001  5.465079e-005
 3.057625e+001  9.762179e-005
 3.063813e+001  5.901191e-005
 3.070000e+001  7.819329e-005
 3.076188e+001  1.250148e-004
 3.082375e+001  6.817570e-005
 3.088563e+001  8.524966e-005
 3.094750e+001  1.262932e-004
 3.100938e+001  1.770880e-004
 3.107125e+001  1.090239e-004
 3.113313e+001  9.558216e-005
 3.119500e+001  9.823514e-005
 3.125688e+001  1.256574e-004
 3.131875e+001  5.909834e-005
 3.138063e+001  8.853742e-005
 3.144250e+001  1.621332e-004
 3.150438e+001  1.595996e-004
 3.156625e+001  1.180050e-004
 3.162813e+001  1.485575e-004
 3.169000e+001  1.057979e-004
 3.175188e+001  9.608748e-005
 3.181375e+001  7.992301e-005
 3.187563e+001  1.429096e-005
 3.193750e+001  1.296562e-004
 3.199938e+001  1.353032e-004
 3.206125e+001  1.270180e-004
 3.212313e+001  1.324187e-004
 3.218500e+001  5.963350e-005
 3.224688e+001  1.295072e-004
 3.230875e+001  8.705785e-005
 3.237063e+001  1.035163e-004
 3.243250e+001  1.087873e-004
 3.249438e+001  1.463454e-004
 3.255625e+001  1.385134e-004
 3.261813e+001  9.261773e-005
 3.268000e+001  1.648825e-004
 3.274188e+001  1.713334e-004
 3.280375e+001  1.402011e-004
 3.286563e+001  7.541097e-005
 3.292750e+001  7.279439e-005
 3.298938e+001  1.734629e-004
 3.305125e+001  1.097171e-004
 3.311313e+001  6.542059e-005
 3.317500e+001  1.335897e-004
 3.323688e+001  1.072571e-004
 3.329875e+001  1.810547e-004
 3.336063e+001  1.518128e-004
 3.342250e+001  1.161328e-004
 3.348438e+001  6.377714e-005
 3.354625e+001  1.160226e-004
 3.360813e+001  9.962492e-005
 3.367000e+001  6.182817e-005
 3.373188e+001  1.090425e-004
 3.379375e+001  1.376805e-004
 3.385563e+001  7.773312e-005
 3.391750e+001  1.208330e-004
 3.397938e+001  1.457458e-004
 3.404125e+001  1.755309e-004
 3.410313e+001  1.320323e-004
 3.416500e+001  4.127855e-005
 3.422688e+001  1.239731e-004
 3.428875e+001  1.003714e-004
 3.435063e+001  9.097710e-005
 3.441250e+001  1.256796e-004
 3.447438e+001  1.437908e-004
 3.453625e+001  1.554482e-004
 3.459813e+001  8.093321e-005
 3.466000e+001  1.865902e-004
 3.472188e+001  1.639007e-004
 3.478375e+001  1.474466e-004
 3.484563e+001  1.110442e-004
 3.490750e+001  6.232411e-005
 3.496938e+001  1.147217e-004
 3.503125e+001  1.355290e-004
 3.509313e+001  2.232528e-004
 3.515500e+001  2.090967e-004
 3.521688e+001  1.056270e-004
 3.527875e+001  1.466377e-004
 3.534063e+001  1.363803e-004
 3.540250e+001  1.720325e-004
 3.546438e+001  1.913229e-004
 3.552625e+001  1.916053e-004
 3.558813e+001  2.212250e-004
 3.565000e+001  1.783242e-004
 3.571188e+001  8.297716e-005
 3.577375e+001  1.141526e-004
 3.583563e+001  1.219384e-004
 3.589750e+001  1.026231e-004
 3.595938e+001  1.044345e-004
 3.602125e+001  1.402471e-004
 3.608313e+001  1.401879e-004
 3.614500e+001  1.549909e-004
 3.620688e+001  1.376896e-004
 3.626875e+001  1.207557e-004
 3.633063e+001  1.373078e-004
 3.639250e+001  6.759254e-005
 3.645438e+001  7.051022e-005
 3.651625e+001  6.293861e-005
 3.657813e+001  1.436625e-004
 3.664000e+001  2.123366e-004
 3.670188e+001  1.926086e-004
 3.676375e+001  8.748240e-005
 3.682563e+001  8.487675e-005
 3.688750e+001  8.987609e-005
 3.694938e+001  5.901511e-005
 3.701125e+001  8.901208e-005
 3.707313e+001  1.489591e-004
 3.713500e+001  8.452286e-005
 3.719688e+001  1.047640e-004
 3.725875e+001  1.513959e-004
 3.732063e+001  9.538961e-005
 3.738250e+001  8.075721e-005
 3.744438e+001  7.995577e-005
 3.750625e+001  7.886728e-005
 3.756813e+001  1.216115e-004
 3.763000e+001  1.737660e-004
 3.769188e+001  1.880722e-004
 3.775375e+001  1.780866e-004
 3.781563e+001  1.779891e-004
 3.787750e+001  1.304780e-004
 3.793938e+001  6.465820e-005
 3.800125e+001  4.936149e-005
 3.806313e+001  3.648361e-005
 3.812500e+001  7.920823e-005
 3.818688e+001  1.627311e-004
 3.824875e+001  1.895863e-004
 3.831063e+001  1.308005e-004
 3.837250e+001  6.395276e-005
 3.843438e+001  3.745355e-005
 3.849625e+001  4.851733e-005
 3.855813e+001  6.258521e-005
 3.862000e+001  1.142346e-004
 3.868188e+001  1.180242e-004
 3.874375e+001  4.705093e-005
 3.880563e+001  9.238679e-005
 3.886750e+001  7.793143e-005
 3.892938e+001  1.257359e-004
 3.899125e+001  1.244267e-004
 3.905313e+001  1.592390e-004
 3.911500e+001  2.054513e-004
 3.917688e+001  1.343883e-004
 3.923875e+001  9.692479e-005
 3.930063e+001  1.120554e-004
 3.936250e+001  1.181864e-004
 3.942438e+001  1.223949e-004
 3.948625e+001  1.001774e-004
 3.954813e+001  1.112237e-004
 3.961000e+001  1.812027e-004
 3.967188e+001  1.174428e-004
 3.973375e+001  1.366701e-004
 3.979563e+001  1.393506e-004
 3.985750e+001  9.153888e-005
 3.991938e+001  1.246823e-004
 3.998125e+001  9.612382e-005
 4.004313e+001  1.231456e-004
 4.010500e+001  5.920377e-005
 4.016688e+001  1.242779e-004
 4.022875e+001  1.270363e-004
 4.029063e+001  1.360642e-004
 4.035250e+001  4.545707e-005
 4.041438e+001  1.390549e-004
 4.047625e+001  1.566820e-004
 4.053813e+001  1.485173e-004
 4.060000e+001  1.411188e-004
 4.066188e+001  1.179352e-004
 4.072375e+001  9.611701e-005
 4.078563e+001  1.068530e-004
 4.084750e+001  1.402679e-004
 4.090938e+001  8.788542e-005
 4.097125e+001  1.724840e-004
 4.103313e+001  2.191772e-004
 4.109500e+001  1.683242e-004
 4.115688e+001  1.244433e-004
 4.121875e+001  5.042464e-005
 4.128063e+001  5.781223e-005
 4.134250e+001  5.550979e-005
 4.140438e+001  1.712109e-004
 4.146625e+001  1.652245e-004
 4.152813e+001  1.326251e-004
 4.159000e+001  1.089904e-004
 4.165188e+001  1.161495e-004
 4.171375e+001  1.035802e-004
 4.177563e+001  4.386946e-005
 4.183750e+001  5.387282e-005
 4.189938e+001  6.438829e-005
 4.196125e+001  6.925636e-005
 4.202313e+001  9.346491e-005
 4.208500e+001  7.108850e-005
 4.214688e+001  4.136458e-005
 4.220875e+001  6.552562e-005
 4.227063e+001  7.899199e-005
 4.233250e+001  1.155371e-004
 4.239438e+001  1.895588e-004
 4.245625e+001  1.549314e-004
 4.251813e+001  1.549320e-004
 4.258000e+001  1.155151e-004
 4.264188e+001  1.766265e-004
 4.270375e+001  1.361837e-004
 4.276563e+001  6.807047e-005
 4.282750e+001  5.018744e-005
 4.288938e+001  6.450646e-005
 4.295125e+001  7.515034e-005
 4.301313e+001  1.312576e-004
 4.307500e+001  1.548065e-004
 4.313688e+001  1.443469e-004
 4.319875e+001  1.331680e-004
 4.326063e+001  4.979550e-005
 4.332250e+001  7.969675e-005
 4.338438e+001  7.492401e-005
 4.344625e+001  8.419324e-005
 4.350813e+001  6.547640e-005
 4.357000e+001  1.038083e-004
 4.363188e+001  1.352449e-004
 4.369375e+001  1.029382e-004
 4.375563e+001  1.156859e-004
 4.381750e+001  9.818195e-005
 4.387938e+001  1.144426e-004
 4.394125e+001  1.692380e-004
 4.400313e+001  1.161430e-004
 4.406500e+001  1.331192e-004
 4.412688e+001  1.227522e-004
 4.418875e+001  1.134997e-004
 4.425063e+001  1.683942e-004
 4.431250e+001  9.480523e-005
 4.437438e+001  6.693971e-005
 4.443625e+001  1.271851e-004
 4.449813e+001  1.186301e-004
 4.456000e+001  1.498071e-004
 4.462188e+001  1.872730e-004
 4.468375e+001  1.714703e-004
 4.474563e+001  1.124503e-004
 4.480750e+001  1.009351e-004
 4.486938e+001  6.486415e-005
 4.493125e+001  1.309956e-004
 4.499313e+001  1.946223e-004
 4.505500e+001  1.238631e-004
 4.511688e+001  9.641907e-005
 4.517875e+001  1.256483e-004
 4.524063e+001  1.055837e-004
 4.530250e+001  1.498064e-005
 4.536438e+001  4.145307e-005
 4.542625e+001  5.261474e-005
 4.548813e+001  6.356014e-005
 4.555000e+001  7.816951e-005
 4.561188e+001  8.340911e-005
 4.567375e+001  9.701325e-005
 4.573563e+001  1.198173e-004
 4.579750e+001  1.436316e-004
 4.585938e+001  1.541716e-004
 4.592125e+001  9.072255e-005
 4.598313e+001  2.890417e-005
 4.604500e+001  1.700690e-005
 4.610688e+001  3.609872e-005
 4.616875e+001  9.923010e-005
 4.623063e+001  1.924536e-004
 4.629250e+001  1.867594e-004
 4.635438e+001  8.276720e-005
 4.641625e+001  6.763117e-005
 4.647813e+001  9.227609e-005
 4.654000e+001  1.550556e-004
 4.660188e+001  9.157699e-005
 4.666375e+001  8.431381e-005
 4.672563e+001  7.302545e-005
 4.678750e+001  1.378827e-004
 4.684938e+001  1.763993e-004
 4.691125e+001  1.598158e-004
 4.697313e+001  9.688133e-005
 4.703500e+001  8.697812e-005
 4.709688e+001  1.023553e-004
 4.715875e+001  3.654504e-005
 4.722063e+001  7.381584e-005
 4.728250e+001  8.453719e-005
 4.734438e+001  4.125801e-005
 4.740625e+001  5.529249e-005
 4.746813e+001  1.146169e-004
 4.753000e+001  1.694116e-004
 4.759188e+001  1.121269e-004
 4.765375e+001  1.777572e-004
 4.771563e+001  1.609399e-004
 4.777750e+001  6.754000e-005
 4.783938e+001  1.007298e-004
 4.790125e+001  6.551961e-005
 4.796313e+001  8.166949e-005
 4.802500e+001  1.187723e-004
 4.808688e+001  9.057186e-005
 4.814875e+001  8.788576e-005
 4.821063e+001  1.101346e-004
 4.827250e+001  9.056536e-005
 4.833438e+001  7.062893e-005
 4.839625e+001  1.283433e-004
 4.845813e+001  1.173929e-004
 4.852000e+001  1.193126e-004
 4.858188e+001  1.189602e-004
 4.864375e+001  1.153383e-004
 4.870563e+001  5.773858e-005
 4.876750e+001  6.196187e-005
 4.882938e+001  9.364857e-005
 4.889125e+001  9.704218e-005
 4.895313e+001  1.221405e-004
 4.901500e+001  1.541261e-004
 4.907688e+001  1.364564e-004
 4.913875e+001  1.203520e-004
 4.920063e+001  2.058449e-004
 4.926250e+001  1.695334e-004
 4.932438e+001  5.341695e-005
 4.938625e+001  6.909180e-005
 4.944813e+001  1.391858e-004
 4.951000e+001  1.291775e-004
 4.957188e+001  4.263262e-005
 4.963375e+001  8.417392e-005
 4.969563e+001  9.874302e-005
 4.975750e+001  1.125799e-004
 4.981938e+001  1.588535e-004
 4.988125e+001  6.109019e-004
 4.994313e+001  1.585484e-002
 5.000500e+001  2.825922e-002
 5.006688e+001  1.251351e-002
 5.012875e+001  5.507861e-004
 5.019063e+001  1.339193e-004
 5.025250e+001  6.533666e-005
 5.031438e+001  7.448160e-005
 5.037625e+001  5.642316e-005
 5.043813e+001  8.421263e-005
 5.050000e+001  1.410083e-004
 5.056188e+001  1.401236e-004
 5.062375e+001  6.929217e-005
 5.068563e+001  5.440923e-005
 5.074750e+001  9.528227e-005
 5.080938e+001  1.131315e-004
 5.087125e+001  1.054478e-004
 5.093313e+001  8.017124e-005
 5.099500e+001  1.211578e-004
 5.105688e+001  1.257589e-004
 5.111875e+001  1.075571e-004
 5.118063e+001  1.079579e-004
 5.124250e+001  9.682453e-005
 5.130438e+001  1.613188e-004
 5.136625e+001  9.893550e-005
 5.142813e+001  1.443757e-004
 5.149000e+001  1.374968e-004
 5.155188e+001  1.192793e-004
 5.161375e+001  1.192563e-004
 5.167563e+001  8.238756e-005
 5.173750e+001  4.438448e-005
 5.179938e+001  1.181894e-004
 5.186125e+001  1.414181e-004
 5.192313e+001  1.726710e-004
 5.198500e+001  1.749452e-004
 5.204688e+001  1.488609e-004
 5.210875e+001  6.077792e-005
 5.217063e+001  7.584444e-005
 5.223250e+001  1.084704e-004
 5.229438e+001  9.041017e-005
 5.235625e+001  1.113355e-004
 5.241813e+001  7.683247e-005
 5.248000e+001  9.026505e-005
 5.254188e+001  1.391002e-004
 5.260375e+001  1.096665e-004
 5.266563e+001  7.549143e-005
 5.272750e+001  1.132288e-004
 5.278938e+001  8.642638e-005
 5.285125e+001  7.208705e-005
 5.291313e+001  7.195450e-005
 5.297500e+001  7.434077e-005
 5.303688e+001  1.044202e-004
 5.309875e+001  9.192048e-005
 5.316063e+001  1.405641e-004
 5.322250e+001  1.163971e-004
 5.328438e+001  7.493663e-005
 5.334625e+001  6.925856e-005
 5.340813e+001  1.501297e-004
 5.347000e+001  1.386408e-004
 5.353188e+001  1.055094e-004
 5.359375e+001  7.001169e-005
 5.365563e+001  6.800779e-005
 5.371750e+001  7.762517e-005
 5.377938e+001  9.390517e-005
 5.384125e+001  5.688179e-005
 5.390313e+001  1.399666e-004
 5.396500e+001  1.019351e-004
 5.402688e+001  4.413789e-005
 5.408875e+001  7.252251e-005
 5.415063e+001  1.012929e-004
 5.421250e+001  1.013522e-004
 5.427438e+001  8.106755e-005
 5.433625e+001  5.582042e-005
 5.439813e+001  4.729300e-005
 5.446000e+001  7.406665e-005
 5.452188e+001  5.012511e-005
 5.458375e+001  5.434400e-005
 5.464563e+001  3.738659e-005
 5.470750e+001  5.532036e-005
 5.476938e+001  9.157675e-005
 5.483125e+001  1.148804e-004
 5.489313e+001  6.654534e-005
 5.495500e+001  4.357335e-005
 5.501688e+001  8.633169e-005
 5.507875e+001  1.085994e-004
 5.514063e+001  5.325904e-005
 5.520250e+001  1.309153e-004
 5.526438e+001  1.485754e-004
 5.532625e+001  9.388565e-005
 5.538813e+001  5.060597e-005
 5.545000e+001  1.114725e-004
 5.551188e+001  1.146020e-004
 5.557375e+001  8.690328e-005
 5.563563e+001  1.099313e-004
 5.569750e+001  9.599741e-005
 5.575938e+001  1.060209e-004
 5.582125e+001  1.138392e-004
 5.588313e+001  1.260680e-004
 5.594500e+001  1.212025e-004
 5.600688e+001  9.395728e-005
 5.606875e+001  1.010241e-004
 5.613063e+001  1.492988e-004
 5.619250e+001  9.335241e-005
 5.625438e+001  1.734748e-004
 5.631625e+001  1.632810e-004
 5.637813e+001  5.775136e-005
 5.644000e+001  8.912377e-005
 5.650188e+001  1.207366e-004
 5.656375e+001  8.415090e-005
 5.662563e+001  8.417475e-005
 5.668750e+001  1.025988e-004
 5.674938e+001  6.627403e-005
 5.681125e+001  1.107208e-004
 5.687313e+001  1.466873e-004
 5.693500e+001  7.457817e-005
 5.699688e+001  4.257961e-005
 5.705875e+001  1.078339e-004
 5.712063e+001  1.372198e-004
 5.718250e+001  1.361462e-004
 5.724438e+001  1.685077e-004
 5.730625e+001  1.289810e-004
 5.736813e+001  5.684959e-005
 5.743000e+001  7.715736e-005
 5.749188e+001  7.222474e-005
 5.755375e+001  9.177702e-005
 5.761563e+001  1.234132e-004
 5.767750e+001  1.288159e-004
 5.773938e+001  9.250414e-005
 5.780125e+001  6.505419e-005
 5.786313e+001  7.151087e-005
 5.792500e+001  7.955115e-005
 5.798688e+001  1.115762e-004
 5.804875e+001  9.147638e-005
 5.811063e+001  7.770508e-005
 5.817250e+001  1.143894e-004
 5.823438e+001  1.141992e-004
 5.829625e+001  8.143387e-005
 5.835813e+001  7.757818e-005
 5.842000e+001  3.937879e-005
 5.848188e+001  8.920527e-005
 5.854375e+001  6.963317e-005
 5.860563e+001  5.295051e-005
 5.866750e+001  5.798551e-005
 5.872938e+001  7.187844e-005
 5.879125e+001  8.610123e-005
 5.885313e+001  1.026024e-004
 5.891500e+001  1.228430e-004
 5.897688e+001  1.104776e-004
 5.903875e+001  4.248760e-005
 5.910063e+001  4.396104e-005
 5.916250e+001  5.704887e-005
 5.922438e+001  5.466337e-005
 5.928625e+001  1.316250e-004
 5.934813e+001  1.011862e-004
 5.941000e+001  9.535826e-005
 5.947188e+001  8.563491e-005
 5.953375e+001  8.012336e-005
 5.959563e+001  4.964225e-005
 5.965750e+001  5.283120e-005
 5.971938e+001  7.659286e-005
 5.978125e+001  1.164828e-004
 5.984313e+001  8.634770e-005
 5.990500e+001  8.103449e-005
 5.996688e+001  9.400241e-004
 6.002875e+001  1.670241e-003
 6.009063e+001  7.603106e-004
 6.015250e+001  1.194668e-004
 6.021438e+001  8.789787e-005
 6.027625e+001  3.811305e-005
 6.033813e+001  3.900589e-005
 6.040000e+001  1.140876e-004
 6.046188e+001  1.228960e-004
 6.052375e+001  3.734061e-005
 6.058563e+001  8.590432e-005
 6.064750e+001  1.082932e-004
 6.070938e+001  6.134047e-005
 6.077125e+001  4.978731e-005
 6.083313e+001  7.816099e-005
 6.089500e+001  6.689696e-005
 6.095688e+001  8.634779e-005
 6.101875e+001  6.689926e-005
 6.108063e+001  8.316557e-005
 6.114250e+001  8.477795e-005
 6.120438e+001  8.489885e-005
 6.126625e+001  5.751623e-005
 6.132813e+001  8.997506e-005
 6.139000e+001  1.274312e-004
 6.145188e+001  1.449579e-004
 6.151375e+001  5.968814e-005
 6.157563e+001  5.391521e-005
 6.163750e+001  5.966797e-005
 6.169938e+001  1.043033e-004
 6.176125e+001  1.262431e-004
 6.182313e+001  1.018443e-004
 6.188500e+001  1.121795e-004
 6.194688e+001  5.269879e-005
 6.200875e+001  8.472627e-005
 6.207063e+001  9.460686e-005
 6.213250e+001  4.027645e-005
 6.219438e+001  6.414656e-005
 6.225625e+001  7.505012e-005
 6.231813e+001  7.741020e-005
 6.238000e+001  4.963185e-005
 6.244188e+001  7.565190e-005
 6.250375e+001  7.895772e-005
 6.256563e+001  8.593369e-005
 6.262750e+001  8.097778e-005
 6.268938e+001  3.715406e-005
 6.275125e+001  9.339561e-005
 6.281313e+001  1.518862e-004
 6.287500e+001  7.160146e-005
 6.293688e+001  7.100379e-005
 6.299875e+001  1.162736e-004
 6.306063e+001  9.801719e-005
 6.312250e+001  5.059283e-005
 6.318438e+001  8.277295e-005
 6.324625e+001  9.537515e-005
 6.330813e+001  9.122396e-005
 6.337000e+001  1.130789e-004
 6.343188e+001  7.840953e-005
 6.349375e+001  8.446301e-005
 6.355563e+001  9.884787e-005
 6.361750e+001  1.041296e-004
 6.367938e+001  7.609822e-005
 6.374125e+001  5.907180e-005
 6.380313e+001  7.352127e-005
 6.386500e+001  8.901377e-005
 6.392688e+001  7.547097e-005
 6.398875e+001  1.341855e-004
 6.405063e+001  1.182545e-004
 6.411250e+001  5.843434e-005
 6.417438e+001  1.154127e-004
 6.423625e+001  1.567488e-004
 6.429813e+001  5.710860e-005
 6.436000e+001  6.951661e-005
 6.442188e+001  8.101650e-005
 6.448375e+001  1.051072e-004
 6.454563e+001  1.185756e-004
 6.460750e+001  1.148918e-004
 6.466938e+001  1.138141e-004
 6.473125e+001  8.161474e-005
 6.479313e+001  1.006159e-004
 6.485500e+001  7.758716e-005
 6.491688e+001  2.261321e-005
 6.497875e+001  8.283651e-005
 6.504063e+001  7.607718e-005
 6.510250e+001  4.360570e-005
 6.516438e+001  5.466025e-005
 6.522625e+001  5.521420e-005
 6.528813e+001  7.047998e-005
 6.535000e+001  6.221593e-005
 6.541188e+001  8.182997e-005
 6.547375e+001  8.168163e-005
 6.553563e+001  8.269801e-005
 6.559750e+001  6.701000e-005
 6.565938e+001  3.188157e-005
 6.572125e+001  5.945728e-005
 6.578313e+001  1.552520e-004
 6.584500e+001  1.870737e-004
 6.590688e+001  8.416097e-005
 6.596875e+001  5.686400e-005
 6.603063e+001  7.085096e-005
 6.609250e+001  6.560721e-005
 6.615438e+001  1.396314e-004
 6.621625e+001  1.090382e-004
 6.627813e+001  4.913285e-005
 6.634000e+001  5.973678e-005
 6.640188e+001  6.090260e-005
 6.646375e+001  4.702740e-005
 6.652563e+001  7.316739e-005
 6.658750e+001  1.057364e-004
 6.664938e+001  1.090617e-004
 6.671125e+001  1.182572e-004
 6.677313e+001  1.162005e-004
 6.683500e+001  7.062208e-005
 6.689688e+001  3.523038e-005
 6.695875e+001  4.520322e-005
 6.702063e+001  9.851951e-005
 6.708250e+001  8.599741e-005
 6.714438e+001  5.770604e-005
 6.720625e+001  5.262234e-005
 6.726813e+001  6.617076e-005
 6.733000e+001  5.039809e-005
 6.739188e+001  5.912091e-005
 6.745375e+001  6.867961e-005
 6.751563e+001  8.072339e-005
 6.757750e+001  5.390503e-005
 6.763938e+001  1.053995e-004
 6.770125e+001  8.991164e-005
 6.776313e+001  2.520970e-005
 6.782500e+001  8.416149e-005
 6.788688e+001  7.771197e-005
 6.794875e+001  5.014112e-005
 6.801063e+001  6.372530e-005
 6.807250e+001  7.964543e-005
 6.813438e+001  9.992406e-005
 6.819625e+001  7.412644e-005
 6.825813e+001  1.061847e-004
 6.832000e+001  1.276171e-004
 6.838188e+001  9.633598e-005
 6.844375e+001  9.931333e-005
 6.850563e+001  1.297038e-004
 6.856750e+001  9.081988e-005
 6.862938e+001  5.877260e-005
 6.869125e+001  7.762196e-005
 6.875313e+001  6.053638e-005
 6.881500e+001  5.368820e-005
 6.887688e+001  1.249913e-004
 6.893875e+001  7.306498e-005
 6.900063e+001  4.726450e-005
 6.906250e+001  8.723910e-005
 6.912438e+001  7.214242e-005
 6.918625e+001  7.875779e-005
 6.924813e+001  8.036087e-005
 6.931000e+001  1.198341e-004
 6.937188e+001  8.257182e-005
 6.943375e+001  9.643892e-005
 6.949563e+001  9.970324e-005
 6.955750e+001  1.232087e-004
 6.961938e+001  1.118612e-004
 6.968125e+001  6.846121e-005
 6.974313e+001  5.010144e-005
 6.980500e+001  4.783189e-005
 6.986688e+001  5.854375e-005
 6.992875e+001  8.028997e-005
 6.999063e+001  9.436280e-005
 7.005250e+001  7.026734e-005
 7.011438e+001  7.550543e-005
 7.017625e+001  1.302710e-004
 7.023813e+001  1.177698e-004
 7.030000e+001  6.618110e-005
 7.036188e+001  7.578592e-005
 7.042375e+001  6.277203e-005
 7.048563e+001  5.143615e-005
 7.054750e+001  6.011325e-005
 7.060938e+001  7.472502e-005
 7.067125e+001  8.764228e-005
 7.073313e+001  7.273564e-005
 7.079500e+001  6.215191e-005
 7.085688e+001  1.018984e-004
 7.091875e+001  8.291339e-005
 7.098063e+001  4.970464e-005
 7.104250e+001  5.393851e-005
 7.110438e+001  7.627098e-005
 7.116625e+001  8.331884e-005
 7.122813e+001  8.385794e-005
 7.129000e+001  3.106421e-005
 7.135188e+001  7.522652e-005
 7.141375e+001  9.863871e-005
 7.147563e+001  7.169813e-005
 7.153750e+001  5.566538e-005
 7.159938e+001  9.298838e-005
 7.166125e+001  8.589037e-005
 7.172313e+001  1.086993e-004
 7.178500e+001  1.265011e-004
 7.184688e+001  7.349599e-005
 7.190875e+001  3.813867e-005
 7.197063e+001  4.866980e-005
 7.203250e+001  5.607210e-005
 7.209438e+001  1.100252e-004
 7.215625e+001  1.126993e-004
 7.221813e+001  8.479960e-005
 7.228000e+001  6.844854e-005
 7.234188e+001  3.804602e-005
 7.240375e+001  7.358581e-005
 7.246563e+001  7.910919e-005
 7.252750e+001  4.737350e-005
 7.258938e+001  3.218458e-005
 7.265125e+001  4.170061e-005
 7.271313e+001  5.637775e-005
 7.277500e+001  4.912774e-005
 7.283688e+001  5.812650e-005
 7.289875e+001  7.123465e-005
 7.296063e+001  8.702503e-005
 7.302250e+001  6.712981e-005
 7.308438e+001  3.794121e-005
 7.314625e+001  5.536483e-005
 7.320813e+001  7.079131e-005
 7.327000e+001  2.846224e-005
 7.333188e+001  7.210929e-005
 7.339375e+001  7.064713e-005
 7.345563e+001  1.135522e-004
 7.351750e+001  1.346668e-004
 7.357938e+001  8.628352e-005
 7.364125e+001  5.152992e-005
 7.370313e+001  3.755510e-005
 7.376500e+001  6.570718e-005
 7.382688e+001  7.668134e-005
 7.388875e+001  6.180791e-005
 7.395063e+001  1.197896e-004
 7.401250e+001  1.370799e-004
 7.407438e+001  9.343358e-005
 7.413625e+001  7.157862e-005
 7.419813e+001  8.000809e-005
 7.426000e+001  7.645722e-005
 7.432188e+001  6.113385e-005
 7.438375e+001  2.564556e-005
 7.444563e+001  3.101092e-005
 7.450750e+001  4.799284e-005
 7.456938e+001  3.211962e-005
 7.463125e+001  4.038414e-005
 7.469313e+001  8.143380e-005
 7.475500e+001  9.843984e-005
 7.481688e+001  1.027731e-004
 7.487875e+001  9.170893e-005
 7.494063e+001  8.274986e-005
 7.500250e+001  1.084209e-004
 7.506438e+001  1.094910e-004
 7.512625e+001  1.204971e-004
 7.518813e+001  1.312783e-004
 7.525000e+001  1.279461e-004
 7.531188e+001  8.550053e-005
 7.537375e+001  2.258675e-004
 7.543563e+001  3.919755e-004
 7.549750e+001  2.011210e-004
 7.555938e+001  3.549785e-005
 7.562125e+001  3.677302e-005
 7.568313e+001  6.245045e-005
 7.574500e+001  5.763311e-005
 7.580688e+001  2.408859e-005
 7.586875e+001  3.890526e-005
 7.593063e+001  6.167380e-005
 7.599250e+001  7.467502e-005
 7.605438e+001  9.213588e-005
 7.611625e+001  9.614215e-005
 7.617813e+001  5.320193e-005
 7.624000e+001  2.583837e-005
 7.630188e+001  6.176358e-005
 7.636375e+001  8.721342e-005
 7.642563e+001  7.506338e-005
 7.648750e+001  2.579197e-005
 7.654938e+001  6.737207e-005
 7.661125e+001  6.457989e-005
 7.667313e+001  8.854512e-005
 7.673500e+001  5.893471e-005
 7.679688e+001  8.290609e-005
 7.685875e+001  8.265049e-005
 7.692063e+001  7.027837e-005
 7.698250e+001  5.578127e-005
 7.704438e+001  3.741114e-005
 7.710625e+001  3.330793e-005
 7.716813e+001  6.988564e-005
 7.723000e+001  7.368713e-005
 7.729188e+001  7.081259e-005
 7.735375e+001  5.893935e-005
 7.741563e+001  5.443642e-005
 7.747750e+001  5.996242e-005
 7.753938e+001  6.702840e-005
 7.760125e+001  9.389272e-005
 7.766313e+001  1.018826e-004
 7.772500e+001  6.149283e-005
 7.778688e+001  6.550925e-005
 7.784875e+001  7.027180e-005
 7.791063e+001  8.091601e-005
 7.797250e+001  1.087127e-004
 7.803438e+001  9.959013e-005
 7.809625e+001  4.517839e-005
 7.815813e+001  4.803209e-005
 7.822000e+001  8.231637e-005
 7.828188e+001  8.538366e-005
 7.834375e+001  7.601661e-005
 7.840563e+001  4.477193e-005
 7.846750e+001  5.803306e-005
 7.852938e+001  8.453781e-005
 7.859125e+001  4.799771e-005
 7.865313e+001  4.966872e-005
 7.871500e+001  1.106120e-004
 7.877688e+001  7.529049e-005
 7.883875e+001  8.322255e-005
 7.890063e+001  1.696749e-004
 7.896250e+001  1.567774e-004
 7.902438e+001  4.506004e-005
 7.908625e+001  8.582913e-005
 7.914813e+001  8.358980e-005
 7.921000e+001  8.407169e-005
 7.927188e+001  7.871446e-005
 7.933375e+001  5.451999e-005
 7.939563e+001  9.275928e-005
 7.945750e+001  1.288285e-004
 7.951938e+001  7.940998e-005
 7.958125e+001  9.315686e-005
 7.964313e+001  8.289327e-005
 7.970500e+001  7.812855e-005
 7.976688e+001  1.167806e-004
 7.982875e+001  8.995661e-005
 7.989063e+001  8.971263e-005
 7.995250e+001  9.702297e-005
 8.001438e+001  1.303858e-004
 8.007625e+001  1.242525e-004
 8.013813e+001  6.668988e-005
 8.020000e+001  1.629597e-005
 8.026188e+001  7.319134e-005
 8.032375e+001  1.019711e-004
 8.038563e+001  9.341206e-005
 8.044750e+001  7.133217e-005
 8.050938e+001  9.640562e-005
 8.057125e+001  8.235628e-005
 8.063313e+001  3.804262e-005
 8.069500e+001  6.218137e-005
 8.075688e+001  9.373845e-005
 8.081875e+001  7.185517e-005
 8.088063e+001  5.699500e-005
 8.094250e+001  6.578686e-005
 8.100438e+001  7.225103e-005
 8.106625e+001  5.103349e-005
 8.112813e+001  3.321114e-005
 8.119000e+001  8.852323e-005
 8.125188e+001  1.183035e-004
 8.131375e+001  5.732948e-005
 8.137563e+001  5.361573e-005
 8.143750e+001  7.813416e-005
 8.149938e+001  6.031971e-005
 8.156125e+001  3.759511e-005
 8.162313e+001  4.131798e-005
 8.168500e+001  5.294102e-005
 8.174688e+001  9.225134e-005
 8.180875e+001  6.986279e-005
 8.187063e+001  4.618958e-005
 8.193250e+001  3.493555e-005
 8.199438e+001  2.806938e-005
 8.205625e+001  6.376738e-005
 8.211813e+001  1.101419e-004
 8.218000e+001  9.613521e-005
 8.224188e+001  8.644740e-005
 8.230375e+001  1.967789e-004
 8.236563e+001  9.157189e-005
 8.242750e+001  5.403746e-005
 8.248938e+001  3.332045e-005
 8.255125e+001  3.461757e-005
 8.261313e+001  5.587211e-005
 8.267500e+001  8.245708e-005
 8.273688e+001  5.831384e-005
 8.279875e+001  6.300514e-005
 8.286063e+001  5.553350e-005
 8.292250e+001  6.079663e-005
 8.298438e+001  6.446253e-005
 8.304625e+001  8.687105e-005
 8.310813e+001  7.439981e-005
 8.317000e+001  8.736472e-005
 8.323188e+001  6.035235e-005
 8.329375e+001  4.081079e-005
 8.335563e+001  7.097563e-005
 8.341750e+001  4.312395e-005
 8.347938e+001  5.293760e-005
 8.354125e+001  7.353342e-005
 8.360313e+001  7.810292e-005
 8.366500e+001  6.516545e-005
 8.372688e+001  5.203075e-005
 8.378875e+001  3.169304e-005
 8.385063e+001  6.544476e-005
 8.391250e+001  7.417160e-005
 8.397438e+001  4.310398e-005
 8.403625e+001  7.825114e-005
 8.409813e+001  7.320041e-005
 8.416000e+001  4.427444e-005
 8.422188e+001  3.113806e-005
 8.428375e+001  8.598768e-005
 8.434563e+001  6.574603e-005
 8.440750e+001  2.934029e-005
 8.446938e+001  3.781804e-005
 8.453125e+001  6.192639e-005
 8.459313e+001  5.055166e-005
 8.465500e+001  2.262978e-005
 8.471688e+001  5.048187e-005
 8.477875e+001  4.636350e-005
 8.484063e+001  3.344849e-005
 8.490250e+001  2.507649e-005
 8.496438e+001  3.729197e-005
 8.502625e+001  7.310171e-005
 8.508813e+001  5.933206e-005
 8.515000e+001  4.673308e-005
 8.521188e+001  6.688762e-005
 8.527375e+001  1.011684e-004
 8.533563e+001  1.296424e-004
 8.539750e+001  8.554569e-005
 8.545938e+001  5.597799e-005
 8.552125e+001  9.271792e-005
 8.558313e+001  1.013857e-004
 8.564500e+001  9.165552e-005
 8.570688e+001  6.891838e-005
 8.576875e+001  2.601759e-005
 8.583063e+001  6.496972e-005
 8.589250e+001  9.189473e-005
 8.595438e+001  5.768966e-005
 8.601625e+001  1.719025e-005
 8.607813e+001  3.169516e-005
 8.614000e+001  6.381299e-005
 8.620188e+001  4.783762e-005
 8.626375e+001  5.005561e-005
 8.632563e+001  5.152958e-005
 8.638750e+001  6.504511e-005
 8.644938e+001  7.861688e-005
 8.651125e+001  5.959317e-005
 8.657313e+001  7.135351e-005
 8.663500e+001  5.628360e-005
 8.669688e+001  5.097296e-005
 8.675875e+001  1.517654e-005
 8.682063e+001  7.607830e-005
 8.688250e+001  4.458738e-005
 8.694438e+001  3.810137e-005
 8.700625e+001  2.512443e-005
 8.706813e+001  5.344947e-005
 8.713000e+001  5.376821e-005
 8.719188e+001  5.779837e-005
 8.725375e+001  6.617812e-005
 8.731563e+001  6.350623e-005
 8.737750e+001  5.217646e-005
 8.743938e+001  5.246035e-005
 8.750125e+001  6.195866e-005
 8.756313e+001  1.025248e-004
 8.762500e+001  1.037593e-004
 8.768688e+001  8.049158e-005
 8.774875e+001  6.019848e-005
 8.781063e+001  6.288518e-005
 8.787250e+001  6.829342e-005
 8.793438e+001  3.801268e-005
 8.799625e+001  5.863299e-005
 8.805813e+001  8.092579e-005
 8.812000e+001  5.504770e-005
 8.818188e+001  2.064443e-005
 8.824375e+001  3.835003e-005
 8.830563e+001  3.466367e-005
 8.836750e+001  2.347739e-005
 8.842938e+001  4.762214e-005
 8.849125e+001  4.864433e-005
 8.855313e+001  5.350695e-005
 8.861500e+001  5.604000e-005
 8.867688e+001  5.531467e-005
 8.873875e+001  4.773502e-005
 8.880063e+001  2.584640e-005
 8.886250e+001  5.768869e-005
 8.892438e+001  9.153896e-005
 8.898625e+001  8.621431e-005
 8.904813e+001  6.165532e-005
 8.911000e+001  9.250581e-005
 8.917188e+001  4.155421e-005
 8.923375e+001  2.668029e-005
 8.929563e+001  2.868731e-005
 8.935750e+001  3.757281e-005
 8.941938e+001  6.455609e-005
 8.948125e+001  6.270988e-005
 8.954313e+001  2.217249e-005
 8.960500e+001  8.135551e-005
 8.966688e+001  8.415313e-005
 8.972875e+001  6.357643e-005
 8.979063e+001  3.744440e-005
 8.985250e+001  4.152770e-005
 8.991438e+001  4.539489e-005
 8.997625e+001  3.312962e-005
 9.003813e+001  5.254452e-005
 9.010000e+001  3.753131e-005
 9.016188e+001  3.646792e-005
 9.022375e+001  5.018010e-005
 9.028563e+001  5.616347e-005
 9.034750e+001  8.738253e-005
 9.040938e+001  7.086889e-005
 9.047125e+001  7.227473e-005
 9.053313e+001  8.808616e-005
 9.059500e+001  7.660858e-005
 9.065688e+001  6.735321e-005
 9.071875e+001  7.004528e-005
 9.078063e+001  7.792781e-005
 9.084250e+001  8.319373e-005
 9.090438e+001  8.059784e-005
 9.096625e+001  6.419722e-005
 9.102813e+001  3.062873e-005
 9.109000e+001  5.085945e-005
 9.115188e+001  6.410028e-005
 9.121375e+001  4.367218e-005
 9.127563e+001  1.067227e-004
 9.133750e+001  6.758548e-005
 9.139938e+001  6.734221e-005
 9.146125e+001  2.552895e-005
 9.152313e+001  2.764917e-005
 9.158500e+001  3.916075e-005
 9.164688e+001  7.819958e-005
 9.170875e+001  4.934519e-005
 9.177063e+001  6.004597e-005
 9.183250e+001  6.568682e-005
 9.189438e+001  1.070173e-004
 9.195625e+001  1.924334e-004
 9.201813e+001  1.534769e-004
 9.208000e+001  2.090864e-005
 9.214188e+001  6.799784e-005
 9.220375e+001  5.181549e-005
 9.226563e+001  7.050306e-005
 9.232750e+001  2.789227e-005
 9.238938e+001  5.847263e-005
 9.245125e+001  4.010442e-005
 9.251313e+001  2.327148e-005
 9.257500e+001  3.864723e-005
 9.263688e+001  4.117060e-005
 9.269875e+001  2.850540e-005
 9.276063e+001  3.255666e-005
 9.282250e+001  7.251092e-005
 9.288438e+001  9.281338e-005
 9.294625e+001  7.075398e-005
 9.300813e+001  3.530645e-005
 9.307000e+001  2.360417e-005
 9.313188e+001  7.954384e-006
 9.319375e+001  5.134700e-005
 9.325563e+001  5.190465e-005
 9.331750e+001  5.165208e-005
 9.337938e+001  6.954975e-005
 9.344125e+001  8.289128e-005
 9.350313e+001  7.730064e-005
 9.356500e+001  6.467359e-005
 9.362688e+001  4.833306e-005
 9.368875e+001  4.357470e-005
 9.375063e+001  2.865117e-005
 9.381250e+001  5.355080e-005
 9.387438e+001  5.872719e-005
 9.393625e+001  7.927003e-005
 9.399813e+001  6.731006e-005
 9.406000e+001  5.379475e-005
 9.412188e+001  5.905384e-005
 9.418375e+001  9.951728e-006
 9.424563e+001  6.036590e-005
 9.430750e+001  5.839936e-005
 9.436938e+001  3.873082e-005
 9.443125e+001  9.933474e-005
 9.449313e+001  1.338384e-004
 9.455500e+001  4.500999e-005
 9.461688e+001  6.734655e-005
 9.467875e+001  2.966827e-005
 9.474063e+001  5.653868e-005
 9.480250e+001  6.526169e-005
 9.486438e+001  4.043375e-005
 9.492625e+001  6.133286e-005
 9.498813e+001  8.576954e-005
 9.505000e+001  6.813131e-005
 9.511188e+001  4.689690e-005
 9.517375e+001  8.822440e-006
 9.523563e+001  2.638466e-005
 9.529750e+001  5.701941e-005
 9.535938e+001  2.507332e-005
 9.542125e+001  3.771585e-005
 9.548313e+001  9.387063e-005
 9.554500e+001  1.036724e-004
 9.560688e+001  5.569309e-005
 9.566875e+001  3.533898e-005
 9.573063e+001  6.454089e-005
 9.579250e+001  6.248700e-005
 9.585438e+001  6.607988e-005
 9.591625e+001  7.560219e-005
 9.597813e+001  6.147826e-005
 9.604000e+001  7.007166e-005
 9.610188e+001  4.439806e-005
 9.616375e+001  6.546930e-005
 9.622563e+001  4.898183e-005
 9.628750e+001  5.500941e-005
 9.634938e+001  7.797455e-005
 9.641125e+001  7.283760e-005
 9.647313e+001  3.327693e-005
 9.653500e+001  5.621876e-005
 9.659688e+001  7.356498e-005
 9.665875e+001  5.874458e-005
 9.672063e+001  4.420072e-005
 9.678250e+001  3.955617e-005
 9.684438e+001  2.347586e-005
 9.690625e+001  3.046293e-005
 9.696813e+001  7.720367e-005
 9.703000e+001  6.949025e-005
 9.709188e+001  5.861587e-005
 9.715375e+001  5.454775e-005
 9.721563e+001  7.625929e-005
 9.727750e+001  6.295360e-005
 9.733938e+001  6.424733e-005
 9.740125e+001  4.255151e-005
 9.746313e+001  6.847580e-005
 9.752500e+001  6.993552e-005
 9.758688e+001  9.705221e-005
 9.764875e+001  8.946063e-005
 9.771063e+001  7.381746e-005
 9.777250e+001  8.492302e-005
 9.783438e+001  9.573241e-005
 9.789625e+001  7.400170e-005
 9.795813e+001  5.216337e-005
 9.802000e+001  5.577392e-005
 9.808188e+001  8.820211e-005
 9.814375e+001  8.373599e-005
 9.820563e+001  5.341424e-005
 9.826750e+001  1.685562e-005
 9.832938e+001  2.621185e-005
 9.839125e+001  2.527425e-005
 9.845313e+001  3.462819e-005
 9.851500e+001  2.791411e-005
 9.857688e+001  4.613633e-005
 9.863875e+001  6.777976e-005
 9.870063e+001  3.632240e-005
 9.876250e+001  2.681943e-005
 9.882438e+001  3.271516e-005
 9.888625e+001  4.131474e-005
 9.894813e+001  4.831466e-005
 9.901000e+001  4.489140e-005
 9.907188e+001  4.156179e-005
 9.913375e+001  6.757281e-005
 9.919563e+001  3.593960e-005
 9.925750e+001  7.328286e-005
 9.931938e+001  8.235222e-005
 9.938125e+001  3.228469e-005
 9.944313e+001  3.540697e-005
 9.950500e+001  5.787322e-005
 9.956688e+001  7.232825e-005
 9.962875e+001  6.579859e-005
 9.969063e+001  5.250549e-005
 9.975250e+001  6.913537e-005
 9.981438e+001  6.203666e-005
 9.987625e+001  8.021545e-005
 9.993813e+001  1.148866e-003
 1.000000e+002  2.288342e-003
