 1.000000e+001  2.255864e-004
 1.061875e+001  2.114508e-004
 1.123750e+001  1.971011e-004
 1.185625e+001  2.413925e-004
 1.247500e+001  2.283279e-004
 1.309375e+001  2.264096e-004
 1.371250e+001  2.216816e-004
 1.433125e+001  2.405511e-004
 1.495000e+001  2.164662e-004
 1.556875e+001  2.083678e-004
 1.618750e+001  2.170792e-004
 1.680625e+001  1.846288e-004
 1.742500e+001  1.676619e-004
 1.804375e+001  1.940349e-004
 1.866250e+001  1.834678e-004
 1.928125e+001  1.926995e-004
 1.990000e+001  2.013352e-004
 2.051875e+001  1.819080e-004
 2.113750e+001  1.736662e-004
 2.175625e+001  1.958131e-004
 2.237500e+001  1.814520e-004
 2.299375e+001  1.598543e-004
 2.361250e+001  1.447132e-004
 2.423125e+001  1.388750e-004
 2.485000e+001  1.302017e-004
 2.546875e+001  1.347359e-004
 2.608750e+001  1.441964e-004
 2.670625e+001  1.367068e-004
 2.732500e+001  1.529293e-004
 2.794375e+001  1.536419e-004
 2.856250e+001  1.675607e-004
 2.918125e+001  1.617565e-004
 2.980000e+001  1.619767e-004
 3.041875e+001  1.427729e-004
 3.103750e+001  1.342642e-004
 3.165625e+001  1.477307e-004
 3.227500e+001  1.299474e-004
 3.289375e+001  1.239887e-004
 3.351250e+001  1.291055e-004
 3.413125e+001  1.293968e-004
 3.475000e+001  1.217039e-004
 3.536875e+001  1.532737e-004
 3.598750e+001  1.455248e-004
 3.660625e+001  1.230343e-004
 3.722500e+001  1.274788e-004
 3.784375e+001  1.472712e-004
 3.846250e+001  1.533657e-004
 3.908125e+001  1.216672e-004
 3.970000e+001  1.284424e-004
 4.031875e+001  1.336672e-004
 4.093750e+001  1.533706e-004
 4.155625e+001  1.390225e-004
 4.217500e+001  1.199472e-004
 4.279375e+001  1.312749e-004
 4.341250e+001  1.209547e-004
 4.403125e+001  1.233954e-004
 4.465000e+001  1.133191e-004
 4.526875e+001  1.163523e-004
 4.588750e+001  1.146828e-004
 4.650625e+001  9.351530e-005
 4.712500e+001  1.122164e-004
 4.774375e+001  1.443696e-004
 4.836250e+001  1.693561e-004
 4.898125e+001  9.704492e-004
 4.960000e+001  6.876693e-003
 5.021875e+001  8.224953e-003
 5.083750e+001  2.214861e-003
 5.145625e+001  2.527934e-004
 5.207500e+001  1.191992e-004
 5.269375e+001  1.054242e-004
 5.331250e+001  1.011502e-004
 5.393125e+001  9.564057e-005
 5.455000e+001  1.019012e-004
 5.516875e+001  1.013293e-004
 5.578750e+001  9.744851e-005
 5.640625e+001  8.305660e-005
 5.702500e+001  8.560186e-005
 5.764375e+001  9.439820e-005
 5.826250e+001  1.027610e-004
 5.888125e+001  9.990022e-005
 5.950000e+001  3.383516e-004
 6.011875e+001  5.373458e-004
 6.073750e+001  2.278280e-004
 6.135625e+001  9.251918e-005
 6.197500e+001  8.552475e-005
 6.259375e+001  8.584601e-005
 6.321250e+001  8.703605e-005
 6.383125e+001  9.551327e-005
 6.445000e+001  9.788242e-005
 6.506875e+001  9.514466e-005
 6.568750e+001  8.095697e-005
 6.630625e+001  8.181322e-005
 6.692500e+001  8.600631e-005
 6.754375e+001  7.685888e-005
 6.816250e+001  7.345021e-005
 6.878125e+001  6.893735e-005
 6.940000e+001  6.778508e-005
 7.001875e+001  7.943062e-005
 7.063750e+001  6.339382e-005
 7.125625e+001  7.386853e-005
 7.187500e+001  8.122009e-005
 7.249375e+001  7.758521e-005
 7.311250e+001  6.412336e-005
 7.373125e+001  6.499718e-005
 7.435000e+001  8.300742e-005
 7.496875e+001  1.205968e-004
 7.558750e+001  1.479025e-004
 7.620625e+001  9.099828e-005
 7.682500e+001  8.418593e-005
 7.744375e+001  7.516193e-005
 7.806250e+001  6.476239e-005
 7.868125e+001  7.909272e-005
 7.930000e+001  9.347351e-005
 7.991875e+001  8.096246e-005
 8.053750e+001  8.019189e-005
 8.115625e+001  7.554774e-005
 8.177500e+001  7.559112e-005
 8.239375e+001  7.544317e-005
 8.301250e+001  5.849673e-005
 8.363125e+001  6.469452e-005
 8.425000e+001  6.284217e-005
 8.486875e+001  5.921578e-005
 8.548750e+001  5.253753e-005
 8.610625e+001  6.350912e-005
 8.672500e+001  5.562116e-005
 8.734375e+001  5.994498e-005
 8.796250e+001  6.225253e-005
 8.858125e+001  6.340621e-005
 8.920000e+001  6.358594e-005
 8.981875e+001  5.808110e-005
 9.043750e+001  6.192225e-005
 9.105625e+001  5.769508e-005
 9.167500e+001  6.111919e-005
 9.229375e+001  6.931742e-005
 9.291250e+001  5.651853e-005
 9.353125e+001  6.537787e-005
 9.415000e+001  6.708046e-005
 9.476875e+001  5.644154e-005
 9.538750e+001  4.755226e-005
 9.600625e+001  5.322194e-005
 9.662500e+001  5.209809e-005
 9.724375e+001  6.152352e-005
 9.786250e+001  6.618496e-005
 9.848125e+001  5.714103e-005
 9.910000e+001  1.594752e-004
 9.971875e+001  6.466859e-004
 1.003375e+002  5.928730e-004
 1.009563e+002  1.222569e-004
 1.015750e+002  5.058416e-005
 1.021938e+002  5.475093e-005
 1.028125e+002  4.803021e-005
 1.034313e+002  5.020657e-005
 1.040500e+002  4.754713e-005
 1.046688e+002  5.228490e-005
 1.052875e+002  5.456635e-005
 1.059063e+002  4.904478e-005
 1.065250e+002  4.823974e-005
 1.071438e+002  4.600301e-005
 1.077625e+002  4.599301e-005
 1.083813e+002  4.566217e-005
 1.090000e+002  5.050457e-005
 1.096188e+002  4.881859e-005
 1.102375e+002  4.910614e-005
 1.108563e+002  4.608777e-005
 1.114750e+002  4.806038e-005
 1.120938e+002  4.366094e-005
 1.127125e+002  3.617178e-005
 1.133313e+002  4.707942e-005
 1.139500e+002  5.170412e-005
 1.145688e+002  5.212889e-005
 1.151875e+002  5.551908e-005
 1.158063e+002  5.838062e-005
 1.164250e+002  4.865662e-005
 1.170438e+002  4.532031e-005
 1.176625e+002  4.298440e-005
 1.182813e+002  4.342879e-005
 1.189000e+002  5.051364e-005
 1.195188e+002  3.319623e-004
 1.201375e+002  5.312883e-004
 1.207563e+002  2.095686e-004
 1.213750e+002  4.823061e-005
 1.219938e+002  3.908027e-005
 1.226125e+002  2.992708e-005
 1.232313e+002  3.953629e-005
 1.238500e+002  5.258527e-005
 1.244688e+002  4.249322e-005
 1.250875e+002  3.925082e-005
 1.257063e+002  4.398711e-005
 1.263250e+002  4.446812e-005
 1.269438e+002  4.353857e-005
 1.275625e+002  4.651926e-005
 1.281813e+002  4.915213e-005
 1.288000e+002  4.774899e-005
 1.294188e+002  4.769986e-005
 1.300375e+002  4.264053e-005
 1.306563e+002  4.215458e-005
 1.312750e+002  3.928802e-005
 1.318938e+002  4.347208e-005
 1.325125e+002  3.820906e-005
 1.331313e+002  3.324044e-005
 1.337500e+002  3.783177e-005
 1.343688e+002  3.979368e-005
 1.349875e+002  3.852771e-005
 1.356063e+002  3.533914e-005
 1.362250e+002  3.677038e-005
 1.368438e+002  3.765001e-005
 1.374625e+002  4.261255e-005
 1.380813e+002  4.714429e-005
 1.387000e+002  4.161320e-005
 1.393188e+002  3.806064e-005
 1.399375e+002  4.061665e-005
 1.405563e+002  4.198650e-005
 1.411750e+002  8.763108e-005
 1.417938e+002  1.455778e-004
 1.424125e+002  1.324581e-004
 1.430313e+002  9.167153e-005
 1.436500e+002  3.570023e-005
 1.442688e+002  3.339908e-005
 1.448875e+002  3.666541e-005
 1.455063e+002  3.585291e-005
 1.461250e+002  3.981897e-005
 1.467438e+002  4.519933e-005
 1.473625e+002  3.539887e-005
 1.479813e+002  6.839288e-005
 1.486000e+002  1.999224e-004
 1.492188e+002  2.765120e-003
 1.498375e+002  7.941185e-003
 1.504563e+002  5.480356e-003
 1.510750e+002  4.478875e-004
 1.516938e+002  9.849368e-005
 1.523125e+002  4.867650e-005
 1.529313e+002  3.748183e-005
 1.535500e+002  3.874871e-005
 1.541688e+002  3.330431e-005
 1.547875e+002  3.010147e-005
 1.554063e+002  3.100885e-005
 1.560250e+002  3.458304e-005
 1.566438e+002  3.224020e-005
 1.572625e+002  3.329975e-005
 1.578813e+002  3.619800e-005
 1.585000e+002  3.678346e-005
 1.591188e+002  3.339003e-005
 1.597375e+002  3.938137e-005
 1.603563e+002  3.760647e-005
 1.609750e+002  3.309476e-005
 1.615938e+002  3.308509e-005
 1.622125e+002  3.430588e-005
 1.628313e+002  3.155927e-005
 1.634500e+002  3.428051e-005
 1.640688e+002  3.425120e-005
 1.646875e+002  3.509185e-005
 1.653063e+002  2.842023e-005
 1.659250e+002  2.910666e-005
 1.665438e+002  3.000586e-005
 1.671625e+002  3.373339e-005
 1.677813e+002  3.771539e-005
 1.684000e+002  3.419845e-005
 1.690188e+002  2.904745e-005
 1.696375e+002  3.466984e-005
 1.702563e+002  3.298137e-005
 1.708750e+002  2.819541e-005
 1.714938e+002  3.239597e-005
 1.721125e+002  3.310559e-005
 1.727313e+002  3.710523e-005
 1.733500e+002  3.274819e-005
 1.739688e+002  3.001101e-005
 1.745875e+002  3.139691e-005
 1.752063e+002  3.301599e-005
 1.758250e+002  3.410489e-005
 1.764438e+002  3.181547e-005
 1.770625e+002  3.396407e-005
 1.776813e+002  3.750410e-005
 1.783000e+002  4.551314e-005
 1.789188e+002  4.591379e-005
 1.795375e+002  3.353857e-004
 1.801563e+002  5.481340e-004
 1.807750e+002  2.244796e-004
 1.813938e+002  2.901348e-005
 1.820125e+002  2.940880e-005
 1.826313e+002  3.374465e-005
 1.832500e+002  3.063802e-005
 1.838688e+002  3.429543e-005
 1.844875e+002  3.056749e-005
 1.851063e+002  3.054626e-005
 1.857250e+002  2.832146e-005
 1.863438e+002  2.429713e-005
 1.869625e+002  2.385331e-005
 1.875813e+002  2.317319e-005
 1.882000e+002  2.987234e-005
 1.888188e+002  3.207734e-005
 1.894375e+002  3.122591e-005
 1.900563e+002  2.641499e-005
 1.906750e+002  2.794116e-005
 1.912938e+002  2.770194e-005
 1.919125e+002  3.285841e-005
 1.925313e+002  3.427590e-005
 1.931500e+002  3.022942e-005
 1.937688e+002  3.284241e-005
 1.943875e+002  3.412795e-005
 1.950063e+002  2.724191e-005
 1.956250e+002  2.710812e-005
 1.962438e+002  2.750579e-005
 1.968625e+002  3.239123e-005
 1.974813e+002  3.103572e-005
 1.981000e+002  3.236535e-005
 1.987188e+002  2.578838e-005
 1.993375e+002  1.807525e-004
 1.999563e+002  3.595537e-004
 2.005750e+002  1.822674e-004
 2.011938e+002  2.618965e-005
 2.018125e+002  3.008898e-005
 2.024313e+002  2.902270e-005
 2.030500e+002  2.706933e-005
 2.036688e+002  2.875219e-005
 2.042875e+002  3.094071e-005
 2.049063e+002  2.843872e-005
 2.055250e+002  3.028842e-005
 2.061438e+002  2.907648e-005
 2.067625e+002  2.732573e-005
 2.073813e+002  2.318775e-005
 2.080000e+002  2.319204e-005
 2.086188e+002  2.491083e-005
 2.092375e+002  2.547068e-005
 2.098563e+002  2.748873e-005
 2.104750e+002  2.639691e-005
 2.110938e+002  3.010600e-005
 2.117125e+002  2.917623e-005
 2.123313e+002  2.889386e-005
 2.129500e+002  3.316848e-005
 2.135688e+002  3.205747e-005
 2.141875e+002  2.700872e-005
 2.148063e+002  2.794534e-005
 2.154250e+002  2.882460e-005
 2.160438e+002  2.588062e-005
 2.166625e+002  2.666074e-005
 2.172813e+002  2.346728e-005
 2.179000e+002  2.882475e-005
 2.185188e+002  2.751824e-005
 2.191375e+002  2.931668e-005
 2.197563e+002  3.041464e-005
 2.203750e+002  3.026032e-005
 2.209938e+002  3.092263e-005
 2.216125e+002  3.217700e-005
 2.222313e+002  3.048672e-005
 2.228500e+002  2.548938e-005
 2.234688e+002  2.587799e-005
 2.240875e+002  2.666489e-005
 2.247063e+002  2.576175e-005
 2.253250e+002  2.871557e-005
 2.259438e+002  2.786191e-005
 2.265625e+002  2.621343e-005
 2.271813e+002  2.548417e-005
 2.278000e+002  2.715072e-005
 2.284188e+002  2.381593e-005
 2.290375e+002  2.448344e-005
 2.296563e+002  2.780225e-005
 2.302750e+002  2.769077e-005
 2.308938e+002  2.257893e-005
 2.315125e+002  2.708994e-005
 2.321313e+002  2.805199e-005
 2.327500e+002  2.254405e-005
 2.333688e+002  2.479580e-005
 2.339875e+002  2.987628e-005
 2.346063e+002  2.593729e-005
 2.352250e+002  2.524038e-005
 2.358438e+002  2.766549e-005
 2.364625e+002  2.985432e-005
 2.370813e+002  2.995311e-005
 2.377000e+002  3.683507e-005
 2.383188e+002  3.533948e-005
 2.389375e+002  3.255368e-005
 2.395563e+002  3.380453e-004
 2.401750e+002  5.612660e-004
 2.407938e+002  2.294375e-004
 2.414125e+002  2.677139e-005
 2.420313e+002  2.396218e-005
 2.426500e+002  2.281979e-005
 2.432688e+002  2.329005e-005
 2.438875e+002  2.999742e-005
 2.445063e+002  3.033410e-005
 2.451250e+002  2.827631e-005
 2.457438e+002  2.806880e-005
 2.463625e+002  2.257789e-005
 2.469813e+002  2.555606e-005
 2.476000e+002  3.082856e-005
 2.482188e+002  3.420672e-005
 2.488375e+002  9.728195e-005
 2.494563e+002  1.439658e-003
 2.500750e+002  2.208093e-003
 2.506938e+002  8.291923e-004
 2.513125e+002  5.080304e-005
 2.519313e+002  3.249409e-005
 2.525500e+002  2.343115e-005
 2.531688e+002  2.453729e-005
 2.537875e+002  2.857402e-005
 2.544063e+002  2.637574e-005
 2.550250e+002  2.506217e-005
 2.556438e+002  2.827651e-005
 2.562625e+002  2.980893e-005
 2.568813e+002  2.586206e-005
 2.575000e+002  2.318011e-005
 2.581188e+002  2.343074e-005
 2.587375e+002  2.695333e-005
 2.593563e+002  2.736830e-005
 2.599750e+002  2.963107e-005
 2.605938e+002  2.365674e-005
 2.612125e+002  2.219066e-005
 2.618313e+002  2.511604e-005
 2.624500e+002  2.530000e-005
 2.630688e+002  2.353833e-005
 2.636875e+002  2.516585e-005
 2.643063e+002  2.358768e-005
 2.649250e+002  2.464505e-005
 2.655438e+002  2.600835e-005
 2.661625e+002  2.409168e-005
 2.667813e+002  2.637915e-005
 2.674000e+002  2.577965e-005
 2.680188e+002  3.030547e-005
 2.686375e+002  2.848223e-005
 2.692563e+002  2.542570e-005
 2.698750e+002  2.717320e-005
 2.704938e+002  2.451264e-005
 2.711125e+002  2.140308e-005
 2.717313e+002  2.305907e-005
 2.723500e+002  2.436995e-005
 2.729688e+002  2.182876e-005
 2.735875e+002  2.190512e-005
 2.742063e+002  2.621653e-005
 2.748250e+002  2.571915e-005
 2.754438e+002  2.773740e-005
 2.760625e+002  2.693181e-005
 2.766813e+002  2.474031e-005
 2.773000e+002  2.412716e-005
 2.779188e+002  2.016243e-005
 2.785375e+002  1.770866e-005
 2.791563e+002  2.178350e-005
 2.797750e+002  2.311674e-005
 2.803938e+002  2.275307e-005
 2.810125e+002  2.401693e-005
 2.816313e+002  9.480152e-005
 2.822500e+002  1.646060e-004
 2.828688e+002  9.124527e-005
 2.834875e+002  9.056282e-005
 2.841063e+002  4.738049e-005
 2.847250e+002  6.197489e-005
 2.853438e+002  8.156195e-005
 2.859625e+002  4.302241e-005
 2.865813e+002  2.559362e-005
 2.872000e+002  2.441282e-005
 2.878188e+002  2.365368e-005
 2.884375e+002  2.513467e-005
 2.890563e+002  2.086219e-005
 2.896750e+002  2.364704e-005
 2.902938e+002  2.166618e-005
 2.909125e+002  2.507505e-005
 2.915313e+002  2.729175e-005
 2.921500e+002  2.450959e-005
 2.927688e+002  2.171369e-005
 2.933875e+002  2.660579e-005
 2.940063e+002  2.871379e-005
 2.946250e+002  2.683538e-005
 2.952438e+002  2.460715e-005
 2.958625e+002  2.355295e-005
 2.964813e+002  2.477181e-005
 2.971000e+002  4.141793e-005
 2.977188e+002  3.876600e-005
 2.983375e+002  2.426482e-005
 2.989563e+002  4.707511e-005
 2.995750e+002  4.410460e-004
 3.001938e+002  6.602615e-004
 3.008125e+002  2.578645e-004
 3.014313e+002  2.881922e-005
 3.020500e+002  2.637780e-005
 3.026688e+002  2.619722e-005
 3.032875e+002  2.693719e-005
 3.039063e+002  2.626260e-005
 3.045250e+002  2.623745e-005
 3.051438e+002  2.497893e-005
 3.057625e+002  2.885889e-005
 3.063813e+002  2.219808e-005
 3.070000e+002  2.394001e-005
 3.076188e+002  2.708293e-005
 3.082375e+002  2.256149e-005
 3.088563e+002  1.891947e-005
 3.094750e+002  2.299273e-005
 3.100938e+002  2.037548e-005
 3.107125e+002  2.004713e-005
 3.113313e+002  2.007776e-005
 3.119500e+002  2.204147e-005
 3.125688e+002  2.202448e-005
 3.131875e+002  2.301609e-005
 3.138063e+002  2.645641e-005
 3.144250e+002  2.371945e-005
 3.150437e+002  2.551989e-005
 3.156625e+002  2.492154e-005
 3.162812e+002  2.458155e-005
 3.169000e+002  2.018532e-005
 3.175187e+002  2.141336e-005
 3.181375e+002  2.307370e-005
 3.187562e+002  2.625604e-005
 3.193750e+002  2.342182e-005
 3.199937e+002  2.925718e-005
 3.206125e+002  2.420817e-005
 3.212312e+002  2.112572e-005
 3.218500e+002  2.324960e-005
 3.224687e+002  2.230545e-005
 3.230875e+002  2.306647e-005
 3.237062e+002  2.514776e-005
 3.243250e+002  2.429350e-005
 3.249437e+002  2.186040e-005
 3.255625e+002  2.133524e-005
 3.261812e+002  2.223633e-005
 3.268000e+002  2.055169e-005
 3.274187e+002  2.347206e-005
 3.280375e+002  2.435345e-005
 3.286562e+002  2.466611e-005
 3.292750e+002  2.585927e-005
 3.298937e+002  2.380998e-005
 3.305125e+002  2.222432e-005
 3.311312e+002  2.362053e-005
 3.317500e+002  2.918457e-005
 3.323687e+002  2.773856e-005
 3.329875e+002  2.108154e-005
 3.336062e+002  1.902130e-005
 3.342250e+002  2.075487e-005
 3.348437e+002  2.115371e-005
 3.354625e+002  2.064574e-005
 3.360812e+002  2.347431e-005
 3.367000e+002  2.429927e-005
 3.373187e+002  2.192780e-005
 3.379375e+002  2.594316e-005
 3.385562e+002  2.425907e-005
 3.391750e+002  2.273394e-005
 3.397937e+002  2.607501e-005
 3.404125e+002  2.872733e-005
 3.410312e+002  2.564164e-005
 3.416500e+002  2.324705e-005
 3.422687e+002  2.437701e-005
 3.428875e+002  2.169575e-005
 3.435062e+002  2.026307e-005
 3.441250e+002  2.266087e-005
 3.447437e+002  2.134255e-005
 3.453625e+002  1.953652e-005
 3.459812e+002  2.461118e-005
 3.466000e+002  2.410109e-005
 3.472187e+002  2.207084e-005
 3.478375e+002  2.565865e-005
 3.484562e+002  2.740427e-005
 3.490750e+002  1.271305e-004
 3.496937e+002  5.012338e-004
 3.503125e+002  4.414243e-004
 3.509312e+002  6.986800e-005
 3.515500e+002  2.752400e-005
 3.521687e+002  2.674229e-005
 3.527875e+002  2.501119e-005
 3.534062e+002  2.327009e-005
 3.540250e+002  2.622659e-005
 3.546437e+002  2.361254e-005
 3.552625e+002  2.221010e-005
 3.558812e+002  2.645984e-005
 3.565000e+002  4.083928e-005
 3.571187e+002  4.079108e-005
 3.577375e+002  2.613206e-005
 3.583562e+002  2.202396e-005
 3.589750e+002  2.993468e-005
 3.595937e+002  3.504533e-004
 3.602125e+002  5.882278e-004
 3.608312e+002  2.432092e-004
 3.614500e+002  3.211570e-005
 3.620687e+002  2.608390e-005
 3.626875e+002  2.437814e-005
 3.633062e+002  2.240728e-005
 3.639250e+002  2.353430e-005
 3.645437e+002  2.402096e-005
 3.651625e+002  2.342242e-005
 3.657812e+002  2.779476e-005
 3.664000e+002  2.700934e-005
 3.670187e+002  2.017132e-005
 3.676375e+002  2.086644e-005
 3.682562e+002  2.579597e-005
 3.688750e+002  2.450447e-005
 3.694937e+002  2.204976e-005
 3.701125e+002  2.291710e-005
 3.707312e+002  2.195863e-005
 3.713500e+002  2.264065e-005
 3.719687e+002  2.765436e-005
 3.725875e+002  2.117225e-005
 3.732062e+002  2.104243e-005
 3.738250e+002  2.339237e-005
 3.744437e+002  2.289124e-005
 3.750625e+002  2.259727e-005
 3.756812e+002  2.465445e-005
 3.763000e+002  2.477830e-005
 3.769187e+002  2.278062e-005
 3.775375e+002  2.312478e-005
 3.781562e+002  2.418582e-005
 3.787750e+002  2.379908e-005
 3.793937e+002  2.549082e-005
 3.800125e+002  2.595126e-005
 3.806312e+002  1.945443e-005
 3.812500e+002  1.990369e-005
 3.818687e+002  2.094203e-005
 3.824875e+002  2.361153e-005
 3.831062e+002  2.301038e-005
 3.837250e+002  2.820842e-005
 3.843437e+002  2.585517e-005
 3.849625e+002  1.923520e-005
 3.855812e+002  1.996371e-005
 3.862000e+002  2.403649e-005
 3.868187e+002  2.564752e-005
 3.874375e+002  2.618046e-005
 3.880562e+002  2.173856e-005
 3.886750e+002  2.005902e-005
 3.892937e+002  2.197152e-005
 3.899125e+002  2.609739e-005
 3.905312e+002  2.353182e-005
 3.911500e+002  2.475242e-005
 3.917687e+002  2.236958e-005
 3.923875e+002  2.015335e-005
 3.930062e+002  2.284889e-005
 3.936250e+002  1.891977e-005
 3.942437e+002  1.984659e-005
 3.948625e+002  2.430082e-005
 3.954812e+002  2.306438e-005
 3.961000e+002  2.334756e-005
 3.967187e+002  2.150205e-005
 3.973375e+002  2.228293e-005
 3.979562e+002  1.980621e-005
 3.985750e+002  2.184258e-005
 3.991937e+002  1.328511e-004
 3.998125e+002  3.531479e-004
 4.004312e+002  2.340192e-004
 4.010500e+002  2.908560e-005
 4.016687e+002  2.463534e-005
 4.022875e+002  2.370243e-005
 4.029062e+002  2.148269e-005
 4.035250e+002  2.283732e-005
 4.041437e+002  2.273085e-005
 4.047625e+002  2.363027e-005
 4.053812e+002  2.233711e-005
 4.060000e+002  2.531580e-005
 4.066187e+002  2.829847e-005
 4.072375e+002  2.627121e-005
 4.078562e+002  2.747092e-005
 4.084750e+002  2.354263e-005
 4.090937e+002  2.068988e-005
 4.097125e+002  2.012591e-005
 4.103312e+002  2.051533e-005
 4.109500e+002  2.113170e-005
 4.115687e+002  2.586032e-005
 4.121875e+002  2.507932e-005
 4.128062e+002  2.109718e-005
 4.134250e+002  2.260232e-005
 4.140437e+002  2.279955e-005
 4.146625e+002  2.101454e-005
 4.152812e+002  2.127123e-005
 4.159000e+002  2.990858e-005
 4.165187e+002  3.511484e-005
 4.171375e+002  2.451803e-005
 4.177562e+002  2.302637e-005
 4.183750e+002  2.660455e-005
 4.189937e+002  2.719047e-005
 4.196125e+002  3.408038e-004
 4.202312e+002  5.896782e-004
 4.208500e+002  2.553074e-004
 4.214687e+002  2.278768e-005
 4.220875e+002  2.389985e-005
 4.227062e+002  1.979468e-005
 4.233250e+002  2.120745e-005
 4.239437e+002  2.436678e-005
 4.245625e+002  3.743629e-005
 4.251812e+002  6.088824e-005
 4.258000e+002  3.561630e-005
 4.264187e+002  1.780655e-005
 4.270375e+002  3.674191e-005
 4.276562e+002  6.354997e-005
 4.282750e+002  4.977394e-005
 4.288937e+002  2.551547e-005
 4.295125e+002  2.563361e-005
 4.301312e+002  2.560072e-005
 4.307500e+002  2.216898e-005
 4.313687e+002  2.121558e-005
 4.319875e+002  1.918098e-005
 4.326062e+002  2.237075e-005
 4.332250e+002  2.114444e-005
 4.338437e+002  2.108662e-005
 4.344625e+002  2.185129e-005
 4.350812e+002  1.878309e-005
 4.357000e+002  2.287916e-005
 4.363187e+002  2.215696e-005
 4.369375e+002  1.922779e-005
 4.375562e+002  2.067109e-005
 4.381750e+002  2.110754e-005
 4.387937e+002  1.906047e-005
 4.394125e+002  2.090563e-005
 4.400312e+002  2.422058e-005
 4.406500e+002  2.332261e-005
 4.412687e+002  1.889507e-005
 4.418875e+002  2.178535e-005
 4.425062e+002  2.266514e-005
 4.431250e+002  2.707593e-005
 4.437437e+002  2.368121e-005
 4.443625e+002  2.286239e-005
 4.449812e+002  2.232374e-005
 4.456000e+002  2.087339e-005
 4.462187e+002  2.351700e-005
 4.468375e+002  2.214408e-005
 4.474562e+002  2.182866e-005
 4.480750e+002  2.467031e-005
 4.486937e+002  2.390747e-005
 4.493125e+002  8.865906e-005
 4.499312e+002  1.717373e-004
 4.505500e+002  8.937576e-005
 4.511687e+002  2.257273e-005
 4.517875e+002  2.293861e-005
 4.524062e+002  2.357894e-005
 4.530250e+002  2.107444e-005
 4.536437e+002  2.336235e-005
 4.542625e+002  2.368550e-005
 4.548812e+002  2.329141e-005
 4.555000e+002  2.382868e-005
 4.561187e+002  2.335795e-005
 4.567375e+002  2.101613e-005
 4.573562e+002  2.261694e-005
 4.579750e+002  2.082399e-005
 4.585937e+002  2.181451e-005
 4.592125e+002  2.283961e-005
 4.598312e+002  2.451387e-005
 4.604500e+002  2.433795e-005
 4.610687e+002  2.235587e-005
 4.616875e+002  2.310483e-005
 4.623062e+002  2.218951e-005
 4.629250e+002  1.990067e-005
 4.635437e+002  2.117402e-005
 4.641625e+002  1.806446e-005
 4.647812e+002  1.560919e-005
 4.654000e+002  2.195628e-005
 4.660187e+002  2.467449e-005
 4.666375e+002  2.324270e-005
 4.672562e+002  2.386079e-005
 4.678750e+002  2.279376e-005
 4.684937e+002  2.180450e-005
 4.691125e+002  2.002811e-005
 4.697312e+002  2.223472e-005
 4.703500e+002  2.175256e-005
 4.709687e+002  2.161468e-005
 4.715875e+002  2.174963e-005
 4.722062e+002  2.194432e-005
 4.728250e+002  2.014309e-005
 4.734437e+002  2.115003e-005
 4.740625e+002  2.507197e-005
 4.746812e+002  2.284294e-005
 4.753000e+002  2.918312e-005
 4.759187e+002  3.837713e-005
 4.765375e+002  2.307565e-005
 4.771562e+002  2.012807e-005
 4.777750e+002  2.100177e-005
 4.783937e+002  2.560624e-005
 4.790125e+002  2.675431e-005
 4.796312e+002  3.454899e-004
 4.802500e+002  5.971367e-004
 4.808687e+002  2.589747e-004
 4.814875e+002  2.470573e-005
 4.821062e+002  2.465561e-005
 4.827250e+002  1.975941e-005
 4.833437e+002  1.835535e-005
 4.839625e+002  2.134133e-005
 4.845812e+002  2.188525e-005
 4.852000e+002  2.145673e-005
 4.858187e+002  2.364088e-005
 4.864375e+002  2.269117e-005
 4.870562e+002  2.250294e-005
 4.876750e+002  2.465935e-005
 4.882937e+002  2.235394e-005
 4.889125e+002  1.974946e-005
 4.895312e+002  2.032315e-005
 4.901500e+002  2.270411e-005
 4.907687e+002  2.165169e-005
 4.913875e+002  2.314062e-005
 4.920062e+002  2.074892e-005
 4.926250e+002  2.058314e-005
 4.932437e+002  2.156523e-005
 4.938625e+002  2.241256e-005
 4.944812e+002  2.053311e-005
 4.951000e+002  2.306333e-005
 4.957187e+002  2.438567e-005
 4.963375e+002  2.113748e-005
 4.969562e+002  2.108284e-005
 4.975750e+002  2.165776e-005
 4.981937e+002  1.983795e-005
 4.988125e+002  2.454212e-005
 4.994312e+002  1.926508e-004
 5.000500e+002  2.841636e-004
 5.006687e+002  9.996534e-005
 5.012875e+002  2.317998e-005
 5.019062e+002  2.513043e-005
 5.025250e+002  2.207598e-005
 5.031437e+002  2.298317e-005
 5.037625e+002  2.806835e-005
 5.043812e+002  2.425949e-005
 5.050000e+002  2.133891e-005
 5.056187e+002  2.089628e-005
 5.062375e+002  2.208966e-005
 5.068562e+002  1.858771e-005
 5.074750e+002  2.103760e-005
 5.080937e+002  2.537089e-005
 5.087125e+002  2.160343e-005
 5.093312e+002  1.956362e-005
 5.099500e+002  2.037385e-005
 5.105687e+002  1.752892e-005
 5.111875e+002  1.785778e-005
 5.118062e+002  2.150194e-005
 5.124250e+002  2.435984e-005
 5.130437e+002  2.150137e-005
 5.136625e+002  1.945984e-005
 5.142812e+002  2.130184e-005
 5.149000e+002  1.976502e-005
 5.155187e+002  2.197595e-005
 5.161375e+002  2.025318e-005
 5.167562e+002  1.915326e-005
 5.173750e+002  2.090070e-005
 5.179937e+002  2.156885e-005
 5.186125e+002  2.431245e-005
 5.192312e+002  2.196142e-005
 5.198500e+002  2.250694e-005
 5.204687e+002  2.146048e-005
 5.210875e+002  2.194907e-005
 5.217062e+002  2.062522e-005
 5.223250e+002  2.048559e-005
 5.229437e+002  2.037901e-005
 5.235625e+002  2.194275e-005
 5.241812e+002  2.438091e-005
 5.248000e+002  2.293124e-005
 5.254187e+002  1.889732e-005
 5.260375e+002  2.466317e-005
 5.266562e+002  2.343565e-005
 5.272750e+002  2.237478e-005
 5.278937e+002  2.005620e-005
 5.285125e+002  1.949968e-005
 5.291312e+002  1.797656e-005
 5.297500e+002  2.583828e-005
 5.303687e+002  2.762216e-005
 5.309875e+002  2.256195e-005
 5.316062e+002  2.612770e-005
 5.322250e+002  2.304336e-005
 5.328437e+002  2.135899e-005
 5.334625e+002  2.328964e-005
 5.340812e+002  2.461384e-005
 5.347000e+002  2.084622e-005
 5.353187e+002  2.767917e-005
 5.359375e+002  2.506469e-005
 5.365562e+002  2.523087e-005
 5.371750e+002  2.254024e-005
 5.377937e+002  2.327511e-005
 5.384125e+002  2.319324e-005
 5.390312e+002  2.199842e-005
 5.396500e+002  3.311780e-004
 5.402687e+002  5.880041e-004
 5.408875e+002  2.577373e-004
 5.415062e+002  1.974332e-005
 5.421250e+002  2.149517e-005
 5.427437e+002  2.353821e-005
 5.433625e+002  2.150026e-005
 5.439812e+002  1.920260e-005
 5.446000e+002  2.250093e-005
 5.452187e+002  2.345232e-005
 5.458375e+002  2.721781e-005
 5.464562e+002  2.606454e-005
 5.470750e+002  1.994990e-005
 5.476937e+002  2.503305e-005
 5.483125e+002  2.760314e-005
 5.489312e+002  4.928002e-005
 5.495500e+002  2.802880e-004
 5.501687e+002  3.166030e-004
 5.507875e+002  8.227975e-005
 5.514062e+002  2.218656e-005
 5.520250e+002  2.086996e-005
 5.526437e+002  2.235297e-005
 5.532625e+002  2.402375e-005
 5.538812e+002  2.200493e-005
 5.545000e+002  2.429036e-005
 5.551187e+002  2.645495e-005
 5.557375e+002  2.474621e-005
 5.563562e+002  2.204306e-005
 5.569750e+002  1.896984e-005
 5.575937e+002  2.161927e-005
 5.582125e+002  2.406231e-005
 5.588312e+002  2.307030e-005
 5.594500e+002  2.131611e-005
 5.600687e+002  2.120338e-005
 5.606875e+002  2.249490e-005
 5.613062e+002  2.313595e-005
 5.619250e+002  2.160142e-005
 5.625437e+002  2.300556e-005
 5.631625e+002  1.860118e-005
 5.637812e+002  7.272099e-005
 5.644000e+002  1.471490e-004
 5.650187e+002  7.799124e-005
 5.656375e+002  2.094214e-005
 5.662562e+002  2.853113e-005
 5.668750e+002  4.524821e-005
 5.674937e+002  3.080355e-005
 5.681125e+002  2.218905e-005
 5.687312e+002  2.032547e-005
 5.693500e+002  2.275835e-005
 5.699687e+002  3.680893e-005
 5.705875e+002  4.073828e-005
 5.712062e+002  2.485078e-005
 5.718250e+002  2.057422e-005
 5.724437e+002  1.840799e-005
 5.730625e+002  1.864513e-005
 5.736812e+002  2.157107e-005
 5.743000e+002  2.208915e-005
 5.749187e+002  2.301298e-005
 5.755375e+002  2.258736e-005
 5.761562e+002  2.258067e-005
 5.767750e+002  2.426906e-005
 5.773937e+002  2.571902e-005
 5.780125e+002  2.227977e-005
 5.786312e+002  2.085671e-005
 5.792500e+002  1.616375e-005
 5.798687e+002  1.923012e-005
 5.804875e+002  1.921409e-005
 5.811062e+002  2.299690e-005
 5.817250e+002  2.312459e-005
 5.823437e+002  2.415866e-005
 5.829625e+002  2.440765e-005
 5.835812e+002  2.474808e-005
 5.842000e+002  3.163648e-005
 5.848187e+002  4.734490e-005
 5.854375e+002  3.025934e-005
 5.860562e+002  2.562284e-005
 5.866750e+002  2.383255e-005
 5.872937e+002  2.070162e-005
 5.879125e+002  2.450999e-005
 5.885312e+002  2.296484e-005
 5.891500e+002  2.437751e-005
 5.897687e+002  2.572430e-005
 5.903875e+002  2.093743e-005
 5.910062e+002  1.943467e-005
 5.916250e+002  2.187605e-005
 5.922437e+002  2.166269e-005
 5.928625e+002  2.234794e-005
 5.934812e+002  2.292842e-005
 5.941000e+002  2.662042e-005
 5.947187e+002  2.972818e-005
 5.953375e+002  2.708692e-005
 5.959562e+002  2.336112e-005
 5.965750e+002  2.193778e-005
 5.971937e+002  2.391844e-005
 5.978125e+002  2.285359e-005
 5.984312e+002  2.253851e-005
 5.990500e+002  5.821542e-005
 5.996687e+002  3.907001e-004
 6.002875e+002  6.158252e-004
 6.009062e+002  2.649462e-004
 6.015250e+002  2.153796e-005
 6.021437e+002  2.107549e-005
 6.027625e+002  2.044684e-005
 6.033812e+002  2.019783e-005
 6.040000e+002  2.190128e-005
 6.046187e+002  2.018754e-005
 6.052375e+002  1.941733e-005
 6.058562e+002  2.347710e-005
 6.064750e+002  2.122613e-005
 6.070937e+002  2.105795e-005
 6.077125e+002  2.382213e-005
 6.083312e+002  2.302539e-005
 6.089500e+002  2.054762e-005
 6.095687e+002  2.018720e-005
 6.101875e+002  2.161040e-005
 6.108062e+002  2.141672e-005
 6.114250e+002  2.049014e-005
 6.120437e+002  1.929719e-005
 6.126625e+002  1.989761e-005
 6.132812e+002  1.795624e-005
 6.139000e+002  2.092236e-005
 6.145187e+002  2.148757e-005
 6.151375e+002  1.680705e-005
 6.157562e+002  1.844306e-005
 6.163750e+002  2.040403e-005
 6.169937e+002  2.001479e-005
 6.176125e+002  2.343668e-005
 6.182312e+002  2.338702e-005
 6.188500e+002  2.398923e-005
 6.194687e+002  2.319897e-005
 6.200875e+002  2.298865e-005
 6.207062e+002  1.989706e-005
 6.213250e+002  2.097188e-005
 6.219437e+002  1.944805e-005
 6.225625e+002  1.870493e-005
 6.231812e+002  2.147440e-005
 6.238000e+002  2.046480e-005
 6.244187e+002  2.042162e-005
 6.250375e+002  1.966625e-005
 6.256562e+002  1.900476e-005
 6.262750e+002  2.182846e-005
 6.268937e+002  2.038701e-005
 6.275125e+002  1.995097e-005
 6.281312e+002  2.285059e-005
 6.287500e+002  2.364995e-005
 6.293687e+002  2.000255e-005
 6.299875e+002  2.280094e-005
 6.306062e+002  2.407643e-005
 6.312250e+002  2.353392e-005
 6.318437e+002  2.046918e-005
 6.324625e+002  1.713776e-005
 6.330812e+002  1.868219e-005
 6.337000e+002  1.977778e-005
 6.343187e+002  1.876186e-005
 6.349375e+002  1.986170e-005
 6.355562e+002  1.924718e-005
 6.361750e+002  2.102230e-005
 6.367937e+002  2.107334e-005
 6.374125e+002  2.011656e-005
 6.380312e+002  2.142207e-005
 6.386500e+002  2.350036e-005
 6.392687e+002  2.368492e-005
 6.398875e+002  2.285415e-005
 6.405062e+002  2.039359e-005
 6.411250e+002  1.956491e-005
 6.417437e+002  2.097556e-005
 6.423625e+002  1.774943e-005
 6.429812e+002  1.805821e-005
 6.436000e+002  2.052253e-005
 6.442187e+002  2.282512e-005
 6.448375e+002  2.176645e-005
 6.454562e+002  2.086511e-005
 6.460750e+002  1.954307e-005
 6.466937e+002  1.974265e-005
 6.473125e+002  1.830681e-005
 6.479312e+002  1.775328e-005
 6.485500e+002  1.923811e-005
 6.491687e+002  1.123506e-004
 6.497875e+002  2.950261e-004
 6.504062e+002  1.949207e-004
 6.510250e+002  2.606074e-005
 6.516437e+002  2.017201e-005
 6.522625e+002  2.194003e-005
 6.528812e+002  2.434890e-005
 6.535000e+002  2.195210e-005
 6.541187e+002  2.779967e-005
 6.547375e+002  2.365363e-005
 6.553562e+002  1.889589e-005
 6.559750e+002  2.151216e-005
 6.565937e+002  2.405246e-005
 6.572125e+002  2.163089e-005
 6.578312e+002  2.384896e-005
 6.584500e+002  2.246730e-005
 6.590687e+002  2.595999e-005
 6.596875e+002  3.227882e-004
 6.603062e+002  5.738829e-004
 6.609250e+002  2.548004e-004
 6.615437e+002  1.987710e-005
 6.621625e+002  2.228828e-005
 6.627812e+002  2.184200e-005
 6.634000e+002  2.224725e-005
 6.640187e+002  2.308440e-005
 6.646375e+002  2.327168e-005
 6.652562e+002  2.147379e-005
 6.658750e+002  2.314377e-005
 6.664937e+002  2.379427e-005
 6.671125e+002  2.275004e-005
 6.677312e+002  2.529390e-005
 6.683500e+002  2.296413e-005
 6.689687e+002  1.987237e-005
 6.695875e+002  1.947708e-005
 6.702062e+002  1.929230e-005
 6.708250e+002  1.933860e-005
 6.714437e+002  1.752757e-005
 6.720625e+002  1.907881e-005
 6.726812e+002  2.035293e-005
 6.733000e+002  2.338937e-005
 6.739187e+002  2.159638e-005
 6.745375e+002  2.153421e-005
 6.751562e+002  1.990060e-005
 6.757750e+002  2.229583e-005
 6.763937e+002  2.209653e-005
 6.770125e+002  2.161905e-005
 6.776312e+002  2.415799e-005
 6.782500e+002  2.250480e-005
 6.788687e+002  2.096830e-005
 6.794875e+002  2.433445e-005
 6.801062e+002  2.227174e-005
 6.807250e+002  2.152927e-005
 6.813437e+002  2.420599e-005
 6.819625e+002  2.160216e-005
 6.825812e+002  2.369386e-005
 6.832000e+002  2.410306e-005
 6.838187e+002  2.008072e-005
 6.844375e+002  2.115966e-005
 6.850562e+002  1.787690e-005
 6.856750e+002  1.867514e-005
 6.862937e+002  1.963545e-005
 6.869125e+002  2.119091e-005
 6.875312e+002  2.241978e-005
 6.881500e+002  2.125059e-005
 6.887687e+002  2.104317e-005
 6.893875e+002  2.260727e-005
 6.900062e+002  2.435092e-005
 6.906250e+002  2.091547e-005
 6.912437e+002  2.149678e-005
 6.918625e+002  2.522937e-005
 6.924812e+002  2.277093e-005
 6.931000e+002  1.839442e-005
 6.937187e+002  1.844994e-005
 6.943375e+002  2.053429e-005
 6.949562e+002  2.143198e-005
 6.955750e+002  2.146645e-005
 6.961937e+002  1.987829e-005
 6.968125e+002  1.830779e-005
 6.974312e+002  2.056038e-005
 6.980500e+002  2.347822e-005
 6.986687e+002  2.137904e-005
 6.992875e+002  1.316655e-004
 6.999062e+002  2.497468e-004
 7.005250e+002  1.215667e-004
 7.011437e+002  1.957114e-005
 7.017625e+002  1.712588e-005
 7.023812e+002  2.107254e-005
 7.030000e+002  2.380078e-005
 7.036187e+002  2.047708e-005
 7.042375e+002  1.553149e-005
 7.048562e+002  1.943829e-005
 7.054750e+002  2.042987e-005
 7.060937e+002  2.181487e-005
 7.067125e+002  1.824477e-005
 7.073312e+002  1.768405e-005
 7.079500e+002  2.085072e-005
 7.085687e+002  3.062618e-005
 7.091875e+002  2.407246e-005
 7.098062e+002  1.997921e-005
 7.104250e+002  2.066654e-005
 7.110437e+002  2.118483e-005
 7.116625e+002  2.406051e-005
 7.122812e+002  2.462022e-005
 7.129000e+002  3.078733e-005
 7.135187e+002  3.649494e-005
 7.141375e+002  2.566559e-005
 7.147562e+002  2.034432e-005
 7.153750e+002  2.410080e-005
 7.159937e+002  2.355528e-005
 7.166125e+002  2.005516e-005
 7.172312e+002  1.927562e-005
 7.178500e+002  2.079167e-005
 7.184687e+002  1.968744e-005
 7.190875e+002  1.993016e-005
 7.197062e+002  3.080489e-004
 7.203250e+002  5.649752e-004
 7.209437e+002  2.599637e-004
 7.215625e+002  1.836310e-005
 7.221812e+002  2.321625e-005
 7.228000e+002  2.304240e-005
 7.234187e+002  2.285135e-005
 7.240375e+002  2.298319e-005
 7.246562e+002  2.079793e-005
 7.252750e+002  2.080284e-005
 7.258937e+002  1.680070e-005
 7.265125e+002  1.579993e-005
 7.271312e+002  1.956411e-005
 7.277500e+002  2.106790e-005
 7.283687e+002  2.037890e-005
 7.289875e+002  1.621353e-005
 7.296062e+002  2.108256e-005
 7.302250e+002  2.199633e-005
 7.308437e+002  1.861670e-005
 7.314625e+002  2.203065e-005
 7.320812e+002  2.057495e-005
 7.327000e+002  1.626416e-005
 7.333187e+002  2.007608e-005
 7.339375e+002  2.093358e-005
 7.345562e+002  2.452805e-005
 7.351750e+002  2.321529e-005
 7.357937e+002  2.071745e-005
 7.364125e+002  1.983664e-005
 7.370312e+002  2.159868e-005
 7.376500e+002  2.240916e-005
 7.382687e+002  2.037689e-005
 7.388875e+002  2.051183e-005
 7.395062e+002  2.195138e-005
 7.401250e+002  2.457707e-005
 7.407437e+002  2.197991e-005
 7.413625e+002  1.816628e-005
 7.419812e+002  2.138101e-005
 7.426000e+002  2.435838e-005
 7.432187e+002  2.307061e-005
 7.438375e+002  2.494360e-005
 7.444562e+002  2.483099e-005
 7.450750e+002  1.889827e-005
 7.456937e+002  1.645370e-005
 7.463125e+002  2.151149e-005
 7.469312e+002  2.000172e-005
 7.475500e+002  1.812171e-005
 7.481687e+002  2.004826e-005
 7.487875e+002  2.814476e-005
 7.494062e+002  1.898735e-004
 7.500250e+002  2.684870e-004
 7.506437e+002  9.763808e-005
 7.512625e+002  1.840842e-005
 7.518812e+002  1.866115e-005
 7.525000e+002  1.871360e-005
 7.531187e+002  2.448504e-005
 7.537375e+002  2.190870e-005
 7.543562e+002  1.884860e-005
 7.549750e+002  1.991923e-005
 7.555937e+002  2.117623e-005
 7.562125e+002  1.977137e-005
 7.568312e+002  1.693304e-005
 7.574500e+002  2.416434e-005
 7.580687e+002  2.266369e-005
 7.586875e+002  2.045075e-005
 7.593062e+002  2.014099e-005
 7.599250e+002  2.080707e-005
 7.605437e+002  2.119843e-005
 7.611625e+002  1.968368e-005
 7.617812e+002  1.971769e-005
 7.624000e+002  2.118922e-005
 7.630187e+002  1.876806e-005
 7.636375e+002  2.111481e-005
 7.642562e+002  2.231385e-005
 7.648750e+002  1.920915e-005
 7.654937e+002  1.945096e-005
 7.661125e+002  2.121784e-005
 7.667312e+002  2.116585e-005
 7.673500e+002  2.189908e-005
 7.679687e+002  2.240350e-005
 7.685875e+002  2.292729e-005
 7.692062e+002  2.210591e-005
 7.698250e+002  1.800446e-005
 7.704437e+002  1.891122e-005
 7.710625e+002  2.276799e-005
 7.716812e+002  2.227836e-005
 7.723000e+002  2.563522e-005
 7.729187e+002  2.708871e-005
 7.735375e+002  2.399389e-005
 7.741562e+002  1.827781e-005
 7.747750e+002  1.983999e-005
 7.753937e+002  1.698119e-005
 7.760125e+002  2.047800e-005
 7.766312e+002  1.990273e-005
 7.772500e+002  2.018797e-005
 7.778687e+002  2.041349e-005
 7.784875e+002  2.210145e-005
 7.791062e+002  2.262303e-005
 7.797250e+002  3.027259e-004
 7.803437e+002  5.604553e-004
 7.809625e+002  2.621597e-004
 7.815812e+002  1.749508e-005
 7.822000e+002  2.212653e-005
 7.828187e+002  2.264427e-005
 7.834375e+002  2.115924e-005
 7.840562e+002  2.259704e-005
 7.846750e+002  2.198192e-005
 7.852937e+002  2.240225e-005
 7.859125e+002  1.985095e-005
 7.865312e+002  1.844024e-005
 7.871500e+002  1.838983e-005
 7.877687e+002  2.082233e-005
 7.883875e+002  2.202738e-005
 7.890062e+002  1.990902e-005
 7.896250e+002  1.788917e-005
 7.902437e+002  1.955496e-005
 7.908625e+002  2.125048e-005
 7.914812e+002  2.157332e-005
 7.921000e+002  2.086135e-005
 7.927187e+002  2.108310e-005
 7.933375e+002  1.955445e-005
 7.939562e+002  1.952718e-005
 7.945750e+002  2.073428e-005
 7.951937e+002  2.118944e-005
 7.958125e+002  1.985744e-005
 7.964312e+002  1.826872e-005
 7.970500e+002  2.112003e-005
 7.976687e+002  2.029813e-005
 7.982875e+002  2.216978e-005
 7.989062e+002  3.299876e-005
 7.995250e+002  1.507602e-004
 8.001437e+002  1.645680e-004
 8.007625e+002  4.485807e-005
 8.013812e+002  1.945961e-005
 8.020000e+002  2.155624e-005
 8.026187e+002  2.352593e-005
 8.032375e+002  1.805957e-005
 8.038562e+002  1.855309e-005
 8.044750e+002  2.021641e-005
 8.050937e+002  1.813672e-005
 8.057125e+002  1.782314e-005
 8.063312e+002  2.000942e-005
 8.069500e+002  1.887453e-005
 8.075687e+002  2.059507e-005
 8.081875e+002  2.222143e-005
 8.088062e+002  2.194566e-005
 8.094250e+002  2.114941e-005
 8.100437e+002  2.272957e-005
 8.106625e+002  2.178220e-005
 8.112812e+002  2.130907e-005
 8.119000e+002  2.305419e-005
 8.125187e+002  1.783401e-005
 8.131375e+002  1.841055e-005
 8.137562e+002  2.188152e-005
 8.143750e+002  2.165765e-005
 8.149937e+002  2.525669e-005
 8.156125e+002  2.603723e-005
 8.162312e+002  2.122986e-005
 8.168500e+002  2.089230e-005
 8.174687e+002  2.122856e-005
 8.180875e+002  1.826438e-005
 8.187062e+002  1.953006e-005
 8.193250e+002  2.244272e-005
 8.199437e+002  2.205101e-005
 8.205625e+002  1.994820e-005
 8.211812e+002  2.175065e-005
 8.218000e+002  2.019878e-005
 8.224187e+002  2.138988e-005
 8.230375e+002  2.321358e-005
 8.236562e+002  2.251886e-005
 8.242750e+002  2.182419e-005
 8.248937e+002  1.964116e-005
 8.255125e+002  1.821142e-005
 8.261312e+002  1.854251e-005
 8.267500e+002  2.116698e-005
 8.273687e+002  2.032151e-005
 8.279875e+002  2.147589e-005
 8.286062e+002  2.185958e-005
 8.292250e+002  2.073893e-005
 8.298437e+002  2.034001e-005
 8.304625e+002  2.044929e-005
 8.310812e+002  1.984292e-005
 8.317000e+002  2.626305e-005
 8.323187e+002  3.389185e-005
 8.329375e+002  3.046608e-005
 8.335562e+002  2.360089e-005
 8.341750e+002  1.893781e-005
 8.347937e+002  2.001845e-005
 8.354125e+002  2.249849e-005
 8.360312e+002  1.935428e-005
 8.366500e+002  2.034038e-005
 8.372687e+002  2.135707e-005
 8.378875e+002  2.188318e-005
 8.385062e+002  2.216731e-005
 8.391250e+002  2.181212e-005
 8.397437e+002  2.891118e-004
 8.403625e+002  5.445201e-004
 8.409812e+002  2.580799e-004
 8.416000e+002  2.283355e-005
 8.422187e+002  2.276150e-005
 8.428375e+002  2.057897e-005
 8.434562e+002  2.217746e-005
 8.440750e+002  1.920760e-005
 8.446937e+002  1.939538e-005
 8.453125e+002  1.932993e-005
 8.459312e+002  3.417498e-005
 8.465500e+002  7.138149e-005
 8.471687e+002  4.822812e-005
 8.477875e+002  1.975178e-005
 8.484062e+002  1.867519e-005
 8.490250e+002  3.957809e-005
 8.496437e+002  1.197392e-004
 8.502625e+002  1.043867e-004
 8.508812e+002  2.979026e-005
 8.515000e+002  2.213421e-005
 8.521187e+002  2.070859e-005
 8.527375e+002  2.116419e-005
 8.533562e+002  1.884504e-005
 8.539750e+002  1.813013e-005
 8.545937e+002  1.934668e-005
 8.552125e+002  2.083637e-005
 8.558312e+002  2.204859e-005
 8.564500e+002  2.013402e-005
 8.570687e+002  1.926429e-005
 8.576875e+002  2.184777e-005
 8.583062e+002  1.832105e-005
 8.589250e+002  1.799359e-005
 8.595437e+002  2.155663e-005
 8.601625e+002  2.088227e-005
 8.607812e+002  2.152939e-005
 8.614000e+002  2.287999e-005
 8.620187e+002  2.055614e-005
 8.626375e+002  2.022161e-005
 8.632562e+002  2.056703e-005
 8.638750e+002  2.034899e-005
 8.644937e+002  1.763407e-005
 8.651125e+002  2.092191e-005
 8.657312e+002  1.861262e-005
 8.663500e+002  2.094766e-005
 8.669687e+002  2.078208e-005
 8.675875e+002  2.298529e-005
 8.682062e+002  1.683102e-005
 8.688250e+002  1.617471e-005
 8.694437e+002  1.913742e-005
 8.700625e+002  1.974747e-005
 8.706812e+002  2.336768e-005
 8.713000e+002  2.080988e-005
 8.719187e+002  2.194337e-005
 8.725375e+002  2.100669e-005
 8.731562e+002  2.191341e-005
 8.737750e+002  2.078462e-005
 8.743937e+002  1.982681e-005
 8.750125e+002  2.032035e-005
 8.756312e+002  2.280288e-005
 8.762500e+002  2.205478e-005
 8.768687e+002  1.785839e-005
 8.774875e+002  1.558005e-005
 8.781062e+002  1.973660e-005
 8.787250e+002  2.200580e-005
 8.793437e+002  2.047792e-005
 8.799625e+002  2.105961e-005
 8.805812e+002  1.968055e-005
 8.812000e+002  1.943288e-005
 8.818187e+002  2.098191e-005
 8.824375e+002  1.787193e-005
 8.830562e+002  1.968087e-005
 8.836750e+002  2.482357e-005
 8.842937e+002  2.458271e-005
 8.849125e+002  3.213070e-005
 8.855312e+002  3.241729e-005
 8.861500e+002  2.569113e-005
 8.867687e+002  2.178803e-005
 8.873875e+002  1.813764e-005
 8.880062e+002  1.645057e-005
 8.886250e+002  1.889009e-005
 8.892437e+002  1.801854e-005
 8.898625e+002  1.955841e-005
 8.904812e+002  2.075178e-005
 8.911000e+002  1.999095e-005
 8.917187e+002  2.306648e-005
 8.923375e+002  2.823529e-005
 8.929562e+002  2.326685e-005
 8.935750e+002  1.994260e-005
 8.941937e+002  1.853105e-005
 8.948125e+002  2.107236e-005
 8.954312e+002  2.411965e-005
 8.960500e+002  2.435295e-005
 8.966687e+002  2.019147e-005
 8.972875e+002  1.890311e-005
 8.979062e+002  1.982395e-005
 8.985250e+002  2.356466e-005
 8.991437e+002  8.114055e-005
 8.997625e+002  3.513763e-004
 9.003812e+002  5.539188e-004
 9.010000e+002  2.557415e-004
 9.016187e+002  1.797971e-005
 9.022375e+002  1.904678e-005
 9.028562e+002  2.421936e-005
 9.034750e+002  2.150681e-005
 9.040937e+002  2.238754e-005
 9.047125e+002  2.593420e-005
 9.053312e+002  2.748518e-005
 9.059500e+002  2.937102e-005
 9.065687e+002  2.550595e-005
 9.071875e+002  2.164436e-005
 9.078062e+002  2.011195e-005
 9.084250e+002  2.425910e-005
 9.090437e+002  2.461601e-005
 9.096625e+002  2.259354e-005
 9.102812e+002  2.251473e-005
 9.109000e+002  2.223172e-005
 9.115187e+002  2.141684e-005
 9.121375e+002  2.161419e-005
 9.127562e+002  2.097349e-005
 9.133750e+002  1.796464e-005
 9.139937e+002  1.738046e-005
 9.146125e+002  1.957302e-005
 9.152312e+002  2.042536e-005
 9.158500e+002  1.803983e-005
 9.164687e+002  1.915334e-005
 9.170875e+002  1.776208e-005
 9.177062e+002  2.026552e-005
 9.183250e+002  1.797997e-005
 9.189437e+002  2.026473e-005
 9.195625e+002  1.881159e-005
 9.201812e+002  1.845757e-005
 9.208000e+002  1.797284e-005
 9.214187e+002  1.728062e-005
 9.220375e+002  2.015788e-005
 9.226562e+002  2.054813e-005
 9.232750e+002  2.326405e-005
 9.238937e+002  2.100810e-005
 9.245125e+002  1.887209e-005
 9.251312e+002  1.998989e-005
 9.257500e+002  1.819885e-005
 9.263687e+002  1.708069e-005
 9.269875e+002  1.892222e-005
 9.276062e+002  1.915732e-005
 9.282250e+002  1.740604e-005
 9.288437e+002  1.784491e-005
 9.294625e+002  2.005153e-005
 9.300812e+002  2.310310e-005
 9.307000e+002  2.074101e-005
 9.313187e+002  2.329304e-005
 9.319375e+002  2.559863e-005
 9.325562e+002  1.958035e-005
 9.331750e+002  2.046414e-005
 9.337937e+002  1.950903e-005
 9.344125e+002  1.856824e-005
 9.350312e+002  2.137055e-005
 9.356500e+002  2.201889e-005
 9.362687e+002  2.249799e-005
 9.368875e+002  1.958132e-005
 9.375062e+002  1.917670e-005
 9.381250e+002  1.995530e-005
 9.387437e+002  2.296984e-005
 9.393625e+002  2.215774e-005
 9.399812e+002  2.029235e-005
 9.406000e+002  2.036405e-005
 9.412187e+002  2.133255e-005
 9.418375e+002  2.283822e-005
 9.424562e+002  2.204902e-005
 9.430750e+002  2.055276e-005
 9.436937e+002  2.036995e-005
 9.443125e+002  1.938382e-005
 9.449312e+002  2.092685e-005
 9.455500e+002  2.290495e-005
 9.461687e+002  1.985690e-005
 9.467875e+002  1.867237e-005
 9.474062e+002  2.166472e-005
 9.480250e+002  1.867568e-005
 9.486437e+002  1.904188e-005
 9.492625e+002  1.393103e-004
 9.498812e+002  2.579466e-004
 9.505000e+002  1.246962e-004
 9.511187e+002  1.870570e-005
 9.517375e+002  2.087344e-005
 9.523562e+002  2.038478e-005
 9.529750e+002  2.025572e-005
 9.535937e+002  2.191577e-005
 9.542125e+002  2.027705e-005
 9.548312e+002  2.078428e-005
 9.554500e+002  2.141437e-005
 9.560687e+002  2.102583e-005
 9.566875e+002  1.916976e-005
 9.573062e+002  1.703840e-005
 9.579250e+002  1.881520e-005
 9.585437e+002  1.862340e-005
 9.591625e+002  1.879410e-005
 9.597812e+002  2.679959e-004
 9.604000e+002  5.131744e-004
 9.610187e+002  2.442354e-004
 9.616375e+002  1.972257e-005
 9.622562e+002  1.928830e-005
 9.628750e+002  1.594271e-005
 9.634937e+002  2.121093e-005
 9.641125e+002  2.063381e-005
 9.647312e+002  2.023698e-005
 9.653500e+002  2.239798e-005
 9.659687e+002  2.329852e-005
 9.665875e+002  1.911731e-005
 9.672062e+002  2.041382e-005
 9.678250e+002  2.125254e-005
 9.684437e+002  2.214737e-005
 9.690625e+002  2.094403e-005
 9.696812e+002  1.999362e-005
 9.703000e+002  1.768552e-005
 9.709187e+002  1.979719e-005
 9.715375e+002  2.178156e-005
 9.721562e+002  1.664427e-005
 9.727750e+002  1.892528e-005
 9.733937e+002  2.172782e-005
 9.740125e+002  2.101942e-005
 9.746312e+002  2.250658e-005
 9.752500e+002  2.235663e-005
 9.758687e+002  2.132292e-005
 9.764875e+002  1.854576e-005
 9.771062e+002  1.852142e-005
 9.777250e+002  2.268608e-005
 9.783437e+002  2.163600e-005
 9.789625e+002  2.154052e-005
 9.795812e+002  2.258510e-005
 9.802000e+002  2.476742e-005
 9.808187e+002  1.940603e-005
 9.814375e+002  1.730977e-005
 9.820562e+002  2.037573e-005
 9.826750e+002  2.296025e-005
 9.832937e+002  1.992368e-005
 9.839125e+002  1.946681e-005
 9.845312e+002  1.901132e-005
 9.851500e+002  1.636018e-005
 9.857687e+002  2.081688e-005
 9.863875e+002  2.073043e-005
 9.870062e+002  1.960717e-005
 9.876250e+002  1.927570e-005
 9.882437e+002  1.839070e-005
 9.888625e+002  2.106104e-005
 9.894812e+002  2.036625e-005
 9.901000e+002  1.790561e-005
 9.907187e+002  1.828038e-005
 9.913375e+002  2.059386e-005
 9.919562e+002  2.237672e-005
 9.925750e+002  2.409620e-005
 9.931937e+002  1.931397e-005
 9.938125e+002  1.856855e-005
 9.944312e+002  1.727807e-005
 9.950500e+002  1.878136e-005
 9.956687e+002  1.952061e-005
 9.962875e+002  1.938207e-005
 9.969062e+002  1.800738e-005
 9.975250e+002  1.850182e-005
 9.981437e+002  2.036428e-005
 9.987625e+002  2.396307e-005
 9.993812e+002  1.180096e-004
 1.000000e+003  1.626847e-004
