 1.000000e+000  3.282181e-004
 1.061875e+000  1.114465e-004
 1.123750e+000  2.109581e-004
 1.185625e+000  3.413498e-004
 1.247500e+000  3.941911e-004
 1.309375e+000  3.573305e-004
 1.371250e+000  3.273830e-004
 1.433125e+000  4.244144e-004
 1.495000e+000  2.848748e-004
 1.556875e+000  2.401986e-004
 1.618750e+000  2.252662e-004
 1.680625e+000  1.842976e-004
 1.742500e+000  1.773341e-004
 1.804375e+000  2.428095e-004
 1.866250e+000  1.978099e-004
 1.928125e+000  2.138007e-004
 1.990000e+000  3.095489e-004
 2.051875e+000  1.193812e-004
 2.113750e+000  1.434202e-004
 2.175625e+000  1.749976e-004
 2.237500e+000  7.119292e-005
 2.299375e+000  2.194399e-004
 2.361250e+000  2.110037e-004
 2.423125e+000  2.268794e-004
 2.485000e+000  1.754541e-004
 2.546875e+000  1.712449e-004
 2.608750e+000  3.130130e-004
 2.670625e+000  3.596302e-004
 2.732500e+000  2.733480e-004
 2.794375e+000  2.225097e-004
 2.856250e+000  1.328826e-004
 2.918125e+000  1.442642e-004
 2.980000e+000  2.733988e-004
 3.041875e+000  2.819516e-004
 3.103750e+000  1.374272e-004
 3.165625e+000  1.321229e-004
 3.227500e+000  1.197621e-004
 3.289375e+000  1.810400e-004
 3.351250e+000  2.825907e-004
 3.413125e+000  3.350489e-004
 3.475000e+000  2.719448e-004
 3.536875e+000  2.479804e-004
 3.598750e+000  1.891912e-004
 3.660625e+000  1.904805e-004
 3.722500e+000  2.458211e-004
 3.784375e+000  2.210235e-004
 3.846250e+000  2.148372e-004
 3.908125e+000  1.430392e-004
 3.970000e+000  1.819334e-004
 4.031875e+000  9.185097e-005
 4.093750e+000  8.843510e-005
 4.155625e+000  1.269074e-004
 4.217500e+000  1.708674e-004
 4.279375e+000  5.189091e-005
 4.341250e+000  1.647156e-004
 4.403125e+000  1.564117e-004
 4.465000e+000  1.274164e-004
 4.526875e+000  1.331223e-004
 4.588750e+000  1.420667e-004
 4.650625e+000  2.620841e-004
 4.712500e+000  2.450808e-004
 4.774375e+000  2.019539e-004
 4.836250e+000  1.143987e-004
 4.898125e+000  7.469124e-005
 4.960000e+000  9.204276e-005
 5.021875e+000  1.554104e-004
 5.083750e+000  8.788600e-005
 5.145625e+000  9.330315e-005
 5.207500e+000  9.235598e-005
 5.269375e+000  9.934828e-005
 5.331250e+000  8.151092e-005
 5.393125e+000  1.347124e-004
 5.455000e+000  1.833800e-004
 5.516875e+000  5.913481e-005
 5.578750e+000  8.132680e-005
 5.640625e+000  9.022115e-005
 5.702500e+000  1.451518e-004
 5.764375e+000  1.222749e-004
 5.826250e+000  1.566152e-004
 5.888125e+000  1.899675e-004
 5.950000e+000  1.118926e-004
 6.011875e+000  1.605844e-004
 6.073750e+000  1.489082e-004
 6.135625e+000  1.773525e-004
 6.197500e+000  2.026955e-004
 6.259375e+000  1.949625e-004
 6.321250e+000  1.493645e-004
 6.383125e+000  1.386085e-004
 6.445000e+000  1.383027e-004
 6.506875e+000  1.635235e-004
 6.568750e+000  1.242949e-004
 6.630625e+000  6.766896e-005
 6.692500e+000  9.527083e-005
 6.754375e+000  5.872311e-005
 6.816250e+000  9.491324e-005
 6.878125e+000  1.229191e-004
 6.940000e+000  5.923103e-005
 7.001875e+000  4.026309e-005
 7.063750e+000  7.862473e-005
 7.125625e+000  1.015908e-004
 7.187500e+000  1.323917e-004
 7.249375e+000  1.456521e-004
 7.311250e+000  1.792362e-004
 7.373125e+000  1.062826e-004
 7.435000e+000  1.277086e-004
 7.496875e+000  1.831138e-004
 7.558750e+000  1.784359e-004
 7.620625e+000  1.313515e-004
 7.682500e+000  1.410451e-004
 7.744375e+000  1.541914e-004
 7.806250e+000  1.256446e-004
 7.868125e+000  5.694961e-005
 7.930000e+000  1.096900e-004
 7.991875e+000  1.248007e-004
 8.053750e+000  1.243690e-004
 8.115625e+000  4.770176e-005
 8.177500e+000  1.304797e-004
 8.239375e+000  7.466988e-005
 8.301250e+000  1.079064e-004
 8.363125e+000  7.583321e-005
 8.425000e+000  9.590133e-005
 8.486875e+000  1.315721e-004
 8.548750e+000  8.756541e-005
 8.610625e+000  6.091732e-005
 8.672500e+000  4.094350e-005
 8.734375e+000  1.053191e-004
 8.796250e+000  1.443518e-004
 8.858125e+000  1.526862e-004
 8.920000e+000  1.201696e-004
 8.981875e+000  1.298880e-004
 9.043750e+000  1.669063e-004
 9.105625e+000  1.476504e-004
 9.167500e+000  1.287637e-004
 9.229375e+000  1.242696e-004
 9.291250e+000  1.044726e-004
 9.353125e+000  6.758631e-005
 9.415000e+000  7.902533e-005
 9.476875e+000  8.564805e-005
 9.538750e+000  1.233754e-004
 9.600625e+000  1.438130e-004
 9.662500e+000  6.982992e-005
 9.724375e+000  1.215175e-004
 9.786250e+000  8.955622e-005
 9.848125e+000  7.363959e-005
 9.910000e+000  8.620044e-005
 9.971875e+000  9.623644e-005
 1.003375e+001  1.358774e-005
 1.009563e+001  1.079309e-004
 1.015750e+001  1.030018e-004
 1.021938e+001  1.718771e-004
 1.028125e+001  1.735912e-004
 1.034313e+001  8.684917e-005
 1.040500e+001  9.907443e-005
 1.046688e+001  6.757273e-005
 1.052875e+001  7.605091e-005
 1.059063e+001  1.013012e-004
 1.065250e+001  1.456123e-004
 1.071438e+001  1.334531e-004
 1.077625e+001  5.105291e-005
 1.083813e+001  7.319045e-005
 1.090000e+001  4.854525e-005
 1.096188e+001  4.666970e-005
 1.102375e+001  1.133485e-004
 1.108563e+001  1.453542e-004
 1.114750e+001  9.087736e-005
 1.120938e+001  8.721657e-005
 1.127125e+001  1.788306e-004
 1.133313e+001  1.888349e-004
 1.139500e+001  1.307134e-004
 1.145688e+001  9.487837e-005
 1.151875e+001  6.252670e-005
 1.158063e+001  7.644094e-005
 1.164250e+001  4.861240e-005
 1.170438e+001  1.146230e-004
 1.176625e+001  1.191216e-004
 1.182813e+001  1.115490e-004
 1.189000e+001  1.233195e-004
 1.195188e+001  2.781496e-005
 1.201375e+001  6.339625e-005
 1.207563e+001  8.519660e-005
 1.213750e+001  1.036342e-004
 1.219938e+001  1.188173e-004
 1.226125e+001  1.335659e-004
 1.232313e+001  1.335775e-004
 1.238500e+001  9.007558e-005
 1.244688e+001  1.184078e-004
 1.250875e+001  1.107840e-004
 1.257063e+001  5.496299e-005
 1.263250e+001  7.975715e-005
 1.269438e+001  9.917508e-005
 1.275625e+001  1.202442e-004
 1.281813e+001  1.041576e-004
 1.288000e+001  7.094420e-005
 1.294188e+001  9.575019e-005
 1.300375e+001  1.656134e-004
 1.306563e+001  1.733182e-004
 1.312750e+001  1.263331e-004
 1.318938e+001  9.350671e-005
 1.325125e+001  7.422879e-005
 1.331313e+001  8.222758e-005
 1.337500e+001  1.372195e-004
 1.343688e+001  1.401868e-004
 1.349875e+001  8.194704e-005
 1.356063e+001  1.146851e-004
 1.362250e+001  1.353838e-004
 1.368438e+001  1.030471e-004
 1.374625e+001  4.879486e-005
 1.380813e+001  8.661101e-005
 1.387000e+001  8.332873e-005
 1.393188e+001  1.034303e-004
 1.399375e+001  1.382239e-004
 1.405563e+001  1.113313e-004
 1.411750e+001  1.209555e-004
 1.417938e+001  1.752970e-004
 1.424125e+001  1.763592e-004
 1.430313e+001  1.236919e-004
 1.436500e+001  1.018850e-004
 1.442688e+001  1.072862e-004
 1.448875e+001  8.246351e-005
 1.455063e+001  9.218179e-005
 1.461250e+001  1.471720e-004
 1.467438e+001  8.920238e-005
 1.473625e+001  5.484709e-005
 1.479813e+001  7.957165e-005
 1.486000e+001  2.938177e-005
 1.492188e+001  4.546875e-005
 1.498375e+001  1.349105e-004
 1.504563e+001  1.604271e-004
 1.510750e+001  1.501731e-004
 1.516938e+001  1.122776e-004
 1.523125e+001  8.956940e-005
 1.529313e+001  5.712074e-005
 1.535500e+001  7.418647e-005
 1.541688e+001  1.538434e-004
 1.547875e+001  1.232190e-004
 1.554063e+001  9.955591e-005
 1.560250e+001  7.268942e-005
 1.566438e+001  6.471961e-005
 1.572625e+001  7.334110e-005
 1.578813e+001  4.322003e-005
 1.585000e+001  6.613049e-005
 1.591188e+001  5.872187e-005
 1.597375e+001  1.184280e-004
 1.603563e+001  9.329426e-005
 1.609750e+001  8.241377e-005
 1.615938e+001  7.822914e-005
 1.622125e+001  9.164852e-005
 1.628313e+001  9.239992e-005
 1.634500e+001  9.108699e-005
 1.640688e+001  1.135168e-004
 1.646875e+001  5.464285e-005
 1.653063e+001  2.692113e-005
 1.659250e+001  6.113540e-005
 1.665438e+001  3.883150e-005
 1.671625e+001  5.935116e-005
 1.677813e+001  1.906111e-005
 1.684000e+001  1.006642e-004
 1.690188e+001  1.509893e-004
 1.696375e+001  1.168286e-004
 1.702563e+001  9.787034e-005
 1.708750e+001  9.017931e-005
 1.714938e+001  1.036272e-004
 1.721125e+001  8.259828e-005
 1.727313e+001  7.794835e-005
 1.733500e+001  7.824982e-005
 1.739688e+001  7.654083e-005
 1.745875e+001  7.438875e-005
 1.752063e+001  1.101936e-004
 1.758250e+001  8.632577e-005
 1.764438e+001  2.719776e-005
 1.770625e+001  2.318428e-005
 1.776813e+001  2.667444e-005
 1.783000e+001  7.580745e-005
 1.789188e+001  1.208387e-004
 1.795375e+001  1.168449e-004
 1.801563e+001  5.593897e-005
 1.807750e+001  5.189379e-005
 1.813938e+001  8.947263e-005
 1.820125e+001  4.180931e-005
 1.826313e+001  3.906990e-005
 1.832500e+001  4.958536e-005
 1.838688e+001  7.778776e-005
 1.844875e+001  6.302526e-005
 1.851063e+001  1.019108e-004
 1.857250e+001  1.185330e-004
 1.863438e+001  1.026958e-004
 1.869625e+001  6.311365e-005
 1.875813e+001  1.039438e-004
 1.882000e+001  1.294271e-004
 1.888188e+001  1.313069e-004
 1.894375e+001  9.436364e-005
 1.900563e+001  7.045914e-005
 1.906750e+001  3.677265e-005
 1.912938e+001  7.503620e-005
 1.919125e+001  1.303452e-004
 1.925313e+001  9.409353e-005
 1.931500e+001  6.539393e-005
 1.937688e+001  3.925419e-005
 1.943875e+001  4.662977e-005
 1.950063e+001  1.096947e-004
 1.956250e+001  1.567941e-004
 1.962438e+001  1.272174e-004
 1.968625e+001  1.049853e-004
 1.974813e+001  5.510681e-005
 1.981000e+001  1.041480e-004
 1.987188e+001  1.425828e-004
 1.993375e+001  9.986819e-005
 1.999563e+001  6.217780e-005
 2.005750e+001  6.577312e-005
 2.011938e+001  1.016580e-004
 2.018125e+001  1.013446e-004
 2.024313e+001  1.065253e-004
 2.030500e+001  1.171618e-004
 2.036688e+001  1.140805e-004
 2.042875e+001  8.322386e-005
 2.049063e+001  9.478731e-005
 2.055250e+001  1.240099e-004
 2.061438e+001  1.006236e-004
 2.067625e+001  9.635003e-005
 2.073813e+001  6.049414e-005
 2.080000e+001  6.580664e-005
 2.086188e+001  8.151913e-005
 2.092375e+001  1.097862e-004
 2.098563e+001  5.726588e-005
 2.104750e+001  9.613803e-005
 2.110938e+001  8.450812e-005
 2.117125e+001  5.017958e-005
 2.123313e+001  6.241018e-005
 2.129500e+001  1.014028e-004
 2.135688e+001  9.751991e-005
 2.141875e+001  6.828460e-005
 2.148063e+001  5.775172e-005
 2.154250e+001  8.069042e-005
 2.160438e+001  9.378565e-005
 2.166625e+001  8.271407e-005
 2.172813e+001  1.304798e-004
 2.179000e+001  1.397577e-004
 2.185188e+001  7.337433e-005
 2.191375e+001  7.908682e-005
 2.197563e+001  1.021720e-004
 2.203750e+001  1.416254e-004
 2.209938e+001  1.707517e-004
 2.216125e+001  9.373425e-005
 2.222313e+001  1.067779e-004
 2.228500e+001  1.367910e-004
 2.234688e+001  6.674375e-005
 2.240875e+001  9.248520e-005
 2.247063e+001  1.345117e-004
 2.253250e+001  7.695502e-005
 2.259438e+001  7.478859e-005
 2.265625e+001  6.460621e-005
 2.271813e+001  2.795117e-005
 2.278000e+001  8.985024e-005
 2.284188e+001  1.360694e-004
 2.290375e+001  1.419186e-004
 2.296563e+001  7.518664e-005
 2.302750e+001  9.000465e-005
 2.308938e+001  3.359800e-005
 2.315125e+001  7.726093e-005
 2.321313e+001  6.968278e-005
 2.327500e+001  8.913122e-005
 2.333688e+001  8.582788e-005
 2.339875e+001  6.453813e-005
 2.346063e+001  1.333415e-004
 2.352250e+001  1.230955e-004
 2.358438e+001  3.648987e-005
 2.364625e+001  8.101185e-005
 2.370813e+001  9.007562e-005
 2.377000e+001  7.442723e-005
 2.383188e+001  7.777169e-005
 2.389375e+001  5.242995e-005
 2.395563e+001  5.682706e-005
 2.401750e+001  6.725331e-005
 2.407938e+001  8.654204e-005
 2.414125e+001  9.734197e-005
 2.420313e+001  7.925222e-005
 2.426500e+001  6.420831e-005
 2.432688e+001  6.019239e-005
 2.438875e+001  5.618047e-005
 2.445063e+001  2.348587e-005
 2.451250e+001  6.160724e-005
 2.457438e+001  3.038204e-005
 2.463625e+001  6.299594e-005
 2.469813e+001  7.821987e-005
 2.476000e+001  2.799416e-005
 2.482188e+001  7.492701e-005
 2.488375e+001  9.299499e-005
 2.494563e+001  1.508605e-004
 2.500750e+001  1.835083e-004
 2.506938e+001  1.350159e-004
 2.513125e+001  1.161785e-004
 2.519313e+001  1.069030e-004
 2.525500e+001  4.446272e-005
 2.531688e+001  9.290257e-005
 2.537875e+001  1.105676e-004
 2.544063e+001  5.182889e-005
 2.550250e+001  9.043173e-005
 2.556438e+001  6.953983e-005
 2.562625e+001  5.721392e-005
 2.568813e+001  9.233228e-005
 2.575000e+001  1.145721e-004
 2.581188e+001  7.052230e-005
 2.587375e+001  6.406992e-005
 2.593563e+001  8.012268e-005
 2.599750e+001  1.097142e-004
 2.605938e+001  1.302247e-004
 2.612125e+001  7.923900e-005
 2.618313e+001  4.245640e-005
 2.624500e+001  8.815731e-005
 2.630688e+001  7.535843e-005
 2.636875e+001  1.217781e-004
 2.643063e+001  1.184925e-004
 2.649250e+001  8.551514e-005
 2.655438e+001  7.899968e-005
 2.661625e+001  1.016461e-004
 2.667813e+001  1.245146e-004
 2.674000e+001  9.022865e-005
 2.680188e+001  3.847515e-005
 2.686375e+001  6.369626e-005
 2.692563e+001  8.346121e-005
 2.698750e+001  3.477349e-005
 2.704938e+001  4.636313e-005
 2.711125e+001  4.121449e-005
 2.717313e+001  8.126029e-005
 2.723500e+001  6.803967e-005
 2.729688e+001  7.817566e-005
 2.735875e+001  9.576455e-005
 2.742063e+001  1.059378e-004
 2.748250e+001  7.910849e-005
 2.754438e+001  1.004815e-004
 2.760625e+001  1.221722e-004
 2.766813e+001  6.439336e-005
 2.773000e+001  3.666386e-005
 2.779188e+001  9.453684e-005
 2.785375e+001  9.145607e-005
 2.791563e+001  6.302848e-005
 2.797750e+001  9.824593e-005
 2.803938e+001  9.621884e-005
 2.810125e+001  7.441477e-005
 2.816313e+001  7.468722e-005
 2.822500e+001  7.702692e-005
 2.828688e+001  5.971076e-005
 2.834875e+001  1.023662e-004
 2.841063e+001  1.016299e-004
 2.847250e+001  8.289054e-005
 2.853438e+001  9.217608e-005
 2.859625e+001  1.082789e-004
 2.865813e+001  6.366457e-005
 2.872000e+001  8.351009e-005
 2.878188e+001  1.040150e-004
 2.884375e+001  8.635137e-005
 2.890563e+001  8.592302e-005
 2.896750e+001  1.079294e-004
 2.902938e+001  9.779243e-005
 2.909125e+001  1.126126e-004
 2.915313e+001  9.598990e-005
 2.921500e+001  5.561559e-005
 2.927688e+001  8.387295e-005
 2.933875e+001  6.190285e-005
 2.940063e+001  6.524020e-005
 2.946250e+001  7.231050e-005
 2.952438e+001  6.678630e-005
 2.958625e+001  4.574538e-005
 2.964813e+001  7.444414e-005
 2.971000e+001  8.641539e-005
 2.977188e+001  5.116462e-005
 2.983375e+001  7.766530e-005
 2.989563e+001  6.531698e-005
 2.995750e+001  5.213312e-005
 3.001938e+001  1.128361e-004
 3.008125e+001  1.236620e-004
 3.014313e+001  6.899228e-005
 3.020500e+001  4.157833e-005
 3.026688e+001  6.096807e-005
 3.032875e+001  1.235549e-004
 3.039063e+001  8.090299e-005
 3.045250e+001  2.734952e-005
 3.051438e+001  1.306346e-005
 3.057625e+001  3.922616e-005
 3.063813e+001  6.825006e-005
 3.070000e+001  9.554804e-005
 3.076188e+001  7.347272e-005
 3.082375e+001  3.943753e-005
 3.088563e+001  7.048526e-005
 3.094750e+001  1.304371e-004
 3.100938e+001  1.135522e-004
 3.107125e+001  1.192266e-004
 3.113313e+001  1.034961e-004
 3.119500e+001  7.027740e-005
 3.125688e+001  7.531371e-005
 3.131875e+001  9.921666e-005
 3.138063e+001  5.331467e-005
 3.144250e+001  6.265519e-005
 3.150438e+001  4.825003e-005
 3.156625e+001  4.039561e-005
 3.162813e+001  7.080290e-005
 3.169000e+001  5.506672e-005
 3.175188e+001  4.607753e-005
 3.181375e+001  7.881103e-005
 3.187563e+001  1.291684e-004
 3.193750e+001  1.541400e-004
 3.199938e+001  1.327295e-004
 3.206125e+001  1.296934e-004
 3.212313e+001  7.656541e-005
 3.218500e+001  9.832667e-005
 3.224688e+001  1.117664e-004
 3.230875e+001  5.358975e-005
 3.237063e+001  1.651999e-004
 3.243250e+001  1.346571e-004
 3.249438e+001  5.529760e-005
 3.255625e+001  3.947599e-005
 3.261813e+001  7.016390e-005
 3.268000e+001  1.222492e-004
 3.274188e+001  9.036245e-005
 3.280375e+001  6.719367e-005
 3.286563e+001  5.623837e-005
 3.292750e+001  8.586180e-005
 3.298938e+001  9.762382e-005
 3.305125e+001  1.012738e-004
 3.311313e+001  1.039082e-004
 3.317500e+001  8.228503e-005
 3.323688e+001  3.195879e-005
 3.329875e+001  5.007805e-005
 3.336063e+001  8.282458e-005
 3.342250e+001  1.106571e-004
 3.348438e+001  6.334625e-005
 3.354625e+001  5.420824e-005
 3.360813e+001  4.359833e-005
 3.367000e+001  6.820728e-005
 3.373188e+001  9.154079e-005
 3.379375e+001  7.495110e-005
 3.385563e+001  1.069168e-004
 3.391750e+001  4.891845e-005
 3.397938e+001  8.775815e-005
 3.404125e+001  1.317473e-004
 3.410313e+001  1.095205e-004
 3.416500e+001  8.988791e-005
 3.422688e+001  1.016593e-004
 3.428875e+001  1.527008e-004
 3.435063e+001  9.616888e-005
 3.441250e+001  8.120979e-005
 3.447438e+001  7.967611e-005
 3.453625e+001  4.992078e-005
 3.459813e+001  1.674938e-004
 3.466000e+001  1.616079e-004
 3.472188e+001  1.280942e-004
 3.478375e+001  1.042593e-004
 3.484563e+001  5.148013e-005
 3.490750e+001  9.104788e-005
 3.496938e+001  1.612249e-004
 3.503125e+001  1.788437e-004
 3.509313e+001  1.277034e-004
 3.515500e+001  9.324854e-005
 3.521688e+001  7.292700e-005
 3.527875e+001  8.199161e-005
 3.534063e+001  8.004135e-005
 3.540250e+001  9.826625e-005
 3.546438e+001  1.492096e-004
 3.552625e+001  1.294317e-004
 3.558813e+001  7.577011e-005
 3.565000e+001  8.411355e-005
 3.571188e+001  8.954032e-005
 3.577375e+001  8.682083e-005
 3.583563e+001  6.225555e-005
 3.589750e+001  8.366835e-005
 3.595938e+001  1.154997e-004
 3.602125e+001  1.257031e-004
 3.608313e+001  8.213246e-005
 3.614500e+001  9.935160e-005
 3.620688e+001  1.060588e-004
 3.626875e+001  1.245757e-004
 3.633063e+001  9.404163e-005
 3.639250e+001  7.518069e-005
 3.645438e+001  7.259165e-005
 3.651625e+001  5.958456e-005
 3.657813e+001  7.337024e-005
 3.664000e+001  6.196905e-005
 3.670188e+001  6.760670e-005
 3.676375e+001  7.632966e-005
 3.682563e+001  6.982642e-005
 3.688750e+001  8.955300e-005
 3.694938e+001  8.653147e-005
 3.701125e+001  9.462618e-005
 3.707313e+001  9.934559e-005
 3.713500e+001  7.552281e-005
 3.719688e+001  6.959446e-005
 3.725875e+001  7.241279e-005
 3.732063e+001  6.806418e-005
 3.738250e+001  6.360135e-005
 3.744438e+001  2.840414e-005
 3.750625e+001  9.358345e-005
 3.756813e+001  8.704032e-005
 3.763000e+001  5.127328e-005
 3.769188e+001  6.108066e-005
 3.775375e+001  5.297271e-005
 3.781563e+001  1.185845e-004
 3.787750e+001  1.260988e-004
 3.793938e+001  9.742020e-005
 3.800125e+001  1.063104e-004
 3.806313e+001  6.644825e-005
 3.812500e+001  2.321008e-005
 3.818688e+001  1.007957e-004
 3.824875e+001  1.560374e-004
 3.831063e+001  1.275487e-004
 3.837250e+001  9.201902e-005
 3.843438e+001  6.075421e-005
 3.849625e+001  8.493870e-005
 3.855813e+001  1.074312e-004
 3.862000e+001  1.099546e-004
 3.868188e+001  9.892786e-005
 3.874375e+001  9.634816e-005
 3.880563e+001  9.853594e-005
 3.886750e+001  1.041332e-004
 3.892938e+001  6.678235e-005
 3.899125e+001  1.163166e-004
 3.905313e+001  1.213811e-004
 3.911500e+001  9.023364e-005
 3.917688e+001  7.702965e-005
 3.923875e+001  1.253037e-004
 3.930063e+001  1.257150e-004
 3.936250e+001  8.653744e-005
 3.942438e+001  7.967437e-005
 3.948625e+001  4.336863e-005
 3.954813e+001  7.512110e-005
 3.961000e+001  5.755510e-005
 3.967188e+001  5.259149e-005
 3.973375e+001  5.541342e-005
 3.979563e+001  8.139169e-005
 3.985750e+001  9.896349e-005
 3.991938e+001  1.395194e-004
 3.998125e+001  1.036592e-004
 4.004313e+001  3.925367e-005
 4.010500e+001  9.528470e-005
 4.016688e+001  1.026187e-004
 4.022875e+001  3.660323e-005
 4.029063e+001  1.107964e-004
 4.035250e+001  1.483491e-004
 4.041438e+001  1.258927e-004
 4.047625e+001  9.129098e-005
 4.053813e+001  7.019016e-005
 4.060000e+001  7.548866e-005
 4.066188e+001  6.859069e-005
 4.072375e+001  9.276614e-005
 4.078563e+001  1.249343e-004
 4.084750e+001  7.198149e-005
 4.090938e+001  8.517847e-005
 4.097125e+001  1.081415e-004
 4.103313e+001  1.446424e-004
 4.109500e+001  7.535073e-005
 4.115688e+001  6.773768e-005
 4.121875e+001  9.328411e-005
 4.128063e+001  5.028779e-005
 4.134250e+001  6.784717e-005
 4.140438e+001  7.075174e-005
 4.146625e+001  5.643092e-005
 4.152813e+001  7.316566e-005
 4.159000e+001  6.187316e-005
 4.165188e+001  2.949466e-005
 4.171375e+001  6.816609e-005
 4.177563e+001  5.480599e-005
 4.183750e+001  2.484608e-005
 4.189938e+001  8.266007e-005
 4.196125e+001  8.526228e-005
 4.202313e+001  1.139555e-004
 4.208500e+001  9.917718e-005
 4.214688e+001  4.669780e-005
 4.220875e+001  5.766478e-005
 4.227063e+001  9.095390e-005
 4.233250e+001  6.943240e-005
 4.239438e+001  5.544851e-005
 4.245625e+001  7.784304e-005
 4.251813e+001  5.104331e-005
 4.258000e+001  5.177683e-005
 4.264188e+001  3.168631e-005
 4.270375e+001  6.824791e-005
 4.276563e+001  1.180108e-004
 4.282750e+001  1.201644e-004
 4.288938e+001  6.474152e-005
 4.295125e+001  5.554113e-005
 4.301313e+001  6.291465e-005
 4.307500e+001  7.933128e-005
 4.313688e+001  9.180472e-005
 4.319875e+001  6.809243e-005
 4.326063e+001  5.752811e-005
 4.332250e+001  7.257590e-005
 4.338438e+001  9.693580e-005
 4.344625e+001  1.002049e-004
 4.350813e+001  1.030309e-004
 4.357000e+001  8.797148e-005
 4.363188e+001  8.399464e-005
 4.369375e+001  4.658621e-005
 4.375563e+001  4.688568e-005
 4.381750e+001  7.773631e-005
 4.387938e+001  7.615100e-005
 4.394125e+001  7.805660e-005
 4.400313e+001  1.043929e-004
 4.406500e+001  4.947571e-005
 4.412688e+001  7.693379e-005
 4.418875e+001  1.205811e-004
 4.425063e+001  1.161266e-004
 4.431250e+001  8.734773e-005
 4.437438e+001  9.547308e-005
 4.443625e+001  1.049551e-004
 4.449813e+001  1.054134e-004
 4.456000e+001  6.229013e-005
 4.462188e+001  5.275366e-005
 4.468375e+001  7.054541e-005
 4.474563e+001  5.854075e-005
 4.480750e+001  8.548977e-005
 4.486938e+001  6.215677e-005
 4.493125e+001  5.690609e-005
 4.499313e+001  1.074079e-004
 4.505500e+001  7.178860e-005
 4.511688e+001  7.361335e-005
 4.517875e+001  9.891473e-005
 4.524063e+001  8.126687e-005
 4.530250e+001  5.537434e-005
 4.536438e+001  5.271295e-005
 4.542625e+001  8.565851e-005
 4.548813e+001  4.320736e-005
 4.555000e+001  1.319718e-004
 4.561188e+001  1.567538e-004
 4.567375e+001  7.172884e-005
 4.573563e+001  4.446969e-005
 4.579750e+001  3.618048e-005
 4.585938e+001  4.929787e-005
 4.592125e+001  8.872096e-005
 4.598313e+001  5.344413e-005
 4.604500e+001  3.335240e-005
 4.610688e+001  4.439808e-005
 4.616875e+001  4.403732e-005
 4.623063e+001  7.285710e-005
 4.629250e+001  4.644671e-005
 4.635438e+001  6.525952e-005
 4.641625e+001  8.676609e-005
 4.647813e+001  7.154749e-005
 4.654000e+001  6.096651e-005
 4.660188e+001  9.783097e-005
 4.666375e+001  9.637666e-005
 4.672563e+001  7.502657e-005
 4.678750e+001  2.238330e-005
 4.684938e+001  5.687142e-005
 4.691125e+001  4.427360e-005
 4.697313e+001  2.858105e-005
 4.703500e+001  8.589139e-005
 4.709688e+001  3.078238e-005
 4.715875e+001  6.736092e-005
 4.722063e+001  5.823078e-005
 4.728250e+001  8.810062e-005
 4.734438e+001  7.731880e-005
 4.740625e+001  4.347348e-005
 4.746813e+001  6.037111e-005
 4.753000e+001  4.839597e-005
 4.759188e+001  5.674196e-005
 4.765375e+001  7.538178e-005
 4.771563e+001  4.607973e-005
 4.777750e+001  5.643918e-005
 4.783938e+001  3.945165e-005
 4.790125e+001  5.757419e-005
 4.796313e+001  1.112745e-004
 4.802500e+001  2.176953e-004
 4.808688e+001  1.542875e-004
 4.814875e+001  6.259443e-005
 4.821063e+001  6.496911e-005
 4.827250e+001  4.312595e-005
 4.833438e+001  5.604456e-005
 4.839625e+001  4.870940e-005
 4.845813e+001  1.015402e-004
 4.852000e+001  8.217484e-005
 4.858188e+001  6.226440e-005
 4.864375e+001  5.857006e-005
 4.870563e+001  5.994203e-005
 4.876750e+001  7.283607e-005
 4.882938e+001  5.620694e-005
 4.889125e+001  6.878035e-005
 4.895313e+001  7.197069e-005
 4.901500e+001  1.898497e-004
 4.907688e+001  1.631562e-004
 4.913875e+001  9.740611e-005
 4.920063e+001  9.575522e-005
 4.926250e+001  7.638775e-005
 4.932438e+001  8.678319e-005
 4.938625e+001  1.118066e-004
 4.944813e+001  9.438373e-005
 4.951000e+001  1.019057e-004
 4.957188e+001  1.031539e-004
 4.963375e+001  9.658320e-005
 4.969563e+001  1.560062e-004
 4.975750e+001  7.642700e-005
 4.981938e+001  2.664022e-004
 4.988125e+001  3.980732e-004
 4.994313e+001  3.570089e-003
 5.000500e+001  1.537457e-002
 5.006688e+001  1.463775e-002
 5.012875e+001  2.737179e-003
 5.019063e+001  3.894978e-004
 5.025250e+001  2.097330e-004
 5.031438e+001  9.694815e-005
 5.037625e+001  7.774723e-005
 5.043813e+001  6.547395e-005
 5.050000e+001  4.870623e-005
 5.056188e+001  1.060290e-004
 5.062375e+001  1.064708e-004
 5.068563e+001  1.536103e-005
 5.074750e+001  9.984485e-005
 5.080938e+001  9.985105e-005
 5.087125e+001  8.531384e-005
 5.093313e+001  1.181848e-004
 5.099500e+001  2.461155e-004
 5.105688e+001  2.910986e-004
 5.111875e+001  5.401846e-005
 5.118063e+001  6.075573e-005
 5.124250e+001  9.683128e-005
 5.130438e+001  7.018361e-005
 5.136625e+001  5.573886e-005
 5.142813e+001  6.344689e-005
 5.149000e+001  5.132473e-005
 5.155188e+001  6.800573e-005
 5.161375e+001  8.784483e-005
 5.167563e+001  9.036137e-005
 5.173750e+001  4.810503e-005
 5.179938e+001  4.460839e-005
 5.186125e+001  7.400832e-005
 5.192313e+001  1.545164e-004
 5.198500e+001  1.755799e-004
 5.204688e+001  1.463388e-004
 5.210875e+001  1.030749e-004
 5.217063e+001  7.250274e-005
 5.223250e+001  8.874000e-005
 5.229438e+001  1.108559e-004
 5.235625e+001  4.805073e-005
 5.241813e+001  1.111241e-004
 5.248000e+001  1.250411e-004
 5.254188e+001  1.341319e-004
 5.260375e+001  7.201423e-005
 5.266563e+001  3.022445e-005
 5.272750e+001  6.626195e-005
 5.278938e+001  1.050343e-004
 5.285125e+001  7.682265e-005
 5.291313e+001  5.185690e-005
 5.297500e+001  6.497394e-005
 5.303688e+001  7.033140e-005
 5.309875e+001  7.879658e-005
 5.316063e+001  6.699444e-005
 5.322250e+001  6.323095e-005
 5.328438e+001  1.017700e-004
 5.334625e+001  1.173975e-004
 5.340813e+001  1.593631e-004
 5.347000e+001  2.354951e-004
 5.353188e+001  1.491436e-004
 5.359375e+001  1.105599e-004
 5.365563e+001  8.826380e-005
 5.371750e+001  8.421210e-005
 5.377938e+001  1.018303e-004
 5.384125e+001  8.188804e-005
 5.390313e+001  7.098172e-005
 5.396500e+001  1.076581e-004
 5.402688e+001  1.467260e-004
 5.408875e+001  1.604199e-004
 5.415063e+001  9.585464e-005
 5.421250e+001  7.959791e-005
 5.427438e+001  4.984963e-005
 5.433625e+001  8.156625e-005
 5.439813e+001  6.857352e-005
 5.446000e+001  1.081890e-004
 5.452188e+001  4.398828e-005
 5.458375e+001  4.252962e-005
 5.464563e+001  2.718846e-005
 5.470750e+001  6.438707e-005
 5.476938e+001  7.893330e-005
 5.483125e+001  1.047611e-004
 5.489313e+001  9.574234e-005
 5.495500e+001  8.538443e-005
 5.501688e+001  4.900378e-005
 5.507875e+001  9.484929e-005
 5.514063e+001  9.933113e-005
 5.520250e+001  9.012685e-005
 5.526438e+001  7.669193e-005
 5.532625e+001  6.044010e-005
 5.538813e+001  9.756572e-005
 5.545000e+001  7.577438e-005
 5.551188e+001  3.127722e-005
 5.557375e+001  5.081244e-005
 5.563563e+001  7.407549e-005
 5.569750e+001  8.470345e-005
 5.575938e+001  9.139263e-005
 5.582125e+001  6.799770e-005
 5.588313e+001  9.918572e-005
 5.594500e+001  1.339535e-004
 5.600688e+001  1.323896e-004
 5.606875e+001  1.097364e-004
 5.613063e+001  7.344798e-005
 5.619250e+001  5.273203e-005
 5.625438e+001  6.182421e-005
 5.631625e+001  9.606423e-005
 5.637813e+001  9.972553e-005
 5.644000e+001  6.647576e-005
 5.650188e+001  5.462800e-005
 5.656375e+001  8.074297e-005
 5.662563e+001  8.681776e-005
 5.668750e+001  8.332192e-005
 5.674938e+001  6.421302e-005
 5.681125e+001  6.510235e-005
 5.687313e+001  3.253117e-005
 5.693500e+001  5.589052e-005
 5.699688e+001  7.832565e-005
 5.705875e+001  8.399057e-005
 5.712063e+001  3.657689e-005
 5.718250e+001  1.768573e-005
 5.724438e+001  5.812267e-005
 5.730625e+001  1.082221e-004
 5.736813e+001  5.743633e-005
 5.743000e+001  7.363946e-005
 5.749188e+001  1.056789e-004
 5.755375e+001  1.071503e-004
 5.761563e+001  4.455968e-005
 5.767750e+001  5.667441e-005
 5.773938e+001  4.537061e-005
 5.780125e+001  3.025144e-005
 5.786313e+001  3.964793e-005
 5.792500e+001  2.004180e-005
 5.798688e+001  6.242356e-005
 5.804875e+001  1.573742e-004
 5.811063e+001  1.431600e-004
 5.817250e+001  7.291931e-005
 5.823438e+001  3.903696e-005
 5.829625e+001  7.136632e-005
 5.835813e+001  8.764394e-005
 5.842000e+001  6.504149e-005
 5.848188e+001  9.113439e-005
 5.854375e+001  1.031256e-004
 5.860563e+001  1.025091e-004
 5.866750e+001  1.040569e-004
 5.872938e+001  7.620768e-005
 5.879125e+001  9.763832e-005
 5.885313e+001  1.235258e-004
 5.891500e+001  6.646320e-005
 5.897688e+001  6.091577e-005
 5.903875e+001  6.276013e-005
 5.910063e+001  6.074374e-005
 5.916250e+001  8.282776e-005
 5.922438e+001  8.003640e-005
 5.928625e+001  4.724097e-005
 5.934813e+001  5.713119e-005
 5.941000e+001  7.917703e-005
 5.947188e+001  9.496365e-005
 5.953375e+001  5.648270e-005
 5.959563e+001  7.139532e-005
 5.965750e+001  7.244439e-005
 5.971938e+001  4.940665e-005
 5.978125e+001  4.980457e-005
 5.984313e+001  9.234163e-005
 5.990500e+001  1.409967e-004
 5.996688e+001  1.899214e-004
 6.002875e+001  2.045997e-004
 6.009063e+001  1.325799e-004
 6.015250e+001  1.164651e-004
 6.021438e+001  6.614608e-005
 6.027625e+001  6.728696e-005
 6.033813e+001  3.616068e-005
 6.040000e+001  3.826775e-005
 6.046188e+001  6.281475e-005
 6.052375e+001  5.998532e-005
 6.058563e+001  7.673487e-005
 6.064750e+001  5.549559e-005
 6.070938e+001  5.984065e-005
 6.077125e+001  2.533643e-005
 6.083313e+001  6.490559e-005
 6.089500e+001  1.067841e-004
 6.095688e+001  1.018147e-004
 6.101875e+001  7.758318e-005
 6.108063e+001  8.314696e-005
 6.114250e+001  1.014431e-004
 6.120438e+001  6.286605e-005
 6.126625e+001  8.590751e-005
 6.132813e+001  9.955802e-005
 6.139000e+001  1.150152e-004
 6.145188e+001  7.688281e-005
 6.151375e+001  3.684237e-005
 6.157563e+001  9.035767e-005
 6.163750e+001  5.027860e-005
 6.169938e+001  6.126873e-005
 6.176125e+001  1.030309e-004
 6.182313e+001  1.027027e-004
 6.188500e+001  5.209950e-005
 6.194688e+001  6.665174e-005
 6.200875e+001  9.386219e-005
 6.207063e+001  8.715006e-005
 6.213250e+001  1.090455e-004
 6.219438e+001  8.675482e-005
 6.225625e+001  6.279824e-005
 6.231813e+001  4.380189e-005
 6.238000e+001  8.369969e-005
 6.244188e+001  1.234808e-004
 6.250375e+001  8.899356e-005
 6.256563e+001  4.229015e-005
 6.262750e+001  4.647295e-005
 6.268938e+001  8.058672e-005
 6.275125e+001  8.363849e-005
 6.281313e+001  1.024060e-004
 6.287500e+001  1.124253e-004
 6.293688e+001  1.334057e-004
 6.299875e+001  1.191424e-004
 6.306063e+001  9.063301e-005
 6.312250e+001  4.858987e-005
 6.318438e+001  5.156495e-005
 6.324625e+001  9.349292e-005
 6.330813e+001  6.841283e-005
 6.337000e+001  8.217383e-005
 6.343188e+001  7.746704e-005
 6.349375e+001  1.030565e-004
 6.355563e+001  9.448669e-005
 6.361750e+001  6.917881e-005
 6.367938e+001  7.056671e-005
 6.374125e+001  5.019630e-005
 6.380313e+001  7.880653e-005
 6.386500e+001  5.378664e-005
 6.392688e+001  4.935195e-005
 6.398875e+001  5.004179e-005
 6.405063e+001  7.880980e-005
 6.411250e+001  1.028973e-004
 6.417438e+001  6.974135e-005
 6.423625e+001  5.465860e-005
 6.429813e+001  9.340165e-005
 6.436000e+001  8.477976e-005
 6.442188e+001  6.567442e-005
 6.448375e+001  7.255133e-005
 6.454563e+001  5.206064e-005
 6.460750e+001  4.059735e-005
 6.466938e+001  2.057745e-005
 6.473125e+001  6.931638e-005
 6.479313e+001  9.363630e-005
 6.485500e+001  9.051357e-005
 6.491688e+001  1.011944e-004
 6.497875e+001  1.000827e-004
 6.504063e+001  1.042684e-004
 6.510250e+001  6.583819e-005
 6.516438e+001  1.902928e-005
 6.522625e+001  3.212061e-005
 6.528813e+001  1.421306e-005
 6.535000e+001  4.388783e-005
 6.541188e+001  6.005166e-005
 6.547375e+001  8.335501e-005
 6.553563e+001  7.378865e-005
 6.559750e+001  8.978541e-005
 6.565938e+001  4.596026e-005
 6.572125e+001  1.094675e-004
 6.578313e+001  1.083727e-004
 6.584500e+001  1.096259e-004
 6.590688e+001  1.023413e-004
 6.596875e+001  7.916952e-005
 6.603063e+001  9.029622e-005
 6.609250e+001  6.926029e-005
 6.615438e+001  4.719192e-005
 6.621625e+001  4.646067e-005
 6.627813e+001  8.389461e-005
 6.634000e+001  7.782181e-005
 6.640188e+001  1.042882e-004
 6.646375e+001  5.526381e-005
 6.652563e+001  2.576022e-005
 6.658750e+001  7.584541e-005
 6.664938e+001  7.285936e-005
 6.671125e+001  4.598836e-005
 6.677313e+001  7.773309e-005
 6.683500e+001  5.292126e-005
 6.689688e+001  3.970941e-005
 6.695875e+001  8.919856e-005
 6.702063e+001  6.777672e-005
 6.708250e+001  3.804121e-005
 6.714438e+001  6.462814e-005
 6.720625e+001  4.074809e-005
 6.726813e+001  5.379014e-005
 6.733000e+001  6.996130e-005
 6.739188e+001  3.446847e-005
 6.745375e+001  4.335331e-005
 6.751563e+001  4.857176e-005
 6.757750e+001  7.302107e-005
 6.763938e+001  5.409249e-005
 6.770125e+001  8.783149e-005
 6.776313e+001  5.405224e-005
 6.782500e+001  5.276208e-005
 6.788688e+001  5.215327e-005
 6.794875e+001  4.960614e-005
 6.801063e+001  7.454790e-005
 6.807250e+001  8.835304e-005
 6.813438e+001  1.040869e-004
 6.819625e+001  9.118418e-005
 6.825813e+001  5.047031e-005
 6.832000e+001  6.694001e-005
 6.838188e+001  5.538178e-005
 6.844375e+001  3.636279e-005
 6.850563e+001  5.235551e-005
 6.856750e+001  5.862492e-005
 6.862938e+001  2.606550e-005
 6.869125e+001  2.921866e-005
 6.875313e+001  1.534539e-005
 6.881500e+001  3.313344e-005
 6.887688e+001  8.553378e-005
 6.893875e+001  8.258388e-005
 6.900063e+001  7.649182e-005
 6.906250e+001  5.848250e-005
 6.912438e+001  4.166480e-005
 6.918625e+001  6.308635e-005
 6.924813e+001  7.121652e-005
 6.931000e+001  1.018415e-004
 6.937188e+001  1.282129e-004
 6.943375e+001  1.712220e-004
 6.949563e+001  6.571871e-005
 6.955750e+001  8.077167e-005
 6.961938e+001  7.321568e-005
 6.968125e+001  8.624445e-005
 6.974313e+001  5.976185e-005
 6.980500e+001  6.237384e-005
 6.986688e+001  6.524426e-005
 6.992875e+001  5.493997e-005
 6.999063e+001  1.135219e-004
 7.005250e+001  1.022162e-004
 7.011438e+001  8.477141e-005
 7.017625e+001  9.039752e-005
 7.023813e+001  7.117294e-005
 7.030000e+001  5.052624e-005
 7.036188e+001  3.912363e-005
 7.042375e+001  7.489201e-005
 7.048563e+001  1.123432e-004
 7.054750e+001  9.627233e-005
 7.060938e+001  7.314831e-005
 7.067125e+001  3.600714e-005
 7.073313e+001  2.832758e-005
 7.079500e+001  9.576041e-005
 7.085688e+001  1.286100e-004
 7.091875e+001  8.089582e-005
 7.098063e+001  4.585832e-005
 7.104250e+001  8.081415e-005
 7.110438e+001  9.813452e-005
 7.116625e+001  4.955045e-005
 7.122813e+001  4.283661e-005
 7.129000e+001  7.551166e-005
 7.135188e+001  1.029788e-004
 7.141375e+001  7.464258e-005
 7.147563e+001  2.626242e-005
 7.153750e+001  6.656951e-005
 7.159938e+001  1.417093e-004
 7.166125e+001  1.375108e-004
 7.172313e+001  8.726960e-005
 7.178500e+001  8.520821e-005
 7.184688e+001  7.345242e-005
 7.190875e+001  8.913968e-005
 7.197063e+001  1.034607e-004
 7.203250e+001  1.043263e-004
 7.209438e+001  8.473013e-005
 7.215625e+001  5.937224e-005
 7.221813e+001  6.216549e-005
 7.228000e+001  4.325961e-005
 7.234188e+001  8.516221e-005
 7.240375e+001  4.042307e-005
 7.246563e+001  3.631445e-005
 7.252750e+001  5.817773e-005
 7.258938e+001  9.703766e-005
 7.265125e+001  4.651634e-005
 7.271313e+001  4.251208e-005
 7.277500e+001  5.612985e-005
 7.283688e+001  7.516472e-005
 7.289875e+001  7.002843e-005
 7.296063e+001  8.661013e-005
 7.302250e+001  6.630650e-005
 7.308438e+001  2.458225e-005
 7.314625e+001  5.135990e-005
 7.320813e+001  8.494703e-005
 7.327000e+001  8.894994e-005
 7.333188e+001  6.783356e-005
 7.339375e+001  7.638165e-005
 7.345563e+001  1.033585e-004
 7.351750e+001  8.621995e-005
 7.357938e+001  5.205179e-005
 7.364125e+001  9.212720e-005
 7.370313e+001  7.528813e-005
 7.376500e+001  7.988958e-005
 7.382688e+001  8.453756e-005
 7.388875e+001  9.198324e-005
 7.395063e+001  1.156234e-004
 7.401250e+001  7.204644e-005
 7.407438e+001  5.311973e-005
 7.413625e+001  4.219014e-005
 7.419813e+001  3.377949e-005
 7.426000e+001  5.016139e-005
 7.432188e+001  8.791170e-005
 7.438375e+001  1.075775e-004
 7.444563e+001  6.474117e-005
 7.450750e+001  2.272926e-005
 7.456938e+001  6.514080e-005
 7.463125e+001  9.204157e-005
 7.469313e+001  3.593109e-005
 7.475500e+001  4.265116e-005
 7.481688e+001  4.344470e-005
 7.487875e+001  3.161403e-005
 7.494063e+001  7.739554e-005
 7.500250e+001  9.206922e-005
 7.506438e+001  5.612957e-005
 7.512625e+001  6.006769e-005
 7.518813e+001  5.273442e-005
 7.525000e+001  8.046526e-005
 7.531188e+001  8.732883e-005
 7.537375e+001  7.529576e-005
 7.543563e+001  5.885839e-005
 7.549750e+001  4.692787e-005
 7.555938e+001  6.286159e-005
 7.562125e+001  5.367455e-005
 7.568313e+001  3.686209e-005
 7.574500e+001  5.627359e-005
 7.580688e+001  7.453608e-005
 7.586875e+001  7.882185e-005
 7.593063e+001  1.055515e-004
 7.599250e+001  1.365753e-004
 7.605438e+001  1.210187e-004
 7.611625e+001  1.075476e-004
 7.617813e+001  7.966276e-005
 7.624000e+001  4.844010e-005
 7.630188e+001  5.979788e-005
 7.636375e+001  3.838924e-005
 7.642563e+001  5.511424e-005
 7.648750e+001  7.794721e-005
 7.654938e+001  7.359260e-005
 7.661125e+001  7.731227e-005
 7.667313e+001  5.765079e-005
 7.673500e+001  6.711289e-005
 7.679688e+001  8.018780e-005
 7.685875e+001  2.577542e-005
 7.692063e+001  6.439309e-005
 7.698250e+001  7.614110e-005
 7.704438e+001  4.326462e-005
 7.710625e+001  6.634412e-005
 7.716813e+001  8.734835e-005
 7.723000e+001  8.567215e-005
 7.729188e+001  5.643997e-005
 7.735375e+001  6.399274e-005
 7.741563e+001  7.919649e-005
 7.747750e+001  7.477292e-005
 7.753938e+001  7.155528e-005
 7.760125e+001  9.335173e-005
 7.766313e+001  9.008120e-005
 7.772500e+001  3.064551e-005
 7.778688e+001  7.016356e-005
 7.784875e+001  9.135030e-005
 7.791063e+001  6.025272e-005
 7.797250e+001  4.097806e-005
 7.803438e+001  4.882651e-005
 7.809625e+001  6.041639e-005
 7.815813e+001  2.578980e-005
 7.822000e+001  3.426465e-005
 7.828188e+001  6.103109e-005
 7.834375e+001  7.161128e-005
 7.840563e+001  3.868464e-005
 7.846750e+001  3.543407e-005
 7.852938e+001  4.984265e-005
 7.859125e+001  5.656509e-005
 7.865313e+001  1.129440e-004
 7.871500e+001  9.903579e-005
 7.877688e+001  7.936183e-005
 7.883875e+001  9.955154e-005
 7.890063e+001  9.139788e-005
 7.896250e+001  5.801763e-005
 7.902438e+001  8.354296e-005
 7.908625e+001  1.019258e-004
 7.914813e+001  8.398417e-005
 7.921000e+001  5.273579e-005
 7.927188e+001  5.975242e-005
 7.933375e+001  9.104797e-005
 7.939563e+001  8.765020e-005
 7.945750e+001  7.771349e-005
 7.951938e+001  7.802462e-005
 7.958125e+001  7.288700e-005
 7.964313e+001  9.428917e-005
 7.970500e+001  7.136655e-005
 7.976688e+001  5.252221e-005
 7.982875e+001  4.678556e-005
 7.989063e+001  6.940503e-005
 7.995250e+001  1.170124e-004
 8.001438e+001  8.504389e-005
 8.007625e+001  2.690796e-005
 8.013813e+001  6.878223e-005
 8.020000e+001  4.599292e-005
 8.026188e+001  2.600266e-005
 8.032375e+001  5.961440e-005
 8.038563e+001  7.258574e-005
 8.044750e+001  7.463896e-005
 8.050938e+001  3.008376e-005
 8.057125e+001  8.992964e-005
 8.063313e+001  7.778014e-005
 8.069500e+001  3.988440e-005
 8.075688e+001  6.747883e-005
 8.081875e+001  7.158153e-005
 8.088063e+001  3.898942e-005
 8.094250e+001  4.545007e-005
 8.100438e+001  1.926460e-005
 8.106625e+001  6.020991e-005
 8.112813e+001  8.073644e-005
 8.119000e+001  6.182788e-005
 8.125188e+001  7.356068e-005
 8.131375e+001  8.397502e-005
 8.137563e+001  5.022043e-005
 8.143750e+001  4.095537e-005
 8.149938e+001  6.397763e-005
 8.156125e+001  5.553605e-005
 8.162313e+001  1.038232e-004
 8.168500e+001  7.666474e-005
 8.174688e+001  3.721051e-005
 8.180875e+001  6.180195e-005
 8.187063e+001  6.417193e-005
 8.193250e+001  5.316030e-005
 8.199438e+001  6.432158e-005
 8.205625e+001  5.330452e-005
 8.211813e+001  5.781055e-005
 8.218000e+001  6.494681e-005
 8.224188e+001  1.119840e-004
 8.230375e+001  4.375258e-005
 8.236563e+001  1.178887e-004
 8.242750e+001  6.300869e-005
 8.248938e+001  7.613302e-005
 8.255125e+001  8.710493e-005
 8.261313e+001  9.711150e-005
 8.267500e+001  5.064779e-005
 8.273688e+001  5.652871e-005
 8.279875e+001  7.331345e-005
 8.286063e+001  9.693741e-005
 8.292250e+001  1.083244e-004
 8.298438e+001  1.071406e-004
 8.304625e+001  6.858247e-005
 8.310813e+001  6.619343e-005
 8.317000e+001  6.503813e-005
 8.323188e+001  5.331961e-005
 8.329375e+001  3.356614e-005
 8.335563e+001  8.006532e-005
 8.341750e+001  1.114366e-004
 8.347938e+001  1.320628e-004
 8.354125e+001  1.222266e-004
 8.360313e+001  8.510117e-005
 8.366500e+001  8.276342e-005
 8.372688e+001  7.517837e-005
 8.378875e+001  7.453946e-005
 8.385063e+001  7.926665e-005
 8.391250e+001  7.029001e-005
 8.397438e+001  7.816363e-005
 8.403625e+001  7.744149e-005
 8.409813e+001  5.535832e-005
 8.416000e+001  3.420276e-005
 8.422188e+001  4.273424e-005
 8.428375e+001  7.860340e-005
 8.434563e+001  6.830588e-005
 8.440750e+001  4.038463e-005
 8.446938e+001  8.529017e-005
 8.453125e+001  6.641172e-005
 8.459313e+001  6.414598e-005
 8.465500e+001  1.055095e-004
 8.471688e+001  6.218894e-005
 8.477875e+001  5.830694e-005
 8.484063e+001  5.458098e-005
 8.490250e+001  6.438730e-005
 8.496438e+001  4.916634e-005
 8.502625e+001  9.409789e-005
 8.508813e+001  1.720359e-004
 8.515000e+001  1.272850e-004
 8.521188e+001  9.952138e-005
 8.527375e+001  1.219227e-004
 8.533563e+001  6.765563e-005
 8.539750e+001  9.117345e-005
 8.545938e+001  1.122987e-004
 8.552125e+001  1.114419e-004
 8.558313e+001  7.471550e-005
 8.564500e+001  4.871033e-005
 8.570688e+001  8.158225e-005
 8.576875e+001  1.476139e-004
 8.583063e+001  1.208988e-004
 8.589250e+001  7.023946e-005
 8.595438e+001  5.143922e-005
 8.601625e+001  9.189889e-005
 8.607813e+001  1.222820e-004
 8.614000e+001  8.962396e-005
 8.620188e+001  6.563195e-005
 8.626375e+001  6.266827e-005
 8.632563e+001  7.278644e-005
 8.638750e+001  6.983544e-005
 8.644938e+001  3.455422e-005
 8.651125e+001  8.101459e-005
 8.657313e+001  8.713495e-005
 8.663500e+001  6.823300e-005
 8.669688e+001  6.394717e-005
 8.675875e+001  4.651704e-005
 8.682063e+001  2.695564e-005
 8.688250e+001  5.463226e-005
 8.694438e+001  8.162764e-005
 8.700625e+001  8.539431e-005
 8.706813e+001  5.325890e-005
 8.713000e+001  7.599990e-005
 8.719188e+001  4.505316e-005
 8.725375e+001  4.552054e-005
 8.731563e+001  7.977992e-005
 8.737750e+001  6.713608e-005
 8.743938e+001  7.334047e-005
 8.750125e+001  6.576865e-005
 8.756313e+001  8.429958e-005
 8.762500e+001  7.241610e-005
 8.768688e+001  3.041104e-005
 8.774875e+001  5.426372e-005
 8.781063e+001  5.973311e-005
 8.787250e+001  5.904666e-005
 8.793438e+001  5.567921e-005
 8.799625e+001  4.705566e-005
 8.805813e+001  5.038198e-005
 8.812000e+001  6.835617e-005
 8.818188e+001  6.194967e-005
 8.824375e+001  5.429038e-005
 8.830563e+001  8.452626e-005
 8.836750e+001  8.219672e-005
 8.842938e+001  5.872127e-005
 8.849125e+001  6.285738e-005
 8.855313e+001  9.021825e-005
 8.861500e+001  1.166244e-004
 8.867688e+001  1.365059e-004
 8.873875e+001  1.137983e-004
 8.880063e+001  6.932258e-005
 8.886250e+001  7.646555e-005
 8.892438e+001  4.138666e-005
 8.898625e+001  8.406234e-005
 8.904813e+001  9.046281e-005
 8.911000e+001  5.406459e-005
 8.917188e+001  5.293793e-005
 8.923375e+001  8.507383e-005
 8.929563e+001  8.396040e-005
 8.935750e+001  5.991664e-005
 8.941938e+001  2.324193e-005
 8.948125e+001  3.323444e-005
 8.954313e+001  7.541309e-005
 8.960500e+001  6.315174e-005
 8.966688e+001  5.625804e-005
 8.972875e+001  4.259088e-005
 8.979063e+001  5.012080e-005
 8.985250e+001  6.088376e-005
 8.991438e+001  8.238990e-005
 8.997625e+001  1.173449e-004
 9.003813e+001  7.307887e-005
 9.010000e+001  7.372193e-005
 9.016188e+001  1.034701e-004
 9.022375e+001  9.159807e-005
 9.028563e+001  4.427253e-005
 9.034750e+001  2.619847e-005
 9.040938e+001  4.086301e-005
 9.047125e+001  7.201927e-005
 9.053313e+001  1.042084e-004
 9.059500e+001  8.202625e-005
 9.065688e+001  5.287336e-005
 9.071875e+001  5.120702e-005
 9.078063e+001  6.440546e-005
 9.084250e+001  8.432192e-005
 9.090438e+001  7.470691e-005
 9.096625e+001  1.036425e-004
 9.102813e+001  1.226314e-004
 9.109000e+001  7.691375e-005
 9.115188e+001  6.197061e-005
 9.121375e+001  5.266305e-005
 9.127563e+001  6.658519e-005
 9.133750e+001  1.178157e-004
 9.139938e+001  8.832252e-005
 9.146125e+001  4.986243e-005
 9.152313e+001  5.856542e-005
 9.158500e+001  8.485687e-005
 9.164688e+001  8.787190e-005
 9.170875e+001  8.679835e-005
 9.177063e+001  6.617500e-005
 9.183250e+001  6.415094e-005
 9.189438e+001  4.039427e-005
 9.195625e+001  5.748751e-005
 9.201813e+001  4.755704e-005
 9.208000e+001  5.038802e-005
 9.214188e+001  8.340530e-005
 9.220375e+001  7.991135e-005
 9.226563e+001  6.773158e-005
 9.232750e+001  6.811081e-005
 9.238938e+001  5.521140e-005
 9.245125e+001  6.162734e-005
 9.251313e+001  5.200995e-005
 9.257500e+001  4.891754e-005
 9.263688e+001  6.286522e-005
 9.269875e+001  6.650395e-005
 9.276063e+001  8.616404e-005
 9.282250e+001  1.264410e-004
 9.288438e+001  3.656520e-005
 9.294625e+001  1.069085e-004
 9.300813e+001  1.331470e-004
 9.307000e+001  7.474100e-005
 9.313188e+001  4.356269e-005
 9.319375e+001  6.694064e-005
 9.325563e+001  4.042456e-005
 9.331750e+001  9.696160e-005
 9.337938e+001  6.409696e-005
 9.344125e+001  4.756645e-005
 9.350313e+001  8.342976e-005
 9.356500e+001  1.168385e-004
 9.362688e+001  7.007688e-005
 9.368875e+001  5.547622e-005
 9.375063e+001  6.228704e-005
 9.381250e+001  5.946846e-005
 9.387438e+001  7.266271e-005
 9.393625e+001  6.791772e-005
 9.399813e+001  8.448806e-005
 9.406000e+001  7.687510e-005
 9.412188e+001  3.195127e-005
 9.418375e+001  9.589549e-005
 9.424563e+001  9.057792e-005
 9.430750e+001  3.903523e-005
 9.436938e+001  6.400219e-005
 9.443125e+001  4.946128e-005
 9.449313e+001  6.129445e-005
 9.455500e+001  8.527569e-005
 9.461688e+001  8.236852e-005
 9.467875e+001  4.826887e-005
 9.474063e+001  3.121396e-005
 9.480250e+001  5.521238e-005
 9.486438e+001  7.659477e-005
 9.492625e+001  5.339532e-005
 9.498813e+001  5.515859e-005
 9.505000e+001  7.862198e-005
 9.511188e+001  8.534553e-005
 9.517375e+001  1.251837e-004
 9.523563e+001  9.024556e-005
 9.529750e+001  1.914212e-005
 9.535938e+001  4.992817e-005
 9.542125e+001  6.192913e-005
 9.548313e+001  7.234433e-005
 9.554500e+001  5.997326e-005
 9.560688e+001  4.638292e-005
 9.566875e+001  5.810015e-005
 9.573063e+001  1.073462e-004
 9.579250e+001  1.430541e-004
 9.585438e+001  9.904344e-005
 9.591625e+001  4.736732e-005
 9.597813e+001  5.869954e-005
 9.604000e+001  4.690944e-005
 9.610188e+001  3.162193e-005
 9.616375e+001  4.461401e-005
 9.622563e+001  3.611670e-005
 9.628750e+001  4.779269e-005
 9.634938e+001  4.168803e-005
 9.641125e+001  2.279899e-005
 9.647313e+001  5.345887e-005
 9.653500e+001  6.669449e-005
 9.659688e+001  4.459168e-005
 9.665875e+001  3.132112e-005
 9.672063e+001  5.291633e-005
 9.678250e+001  6.342342e-005
 9.684438e+001  7.088030e-005
 9.690625e+001  5.227876e-005
 9.696813e+001  4.745787e-005
 9.703000e+001  5.879067e-005
 9.709188e+001  7.385917e-005
 9.715375e+001  7.543545e-005
 9.721563e+001  8.320143e-005
 9.727750e+001  3.913938e-005
 9.733938e+001  1.046713e-004
 9.740125e+001  1.036243e-004
 9.746313e+001  8.618174e-005
 9.752500e+001  9.719319e-005
 9.758688e+001  3.339476e-005
 9.764875e+001  9.093327e-005
 9.771063e+001  7.514569e-005
 9.777250e+001  4.519599e-005
 9.783438e+001  5.611285e-005
 9.789625e+001  2.677967e-005
 9.795813e+001  7.149898e-005
 9.802000e+001  1.037435e-004
 9.808188e+001  7.496346e-005
 9.814375e+001  4.816975e-005
 9.820563e+001  8.203116e-005
 9.826750e+001  1.412300e-004
 9.832938e+001  1.041417e-004
 9.839125e+001  5.951160e-005
 9.845313e+001  3.718225e-005
 9.851500e+001  1.006354e-004
 9.857688e+001  9.327580e-005
 9.863875e+001  1.223213e-004
 9.870063e+001  9.180926e-005
 9.876250e+001  7.221720e-005
 9.882438e+001  7.810305e-005
 9.888625e+001  7.171347e-005
 9.894813e+001  1.004107e-004
 9.901000e+001  9.081051e-005
 9.907188e+001  7.790940e-005
 9.913375e+001  8.942086e-005
 9.919563e+001  7.738620e-005
 9.925750e+001  8.807466e-005
 9.931938e+001  9.532711e-005
 9.938125e+001  8.388297e-005
 9.944313e+001  8.594387e-005
 9.950500e+001  1.710204e-004
 9.956688e+001  1.507487e-004
 9.962875e+001  8.525394e-005
 9.969063e+001  9.827696e-005
 9.975250e+001  7.928882e-005
 9.981438e+001  6.807216e-005
 9.987625e+001  4.839351e-005
 9.993813e+001  3.784386e-005
 1.000000e+002  4.942121e-005
