 1.000000e+001  2.303316e-004
 1.061875e+001  2.220486e-004
 1.123750e+001  2.144938e-004
 1.185625e+001  2.007792e-004
 1.247500e+001  1.994160e-004
 1.309375e+001  2.211021e-004
 1.371250e+001  2.511481e-004
 1.433125e+001  2.110814e-004
 1.495000e+001  2.064594e-004
 1.556875e+001  1.983948e-004
 1.618750e+001  2.213808e-004
 1.680625e+001  2.247829e-004
 1.742500e+001  1.991664e-004
 1.804375e+001  1.997527e-004
 1.866250e+001  2.045649e-004
 1.928125e+001  1.742893e-004
 1.990000e+001  1.521652e-004
 2.051875e+001  1.853992e-004
 2.113750e+001  1.814215e-004
 2.175625e+001  1.526030e-004
 2.237500e+001  1.588113e-004
 2.299375e+001  1.456348e-004
 2.361250e+001  1.676632e-004
 2.423125e+001  1.635341e-004
 2.485000e+001  1.518130e-004
 2.546875e+001  1.686783e-004
 2.608750e+001  1.701459e-004
 2.670625e+001  1.735026e-004
 2.732500e+001  1.532423e-004
 2.794375e+001  1.409615e-004
 2.856250e+001  1.434144e-004
 2.918125e+001  1.410521e-004
 2.980000e+001  1.509936e-004
 3.041875e+001  1.418759e-004
 3.103750e+001  1.452171e-004
 3.165625e+001  1.493426e-004
 3.227500e+001  1.571093e-004
 3.289375e+001  1.489709e-004
 3.351250e+001  1.365714e-004
 3.413125e+001  1.472084e-004
 3.475000e+001  1.299360e-004
 3.536875e+001  1.401515e-004
 3.598750e+001  1.339664e-004
 3.660625e+001  1.405941e-004
 3.722500e+001  1.381221e-004
 3.784375e+001  1.403649e-004
 3.846250e+001  1.322725e-004
 3.908125e+001  1.358391e-004
 3.970000e+001  1.332859e-004
 4.031875e+001  1.183175e-004
 4.093750e+001  1.088211e-004
 4.155625e+001  1.159071e-004
 4.217500e+001  1.306438e-004
 4.279375e+001  1.300090e-004
 4.341250e+001  1.376800e-004
 4.403125e+001  1.312210e-004
 4.465000e+001  1.028985e-004
 4.526875e+001  1.049232e-004
 4.588750e+001  1.109760e-004
 4.650625e+001  1.040334e-004
 4.712500e+001  8.474565e-005
 4.774375e+001  1.173514e-004
 4.836250e+001  1.840076e-004
 4.898125e+001  8.924959e-004
 4.960000e+001  7.178995e-003
 5.021875e+001  9.025752e-003
 5.083750e+001  2.599990e-003
 5.145625e+001  2.710018e-004
 5.207500e+001  1.135183e-004
 5.269375e+001  9.884790e-005
 5.331250e+001  9.606340e-005
 5.393125e+001  8.288099e-005
 5.455000e+001  8.587666e-005
 5.516875e+001  8.973298e-005
 5.578750e+001  8.284490e-005
 5.640625e+001  7.642413e-005
 5.702500e+001  7.492164e-005
 5.764375e+001  8.808917e-005
 5.826250e+001  9.116351e-005
 5.888125e+001  8.557678e-005
 5.950000e+001  8.293326e-005
 6.011875e+001  8.214768e-005
 6.073750e+001  9.399419e-005
 6.135625e+001  1.004907e-004
 6.197500e+001  8.407291e-005
 6.259375e+001  8.189385e-005
 6.321250e+001  1.013710e-004
 6.383125e+001  9.042307e-005
 6.445000e+001  7.904054e-005
 6.506875e+001  7.319674e-005
 6.568750e+001  7.694387e-005
 6.630625e+001  8.101186e-005
 6.692500e+001  8.465643e-005
 6.754375e+001  8.144581e-005
 6.816250e+001  8.097854e-005
 6.878125e+001  7.539474e-005
 6.940000e+001  7.355415e-005
 7.001875e+001  7.108019e-005
 7.063750e+001  7.100746e-005
 7.125625e+001  6.941927e-005
 7.187500e+001  7.786735e-005
 7.249375e+001  7.959669e-005
 7.311250e+001  9.044966e-005
 7.373125e+001  7.815942e-005
 7.435000e+001  7.777502e-005
 7.496875e+001  1.116698e-004
 7.558750e+001  1.339557e-004
 7.620625e+001  7.335830e-005
 7.682500e+001  6.783968e-005
 7.744375e+001  6.636822e-005
 7.806250e+001  6.887510e-005
 7.868125e+001  8.411201e-005
 7.930000e+001  8.690343e-005
 7.991875e+001  8.106649e-005
 8.053750e+001  7.335776e-005
 8.115625e+001  7.034040e-005
 8.177500e+001  6.628155e-005
 8.239375e+001  7.387153e-005
 8.301250e+001  6.579477e-005
 8.363125e+001  6.144677e-005
 8.425000e+001  6.937260e-005
 8.486875e+001  7.322717e-005
 8.548750e+001  6.768480e-005
 8.610625e+001  6.524876e-005
 8.672500e+001  6.103048e-005
 8.734375e+001  5.931444e-005
 8.796250e+001  6.159493e-005
 8.858125e+001  6.062045e-005
 8.920000e+001  6.867957e-005
 8.981875e+001  5.990023e-005
 9.043750e+001  5.221516e-005
 9.105625e+001  6.018909e-005
 9.167500e+001  1.030926e-004
 9.229375e+001  9.257338e-005
 9.291250e+001  6.086567e-005
 9.353125e+001  5.222383e-005
 9.415000e+001  5.160853e-005
 9.476875e+001  4.612918e-005
 9.538750e+001  4.987245e-005
 9.600625e+001  5.828329e-005
 9.662500e+001  5.901426e-005
 9.724375e+001  5.445031e-005
 9.786250e+001  5.416535e-005
 9.848125e+001  6.042458e-005
 9.910000e+001  1.235939e-004
 9.971875e+001  5.371850e-004
 1.003375e+002  5.375027e-004
 1.009563e+002  1.221646e-004
 1.015750e+002  5.197038e-005
 1.021938e+002  4.937256e-005
 1.028125e+002  4.875230e-005
 1.034313e+002  4.439381e-005
 1.040500e+002  4.143011e-005
 1.046688e+002  4.385763e-005
 1.052875e+002  4.603807e-005
 1.059063e+002  5.041787e-005
 1.065250e+002  5.576309e-005
 1.071438e+002  5.675892e-005
 1.077625e+002  5.337242e-005
 1.083813e+002  4.793940e-005
 1.090000e+002  4.973094e-005
 1.096188e+002  4.894692e-005
 1.102375e+002  4.831894e-005
 1.108563e+002  4.781926e-005
 1.114750e+002  4.606802e-005
 1.120938e+002  4.712094e-005
 1.127125e+002  4.788138e-005
 1.133313e+002  4.924886e-005
 1.139500e+002  4.834656e-005
 1.145688e+002  4.813306e-005
 1.151875e+002  4.819443e-005
 1.158063e+002  4.925010e-005
 1.164250e+002  4.569571e-005
 1.170438e+002  4.289987e-005
 1.176625e+002  4.546032e-005
 1.182813e+002  4.916129e-005
 1.189000e+002  4.442464e-005
 1.195188e+002  4.389740e-005
 1.201375e+002  4.646098e-005
 1.207563e+002  4.032828e-005
 1.213750e+002  4.184872e-005
 1.219938e+002  4.207415e-005
 1.226125e+002  5.088097e-005
 1.232313e+002  4.622589e-005
 1.238500e+002  3.776181e-005
 1.244688e+002  3.973850e-005
 1.250875e+002  4.572018e-005
 1.257063e+002  4.475171e-005
 1.263250e+002  4.223035e-005
 1.269438e+002  4.393880e-005
 1.275625e+002  3.777063e-005
 1.281813e+002  4.285638e-005
 1.288000e+002  4.626901e-005
 1.294188e+002  4.657748e-005
 1.300375e+002  4.255794e-005
 1.306563e+002  3.828680e-005
 1.312750e+002  3.626612e-005
 1.318938e+002  3.975506e-005
 1.325125e+002  4.139918e-005
 1.331313e+002  4.242851e-005
 1.337500e+002  4.035738e-005
 1.343688e+002  3.612430e-005
 1.349875e+002  3.322151e-005
 1.356063e+002  3.709345e-005
 1.362250e+002  3.802766e-005
 1.368438e+002  3.862800e-005
 1.374625e+002  3.682612e-005
 1.380813e+002  4.214802e-005
 1.387000e+002  3.697194e-005
 1.393188e+002  3.441336e-005
 1.399375e+002  3.909052e-005
 1.405563e+002  3.911161e-005
 1.411750e+002  4.100081e-005
 1.417938e+002  3.934338e-005
 1.424125e+002  3.729362e-005
 1.430313e+002  4.073665e-005
 1.436500e+002  4.129518e-005
 1.442688e+002  3.587917e-005
 1.448875e+002  3.466868e-005
 1.455063e+002  3.999822e-005
 1.461250e+002  3.808443e-005
 1.467438e+002  3.700661e-005
 1.473625e+002  3.993663e-005
 1.479813e+002  6.993742e-005
 1.486000e+002  1.794151e-004
 1.492188e+002  1.729434e-003
 1.498375e+002  6.140102e-003
 1.504563e+002  4.974895e-003
 1.510750e+002  6.516295e-004
 1.516938e+002  1.188986e-004
 1.523125e+002  5.176593e-005
 1.529313e+002  3.649527e-005
 1.535500e+002  3.969897e-005
 1.541688e+002  4.166064e-005
 1.547875e+002  3.733762e-005
 1.554063e+002  3.348419e-005
 1.560250e+002  3.441505e-005
 1.566438e+002  3.071941e-005
 1.572625e+002  2.979861e-005
 1.578813e+002  3.023375e-005
 1.585000e+002  3.612249e-005
 1.591188e+002  3.691328e-005
 1.597375e+002  3.478822e-005
 1.603563e+002  3.145412e-005
 1.609750e+002  3.379243e-005
 1.615938e+002  3.381284e-005
 1.622125e+002  3.185113e-005
 1.628313e+002  2.863786e-005
 1.634500e+002  2.746913e-005
 1.640688e+002  2.961675e-005
 1.646875e+002  3.336624e-005
 1.653063e+002  3.597396e-005
 1.659250e+002  3.382009e-005
 1.665438e+002  2.862919e-005
 1.671625e+002  3.297429e-005
 1.677813e+002  3.350737e-005
 1.684000e+002  3.619742e-005
 1.690188e+002  3.479478e-005
 1.696375e+002  3.076799e-005
 1.702563e+002  3.065153e-005
 1.708750e+002  2.799330e-005
 1.714938e+002  2.908963e-005
 1.721125e+002  2.796274e-005
 1.727313e+002  3.119931e-005
 1.733500e+002  2.999881e-005
 1.739688e+002  3.097660e-005
 1.745875e+002  3.112866e-005
 1.752063e+002  3.371648e-005
 1.758250e+002  3.279381e-005
 1.764438e+002  3.298953e-005
 1.770625e+002  3.038153e-005
 1.776813e+002  3.016084e-005
 1.783000e+002  2.979819e-005
 1.789188e+002  2.881252e-005
 1.795375e+002  3.079632e-005
 1.801563e+002  2.871613e-005
 1.807750e+002  3.077774e-005
 1.813938e+002  2.974816e-005
 1.820125e+002  3.110114e-005
 1.826313e+002  3.069081e-005
 1.832500e+002  3.226524e-005
 1.838688e+002  2.949599e-005
 1.844875e+002  3.005744e-005
 1.851063e+002  2.717042e-005
 1.857250e+002  2.483128e-005
 1.863438e+002  2.531040e-005
 1.869625e+002  2.867294e-005
 1.875813e+002  2.248892e-005
 1.882000e+002  2.442792e-005
 1.888188e+002  2.974871e-005
 1.894375e+002  2.397088e-005
 1.900563e+002  2.654345e-005
 1.906750e+002  2.852374e-005
 1.912938e+002  2.984170e-005
 1.919125e+002  2.668448e-005
 1.925313e+002  2.723998e-005
 1.931500e+002  2.691678e-005
 1.937688e+002  3.200400e-005
 1.943875e+002  3.127733e-005
 1.950063e+002  3.047558e-005
 1.956250e+002  2.807665e-005
 1.962438e+002  3.136485e-005
 1.968625e+002  2.945492e-005
 1.974813e+002  2.900963e-005
 1.981000e+002  2.752235e-005
 1.987188e+002  2.841228e-005
 1.993375e+002  1.425856e-004
 1.999563e+002  3.637473e-004
 2.005750e+002  2.340286e-004
 2.011938e+002  3.244247e-005
 2.018125e+002  2.706575e-005
 2.024313e+002  2.793641e-005
 2.030500e+002  2.599248e-005
 2.036688e+002  2.749205e-005
 2.042875e+002  3.024530e-005
 2.049063e+002  2.727155e-005
 2.055250e+002  2.373451e-005
 2.061438e+002  2.902408e-005
 2.067625e+002  2.818873e-005
 2.073813e+002  2.561161e-005
 2.080000e+002  2.548917e-005
 2.086188e+002  2.569306e-005
 2.092375e+002  2.808895e-005
 2.098563e+002  2.733508e-005
 2.104750e+002  3.129755e-005
 2.110938e+002  3.200228e-005
 2.117125e+002  2.690326e-005
 2.123313e+002  2.565811e-005
 2.129500e+002  2.780280e-005
 2.135688e+002  2.593370e-005
 2.141875e+002  2.385834e-005
 2.148063e+002  2.447455e-005
 2.154250e+002  2.896827e-005
 2.160438e+002  2.882545e-005
 2.166625e+002  2.810255e-005
 2.172813e+002  2.475470e-005
 2.179000e+002  2.619960e-005
 2.185188e+002  2.539069e-005
 2.191375e+002  2.320540e-005
 2.197563e+002  2.370404e-005
 2.203750e+002  2.647431e-005
 2.209938e+002  2.355260e-005
 2.216125e+002  2.597971e-005
 2.222313e+002  2.575386e-005
 2.228500e+002  2.446838e-005
 2.234688e+002  2.635142e-005
 2.240875e+002  2.937565e-005
 2.247063e+002  2.807925e-005
 2.253250e+002  2.381821e-005
 2.259438e+002  2.459922e-005
 2.265625e+002  2.660216e-005
 2.271813e+002  2.929977e-005
 2.278000e+002  2.976517e-005
 2.284188e+002  2.483596e-005
 2.290375e+002  2.754898e-005
 2.296563e+002  2.938199e-005
 2.302750e+002  2.930781e-005
 2.308938e+002  2.742408e-005
 2.315125e+002  2.391030e-005
 2.321313e+002  2.498712e-005
 2.327500e+002  2.330360e-005
 2.333688e+002  2.625954e-005
 2.339875e+002  2.375746e-005
 2.346063e+002  2.592626e-005
 2.352250e+002  2.292143e-005
 2.358438e+002  2.241426e-005
 2.364625e+002  2.722881e-005
 2.370813e+002  3.088711e-005
 2.377000e+002  2.883339e-005
 2.383188e+002  2.638155e-005
 2.389375e+002  2.264300e-005
 2.395563e+002  2.343572e-005
 2.401750e+002  2.703497e-005
 2.407938e+002  2.713199e-005
 2.414125e+002  2.911384e-005
 2.420313e+002  2.853772e-005
 2.426500e+002  2.668186e-005
 2.432688e+002  2.496516e-005
 2.438875e+002  2.378556e-005
 2.445063e+002  2.427689e-005
 2.451250e+002  2.475403e-005
 2.457438e+002  2.341215e-005
 2.463625e+002  2.321574e-005
 2.469813e+002  2.468413e-005
 2.476000e+002  2.365000e-005
 2.482188e+002  2.295847e-005
 2.488375e+002  2.507462e-005
 2.494563e+002  6.304346e-004
 2.500750e+002  1.279666e-003
 2.506938e+002  6.548300e-004
 2.513125e+002  2.948461e-005
 2.519313e+002  2.552424e-005
 2.525500e+002  2.477754e-005
 2.531688e+002  2.614918e-005
 2.537875e+002  2.518168e-005
 2.544063e+002  2.270813e-005
 2.550250e+002  2.297753e-005
 2.556438e+002  2.546574e-005
 2.562625e+002  2.540863e-005
 2.568813e+002  2.528021e-005
 2.575000e+002  2.841127e-005
 2.581188e+002  2.582595e-005
 2.587375e+002  2.491638e-005
 2.593563e+002  2.553953e-005
 2.599750e+002  2.295654e-005
 2.605938e+002  2.102524e-005
 2.612125e+002  2.302674e-005
 2.618313e+002  2.118129e-005
 2.624500e+002  2.310366e-005
 2.630688e+002  2.283455e-005
 2.636875e+002  2.498973e-005
 2.643063e+002  2.368286e-005
 2.649250e+002  2.441457e-005
 2.655438e+002  2.437477e-005
 2.661625e+002  2.695174e-005
 2.667813e+002  2.459830e-005
 2.674000e+002  2.130910e-005
 2.680188e+002  2.366310e-005
 2.686375e+002  2.425355e-005
 2.692563e+002  2.516573e-005
 2.698750e+002  2.514319e-005
 2.704938e+002  2.316450e-005
 2.711125e+002  2.615294e-005
 2.717313e+002  2.324678e-005
 2.723500e+002  2.290489e-005
 2.729688e+002  2.682555e-005
 2.735875e+002  2.397749e-005
 2.742063e+002  2.491434e-005
 2.748250e+002  2.664345e-005
 2.754438e+002  2.748493e-005
 2.760625e+002  2.226723e-005
 2.766813e+002  1.957976e-005
 2.773000e+002  2.199093e-005
 2.779188e+002  2.493199e-005
 2.785375e+002  2.287521e-005
 2.791563e+002  2.366444e-005
 2.797750e+002  2.194197e-005
 2.803938e+002  2.229029e-005
 2.810125e+002  2.146210e-005
 2.816313e+002  2.345560e-005
 2.822500e+002  2.559520e-005
 2.828688e+002  2.280797e-005
 2.834875e+002  2.388875e-005
 2.841063e+002  2.539637e-005
 2.847250e+002  2.475036e-005
 2.853438e+002  2.703308e-005
 2.859625e+002  2.406465e-005
 2.865813e+002  1.983794e-005
 2.872000e+002  2.207378e-005
 2.878188e+002  2.484798e-005
 2.884375e+002  2.517261e-005
 2.890563e+002  2.566590e-005
 2.896750e+002  2.182627e-005
 2.902938e+002  2.383707e-005
 2.909125e+002  2.354622e-005
 2.915313e+002  2.396103e-005
 2.921500e+002  2.224102e-005
 2.927688e+002  2.290881e-005
 2.933875e+002  2.383077e-005
 2.940063e+002  2.248378e-005
 2.946250e+002  2.100286e-005
 2.952438e+002  2.282751e-005
 2.958625e+002  2.630239e-005
 2.964813e+002  2.686854e-005
 2.971000e+002  2.527201e-005
 2.977188e+002  2.163489e-005
 2.983375e+002  2.176819e-005
 2.989563e+002  2.406847e-005
 2.995750e+002  2.052828e-004
 3.001938e+002  3.252442e-004
 3.008125e+002  1.324820e-004
 3.014313e+002  2.521870e-005
 3.020500e+002  2.452981e-005
 3.026688e+002  2.209388e-005
 3.032875e+002  2.149666e-005
 3.039063e+002  2.360721e-005
 3.045250e+002  2.651632e-005
 3.051438e+002  2.236108e-005
 3.057625e+002  2.186929e-005
 3.063813e+002  2.308935e-005
 3.070000e+002  2.500419e-005
 3.076188e+002  2.278837e-005
 3.082375e+002  2.135320e-005
 3.088563e+002  2.110967e-005
 3.094750e+002  1.895510e-005
 3.100938e+002  2.271698e-005
 3.107125e+002  2.245301e-005
 3.113313e+002  2.326359e-005
 3.119500e+002  2.278108e-005
 3.125688e+002  2.454405e-005
 3.131875e+002  2.120550e-005
 3.138063e+002  2.432968e-005
 3.144250e+002  2.485005e-005
 3.150437e+002  2.633698e-005
 3.156625e+002  2.433498e-005
 3.162812e+002  2.211588e-005
 3.169000e+002  1.681643e-005
 3.175187e+002  1.876632e-005
 3.181375e+002  2.414003e-005
 3.187562e+002  2.508087e-005
 3.193750e+002  2.334568e-005
 3.199937e+002  2.121653e-005
 3.206125e+002  2.438029e-005
 3.212312e+002  2.300152e-005
 3.218500e+002  2.223313e-005
 3.224687e+002  2.471500e-005
 3.230875e+002  2.465405e-005
 3.237062e+002  1.982083e-005
 3.243250e+002  2.207512e-005
 3.249437e+002  2.230657e-005
 3.255625e+002  2.160648e-005
 3.261812e+002  2.042131e-005
 3.268000e+002  1.948987e-005
 3.274187e+002  2.150112e-005
 3.280375e+002  2.265210e-005
 3.286562e+002  1.962918e-005
 3.292750e+002  2.057440e-005
 3.298937e+002  2.253323e-005
 3.305125e+002  2.597342e-005
 3.311312e+002  2.546716e-005
 3.317500e+002  2.410942e-005
 3.323687e+002  2.430206e-005
 3.329875e+002  2.137818e-005
 3.336062e+002  2.305724e-005
 3.342250e+002  2.249374e-005
 3.348437e+002  2.199899e-005
 3.354625e+002  2.598650e-005
 3.360812e+002  2.517425e-005
 3.367000e+002  2.234077e-005
 3.373187e+002  2.063284e-005
 3.379375e+002  2.296040e-005
 3.385562e+002  2.416939e-005
 3.391750e+002  2.310967e-005
 3.397937e+002  2.308437e-005
 3.404125e+002  2.162419e-005
 3.410312e+002  1.969095e-005
 3.416500e+002  2.457005e-005
 3.422687e+002  2.554962e-005
 3.428875e+002  2.241374e-005
 3.435062e+002  2.093642e-005
 3.441250e+002  2.267110e-005
 3.447437e+002  2.230777e-005
 3.453625e+002  2.403790e-005
 3.459812e+002  2.243247e-005
 3.466000e+002  2.340930e-005
 3.472187e+002  2.198313e-005
 3.478375e+002  2.344367e-005
 3.484562e+002  2.647942e-005
 3.490750e+002  5.918226e-005
 3.496937e+002  4.500669e-004
 3.503125e+002  5.761064e-004
 3.509312e+002  1.753677e-004
 3.515500e+002  2.721944e-005
 3.521687e+002  2.464759e-005
 3.527875e+002  2.203317e-005
 3.534062e+002  2.246924e-005
 3.540250e+002  2.049675e-005
 3.546437e+002  2.022364e-005
 3.552625e+002  2.074147e-005
 3.558812e+002  2.408487e-005
 3.565000e+002  2.312015e-005
 3.571187e+002  2.588505e-005
 3.577375e+002  2.623348e-005
 3.583562e+002  2.369355e-005
 3.589750e+002  2.079295e-005
 3.595937e+002  2.214757e-005
 3.602125e+002  2.299540e-005
 3.608312e+002  2.232755e-005
 3.614500e+002  2.757249e-005
 3.620687e+002  2.564609e-005
 3.626875e+002  2.282786e-005
 3.633062e+002  1.736830e-005
 3.639250e+002  1.717898e-005
 3.645437e+002  2.144515e-005
 3.651625e+002  2.234165e-005
 3.657812e+002  2.387619e-005
 3.664000e+002  2.417858e-005
 3.670187e+002  2.290212e-005
 3.676375e+002  2.377798e-005
 3.682562e+002  2.432093e-005
 3.688750e+002  2.105512e-005
 3.694937e+002  1.984078e-005
 3.701125e+002  2.295119e-005
 3.707312e+002  2.429797e-005
 3.713500e+002  2.142279e-005
 3.719687e+002  2.228609e-005
 3.725875e+002  2.308143e-005
 3.732062e+002  2.251744e-005
 3.738250e+002  2.311891e-005
 3.744437e+002  2.097235e-005
 3.750625e+002  2.076146e-005
 3.756812e+002  2.246435e-005
 3.763000e+002  2.373925e-005
 3.769187e+002  2.276065e-005
 3.775375e+002  1.951895e-005
 3.781562e+002  1.940335e-005
 3.787750e+002  2.070902e-005
 3.793937e+002  2.180748e-005
 3.800125e+002  2.408376e-005
 3.806312e+002  2.191832e-005
 3.812500e+002  2.159004e-005
 3.818687e+002  2.126460e-005
 3.824875e+002  2.040260e-005
 3.831062e+002  2.147807e-005
 3.837250e+002  2.016310e-005
 3.843437e+002  1.906915e-005
 3.849625e+002  2.141952e-005
 3.855812e+002  2.328269e-005
 3.862000e+002  1.975554e-005
 3.868187e+002  2.021306e-005
 3.874375e+002  2.226071e-005
 3.880562e+002  2.426145e-005
 3.886750e+002  2.262145e-005
 3.892937e+002  1.936266e-005
 3.899125e+002  2.053774e-005
 3.905312e+002  2.469313e-005
 3.911500e+002  2.412523e-005
 3.917687e+002  2.137855e-005
 3.923875e+002  2.009770e-005
 3.930062e+002  2.091647e-005
 3.936250e+002  2.008578e-005
 3.942437e+002  2.254167e-005
 3.948625e+002  2.324778e-005
 3.954812e+002  1.952005e-005
 3.961000e+002  1.749049e-005
 3.967187e+002  2.053865e-005
 3.973375e+002  2.234581e-005
 3.979562e+002  2.261047e-005
 3.985750e+002  2.467082e-005
 3.991937e+002  5.084766e-005
 3.998125e+002  2.550608e-004
 4.004312e+002  2.634959e-004
 4.010500e+002  6.076613e-005
 4.016687e+002  2.388871e-005
 4.022875e+002  2.318761e-005
 4.029062e+002  2.126790e-005
 4.035250e+002  2.411916e-005
 4.041437e+002  2.156694e-005
 4.047625e+002  2.077682e-005
 4.053812e+002  2.108556e-005
 4.060000e+002  1.740155e-005
 4.066187e+002  2.009467e-005
 4.072375e+002  2.026143e-005
 4.078562e+002  2.259868e-005
 4.084750e+002  2.412894e-005
 4.090937e+002  2.287643e-005
 4.097125e+002  2.074772e-005
 4.103312e+002  2.225825e-005
 4.109500e+002  2.205804e-005
 4.115687e+002  2.223100e-005
 4.121875e+002  2.173227e-005
 4.128062e+002  2.188583e-005
 4.134250e+002  1.917170e-005
 4.140437e+002  2.420859e-005
 4.146625e+002  2.545082e-005
 4.152812e+002  2.023534e-005
 4.159000e+002  2.103405e-005
 4.165187e+002  2.523567e-005
 4.171375e+002  2.232349e-005
 4.177562e+002  2.061679e-005
 4.183750e+002  1.978778e-005
 4.189937e+002  2.301695e-005
 4.196125e+002  2.452678e-005
 4.202312e+002  2.438997e-005
 4.208500e+002  2.408831e-005
 4.214687e+002  2.181154e-005
 4.220875e+002  2.274804e-005
 4.227062e+002  2.333377e-005
 4.233250e+002  2.349671e-005
 4.239437e+002  2.159953e-005
 4.245625e+002  2.140301e-005
 4.251812e+002  1.947338e-005
 4.258000e+002  2.061981e-005
 4.264187e+002  2.182801e-005
 4.270375e+002  2.430345e-005
 4.276562e+002  2.517159e-005
 4.282750e+002  2.351123e-005
 4.288937e+002  1.954108e-005
 4.295125e+002  2.061371e-005
 4.301312e+002  2.320164e-005
 4.307500e+002  2.254802e-005
 4.313687e+002  2.325376e-005
 4.319875e+002  2.200468e-005
 4.326062e+002  1.911877e-005
 4.332250e+002  1.913875e-005
 4.338437e+002  2.072419e-005
 4.344625e+002  2.023264e-005
 4.350812e+002  1.930871e-005
 4.357000e+002  2.115822e-005
 4.363187e+002  2.029911e-005
 4.369375e+002  1.828067e-005
 4.375562e+002  1.764623e-005
 4.381750e+002  1.626020e-005
 4.387937e+002  1.957908e-005
 4.394125e+002  2.163140e-005
 4.400312e+002  1.920516e-005
 4.406500e+002  1.725761e-005
 4.412687e+002  1.896602e-005
 4.418875e+002  2.002577e-005
 4.425062e+002  2.217222e-005
 4.431250e+002  2.274306e-005
 4.437437e+002  2.069382e-005
 4.443625e+002  2.121499e-005
 4.449812e+002  2.033384e-005
 4.456000e+002  1.687701e-005
 4.462187e+002  1.870928e-005
 4.468375e+002  1.945358e-005
 4.474562e+002  1.548029e-005
 4.480750e+002  1.823095e-005
 4.486937e+002  2.272518e-005
 4.493125e+002  5.657914e-005
 4.499312e+002  1.859063e-004
 4.505500e+002  1.533593e-004
 4.511687e+002  3.106809e-005
 4.517875e+002  2.128098e-005
 4.524062e+002  1.938369e-005
 4.530250e+002  2.001387e-005
 4.536437e+002  2.015094e-005
 4.542625e+002  2.221202e-005
 4.548812e+002  2.183049e-005
 4.555000e+002  2.191694e-005
 4.561187e+002  2.221617e-005
 4.567375e+002  2.161198e-005
 4.573562e+002  2.152217e-005
 4.579750e+002  2.355521e-005
 4.585937e+002  2.209599e-005
 4.592125e+002  2.114607e-005
 4.598312e+002  2.218076e-005
 4.604500e+002  2.121476e-005
 4.610687e+002  1.903226e-005
 4.616875e+002  1.912547e-005
 4.623062e+002  2.270223e-005
 4.629250e+002  2.379325e-005
 4.635437e+002  2.241710e-005
 4.641625e+002  2.140863e-005
 4.647812e+002  1.959710e-005
 4.654000e+002  2.263138e-005
 4.660187e+002  2.295589e-005
 4.666375e+002  2.459214e-005
 4.672562e+002  2.251681e-005
 4.678750e+002  2.101082e-005
 4.684937e+002  2.063344e-005
 4.691125e+002  2.096353e-005
 4.697312e+002  2.268267e-005
 4.703500e+002  2.288213e-005
 4.709687e+002  2.198537e-005
 4.715875e+002  2.256993e-005
 4.722062e+002  2.026706e-005
 4.728250e+002  2.218715e-005
 4.734437e+002  2.293372e-005
 4.740625e+002  2.191118e-005
 4.746812e+002  2.287832e-005
 4.753000e+002  2.237985e-005
 4.759187e+002  2.299236e-005
 4.765375e+002  2.234107e-005
 4.771562e+002  1.978829e-005
 4.777750e+002  1.837887e-005
 4.783937e+002  1.892060e-005
 4.790125e+002  1.719627e-005
 4.796312e+002  1.791824e-005
 4.802500e+002  2.071898e-005
 4.808687e+002  1.739340e-005
 4.814875e+002  2.358869e-005
 4.821062e+002  2.461635e-005
 4.827250e+002  2.228673e-005
 4.833437e+002  2.269642e-005
 4.839625e+002  2.299967e-005
 4.845812e+002  2.091940e-005
 4.852000e+002  2.003460e-005
 4.858187e+002  1.768101e-005
 4.864375e+002  2.137583e-005
 4.870562e+002  2.283407e-005
 4.876750e+002  2.294058e-005
 4.882937e+002  2.259644e-005
 4.889125e+002  2.138646e-005
 4.895312e+002  2.097484e-005
 4.901500e+002  2.186926e-005
 4.907687e+002  1.914560e-005
 4.913875e+002  2.073751e-005
 4.920062e+002  2.116327e-005
 4.926250e+002  2.345774e-005
 4.932437e+002  2.327628e-005
 4.938625e+002  2.116669e-005
 4.944812e+002  2.067722e-005
 4.951000e+002  2.024508e-005
 4.957187e+002  2.224316e-005
 4.963375e+002  2.154487e-005
 4.969562e+002  2.151749e-005
 4.975750e+002  2.288106e-005
 4.981937e+002  2.214526e-005
 4.988125e+002  2.162674e-005
 4.994312e+002  1.137528e-004
 5.000500e+002  2.836404e-004
 5.006687e+002  1.855784e-004
 5.012875e+002  2.494751e-005
 5.019062e+002  2.024797e-005
 5.025250e+002  2.022303e-005
 5.031437e+002  2.053793e-005
 5.037625e+002  2.245642e-005
 5.043812e+002  2.331488e-005
 5.050000e+002  2.189857e-005
 5.056187e+002  1.930242e-005
 5.062375e+002  2.199879e-005
 5.068562e+002  2.268172e-005
 5.074750e+002  1.991139e-005
 5.080937e+002  2.009603e-005
 5.087125e+002  1.998058e-005
 5.093312e+002  2.081374e-005
 5.099500e+002  2.048196e-005
 5.105687e+002  2.158724e-005
 5.111875e+002  2.023708e-005
 5.118062e+002  1.832388e-005
 5.124250e+002  1.858447e-005
 5.130437e+002  2.041487e-005
 5.136625e+002  2.185265e-005
 5.142812e+002  2.153517e-005
 5.149000e+002  2.182188e-005
 5.155187e+002  1.981038e-005
 5.161375e+002  1.897682e-005
 5.167562e+002  2.274260e-005
 5.173750e+002  2.156979e-005
 5.179937e+002  1.920174e-005
 5.186125e+002  2.233935e-005
 5.192312e+002  2.160879e-005
 5.198500e+002  1.851261e-005
 5.204687e+002  2.129869e-005
 5.210875e+002  2.043315e-005
 5.217062e+002  2.091046e-005
 5.223250e+002  2.065814e-005
 5.229437e+002  2.130025e-005
 5.235625e+002  1.850097e-005
 5.241812e+002  1.995551e-005
 5.248000e+002  2.217163e-005
 5.254187e+002  2.004844e-005
 5.260375e+002  1.883796e-005
 5.266562e+002  2.008660e-005
 5.272750e+002  2.120112e-005
 5.278937e+002  2.009737e-005
 5.285125e+002  2.062214e-005
 5.291312e+002  2.145683e-005
 5.297500e+002  2.072280e-005
 5.303687e+002  1.733119e-005
 5.309875e+002  1.710557e-005
 5.316062e+002  2.035611e-005
 5.322250e+002  2.298885e-005
 5.328437e+002  2.309703e-005
 5.334625e+002  2.346356e-005
 5.340812e+002  2.245171e-005
 5.347000e+002  2.079040e-005
 5.353187e+002  2.242827e-005
 5.359375e+002  1.917907e-005
 5.365562e+002  2.069338e-005
 5.371750e+002  1.843826e-005
 5.377937e+002  1.805003e-005
 5.384125e+002  2.109735e-005
 5.390312e+002  2.132049e-005
 5.396500e+002  2.201241e-005
 5.402687e+002  2.255841e-005
 5.408875e+002  1.925849e-005
 5.415062e+002  2.021207e-005
 5.421250e+002  2.046098e-005
 5.427437e+002  1.837493e-005
 5.433625e+002  1.767662e-005
 5.439812e+002  1.868343e-005
 5.446000e+002  1.979419e-005
 5.452187e+002  2.166645e-005
 5.458375e+002  2.277575e-005
 5.464562e+002  1.953002e-005
 5.470750e+002  1.904481e-005
 5.476937e+002  2.185253e-005
 5.483125e+002  2.236694e-005
 5.489312e+002  1.692780e-005
 5.495500e+002  2.810765e-004
 5.501687e+002  5.691308e-004
 5.507875e+002  3.058844e-004
 5.514062e+002  2.422429e-005
 5.520250e+002  2.071751e-005
 5.526437e+002  2.308846e-005
 5.532625e+002  2.219220e-005
 5.538812e+002  1.943092e-005
 5.545000e+002  1.992474e-005
 5.551187e+002  2.247271e-005
 5.557375e+002  2.216133e-005
 5.563562e+002  2.098039e-005
 5.569750e+002  2.139456e-005
 5.575937e+002  1.880765e-005
 5.582125e+002  1.891089e-005
 5.588312e+002  1.970641e-005
 5.594500e+002  2.181060e-005
 5.600687e+002  2.302007e-005
 5.606875e+002  2.184642e-005
 5.613062e+002  2.314099e-005
 5.619250e+002  2.233372e-005
 5.625437e+002  1.971728e-005
 5.631625e+002  2.130674e-005
 5.637812e+002  2.135615e-005
 5.644000e+002  2.134992e-005
 5.650187e+002  2.013808e-005
 5.656375e+002  2.143060e-005
 5.662562e+002  1.958532e-005
 5.668750e+002  1.944084e-005
 5.674937e+002  2.038503e-005
 5.681125e+002  1.935789e-005
 5.687312e+002  1.922240e-005
 5.693500e+002  2.009804e-005
 5.699687e+002  2.241292e-005
 5.705875e+002  1.863467e-005
 5.712062e+002  1.985866e-005
 5.718250e+002  2.152746e-005
 5.724437e+002  2.390735e-005
 5.730625e+002  2.459707e-005
 5.736812e+002  1.929176e-005
 5.743000e+002  1.954362e-005
 5.749187e+002  1.875561e-005
 5.755375e+002  1.846291e-005
 5.761562e+002  2.082708e-005
 5.767750e+002  2.297752e-005
 5.773937e+002  2.343051e-005
 5.780125e+002  1.974643e-005
 5.786312e+002  2.100602e-005
 5.792500e+002  2.172298e-005
 5.798687e+002  2.182272e-005
 5.804875e+002  2.204157e-005
 5.811062e+002  2.470867e-005
 5.817250e+002  2.242169e-005
 5.823437e+002  2.115888e-005
 5.829625e+002  2.031732e-005
 5.835812e+002  2.197751e-005
 5.842000e+002  2.212132e-005
 5.848187e+002  2.317198e-005
 5.854375e+002  1.868497e-005
 5.860562e+002  1.910166e-005
 5.866750e+002  1.896495e-005
 5.872937e+002  2.179682e-005
 5.879125e+002  2.044425e-005
 5.885312e+002  2.075797e-005
 5.891500e+002  1.933753e-005
 5.897687e+002  1.861200e-005
 5.903875e+002  2.007144e-005
 5.910062e+002  2.157644e-005
 5.916250e+002  2.160398e-005
 5.922437e+002  1.983947e-005
 5.928625e+002  1.897023e-005
 5.934812e+002  1.993067e-005
 5.941000e+002  2.148827e-005
 5.947187e+002  1.799143e-005
 5.953375e+002  1.945070e-005
 5.959562e+002  2.102484e-005
 5.965750e+002  2.217772e-005
 5.971937e+002  2.219776e-005
 5.978125e+002  2.204368e-005
 5.984312e+002  2.140440e-005
 5.990500e+002  2.238333e-005
 5.996687e+002  1.176116e-004
 6.002875e+002  1.857822e-004
 6.009062e+002  7.878836e-005
 6.015250e+002  2.111671e-005
 6.021437e+002  2.136459e-005
 6.027625e+002  1.895548e-005
 6.033812e+002  2.182204e-005
 6.040000e+002  2.258865e-005
 6.046187e+002  2.187069e-005
 6.052375e+002  1.878306e-005
 6.058562e+002  1.919365e-005
 6.064750e+002  1.950148e-005
 6.070937e+002  2.030213e-005
 6.077125e+002  1.795722e-005
 6.083312e+002  1.899955e-005
 6.089500e+002  1.719203e-005
 6.095687e+002  1.975164e-005
 6.101875e+002  2.037911e-005
 6.108062e+002  2.055708e-005
 6.114250e+002  2.199960e-005
 6.120437e+002  2.150153e-005
 6.126625e+002  2.017770e-005
 6.132812e+002  1.777117e-005
 6.139000e+002  2.057289e-005
 6.145187e+002  2.175327e-005
 6.151375e+002  2.267759e-005
 6.157562e+002  2.054548e-005
 6.163750e+002  1.951673e-005
 6.169937e+002  2.164532e-005
 6.176125e+002  2.165204e-005
 6.182312e+002  1.961455e-005
 6.188500e+002  1.993561e-005
 6.194687e+002  2.007085e-005
 6.200875e+002  2.078618e-005
 6.207062e+002  2.065129e-005
 6.213250e+002  2.022227e-005
 6.219437e+002  2.061882e-005
 6.225625e+002  1.978560e-005
 6.231812e+002  1.889365e-005
 6.238000e+002  1.972253e-005
 6.244187e+002  1.924691e-005
 6.250375e+002  1.666701e-005
 6.256562e+002  1.557980e-005
 6.262750e+002  1.583416e-005
 6.268937e+002  2.026263e-005
 6.275125e+002  2.195145e-005
 6.281312e+002  2.320870e-005
 6.287500e+002  2.083724e-005
 6.293687e+002  2.017209e-005
 6.299875e+002  1.863760e-005
 6.306062e+002  2.051557e-005
 6.312250e+002  2.045217e-005
 6.318437e+002  1.915579e-005
 6.324625e+002  2.017799e-005
 6.330812e+002  2.103267e-005
 6.337000e+002  2.229973e-005
 6.343187e+002  2.325750e-005
 6.349375e+002  2.097811e-005
 6.355562e+002  1.973470e-005
 6.361750e+002  2.149705e-005
 6.367937e+002  1.965404e-005
 6.374125e+002  2.067099e-005
 6.380312e+002  1.858135e-005
 6.386500e+002  1.975892e-005
 6.392687e+002  2.028201e-005
 6.398875e+002  1.973613e-005
 6.405062e+002  2.017172e-005
 6.411250e+002  2.116420e-005
 6.417437e+002  2.404460e-005
 6.423625e+002  2.170394e-005
 6.429812e+002  2.165586e-005
 6.436000e+002  2.134785e-005
 6.442187e+002  2.320204e-005
 6.448375e+002  2.010987e-005
 6.454562e+002  2.023955e-005
 6.460750e+002  1.927026e-005
 6.466937e+002  1.915188e-005
 6.473125e+002  1.894387e-005
 6.479312e+002  2.000345e-005
 6.485500e+002  2.351990e-005
 6.491687e+002  6.068054e-005
 6.497875e+002  3.764529e-004
 6.504062e+002  4.765501e-004
 6.510250e+002  1.537492e-004
 6.516437e+002  1.837284e-005
 6.522625e+002  2.161107e-005
 6.528812e+002  2.200417e-005
 6.535000e+002  1.814885e-005
 6.541187e+002  1.836154e-005
 6.547375e+002  1.925885e-005
 6.553562e+002  1.997211e-005
 6.559750e+002  1.742881e-005
 6.565937e+002  1.752329e-005
 6.572125e+002  2.026105e-005
 6.578312e+002  2.193268e-005
 6.584500e+002  1.735561e-005
 6.590687e+002  1.670264e-005
 6.596875e+002  1.910880e-005
 6.603062e+002  2.108214e-005
 6.609250e+002  2.106056e-005
 6.615437e+002  1.935611e-005
 6.621625e+002  1.878927e-005
 6.627812e+002  2.137972e-005
 6.634000e+002  2.017798e-005
 6.640187e+002  2.182491e-005
 6.646375e+002  2.157863e-005
 6.652562e+002  2.327815e-005
 6.658750e+002  2.413406e-005
 6.664937e+002  2.160862e-005
 6.671125e+002  1.940658e-005
 6.677312e+002  1.878763e-005
 6.683500e+002  1.952730e-005
 6.689687e+002  1.917488e-005
 6.695875e+002  1.911545e-005
 6.702062e+002  1.946760e-005
 6.708250e+002  2.220860e-005
 6.714437e+002  2.074823e-005
 6.720625e+002  1.954057e-005
 6.726812e+002  2.100591e-005
 6.733000e+002  2.266614e-005
 6.739187e+002  2.224501e-005
 6.745375e+002  2.184473e-005
 6.751562e+002  2.043198e-005
 6.757750e+002  2.149552e-005
 6.763937e+002  2.006577e-005
 6.770125e+002  1.965843e-005
 6.776312e+002  2.183255e-005
 6.782500e+002  1.976744e-005
 6.788687e+002  1.974406e-005
 6.794875e+002  2.155917e-005
 6.801062e+002  1.989379e-005
 6.807250e+002  1.946445e-005
 6.813437e+002  1.669683e-005
 6.819625e+002  1.808639e-005
 6.825812e+002  2.124236e-005
 6.832000e+002  2.164878e-005
 6.838187e+002  2.237941e-005
 6.844375e+002  2.151847e-005
 6.850562e+002  2.157410e-005
 6.856750e+002  2.124658e-005
 6.862937e+002  2.401954e-005
 6.869125e+002  2.373525e-005
 6.875312e+002  2.076772e-005
 6.881500e+002  2.152362e-005
 6.887687e+002  2.091965e-005
 6.893875e+002  2.162249e-005
 6.900062e+002  2.066210e-005
 6.906250e+002  1.933212e-005
 6.912437e+002  1.977996e-005
 6.918625e+002  2.222834e-005
 6.924812e+002  2.083121e-005
 6.931000e+002  1.752039e-005
 6.937187e+002  1.713221e-005
 6.943375e+002  2.000099e-005
 6.949562e+002  2.302280e-005
 6.955750e+002  2.013298e-005
 6.961937e+002  1.940519e-005
 6.968125e+002  1.999282e-005
 6.974312e+002  1.837989e-005
 6.980500e+002  1.943377e-005
 6.986687e+002  1.811971e-005
 6.992875e+002  4.459499e-005
 6.999062e+002  1.959369e-004
 7.005250e+002  2.014497e-004
 7.011437e+002  4.894908e-005
 7.017625e+002  2.169011e-005
 7.023812e+002  1.801946e-005
 7.030000e+002  2.111276e-005
 7.036187e+002  1.998680e-005
 7.042375e+002  2.037882e-005
 7.048562e+002  1.927615e-005
 7.054750e+002  2.076047e-005
 7.060937e+002  2.099031e-005
 7.067125e+002  2.109931e-005
 7.073312e+002  1.896934e-005
 7.079500e+002  1.845868e-005
 7.085687e+002  2.022271e-005
 7.091875e+002  1.853211e-005
 7.098062e+002  1.965682e-005
 7.104250e+002  2.269242e-005
 7.110437e+002  2.148636e-005
 7.116625e+002  2.056934e-005
 7.122812e+002  2.216453e-005
 7.129000e+002  2.119657e-005
 7.135187e+002  2.231874e-005
 7.141375e+002  2.368101e-005
 7.147562e+002  2.332894e-005
 7.153750e+002  2.173806e-005
 7.159937e+002  2.158690e-005
 7.166125e+002  1.983717e-005
 7.172312e+002  1.829226e-005
 7.178500e+002  1.940842e-005
 7.184687e+002  1.982869e-005
 7.190875e+002  2.017637e-005
 7.197062e+002  2.084468e-005
 7.203250e+002  2.206012e-005
 7.209437e+002  2.138226e-005
 7.215625e+002  1.869504e-005
 7.221812e+002  1.934565e-005
 7.228000e+002  1.832170e-005
 7.234187e+002  2.123401e-005
 7.240375e+002  2.276446e-005
 7.246562e+002  2.078246e-005
 7.252750e+002  1.929413e-005
 7.258937e+002  2.004024e-005
 7.265125e+002  1.940360e-005
 7.271312e+002  1.968899e-005
 7.277500e+002  2.161533e-005
 7.283687e+002  1.780953e-005
 7.289875e+002  1.831458e-005
 7.296062e+002  2.117821e-005
 7.302250e+002  1.959278e-005
 7.308437e+002  1.907790e-005
 7.314625e+002  2.016392e-005
 7.320812e+002  1.968281e-005
 7.327000e+002  1.839656e-005
 7.333187e+002  2.017125e-005
 7.339375e+002  2.278138e-005
 7.345562e+002  2.006417e-005
 7.351750e+002  1.852389e-005
 7.357937e+002  1.928631e-005
 7.364125e+002  2.093372e-005
 7.370312e+002  1.902229e-005
 7.376500e+002  1.957927e-005
 7.382687e+002  1.892374e-005
 7.388875e+002  1.762262e-005
 7.395062e+002  2.064045e-005
 7.401250e+002  2.197937e-005
 7.407437e+002  2.251270e-005
 7.413625e+002  2.200898e-005
 7.419812e+002  2.040958e-005
 7.426000e+002  1.902110e-005
 7.432187e+002  1.986005e-005
 7.438375e+002  2.052238e-005
 7.444562e+002  1.852544e-005
 7.450750e+002  1.822432e-005
 7.456937e+002  1.716105e-005
 7.463125e+002  1.987128e-005
 7.469312e+002  2.065848e-005
 7.475500e+002  2.099918e-005
 7.481687e+002  1.888750e-005
 7.487875e+002  2.019911e-005
 7.494062e+002  7.119347e-005
 7.500250e+002  2.435584e-004
 7.506437e+002  2.076326e-004
 7.512625e+002  4.302624e-005
 7.518812e+002  2.138746e-005
 7.525000e+002  1.843071e-005
 7.531187e+002  1.840106e-005
 7.537375e+002  1.842350e-005
 7.543562e+002  2.071295e-005
 7.549750e+002  2.047203e-005
 7.555937e+002  1.789183e-005
 7.562125e+002  1.666057e-005
 7.568312e+002  1.814869e-005
 7.574500e+002  1.840582e-005
 7.580687e+002  1.721178e-005
 7.586875e+002  2.026481e-005
 7.593062e+002  2.257771e-005
 7.599250e+002  1.910426e-005
 7.605437e+002  1.905412e-005
 7.611625e+002  1.968326e-005
 7.617812e+002  1.938615e-005
 7.624000e+002  2.085196e-005
 7.630187e+002  1.983117e-005
 7.636375e+002  1.977452e-005
 7.642562e+002  2.183797e-005
 7.648750e+002  2.299258e-005
 7.654937e+002  1.951358e-005
 7.661125e+002  1.864627e-005
 7.667312e+002  2.205849e-005
 7.673500e+002  2.479784e-005
 7.679687e+002  1.934496e-005
 7.685875e+002  1.914901e-005
 7.692062e+002  1.953821e-005
 7.698250e+002  2.097674e-005
 7.704437e+002  2.225212e-005
 7.710625e+002  1.805037e-005
 7.716812e+002  2.184758e-005
 7.723000e+002  2.087447e-005
 7.729187e+002  1.884105e-005
 7.735375e+002  1.912801e-005
 7.741562e+002  2.175641e-005
 7.747750e+002  2.270140e-005
 7.753937e+002  1.899431e-005
 7.760125e+002  1.830810e-005
 7.766312e+002  1.875522e-005
 7.772500e+002  1.874443e-005
 7.778687e+002  2.170987e-005
 7.784875e+002  2.182213e-005
 7.791062e+002  2.149382e-005
 7.797250e+002  1.943313e-005
 7.803437e+002  1.971966e-005
 7.809625e+002  2.168659e-005
 7.815812e+002  2.371113e-005
 7.822000e+002  2.347088e-005
 7.828187e+002  1.983217e-005
 7.834375e+002  2.084661e-005
 7.840562e+002  2.131448e-005
 7.846750e+002  1.879026e-005
 7.852937e+002  1.686109e-005
 7.859125e+002  1.936776e-005
 7.865312e+002  1.918740e-005
 7.871500e+002  1.891059e-005
 7.877687e+002  1.893689e-005
 7.883875e+002  1.833814e-005
 7.890062e+002  1.811006e-005
 7.896250e+002  1.805274e-005
 7.902437e+002  2.091342e-005
 7.908625e+002  2.380665e-005
 7.914812e+002  2.480889e-005
 7.921000e+002  2.101894e-005
 7.927187e+002  1.656675e-005
 7.933375e+002  1.799214e-005
 7.939562e+002  1.738407e-005
 7.945750e+002  1.561855e-005
 7.951937e+002  1.901305e-005
 7.958125e+002  1.861475e-005
 7.964312e+002  1.901059e-005
 7.970500e+002  1.881245e-005
 7.976687e+002  2.179528e-005
 7.982875e+002  2.120080e-005
 7.989062e+002  2.055466e-005
 7.995250e+002  5.539951e-005
 8.001437e+002  1.410603e-004
 8.007625e+002  9.701208e-005
 8.013812e+002  2.472817e-005
 8.020000e+002  2.152494e-005
 8.026187e+002  2.201468e-005
 8.032375e+002  2.078407e-005
 8.038562e+002  1.986581e-005
 8.044750e+002  2.081554e-005
 8.050937e+002  2.054160e-005
 8.057125e+002  2.033202e-005
 8.063312e+002  1.895092e-005
 8.069500e+002  1.696899e-005
 8.075687e+002  1.646064e-005
 8.081875e+002  2.066496e-005
 8.088062e+002  2.034776e-005
 8.094250e+002  2.070864e-005
 8.100437e+002  1.907008e-005
 8.106625e+002  2.050183e-005
 8.112812e+002  1.894998e-005
 8.119000e+002  1.900390e-005
 8.125187e+002  1.758332e-005
 8.131375e+002  1.889038e-005
 8.137562e+002  2.220468e-005
 8.143750e+002  2.008799e-005
 8.149937e+002  1.944470e-005
 8.156125e+002  2.219548e-005
 8.162312e+002  2.067130e-005
 8.168500e+002  2.090624e-005
 8.174687e+002  1.996450e-005
 8.180875e+002  2.069354e-005
 8.187062e+002  2.230921e-005
 8.193250e+002  2.022558e-005
 8.199437e+002  1.834183e-005
 8.205625e+002  2.059192e-005
 8.211812e+002  1.904840e-005
 8.218000e+002  1.944288e-005
 8.224187e+002  1.923490e-005
 8.230375e+002  2.016977e-005
 8.236562e+002  2.134175e-005
 8.242750e+002  2.255164e-005
 8.248937e+002  2.080510e-005
 8.255125e+002  2.058382e-005
 8.261312e+002  2.120870e-005
 8.267500e+002  1.955410e-005
 8.273687e+002  1.857651e-005
 8.279875e+002  1.888765e-005
 8.286062e+002  1.944271e-005
 8.292250e+002  2.032950e-005
 8.298437e+002  1.775952e-005
 8.304625e+002  1.777673e-005
 8.310812e+002  1.933612e-005
 8.317000e+002  2.039714e-005
 8.323187e+002  1.828559e-005
 8.329375e+002  1.788337e-005
 8.335562e+002  1.929590e-005
 8.341750e+002  1.919897e-005
 8.347937e+002  2.354025e-005
 8.354125e+002  2.029165e-005
 8.360312e+002  1.913805e-005
 8.366500e+002  2.141832e-005
 8.372687e+002  2.091233e-005
 8.378875e+002  1.922343e-005
 8.385062e+002  2.177422e-005
 8.391250e+002  2.198450e-005
 8.397437e+002  2.095378e-005
 8.403625e+002  1.948497e-005
 8.409812e+002  2.050902e-005
 8.416000e+002  2.116948e-005
 8.422187e+002  2.051254e-005
 8.428375e+002  2.082195e-005
 8.434562e+002  1.905462e-005
 8.440750e+002  1.934683e-005
 8.446937e+002  1.964708e-005
 8.453125e+002  1.753921e-005
 8.459312e+002  2.152188e-005
 8.465500e+002  2.329719e-005
 8.471687e+002  2.087921e-005
 8.477875e+002  2.060926e-005
 8.484062e+002  1.810234e-005
 8.490250e+002  2.096451e-005
 8.496437e+002  1.428818e-004
 8.502625e+002  2.798859e-004
 8.508812e+002  1.555992e-004
 8.515000e+002  2.289154e-005
 8.521187e+002  2.197765e-005
 8.527375e+002  2.061785e-005
 8.533562e+002  1.992483e-005
 8.539750e+002  1.984537e-005
 8.545937e+002  1.985351e-005
 8.552125e+002  1.823872e-005
 8.558312e+002  1.951609e-005
 8.564500e+002  2.089926e-005
 8.570687e+002  1.954089e-005
 8.576875e+002  2.029656e-005
 8.583062e+002  2.253665e-005
 8.589250e+002  2.090091e-005
 8.595437e+002  1.981264e-005
 8.601625e+002  1.976975e-005
 8.607812e+002  2.075133e-005
 8.614000e+002  2.125902e-005
 8.620187e+002  1.851541e-005
 8.626375e+002  1.923018e-005
 8.632562e+002  2.135744e-005
 8.638750e+002  1.911060e-005
 8.644937e+002  1.837824e-005
 8.651125e+002  2.219692e-005
 8.657312e+002  2.218199e-005
 8.663500e+002  1.948797e-005
 8.669687e+002  1.924694e-005
 8.675875e+002  1.829091e-005
 8.682062e+002  1.753976e-005
 8.688250e+002  2.177164e-005
 8.694437e+002  2.109948e-005
 8.700625e+002  2.010341e-005
 8.706812e+002  1.996735e-005
 8.713000e+002  1.894645e-005
 8.719187e+002  1.943402e-005
 8.725375e+002  1.766006e-005
 8.731562e+002  1.567308e-005
 8.737750e+002  1.866485e-005
 8.743937e+002  1.900656e-005
 8.750125e+002  1.842550e-005
 8.756312e+002  1.873806e-005
 8.762500e+002  2.047747e-005
 8.768687e+002  1.816704e-005
 8.774875e+002  1.939869e-005
 8.781062e+002  2.072954e-005
 8.787250e+002  2.438145e-005
 8.793437e+002  2.185738e-005
 8.799625e+002  2.002928e-005
 8.805812e+002  1.788096e-005
 8.812000e+002  1.913688e-005
 8.818187e+002  1.995495e-005
 8.824375e+002  1.929099e-005
 8.830562e+002  1.990605e-005
 8.836750e+002  1.898123e-005
 8.842937e+002  2.150810e-005
 8.849125e+002  2.003452e-005
 8.855312e+002  2.021966e-005
 8.861500e+002  1.970534e-005
 8.867687e+002  1.746980e-005
 8.873875e+002  1.920183e-005
 8.880062e+002  1.796668e-005
 8.886250e+002  1.794421e-005
 8.892437e+002  1.431284e-005
 8.898625e+002  1.801304e-005
 8.904812e+002  2.100969e-005
 8.911000e+002  1.905254e-005
 8.917187e+002  1.942308e-005
 8.923375e+002  1.902504e-005
 8.929562e+002  2.037427e-005
 8.935750e+002  1.892364e-005
 8.941937e+002  2.126871e-005
 8.948125e+002  1.936725e-005
 8.954312e+002  1.794408e-005
 8.960500e+002  1.920845e-005
 8.966687e+002  2.054854e-005
 8.972875e+002  2.141660e-005
 8.979062e+002  1.917756e-005
 8.985250e+002  1.747427e-005
 8.991437e+002  1.754956e-005
 8.997625e+002  1.040910e-004
 9.003812e+002  1.674068e-004
 9.010000e+002  7.377432e-005
 9.016187e+002  1.732018e-005
 9.022375e+002  1.764429e-005
 9.028562e+002  2.038885e-005
 9.034750e+002  2.126560e-005
 9.040937e+002  2.081809e-005
 9.047125e+002  1.796087e-005
 9.053312e+002  2.064749e-005
 9.059500e+002  2.198763e-005
 9.065687e+002  2.027597e-005
 9.071875e+002  2.073320e-005
 9.078062e+002  2.223660e-005
 9.084250e+002  1.962932e-005
 9.090437e+002  2.200543e-005
 9.096625e+002  2.167388e-005
 9.102812e+002  2.018418e-005
 9.109000e+002  2.009197e-005
 9.115187e+002  1.793089e-005
 9.121375e+002  1.886044e-005
 9.127562e+002  1.985110e-005
 9.133750e+002  2.014503e-005
 9.139937e+002  2.007049e-005
 9.146125e+002  1.821447e-005
 9.152312e+002  1.804876e-005
 9.158500e+002  1.912805e-005
 9.164687e+002  1.906579e-005
 9.170875e+002  1.696453e-005
 9.177062e+002  1.491893e-005
 9.183250e+002  1.749621e-005
 9.189437e+002  1.737034e-005
 9.195625e+002  1.736574e-005
 9.201812e+002  1.900510e-005
 9.208000e+002  2.014170e-005
 9.214187e+002  2.174820e-005
 9.220375e+002  2.163140e-005
 9.226562e+002  1.904817e-005
 9.232750e+002  1.792664e-005
 9.238937e+002  1.840734e-005
 9.245125e+002  1.939937e-005
 9.251312e+002  2.003850e-005
 9.257500e+002  2.005836e-005
 9.263687e+002  2.053072e-005
 9.269875e+002  1.750473e-005
 9.276062e+002  1.701692e-005
 9.282250e+002  1.740419e-005
 9.288437e+002  1.998063e-005
 9.294625e+002  1.958947e-005
 9.300812e+002  2.094907e-005
 9.307000e+002  1.873438e-005
 9.313187e+002  2.028636e-005
 9.319375e+002  2.127535e-005
 9.325562e+002  1.824757e-005
 9.331750e+002  1.941020e-005
 9.337937e+002  2.266007e-005
 9.344125e+002  1.986533e-005
 9.350312e+002  1.899436e-005
 9.356500e+002  1.989444e-005
 9.362687e+002  1.988777e-005
 9.368875e+002  2.015361e-005
 9.375062e+002  2.128795e-005
 9.381250e+002  1.819707e-005
 9.387437e+002  1.768945e-005
 9.393625e+002  1.921689e-005
 9.399812e+002  1.825306e-005
 9.406000e+002  1.726212e-005
 9.412187e+002  1.835878e-005
 9.418375e+002  1.807579e-005
 9.424562e+002  1.952678e-005
 9.430750e+002  1.927165e-005
 9.436937e+002  1.662116e-005
 9.443125e+002  1.884523e-005
 9.449312e+002  2.063907e-005
 9.455500e+002  1.998902e-005
 9.461687e+002  1.441045e-005
 9.467875e+002  1.832834e-005
 9.474062e+002  2.020977e-005
 9.480250e+002  2.089880e-005
 9.486437e+002  2.107136e-005
 9.492625e+002  4.045336e-005
 9.498812e+002  2.232792e-004
 9.505000e+002  2.885882e-004
 9.511187e+002  9.960334e-005
 9.517375e+002  2.317502e-005
 9.523562e+002  1.962506e-005
 9.529750e+002  2.186665e-005
 9.535937e+002  2.287187e-005
 9.542125e+002  1.991106e-005
 9.548312e+002  1.673886e-005
 9.554500e+002  1.744355e-005
 9.560687e+002  1.866847e-005
 9.566875e+002  1.808111e-005
 9.573062e+002  1.991153e-005
 9.579250e+002  2.073216e-005
 9.585437e+002  2.126641e-005
 9.591625e+002  2.101505e-005
 9.597812e+002  1.937362e-005
 9.604000e+002  2.053467e-005
 9.610187e+002  1.909922e-005
 9.616375e+002  2.139081e-005
 9.622562e+002  2.141288e-005
 9.628750e+002  1.987413e-005
 9.634937e+002  2.013118e-005
 9.641125e+002  1.698695e-005
 9.647312e+002  1.575325e-005
 9.653500e+002  1.849423e-005
 9.659687e+002  2.047214e-005
 9.665875e+002  1.793628e-005
 9.672062e+002  1.828210e-005
 9.678250e+002  2.030557e-005
 9.684437e+002  2.350072e-005
 9.690625e+002  1.746487e-005
 9.696812e+002  1.934073e-005
 9.703000e+002  2.240583e-005
 9.709187e+002  2.014958e-005
 9.715375e+002  2.146689e-005
 9.721562e+002  2.142766e-005
 9.727750e+002  2.311268e-005
 9.733937e+002  1.856515e-005
 9.740125e+002  2.300432e-005
 9.746312e+002  2.147164e-005
 9.752500e+002  2.063618e-005
 9.758687e+002  2.223259e-005
 9.764875e+002  2.009047e-005
 9.771062e+002  2.094652e-005
 9.777250e+002  1.961413e-005
 9.783437e+002  1.558592e-005
 9.789625e+002  1.981743e-005
 9.795812e+002  2.169713e-005
 9.802000e+002  2.117214e-005
 9.808187e+002  1.891284e-005
 9.814375e+002  1.704124e-005
 9.820562e+002  1.854388e-005
 9.826750e+002  1.800702e-005
 9.832937e+002  1.845601e-005
 9.839125e+002  1.998912e-005
 9.845312e+002  2.077709e-005
 9.851500e+002  2.185416e-005
 9.857687e+002  2.189180e-005
 9.863875e+002  2.044729e-005
 9.870062e+002  2.014353e-005
 9.876250e+002  1.974510e-005
 9.882437e+002  1.886492e-005
 9.888625e+002  1.767730e-005
 9.894812e+002  1.802790e-005
 9.901000e+002  2.190456e-005
 9.907187e+002  2.222845e-005
 9.913375e+002  2.217829e-005
 9.919562e+002  2.006181e-005
 9.925750e+002  1.786297e-005
 9.931937e+002  1.603336e-005
 9.938125e+002  1.872703e-005
 9.944312e+002  1.828665e-005
 9.950500e+002  1.889637e-005
 9.956687e+002  1.908352e-005
 9.962875e+002  1.856662e-005
 9.969062e+002  2.070069e-005
 9.975250e+002  2.219975e-005
 9.981437e+002  2.168720e-005
 9.987625e+002  2.159509e-005
 9.993812e+002  3.362074e-005
 1.000000e+003  1.083794e-004
