 1.000000e+001  2.791098e-004
 1.061875e+001  2.621544e-004
 1.123750e+001  2.435333e-004
 1.185625e+001  2.261553e-004
 1.247500e+001  2.821877e-004
 1.309375e+001  2.651967e-004
 1.371250e+001  2.362219e-004
 1.433125e+001  2.091460e-004
 1.495000e+001  1.885434e-004
 1.556875e+001  1.909125e-004
 1.618750e+001  2.047910e-004
 1.680625e+001  2.153233e-004
 1.742500e+001  1.988354e-004
 1.804375e+001  2.026528e-004
 1.866250e+001  1.897972e-004
 1.928125e+001  1.791876e-004
 1.990000e+001  1.905357e-004
 2.051875e+001  1.882922e-004
 2.113750e+001  1.941491e-004
 2.175625e+001  1.707190e-004
 2.237500e+001  1.701239e-004
 2.299375e+001  1.874796e-004
 2.361250e+001  1.823099e-004
 2.423125e+001  1.832919e-004
 2.485000e+001  2.226568e-004
 2.546875e+001  1.894761e-004
 2.608750e+001  1.681466e-004
 2.670625e+001  1.589646e-004
 2.732500e+001  1.683663e-004
 2.794375e+001  1.695680e-004
 2.856250e+001  1.681023e-004
 2.918125e+001  1.763675e-004
 2.980000e+001  1.687848e-004
 3.041875e+001  1.625081e-004
 3.103750e+001  1.575041e-004
 3.165625e+001  1.607603e-004
 3.227500e+001  1.518845e-004
 3.289375e+001  1.613069e-004
 3.351250e+001  1.563945e-004
 3.413125e+001  1.471605e-004
 3.475000e+001  1.490625e-004
 3.536875e+001  1.449169e-004
 3.598750e+001  1.454217e-004
 3.660625e+001  1.529384e-004
 3.722500e+001  1.807864e-004
 3.784375e+001  1.734789e-004
 3.846250e+001  1.403311e-004
 3.908125e+001  1.378983e-004
 3.970000e+001  1.446779e-004
 4.031875e+001  1.481366e-004
 4.093750e+001  1.523389e-004
 4.155625e+001  1.392746e-004
 4.217500e+001  1.416540e-004
 4.279375e+001  1.450386e-004
 4.341250e+001  1.407878e-004
 4.403125e+001  1.320839e-004
 4.465000e+001  1.303457e-004
 4.526875e+001  1.404351e-004
 4.588750e+001  1.361483e-004
 4.650625e+001  1.487084e-004
 4.712500e+001  1.515230e-004
 4.774375e+001  1.423308e-004
 4.836250e+001  1.518318e-004
 4.898125e+001  3.733214e-004
 4.960000e+001  2.498379e-003
 5.021875e+001  2.995566e-003
 5.083750e+001  8.092156e-004
 5.145625e+001  1.723774e-004
 5.207500e+001  1.490377e-004
 5.269375e+001  1.468396e-004
 5.331250e+001  1.437106e-004
 5.393125e+001  1.481858e-004
 5.455000e+001  1.415531e-004
 5.516875e+001  1.354428e-004
 5.578750e+001  1.369791e-004
 5.640625e+001  1.454576e-004
 5.702500e+001  1.484494e-004
 5.764375e+001  1.448456e-004
 5.826250e+001  1.409800e-004
 5.888125e+001  1.341943e-004
 5.950000e+001  4.267787e-004
 6.011875e+001  6.498774e-004
 6.073750e+001  2.939657e-004
 6.135625e+001  1.392111e-004
 6.197500e+001  1.550005e-004
 6.259375e+001  1.669179e-004
 6.321250e+001  1.638510e-004
 6.383125e+001  1.483268e-004
 6.445000e+001  1.394601e-004
 6.506875e+001  1.388109e-004
 6.568750e+001  1.440946e-004
 6.630625e+001  1.291513e-004
 6.692500e+001  1.441645e-004
 6.754375e+001  1.450557e-004
 6.816250e+001  1.386369e-004
 6.878125e+001  1.350251e-004
 6.940000e+001  1.362609e-004
 7.001875e+001  1.465790e-004
 7.063750e+001  1.341934e-004
 7.125625e+001  1.431333e-004
 7.187500e+001  1.510871e-004
 7.249375e+001  1.544441e-004
 7.311250e+001  1.498679e-004
 7.373125e+001  1.446922e-004
 7.435000e+001  1.388108e-004
 7.496875e+001  1.433662e-004
 7.558750e+001  1.365343e-004
 7.620625e+001  1.420988e-004
 7.682500e+001  1.449313e-004
 7.744375e+001  1.420848e-004
 7.806250e+001  1.376592e-004
 7.868125e+001  1.366092e-004
 7.930000e+001  1.404286e-004
 7.991875e+001  1.348993e-004
 8.053750e+001  1.352868e-004
 8.115625e+001  1.391087e-004
 8.177500e+001  1.307945e-004
 8.239375e+001  1.328676e-004
 8.301250e+001  1.348661e-004
 8.363125e+001  1.429026e-004
 8.425000e+001  1.266168e-004
 8.486875e+001  1.378800e-004
 8.548750e+001  1.528158e-004
 8.610625e+001  1.497114e-004
 8.672500e+001  1.551657e-004
 8.734375e+001  1.473314e-004
 8.796250e+001  1.364907e-004
 8.858125e+001  1.311563e-004
 8.920000e+001  1.287366e-004
 8.981875e+001  1.248767e-004
 9.043750e+001  1.288239e-004
 9.105625e+001  1.174888e-004
 9.167500e+001  1.435649e-004
 9.229375e+001  1.419797e-004
 9.291250e+001  1.335933e-004
 9.353125e+001  1.395854e-004
 9.415000e+001  1.359870e-004
 9.476875e+001  1.279661e-004
 9.538750e+001  1.414846e-004
 9.600625e+001  1.415829e-004
 9.662500e+001  1.316270e-004
 9.724375e+001  1.317124e-004
 9.786250e+001  1.277623e-004
 9.848125e+001  1.519006e-004
 9.910000e+001  4.209290e-004
 9.971875e+001  1.758071e-003
 1.003375e+002  1.619339e-003
 1.009563e+002  3.009262e-004
 1.015750e+002  1.325788e-004
 1.021938e+002  1.274843e-004
 1.028125e+002  1.346269e-004
 1.034313e+002  1.356172e-004
 1.040500e+002  1.338307e-004
 1.046688e+002  1.364441e-004
 1.052875e+002  1.344199e-004
 1.059063e+002  1.310871e-004
 1.065250e+002  1.359964e-004
 1.071438e+002  1.476875e-004
 1.077625e+002  1.477668e-004
 1.083813e+002  1.434794e-004
 1.090000e+002  1.267647e-004
 1.096188e+002  1.490304e-004
 1.102375e+002  1.404233e-004
 1.108563e+002  1.400003e-004
 1.114750e+002  1.417995e-004
 1.120938e+002  1.182817e-004
 1.127125e+002  1.268018e-004
 1.133313e+002  1.340404e-004
 1.139500e+002  1.359982e-004
 1.145688e+002  1.362189e-004
 1.151875e+002  1.370782e-004
 1.158063e+002  1.261171e-004
 1.164250e+002  1.201841e-004
 1.170438e+002  1.388940e-004
 1.176625e+002  1.385163e-004
 1.182813e+002  1.416597e-004
 1.189000e+002  1.416290e-004
 1.195188e+002  3.882977e-004
 1.201375e+002  6.228546e-004
 1.207563e+002  2.700032e-004
 1.213750e+002  1.277429e-004
 1.219938e+002  1.208590e-004
 1.226125e+002  1.271753e-004
 1.232313e+002  1.417594e-004
 1.238500e+002  1.302444e-004
 1.244688e+002  1.340262e-004
 1.250875e+002  1.417856e-004
 1.257063e+002  1.429897e-004
 1.263250e+002  1.330815e-004
 1.269438e+002  1.316661e-004
 1.275625e+002  1.424797e-004
 1.281813e+002  1.374298e-004
 1.288000e+002  1.209260e-004
 1.294188e+002  1.240153e-004
 1.300375e+002  1.260012e-004
 1.306563e+002  1.153284e-004
 1.312750e+002  1.248615e-004
 1.318938e+002  1.192738e-004
 1.325125e+002  1.216933e-004
 1.331313e+002  1.236203e-004
 1.337500e+002  1.297239e-004
 1.343688e+002  1.373207e-004
 1.349875e+002  1.313383e-004
 1.356063e+002  1.328366e-004
 1.362250e+002  1.229187e-004
 1.368438e+002  1.253410e-004
 1.374625e+002  1.376718e-004
 1.380813e+002  1.466880e-004
 1.387000e+002  1.378678e-004
 1.393188e+002  1.343057e-004
 1.399375e+002  1.253375e-004
 1.405563e+002  1.172080e-004
 1.411750e+002  1.330675e-004
 1.417938e+002  1.960652e-004
 1.424125e+002  2.073186e-004
 1.430313e+002  1.976332e-004
 1.436500e+002  1.310901e-004
 1.442688e+002  1.319970e-004
 1.448875e+002  1.326678e-004
 1.455063e+002  1.298757e-004
 1.461250e+002  1.366368e-004
 1.467438e+002  1.291214e-004
 1.473625e+002  1.419167e-004
 1.479813e+002  1.356987e-004
 1.486000e+002  1.302463e-004
 1.492188e+002  8.901202e-004
 1.498375e+002  2.552888e-003
 1.504563e+002  1.808565e-003
 1.510750e+002  2.111420e-004
 1.516938e+002  1.297060e-004
 1.523125e+002  1.396257e-004
 1.529313e+002  1.325163e-004
 1.535500e+002  1.273297e-004
 1.541688e+002  1.220090e-004
 1.547875e+002  1.273439e-004
 1.554063e+002  1.206908e-004
 1.560250e+002  1.246236e-004
 1.566438e+002  1.318623e-004
 1.572625e+002  1.220306e-004
 1.578813e+002  1.298858e-004
 1.585000e+002  1.416198e-004
 1.591188e+002  1.314434e-004
 1.597375e+002  1.295825e-004
 1.603563e+002  1.229550e-004
 1.609750e+002  1.327903e-004
 1.615938e+002  1.375161e-004
 1.622125e+002  1.317678e-004
 1.628313e+002  1.305736e-004
 1.634500e+002  1.349426e-004
 1.640688e+002  1.232909e-004
 1.646875e+002  1.173792e-004
 1.653063e+002  1.153597e-004
 1.659250e+002  1.179109e-004
 1.665438e+002  1.222060e-004
 1.671625e+002  1.292498e-004
 1.677813e+002  1.310871e-004
 1.684000e+002  1.115666e-004
 1.690188e+002  1.154798e-004
 1.696375e+002  1.309625e-004
 1.702563e+002  1.372246e-004
 1.708750e+002  1.244167e-004
 1.714938e+002  1.307562e-004
 1.721125e+002  1.254537e-004
 1.727313e+002  1.177549e-004
 1.733500e+002  1.181676e-004
 1.739688e+002  1.198601e-004
 1.745875e+002  1.251500e-004
 1.752063e+002  1.211042e-004
 1.758250e+002  1.312958e-004
 1.764438e+002  1.282755e-004
 1.770625e+002  1.313207e-004
 1.776813e+002  1.264677e-004
 1.783000e+002  1.326672e-004
 1.789188e+002  1.274330e-004
 1.795375e+002  4.153500e-004
 1.801563e+002  6.584221e-004
 1.807750e+002  2.878492e-004
 1.813938e+002  1.331013e-004
 1.820125e+002  1.332070e-004
 1.826313e+002  1.283076e-004
 1.832500e+002  1.205035e-004
 1.838688e+002  1.170086e-004
 1.844875e+002  1.147189e-004
 1.851063e+002  1.216040e-004
 1.857250e+002  1.248781e-004
 1.863438e+002  1.239557e-004
 1.869625e+002  1.205403e-004
 1.875813e+002  1.283834e-004
 1.882000e+002  1.346018e-004
 1.888188e+002  1.218867e-004
 1.894375e+002  1.240441e-004
 1.900563e+002  1.280241e-004
 1.906750e+002  1.228155e-004
 1.912938e+002  1.285531e-004
 1.919125e+002  1.370746e-004
 1.925313e+002  1.342178e-004
 1.931500e+002  1.275424e-004
 1.937688e+002  1.243671e-004
 1.943875e+002  1.285596e-004
 1.950063e+002  1.233997e-004
 1.956250e+002  1.218117e-004
 1.962438e+002  1.283364e-004
 1.968625e+002  1.233531e-004
 1.974813e+002  1.210374e-004
 1.981000e+002  1.257156e-004
 1.987188e+002  1.235594e-004
 1.993375e+002  5.554147e-004
 1.999563e+002  1.164730e-003
 2.005750e+002  6.215592e-004
 2.011938e+002  1.202165e-004
 2.018125e+002  1.283459e-004
 2.024313e+002  1.269286e-004
 2.030500e+002  1.204859e-004
 2.036688e+002  1.249195e-004
 2.042875e+002  1.245844e-004
 2.049063e+002  1.154236e-004
 2.055250e+002  1.196783e-004
 2.061438e+002  1.279287e-004
 2.067625e+002  1.221905e-004
 2.073813e+002  1.249984e-004
 2.080000e+002  1.260892e-004
 2.086188e+002  1.116759e-004
 2.092375e+002  1.175844e-004
 2.098563e+002  1.337732e-004
 2.104750e+002  1.288222e-004
 2.110938e+002  1.189784e-004
 2.117125e+002  1.269133e-004
 2.123313e+002  1.231711e-004
 2.129500e+002  1.164863e-004
 2.135688e+002  1.251377e-004
 2.141875e+002  1.175499e-004
 2.148063e+002  1.134214e-004
 2.154250e+002  1.124523e-004
 2.160438e+002  1.193445e-004
 2.166625e+002  1.238755e-004
 2.172813e+002  1.222545e-004
 2.179000e+002  1.245578e-004
 2.185188e+002  1.129569e-004
 2.191375e+002  1.152491e-004
 2.197563e+002  1.223591e-004
 2.203750e+002  1.154928e-004
 2.209938e+002  1.293843e-004
 2.216125e+002  1.208299e-004
 2.222313e+002  1.251520e-004
 2.228500e+002  1.233703e-004
 2.234688e+002  1.263284e-004
 2.240875e+002  1.314041e-004
 2.247063e+002  1.240636e-004
 2.253250e+002  1.166692e-004
 2.259438e+002  1.171522e-004
 2.265625e+002  1.290898e-004
 2.271813e+002  1.173899e-004
 2.278000e+002  1.105456e-004
 2.284188e+002  1.113683e-004
 2.290375e+002  1.141138e-004
 2.296563e+002  1.268225e-004
 2.302750e+002  1.341645e-004
 2.308938e+002  1.186950e-004
 2.315125e+002  1.147044e-004
 2.321313e+002  1.169093e-004
 2.327500e+002  1.161919e-004
 2.333688e+002  1.225201e-004
 2.339875e+002  1.263997e-004
 2.346063e+002  1.344339e-004
 2.352250e+002  1.267200e-004
 2.358438e+002  1.225762e-004
 2.364625e+002  1.240823e-004
 2.370813e+002  1.144777e-004
 2.377000e+002  1.176948e-004
 2.383188e+002  1.122038e-004
 2.389375e+002  1.234748e-004
 2.395563e+002  4.428524e-004
 2.401750e+002  6.993853e-004
 2.407938e+002  3.044621e-004
 2.414125e+002  1.116376e-004
 2.420313e+002  1.204198e-004
 2.426500e+002  1.164278e-004
 2.432688e+002  1.242463e-004
 2.438875e+002  1.188599e-004
 2.445063e+002  1.166646e-004
 2.451250e+002  1.127534e-004
 2.457438e+002  1.105845e-004
 2.463625e+002  1.156911e-004
 2.469813e+002  1.151069e-004
 2.476000e+002  1.244498e-004
 2.482188e+002  1.286153e-004
 2.488375e+002  1.197205e-004
 2.494563e+002  8.927778e-004
 2.500750e+002  1.409609e-003
 2.506938e+002  5.695509e-004
 2.513125e+002  1.195362e-004
 2.519313e+002  1.191628e-004
 2.525500e+002  1.324527e-004
 2.531688e+002  1.212424e-004
 2.537875e+002  1.138439e-004
 2.544063e+002  1.152644e-004
 2.550250e+002  1.112523e-004
 2.556438e+002  1.130690e-004
 2.562625e+002  1.199244e-004
 2.568813e+002  1.115604e-004
 2.575000e+002  1.088348e-004
 2.581188e+002  1.216895e-004
 2.587375e+002  1.213891e-004
 2.593563e+002  1.129771e-004
 2.599750e+002  1.053623e-004
 2.605938e+002  1.160523e-004
 2.612125e+002  1.204511e-004
 2.618313e+002  1.252628e-004
 2.624500e+002  1.226054e-004
 2.630688e+002  1.293417e-004
 2.636875e+002  1.184154e-004
 2.643063e+002  1.068330e-004
 2.649250e+002  1.026990e-004
 2.655438e+002  1.074733e-004
 2.661625e+002  1.232574e-004
 2.667813e+002  1.268757e-004
 2.674000e+002  1.285964e-004
 2.680188e+002  1.226872e-004
 2.686375e+002  1.152610e-004
 2.692563e+002  1.223412e-004
 2.698750e+002  1.269242e-004
 2.704938e+002  1.265885e-004
 2.711125e+002  1.168824e-004
 2.717313e+002  9.489294e-005
 2.723500e+002  9.594282e-005
 2.729688e+002  1.119861e-004
 2.735875e+002  1.192327e-004
 2.742063e+002  1.198698e-004
 2.748250e+002  1.146591e-004
 2.754438e+002  1.146442e-004
 2.760625e+002  1.204876e-004
 2.766813e+002  1.279217e-004
 2.773000e+002  1.226671e-004
 2.779188e+002  1.191381e-004
 2.785375e+002  1.186924e-004
 2.791563e+002  1.245046e-004
 2.797750e+002  1.176159e-004
 2.803938e+002  1.169466e-004
 2.810125e+002  1.110246e-004
 2.816313e+002  2.032344e-004
 2.822500e+002  3.280956e-004
 2.828688e+002  1.823310e-004
 2.834875e+002  1.360682e-004
 2.841063e+002  1.345330e-004
 2.847250e+002  1.272660e-004
 2.853438e+002  1.648163e-004
 2.859625e+002  1.608897e-004
 2.865813e+002  1.182922e-004
 2.872000e+002  1.197176e-004
 2.878188e+002  1.055494e-004
 2.884375e+002  1.068871e-004
 2.890563e+002  1.116717e-004
 2.896750e+002  1.070867e-004
 2.902938e+002  1.191272e-004
 2.909125e+002  1.230731e-004
 2.915313e+002  1.124810e-004
 2.921500e+002  1.085495e-004
 2.927688e+002  1.074353e-004
 2.933875e+002  1.096235e-004
 2.940063e+002  1.092199e-004
 2.946250e+002  1.066607e-004
 2.952438e+002  1.197873e-004
 2.958625e+002  1.158935e-004
 2.964813e+002  1.120636e-004
 2.971000e+002  1.138918e-004
 2.977188e+002  1.153158e-004
 2.983375e+002  1.228034e-004
 2.989563e+002  1.187873e-004
 2.995750e+002  5.690982e-004
 3.001938e+002  8.526794e-004
 3.008125e+002  3.424327e-004
 3.014313e+002  1.117388e-004
 3.020500e+002  1.064142e-004
 3.026688e+002  1.108139e-004
 3.032875e+002  1.132391e-004
 3.039063e+002  1.114756e-004
 3.045250e+002  1.045782e-004
 3.051438e+002  1.125452e-004
 3.057625e+002  1.105664e-004
 3.063813e+002  1.102240e-004
 3.070000e+002  1.017705e-004
 3.076188e+002  1.137773e-004
 3.082375e+002  1.279706e-004
 3.088563e+002  1.169971e-004
 3.094750e+002  1.088408e-004
 3.100938e+002  1.149045e-004
 3.107125e+002  1.169154e-004
 3.113313e+002  1.035947e-004
 3.119500e+002  1.026350e-004
 3.125688e+002  1.091012e-004
 3.131875e+002  1.145051e-004
 3.138063e+002  1.161107e-004
 3.144250e+002  1.056135e-004
 3.150437e+002  1.004981e-004
 3.156625e+002  9.114929e-005
 3.162812e+002  9.825975e-005
 3.169000e+002  1.144606e-004
 3.175187e+002  1.296616e-004
 3.181375e+002  1.261775e-004
 3.187562e+002  1.101583e-004
 3.193750e+002  1.174721e-004
 3.199937e+002  1.270869e-004
 3.206125e+002  1.196639e-004
 3.212312e+002  1.167457e-004
 3.218500e+002  1.049777e-004
 3.224687e+002  1.133100e-004
 3.230875e+002  1.202014e-004
 3.237062e+002  1.177843e-004
 3.243250e+002  1.092579e-004
 3.249437e+002  1.049259e-004
 3.255625e+002  9.566650e-005
 3.261812e+002  1.095108e-004
 3.268000e+002  1.105279e-004
 3.274187e+002  1.055063e-004
 3.280375e+002  1.185233e-004
 3.286562e+002  1.285110e-004
 3.292750e+002  1.167281e-004
 3.298937e+002  1.184150e-004
 3.305125e+002  1.048741e-004
 3.311312e+002  1.057477e-004
 3.317500e+002  1.098325e-004
 3.323687e+002  1.089169e-004
 3.329875e+002  1.020241e-004
 3.336062e+002  9.958432e-005
 3.342250e+002  1.082216e-004
 3.348437e+002  1.093846e-004
 3.354625e+002  1.027687e-004
 3.360812e+002  1.029356e-004
 3.367000e+002  1.057739e-004
 3.373187e+002  1.207993e-004
 3.379375e+002  1.184333e-004
 3.385562e+002  1.118058e-004
 3.391750e+002  1.068257e-004
 3.397937e+002  1.036049e-004
 3.404125e+002  1.083580e-004
 3.410312e+002  1.081183e-004
 3.416500e+002  1.004439e-004
 3.422687e+002  1.026748e-004
 3.428875e+002  1.010545e-004
 3.435062e+002  1.051075e-004
 3.441250e+002  1.090388e-004
 3.447437e+002  1.072230e-004
 3.453625e+002  1.124523e-004
 3.459812e+002  1.126974e-004
 3.466000e+002  1.026446e-004
 3.472187e+002  9.627962e-005
 3.478375e+002  1.086253e-004
 3.484562e+002  1.202182e-004
 3.490750e+002  1.647928e-004
 3.496937e+002  6.015718e-004
 3.503125e+002  5.628556e-004
 3.509312e+002  1.435532e-004
 3.515500e+002  1.109003e-004
 3.521687e+002  1.108704e-004
 3.527875e+002  1.048053e-004
 3.534062e+002  1.071526e-004
 3.540250e+002  1.089663e-004
 3.546437e+002  1.044155e-004
 3.552625e+002  1.103770e-004
 3.558812e+002  1.062569e-004
 3.565000e+002  9.887844e-005
 3.571187e+002  9.789379e-005
 3.577375e+002  9.287302e-005
 3.583562e+002  9.194761e-005
 3.589750e+002  1.026335e-004
 3.595937e+002  4.542630e-004
 3.602125e+002  7.344723e-004
 3.608312e+002  3.266763e-004
 3.614500e+002  1.054140e-004
 3.620687e+002  1.051170e-004
 3.626875e+002  1.089131e-004
 3.633062e+002  1.062702e-004
 3.639250e+002  1.080539e-004
 3.645437e+002  1.047738e-004
 3.651625e+002  1.101186e-004
 3.657812e+002  1.135178e-004
 3.664000e+002  1.043055e-004
 3.670187e+002  1.078800e-004
 3.676375e+002  1.056036e-004
 3.682562e+002  1.047236e-004
 3.688750e+002  9.912451e-005
 3.694937e+002  1.040886e-004
 3.701125e+002  1.097120e-004
 3.707312e+002  1.004642e-004
 3.713500e+002  1.016784e-004
 3.719687e+002  1.012071e-004
 3.725875e+002  9.589043e-005
 3.732062e+002  9.881928e-005
 3.738250e+002  9.980448e-005
 3.744437e+002  1.052103e-004
 3.750625e+002  1.061733e-004
 3.756812e+002  1.050713e-004
 3.763000e+002  1.092602e-004
 3.769187e+002  1.114617e-004
 3.775375e+002  1.024595e-004
 3.781562e+002  9.718587e-005
 3.787750e+002  1.083399e-004
 3.793937e+002  1.078730e-004
 3.800125e+002  1.082623e-004
 3.806312e+002  1.071108e-004
 3.812500e+002  1.023849e-004
 3.818687e+002  1.142129e-004
 3.824875e+002  1.184883e-004
 3.831062e+002  1.027370e-004
 3.837250e+002  9.680583e-005
 3.843437e+002  9.423239e-005
 3.849625e+002  8.974975e-005
 3.855812e+002  9.807841e-005
 3.862000e+002  1.016359e-004
 3.868187e+002  1.059264e-004
 3.874375e+002  1.138916e-004
 3.880562e+002  1.074769e-004
 3.886750e+002  1.016208e-004
 3.892937e+002  1.105688e-004
 3.899125e+002  1.082479e-004
 3.905312e+002  1.088055e-004
 3.911500e+002  1.019314e-004
 3.917687e+002  1.059138e-004
 3.923875e+002  1.019484e-004
 3.930062e+002  1.043968e-004
 3.936250e+002  9.958103e-005
 3.942437e+002  1.064283e-004
 3.948625e+002  1.006150e-004
 3.954812e+002  1.067579e-004
 3.961000e+002  1.096997e-004
 3.967187e+002  9.820458e-005
 3.973375e+002  9.950137e-005
 3.979562e+002  1.035666e-004
 3.985750e+002  1.032112e-004
 3.991937e+002  1.133439e-004
 3.998125e+002  1.397893e-004
 4.004312e+002  1.371282e-004
 4.010500e+002  1.168729e-004
 4.016687e+002  1.019880e-004
 4.022875e+002  1.036685e-004
 4.029062e+002  9.177071e-005
 4.035250e+002  1.004680e-004
 4.041437e+002  1.016167e-004
 4.047625e+002  9.577208e-005
 4.053812e+002  9.914325e-005
 4.060000e+002  9.409163e-005
 4.066187e+002  1.035022e-004
 4.072375e+002  1.079491e-004
 4.078562e+002  1.075896e-004
 4.084750e+002  1.047032e-004
 4.090937e+002  9.750480e-005
 4.097125e+002  9.638920e-005
 4.103312e+002  9.051155e-005
 4.109500e+002  9.472138e-005
 4.115687e+002  1.110498e-004
 4.121875e+002  1.077364e-004
 4.128062e+002  1.051332e-004
 4.134250e+002  1.027104e-004
 4.140437e+002  1.001226e-004
 4.146625e+002  1.041819e-004
 4.152812e+002  1.075155e-004
 4.159000e+002  1.047883e-004
 4.165187e+002  9.313291e-005
 4.171375e+002  9.094001e-005
 4.177562e+002  9.719776e-005
 4.183750e+002  9.398113e-005
 4.189937e+002  1.028613e-004
 4.196125e+002  4.189664e-004
 4.202312e+002  7.216335e-004
 4.208500e+002  3.203247e-004
 4.214687e+002  9.364145e-005
 4.220875e+002  1.044544e-004
 4.227062e+002  1.073345e-004
 4.233250e+002  9.806399e-005
 4.239437e+002  9.684198e-005
 4.245625e+002  1.076845e-004
 4.251812e+002  1.146879e-004
 4.258000e+002  1.056235e-004
 4.264187e+002  1.064921e-004
 4.270375e+002  1.028587e-004
 4.276562e+002  1.077583e-004
 4.282750e+002  1.299281e-004
 4.288937e+002  1.129221e-004
 4.295125e+002  1.016364e-004
 4.301312e+002  9.293830e-005
 4.307500e+002  9.302112e-005
 4.313687e+002  1.021496e-004
 4.319875e+002  1.081617e-004
 4.326062e+002  1.014679e-004
 4.332250e+002  9.469086e-005
 4.338437e+002  9.823287e-005
 4.344625e+002  1.050289e-004
 4.350812e+002  1.062067e-004
 4.357000e+002  1.047920e-004
 4.363187e+002  9.924330e-005
 4.369375e+002  9.812195e-005
 4.375562e+002  1.018916e-004
 4.381750e+002  9.954832e-005
 4.387937e+002  9.483792e-005
 4.394125e+002  9.886806e-005
 4.400312e+002  1.072232e-004
 4.406500e+002  1.010790e-004
 4.412687e+002  8.969668e-005
 4.418875e+002  9.838184e-005
 4.425062e+002  1.035386e-004
 4.431250e+002  1.035083e-004
 4.437437e+002  1.020904e-004
 4.443625e+002  1.022083e-004
 4.449812e+002  9.986470e-005
 4.456000e+002  9.521704e-005
 4.462187e+002  1.014287e-004
 4.468375e+002  1.002394e-004
 4.474562e+002  1.087631e-004
 4.480750e+002  1.007798e-004
 4.486937e+002  9.837925e-005
 4.493125e+002  2.039974e-004
 4.499312e+002  3.896281e-004
 4.505500e+002  2.244968e-004
 4.511687e+002  9.469037e-005
 4.517875e+002  1.074176e-004
 4.524062e+002  1.021731e-004
 4.530250e+002  9.193328e-005
 4.536437e+002  9.643131e-005
 4.542625e+002  9.335661e-005
 4.548812e+002  9.206256e-005
 4.555000e+002  8.763801e-005
 4.561187e+002  8.979994e-005
 4.567375e+002  8.843163e-005
 4.573562e+002  9.497358e-005
 4.579750e+002  9.686992e-005
 4.585937e+002  8.998311e-005
 4.592125e+002  9.415680e-005
 4.598312e+002  9.310768e-005
 4.604500e+002  9.456836e-005
 4.610687e+002  1.019148e-004
 4.616875e+002  1.121220e-004
 4.623062e+002  1.100804e-004
 4.629250e+002  1.050359e-004
 4.635437e+002  9.962569e-005
 4.641625e+002  1.023245e-004
 4.647812e+002  9.747873e-005
 4.654000e+002  9.518562e-005
 4.660187e+002  9.951107e-005
 4.666375e+002  1.001540e-004
 4.672562e+002  8.996411e-005
 4.678750e+002  9.703968e-005
 4.684937e+002  1.060430e-004
 4.691125e+002  1.076781e-004
 4.697312e+002  1.029069e-004
 4.703500e+002  1.000991e-004
 4.709687e+002  1.055700e-004
 4.715875e+002  1.003782e-004
 4.722062e+002  9.190096e-005
 4.728250e+002  9.815271e-005
 4.734437e+002  1.032472e-004
 4.740625e+002  9.873115e-005
 4.746812e+002  9.772019e-005
 4.753000e+002  1.011999e-004
 4.759187e+002  9.867978e-005
 4.765375e+002  9.921066e-005
 4.771562e+002  9.861061e-005
 4.777750e+002  1.067478e-004
 4.783937e+002  9.485614e-005
 4.790125e+002  1.029265e-004
 4.796312e+002  4.380867e-004
 4.802500e+002  7.348104e-004
 4.808687e+002  3.259080e-004
 4.814875e+002  1.017150e-004
 4.821062e+002  1.036686e-004
 4.827250e+002  9.634484e-005
 4.833437e+002  9.797639e-005
 4.839625e+002  1.030519e-004
 4.845812e+002  1.002246e-004
 4.852000e+002  9.415133e-005
 4.858187e+002  8.991709e-005
 4.864375e+002  9.446113e-005
 4.870562e+002  9.620818e-005
 4.876750e+002  9.504814e-005
 4.882937e+002  8.839423e-005
 4.889125e+002  9.526119e-005
 4.895312e+002  1.011332e-004
 4.901500e+002  1.005063e-004
 4.907687e+002  9.394383e-005
 4.913875e+002  9.310910e-005
 4.920062e+002  9.661596e-005
 4.926250e+002  9.339758e-005
 4.932437e+002  9.764351e-005
 4.938625e+002  1.045682e-004
 4.944812e+002  1.033244e-004
 4.951000e+002  1.066726e-004
 4.957187e+002  1.014604e-004
 4.963375e+002  9.179564e-005
 4.969562e+002  9.302812e-005
 4.975750e+002  9.987557e-005
 4.981937e+002  1.033938e-004
 4.988125e+002  9.804475e-005
 4.994312e+002  1.972330e-004
 5.000500e+002  2.962620e-004
 5.006687e+002  1.504149e-004
 5.012875e+002  9.557231e-005
 5.019062e+002  1.076858e-004
 5.025250e+002  1.036281e-004
 5.031437e+002  9.104756e-005
 5.037625e+002  9.510403e-005
 5.043812e+002  9.954177e-005
 5.050000e+002  9.849076e-005
 5.056187e+002  9.038217e-005
 5.062375e+002  9.225697e-005
 5.068562e+002  9.458264e-005
 5.074750e+002  8.570661e-005
 5.080937e+002  8.775551e-005
 5.087125e+002  9.343056e-005
 5.093312e+002  9.771393e-005
 5.099500e+002  1.038868e-004
 5.105687e+002  9.236452e-005
 5.111875e+002  9.710171e-005
 5.118062e+002  9.314587e-005
 5.124250e+002  9.370912e-005
 5.130437e+002  8.959041e-005
 5.136625e+002  8.765763e-005
 5.142812e+002  8.912666e-005
 5.149000e+002  8.678313e-005
 5.155187e+002  8.855615e-005
 5.161375e+002  9.281696e-005
 5.167562e+002  9.701143e-005
 5.173750e+002  9.469337e-005
 5.179937e+002  9.068606e-005
 5.186125e+002  9.019603e-005
 5.192312e+002  8.171649e-005
 5.198500e+002  9.093223e-005
 5.204687e+002  9.794585e-005
 5.210875e+002  9.394195e-005
 5.217062e+002  9.285511e-005
 5.223250e+002  9.934338e-005
 5.229437e+002  9.749767e-005
 5.235625e+002  9.850565e-005
 5.241812e+002  9.964593e-005
 5.248000e+002  8.656099e-005
 5.254187e+002  8.863873e-005
 5.260375e+002  8.520198e-005
 5.266562e+002  1.003366e-004
 5.272750e+002  9.666477e-005
 5.278937e+002  8.490676e-005
 5.285125e+002  9.646992e-005
 5.291312e+002  9.762725e-005
 5.297500e+002  8.798006e-005
 5.303687e+002  8.370194e-005
 5.309875e+002  8.660886e-005
 5.316062e+002  8.943339e-005
 5.322250e+002  8.410494e-005
 5.328437e+002  8.962578e-005
 5.334625e+002  9.517120e-005
 5.340812e+002  9.136389e-005
 5.347000e+002  9.706085e-005
 5.353187e+002  9.639415e-005
 5.359375e+002  9.318216e-005
 5.365562e+002  9.160714e-005
 5.371750e+002  8.758020e-005
 5.377937e+002  9.296262e-005
 5.384125e+002  9.010790e-005
 5.390312e+002  8.593256e-005
 5.396500e+002  4.127941e-004
 5.402687e+002  7.204648e-004
 5.408875e+002  3.294937e-004
 5.415062e+002  9.495823e-005
 5.421250e+002  9.113055e-005
 5.427437e+002  9.175737e-005
 5.433625e+002  8.173880e-005
 5.439812e+002  9.161940e-005
 5.446000e+002  9.959750e-005
 5.452187e+002  9.509727e-005
 5.458375e+002  8.727672e-005
 5.464562e+002  9.167326e-005
 5.470750e+002  9.031844e-005
 5.476937e+002  8.427332e-005
 5.483125e+002  8.231579e-005
 5.489312e+002  1.103361e-004
 5.495500e+002  3.551887e-004
 5.501687e+002  4.146010e-004
 5.507875e+002  1.411305e-004
 5.514062e+002  1.030667e-004
 5.520250e+002  1.001249e-004
 5.526437e+002  9.325165e-005
 5.532625e+002  8.881049e-005
 5.538812e+002  9.070324e-005
 5.545000e+002  9.666447e-005
 5.551187e+002  9.508988e-005
 5.557375e+002  9.042151e-005
 5.563562e+002  9.360135e-005
 5.569750e+002  9.253019e-005
 5.575937e+002  8.540095e-005
 5.582125e+002  7.971442e-005
 5.588312e+002  8.519207e-005
 5.594500e+002  9.645923e-005
 5.600687e+002  9.204694e-005
 5.606875e+002  9.055541e-005
 5.613062e+002  9.962425e-005
 5.619250e+002  9.550894e-005
 5.625437e+002  8.524254e-005
 5.631625e+002  8.767466e-005
 5.637812e+002  1.482115e-004
 5.644000e+002  2.841302e-004
 5.650187e+002  1.688382e-004
 5.656375e+002  8.403772e-005
 5.662562e+002  8.696547e-005
 5.668750e+002  9.809566e-005
 5.674937e+002  9.898523e-005
 5.681125e+002  9.662828e-005
 5.687312e+002  1.009133e-004
 5.693500e+002  9.410833e-005
 5.699687e+002  8.703333e-005
 5.705875e+002  9.028261e-005
 5.712062e+002  9.785933e-005
 5.718250e+002  8.865427e-005
 5.724437e+002  8.710808e-005
 5.730625e+002  8.401809e-005
 5.736812e+002  8.321296e-005
 5.743000e+002  8.322017e-005
 5.749187e+002  9.187586e-005
 5.755375e+002  9.481853e-005
 5.761562e+002  1.023491e-004
 5.767750e+002  8.606699e-005
 5.773937e+002  8.850847e-005
 5.780125e+002  9.487052e-005
 5.786312e+002  9.487361e-005
 5.792500e+002  8.866397e-005
 5.798687e+002  8.541081e-005
 5.804875e+002  9.494450e-005
 5.811062e+002  1.028586e-004
 5.817250e+002  9.892651e-005
 5.823437e+002  9.707620e-005
 5.829625e+002  9.250431e-005
 5.835812e+002  9.501830e-005
 5.842000e+002  9.794307e-005
 5.848187e+002  9.372350e-005
 5.854375e+002  9.022864e-005
 5.860562e+002  9.324826e-005
 5.866750e+002  9.304937e-005
 5.872937e+002  9.305796e-005
 5.879125e+002  8.856798e-005
 5.885312e+002  8.866497e-005
 5.891500e+002  8.726056e-005
 5.897687e+002  9.011570e-005
 5.903875e+002  8.578416e-005
 5.910062e+002  9.164018e-005
 5.916250e+002  8.942724e-005
 5.922437e+002  8.944531e-005
 5.928625e+002  9.505450e-005
 5.934812e+002  9.426845e-005
 5.941000e+002  9.080524e-005
 5.947187e+002  8.978440e-005
 5.953375e+002  8.966413e-005
 5.959562e+002  8.196072e-005
 5.965750e+002  8.661803e-005
 5.971937e+002  8.329550e-005
 5.978125e+002  8.567144e-005
 5.984312e+002  8.680326e-005
 5.990500e+002  1.036916e-004
 5.996687e+002  4.632842e-004
 6.002875e+002  7.435655e-004
 6.009062e+002  3.331222e-004
 6.015250e+002  8.599940e-005
 6.021437e+002  8.687691e-005
 6.027625e+002  8.566285e-005
 6.033812e+002  8.375829e-005
 6.040000e+002  9.367091e-005
 6.046187e+002  9.609193e-005
 6.052375e+002  9.569049e-005
 6.058562e+002  1.022842e-004
 6.064750e+002  1.007153e-004
 6.070937e+002  8.896484e-005
 6.077125e+002  9.384105e-005
 6.083312e+002  9.344953e-005
 6.089500e+002  9.518683e-005
 6.095687e+002  8.807022e-005
 6.101875e+002  8.948311e-005
 6.108062e+002  9.663724e-005
 6.114250e+002  9.185801e-005
 6.120437e+002  9.332213e-005
 6.126625e+002  8.848794e-005
 6.132812e+002  8.737496e-005
 6.139000e+002  8.958107e-005
 6.145187e+002  9.448798e-005
 6.151375e+002  9.976250e-005
 6.157562e+002  9.442066e-005
 6.163750e+002  9.200065e-005
 6.169937e+002  9.139697e-005
 6.176125e+002  9.133864e-005
 6.182312e+002  9.434763e-005
 6.188500e+002  9.400647e-005
 6.194687e+002  8.721530e-005
 6.200875e+002  8.837480e-005
 6.207062e+002  8.462676e-005
 6.213250e+002  8.386146e-005
 6.219437e+002  7.900134e-005
 6.225625e+002  8.563049e-005
 6.231812e+002  9.719995e-005
 6.238000e+002  9.386341e-005
 6.244187e+002  8.474065e-005
 6.250375e+002  7.914239e-005
 6.256562e+002  8.158428e-005
 6.262750e+002  8.474106e-005
 6.268937e+002  8.754013e-005
 6.275125e+002  8.226681e-005
 6.281312e+002  7.770471e-005
 6.287500e+002  8.509071e-005
 6.293687e+002  9.527225e-005
 6.299875e+002  9.324481e-005
 6.306062e+002  8.406846e-005
 6.312250e+002  8.881064e-005
 6.318437e+002  9.126389e-005
 6.324625e+002  8.841536e-005
 6.330812e+002  8.426961e-005
 6.337000e+002  8.990460e-005
 6.343187e+002  9.295219e-005
 6.349375e+002  9.883643e-005
 6.355562e+002  9.138122e-005
 6.361750e+002  9.020074e-005
 6.367937e+002  9.010445e-005
 6.374125e+002  9.187197e-005
 6.380312e+002  9.176473e-005
 6.386500e+002  9.005212e-005
 6.392687e+002  8.563876e-005
 6.398875e+002  8.055339e-005
 6.405062e+002  8.756072e-005
 6.411250e+002  9.130687e-005
 6.417437e+002  9.563430e-005
 6.423625e+002  9.045054e-005
 6.429812e+002  8.519016e-005
 6.436000e+002  8.570539e-005
 6.442187e+002  8.890785e-005
 6.448375e+002  8.845360e-005
 6.454562e+002  9.286647e-005
 6.460750e+002  9.258283e-005
 6.466937e+002  9.289586e-005
 6.473125e+002  9.632514e-005
 6.479312e+002  9.147412e-005
 6.485500e+002  8.883104e-005
 6.491687e+002  9.192908e-005
 6.497875e+002  1.094824e-004
 6.504062e+002  9.734304e-005
 6.510250e+002  8.816894e-005
 6.516437e+002  9.397423e-005
 6.522625e+002  9.637183e-005
 6.528812e+002  9.006932e-005
 6.535000e+002  9.263499e-005
 6.541187e+002  8.434323e-005
 6.547375e+002  8.312418e-005
 6.553562e+002  9.085522e-005
 6.559750e+002  8.547737e-005
 6.565937e+002  8.371144e-005
 6.572125e+002  8.538568e-005
 6.578312e+002  8.664785e-005
 6.584500e+002  8.852674e-005
 6.590687e+002  8.992267e-005
 6.596875e+002  3.971372e-004
 6.603062e+002  7.037733e-004
 6.609250e+002  3.330174e-004
 6.615437e+002  8.819544e-005
 6.621625e+002  8.900971e-005
 6.627812e+002  8.635182e-005
 6.634000e+002  8.842423e-005
 6.640187e+002  9.039905e-005
 6.646375e+002  7.714800e-005
 6.652562e+002  8.166910e-005
 6.658750e+002  9.027087e-005
 6.664937e+002  8.507207e-005
 6.671125e+002  8.682147e-005
 6.677312e+002  8.549378e-005
 6.683500e+002  8.601868e-005
 6.689687e+002  8.520204e-005
 6.695875e+002  7.915104e-005
 6.702062e+002  8.297261e-005
 6.708250e+002  8.679788e-005
 6.714437e+002  8.419379e-005
 6.720625e+002  8.106445e-005
 6.726812e+002  8.499418e-005
 6.733000e+002  8.581045e-005
 6.739187e+002  9.342654e-005
 6.745375e+002  9.565494e-005
 6.751562e+002  1.001367e-004
 6.757750e+002  9.993355e-005
 6.763937e+002  9.355821e-005
 6.770125e+002  9.408095e-005
 6.776312e+002  9.346939e-005
 6.782500e+002  8.921040e-005
 6.788687e+002  8.760361e-005
 6.794875e+002  8.223658e-005
 6.801062e+002  7.839686e-005
 6.807250e+002  8.217744e-005
 6.813437e+002  8.285627e-005
 6.819625e+002  7.700856e-005
 6.825812e+002  7.537379e-005
 6.832000e+002  7.734071e-005
 6.838187e+002  8.171317e-005
 6.844375e+002  8.689504e-005
 6.850562e+002  8.367145e-005
 6.856750e+002  8.470580e-005
 6.862937e+002  8.313997e-005
 6.869125e+002  8.200189e-005
 6.875312e+002  8.790377e-005
 6.881500e+002  9.083186e-005
 6.887687e+002  8.732935e-005
 6.893875e+002  7.905241e-005
 6.900062e+002  8.161797e-005
 6.906250e+002  8.462481e-005
 6.912437e+002  8.232663e-005
 6.918625e+002  7.162229e-005
 6.924812e+002  7.761802e-005
 6.931000e+002  8.453916e-005
 6.937187e+002  8.992694e-005
 6.943375e+002  8.641591e-005
 6.949562e+002  8.887568e-005
 6.955750e+002  8.753661e-005
 6.961937e+002  7.986921e-005
 6.968125e+002  8.470533e-005
 6.974312e+002  8.714204e-005
 6.980500e+002  7.321481e-005
 6.986687e+002  7.305460e-005
 6.992875e+002  8.298007e-005
 6.999062e+002  1.006291e-004
 7.005250e+002  8.767206e-005
 7.011437e+002  8.313402e-005
 7.017625e+002  8.163236e-005
 7.023812e+002  7.501881e-005
 7.030000e+002  8.403769e-005
 7.036187e+002  8.136685e-005
 7.042375e+002  8.024557e-005
 7.048562e+002  8.292849e-005
 7.054750e+002  8.288787e-005
 7.060937e+002  8.407334e-005
 7.067125e+002  8.300262e-005
 7.073312e+002  8.616343e-005
 7.079500e+002  8.980226e-005
 7.085687e+002  9.280989e-005
 7.091875e+002  9.623155e-005
 7.098062e+002  8.335483e-005
 7.104250e+002  8.023471e-005
 7.110437e+002  7.818036e-005
 7.116625e+002  8.398108e-005
 7.122812e+002  8.820080e-005
 7.129000e+002  8.695261e-005
 7.135187e+002  8.384800e-005
 7.141375e+002  8.672575e-005
 7.147562e+002  7.693295e-005
 7.153750e+002  8.225802e-005
 7.159937e+002  8.770045e-005
 7.166125e+002  8.931112e-005
 7.172312e+002  9.205092e-005
 7.178500e+002  8.731319e-005
 7.184687e+002  8.116665e-005
 7.190875e+002  8.859991e-005
 7.197062e+002  3.859105e-004
 7.203250e+002  6.953976e-004
 7.209437e+002  3.233635e-004
 7.215625e+002  8.653374e-005
 7.221812e+002  8.601842e-005
 7.228000e+002  8.372631e-005
 7.234187e+002  8.571197e-005
 7.240375e+002  8.811814e-005
 7.246562e+002  9.148509e-005
 7.252750e+002  8.554063e-005
 7.258937e+002  8.838484e-005
 7.265125e+002  8.761662e-005
 7.271312e+002  9.144539e-005
 7.277500e+002  9.074312e-005
 7.283687e+002  8.779038e-005
 7.289875e+002  8.040719e-005
 7.296062e+002  8.310000e-005
 7.302250e+002  8.251580e-005
 7.308437e+002  8.832155e-005
 7.314625e+002  9.332991e-005
 7.320812e+002  9.807278e-005
 7.327000e+002  8.444399e-005
 7.333187e+002  8.392540e-005
 7.339375e+002  8.259661e-005
 7.345562e+002  8.719661e-005
 7.351750e+002  8.986906e-005
 7.357937e+002  8.018954e-005
 7.364125e+002  8.407178e-005
 7.370312e+002  8.255070e-005
 7.376500e+002  8.705360e-005
 7.382687e+002  8.298702e-005
 7.388875e+002  7.423056e-005
 7.395062e+002  8.188938e-005
 7.401250e+002  8.196716e-005
 7.407437e+002  8.562621e-005
 7.413625e+002  9.312788e-005
 7.419812e+002  8.370009e-005
 7.426000e+002  8.963656e-005
 7.432187e+002  8.733107e-005
 7.438375e+002  7.935621e-005
 7.444562e+002  7.872858e-005
 7.450750e+002  6.758236e-005
 7.456937e+002  8.652760e-005
 7.463125e+002  8.660079e-005
 7.469312e+002  8.298759e-005
 7.475500e+002  8.172054e-005
 7.481687e+002  7.330648e-005
 7.487875e+002  8.049205e-005
 7.494062e+002  3.514787e-004
 7.500250e+002  5.390705e-004
 7.506437e+002  2.413117e-004
 7.512625e+002  7.970213e-005
 7.518812e+002  7.520486e-005
 7.525000e+002  7.993568e-005
 7.531187e+002  8.334540e-005
 7.537375e+002  8.606193e-005
 7.543562e+002  8.362570e-005
 7.549750e+002  7.132857e-005
 7.555937e+002  7.752891e-005
 7.562125e+002  8.099754e-005
 7.568312e+002  8.890045e-005
 7.574500e+002  9.094657e-005
 7.580687e+002  8.539194e-005
 7.586875e+002  8.023346e-005
 7.593062e+002  7.875803e-005
 7.599250e+002  8.045592e-005
 7.605437e+002  8.429812e-005
 7.611625e+002  7.759879e-005
 7.617812e+002  7.998327e-005
 7.624000e+002  8.594897e-005
 7.630187e+002  8.932034e-005
 7.636375e+002  8.697747e-005
 7.642562e+002  9.721411e-005
 7.648750e+002  9.317518e-005
 7.654937e+002  8.195762e-005
 7.661125e+002  8.175920e-005
 7.667312e+002  9.238329e-005
 7.673500e+002  9.003131e-005
 7.679687e+002  7.971098e-005
 7.685875e+002  8.050417e-005
 7.692062e+002  8.327459e-005
 7.698250e+002  8.463389e-005
 7.704437e+002  7.678351e-005
 7.710625e+002  8.070187e-005
 7.716812e+002  7.969588e-005
 7.723000e+002  7.574642e-005
 7.729187e+002  8.221809e-005
 7.735375e+002  8.754690e-005
 7.741562e+002  8.162177e-005
 7.747750e+002  7.978462e-005
 7.753937e+002  8.942108e-005
 7.760125e+002  8.447607e-005
 7.766312e+002  8.748362e-005
 7.772500e+002  9.195183e-005
 7.778687e+002  8.078405e-005
 7.784875e+002  7.890824e-005
 7.791062e+002  7.419927e-005
 7.797250e+002  3.755284e-004
 7.803437e+002  6.729714e-004
 7.809625e+002  3.152361e-004
 7.815812e+002  8.466458e-005
 7.822000e+002  7.995569e-005
 7.828187e+002  7.763975e-005
 7.834375e+002  8.485036e-005
 7.840562e+002  8.415069e-005
 7.846750e+002  8.198441e-005
 7.852937e+002  8.210968e-005
 7.859125e+002  7.659503e-005
 7.865312e+002  8.105044e-005
 7.871500e+002  7.979286e-005
 7.877687e+002  7.236064e-005
 7.883875e+002  8.255769e-005
 7.890062e+002  8.237869e-005
 7.896250e+002  7.783719e-005
 7.902437e+002  8.331434e-005
 7.908625e+002  8.116280e-005
 7.914812e+002  8.402017e-005
 7.921000e+002  8.355081e-005
 7.927187e+002  8.057169e-005
 7.933375e+002  7.851818e-005
 7.939562e+002  8.621201e-005
 7.945750e+002  8.844420e-005
 7.951937e+002  7.885321e-005
 7.958125e+002  7.490490e-005
 7.964312e+002  7.744959e-005
 7.970500e+002  7.948538e-005
 7.976687e+002  8.709773e-005
 7.982875e+002  8.409891e-005
 7.989062e+002  8.438016e-005
 7.995250e+002  1.219510e-004
 8.001437e+002  1.331427e-004
 8.007625e+002  8.235511e-005
 8.013812e+002  8.406007e-005
 8.020000e+002  8.157277e-005
 8.026187e+002  8.199478e-005
 8.032375e+002  7.727679e-005
 8.038562e+002  8.236803e-005
 8.044750e+002  8.131653e-005
 8.050937e+002  7.704773e-005
 8.057125e+002  7.658280e-005
 8.063312e+002  7.454260e-005
 8.069500e+002  7.675608e-005
 8.075687e+002  7.817832e-005
 8.081875e+002  8.918934e-005
 8.088062e+002  8.518232e-005
 8.094250e+002  7.953030e-005
 8.100437e+002  8.332320e-005
 8.106625e+002  8.697094e-005
 8.112812e+002  8.424811e-005
 8.119000e+002  8.585310e-005
 8.125187e+002  8.510774e-005
 8.131375e+002  8.869534e-005
 8.137562e+002  8.846941e-005
 8.143750e+002  7.875238e-005
 8.149937e+002  8.527765e-005
 8.156125e+002  8.554282e-005
 8.162312e+002  8.211176e-005
 8.168500e+002  8.213683e-005
 8.174687e+002  7.890722e-005
 8.180875e+002  7.681718e-005
 8.187062e+002  7.987802e-005
 8.193250e+002  8.308017e-005
 8.199437e+002  8.033161e-005
 8.205625e+002  7.522869e-005
 8.211812e+002  7.663300e-005
 8.218000e+002  7.864813e-005
 8.224187e+002  7.409412e-005
 8.230375e+002  7.893519e-005
 8.236562e+002  7.703380e-005
 8.242750e+002  7.996781e-005
 8.248937e+002  8.301551e-005
 8.255125e+002  8.543167e-005
 8.261312e+002  7.990078e-005
 8.267500e+002  7.290834e-005
 8.273687e+002  6.810116e-005
 8.279875e+002  7.757782e-005
 8.286062e+002  8.183466e-005
 8.292250e+002  7.880835e-005
 8.298437e+002  8.350930e-005
 8.304625e+002  8.567052e-005
 8.310812e+002  7.908481e-005
 8.317000e+002  8.274113e-005
 8.323187e+002  8.372019e-005
 8.329375e+002  8.406122e-005
 8.335562e+002  8.023990e-005
 8.341750e+002  7.914133e-005
 8.347937e+002  7.598171e-005
 8.354125e+002  7.865450e-005
 8.360312e+002  7.950450e-005
 8.366500e+002  7.805976e-005
 8.372687e+002  8.125219e-005
 8.378875e+002  8.004556e-005
 8.385062e+002  7.832955e-005
 8.391250e+002  8.081811e-005
 8.397437e+002  3.612859e-004
 8.403625e+002  6.631165e-004
 8.409812e+002  3.182459e-004
 8.416000e+002  8.684676e-005
 8.422187e+002  7.425271e-005
 8.428375e+002  7.502630e-005
 8.434562e+002  8.129562e-005
 8.440750e+002  8.681703e-005
 8.446937e+002  8.050556e-005
 8.453125e+002  8.167116e-005
 8.459312e+002  9.412197e-005
 8.465500e+002  1.559757e-004
 8.471687e+002  1.182841e-004
 8.477875e+002  8.152790e-005
 8.484062e+002  7.990311e-005
 8.490250e+002  1.216617e-004
 8.496437e+002  3.510644e-004
 8.502625e+002  3.227252e-004
 8.508812e+002  1.029247e-004
 8.515000e+002  7.683822e-005
 8.521187e+002  7.143260e-005
 8.527375e+002  8.038644e-005
 8.533562e+002  8.580611e-005
 8.539750e+002  8.240526e-005
 8.545937e+002  8.088278e-005
 8.552125e+002  7.620721e-005
 8.558312e+002  7.426448e-005
 8.564500e+002  7.823534e-005
 8.570687e+002  8.231733e-005
 8.576875e+002  8.764845e-005
 8.583062e+002  9.138303e-005
 8.589250e+002  8.266665e-005
 8.595437e+002  7.894824e-005
 8.601625e+002  8.672901e-005
 8.607812e+002  8.688778e-005
 8.614000e+002  8.245629e-005
 8.620187e+002  7.177101e-005
 8.626375e+002  7.510339e-005
 8.632562e+002  7.690240e-005
 8.638750e+002  7.840787e-005
 8.644937e+002  8.175664e-005
 8.651125e+002  8.428430e-005
 8.657312e+002  8.546069e-005
 8.663500e+002  8.146347e-005
 8.669687e+002  8.512088e-005
 8.675875e+002  8.044510e-005
 8.682062e+002  7.412699e-005
 8.688250e+002  8.727634e-005
 8.694437e+002  8.180669e-005
 8.700625e+002  7.523742e-005
 8.706812e+002  7.659881e-005
 8.713000e+002  8.293600e-005
 8.719187e+002  9.090057e-005
 8.725375e+002  9.006203e-005
 8.731562e+002  7.601075e-005
 8.737750e+002  7.358180e-005
 8.743937e+002  7.650639e-005
 8.750125e+002  8.023514e-005
 8.756312e+002  8.245867e-005
 8.762500e+002  8.351793e-005
 8.768687e+002  7.393583e-005
 8.774875e+002  7.495655e-005
 8.781062e+002  8.136690e-005
 8.787250e+002  7.513488e-005
 8.793437e+002  8.180918e-005
 8.799625e+002  8.798276e-005
 8.805812e+002  8.595685e-005
 8.812000e+002  8.315484e-005
 8.818187e+002  8.146601e-005
 8.824375e+002  7.806364e-005
 8.830562e+002  8.395914e-005
 8.836750e+002  8.611130e-005
 8.842937e+002  9.032206e-005
 8.849125e+002  8.481101e-005
 8.855312e+002  8.062670e-005
 8.861500e+002  7.740605e-005
 8.867687e+002  7.651404e-005
 8.873875e+002  7.357724e-005
 8.880062e+002  7.140792e-005
 8.886250e+002  7.561437e-005
 8.892437e+002  7.858187e-005
 8.898625e+002  7.734911e-005
 8.904812e+002  6.986837e-005
 8.911000e+002  7.429429e-005
 8.917187e+002  8.138639e-005
 8.923375e+002  8.011863e-005
 8.929562e+002  7.325789e-005
 8.935750e+002  7.091633e-005
 8.941937e+002  8.444807e-005
 8.948125e+002  8.908321e-005
 8.954312e+002  8.170760e-005
 8.960500e+002  8.234562e-005
 8.966687e+002  8.946837e-005
 8.972875e+002  8.257811e-005
 8.979062e+002  7.727242e-005
 8.985250e+002  7.971699e-005
 8.991437e+002  7.692306e-005
 8.997625e+002  3.487196e-004
 9.003812e+002  6.468736e-004
 9.010000e+002  3.072177e-004
 9.016187e+002  7.719842e-005
 9.022375e+002  7.570357e-005
 9.028562e+002  8.423733e-005
 9.034750e+002  8.128155e-005
 9.040937e+002  7.748159e-005
 9.047125e+002  7.753053e-005
 9.053312e+002  7.717289e-005
 9.059500e+002  8.376892e-005
 9.065687e+002  7.910987e-005
 9.071875e+002  7.549111e-005
 9.078062e+002  7.275098e-005
 9.084250e+002  7.359811e-005
 9.090437e+002  7.442212e-005
 9.096625e+002  7.028371e-005
 9.102812e+002  6.964652e-005
 9.109000e+002  7.860044e-005
 9.115187e+002  7.407871e-005
 9.121375e+002  6.911015e-005
 9.127562e+002  7.968494e-005
 9.133750e+002  7.648018e-005
 9.139937e+002  7.067377e-005
 9.146125e+002  6.742957e-005
 9.152312e+002  7.734982e-005
 9.158500e+002  7.925438e-005
 9.164687e+002  8.320096e-005
 9.170875e+002  8.574739e-005
 9.177062e+002  8.275139e-005
 9.183250e+002  8.122214e-005
 9.189437e+002  7.883839e-005
 9.195625e+002  7.932339e-005
 9.201812e+002  7.014367e-005
 9.208000e+002  7.433605e-005
 9.214187e+002  7.786536e-005
 9.220375e+002  8.036965e-005
 9.226562e+002  7.864433e-005
 9.232750e+002  7.973486e-005
 9.238937e+002  7.250495e-005
 9.245125e+002  7.643665e-005
 9.251312e+002  7.909208e-005
 9.257500e+002  8.202939e-005
 9.263687e+002  8.313528e-005
 9.269875e+002  7.882026e-005
 9.276062e+002  7.327399e-005
 9.282250e+002  7.908303e-005
 9.288437e+002  8.083556e-005
 9.294625e+002  7.949518e-005
 9.300812e+002  7.977052e-005
 9.307000e+002  7.070065e-005
 9.313187e+002  7.557752e-005
 9.319375e+002  7.787335e-005
 9.325562e+002  7.578413e-005
 9.331750e+002  7.510411e-005
 9.337937e+002  7.612816e-005
 9.344125e+002  7.489823e-005
 9.350312e+002  7.866761e-005
 9.356500e+002  7.739648e-005
 9.362687e+002  7.505033e-005
 9.368875e+002  7.737038e-005
 9.375062e+002  7.548045e-005
 9.381250e+002  7.677196e-005
 9.387437e+002  7.642961e-005
 9.393625e+002  8.483616e-005
 9.399812e+002  8.708065e-005
 9.406000e+002  7.647606e-005
 9.412187e+002  7.333395e-005
 9.418375e+002  7.361346e-005
 9.424562e+002  7.495651e-005
 9.430750e+002  7.972461e-005
 9.436937e+002  7.816409e-005
 9.443125e+002  7.506273e-005
 9.449312e+002  7.628929e-005
 9.455500e+002  7.721119e-005
 9.461687e+002  7.843775e-005
 9.467875e+002  7.310936e-005
 9.474062e+002  6.806429e-005
 9.480250e+002  7.555282e-005
 9.486437e+002  7.517719e-005
 9.492625e+002  2.114375e-004
 9.498812e+002  4.087317e-004
 9.505000e+002  2.373244e-004
 9.511187e+002  7.741315e-005
 9.517375e+002  7.646489e-005
 9.523562e+002  8.241309e-005
 9.529750e+002  8.019355e-005
 9.535937e+002  7.753499e-005
 9.542125e+002  7.599697e-005
 9.548312e+002  7.982841e-005
 9.554500e+002  7.694742e-005
 9.560687e+002  7.371856e-005
 9.566875e+002  7.943032e-005
 9.573062e+002  7.759607e-005
 9.579250e+002  7.851445e-005
 9.585437e+002  7.831226e-005
 9.591625e+002  8.456817e-005
 9.597812e+002  3.308010e-004
 9.604000e+002  6.240322e-004
 9.610187e+002  3.078203e-004
 9.616375e+002  7.859901e-005
 9.622562e+002  7.824495e-005
 9.628750e+002  8.324811e-005
 9.634937e+002  7.999270e-005
 9.641125e+002  7.550757e-005
 9.647312e+002  7.459119e-005
 9.653500e+002  8.468008e-005
 9.659687e+002  8.269243e-005
 9.665875e+002  7.495585e-005
 9.672062e+002  7.394486e-005
 9.678250e+002  8.464844e-005
 9.684437e+002  8.340088e-005
 9.690625e+002  8.249653e-005
 9.696812e+002  7.946584e-005
 9.703000e+002  7.572795e-005
 9.709187e+002  7.285328e-005
 9.715375e+002  7.651660e-005
 9.721562e+002  7.838015e-005
 9.727750e+002  8.168381e-005
 9.733937e+002  7.876356e-005
 9.740125e+002  8.289755e-005
 9.746312e+002  7.930038e-005
 9.752500e+002  7.767266e-005
 9.758687e+002  7.106618e-005
 9.764875e+002  6.953157e-005
 9.771062e+002  7.714994e-005
 9.777250e+002  7.687352e-005
 9.783437e+002  7.905752e-005
 9.789625e+002  9.276446e-005
 9.795812e+002  9.163879e-005
 9.802000e+002  8.130396e-005
 9.808187e+002  8.347452e-005
 9.814375e+002  8.535846e-005
 9.820562e+002  7.772361e-005
 9.826750e+002  8.018636e-005
 9.832937e+002  7.638454e-005
 9.839125e+002  6.801529e-005
 9.845312e+002  7.418694e-005
 9.851500e+002  7.963675e-005
 9.857687e+002  7.781759e-005
 9.863875e+002  7.696837e-005
 9.870062e+002  7.161034e-005
 9.876250e+002  6.774438e-005
 9.882437e+002  7.781506e-005
 9.888625e+002  8.056574e-005
 9.894812e+002  8.177022e-005
 9.901000e+002  7.468614e-005
 9.907187e+002  6.984173e-005
 9.913375e+002  7.402653e-005
 9.919562e+002  7.637187e-005
 9.925750e+002  7.513287e-005
 9.931937e+002  7.921778e-005
 9.938125e+002  7.560523e-005
 9.944312e+002  7.158783e-005
 9.950500e+002  7.594520e-005
 9.956687e+002  7.787050e-005
 9.962875e+002  7.831572e-005
 9.969062e+002  8.227090e-005
 9.975250e+002  7.713660e-005
 9.981437e+002  7.233493e-005
 9.987625e+002  7.379125e-005
 9.993812e+002  9.282281e-005
 1.000000e+003  1.212066e-004
