 1.000000e+000  1.476667e-003
 1.061875e+000  9.576171e-004
 1.123750e+000  5.721142e-004
 1.185625e+000  9.500827e-004
 1.247500e+000  1.423664e-003
 1.309375e+000  1.455798e-003
 1.371250e+000  5.693023e-004
 1.433125e+000  5.480678e-004
 1.495000e+000  5.537422e-004
 1.556875e+000  4.552841e-004
 1.618750e+000  3.972920e-004
 1.680625e+000  4.276801e-004
 1.742500e+000  2.715337e-004
 1.804375e+000  4.192673e-004
 1.866250e+000  5.674495e-004
 1.928125e+000  7.348686e-004
 1.990000e+000  4.455700e-004
 2.051875e+000  3.982187e-004
 2.113750e+000  5.025353e-004
 2.175625e+000  6.361853e-004
 2.237500e+000  4.455423e-004
 2.299375e+000  2.349490e-004
 2.361250e+000  2.760506e-004
 2.423125e+000  5.580142e-004
 2.485000e+000  3.607257e-004
 2.546875e+000  9.670985e-004
 2.608750e+000  7.258659e-004
 2.670625e+000  6.999275e-004
 2.732500e+000  6.197299e-004
 2.794375e+000  3.128691e-004
 2.856250e+000  3.145712e-004
 2.918125e+000  4.375953e-004
 2.980000e+000  7.592789e-004
 3.041875e+000  8.058722e-004
 3.103750e+000  2.296653e-004
 3.165625e+000  3.343287e-004
 3.227500e+000  2.950803e-004
 3.289375e+000  6.239590e-004
 3.351250e+000  6.057340e-004
 3.413125e+000  3.741127e-004
 3.475000e+000  2.703299e-004
 3.536875e+000  3.685623e-004
 3.598750e+000  3.365096e-004
 3.660625e+000  4.106700e-004
 3.722500e+000  4.689937e-004
 3.784375e+000  3.841746e-004
 3.846250e+000  2.640819e-004
 3.908125e+000  2.248845e-004
 3.970000e+000  3.645967e-004
 4.031875e+000  2.629524e-004
 4.093750e+000  4.830251e-004
 4.155625e+000  2.246613e-004
 4.217500e+000  1.946204e-004
 4.279375e+000  6.019013e-004
 4.341250e+000  6.143812e-004
 4.403125e+000  4.742079e-004
 4.465000e+000  4.700153e-004
 4.526875e+000  3.096619e-004
 4.588750e+000  3.424928e-004
 4.650625e+000  3.572545e-004
 4.712500e+000  3.897883e-004
 4.774375e+000  5.082048e-004
 4.836250e+000  3.352803e-004
 4.898125e+000  2.217006e-004
 4.960000e+000  3.184471e-004
 5.021875e+000  4.956792e-004
 5.083750e+000  3.716068e-004
 5.145625e+000  4.431668e-004
 5.207500e+000  5.724090e-004
 5.269375e+000  3.806385e-004
 5.331250e+000  4.332019e-004
 5.393125e+000  3.837142e-004
 5.455000e+000  1.143557e-004
 5.516875e+000  1.866586e-004
 5.578750e+000  3.460294e-004
 5.640625e+000  2.230383e-004
 5.702500e+000  2.558111e-004
 5.764375e+000  3.492250e-004
 5.826250e+000  2.021104e-004
 5.888125e+000  1.588338e-004
 5.950000e+000  2.846090e-004
 6.011875e+000  6.030556e-005
 6.073750e+000  2.471449e-004
 6.135625e+000  2.564395e-004
 6.197500e+000  3.346995e-004
 6.259375e+000  5.180731e-004
 6.321250e+000  4.180521e-004
 6.383125e+000  2.687349e-004
 6.445000e+000  2.027159e-004
 6.506875e+000  2.699142e-004
 6.568750e+000  3.096763e-004
 6.630625e+000  2.661230e-004
 6.692500e+000  3.382028e-004
 6.754375e+000  3.468597e-004
 6.816250e+000  1.586690e-004
 6.878125e+000  2.579002e-004
 6.940000e+000  3.220426e-004
 7.001875e+000  1.952475e-004
 7.063750e+000  1.968599e-004
 7.125625e+000  2.746169e-004
 7.187500e+000  3.573784e-004
 7.249375e+000  2.816752e-004
 7.311250e+000  1.277793e-004
 7.373125e+000  2.095674e-004
 7.435000e+000  2.517784e-004
 7.496875e+000  2.816158e-004
 7.558750e+000  2.348342e-004
 7.620625e+000  2.281343e-004
 7.682500e+000  1.991436e-004
 7.744375e+000  1.677315e-004
 7.806250e+000  2.300904e-004
 7.868125e+000  2.729738e-004
 7.930000e+000  2.073362e-004
 7.991875e+000  1.499405e-004
 8.053750e+000  2.543367e-004
 8.115625e+000  6.419461e-005
 8.177500e+000  1.876044e-004
 8.239375e+000  1.654114e-004
 8.301250e+000  2.488641e-004
 8.363125e+000  3.068871e-004
 8.425000e+000  3.835271e-004
 8.486875e+000  3.214947e-004
 8.548750e+000  3.335297e-004
 8.610625e+000  3.034132e-004
 8.672500e+000  1.770018e-004
 8.734375e+000  1.752154e-004
 8.796250e+000  2.112964e-004
 8.858125e+000  1.842992e-004
 8.920000e+000  1.848515e-004
 8.981875e+000  2.126654e-004
 9.043750e+000  1.080246e-004
 9.105625e+000  2.144941e-004
 9.167500e+000  1.618901e-004
 9.229375e+000  1.660801e-004
 9.291250e+000  1.522546e-004
 9.353125e+000  1.068529e-004
 9.415000e+000  1.714198e-004
 9.476875e+000  1.225658e-004
 9.538750e+000  1.150883e-004
 9.600625e+000  1.339630e-004
 9.662500e+000  2.131856e-004
 9.724375e+000  2.079862e-004
 9.786250e+000  2.606694e-004
 9.848125e+000  2.619651e-004
 9.910000e+000  1.643405e-004
 9.971875e+000  1.441846e-004
 1.003375e+001  3.131885e-004
 1.009563e+001  2.346932e-004
 1.015750e+001  1.302292e-004
 1.021938e+001  2.036178e-004
 1.028125e+001  1.703597e-004
 1.034313e+001  1.054851e-004
 1.040500e+001  2.068463e-004
 1.046688e+001  1.850709e-004
 1.052875e+001  2.136555e-004
 1.059063e+001  2.674122e-004
 1.065250e+001  2.157023e-004
 1.071438e+001  7.655284e-005
 1.077625e+001  1.871765e-004
 1.083813e+001  2.314401e-004
 1.090000e+001  2.533552e-004
 1.096188e+001  2.677855e-004
 1.102375e+001  1.721873e-004
 1.108563e+001  1.947046e-004
 1.114750e+001  3.342023e-004
 1.120938e+001  3.327399e-004
 1.127125e+001  1.974760e-004
 1.133313e+001  2.636940e-004
 1.139500e+001  2.232593e-004
 1.145688e+001  1.837286e-004
 1.151875e+001  1.971435e-004
 1.158063e+001  1.862259e-004
 1.164250e+001  2.776953e-004
 1.170438e+001  1.448491e-004
 1.176625e+001  1.944196e-004
 1.182813e+001  1.534740e-004
 1.189000e+001  2.450989e-004
 1.195188e+001  3.954507e-004
 1.201375e+001  3.576500e-004
 1.207563e+001  3.082411e-004
 1.213750e+001  3.290924e-004
 1.219938e+001  1.086949e-004
 1.226125e+001  2.771126e-004
 1.232313e+001  3.370288e-004
 1.238500e+001  2.625445e-004
 1.244688e+001  2.985715e-004
 1.250875e+001  1.383136e-004
 1.257063e+001  1.914805e-004
 1.263250e+001  1.676972e-004
 1.269438e+001  1.081081e-004
 1.275625e+001  3.015375e-004
 1.281813e+001  1.843724e-004
 1.288000e+001  9.494944e-005
 1.294188e+001  2.312835e-004
 1.300375e+001  2.936575e-004
 1.306563e+001  1.913495e-004
 1.312750e+001  1.548717e-004
 1.318938e+001  2.532312e-004
 1.325125e+001  2.490361e-004
 1.331313e+001  1.573505e-004
 1.337500e+001  8.965338e-005
 1.343688e+001  1.299476e-004
 1.349875e+001  1.733289e-004
 1.356063e+001  1.131326e-004
 1.362250e+001  1.638780e-004
 1.368438e+001  2.131653e-004
 1.374625e+001  1.645000e-004
 1.380813e+001  7.525607e-005
 1.387000e+001  2.074825e-004
 1.393188e+001  3.021351e-004
 1.399375e+001  3.002714e-004
 1.405563e+001  3.130495e-004
 1.411750e+001  1.535972e-004
 1.417938e+001  1.517198e-004
 1.424125e+001  2.235188e-004
 1.430313e+001  3.086602e-004
 1.436500e+001  3.590432e-004
 1.442688e+001  2.787419e-004
 1.448875e+001  1.611318e-004
 1.455063e+001  1.985467e-004
 1.461250e+001  1.739361e-004
 1.467438e+001  2.363425e-004
 1.473625e+001  3.211724e-004
 1.479813e+001  2.000181e-004
 1.486000e+001  1.289863e-004
 1.492188e+001  1.796595e-004
 1.498375e+001  2.007754e-004
 1.504563e+001  1.936452e-004
 1.510750e+001  1.697122e-004
 1.516938e+001  1.285066e-004
 1.523125e+001  1.955648e-004
 1.529313e+001  1.576730e-004
 1.535500e+001  1.059734e-004
 1.541688e+001  1.325682e-004
 1.547875e+001  1.375976e-004
 1.554063e+001  1.781925e-004
 1.560250e+001  1.802357e-004
 1.566438e+001  1.474272e-004
 1.572625e+001  2.850583e-004
 1.578813e+001  3.562528e-004
 1.585000e+001  2.856854e-004
 1.591188e+001  1.174514e-004
 1.597375e+001  5.983805e-005
 1.603563e+001  1.104810e-004
 1.609750e+001  1.300528e-004
 1.615938e+001  7.390325e-005
 1.622125e+001  1.993137e-004
 1.628313e+001  2.503306e-004
 1.634500e+001  1.486460e-004
 1.640688e+001  7.991818e-005
 1.646875e+001  9.083351e-005
 1.653063e+001  3.915581e-005
 1.659250e+001  7.355106e-005
 1.665438e+001  1.136054e-004
 1.671625e+001  1.161455e-004
 1.677813e+001  2.172140e-004
 1.684000e+001  1.632586e-004
 1.690188e+001  1.111265e-004
 1.696375e+001  2.939090e-004
 1.702563e+001  3.953554e-004
 1.708750e+001  1.717018e-004
 1.714938e+001  1.176993e-004
 1.721125e+001  1.990250e-004
 1.727313e+001  1.403698e-004
 1.733500e+001  1.418802e-004
 1.739688e+001  1.593982e-004
 1.745875e+001  2.066370e-004
 1.752063e+001  1.936164e-004
 1.758250e+001  1.750991e-004
 1.764438e+001  1.141993e-004
 1.770625e+001  1.453032e-004
 1.776813e+001  1.492096e-004
 1.783000e+001  1.933399e-004
 1.789188e+001  1.349537e-004
 1.795375e+001  1.213794e-004
 1.801563e+001  1.713251e-004
 1.807750e+001  1.145417e-004
 1.813938e+001  7.373950e-005
 1.820125e+001  1.338245e-004
 1.826313e+001  8.337788e-005
 1.832500e+001  1.737683e-004
 1.838688e+001  1.944390e-004
 1.844875e+001  2.089547e-004
 1.851063e+001  1.696587e-004
 1.857250e+001  7.391289e-005
 1.863438e+001  2.284932e-004
 1.869625e+001  2.122289e-004
 1.875813e+001  1.238976e-004
 1.882000e+001  2.956078e-004
 1.888188e+001  2.818342e-004
 1.894375e+001  2.776233e-004
 1.900563e+001  2.097467e-004
 1.906750e+001  1.556020e-004
 1.912938e+001  1.331893e-004
 1.919125e+001  2.441321e-004
 1.925313e+001  1.650417e-004
 1.931500e+001  8.100893e-005
 1.937688e+001  7.378760e-005
 1.943875e+001  1.595464e-004
 1.950063e+001  2.673201e-004
 1.956250e+001  2.210720e-004
 1.962438e+001  2.196246e-004
 1.968625e+001  1.339209e-004
 1.974813e+001  4.809818e-005
 1.981000e+001  1.472401e-004
 1.987188e+001  1.373807e-004
 1.993375e+001  1.419298e-004
 1.999563e+001  1.384218e-004
 2.005750e+001  1.160264e-004
 2.011938e+001  1.623920e-004
 2.018125e+001  1.998054e-004
 2.024313e+001  1.878502e-004
 2.030500e+001  1.437337e-004
 2.036688e+001  1.137841e-004
 2.042875e+001  1.924297e-004
 2.049063e+001  2.048245e-004
 2.055250e+001  1.824923e-004
 2.061438e+001  2.198753e-004
 2.067625e+001  1.427355e-004
 2.073813e+001  1.236718e-004
 2.080000e+001  1.976730e-004
 2.086188e+001  1.982875e-004
 2.092375e+001  1.987326e-004
 2.098563e+001  2.004905e-004
 2.104750e+001  2.099826e-004
 2.110938e+001  1.719533e-004
 2.117125e+001  1.762878e-004
 2.123313e+001  1.244683e-004
 2.129500e+001  1.411081e-004
 2.135688e+001  2.434277e-004
 2.141875e+001  2.157655e-004
 2.148063e+001  1.244989e-004
 2.154250e+001  1.789714e-004
 2.160438e+001  1.921859e-004
 2.166625e+001  1.149120e-004
 2.172813e+001  2.353172e-004
 2.179000e+001  1.144894e-004
 2.185188e+001  2.226907e-004
 2.191375e+001  2.214208e-004
 2.197563e+001  1.748422e-004
 2.203750e+001  1.161819e-004
 2.209938e+001  1.058861e-004
 2.216125e+001  1.611312e-004
 2.222313e+001  1.667588e-004
 2.228500e+001  1.990695e-004
 2.234688e+001  1.679929e-004
 2.240875e+001  4.759687e-005
 2.247063e+001  5.562441e-005
 2.253250e+001  6.294208e-005
 2.259438e+001  1.159079e-004
 2.265625e+001  2.092530e-004
 2.271813e+001  1.870715e-004
 2.278000e+001  1.023394e-004
 2.284188e+001  7.285917e-005
 2.290375e+001  1.088113e-004
 2.296563e+001  1.544652e-004
 2.302750e+001  1.988939e-004
 2.308938e+001  1.211021e-004
 2.315125e+001  1.119734e-004
 2.321313e+001  6.897149e-005
 2.327500e+001  1.379271e-004
 2.333688e+001  2.185470e-004
 2.339875e+001  1.751337e-004
 2.346063e+001  2.660063e-004
 2.352250e+001  2.832957e-004
 2.358438e+001  1.804958e-004
 2.364625e+001  1.170430e-004
 2.370813e+001  1.777248e-004
 2.377000e+001  2.437529e-004
 2.383188e+001  1.048538e-004
 2.389375e+001  1.346193e-004
 2.395563e+001  1.263334e-004
 2.401750e+001  7.201102e-005
 2.407938e+001  7.455825e-005
 2.414125e+001  1.170195e-004
 2.420313e+001  1.063645e-004
 2.426500e+001  1.300354e-004
 2.432688e+001  1.227038e-004
 2.438875e+001  1.978772e-004
 2.445063e+001  1.447519e-004
 2.451250e+001  7.527281e-005
 2.457438e+001  8.947520e-005
 2.463625e+001  6.131255e-005
 2.469813e+001  1.518739e-004
 2.476000e+001  2.659538e-004
 2.482188e+001  1.705622e-004
 2.488375e+001  1.100603e-004
 2.494563e+001  1.158109e-004
 2.500750e+001  1.894833e-004
 2.506938e+001  2.877954e-004
 2.513125e+001  2.910258e-004
 2.519313e+001  2.118032e-004
 2.525500e+001  1.325216e-004
 2.531688e+001  1.654456e-004
 2.537875e+001  1.739841e-004
 2.544063e+001  1.807722e-004
 2.550250e+001  2.058315e-004
 2.556438e+001  2.282252e-004
 2.562625e+001  2.072739e-004
 2.568813e+001  1.710872e-004
 2.575000e+001  4.162233e-005
 2.581188e+001  1.078629e-004
 2.587375e+001  1.338760e-004
 2.593563e+001  1.647096e-004
 2.599750e+001  1.472935e-004
 2.605938e+001  7.556484e-005
 2.612125e+001  1.242355e-004
 2.618313e+001  1.706198e-004
 2.624500e+001  1.503736e-004
 2.630688e+001  3.109413e-005
 2.636875e+001  1.195747e-004
 2.643063e+001  1.217454e-004
 2.649250e+001  1.561329e-004
 2.655438e+001  1.744112e-004
 2.661625e+001  1.369811e-004
 2.667813e+001  1.544157e-004
 2.674000e+001  1.171131e-004
 2.680188e+001  1.258338e-004
 2.686375e+001  9.816830e-005
 2.692563e+001  1.266120e-004
 2.698750e+001  1.150971e-004
 2.704938e+001  7.652801e-005
 2.711125e+001  6.891695e-005
 2.717313e+001  1.239080e-004
 2.723500e+001  1.792096e-004
 2.729688e+001  1.141469e-004
 2.735875e+001  1.091674e-004
 2.742063e+001  8.497083e-005
 2.748250e+001  9.914712e-005
 2.754438e+001  8.329137e-005
 2.760625e+001  1.166328e-004
 2.766813e+001  1.030653e-004
 2.773000e+001  3.549016e-005
 2.779188e+001  6.860756e-005
 2.785375e+001  2.148280e-004
 2.791563e+001  3.566836e-004
 2.797750e+001  2.511626e-004
 2.803938e+001  1.741457e-004
 2.810125e+001  1.817744e-004
 2.816313e+001  1.369484e-004
 2.822500e+001  1.133107e-004
 2.828688e+001  1.108338e-004
 2.834875e+001  1.054633e-004
 2.841063e+001  5.782092e-005
 2.847250e+001  9.185271e-005
 2.853438e+001  1.005155e-004
 2.859625e+001  1.203147e-004
 2.865813e+001  1.413843e-004
 2.872000e+001  1.071996e-004
 2.878188e+001  1.426654e-004
 2.884375e+001  2.060004e-004
 2.890563e+001  1.428093e-004
 2.896750e+001  1.173154e-004
 2.902938e+001  1.642249e-004
 2.909125e+001  1.846354e-004
 2.915313e+001  6.214040e-005
 2.921500e+001  5.451822e-005
 2.927688e+001  8.420226e-005
 2.933875e+001  1.136237e-004
 2.940063e+001  1.725871e-004
 2.946250e+001  1.216886e-004
 2.952438e+001  1.979360e-004
 2.958625e+001  2.105008e-004
 2.964813e+001  7.293185e-005
 2.971000e+001  1.056529e-004
 2.977188e+001  1.125603e-004
 2.983375e+001  1.113392e-004
 2.989563e+001  1.561457e-004
 2.995750e+001  9.705295e-005
 3.001938e+001  1.246352e-004
 3.008125e+001  1.685038e-004
 3.014313e+001  1.624763e-004
 3.020500e+001  1.906321e-004
 3.026688e+001  1.300968e-004
 3.032875e+001  1.422932e-004
 3.039063e+001  1.255861e-004
 3.045250e+001  9.872411e-005
 3.051438e+001  1.498504e-004
 3.057625e+001  1.038984e-004
 3.063813e+001  1.659688e-004
 3.070000e+001  1.723820e-004
 3.076188e+001  1.502514e-004
 3.082375e+001  1.298406e-004
 3.088563e+001  1.259993e-004
 3.094750e+001  8.520482e-005
 3.100938e+001  4.537965e-005
 3.107125e+001  3.122895e-005
 3.113313e+001  1.045807e-004
 3.119500e+001  2.280994e-004
 3.125688e+001  1.470818e-004
 3.131875e+001  2.799614e-005
 3.138063e+001  1.405474e-004
 3.144250e+001  1.928881e-004
 3.150438e+001  1.654177e-004
 3.156625e+001  1.034885e-004
 3.162813e+001  1.310699e-004
 3.169000e+001  1.217686e-004
 3.175188e+001  1.209821e-004
 3.181375e+001  1.164273e-004
 3.187563e+001  3.624933e-005
 3.193750e+001  7.771656e-005
 3.199938e+001  7.979055e-005
 3.206125e+001  8.128634e-005
 3.212313e+001  5.966975e-005
 3.218500e+001  1.286858e-004
 3.224688e+001  1.148524e-004
 3.230875e+001  1.481284e-004
 3.237063e+001  1.278614e-004
 3.243250e+001  9.187449e-005
 3.249438e+001  9.993911e-005
 3.255625e+001  1.469573e-004
 3.261813e+001  1.148598e-004
 3.268000e+001  1.111523e-004
 3.274188e+001  1.685874e-004
 3.280375e+001  1.585152e-004
 3.286563e+001  1.304616e-004
 3.292750e+001  1.356383e-004
 3.298938e+001  1.574849e-004
 3.305125e+001  1.302843e-004
 3.311313e+001  1.096100e-004
 3.317500e+001  4.821509e-005
 3.323688e+001  4.397309e-005
 3.329875e+001  5.963106e-005
 3.336063e+001  5.917795e-005
 3.342250e+001  5.492149e-005
 3.348438e+001  1.113493e-004
 3.354625e+001  1.693012e-004
 3.360813e+001  1.700198e-004
 3.367000e+001  1.364001e-004
 3.373188e+001  1.271419e-004
 3.379375e+001  1.357041e-004
 3.385563e+001  1.355255e-004
 3.391750e+001  1.484636e-004
 3.397938e+001  1.701029e-004
 3.404125e+001  1.106947e-004
 3.410313e+001  1.782511e-004
 3.416500e+001  1.025415e-004
 3.422688e+001  1.503882e-004
 3.428875e+001  1.934954e-004
 3.435063e+001  1.108776e-004
 3.441250e+001  7.809904e-005
 3.447438e+001  1.171648e-004
 3.453625e+001  1.204092e-004
 3.459813e+001  6.130075e-005
 3.466000e+001  8.940965e-005
 3.472188e+001  1.092391e-004
 3.478375e+001  7.653687e-005
 3.484563e+001  9.469959e-005
 3.490750e+001  1.535924e-004
 3.496938e+001  1.056538e-004
 3.503125e+001  8.901807e-005
 3.509313e+001  1.028248e-004
 3.515500e+001  9.193766e-005
 3.521688e+001  9.065719e-005
 3.527875e+001  1.211520e-004
 3.534063e+001  6.857261e-005
 3.540250e+001  5.531706e-005
 3.546438e+001  6.583057e-005
 3.552625e+001  1.381239e-004
 3.558813e+001  1.794994e-004
 3.565000e+001  1.345143e-004
 3.571188e+001  6.366927e-005
 3.577375e+001  6.685873e-005
 3.583563e+001  1.168059e-004
 3.589750e+001  1.447305e-004
 3.595938e+001  1.291035e-004
 3.602125e+001  1.092205e-004
 3.608313e+001  1.525174e-004
 3.614500e+001  9.212812e-005
 3.620688e+001  8.906675e-005
 3.626875e+001  9.418666e-005
 3.633063e+001  5.408529e-005
 3.639250e+001  5.345911e-005
 3.645438e+001  8.253347e-005
 3.651625e+001  1.831601e-004
 3.657813e+001  2.090444e-004
 3.664000e+001  1.999666e-004
 3.670188e+001  1.086429e-004
 3.676375e+001  1.074764e-004
 3.682563e+001  1.287224e-004
 3.688750e+001  8.671654e-005
 3.694938e+001  8.576471e-005
 3.701125e+001  1.072494e-004
 3.707313e+001  1.061536e-004
 3.713500e+001  1.345882e-004
 3.719688e+001  1.578539e-004
 3.725875e+001  1.560391e-004
 3.732063e+001  1.444490e-004
 3.738250e+001  1.170369e-004
 3.744438e+001  1.124292e-004
 3.750625e+001  5.717745e-005
 3.756813e+001  9.504913e-005
 3.763000e+001  4.966828e-005
 3.769188e+001  4.747967e-005
 3.775375e+001  6.483082e-005
 3.781563e+001  1.449010e-004
 3.787750e+001  7.521502e-005
 3.793938e+001  7.100552e-005
 3.800125e+001  1.211511e-004
 3.806313e+001  9.955360e-005
 3.812500e+001  1.526358e-004
 3.818688e+001  1.136755e-004
 3.824875e+001  1.329373e-004
 3.831063e+001  8.462985e-005
 3.837250e+001  7.148665e-005
 3.843438e+001  1.465819e-004
 3.849625e+001  1.522438e-004
 3.855813e+001  1.267340e-004
 3.862000e+001  1.442211e-004
 3.868188e+001  1.720762e-004
 3.874375e+001  1.949532e-004
 3.880563e+001  1.059900e-004
 3.886750e+001  9.388946e-005
 3.892938e+001  9.206576e-005
 3.899125e+001  1.116997e-004
 3.905313e+001  1.807720e-004
 3.911500e+001  1.680628e-004
 3.917688e+001  1.748160e-004
 3.923875e+001  1.109596e-004
 3.930063e+001  3.768274e-005
 3.936250e+001  5.661656e-005
 3.942438e+001  5.086225e-005
 3.948625e+001  6.763986e-005
 3.954813e+001  6.418267e-005
 3.961000e+001  6.469525e-005
 3.967188e+001  9.729061e-005
 3.973375e+001  1.030825e-004
 3.979563e+001  9.920729e-005
 3.985750e+001  1.726077e-004
 3.991938e+001  1.495301e-004
 3.998125e+001  1.988362e-004
 4.004313e+001  1.698524e-004
 4.010500e+001  1.119285e-004
 4.016688e+001  5.669560e-005
 4.022875e+001  1.377512e-004
 4.029063e+001  1.720939e-004
 4.035250e+001  1.574180e-004
 4.041438e+001  1.821571e-004
 4.047625e+001  1.433072e-004
 4.053813e+001  9.551746e-005
 4.060000e+001  1.088470e-004
 4.066188e+001  1.114718e-004
 4.072375e+001  7.693092e-005
 4.078563e+001  8.608796e-005
 4.084750e+001  1.412532e-004
 4.090938e+001  2.308391e-004
 4.097125e+001  2.154411e-004
 4.103313e+001  1.665081e-004
 4.109500e+001  1.578733e-004
 4.115688e+001  1.543331e-004
 4.121875e+001  1.038982e-004
 4.128063e+001  1.724707e-004
 4.134250e+001  1.143779e-004
 4.140438e+001  5.787177e-005
 4.146625e+001  8.098665e-005
 4.152813e+001  8.328126e-005
 4.159000e+001  4.654882e-005
 4.165188e+001  7.291446e-005
 4.171375e+001  1.432637e-004
 4.177563e+001  1.722460e-004
 4.183750e+001  1.460965e-004
 4.189938e+001  1.400137e-004
 4.196125e+001  1.013531e-004
 4.202313e+001  1.196222e-004
 4.208500e+001  1.018988e-004
 4.214688e+001  1.142747e-004
 4.220875e+001  1.047635e-004
 4.227063e+001  1.848603e-004
 4.233250e+001  1.792053e-004
 4.239438e+001  1.736469e-004
 4.245625e+001  1.816260e-004
 4.251813e+001  1.056145e-004
 4.258000e+001  1.042376e-004
 4.264188e+001  2.020524e-004
 4.270375e+001  1.792268e-004
 4.276563e+001  1.131525e-004
 4.282750e+001  1.014027e-004
 4.288938e+001  4.619165e-005
 4.295125e+001  1.251685e-004
 4.301313e+001  1.990489e-004
 4.307500e+001  1.345958e-004
 4.313688e+001  4.977629e-005
 4.319875e+001  5.769992e-005
 4.326063e+001  1.201350e-004
 4.332250e+001  1.393844e-004
 4.338438e+001  8.493263e-005
 4.344625e+001  9.642857e-005
 4.350813e+001  8.247797e-005
 4.357000e+001  6.163399e-005
 4.363188e+001  6.939947e-005
 4.369375e+001  8.394484e-005
 4.375563e+001  1.029141e-004
 4.381750e+001  1.870055e-004
 4.387938e+001  2.213488e-004
 4.394125e+001  1.444620e-004
 4.400313e+001  1.054060e-004
 4.406500e+001  1.438264e-004
 4.412688e+001  1.049296e-004
 4.418875e+001  8.605580e-005
 4.425063e+001  1.845170e-004
 4.431250e+001  1.341478e-004
 4.437438e+001  1.456868e-004
 4.443625e+001  1.347791e-004
 4.449813e+001  1.076977e-004
 4.456000e+001  7.915892e-005
 4.462188e+001  1.431899e-004
 4.468375e+001  9.433319e-005
 4.474563e+001  9.042565e-005
 4.480750e+001  1.144828e-004
 4.486938e+001  7.625789e-005
 4.493125e+001  9.822996e-005
 4.499313e+001  1.730229e-004
 4.505500e+001  1.507412e-004
 4.511688e+001  1.437424e-004
 4.517875e+001  1.238485e-004
 4.524063e+001  8.518887e-005
 4.530250e+001  1.627145e-004
 4.536438e+001  1.082208e-004
 4.542625e+001  1.191849e-004
 4.548813e+001  1.235014e-004
 4.555000e+001  1.131535e-004
 4.561188e+001  1.640180e-004
 4.567375e+001  1.327520e-004
 4.573563e+001  7.762621e-005
 4.579750e+001  8.003485e-005
 4.585938e+001  8.451609e-005
 4.592125e+001  6.438199e-005
 4.598313e+001  6.972232e-005
 4.604500e+001  1.117839e-004
 4.610688e+001  1.015579e-004
 4.616875e+001  1.344040e-004
 4.623063e+001  1.355214e-004
 4.629250e+001  6.665189e-005
 4.635438e+001  8.382887e-005
 4.641625e+001  1.097906e-004
 4.647813e+001  1.035338e-004
 4.654000e+001  7.141204e-005
 4.660188e+001  1.180059e-004
 4.666375e+001  1.187770e-004
 4.672563e+001  1.127163e-004
 4.678750e+001  1.023490e-004
 4.684938e+001  1.011903e-004
 4.691125e+001  9.071879e-005
 4.697313e+001  6.352362e-005
 4.703500e+001  9.776098e-005
 4.709688e+001  1.556263e-004
 4.715875e+001  1.715509e-004
 4.722063e+001  9.001887e-005
 4.728250e+001  3.245077e-005
 4.734438e+001  4.370053e-005
 4.740625e+001  6.974037e-005
 4.746813e+001  9.740924e-005
 4.753000e+001  9.256929e-005
 4.759188e+001  7.664492e-005
 4.765375e+001  9.726513e-005
 4.771563e+001  7.302006e-005
 4.777750e+001  8.222346e-005
 4.783938e+001  1.258769e-004
 4.790125e+001  8.995507e-005
 4.796313e+001  3.893028e-005
 4.802500e+001  2.753786e-005
 4.808688e+001  7.435971e-005
 4.814875e+001  1.498449e-004
 4.821063e+001  1.725959e-004
 4.827250e+001  1.364517e-004
 4.833438e+001  9.874371e-005
 4.839625e+001  1.110406e-004
 4.845813e+001  1.521651e-004
 4.852000e+001  1.421730e-004
 4.858188e+001  8.423942e-005
 4.864375e+001  1.284011e-004
 4.870563e+001  9.034613e-005
 4.876750e+001  1.254910e-004
 4.882938e+001  9.356666e-005
 4.889125e+001  1.157532e-004
 4.895313e+001  8.142648e-005
 4.901500e+001  6.271221e-005
 4.907688e+001  9.758483e-005
 4.913875e+001  7.748716e-005
 4.920063e+001  4.161599e-005
 4.926250e+001  5.870285e-005
 4.932438e+001  8.924244e-005
 4.938625e+001  8.864935e-005
 4.944813e+001  8.305281e-005
 4.951000e+001  5.242673e-005
 4.957188e+001  6.986555e-005
 4.963375e+001  8.558647e-005
 4.969563e+001  1.120077e-004
 4.975750e+001  1.268315e-004
 4.981938e+001  1.238589e-004
 4.988125e+001  1.130063e-003
 4.994313e+001  1.397883e-002
 5.000500e+001  2.874646e-002
 5.006688e+001  1.657919e-002
 5.012875e+001  1.773818e-003
 5.019063e+001  1.418891e-004
 5.025250e+001  1.761056e-004
 5.031438e+001  7.218103e-005
 5.037625e+001  1.045960e-004
 5.043813e+001  9.639843e-005
 5.050000e+001  5.124761e-005
 5.056188e+001  9.549018e-005
 5.062375e+001  1.322657e-004
 5.068563e+001  8.765334e-005
 5.074750e+001  6.705282e-005
 5.080938e+001  1.346895e-004
 5.087125e+001  1.347334e-004
 5.093313e+001  1.360003e-004
 5.099500e+001  2.072220e-004
 5.105688e+001  1.366143e-004
 5.111875e+001  5.921703e-005
 5.118063e+001  9.980538e-005
 5.124250e+001  1.128897e-004
 5.130438e+001  6.206811e-005
 5.136625e+001  3.552989e-005
 5.142813e+001  5.025148e-005
 5.149000e+001  7.216973e-005
 5.155188e+001  6.350072e-005
 5.161375e+001  9.250701e-005
 5.167563e+001  1.248909e-004
 5.173750e+001  1.419728e-004
 5.179938e+001  1.064816e-004
 5.186125e+001  7.867099e-005
 5.192313e+001  1.320597e-004
 5.198500e+001  1.265422e-004
 5.204688e+001  1.217169e-004
 5.210875e+001  1.193095e-004
 5.217063e+001  1.444632e-004
 5.223250e+001  1.315730e-004
 5.229438e+001  7.854361e-005
 5.235625e+001  3.486136e-005
 5.241813e+001  3.295029e-005
 5.248000e+001  9.318831e-005
 5.254188e+001  8.835163e-005
 5.260375e+001  1.125492e-004
 5.266563e+001  1.026081e-004
 5.272750e+001  1.257358e-004
 5.278938e+001  1.407756e-004
 5.285125e+001  1.134531e-004
 5.291313e+001  3.705071e-005
 5.297500e+001  7.004010e-005
 5.303688e+001  1.002124e-004
 5.309875e+001  1.077823e-004
 5.316063e+001  5.285234e-005
 5.322250e+001  3.375851e-005
 5.328438e+001  6.630393e-005
 5.334625e+001  1.132052e-004
 5.340813e+001  1.129502e-004
 5.347000e+001  6.929714e-005
 5.353188e+001  3.970899e-005
 5.359375e+001  7.827184e-005
 5.365563e+001  1.499953e-004
 5.371750e+001  1.308713e-004
 5.377938e+001  1.509916e-004
 5.384125e+001  1.230489e-004
 5.390313e+001  1.246108e-004
 5.396500e+001  1.115298e-004
 5.402688e+001  8.157533e-005
 5.408875e+001  6.932354e-005
 5.415063e+001  9.799290e-005
 5.421250e+001  8.950046e-005
 5.427438e+001  2.761817e-005
 5.433625e+001  9.152141e-005
 5.439813e+001  1.128777e-004
 5.446000e+001  1.291582e-004
 5.452188e+001  9.889187e-005
 5.458375e+001  7.851639e-005
 5.464563e+001  5.807270e-005
 5.470750e+001  5.682845e-005
 5.476938e+001  5.336538e-005
 5.483125e+001  7.595370e-005
 5.489313e+001  9.614237e-005
 5.495500e+001  8.711556e-005
 5.501688e+001  1.021766e-004
 5.507875e+001  1.428911e-004
 5.514063e+001  1.234802e-004
 5.520250e+001  8.858727e-005
 5.526438e+001  4.381521e-005
 5.532625e+001  1.317618e-004
 5.538813e+001  1.087279e-004
 5.545000e+001  5.333669e-005
 5.551188e+001  8.122291e-005
 5.557375e+001  1.235017e-004
 5.563563e+001  1.274796e-004
 5.569750e+001  5.067634e-005
 5.575938e+001  2.228767e-005
 5.582125e+001  5.933173e-005
 5.588313e+001  5.061281e-005
 5.594500e+001  6.539993e-005
 5.600688e+001  1.521849e-004
 5.606875e+001  1.525014e-004
 5.613063e+001  9.608860e-005
 5.619250e+001  6.053317e-005
 5.625438e+001  5.160100e-005
 5.631625e+001  3.823234e-005
 5.637813e+001  8.469352e-005
 5.644000e+001  9.604899e-005
 5.650188e+001  4.082420e-005
 5.656375e+001  3.996734e-005
 5.662563e+001  6.070265e-005
 5.668750e+001  3.374045e-005
 5.674938e+001  5.898169e-005
 5.681125e+001  8.646379e-005
 5.687313e+001  1.062491e-004
 5.693500e+001  9.197006e-005
 5.699688e+001  9.399865e-005
 5.705875e+001  8.267566e-005
 5.712063e+001  9.044297e-005
 5.718250e+001  6.800492e-005
 5.724438e+001  4.866263e-005
 5.730625e+001  8.866372e-005
 5.736813e+001  1.461371e-004
 5.743000e+001  1.451434e-004
 5.749188e+001  9.955087e-005
 5.755375e+001  9.967485e-005
 5.761563e+001  3.779024e-005
 5.767750e+001  6.767285e-005
 5.773938e+001  4.246148e-005
 5.780125e+001  7.605922e-005
 5.786313e+001  9.699755e-005
 5.792500e+001  6.183083e-005
 5.798688e+001  3.898724e-005
 5.804875e+001  6.561217e-005
 5.811063e+001  4.891096e-005
 5.817250e+001  1.331385e-005
 5.823438e+001  5.676378e-005
 5.829625e+001  1.201991e-004
 5.835813e+001  1.392105e-004
 5.842000e+001  1.186899e-004
 5.848188e+001  7.205869e-005
 5.854375e+001  1.172518e-004
 5.860563e+001  9.536043e-005
 5.866750e+001  1.080468e-004
 5.872938e+001  8.370378e-005
 5.879125e+001  6.293273e-005
 5.885313e+001  6.506757e-005
 5.891500e+001  1.022028e-004
 5.897688e+001  9.503409e-005
 5.903875e+001  1.136870e-004
 5.910063e+001  1.283734e-004
 5.916250e+001  1.059164e-004
 5.922438e+001  1.038538e-004
 5.928625e+001  6.694058e-005
 5.934813e+001  6.601556e-005
 5.941000e+001  1.216995e-004
 5.947188e+001  9.803031e-005
 5.953375e+001  6.178100e-005
 5.959563e+001  7.492935e-005
 5.965750e+001  6.953284e-005
 5.971938e+001  1.003639e-004
 5.978125e+001  1.339664e-004
 5.984313e+001  1.056836e-004
 5.990500e+001  9.790485e-005
 5.996688e+001  7.583628e-005
 6.002875e+001  1.043453e-004
 6.009063e+001  7.316461e-005
 6.015250e+001  6.904510e-005
 6.021438e+001  4.601355e-005
 6.027625e+001  3.310229e-005
 6.033813e+001  4.984565e-005
 6.040000e+001  1.181198e-004
 6.046188e+001  1.464074e-004
 6.052375e+001  9.238446e-005
 6.058563e+001  6.090546e-005
 6.064750e+001  5.793405e-005
 6.070938e+001  1.200414e-004
 6.077125e+001  1.157787e-004
 6.083313e+001  1.066805e-004
 6.089500e+001  1.012893e-004
 6.095688e+001  1.018713e-004
 6.101875e+001  1.139395e-004
 6.108063e+001  9.401167e-005
 6.114250e+001  3.375623e-005
 6.120438e+001  4.180908e-005
 6.126625e+001  5.856571e-005
 6.132813e+001  1.055675e-004
 6.139000e+001  9.678574e-005
 6.145188e+001  1.548759e-005
 6.151375e+001  4.431537e-005
 6.157563e+001  5.091293e-005
 6.163750e+001  6.677538e-005
 6.169938e+001  6.576168e-005
 6.176125e+001  6.002040e-005
 6.182313e+001  3.743476e-005
 6.188500e+001  3.495345e-005
 6.194688e+001  4.574678e-005
 6.200875e+001  6.835548e-005
 6.207063e+001  9.649863e-005
 6.213250e+001  7.405362e-005
 6.219438e+001  8.156179e-005
 6.225625e+001  4.347961e-005
 6.231813e+001  1.704995e-005
 6.238000e+001  5.285977e-005
 6.244188e+001  9.652800e-005
 6.250375e+001  9.029665e-005
 6.256563e+001  3.807113e-005
 6.262750e+001  2.376923e-005
 6.268938e+001  8.477150e-005
 6.275125e+001  8.612107e-005
 6.281313e+001  3.610372e-005
 6.287500e+001  5.154342e-005
 6.293688e+001  9.326572e-005
 6.299875e+001  1.091441e-004
 6.306063e+001  8.592406e-005
 6.312250e+001  7.672046e-005
 6.318438e+001  6.306992e-005
 6.324625e+001  7.159227e-005
 6.330813e+001  4.318689e-005
 6.337000e+001  5.100674e-005
 6.343188e+001  2.044719e-005
 6.349375e+001  4.654225e-005
 6.355563e+001  8.508755e-005
 6.361750e+001  1.054186e-004
 6.367938e+001  1.164299e-004
 6.374125e+001  1.137706e-004
 6.380313e+001  6.602054e-005
 6.386500e+001  5.273609e-005
 6.392688e+001  1.105261e-004
 6.398875e+001  1.088910e-004
 6.405063e+001  1.137293e-004
 6.411250e+001  9.322136e-005
 6.417438e+001  5.740195e-005
 6.423625e+001  8.242794e-005
 6.429813e+001  6.180428e-005
 6.436000e+001  5.134746e-005
 6.442188e+001  2.676175e-005
 6.448375e+001  2.390036e-005
 6.454563e+001  6.631418e-005
 6.460750e+001  1.081822e-004
 6.466938e+001  5.974809e-005
 6.473125e+001  6.963149e-005
 6.479313e+001  7.024342e-005
 6.485500e+001  5.412000e-005
 6.491688e+001  9.579306e-005
 6.497875e+001  6.356425e-005
 6.504063e+001  8.273529e-005
 6.510250e+001  8.873878e-005
 6.516438e+001  1.016372e-004
 6.522625e+001  1.088231e-004
 6.528813e+001  1.013251e-004
 6.535000e+001  8.076594e-005
 6.541188e+001  9.895791e-005
 6.547375e+001  1.437838e-004
 6.553563e+001  1.137053e-004
 6.559750e+001  8.581875e-005
 6.565938e+001  1.004853e-004
 6.572125e+001  6.352386e-005
 6.578313e+001  5.198883e-005
 6.584500e+001  5.553551e-005
 6.590688e+001  1.080169e-004
 6.596875e+001  1.213766e-004
 6.603063e+001  9.150765e-005
 6.609250e+001  7.667469e-005
 6.615438e+001  5.525616e-005
 6.621625e+001  9.580507e-005
 6.627813e+001  1.246893e-004
 6.634000e+001  7.819631e-005
 6.640188e+001  6.503266e-005
 6.646375e+001  8.841703e-005
 6.652563e+001  7.875842e-005
 6.658750e+001  1.082385e-004
 6.664938e+001  1.311266e-004
 6.671125e+001  1.310780e-004
 6.677313e+001  8.999553e-005
 6.683500e+001  1.848857e-005
 6.689688e+001  4.845767e-005
 6.695875e+001  5.210429e-005
 6.702063e+001  8.961506e-005
 6.708250e+001  8.424626e-005
 6.714438e+001  9.308925e-005
 6.720625e+001  7.572338e-005
 6.726813e+001  6.256680e-005
 6.733000e+001  9.633082e-005
 6.739188e+001  7.609929e-005
 6.745375e+001  4.847374e-005
 6.751563e+001  5.691334e-005
 6.757750e+001  7.394514e-005
 6.763938e+001  7.676829e-005
 6.770125e+001  2.961827e-005
 6.776313e+001  4.273782e-005
 6.782500e+001  7.028457e-005
 6.788688e+001  4.463870e-005
 6.794875e+001  5.998144e-005
 6.801063e+001  1.240364e-004
 6.807250e+001  1.358045e-004
 6.813438e+001  7.313148e-005
 6.819625e+001  8.156950e-005
 6.825813e+001  2.521477e-005
 6.832000e+001  3.687930e-005
 6.838188e+001  5.961861e-005
 6.844375e+001  2.875121e-005
 6.850563e+001  7.626493e-005
 6.856750e+001  6.611081e-005
 6.862938e+001  4.947392e-005
 6.869125e+001  8.948434e-005
 6.875313e+001  1.098991e-004
 6.881500e+001  7.315351e-005
 6.887688e+001  4.878758e-005
 6.893875e+001  5.185663e-005
 6.900063e+001  4.285501e-005
 6.906250e+001  3.786603e-005
 6.912438e+001  1.950206e-005
 6.918625e+001  3.748394e-005
 6.924813e+001  4.817091e-005
 6.931000e+001  7.611321e-005
 6.937188e+001  7.092964e-005
 6.943375e+001  8.343961e-005
 6.949563e+001  4.386794e-005
 6.955750e+001  3.022299e-005
 6.961938e+001  6.517265e-005
 6.968125e+001  3.826289e-005
 6.974313e+001  6.216800e-005
 6.980500e+001  5.802747e-005
 6.986688e+001  8.178772e-005
 6.992875e+001  1.009177e-004
 6.999063e+001  8.447683e-005
 7.005250e+001  5.780700e-005
 7.011438e+001  6.813895e-005
 7.017625e+001  5.439986e-005
 7.023813e+001  6.768586e-005
 7.030000e+001  3.472547e-005
 7.036188e+001  6.956585e-005
 7.042375e+001  6.393155e-005
 7.048563e+001  6.334109e-005
 7.054750e+001  7.006107e-005
 7.060938e+001  5.364495e-005
 7.067125e+001  8.295004e-005
 7.073313e+001  6.398090e-005
 7.079500e+001  7.089000e-005
 7.085688e+001  5.980504e-005
 7.091875e+001  5.299147e-005
 7.098063e+001  6.452517e-005
 7.104250e+001  7.433951e-005
 7.110438e+001  1.208462e-004
 7.116625e+001  1.537116e-004
 7.122813e+001  1.043491e-004
 7.129000e+001  4.828669e-005
 7.135188e+001  7.817654e-005
 7.141375e+001  6.358719e-005
 7.147563e+001  7.066743e-005
 7.153750e+001  1.029485e-004
 7.159938e+001  1.069564e-004
 7.166125e+001  4.561798e-005
 7.172313e+001  9.558179e-005
 7.178500e+001  6.813414e-005
 7.184688e+001  7.057995e-005
 7.190875e+001  6.543617e-005
 7.197063e+001  3.733889e-005
 7.203250e+001  7.724689e-005
 7.209438e+001  1.091054e-004
 7.215625e+001  7.232190e-005
 7.221813e+001  1.213861e-004
 7.228000e+001  1.586896e-004
 7.234188e+001  1.008919e-004
 7.240375e+001  7.024546e-005
 7.246563e+001  6.333448e-005
 7.252750e+001  6.312321e-005
 7.258938e+001  5.001440e-005
 7.265125e+001  1.991893e-005
 7.271313e+001  5.381201e-005
 7.277500e+001  6.532581e-005
 7.283688e+001  6.169837e-005
 7.289875e+001  4.447362e-005
 7.296063e+001  1.681816e-005
 7.302250e+001  6.327702e-005
 7.308438e+001  7.824736e-005
 7.314625e+001  6.350396e-005
 7.320813e+001  5.055765e-005
 7.327000e+001  7.010247e-005
 7.333188e+001  2.866089e-005
 7.339375e+001  7.118771e-005
 7.345563e+001  4.571758e-005
 7.351750e+001  8.618864e-005
 7.357938e+001  6.873749e-005
 7.364125e+001  9.271550e-005
 7.370313e+001  7.138630e-005
 7.376500e+001  2.989828e-005
 7.382688e+001  7.292730e-005
 7.388875e+001  9.613197e-005
 7.395063e+001  7.040641e-005
 7.401250e+001  6.217212e-005
 7.407438e+001  8.683197e-005
 7.413625e+001  6.785912e-005
 7.419813e+001  5.490687e-005
 7.426000e+001  5.232449e-005
 7.432188e+001  8.786587e-005
 7.438375e+001  6.580209e-005
 7.444563e+001  6.033507e-005
 7.450750e+001  8.587781e-005
 7.456938e+001  8.765207e-005
 7.463125e+001  1.105165e-004
 7.469313e+001  1.276517e-004
 7.475500e+001  8.554118e-005
 7.481688e+001  4.583520e-005
 7.487875e+001  4.539970e-005
 7.494063e+001  6.820230e-005
 7.500250e+001  6.130494e-005
 7.506438e+001  3.652049e-005
 7.512625e+001  2.883165e-005
 7.518813e+001  3.794038e-005
 7.525000e+001  5.141652e-005
 7.531188e+001  1.243274e-004
 7.537375e+001  3.180248e-004
 7.543563e+001  3.783732e-004
 7.549750e+001  1.724553e-004
 7.555938e+001  1.334984e-004
 7.562125e+001  1.145659e-004
 7.568313e+001  9.503423e-005
 7.574500e+001  8.964156e-005
 7.580688e+001  6.539185e-005
 7.586875e+001  6.715570e-005
 7.593063e+001  9.364563e-005
 7.599250e+001  6.635897e-005
 7.605438e+001  3.188395e-005
 7.611625e+001  8.938875e-005
 7.617813e+001  7.671069e-005
 7.624000e+001  2.653827e-005
 7.630188e+001  6.408639e-005
 7.636375e+001  6.831260e-005
 7.642563e+001  7.062894e-005
 7.648750e+001  6.050272e-005
 7.654938e+001  5.282481e-005
 7.661125e+001  9.679711e-005
 7.667313e+001  8.689070e-005
 7.673500e+001  3.322037e-005
 7.679688e+001  6.034780e-005
 7.685875e+001  8.389252e-005
 7.692063e+001  7.591834e-005
 7.698250e+001  5.087716e-005
 7.704438e+001  4.975395e-005
 7.710625e+001  5.485281e-005
 7.716813e+001  6.423992e-005
 7.723000e+001  6.434456e-005
 7.729188e+001  4.848712e-005
 7.735375e+001  8.699314e-005
 7.741563e+001  1.041851e-004
 7.747750e+001  8.896665e-005
 7.753938e+001  8.224539e-005
 7.760125e+001  8.865335e-005
 7.766313e+001  6.856995e-005
 7.772500e+001  4.614127e-005
 7.778688e+001  4.660627e-005
 7.784875e+001  9.948775e-005
 7.791063e+001  9.544352e-005
 7.797250e+001  5.553084e-005
 7.803438e+001  1.008741e-004
 7.809625e+001  8.299374e-005
 7.815813e+001  6.925616e-005
 7.822000e+001  5.674897e-005
 7.828188e+001  6.789481e-005
 7.834375e+001  7.500603e-005
 7.840563e+001  1.128247e-004
 7.846750e+001  1.437768e-004
 7.852938e+001  1.148751e-004
 7.859125e+001  3.644962e-005
 7.865313e+001  8.299162e-005
 7.871500e+001  1.121556e-004
 7.877688e+001  1.051087e-004
 7.883875e+001  7.332312e-005
 7.890063e+001  9.768057e-005
 7.896250e+001  7.760845e-005
 7.902438e+001  5.673398e-005
 7.908625e+001  9.270465e-005
 7.914813e+001  5.497644e-005
 7.921000e+001  4.285135e-005
 7.927188e+001  6.900932e-005
 7.933375e+001  8.029141e-005
 7.939563e+001  7.089142e-005
 7.945750e+001  8.720534e-005
 7.951938e+001  8.215110e-005
 7.958125e+001  7.029586e-005
 7.964313e+001  7.498584e-005
 7.970500e+001  7.896802e-005
 7.976688e+001  6.895393e-005
 7.982875e+001  4.525278e-005
 7.989063e+001  7.663451e-005
 7.995250e+001  5.741450e-005
 8.001438e+001  7.858393e-005
 8.007625e+001  8.470243e-005
 8.013813e+001  8.744755e-005
 8.020000e+001  8.184188e-005
 8.026188e+001  9.512037e-005
 8.032375e+001  6.512384e-005
 8.038563e+001  4.826356e-005
 8.044750e+001  5.143317e-005
 8.050938e+001  7.092826e-005
 8.057125e+001  6.051189e-005
 8.063313e+001  7.663961e-005
 8.069500e+001  6.502262e-005
 8.075688e+001  4.501801e-005
 8.081875e+001  5.278237e-005
 8.088063e+001  6.333603e-005
 8.094250e+001  6.548197e-005
 8.100438e+001  3.549292e-005
 8.106625e+001  4.761081e-005
 8.112813e+001  5.504012e-005
 8.119000e+001  8.399758e-005
 8.125188e+001  9.992178e-005
 8.131375e+001  1.209848e-004
 8.137563e+001  1.229859e-004
 8.143750e+001  6.090624e-005
 8.149938e+001  4.068100e-005
 8.156125e+001  5.881656e-005
 8.162313e+001  3.398585e-005
 8.168500e+001  3.008530e-005
 8.174688e+001  7.134689e-005
 8.180875e+001  7.291273e-005
 8.187063e+001  1.646508e-005
 8.193250e+001  3.956323e-005
 8.199438e+001  3.102513e-005
 8.205625e+001  1.687832e-005
 8.211813e+001  3.190624e-005
 8.218000e+001  8.242797e-005
 8.224188e+001  1.096945e-004
 8.230375e+001  8.603802e-005
 8.236563e+001  1.017609e-004
 8.242750e+001  6.940280e-005
 8.248938e+001  4.577909e-005
 8.255125e+001  7.076906e-005
 8.261313e+001  5.536499e-005
 8.267500e+001  6.188732e-005
 8.273688e+001  9.195607e-005
 8.279875e+001  6.753921e-005
 8.286063e+001  8.127209e-005
 8.292250e+001  7.221619e-005
 8.298438e+001  4.581220e-005
 8.304625e+001  4.959260e-005
 8.310813e+001  4.225829e-005
 8.317000e+001  3.112766e-005
 8.323188e+001  1.924274e-005
 8.329375e+001  1.614550e-005
 8.335563e+001  4.811521e-005
 8.341750e+001  3.167046e-005
 8.347938e+001  5.391229e-005
 8.354125e+001  8.284186e-005
 8.360313e+001  3.402940e-005
 8.366500e+001  4.996719e-005
 8.372688e+001  5.052195e-005
 8.378875e+001  2.921040e-005
 8.385063e+001  6.909058e-005
 8.391250e+001  7.467757e-005
 8.397438e+001  5.307397e-005
 8.403625e+001  7.969420e-005
 8.409813e+001  8.828046e-005
 8.416000e+001  4.473161e-005
 8.422188e+001  5.532163e-005
 8.428375e+001  3.452438e-005
 8.434563e+001  5.313383e-005
 8.440750e+001  9.104338e-005
 8.446938e+001  5.746538e-005
 8.453125e+001  5.582796e-005
 8.459313e+001  7.510607e-005
 8.465500e+001  8.532564e-005
 8.471688e+001  1.032912e-004
 8.477875e+001  6.577275e-005
 8.484063e+001  2.025331e-005
 8.490250e+001  2.073408e-005
 8.496438e+001  3.848335e-005
 8.502625e+001  5.152383e-005
 8.508813e+001  2.543930e-005
 8.515000e+001  7.674621e-005
 8.521188e+001  8.904797e-005
 8.527375e+001  8.441086e-005
 8.533563e+001  6.699594e-005
 8.539750e+001  6.003442e-005
 8.545938e+001  4.628812e-005
 8.552125e+001  8.936842e-005
 8.558313e+001  1.072903e-004
 8.564500e+001  6.553637e-005
 8.570688e+001  3.353209e-005
 8.576875e+001  8.084020e-005
 8.583063e+001  6.552805e-005
 8.589250e+001  4.454348e-005
 8.595438e+001  2.160639e-005
 8.601625e+001  6.075641e-005
 8.607813e+001  7.837440e-005
 8.614000e+001  6.493066e-005
 8.620188e+001  7.857596e-005
 8.626375e+001  7.148717e-005
 8.632563e+001  7.147004e-005
 8.638750e+001  6.151682e-005
 8.644938e+001  3.098829e-005
 8.651125e+001  6.018213e-005
 8.657313e+001  4.539336e-005
 8.663500e+001  5.427731e-005
 8.669688e+001  2.308494e-005
 8.675875e+001  2.360345e-005
 8.682063e+001  3.574961e-005
 8.688250e+001  7.457380e-005
 8.694438e+001  9.707941e-005
 8.700625e+001  5.002096e-005
 8.706813e+001  6.429580e-005
 8.713000e+001  8.622249e-005
 8.719188e+001  7.079232e-005
 8.725375e+001  1.008936e-005
 8.731563e+001  7.574955e-005
 8.737750e+001  8.908693e-005
 8.743938e+001  5.281046e-005
 8.750125e+001  2.621179e-005
 8.756313e+001  3.222392e-005
 8.762500e+001  4.737533e-005
 8.768688e+001  6.200736e-005
 8.774875e+001  4.017902e-005
 8.781063e+001  6.683042e-005
 8.787250e+001  9.452692e-005
 8.793438e+001  7.473042e-005
 8.799625e+001  3.630300e-005
 8.805813e+001  4.633063e-005
 8.812000e+001  6.210938e-005
 8.818188e+001  6.460533e-005
 8.824375e+001  7.447093e-005
 8.830563e+001  6.174509e-005
 8.836750e+001  1.608355e-005
 8.842938e+001  4.910345e-005
 8.849125e+001  7.305805e-005
 8.855313e+001  3.629668e-005
 8.861500e+001  2.175822e-005
 8.867688e+001  6.077040e-005
 8.873875e+001  4.387079e-005
 8.880063e+001  3.646186e-005
 8.886250e+001  4.886519e-005
 8.892438e+001  6.918035e-005
 8.898625e+001  5.786311e-005
 8.904813e+001  3.740525e-005
 8.911000e+001  5.438847e-005
 8.917188e+001  8.396425e-005
 8.923375e+001  8.260886e-005
 8.929563e+001  3.152060e-005
 8.935750e+001  4.720632e-005
 8.941938e+001  4.942372e-005
 8.948125e+001  3.509327e-005
 8.954313e+001  5.654076e-005
 8.960500e+001  7.074350e-005
 8.966688e+001  5.224114e-005
 8.972875e+001  4.342254e-005
 8.979063e+001  5.700750e-005
 8.985250e+001  4.462961e-005
 8.991438e+001  7.710181e-005
 8.997625e+001  4.308453e-005
 9.003813e+001  8.254672e-005
 9.010000e+001  8.534353e-005
 9.016188e+001  6.245990e-005
 9.022375e+001  3.453885e-005
 9.028563e+001  7.914681e-005
 9.034750e+001  8.069232e-005
 9.040938e+001  6.812026e-005
 9.047125e+001  6.666641e-005
 9.053313e+001  5.751849e-005
 9.059500e+001  4.951419e-005
 9.065688e+001  3.964656e-005
 9.071875e+001  4.744019e-005
 9.078063e+001  5.957165e-005
 9.084250e+001  7.627942e-005
 9.090438e+001  6.848979e-005
 9.096625e+001  5.608754e-005
 9.102813e+001  5.834333e-005
 9.109000e+001  5.442105e-005
 9.115188e+001  5.444582e-005
 9.121375e+001  2.932732e-005
 9.127563e+001  5.003700e-005
 9.133750e+001  7.940508e-005
 9.139938e+001  6.384381e-005
 9.146125e+001  6.575204e-005
 9.152313e+001  9.269206e-005
 9.158500e+001  1.095632e-004
 9.164688e+001  9.905112e-005
 9.170875e+001  3.048889e-005
 9.177063e+001  1.413997e-004
 9.183250e+001  3.332992e-004
 9.189438e+001  2.638439e-004
 9.195625e+001  5.083459e-005
 9.201813e+001  6.477554e-005
 9.208000e+001  6.228642e-005
 9.214188e+001  6.847131e-005
 9.220375e+001  1.864658e-005
 9.226563e+001  4.690473e-005
 9.232750e+001  7.415113e-005
 9.238938e+001  9.635500e-005
 9.245125e+001  6.245773e-005
 9.251313e+001  6.499519e-005
 9.257500e+001  4.299445e-005
 9.263688e+001  4.580799e-005
 9.269875e+001  7.107606e-005
 9.276063e+001  8.794194e-005
 9.282250e+001  9.131491e-005
 9.288438e+001  9.899926e-005
 9.294625e+001  8.742480e-005
 9.300813e+001  8.163973e-005
 9.307000e+001  4.030992e-005
 9.313188e+001  4.785303e-005
 9.319375e+001  7.663699e-005
 9.325563e+001  6.594353e-005
 9.331750e+001  9.297747e-005
 9.337938e+001  5.001732e-005
 9.344125e+001  6.850060e-005
 9.350313e+001  5.745755e-005
 9.356500e+001  6.755627e-005
 9.362688e+001  4.350692e-005
 9.368875e+001  3.463982e-005
 9.375063e+001  8.376286e-005
 9.381250e+001  6.125917e-005
 9.387438e+001  4.476408e-005
 9.393625e+001  3.338921e-005
 9.399813e+001  4.638673e-005
 9.406000e+001  4.684615e-005
 9.412188e+001  7.337351e-005
 9.418375e+001  4.474664e-005
 9.424563e+001  2.682086e-005
 9.430750e+001  2.739409e-005
 9.436938e+001  5.252314e-005
 9.443125e+001  7.861869e-005
 9.449313e+001  4.567283e-005
 9.455500e+001  2.531403e-005
 9.461688e+001  3.521314e-005
 9.467875e+001  2.650411e-005
 9.474063e+001  3.661067e-005
 9.480250e+001  5.014475e-005
 9.486438e+001  6.398225e-005
 9.492625e+001  6.090682e-005
 9.498813e+001  5.033195e-005
 9.505000e+001  7.254261e-005
 9.511188e+001  6.290676e-005
 9.517375e+001  2.141398e-005
 9.523563e+001  2.757755e-005
 9.529750e+001  5.876713e-005
 9.535938e+001  7.075032e-005
 9.542125e+001  5.857856e-005
 9.548313e+001  4.339923e-005
 9.554500e+001  4.682431e-005
 9.560688e+001  6.381224e-005
 9.566875e+001  5.615477e-005
 9.573063e+001  4.631339e-005
 9.579250e+001  4.537634e-005
 9.585438e+001  4.554339e-005
 9.591625e+001  9.945633e-005
 9.597813e+001  1.125064e-004
 9.604000e+001  3.851836e-005
 9.610188e+001  5.343527e-005
 9.616375e+001  7.146175e-005
 9.622563e+001  3.859790e-005
 9.628750e+001  2.950443e-005
 9.634938e+001  2.499373e-005
 9.641125e+001  5.690571e-005
 9.647313e+001  1.064808e-004
 9.653500e+001  8.142759e-005
 9.659688e+001  2.177614e-005
 9.665875e+001  6.920844e-005
 9.672063e+001  4.980477e-005
 9.678250e+001  6.626940e-005
 9.684438e+001  7.173007e-005
 9.690625e+001  4.066407e-005
 9.696813e+001  6.438939e-005
 9.703000e+001  9.809689e-005
 9.709188e+001  4.697775e-005
 9.715375e+001  3.755090e-005
 9.721563e+001  3.127304e-005
 9.727750e+001  4.553612e-005
 9.733938e+001  3.955679e-005
 9.740125e+001  3.842727e-005
 9.746313e+001  2.413919e-005
 9.752500e+001  2.624755e-005
 9.758688e+001  1.452523e-005
 9.764875e+001  3.410388e-005
 9.771063e+001  2.871951e-005
 9.777250e+001  5.001376e-005
 9.783438e+001  2.257550e-005
 9.789625e+001  6.485391e-005
 9.795813e+001  9.852001e-005
 9.802000e+001  4.544966e-005
 9.808188e+001  2.133089e-005
 9.814375e+001  4.426605e-005
 9.820563e+001  5.713921e-005
 9.826750e+001  3.986395e-005
 9.832938e+001  4.591895e-005
 9.839125e+001  8.246844e-005
 9.845313e+001  6.801027e-005
 9.851500e+001  4.433032e-005
 9.857688e+001  3.726480e-005
 9.863875e+001  3.228456e-005
 9.870063e+001  5.101110e-005
 9.876250e+001  5.472238e-005
 9.882438e+001  4.106151e-005
 9.888625e+001  3.059477e-005
 9.894813e+001  4.415580e-005
 9.901000e+001  4.055238e-005
 9.907188e+001  3.576189e-005
 9.913375e+001  2.862825e-005
 9.919563e+001  2.341654e-005
 9.925750e+001  6.185135e-005
 9.931938e+001  7.518581e-005
 9.938125e+001  7.944872e-005
 9.944313e+001  7.503745e-005
 9.950500e+001  5.060934e-005
 9.956688e+001  4.156327e-005
 9.962875e+001  4.222695e-005
 9.969063e+001  5.598546e-005
 9.975250e+001  7.653902e-005
 9.981438e+001  5.776631e-005
 9.987625e+001  1.070376e-004
 9.993813e+001  6.962912e-004
 1.000000e+002  1.615703e-003
