 1.000000e+001  2.300971e-004
 1.061875e+001  1.957044e-004
 1.123750e+001  1.966346e-004
 1.185625e+001  2.089575e-004
 1.247500e+001  2.150359e-004
 1.309375e+001  2.159066e-004
 1.371250e+001  2.162197e-004
 1.433125e+001  2.134272e-004
 1.495000e+001  1.976929e-004
 1.556875e+001  1.791993e-004
 1.618750e+001  1.796383e-004
 1.680625e+001  1.742840e-004
 1.742500e+001  1.800734e-004
 1.804375e+001  1.814348e-004
 1.866250e+001  1.674993e-004
 1.928125e+001  1.801940e-004
 1.990000e+001  1.835668e-004
 2.051875e+001  1.673661e-004
 2.113750e+001  1.581335e-004
 2.175625e+001  1.632324e-004
 2.237500e+001  1.923963e-004
 2.299375e+001  1.669918e-004
 2.361250e+001  1.444791e-004
 2.423125e+001  1.480237e-004
 2.485000e+001  1.538987e-004
 2.546875e+001  1.502457e-004
 2.608750e+001  1.462005e-004
 2.670625e+001  1.507152e-004
 2.732500e+001  1.463061e-004
 2.794375e+001  1.533217e-004
 2.856250e+001  1.651127e-004
 2.918125e+001  1.572894e-004
 2.980000e+001  1.507168e-004
 3.041875e+001  1.462298e-004
 3.103750e+001  1.350617e-004
 3.165625e+001  1.472001e-004
 3.227500e+001  1.442740e-004
 3.289375e+001  1.350740e-004
 3.351250e+001  1.451547e-004
 3.413125e+001  1.349024e-004
 3.475000e+001  1.279939e-004
 3.536875e+001  1.433327e-004
 3.598750e+001  1.260603e-004
 3.660625e+001  1.198373e-004
 3.722500e+001  1.242614e-004
 3.784375e+001  1.209914e-004
 3.846250e+001  1.140601e-004
 3.908125e+001  1.624009e-004
 3.970000e+001  1.661643e-004
 4.031875e+001  1.490703e-004
 4.093750e+001  1.109641e-004
 4.155625e+001  1.178802e-004
 4.217500e+001  1.271534e-004
 4.279375e+001  1.223911e-004
 4.341250e+001  1.113366e-004
 4.403125e+001  1.130956e-004
 4.465000e+001  1.150588e-004
 4.526875e+001  1.036508e-004
 4.588750e+001  1.022409e-004
 4.650625e+001  1.077586e-004
 4.712500e+001  1.102382e-004
 4.774375e+001  1.241395e-004
 4.836250e+001  1.740289e-004
 4.898125e+001  8.431045e-004
 4.960000e+001  6.409349e-003
 5.021875e+001  7.883968e-003
 5.083750e+001  2.205087e-003
 5.145625e+001  2.401894e-004
 5.207500e+001  1.179240e-004
 5.269375e+001  9.861187e-005
 5.331250e+001  9.394841e-005
 5.393125e+001  9.226228e-005
 5.455000e+001  9.395150e-005
 5.516875e+001  9.755564e-005
 5.578750e+001  9.336731e-005
 5.640625e+001  9.276948e-005
 5.702500e+001  9.718558e-005
 5.764375e+001  9.149546e-005
 5.826250e+001  8.329321e-005
 5.888125e+001  8.472904e-005
 5.950000e+001  2.269520e-004
 6.011875e+001  3.421271e-004
 6.073750e+001  1.473200e-004
 6.135625e+001  1.042632e-004
 6.197500e+001  9.510827e-005
 6.259375e+001  8.790201e-005
 6.321250e+001  8.243040e-005
 6.383125e+001  8.558250e-005
 6.445000e+001  8.343770e-005
 6.506875e+001  7.694677e-005
 6.568750e+001  6.896097e-005
 6.630625e+001  7.586132e-005
 6.692500e+001  8.419436e-005
 6.754375e+001  8.459808e-005
 6.816250e+001  7.200582e-005
 6.878125e+001  6.709058e-005
 6.940000e+001  7.227359e-005
 7.001875e+001  7.414537e-005
 7.063750e+001  7.391593e-005
 7.125625e+001  7.341418e-005
 7.187500e+001  6.458090e-005
 7.249375e+001  6.782649e-005
 7.311250e+001  7.656945e-005
 7.373125e+001  7.219737e-005
 7.435000e+001  7.497765e-005
 7.496875e+001  7.847142e-005
 7.558750e+001  1.067257e-004
 7.620625e+001  9.480396e-005
 7.682500e+001  6.286397e-005
 7.744375e+001  7.284884e-005
 7.806250e+001  8.822669e-005
 7.868125e+001  9.085970e-005
 7.930000e+001  7.710198e-005
 7.991875e+001  7.012373e-005
 8.053750e+001  5.991151e-005
 8.115625e+001  6.525160e-005
 8.177500e+001  6.542150e-005
 8.239375e+001  6.591633e-005
 8.301250e+001  6.376408e-005
 8.363125e+001  5.811781e-005
 8.425000e+001  6.590546e-005
 8.486875e+001  6.470764e-005
 8.548750e+001  6.462406e-005
 8.610625e+001  6.795554e-005
 8.672500e+001  6.471019e-005
 8.734375e+001  6.742994e-005
 8.796250e+001  6.323456e-005
 8.858125e+001  5.773985e-005
 8.920000e+001  6.144378e-005
 8.981875e+001  5.573804e-005
 9.043750e+001  5.633317e-005
 9.105625e+001  7.264576e-005
 9.167500e+001  1.060997e-004
 9.229375e+001  7.192118e-005
 9.291250e+001  5.455850e-005
 9.353125e+001  4.998224e-005
 9.415000e+001  5.479032e-005
 9.476875e+001  5.119452e-005
 9.538750e+001  4.862574e-005
 9.600625e+001  5.550219e-005
 9.662500e+001  6.012708e-005
 9.724375e+001  5.263714e-005
 9.786250e+001  5.204374e-005
 9.848125e+001  6.123286e-005
 9.910000e+001  1.498599e-004
 9.971875e+001  6.616002e-004
 1.003375e+002  6.388985e-004
 1.009563e+002  1.356835e-004
 1.015750e+002  5.296600e-005
 1.021938e+002  4.738928e-005
 1.028125e+002  4.997547e-005
 1.034313e+002  4.429745e-005
 1.040500e+002  4.906739e-005
 1.046688e+002  5.058942e-005
 1.052875e+002  5.273495e-005
 1.059063e+002  4.970750e-005
 1.065250e+002  5.118270e-005
 1.071438e+002  5.127158e-005
 1.077625e+002  4.384392e-005
 1.083813e+002  4.220065e-005
 1.090000e+002  4.316818e-005
 1.096188e+002  4.498910e-005
 1.102375e+002  4.305438e-005
 1.108563e+002  4.694912e-005
 1.114750e+002  4.550956e-005
 1.120938e+002  4.421666e-005
 1.127125e+002  4.139332e-005
 1.133313e+002  4.392906e-005
 1.139500e+002  4.748641e-005
 1.145688e+002  4.164110e-005
 1.151875e+002  4.323965e-005
 1.158063e+002  4.265380e-005
 1.164250e+002  4.391729e-005
 1.170438e+002  3.892901e-005
 1.176625e+002  3.756747e-005
 1.182813e+002  3.939473e-005
 1.189000e+002  4.416534e-005
 1.195188e+002  2.191271e-004
 1.201375e+002  3.562041e-004
 1.207563e+002  1.556568e-004
 1.213750e+002  5.335221e-005
 1.219938e+002  4.397906e-005
 1.226125e+002  4.352210e-005
 1.232313e+002  4.201355e-005
 1.238500e+002  3.760191e-005
 1.244688e+002  3.904147e-005
 1.250875e+002  4.244771e-005
 1.257063e+002  4.073196e-005
 1.263250e+002  4.132875e-005
 1.269438e+002  3.701993e-005
 1.275625e+002  3.750300e-005
 1.281813e+002  4.441434e-005
 1.288000e+002  4.287079e-005
 1.294188e+002  4.303926e-005
 1.300375e+002  4.180843e-005
 1.306563e+002  4.029436e-005
 1.312750e+002  3.917500e-005
 1.318938e+002  3.884492e-005
 1.325125e+002  4.029318e-005
 1.331313e+002  3.607508e-005
 1.337500e+002  3.309078e-005
 1.343688e+002  3.389997e-005
 1.349875e+002  3.592113e-005
 1.356063e+002  3.667255e-005
 1.362250e+002  3.849351e-005
 1.368438e+002  3.695803e-005
 1.374625e+002  3.767200e-005
 1.380813e+002  4.009108e-005
 1.387000e+002  3.684436e-005
 1.393188e+002  3.791151e-005
 1.399375e+002  4.235862e-005
 1.405563e+002  4.248136e-005
 1.411750e+002  6.007410e-005
 1.417938e+002  8.836542e-005
 1.424125e+002  8.362271e-005
 1.430313e+002  7.950795e-005
 1.436500e+002  4.232222e-005
 1.442688e+002  3.813437e-005
 1.448875e+002  3.451670e-005
 1.455063e+002  3.740542e-005
 1.461250e+002  4.276472e-005
 1.467438e+002  3.978877e-005
 1.473625e+002  4.189833e-005
 1.479813e+002  6.582985e-005
 1.486000e+002  1.946771e-004
 1.492188e+002  2.239879e-003
 1.498375e+002  7.159836e-003
 1.504563e+002  5.453240e-003
 1.510750e+002  6.402124e-004
 1.516938e+002  1.226412e-004
 1.523125e+002  5.284173e-005
 1.529313e+002  4.282071e-005
 1.535500e+002  3.562012e-005
 1.541688e+002  3.336642e-005
 1.547875e+002  3.579226e-005
 1.554063e+002  3.146647e-005
 1.560250e+002  2.868582e-005
 1.566438e+002  3.157330e-005
 1.572625e+002  3.267222e-005
 1.578813e+002  3.166145e-005
 1.585000e+002  3.208957e-005
 1.591188e+002  3.178361e-005
 1.597375e+002  3.532554e-005
 1.603563e+002  3.749674e-005
 1.609750e+002  3.395278e-005
 1.615938e+002  3.050803e-005
 1.622125e+002  2.986469e-005
 1.628313e+002  3.215856e-005
 1.634500e+002  3.276962e-005
 1.640688e+002  3.119704e-005
 1.646875e+002  3.008996e-005
 1.653063e+002  2.793554e-005
 1.659250e+002  3.023992e-005
 1.665438e+002  2.957154e-005
 1.671625e+002  3.034980e-005
 1.677813e+002  3.234750e-005
 1.684000e+002  2.918746e-005
 1.690188e+002  2.945502e-005
 1.696375e+002  2.951092e-005
 1.702563e+002  3.213867e-005
 1.708750e+002  3.166503e-005
 1.714938e+002  3.313978e-005
 1.721125e+002  3.129186e-005
 1.727313e+002  2.999128e-005
 1.733500e+002  3.006485e-005
 1.739688e+002  2.976820e-005
 1.745875e+002  3.018868e-005
 1.752063e+002  3.069885e-005
 1.758250e+002  2.911981e-005
 1.764438e+002  3.169173e-005
 1.770625e+002  3.379519e-005
 1.776813e+002  2.948789e-005
 1.783000e+002  2.924222e-005
 1.789188e+002  3.224149e-005
 1.795375e+002  2.296552e-004
 1.801563e+002  3.783876e-004
 1.807750e+002  1.564938e-004
 1.813938e+002  2.709163e-005
 1.820125e+002  2.782721e-005
 1.826313e+002  2.866288e-005
 1.832500e+002  2.758043e-005
 1.838688e+002  2.696600e-005
 1.844875e+002  2.507062e-005
 1.851063e+002  2.599526e-005
 1.857250e+002  2.911350e-005
 1.863438e+002  3.080128e-005
 1.869625e+002  3.022073e-005
 1.875813e+002  2.782225e-005
 1.882000e+002  3.085537e-005
 1.888188e+002  2.918379e-005
 1.894375e+002  2.722460e-005
 1.900563e+002  2.855528e-005
 1.906750e+002  2.855542e-005
 1.912938e+002  3.080806e-005
 1.919125e+002  3.140529e-005
 1.925313e+002  2.929912e-005
 1.931500e+002  2.823775e-005
 1.937688e+002  3.245805e-005
 1.943875e+002  3.164270e-005
 1.950063e+002  2.532588e-005
 1.956250e+002  2.665501e-005
 1.962438e+002  2.817256e-005
 1.968625e+002  2.641855e-005
 1.974813e+002  2.820527e-005
 1.981000e+002  2.784250e-005
 1.987188e+002  2.372391e-005
 1.993375e+002  1.232403e-004
 1.999563e+002  2.756566e-004
 2.005750e+002  1.655053e-004
 2.011938e+002  2.918936e-005
 2.018125e+002  2.991964e-005
 2.024313e+002  2.985340e-005
 2.030500e+002  2.826889e-005
 2.036688e+002  2.595098e-005
 2.042875e+002  2.944415e-005
 2.049063e+002  2.975868e-005
 2.055250e+002  2.726360e-005
 2.061438e+002  2.442368e-005
 2.067625e+002  2.340032e-005
 2.073813e+002  2.718731e-005
 2.080000e+002  2.519861e-005
 2.086188e+002  2.686166e-005
 2.092375e+002  2.572218e-005
 2.098563e+002  2.571631e-005
 2.104750e+002  2.745761e-005
 2.110938e+002  2.741875e-005
 2.117125e+002  2.803490e-005
 2.123313e+002  2.616023e-005
 2.129500e+002  2.778815e-005
 2.135688e+002  2.623148e-005
 2.141875e+002  2.503524e-005
 2.148063e+002  2.401854e-005
 2.154250e+002  2.563615e-005
 2.160438e+002  2.721994e-005
 2.166625e+002  2.500024e-005
 2.172813e+002  2.441530e-005
 2.179000e+002  2.530818e-005
 2.185188e+002  2.449832e-005
 2.191375e+002  2.404735e-005
 2.197563e+002  2.402568e-005
 2.203750e+002  2.581878e-005
 2.209938e+002  2.542129e-005
 2.216125e+002  2.608313e-005
 2.222313e+002  2.768150e-005
 2.228500e+002  2.561398e-005
 2.234688e+002  2.375502e-005
 2.240875e+002  2.644878e-005
 2.247063e+002  2.564651e-005
 2.253250e+002  2.518223e-005
 2.259438e+002  2.726363e-005
 2.265625e+002  2.389108e-005
 2.271813e+002  2.324134e-005
 2.278000e+002  2.462486e-005
 2.284188e+002  2.403776e-005
 2.290375e+002  2.596652e-005
 2.296563e+002  2.510764e-005
 2.302750e+002  2.385699e-005
 2.308938e+002  2.515048e-005
 2.315125e+002  2.509949e-005
 2.321313e+002  2.631519e-005
 2.327500e+002  2.435149e-005
 2.333688e+002  2.621115e-005
 2.339875e+002  2.732301e-005
 2.346063e+002  2.528251e-005
 2.352250e+002  2.648442e-005
 2.358438e+002  2.775688e-005
 2.364625e+002  2.724908e-005
 2.370813e+002  2.804744e-005
 2.377000e+002  2.601955e-005
 2.383188e+002  2.497963e-005
 2.389375e+002  2.561297e-005
 2.395563e+002  2.410557e-004
 2.401750e+002  4.035900e-004
 2.407938e+002  1.656307e-004
 2.414125e+002  2.499674e-005
 2.420313e+002  2.317295e-005
 2.426500e+002  2.499126e-005
 2.432688e+002  2.790049e-005
 2.438875e+002  2.822183e-005
 2.445063e+002  2.743794e-005
 2.451250e+002  2.561829e-005
 2.457438e+002  2.625686e-005
 2.463625e+002  2.448889e-005
 2.469813e+002  2.423498e-005
 2.476000e+002  2.441176e-005
 2.482188e+002  2.802475e-005
 2.488375e+002  6.564688e-005
 2.494563e+002  1.210089e-003
 2.500750e+002  2.141601e-003
 2.506938e+002  9.888581e-004
 2.513125e+002  4.468392e-005
 2.519313e+002  2.729416e-005
 2.525500e+002  2.666693e-005
 2.531688e+002  2.248683e-005
 2.537875e+002  2.589000e-005
 2.544063e+002  2.548428e-005
 2.550250e+002  2.561200e-005
 2.556438e+002  2.827976e-005
 2.562625e+002  2.822150e-005
 2.568813e+002  2.313926e-005
 2.575000e+002  2.453855e-005
 2.581188e+002  2.411228e-005
 2.587375e+002  2.371122e-005
 2.593563e+002  2.520758e-005
 2.599750e+002  2.428591e-005
 2.605938e+002  2.263588e-005
 2.612125e+002  2.294362e-005
 2.618313e+002  2.437585e-005
 2.624500e+002  2.387893e-005
 2.630688e+002  2.373915e-005
 2.636875e+002  2.299390e-005
 2.643063e+002  2.245780e-005
 2.649250e+002  2.330943e-005
 2.655438e+002  2.209139e-005
 2.661625e+002  2.237817e-005
 2.667813e+002  2.440046e-005
 2.674000e+002  2.161409e-005
 2.680188e+002  2.238260e-005
 2.686375e+002  2.546305e-005
 2.692563e+002  2.556179e-005
 2.698750e+002  2.625204e-005
 2.704938e+002  2.630055e-005
 2.711125e+002  2.696872e-005
 2.717313e+002  2.665598e-005
 2.723500e+002  2.490937e-005
 2.729688e+002  2.440674e-005
 2.735875e+002  2.466454e-005
 2.742063e+002  2.714248e-005
 2.748250e+002  2.529420e-005
 2.754438e+002  2.397720e-005
 2.760625e+002  2.149138e-005
 2.766813e+002  2.425824e-005
 2.773000e+002  2.428224e-005
 2.779188e+002  2.445719e-005
 2.785375e+002  2.407522e-005
 2.791563e+002  2.502424e-005
 2.797750e+002  2.389266e-005
 2.803938e+002  2.144362e-005
 2.810125e+002  2.600918e-005
 2.816313e+002  6.125909e-005
 2.822500e+002  1.099229e-004
 2.828688e+002  5.856371e-005
 2.834875e+002  3.397625e-005
 2.841063e+002  2.553403e-005
 2.847250e+002  2.789925e-005
 2.853438e+002  3.753396e-005
 2.859625e+002  3.080474e-005
 2.865813e+002  2.342333e-005
 2.872000e+002  2.595157e-005
 2.878188e+002  2.482991e-005
 2.884375e+002  2.301372e-005
 2.890563e+002  2.310702e-005
 2.896750e+002  2.232735e-005
 2.902938e+002  2.264761e-005
 2.909125e+002  2.058332e-005
 2.915313e+002  2.210160e-005
 2.921500e+002  2.285754e-005
 2.927688e+002  2.206991e-005
 2.933875e+002  2.267169e-005
 2.940063e+002  2.092190e-005
 2.946250e+002  2.038227e-005
 2.952438e+002  2.163680e-005
 2.958625e+002  2.260546e-005
 2.964813e+002  2.291675e-005
 2.971000e+002  2.426253e-005
 2.977188e+002  2.341434e-005
 2.983375e+002  2.257585e-005
 2.989563e+002  4.060776e-005
 2.995750e+002  3.657096e-004
 3.001938e+002  5.608990e-004
 3.008125e+002  2.224402e-004
 3.014313e+002  2.718737e-005
 3.020500e+002  2.503929e-005
 3.026688e+002  2.392065e-005
 3.032875e+002  2.278253e-005
 3.039063e+002  2.177074e-005
 3.045250e+002  2.262941e-005
 3.051438e+002  2.426931e-005
 3.057625e+002  2.393455e-005
 3.063813e+002  2.256390e-005
 3.070000e+002  2.159719e-005
 3.076188e+002  2.118463e-005
 3.082375e+002  2.024273e-005
 3.088563e+002  2.204994e-005
 3.094750e+002  2.351841e-005
 3.100938e+002  2.332542e-005
 3.107125e+002  2.085841e-005
 3.113313e+002  2.197178e-005
 3.119500e+002  2.208403e-005
 3.125688e+002  2.440968e-005
 3.131875e+002  2.718254e-005
 3.138063e+002  2.703082e-005
 3.144250e+002  2.564169e-005
 3.150437e+002  2.516466e-005
 3.156625e+002  2.315850e-005
 3.162812e+002  2.324194e-005
 3.169000e+002  2.490878e-005
 3.175187e+002  2.468949e-005
 3.181375e+002  2.191181e-005
 3.187562e+002  2.108972e-005
 3.193750e+002  2.275170e-005
 3.199937e+002  2.470237e-005
 3.206125e+002  2.423598e-005
 3.212312e+002  2.559793e-005
 3.218500e+002  2.522997e-005
 3.224687e+002  2.293920e-005
 3.230875e+002  2.066921e-005
 3.237062e+002  2.077825e-005
 3.243250e+002  2.287553e-005
 3.249437e+002  2.291597e-005
 3.255625e+002  2.258219e-005
 3.261812e+002  2.100785e-005
 3.268000e+002  2.121053e-005
 3.274187e+002  2.208494e-005
 3.280375e+002  2.038599e-005
 3.286562e+002  2.129412e-005
 3.292750e+002  2.507905e-005
 3.298937e+002  2.258903e-005
 3.305125e+002  2.263177e-005
 3.311312e+002  2.240394e-005
 3.317500e+002  2.362852e-005
 3.323687e+002  2.360701e-005
 3.329875e+002  1.988772e-005
 3.336062e+002  2.182975e-005
 3.342250e+002  2.290847e-005
 3.348437e+002  2.418940e-005
 3.354625e+002  2.556738e-005
 3.360812e+002  2.748706e-005
 3.367000e+002  2.404403e-005
 3.373187e+002  2.095033e-005
 3.379375e+002  2.276504e-005
 3.385562e+002  2.139915e-005
 3.391750e+002  2.334701e-005
 3.397937e+002  2.220099e-005
 3.404125e+002  2.378053e-005
 3.410312e+002  2.459526e-005
 3.416500e+002  2.255829e-005
 3.422687e+002  2.198943e-005
 3.428875e+002  2.125161e-005
 3.435062e+002  2.239917e-005
 3.441250e+002  2.148837e-005
 3.447437e+002  2.389018e-005
 3.453625e+002  2.335045e-005
 3.459812e+002  2.300262e-005
 3.466000e+002  2.233639e-005
 3.472187e+002  2.304214e-005
 3.478375e+002  2.439505e-005
 3.484562e+002  2.786640e-005
 3.490750e+002  1.425749e-004
 3.496937e+002  7.053211e-004
 3.503125e+002  7.705758e-004
 3.509312e+002  2.108990e-004
 3.515500e+002  3.255805e-005
 3.521687e+002  2.340259e-005
 3.527875e+002  2.501172e-005
 3.534062e+002  2.376571e-005
 3.540250e+002  2.254698e-005
 3.546437e+002  2.573454e-005
 3.552625e+002  2.443878e-005
 3.558812e+002  2.204720e-005
 3.565000e+002  2.188160e-005
 3.571187e+002  2.175945e-005
 3.577375e+002  2.073280e-005
 3.583562e+002  2.195626e-005
 3.589750e+002  2.331062e-005
 3.595937e+002  2.540954e-004
 3.602125e+002  4.314482e-004
 3.608312e+002  1.813689e-004
 3.614500e+002  2.306249e-005
 3.620687e+002  2.286196e-005
 3.626875e+002  2.376361e-005
 3.633062e+002  2.314186e-005
 3.639250e+002  2.394213e-005
 3.645437e+002  2.121096e-005
 3.651625e+002  1.968618e-005
 3.657812e+002  2.141188e-005
 3.664000e+002  2.135713e-005
 3.670187e+002  2.217753e-005
 3.676375e+002  1.980377e-005
 3.682562e+002  1.989063e-005
 3.688750e+002  2.089035e-005
 3.694937e+002  2.075170e-005
 3.701125e+002  2.225338e-005
 3.707312e+002  2.281078e-005
 3.713500e+002  2.139962e-005
 3.719687e+002  2.354009e-005
 3.725875e+002  2.180298e-005
 3.732062e+002  2.176667e-005
 3.738250e+002  2.153733e-005
 3.744437e+002  2.159117e-005
 3.750625e+002  2.213652e-005
 3.756812e+002  2.313502e-005
 3.763000e+002  2.210438e-005
 3.769187e+002  2.210013e-005
 3.775375e+002  2.254645e-005
 3.781562e+002  2.143796e-005
 3.787750e+002  2.214041e-005
 3.793937e+002  2.409759e-005
 3.800125e+002  2.401277e-005
 3.806312e+002  2.318880e-005
 3.812500e+002  2.277074e-005
 3.818687e+002  2.293831e-005
 3.824875e+002  2.187826e-005
 3.831062e+002  2.269354e-005
 3.837250e+002  2.230624e-005
 3.843437e+002  2.174753e-005
 3.849625e+002  2.230797e-005
 3.855812e+002  2.346350e-005
 3.862000e+002  2.481872e-005
 3.868187e+002  2.363928e-005
 3.874375e+002  2.020065e-005
 3.880562e+002  2.112266e-005
 3.886750e+002  2.171385e-005
 3.892937e+002  2.295280e-005
 3.899125e+002  2.396704e-005
 3.905312e+002  2.238644e-005
 3.911500e+002  2.007979e-005
 3.917687e+002  2.079882e-005
 3.923875e+002  2.337126e-005
 3.930062e+002  2.106722e-005
 3.936250e+002  2.146125e-005
 3.942437e+002  2.163652e-005
 3.948625e+002  2.007449e-005
 3.954812e+002  2.221962e-005
 3.961000e+002  2.133271e-005
 3.967187e+002  2.022207e-005
 3.973375e+002  2.376117e-005
 3.979562e+002  2.131084e-005
 3.985750e+002  2.503264e-005
 3.991937e+002  1.160983e-004
 3.998125e+002  3.896987e-004
 4.004312e+002  3.392814e-004
 4.010500e+002  7.207617e-005
 4.016687e+002  2.190124e-005
 4.022875e+002  2.154945e-005
 4.029062e+002  2.023978e-005
 4.035250e+002  2.129703e-005
 4.041437e+002  1.924904e-005
 4.047625e+002  1.989230e-005
 4.053812e+002  2.144293e-005
 4.060000e+002  2.112675e-005
 4.066187e+002  1.827436e-005
 4.072375e+002  1.877485e-005
 4.078562e+002  2.109677e-005
 4.084750e+002  2.081538e-005
 4.090937e+002  2.154861e-005
 4.097125e+002  2.426631e-005
 4.103312e+002  2.225441e-005
 4.109500e+002  2.212374e-005
 4.115687e+002  2.351220e-005
 4.121875e+002  2.221718e-005
 4.128062e+002  2.146872e-005
 4.134250e+002  2.158072e-005
 4.140437e+002  2.071738e-005
 4.146625e+002  2.172610e-005
 4.152812e+002  2.123719e-005
 4.159000e+002  2.132772e-005
 4.165187e+002  2.365466e-005
 4.171375e+002  2.137599e-005
 4.177562e+002  1.904955e-005
 4.183750e+002  2.119722e-005
 4.189937e+002  2.597827e-005
 4.196125e+002  2.582023e-004
 4.202312e+002  4.408221e-004
 4.208500e+002  1.890619e-004
 4.214687e+002  2.353233e-005
 4.220875e+002  2.138922e-005
 4.227062e+002  1.942671e-005
 4.233250e+002  2.021198e-005
 4.239437e+002  2.094255e-005
 4.245625e+002  2.426713e-005
 4.251812e+002  2.647901e-005
 4.258000e+002  2.383414e-005
 4.264187e+002  2.433993e-005
 4.270375e+002  2.377344e-005
 4.276562e+002  2.428444e-005
 4.282750e+002  2.672674e-005
 4.288937e+002  2.308794e-005
 4.295125e+002  2.208403e-005
 4.301312e+002  2.197128e-005
 4.307500e+002  2.251332e-005
 4.313687e+002  2.204092e-005
 4.319875e+002  2.330267e-005
 4.326062e+002  2.311738e-005
 4.332250e+002  2.166619e-005
 4.338437e+002  2.128781e-005
 4.344625e+002  2.127151e-005
 4.350812e+002  2.086805e-005
 4.357000e+002  1.972896e-005
 4.363187e+002  2.133627e-005
 4.369375e+002  2.246378e-005
 4.375562e+002  2.202042e-005
 4.381750e+002  2.043157e-005
 4.387937e+002  2.085353e-005
 4.394125e+002  1.915689e-005
 4.400312e+002  1.862211e-005
 4.406500e+002  2.033538e-005
 4.412687e+002  2.125528e-005
 4.418875e+002  2.210368e-005
 4.425062e+002  2.182136e-005
 4.431250e+002  2.117013e-005
 4.437437e+002  2.178444e-005
 4.443625e+002  2.101285e-005
 4.449812e+002  2.340999e-005
 4.456000e+002  2.190213e-005
 4.462187e+002  1.954247e-005
 4.468375e+002  2.249529e-005
 4.474562e+002  2.266851e-005
 4.480750e+002  2.156420e-005
 4.486937e+002  1.971995e-005
 4.493125e+002  3.088525e-005
 4.499312e+002  5.930294e-005
 4.505500e+002  4.204067e-005
 4.511687e+002  2.114929e-005
 4.517875e+002  2.092868e-005
 4.524062e+002  2.156678e-005
 4.530250e+002  2.043550e-005
 4.536437e+002  1.861197e-005
 4.542625e+002  1.941090e-005
 4.548812e+002  2.008284e-005
 4.555000e+002  1.882455e-005
 4.561187e+002  1.899999e-005
 4.567375e+002  2.061755e-005
 4.573562e+002  2.273321e-005
 4.579750e+002  2.063934e-005
 4.585937e+002  2.002579e-005
 4.592125e+002  1.985266e-005
 4.598312e+002  2.077136e-005
 4.604500e+002  2.246026e-005
 4.610687e+002  2.006872e-005
 4.616875e+002  2.115341e-005
 4.623062e+002  2.287961e-005
 4.629250e+002  1.942780e-005
 4.635437e+002  2.087446e-005
 4.641625e+002  2.190841e-005
 4.647812e+002  1.927405e-005
 4.654000e+002  1.847857e-005
 4.660187e+002  1.955819e-005
 4.666375e+002  2.141353e-005
 4.672562e+002  2.134796e-005
 4.678750e+002  2.099850e-005
 4.684937e+002  2.203602e-005
 4.691125e+002  2.125052e-005
 4.697312e+002  2.148334e-005
 4.703500e+002  2.336985e-005
 4.709687e+002  2.402947e-005
 4.715875e+002  2.178116e-005
 4.722062e+002  1.916772e-005
 4.728250e+002  2.046802e-005
 4.734437e+002  2.157275e-005
 4.740625e+002  2.109510e-005
 4.746812e+002  2.120912e-005
 4.753000e+002  2.161402e-005
 4.759187e+002  1.998072e-005
 4.765375e+002  2.172376e-005
 4.771562e+002  2.230713e-005
 4.777750e+002  2.252645e-005
 4.783937e+002  2.213889e-005
 4.790125e+002  2.392056e-005
 4.796312e+002  2.558034e-004
 4.802500e+002  4.444112e-004
 4.808687e+002  1.932867e-004
 4.814875e+002  2.285725e-005
 4.821062e+002  1.998673e-005
 4.827250e+002  2.123524e-005
 4.833437e+002  2.271925e-005
 4.839625e+002  2.180487e-005
 4.845812e+002  2.207954e-005
 4.852000e+002  2.132012e-005
 4.858187e+002  2.106629e-005
 4.864375e+002  2.050057e-005
 4.870562e+002  2.059449e-005
 4.876750e+002  2.145740e-005
 4.882937e+002  2.276520e-005
 4.889125e+002  2.250491e-005
 4.895312e+002  2.024494e-005
 4.901500e+002  2.092546e-005
 4.907687e+002  2.218853e-005
 4.913875e+002  2.020396e-005
 4.920062e+002  2.046504e-005
 4.926250e+002  2.087954e-005
 4.932437e+002  2.053922e-005
 4.938625e+002  2.104252e-005
 4.944812e+002  2.037501e-005
 4.951000e+002  2.023603e-005
 4.957187e+002  2.108620e-005
 4.963375e+002  2.151127e-005
 4.969562e+002  2.022562e-005
 4.975750e+002  2.126113e-005
 4.981937e+002  2.131957e-005
 4.988125e+002  2.471788e-005
 4.994312e+002  2.514035e-004
 5.000500e+002  4.725531e-004
 5.006687e+002  2.652056e-004
 5.012875e+002  3.219868e-005
 5.019062e+002  2.088036e-005
 5.025250e+002  1.903317e-005
 5.031437e+002  1.906143e-005
 5.037625e+002  2.214053e-005
 5.043812e+002  2.246510e-005
 5.050000e+002  2.305616e-005
 5.056187e+002  2.343275e-005
 5.062375e+002  2.289520e-005
 5.068562e+002  2.256508e-005
 5.074750e+002  2.259703e-005
 5.080937e+002  2.137935e-005
 5.087125e+002  2.074833e-005
 5.093312e+002  2.102423e-005
 5.099500e+002  2.208677e-005
 5.105687e+002  1.924968e-005
 5.111875e+002  2.048785e-005
 5.118062e+002  2.145153e-005
 5.124250e+002  2.060612e-005
 5.130437e+002  2.025905e-005
 5.136625e+002  2.131161e-005
 5.142812e+002  2.071989e-005
 5.149000e+002  2.039604e-005
 5.155187e+002  2.050339e-005
 5.161375e+002  1.975925e-005
 5.167562e+002  2.163748e-005
 5.173750e+002  2.018084e-005
 5.179937e+002  2.177856e-005
 5.186125e+002  2.270807e-005
 5.192312e+002  1.991533e-005
 5.198500e+002  2.162378e-005
 5.204687e+002  2.006047e-005
 5.210875e+002  2.002192e-005
 5.217062e+002  2.189985e-005
 5.223250e+002  2.123196e-005
 5.229437e+002  1.991409e-005
 5.235625e+002  2.026655e-005
 5.241812e+002  2.083737e-005
 5.248000e+002  1.997041e-005
 5.254187e+002  1.989208e-005
 5.260375e+002  1.969231e-005
 5.266562e+002  2.141460e-005
 5.272750e+002  1.979488e-005
 5.278937e+002  2.066716e-005
 5.285125e+002  2.156269e-005
 5.291312e+002  2.184325e-005
 5.297500e+002  2.143729e-005
 5.303687e+002  2.132076e-005
 5.309875e+002  2.060531e-005
 5.316062e+002  1.904462e-005
 5.322250e+002  2.125168e-005
 5.328437e+002  2.169397e-005
 5.334625e+002  2.308507e-005
 5.340812e+002  2.151142e-005
 5.347000e+002  2.130607e-005
 5.353187e+002  2.041689e-005
 5.359375e+002  1.914346e-005
 5.365562e+002  1.978641e-005
 5.371750e+002  2.055296e-005
 5.377937e+002  2.132989e-005
 5.384125e+002  2.179718e-005
 5.390312e+002  2.080398e-005
 5.396500e+002  2.515664e-004
 5.402687e+002  4.438649e-004
 5.408875e+002  1.982549e-004
 5.415062e+002  2.020396e-005
 5.421250e+002  2.233100e-005
 5.427437e+002  2.130117e-005
 5.433625e+002  1.946139e-005
 5.439812e+002  1.995674e-005
 5.446000e+002  2.076453e-005
 5.452187e+002  2.081560e-005
 5.458375e+002  2.110936e-005
 5.464562e+002  2.070335e-005
 5.470750e+002  1.790738e-005
 5.476937e+002  2.132120e-005
 5.483125e+002  2.626232e-005
 5.489312e+002  7.627533e-005
 5.495500e+002  5.970998e-004
 5.501687e+002  8.893819e-004
 5.507875e+002  4.105131e-004
 5.514062e+002  4.042521e-005
 5.520250e+002  2.234539e-005
 5.526437e+002  1.823997e-005
 5.532625e+002  1.991488e-005
 5.538812e+002  2.025832e-005
 5.545000e+002  2.189503e-005
 5.551187e+002  2.052316e-005
 5.557375e+002  2.045317e-005
 5.563562e+002  2.286379e-005
 5.569750e+002  1.926104e-005
 5.575937e+002  1.984579e-005
 5.582125e+002  2.047030e-005
 5.588312e+002  1.903501e-005
 5.594500e+002  1.854158e-005
 5.600687e+002  1.833322e-005
 5.606875e+002  2.094852e-005
 5.613062e+002  2.109562e-005
 5.619250e+002  2.018857e-005
 5.625437e+002  2.175267e-005
 5.631625e+002  2.233495e-005
 5.637812e+002  4.250570e-005
 5.644000e+002  9.582641e-005
 5.650187e+002  5.886141e-005
 5.656375e+002  1.936484e-005
 5.662562e+002  1.848588e-005
 5.668750e+002  2.141813e-005
 5.674937e+002  2.054372e-005
 5.681125e+002  2.168685e-005
 5.687312e+002  2.150876e-005
 5.693500e+002  1.951830e-005
 5.699687e+002  2.168651e-005
 5.705875e+002  2.218931e-005
 5.712062e+002  2.417047e-005
 5.718250e+002  2.226534e-005
 5.724437e+002  2.157532e-005
 5.730625e+002  2.079126e-005
 5.736812e+002  2.019758e-005
 5.743000e+002  2.097222e-005
 5.749187e+002  2.062218e-005
 5.755375e+002  2.227558e-005
 5.761562e+002  2.048156e-005
 5.767750e+002  1.888088e-005
 5.773937e+002  2.139512e-005
 5.780125e+002  2.045367e-005
 5.786312e+002  2.305335e-005
 5.792500e+002  2.201974e-005
 5.798687e+002  2.203883e-005
 5.804875e+002  2.041099e-005
 5.811062e+002  1.934121e-005
 5.817250e+002  1.974031e-005
 5.823437e+002  1.997336e-005
 5.829625e+002  2.050861e-005
 5.835812e+002  2.119293e-005
 5.842000e+002  2.076826e-005
 5.848187e+002  2.153754e-005
 5.854375e+002  2.100150e-005
 5.860562e+002  2.085276e-005
 5.866750e+002  1.835773e-005
 5.872937e+002  1.662714e-005
 5.879125e+002  1.789085e-005
 5.885312e+002  2.026339e-005
 5.891500e+002  2.174738e-005
 5.897687e+002  2.007685e-005
 5.903875e+002  1.989337e-005
 5.910062e+002  2.149132e-005
 5.916250e+002  2.039638e-005
 5.922437e+002  1.975444e-005
 5.928625e+002  2.104438e-005
 5.934812e+002  1.989923e-005
 5.941000e+002  1.997973e-005
 5.947187e+002  2.211242e-005
 5.953375e+002  2.209190e-005
 5.959562e+002  2.206691e-005
 5.965750e+002  2.311425e-005
 5.971937e+002  2.419650e-005
 5.978125e+002  2.144001e-005
 5.984312e+002  2.396554e-005
 5.990500e+002  7.472722e-005
 5.996687e+002  4.153153e-004
 6.002875e+002  5.757726e-004
 6.009062e+002  2.370040e-004
 6.015250e+002  2.183538e-005
 6.021437e+002  2.091862e-005
 6.027625e+002  2.010453e-005
 6.033812e+002  1.937944e-005
 6.040000e+002  2.047910e-005
 6.046187e+002  1.962971e-005
 6.052375e+002  1.898597e-005
 6.058562e+002  2.101868e-005
 6.064750e+002  1.937896e-005
 6.070937e+002  1.755648e-005
 6.077125e+002  1.926736e-005
 6.083312e+002  1.862219e-005
 6.089500e+002  1.985031e-005
 6.095687e+002  2.099203e-005
 6.101875e+002  2.117797e-005
 6.108062e+002  2.034845e-005
 6.114250e+002  2.212757e-005
 6.120437e+002  2.324702e-005
 6.126625e+002  2.090870e-005
 6.132812e+002  1.769111e-005
 6.139000e+002  1.902010e-005
 6.145187e+002  1.854223e-005
 6.151375e+002  1.835344e-005
 6.157562e+002  1.968365e-005
 6.163750e+002  2.042840e-005
 6.169937e+002  2.242498e-005
 6.176125e+002  2.183472e-005
 6.182312e+002  2.006614e-005
 6.188500e+002  2.082028e-005
 6.194687e+002  1.955475e-005
 6.200875e+002  2.048217e-005
 6.207062e+002  2.137345e-005
 6.213250e+002  2.157300e-005
 6.219437e+002  1.753591e-005
 6.225625e+002  1.668200e-005
 6.231812e+002  1.674981e-005
 6.238000e+002  2.043667e-005
 6.244187e+002  2.205910e-005
 6.250375e+002  2.148051e-005
 6.256562e+002  2.266128e-005
 6.262750e+002  2.120280e-005
 6.268937e+002  2.035865e-005
 6.275125e+002  2.287118e-005
 6.281312e+002  1.944981e-005
 6.287500e+002  1.979781e-005
 6.293687e+002  1.977332e-005
 6.299875e+002  1.875858e-005
 6.306062e+002  1.801465e-005
 6.312250e+002  1.907213e-005
 6.318437e+002  1.916974e-005
 6.324625e+002  1.844715e-005
 6.330812e+002  1.908611e-005
 6.337000e+002  1.998659e-005
 6.343187e+002  1.980208e-005
 6.349375e+002  1.840790e-005
 6.355562e+002  1.707317e-005
 6.361750e+002  1.862186e-005
 6.367937e+002  2.017636e-005
 6.374125e+002  2.006859e-005
 6.380312e+002  2.337192e-005
 6.386500e+002  2.264724e-005
 6.392687e+002  2.044455e-005
 6.398875e+002  2.039344e-005
 6.405062e+002  1.943745e-005
 6.411250e+002  1.917616e-005
 6.417437e+002  1.817914e-005
 6.423625e+002  1.931803e-005
 6.429812e+002  2.157562e-005
 6.436000e+002  2.132358e-005
 6.442187e+002  2.090387e-005
 6.448375e+002  2.177196e-005
 6.454562e+002  2.022991e-005
 6.460750e+002  1.956250e-005
 6.466937e+002  2.105061e-005
 6.473125e+002  2.109387e-005
 6.479312e+002  2.165411e-005
 6.485500e+002  2.172532e-005
 6.491687e+002  5.452796e-005
 6.497875e+002  1.777303e-004
 6.504062e+002  1.729101e-004
 6.510250e+002  5.604883e-005
 6.516437e+002  1.905323e-005
 6.522625e+002  1.964635e-005
 6.528812e+002  2.167857e-005
 6.535000e+002  2.133462e-005
 6.541187e+002  2.176627e-005
 6.547375e+002  1.978178e-005
 6.553562e+002  1.916724e-005
 6.559750e+002  1.801679e-005
 6.565937e+002  1.875442e-005
 6.572125e+002  2.034942e-005
 6.578312e+002  2.035831e-005
 6.584500e+002  2.110396e-005
 6.590687e+002  2.100912e-005
 6.596875e+002  2.399391e-004
 6.603062e+002  4.373814e-004
 6.609250e+002  1.982743e-004
 6.615437e+002  2.390256e-005
 6.621625e+002  2.096226e-005
 6.627812e+002  1.980359e-005
 6.634000e+002  1.898059e-005
 6.640187e+002  2.088922e-005
 6.646375e+002  2.106777e-005
 6.652562e+002  1.764386e-005
 6.658750e+002  1.760466e-005
 6.664937e+002  1.899997e-005
 6.671125e+002  2.003195e-005
 6.677312e+002  1.965629e-005
 6.683500e+002  2.094798e-005
 6.689687e+002  1.982304e-005
 6.695875e+002  1.895173e-005
 6.702062e+002  1.935427e-005
 6.708250e+002  1.996896e-005
 6.714437e+002  2.023675e-005
 6.720625e+002  1.899644e-005
 6.726812e+002  2.065251e-005
 6.733000e+002  2.133533e-005
 6.739187e+002  2.126276e-005
 6.745375e+002  1.915751e-005
 6.751562e+002  1.893853e-005
 6.757750e+002  2.002697e-005
 6.763937e+002  2.163136e-005
 6.770125e+002  2.063322e-005
 6.776312e+002  1.862377e-005
 6.782500e+002  1.973311e-005
 6.788687e+002  1.986595e-005
 6.794875e+002  2.026369e-005
 6.801062e+002  2.177215e-005
 6.807250e+002  2.130894e-005
 6.813437e+002  1.944322e-005
 6.819625e+002  2.000955e-005
 6.825812e+002  2.088726e-005
 6.832000e+002  2.174258e-005
 6.838187e+002  2.116672e-005
 6.844375e+002  2.032876e-005
 6.850562e+002  2.002658e-005
 6.856750e+002  2.007821e-005
 6.862937e+002  2.054950e-005
 6.869125e+002  2.102086e-005
 6.875312e+002  2.046755e-005
 6.881500e+002  1.963087e-005
 6.887687e+002  2.073767e-005
 6.893875e+002  2.056048e-005
 6.900062e+002  2.167742e-005
 6.906250e+002  2.143656e-005
 6.912437e+002  2.272333e-005
 6.918625e+002  2.153677e-005
 6.924812e+002  2.157819e-005
 6.931000e+002  1.912794e-005
 6.937187e+002  1.973981e-005
 6.943375e+002  2.114509e-005
 6.949562e+002  2.221185e-005
 6.955750e+002  2.125086e-005
 6.961937e+002  1.799271e-005
 6.968125e+002  1.822248e-005
 6.974312e+002  1.751480e-005
 6.980500e+002  1.809869e-005
 6.986687e+002  1.944870e-005
 6.992875e+002  1.136563e-004
 6.999062e+002  2.761761e-004
 7.005250e+002  2.216022e-004
 7.011437e+002  6.096816e-005
 7.017625e+002  2.148164e-005
 7.023812e+002  2.046457e-005
 7.030000e+002  1.977582e-005
 7.036187e+002  2.074638e-005
 7.042375e+002  1.969256e-005
 7.048562e+002  1.889335e-005
 7.054750e+002  1.805883e-005
 7.060937e+002  1.804469e-005
 7.067125e+002  1.795102e-005
 7.073312e+002  2.025666e-005
 7.079500e+002  1.863772e-005
 7.085687e+002  1.893366e-005
 7.091875e+002  1.889114e-005
 7.098062e+002  2.088624e-005
 7.104250e+002  2.074389e-005
 7.110437e+002  2.022213e-005
 7.116625e+002  1.922582e-005
 7.122812e+002  1.757435e-005
 7.129000e+002  1.933514e-005
 7.135187e+002  1.995750e-005
 7.141375e+002  2.104465e-005
 7.147562e+002  2.209933e-005
 7.153750e+002  2.164541e-005
 7.159937e+002  2.079471e-005
 7.166125e+002  2.055020e-005
 7.172312e+002  2.000457e-005
 7.178500e+002  1.961093e-005
 7.184687e+002  2.072672e-005
 7.190875e+002  1.985204e-005
 7.197062e+002  2.337328e-004
 7.203250e+002  4.284860e-004
 7.209437e+002  1.948433e-004
 7.215625e+002  2.139073e-005
 7.221812e+002  1.956237e-005
 7.228000e+002  2.132571e-005
 7.234187e+002  2.248330e-005
 7.240375e+002  2.184441e-005
 7.246562e+002  2.197342e-005
 7.252750e+002  2.103411e-005
 7.258937e+002  2.244259e-005
 7.265125e+002  2.209121e-005
 7.271312e+002  2.064864e-005
 7.277500e+002  2.093847e-005
 7.283687e+002  2.087491e-005
 7.289875e+002  2.121649e-005
 7.296062e+002  1.936743e-005
 7.302250e+002  2.008010e-005
 7.308437e+002  2.080710e-005
 7.314625e+002  1.984739e-005
 7.320812e+002  2.046433e-005
 7.327000e+002  2.036903e-005
 7.333187e+002  2.241494e-005
 7.339375e+002  2.136851e-005
 7.345562e+002  2.114225e-005
 7.351750e+002  2.097988e-005
 7.357937e+002  1.949691e-005
 7.364125e+002  1.670382e-005
 7.370312e+002  1.880280e-005
 7.376500e+002  2.066211e-005
 7.382687e+002  2.117696e-005
 7.388875e+002  2.156801e-005
 7.395062e+002  2.148565e-005
 7.401250e+002  2.140078e-005
 7.407437e+002  1.977429e-005
 7.413625e+002  1.855263e-005
 7.419812e+002  2.005934e-005
 7.426000e+002  1.903176e-005
 7.432187e+002  2.030551e-005
 7.438375e+002  1.993646e-005
 7.444562e+002  1.954516e-005
 7.450750e+002  2.181015e-005
 7.456937e+002  1.976218e-005
 7.463125e+002  1.998596e-005
 7.469312e+002  1.733169e-005
 7.475500e+002  1.842631e-005
 7.481687e+002  2.046649e-005
 7.487875e+002  2.647874e-005
 7.494062e+002  2.363670e-004
 7.500250e+002  4.498747e-004
 7.506437e+002  2.983479e-004
 7.512625e+002  6.260279e-005
 7.518812e+002  1.997461e-005
 7.525000e+002  2.045812e-005
 7.531187e+002  1.952202e-005
 7.537375e+002  1.617575e-005
 7.543562e+002  1.705555e-005
 7.549750e+002  1.608510e-005
 7.555937e+002  1.756172e-005
 7.562125e+002  2.003861e-005
 7.568312e+002  2.066684e-005
 7.574500e+002  2.233234e-005
 7.580687e+002  2.110734e-005
 7.586875e+002  2.073343e-005
 7.593062e+002  1.957553e-005
 7.599250e+002  1.961728e-005
 7.605437e+002  1.880762e-005
 7.611625e+002  1.960113e-005
 7.617812e+002  2.064047e-005
 7.624000e+002  1.873875e-005
 7.630187e+002  2.001337e-005
 7.636375e+002  2.140954e-005
 7.642562e+002  1.937123e-005
 7.648750e+002  1.976944e-005
 7.654937e+002  2.013169e-005
 7.661125e+002  1.849987e-005
 7.667312e+002  1.914493e-005
 7.673500e+002  2.059914e-005
 7.679687e+002  2.146223e-005
 7.685875e+002  2.090498e-005
 7.692062e+002  2.159081e-005
 7.698250e+002  2.026232e-005
 7.704437e+002  1.983020e-005
 7.710625e+002  2.074709e-005
 7.716812e+002  2.225803e-005
 7.723000e+002  1.958774e-005
 7.729187e+002  1.981272e-005
 7.735375e+002  2.135207e-005
 7.741562e+002  2.035272e-005
 7.747750e+002  1.864931e-005
 7.753937e+002  1.874178e-005
 7.760125e+002  2.117484e-005
 7.766312e+002  2.103798e-005
 7.772500e+002  2.054688e-005
 7.778687e+002  1.891734e-005
 7.784875e+002  1.907020e-005
 7.791062e+002  2.007561e-005
 7.797250e+002  2.267893e-004
 7.803437e+002  4.181998e-004
 7.809625e+002  1.913405e-004
 7.815812e+002  2.189383e-005
 7.822000e+002  1.969987e-005
 7.828187e+002  2.078379e-005
 7.834375e+002  1.995552e-005
 7.840562e+002  1.935304e-005
 7.846750e+002  1.676386e-005
 7.852937e+002  1.820748e-005
 7.859125e+002  1.845668e-005
 7.865312e+002  1.698474e-005
 7.871500e+002  1.819011e-005
 7.877687e+002  2.050592e-005
 7.883875e+002  2.108232e-005
 7.890062e+002  2.031483e-005
 7.896250e+002  2.043703e-005
 7.902437e+002  1.914640e-005
 7.908625e+002  1.912214e-005
 7.914812e+002  1.857679e-005
 7.921000e+002  1.995818e-005
 7.927187e+002  1.987077e-005
 7.933375e+002  1.985565e-005
 7.939562e+002  1.943026e-005
 7.945750e+002  1.962875e-005
 7.951937e+002  2.091216e-005
 7.958125e+002  2.029036e-005
 7.964312e+002  2.123770e-005
 7.970500e+002  2.389102e-005
 7.976687e+002  2.180692e-005
 7.982875e+002  1.896690e-005
 7.989062e+002  2.088307e-005
 7.995250e+002  6.527108e-005
 8.001437e+002  9.429555e-005
 8.007625e+002  5.812896e-005
 8.013812e+002  2.208804e-005
 8.020000e+002  1.919162e-005
 8.026187e+002  1.902952e-005
 8.032375e+002  2.157947e-005
 8.038562e+002  2.120511e-005
 8.044750e+002  2.086080e-005
 8.050937e+002  1.838719e-005
 8.057125e+002  1.914097e-005
 8.063312e+002  1.972914e-005
 8.069500e+002  1.890163e-005
 8.075687e+002  1.840282e-005
 8.081875e+002  1.996772e-005
 8.088062e+002  1.969756e-005
 8.094250e+002  1.820420e-005
 8.100437e+002  1.878027e-005
 8.106625e+002  1.996245e-005
 8.112812e+002  2.206683e-005
 8.119000e+002  2.290927e-005
 8.125187e+002  2.129076e-005
 8.131375e+002  2.217206e-005
 8.137562e+002  2.166769e-005
 8.143750e+002  2.038612e-005
 8.149937e+002  2.013887e-005
 8.156125e+002  1.984188e-005
 8.162312e+002  1.942393e-005
 8.168500e+002  2.135859e-005
 8.174687e+002  2.139249e-005
 8.180875e+002  1.813988e-005
 8.187062e+002  2.065597e-005
 8.193250e+002  2.114119e-005
 8.199437e+002  2.141911e-005
 8.205625e+002  2.049594e-005
 8.211812e+002  1.926645e-005
 8.218000e+002  1.946912e-005
 8.224187e+002  1.982902e-005
 8.230375e+002  1.987804e-005
 8.236562e+002  1.904735e-005
 8.242750e+002  1.861886e-005
 8.248937e+002  1.838324e-005
 8.255125e+002  1.811361e-005
 8.261312e+002  1.898363e-005
 8.267500e+002  2.005816e-005
 8.273687e+002  1.935240e-005
 8.279875e+002  1.960533e-005
 8.286062e+002  2.011517e-005
 8.292250e+002  2.015996e-005
 8.298437e+002  2.095860e-005
 8.304625e+002  1.930160e-005
 8.310812e+002  2.023425e-005
 8.317000e+002  1.996186e-005
 8.323187e+002  2.107434e-005
 8.329375e+002  2.149241e-005
 8.335562e+002  2.073537e-005
 8.341750e+002  1.906214e-005
 8.347937e+002  1.809345e-005
 8.354125e+002  1.906520e-005
 8.360312e+002  2.204089e-005
 8.366500e+002  2.209015e-005
 8.372687e+002  2.061884e-005
 8.378875e+002  2.012115e-005
 8.385062e+002  1.642490e-005
 8.391250e+002  1.770351e-005
 8.397437e+002  2.232723e-004
 8.403625e+002  4.158860e-004
 8.409812e+002  1.969334e-004
 8.416000e+002  1.987206e-005
 8.422187e+002  1.983448e-005
 8.428375e+002  1.932778e-005
 8.434562e+002  1.817154e-005
 8.440750e+002  1.800620e-005
 8.446937e+002  2.067099e-005
 8.453125e+002  2.111273e-005
 8.459312e+002  2.528089e-005
 8.465500e+002  5.711727e-005
 8.471687e+002  4.607880e-005
 8.477875e+002  2.029124e-005
 8.484062e+002  2.028607e-005
 8.490250e+002  5.706800e-005
 8.496437e+002  2.322637e-004
 8.502625e+002  2.854446e-004
 8.508812e+002  1.415649e-004
 8.515000e+002  2.641150e-005
 8.521187e+002  2.024509e-005
 8.527375e+002  1.974569e-005
 8.533562e+002  1.889896e-005
 8.539750e+002  1.838808e-005
 8.545937e+002  1.885499e-005
 8.552125e+002  1.969804e-005
 8.558312e+002  2.132013e-005
 8.564500e+002  1.949149e-005
 8.570687e+002  1.745162e-005
 8.576875e+002  1.936430e-005
 8.583062e+002  1.996043e-005
 8.589250e+002  1.955746e-005
 8.595437e+002  2.022125e-005
 8.601625e+002  2.087062e-005
 8.607812e+002  1.986659e-005
 8.614000e+002  2.107204e-005
 8.620187e+002  2.028820e-005
 8.626375e+002  2.030107e-005
 8.632562e+002  2.035242e-005
 8.638750e+002  2.138125e-005
 8.644937e+002  2.069773e-005
 8.651125e+002  2.021261e-005
 8.657312e+002  1.868605e-005
 8.663500e+002  1.886635e-005
 8.669687e+002  2.023484e-005
 8.675875e+002  1.943614e-005
 8.682062e+002  2.041808e-005
 8.688250e+002  2.075593e-005
 8.694437e+002  1.946793e-005
 8.700625e+002  1.974648e-005
 8.706812e+002  1.839450e-005
 8.713000e+002  1.794170e-005
 8.719187e+002  2.008787e-005
 8.725375e+002  2.176259e-005
 8.731562e+002  2.111380e-005
 8.737750e+002  2.035661e-005
 8.743937e+002  2.174706e-005
 8.750125e+002  2.154450e-005
 8.756312e+002  1.930710e-005
 8.762500e+002  1.943407e-005
 8.768687e+002  1.943124e-005
 8.774875e+002  1.919468e-005
 8.781062e+002  2.076205e-005
 8.787250e+002  1.884589e-005
 8.793437e+002  2.067692e-005
 8.799625e+002  1.950280e-005
 8.805812e+002  1.709922e-005
 8.812000e+002  1.891031e-005
 8.818187e+002  1.830168e-005
 8.824375e+002  1.776807e-005
 8.830562e+002  1.858541e-005
 8.836750e+002  1.971539e-005
 8.842937e+002  2.017631e-005
 8.849125e+002  1.897186e-005
 8.855312e+002  1.924162e-005
 8.861500e+002  1.865989e-005
 8.867687e+002  1.987225e-005
 8.873875e+002  1.937664e-005
 8.880062e+002  1.782136e-005
 8.886250e+002  1.827108e-005
 8.892437e+002  2.087015e-005
 8.898625e+002  2.143319e-005
 8.904812e+002  1.986272e-005
 8.911000e+002  1.894786e-005
 8.917187e+002  1.897596e-005
 8.923375e+002  2.010004e-005
 8.929562e+002  1.842438e-005
 8.935750e+002  1.956092e-005
 8.941937e+002  2.207668e-005
 8.948125e+002  2.068298e-005
 8.954312e+002  2.050655e-005
 8.960500e+002  2.053085e-005
 8.966687e+002  1.968039e-005
 8.972875e+002  2.278442e-005
 8.979062e+002  2.066552e-005
 8.985250e+002  2.012527e-005
 8.991437e+002  4.050318e-005
 8.997625e+002  2.386471e-004
 9.003812e+002  4.182074e-004
 9.010000e+002  1.966740e-004
 9.016187e+002  1.876103e-005
 9.022375e+002  1.965982e-005
 9.028562e+002  1.980809e-005
 9.034750e+002  1.866155e-005
 9.040937e+002  1.866035e-005
 9.047125e+002  1.774660e-005
 9.053312e+002  1.999514e-005
 9.059500e+002  2.178315e-005
 9.065687e+002  2.257211e-005
 9.071875e+002  2.016216e-005
 9.078062e+002  2.044088e-005
 9.084250e+002  2.101671e-005
 9.090437e+002  1.982262e-005
 9.096625e+002  1.959831e-005
 9.102812e+002  2.006462e-005
 9.109000e+002  1.840407e-005
 9.115187e+002  1.968857e-005
 9.121375e+002  1.962323e-005
 9.127562e+002  1.772714e-005
 9.133750e+002  1.925237e-005
 9.139937e+002  2.078347e-005
 9.146125e+002  2.171443e-005
 9.152312e+002  2.068419e-005
 9.158500e+002  1.732998e-005
 9.164687e+002  1.837528e-005
 9.170875e+002  1.813577e-005
 9.177062e+002  1.860067e-005
 9.183250e+002  1.949782e-005
 9.189437e+002  1.968006e-005
 9.195625e+002  1.984277e-005
 9.201812e+002  1.973120e-005
 9.208000e+002  2.056301e-005
 9.214187e+002  1.817159e-005
 9.220375e+002  1.625547e-005
 9.226562e+002  1.816661e-005
 9.232750e+002  2.020726e-005
 9.238937e+002  2.117665e-005
 9.245125e+002  1.855675e-005
 9.251312e+002  1.860792e-005
 9.257500e+002  1.928105e-005
 9.263687e+002  1.953874e-005
 9.269875e+002  1.959229e-005
 9.276062e+002  2.136574e-005
 9.282250e+002  2.109518e-005
 9.288437e+002  1.992561e-005
 9.294625e+002  1.943252e-005
 9.300812e+002  1.873106e-005
 9.307000e+002  1.911413e-005
 9.313187e+002  1.918669e-005
 9.319375e+002  1.916369e-005
 9.325562e+002  1.934666e-005
 9.331750e+002  1.894247e-005
 9.337937e+002  1.822515e-005
 9.344125e+002  1.739263e-005
 9.350312e+002  1.997968e-005
 9.356500e+002  1.827741e-005
 9.362687e+002  2.006926e-005
 9.368875e+002  2.086789e-005
 9.375062e+002  1.949851e-005
 9.381250e+002  1.645301e-005
 9.387437e+002  1.857422e-005
 9.393625e+002  1.901064e-005
 9.399812e+002  1.938214e-005
 9.406000e+002  1.983222e-005
 9.412187e+002  2.055998e-005
 9.418375e+002  1.998999e-005
 9.424562e+002  1.846676e-005
 9.430750e+002  2.115530e-005
 9.436937e+002  2.108112e-005
 9.443125e+002  2.028301e-005
 9.449312e+002  1.890513e-005
 9.455500e+002  1.975611e-005
 9.461687e+002  2.037350e-005
 9.467875e+002  1.899635e-005
 9.474062e+002  2.029318e-005
 9.480250e+002  2.114353e-005
 9.486437e+002  1.883454e-005
 9.492625e+002  5.002253e-005
 9.498812e+002  1.160709e-004
 9.505000e+002  1.021870e-004
 9.511187e+002  3.853363e-005
 9.517375e+002  1.934633e-005
 9.523562e+002  2.149312e-005
 9.529750e+002  2.098781e-005
 9.535937e+002  1.989120e-005
 9.542125e+002  2.090910e-005
 9.548312e+002  2.161575e-005
 9.554500e+002  2.051973e-005
 9.560687e+002  1.992827e-005
 9.566875e+002  2.014205e-005
 9.573062e+002  1.844704e-005
 9.579250e+002  1.779983e-005
 9.585437e+002  1.899092e-005
 9.591625e+002  1.662539e-005
 9.597812e+002  2.006576e-004
 9.604000e+002  3.882486e-004
 9.610187e+002  1.875416e-004
 9.616375e+002  2.025545e-005
 9.622562e+002  1.944468e-005
 9.628750e+002  1.869605e-005
 9.634937e+002  2.020756e-005
 9.641125e+002  2.140435e-005
 9.647312e+002  1.948978e-005
 9.653500e+002  1.864441e-005
 9.659687e+002  1.771461e-005
 9.665875e+002  1.877380e-005
 9.672062e+002  1.914744e-005
 9.678250e+002  2.079132e-005
 9.684437e+002  1.940775e-005
 9.690625e+002  1.880733e-005
 9.696812e+002  1.858999e-005
 9.703000e+002  1.869206e-005
 9.709187e+002  1.768456e-005
 9.715375e+002  1.834129e-005
 9.721562e+002  1.890256e-005
 9.727750e+002  1.996690e-005
 9.733937e+002  1.877233e-005
 9.740125e+002  1.847265e-005
 9.746312e+002  1.894913e-005
 9.752500e+002  1.855856e-005
 9.758687e+002  1.969760e-005
 9.764875e+002  2.120461e-005
 9.771062e+002  2.046549e-005
 9.777250e+002  1.974571e-005
 9.783437e+002  1.908366e-005
 9.789625e+002  1.938305e-005
 9.795812e+002  1.943279e-005
 9.802000e+002  1.912584e-005
 9.808187e+002  1.952581e-005
 9.814375e+002  2.009291e-005
 9.820562e+002  2.067224e-005
 9.826750e+002  1.863017e-005
 9.832937e+002  1.962797e-005
 9.839125e+002  2.207177e-005
 9.845312e+002  2.166267e-005
 9.851500e+002  1.895073e-005
 9.857687e+002  1.908386e-005
 9.863875e+002  1.834294e-005
 9.870062e+002  1.841703e-005
 9.876250e+002  2.033908e-005
 9.882437e+002  2.115529e-005
 9.888625e+002  1.863329e-005
 9.894812e+002  1.834823e-005
 9.901000e+002  1.811016e-005
 9.907187e+002  1.936515e-005
 9.913375e+002  1.684415e-005
 9.919562e+002  1.861970e-005
 9.925750e+002  1.864513e-005
 9.931937e+002  1.715273e-005
 9.938125e+002  1.808514e-005
 9.944312e+002  2.043750e-005
 9.950500e+002  2.008689e-005
 9.956687e+002  2.161920e-005
 9.962875e+002  2.177000e-005
 9.969062e+002  2.068197e-005
 9.975250e+002  1.989007e-005
 9.981437e+002  2.058152e-005
 9.987625e+002  2.010253e-005
 9.993812e+002  3.708833e-005
 1.000000e+003  5.654310e-005
