 1.000000e+000  1.130582e-004
 1.061875e+000  1.643044e-004
 1.123750e+000  2.027345e-004
 1.185625e+000  3.419725e-004
 1.247500e+000  4.141923e-004
 1.309375e+000  4.481887e-004
 1.371250e+000  4.456217e-004
 1.433125e+000  3.409863e-004
 1.495000e+000  1.491859e-004
 1.556875e+000  1.248719e-004
 1.618750e+000  1.189489e-004
 1.680625e+000  2.161948e-004
 1.742500e+000  2.408689e-004
 1.804375e+000  3.836377e-004
 1.866250e+000  3.226511e-004
 1.928125e+000  9.705364e-005
 1.990000e+000  1.598296e-004
 2.051875e+000  2.976128e-004
 2.113750e+000  3.825486e-004
 2.175625e+000  2.038967e-004
 2.237500e+000  1.705712e-004
 2.299375e+000  1.726866e-004
 2.361250e+000  1.512245e-004
 2.423125e+000  2.163758e-004
 2.485000e+000  2.492722e-004
 2.546875e+000  2.526363e-004
 2.608750e+000  2.320964e-004
 2.670625e+000  2.346896e-004
 2.732500e+000  1.117518e-004
 2.794375e+000  1.047860e-004
 2.856250e+000  1.210767e-004
 2.918125e+000  1.423296e-004
 2.980000e+000  1.452459e-004
 3.041875e+000  1.402533e-004
 3.103750e+000  2.015565e-004
 3.165625e+000  1.329938e-004
 3.227500e+000  1.746556e-004
 3.289375e+000  1.898069e-004
 3.351250e+000  2.408471e-004
 3.413125e+000  2.032282e-004
 3.475000e+000  2.136792e-004
 3.536875e+000  1.353270e-004
 3.598750e+000  1.363782e-004
 3.660625e+000  1.530637e-004
 3.722500e+000  2.554276e-004
 3.784375e+000  2.070708e-004
 3.846250e+000  1.949302e-004
 3.908125e+000  1.569732e-004
 3.970000e+000  1.173907e-004
 4.031875e+000  1.001076e-004
 4.093750e+000  1.397236e-004
 4.155625e+000  1.684577e-004
 4.217500e+000  1.267018e-004
 4.279375e+000  1.024974e-004
 4.341250e+000  1.847619e-004
 4.403125e+000  1.842738e-004
 4.465000e+000  1.759485e-004
 4.526875e+000  2.032726e-004
 4.588750e+000  1.342280e-004
 4.650625e+000  1.547036e-004
 4.712500e+000  1.112259e-004
 4.774375e+000  9.920077e-005
 4.836250e+000  1.903861e-004
 4.898125e+000  2.363573e-004
 4.960000e+000  1.189709e-004
 5.021875e+000  1.614382e-004
 5.083750e+000  2.161362e-004
 5.145625e+000  2.676798e-004
 5.207500e+000  2.210891e-004
 5.269375e+000  1.527659e-004
 5.331250e+000  1.585302e-004
 5.393125e+000  5.577980e-005
 5.455000e+000  1.660767e-004
 5.516875e+000  1.738852e-004
 5.578750e+000  1.319919e-004
 5.640625e+000  1.185698e-004
 5.702500e+000  1.682345e-004
 5.764375e+000  1.290259e-004
 5.826250e+000  3.140104e-005
 5.888125e+000  1.756172e-004
 5.950000e+000  1.762581e-004
 6.011875e+000  1.309393e-004
 6.073750e+000  1.733411e-004
 6.135625e+000  2.006387e-004
 6.197500e+000  1.482663e-004
 6.259375e+000  1.689136e-004
 6.321250e+000  1.329952e-004
 6.383125e+000  1.403676e-004
 6.445000e+000  1.832112e-004
 6.506875e+000  9.801147e-005
 6.568750e+000  1.143203e-004
 6.630625e+000  6.133465e-005
 6.692500e+000  1.542658e-004
 6.754375e+000  1.569670e-004
 6.816250e+000  1.098548e-004
 6.878125e+000  1.517307e-004
 6.940000e+000  1.012836e-004
 7.001875e+000  1.703185e-004
 7.063750e+000  1.829257e-004
 7.125625e+000  1.272712e-004
 7.187500e+000  1.457462e-004
 7.249375e+000  7.519753e-005
 7.311250e+000  6.471790e-005
 7.373125e+000  9.532285e-005
 7.435000e+000  1.146021e-004
 7.496875e+000  9.338875e-005
 7.558750e+000  1.016899e-004
 7.620625e+000  1.116538e-004
 7.682500e+000  1.284509e-004
 7.744375e+000  1.040232e-004
 7.806250e+000  8.948333e-005
 7.868125e+000  7.824635e-005
 7.930000e+000  4.069659e-005
 7.991875e+000  1.493976e-004
 8.053750e+000  1.395619e-004
 8.115625e+000  1.088592e-004
 8.177500e+000  1.174695e-004
 8.239375e+000  1.264810e-004
 8.301250e+000  7.235894e-005
 8.363125e+000  1.128780e-004
 8.425000e+000  1.688339e-004
 8.486875e+000  1.830158e-004
 8.548750e+000  1.046942e-004
 8.610625e+000  6.061909e-005
 8.672500e+000  7.555848e-005
 8.734375e+000  1.145377e-004
 8.796250e+000  1.209123e-004
 8.858125e+000  8.992048e-005
 8.920000e+000  7.593737e-005
 8.981875e+000  4.322600e-005
 9.043750e+000  7.649747e-005
 9.105625e+000  1.272060e-004
 9.167500e+000  9.364619e-005
 9.229375e+000  8.349069e-005
 9.291250e+000  1.018803e-004
 9.353125e+000  1.462901e-004
 9.415000e+000  1.265938e-004
 9.476875e+000  1.242011e-004
 9.538750e+000  1.456181e-004
 9.600625e+000  1.591265e-004
 9.662500e+000  1.116044e-004
 9.724375e+000  9.095000e-005
 9.786250e+000  1.150092e-004
 9.848125e+000  1.051775e-004
 9.910000e+000  7.884350e-005
 9.971875e+000  1.739839e-004
 1.003375e+001  1.844326e-004
 1.009563e+001  4.629551e-005
 1.015750e+001  4.464207e-005
 1.021938e+001  1.015914e-004
 1.028125e+001  1.221858e-004
 1.034313e+001  7.079142e-005
 1.040500e+001  8.836367e-005
 1.046688e+001  1.136574e-004
 1.052875e+001  1.547943e-004
 1.059063e+001  1.614273e-004
 1.065250e+001  1.037047e-004
 1.071438e+001  1.008456e-004
 1.077625e+001  1.094424e-004
 1.083813e+001  6.215123e-005
 1.090000e+001  9.750444e-005
 1.096188e+001  1.435734e-004
 1.102375e+001  1.677587e-004
 1.108563e+001  1.301875e-004
 1.114750e+001  5.522084e-005
 1.120938e+001  7.795975e-005
 1.127125e+001  7.027947e-005
 1.133313e+001  9.693541e-005
 1.139500e+001  1.543483e-004
 1.145688e+001  1.198554e-004
 1.151875e+001  7.039732e-005
 1.158063e+001  1.029949e-004
 1.164250e+001  1.180256e-004
 1.170438e+001  1.050505e-004
 1.176625e+001  1.337906e-004
 1.182813e+001  1.433747e-004
 1.189000e+001  1.644054e-004
 1.195188e+001  1.507865e-004
 1.201375e+001  1.088696e-004
 1.207563e+001  1.140700e-004
 1.213750e+001  1.551603e-004
 1.219938e+001  1.005440e-004
 1.226125e+001  7.987982e-005
 1.232313e+001  1.449065e-004
 1.238500e+001  1.094980e-004
 1.244688e+001  1.023742e-004
 1.250875e+001  8.863471e-005
 1.257063e+001  1.176647e-004
 1.263250e+001  1.359671e-004
 1.269438e+001  5.867501e-005
 1.275625e+001  5.448963e-005
 1.281813e+001  1.380787e-004
 1.288000e+001  1.536243e-004
 1.294188e+001  1.281269e-004
 1.300375e+001  1.368842e-004
 1.306563e+001  5.658101e-005
 1.312750e+001  1.378904e-004
 1.318938e+001  1.093013e-004
 1.325125e+001  4.784752e-005
 1.331313e+001  7.624972e-005
 1.337500e+001  1.034300e-004
 1.343688e+001  8.457691e-005
 1.349875e+001  7.569978e-005
 1.356063e+001  1.316269e-004
 1.362250e+001  3.883770e-005
 1.368438e+001  1.447682e-004
 1.374625e+001  1.256675e-004
 1.380813e+001  1.226109e-004
 1.387000e+001  1.850180e-004
 1.393188e+001  2.269909e-004
 1.399375e+001  1.947036e-004
 1.405563e+001  1.374419e-004
 1.411750e+001  1.144429e-004
 1.417938e+001  4.872766e-005
 1.424125e+001  1.413370e-004
 1.430313e+001  1.477052e-004
 1.436500e+001  1.047046e-004
 1.442688e+001  4.344467e-005
 1.448875e+001  1.027180e-004
 1.455063e+001  8.127535e-005
 1.461250e+001  1.148161e-004
 1.467438e+001  1.400369e-004
 1.473625e+001  7.935171e-005
 1.479813e+001  8.920867e-005
 1.486000e+001  6.344507e-005
 1.492188e+001  8.488606e-005
 1.498375e+001  1.355821e-004
 1.504563e+001  1.264920e-004
 1.510750e+001  1.589919e-004
 1.516938e+001  1.605956e-004
 1.523125e+001  1.067286e-004
 1.529313e+001  4.865671e-005
 1.535500e+001  9.727673e-005
 1.541688e+001  1.202942e-004
 1.547875e+001  6.789963e-005
 1.554063e+001  9.918113e-005
 1.560250e+001  1.415128e-004
 1.566438e+001  1.344618e-004
 1.572625e+001  5.369775e-005
 1.578813e+001  1.583900e-004
 1.585000e+001  1.119433e-004
 1.591188e+001  1.273853e-004
 1.597375e+001  1.397479e-004
 1.603563e+001  1.346584e-004
 1.609750e+001  7.957189e-005
 1.615938e+001  1.200624e-004
 1.622125e+001  1.345305e-004
 1.628313e+001  9.916706e-005
 1.634500e+001  6.342350e-005
 1.640688e+001  1.107174e-004
 1.646875e+001  1.641619e-004
 1.653063e+001  1.789480e-004
 1.659250e+001  1.319351e-004
 1.665438e+001  1.362670e-004
 1.671625e+001  6.992571e-005
 1.677813e+001  5.083017e-005
 1.684000e+001  9.281097e-005
 1.690188e+001  1.060338e-004
 1.696375e+001  6.696251e-005
 1.702563e+001  7.265957e-005
 1.708750e+001  1.581621e-004
 1.714938e+001  1.267136e-004
 1.721125e+001  6.702310e-005
 1.727313e+001  1.296346e-004
 1.733500e+001  1.194710e-004
 1.739688e+001  8.886796e-005
 1.745875e+001  5.215999e-005
 1.752063e+001  8.179839e-005
 1.758250e+001  1.024906e-004
 1.764438e+001  9.672586e-005
 1.770625e+001  6.097164e-005
 1.776813e+001  1.612735e-004
 1.783000e+001  1.801020e-004
 1.789188e+001  1.330578e-004
 1.795375e+001  7.630340e-005
 1.801563e+001  8.372559e-005
 1.807750e+001  7.108716e-005
 1.813938e+001  8.456547e-005
 1.820125e+001  1.429986e-004
 1.826313e+001  1.402549e-004
 1.832500e+001  6.876658e-005
 1.838688e+001  9.363709e-005
 1.844875e+001  9.920061e-005
 1.851063e+001  4.417064e-005
 1.857250e+001  5.256933e-005
 1.863438e+001  7.171492e-005
 1.869625e+001  4.007564e-005
 1.875813e+001  1.116423e-004
 1.882000e+001  1.322944e-004
 1.888188e+001  1.411281e-004
 1.894375e+001  1.220127e-004
 1.900563e+001  9.749641e-005
 1.906750e+001  1.532764e-004
 1.912938e+001  1.828559e-004
 1.919125e+001  1.161145e-004
 1.925313e+001  1.154214e-004
 1.931500e+001  1.310934e-004
 1.937688e+001  1.515469e-004
 1.943875e+001  1.220704e-004
 1.950063e+001  8.581016e-005
 1.956250e+001  7.297004e-005
 1.962438e+001  6.689056e-005
 1.968625e+001  1.599304e-004
 1.974813e+001  1.778775e-004
 1.981000e+001  6.161558e-005
 1.987188e+001  1.303650e-004
 1.993375e+001  8.316085e-005
 1.999563e+001  7.849871e-005
 2.005750e+001  1.298298e-004
 2.011938e+001  1.255676e-004
 2.018125e+001  9.911076e-005
 2.024313e+001  8.213362e-005
 2.030500e+001  1.693926e-004
 2.036688e+001  1.766023e-004
 2.042875e+001  9.180661e-005
 2.049063e+001  9.408562e-005
 2.055250e+001  1.272233e-004
 2.061438e+001  1.540674e-004
 2.067625e+001  1.415682e-004
 2.073813e+001  5.277198e-005
 2.080000e+001  1.012671e-004
 2.086188e+001  8.436775e-005
 2.092375e+001  6.680793e-005
 2.098563e+001  1.184788e-004
 2.104750e+001  1.396129e-004
 2.110938e+001  1.023898e-004
 2.117125e+001  8.976082e-005
 2.123313e+001  1.405323e-004
 2.129500e+001  9.378569e-005
 2.135688e+001  1.683620e-004
 2.141875e+001  1.341275e-004
 2.148063e+001  8.785864e-005
 2.154250e+001  1.305290e-004
 2.160438e+001  1.175746e-004
 2.166625e+001  4.974937e-005
 2.172813e+001  1.101778e-004
 2.179000e+001  1.060550e-004
 2.185188e+001  7.464531e-005
 2.191375e+001  1.020983e-004
 2.197563e+001  9.879130e-005
 2.203750e+001  7.678006e-005
 2.209938e+001  7.305787e-005
 2.216125e+001  7.736433e-005
 2.222313e+001  7.073213e-005
 2.228500e+001  7.115582e-005
 2.234688e+001  9.917140e-005
 2.240875e+001  1.092852e-004
 2.247063e+001  4.204262e-005
 2.253250e+001  1.610028e-004
 2.259438e+001  1.761309e-004
 2.265625e+001  7.651207e-005
 2.271813e+001  4.578655e-005
 2.278000e+001  9.866976e-005
 2.284188e+001  1.042247e-004
 2.290375e+001  1.284802e-004
 2.296563e+001  7.229796e-005
 2.302750e+001  4.754290e-005
 2.308938e+001  1.065676e-004
 2.315125e+001  1.264850e-004
 2.321313e+001  8.151738e-005
 2.327500e+001  8.128281e-005
 2.333688e+001  1.332268e-004
 2.339875e+001  1.232832e-004
 2.346063e+001  7.333364e-005
 2.352250e+001  9.732984e-005
 2.358438e+001  1.181138e-004
 2.364625e+001  1.867276e-004
 2.370813e+001  1.518573e-004
 2.377000e+001  9.890832e-005
 2.383188e+001  8.334030e-005
 2.389375e+001  4.502348e-005
 2.395563e+001  1.306576e-004
 2.401750e+001  1.588892e-004
 2.407938e+001  1.222384e-004
 2.414125e+001  1.506103e-004
 2.420313e+001  1.246700e-004
 2.426500e+001  8.702168e-005
 2.432688e+001  7.304958e-005
 2.438875e+001  7.808703e-005
 2.445063e+001  6.662642e-005
 2.451250e+001  7.624510e-005
 2.457438e+001  8.192854e-005
 2.463625e+001  9.650878e-005
 2.469813e+001  1.086767e-004
 2.476000e+001  6.267879e-005
 2.482188e+001  8.448650e-005
 2.488375e+001  6.379069e-005
 2.494563e+001  1.256051e-004
 2.500750e+001  1.378336e-004
 2.506938e+001  8.639290e-005
 2.513125e+001  8.790341e-005
 2.519313e+001  8.925672e-005
 2.525500e+001  1.311992e-004
 2.531688e+001  1.266691e-004
 2.537875e+001  2.888211e-005
 2.544063e+001  6.810849e-005
 2.550250e+001  7.434446e-005
 2.556438e+001  5.322666e-005
 2.562625e+001  9.326087e-005
 2.568813e+001  7.899771e-005
 2.575000e+001  8.733648e-005
 2.581188e+001  8.858906e-005
 2.587375e+001  9.534039e-005
 2.593563e+001  1.294332e-004
 2.599750e+001  1.056458e-004
 2.605938e+001  8.818262e-005
 2.612125e+001  7.180543e-005
 2.618313e+001  2.635988e-005
 2.624500e+001  1.015653e-004
 2.630688e+001  1.384398e-004
 2.636875e+001  8.594676e-005
 2.643063e+001  7.706056e-005
 2.649250e+001  1.125919e-004
 2.655438e+001  1.496113e-004
 2.661625e+001  1.266650e-004
 2.667813e+001  1.262868e-004
 2.674000e+001  1.114590e-004
 2.680188e+001  1.055486e-004
 2.686375e+001  1.421532e-004
 2.692563e+001  1.065596e-004
 2.698750e+001  1.311726e-004
 2.704938e+001  1.110276e-004
 2.711125e+001  1.158313e-004
 2.717313e+001  1.055513e-004
 2.723500e+001  7.546326e-005
 2.729688e+001  4.377402e-005
 2.735875e+001  2.975640e-005
 2.742063e+001  4.626777e-005
 2.748250e+001  8.467436e-005
 2.754438e+001  6.468332e-005
 2.760625e+001  7.068529e-005
 2.766813e+001  7.195281e-005
 2.773000e+001  6.924400e-005
 2.779188e+001  1.203506e-004
 2.785375e+001  1.499797e-004
 2.791563e+001  1.002888e-004
 2.797750e+001  9.643881e-005
 2.803938e+001  6.264914e-005
 2.810125e+001  6.783544e-005
 2.816313e+001  8.926347e-005
 2.822500e+001  7.843376e-005
 2.828688e+001  8.533939e-005
 2.834875e+001  1.025433e-004
 2.841063e+001  9.919622e-005
 2.847250e+001  8.250916e-005
 2.853438e+001  8.237220e-005
 2.859625e+001  8.247462e-005
 2.865813e+001  7.689251e-005
 2.872000e+001  7.670188e-005
 2.878188e+001  8.249259e-005
 2.884375e+001  9.960030e-005
 2.890563e+001  5.323372e-005
 2.896750e+001  5.850734e-005
 2.902938e+001  7.048943e-005
 2.909125e+001  1.513128e-004
 2.915313e+001  1.461874e-004
 2.921500e+001  1.016162e-004
 2.927688e+001  5.722535e-005
 2.933875e+001  5.199329e-005
 2.940063e+001  4.082215e-005
 2.946250e+001  9.439575e-005
 2.952438e+001  1.364639e-004
 2.958625e+001  8.699558e-005
 2.964813e+001  5.283149e-005
 2.971000e+001  6.437484e-005
 2.977188e+001  4.401102e-005
 2.983375e+001  9.571065e-005
 2.989563e+001  9.500706e-005
 2.995750e+001  1.112548e-004
 3.001938e+001  8.202462e-005
 3.008125e+001  3.927389e-005
 3.014313e+001  5.154660e-005
 3.020500e+001  7.381686e-005
 3.026688e+001  1.194048e-004
 3.032875e+001  1.313629e-004
 3.039063e+001  7.945361e-005
 3.045250e+001  2.892330e-005
 3.051438e+001  5.012624e-005
 3.057625e+001  7.332620e-005
 3.063813e+001  6.069545e-005
 3.070000e+001  5.693295e-005
 3.076188e+001  8.342014e-005
 3.082375e+001  1.244447e-004
 3.088563e+001  9.237163e-005
 3.094750e+001  1.039557e-004
 3.100938e+001  9.954271e-005
 3.107125e+001  4.012200e-005
 3.113313e+001  6.379279e-005
 3.119500e+001  1.099145e-004
 3.125688e+001  9.827461e-005
 3.131875e+001  5.913185e-005
 3.138063e+001  3.859072e-005
 3.144250e+001  8.239888e-005
 3.150438e+001  5.464098e-005
 3.156625e+001  5.807965e-005
 3.162813e+001  8.568185e-005
 3.169000e+001  1.438763e-004
 3.175188e+001  1.252294e-004
 3.181375e+001  9.319793e-005
 3.187563e+001  6.974210e-005
 3.193750e+001  1.051636e-004
 3.199938e+001  9.380705e-005
 3.206125e+001  4.244037e-005
 3.212313e+001  9.178273e-005
 3.218500e+001  7.568281e-005
 3.224688e+001  9.581886e-005
 3.230875e+001  7.282143e-005
 3.237063e+001  7.808101e-005
 3.243250e+001  4.907964e-005
 3.249438e+001  7.978811e-005
 3.255625e+001  9.456632e-005
 3.261813e+001  9.180125e-005
 3.268000e+001  1.549324e-004
 3.274188e+001  9.866891e-005
 3.280375e+001  2.673712e-005
 3.286563e+001  1.136423e-004
 3.292750e+001  1.289863e-004
 3.298938e+001  2.307614e-005
 3.305125e+001  1.037237e-004
 3.311313e+001  1.337770e-004
 3.317500e+001  6.176504e-005
 3.323688e+001  6.697053e-005
 3.329875e+001  7.338947e-005
 3.336063e+001  1.506033e-004
 3.342250e+001  1.636247e-004
 3.348438e+001  6.493588e-005
 3.354625e+001  1.070040e-004
 3.360813e+001  8.117568e-005
 3.367000e+001  9.671040e-005
 3.373188e+001  1.153676e-004
 3.379375e+001  5.323713e-005
 3.385563e+001  1.591796e-004
 3.391750e+001  1.838549e-004
 3.397938e+001  1.390187e-004
 3.404125e+001  5.194059e-005
 3.410313e+001  3.236517e-005
 3.416500e+001  7.744442e-005
 3.422688e+001  9.508649e-005
 3.428875e+001  1.281342e-004
 3.435063e+001  1.282045e-004
 3.441250e+001  9.166502e-005
 3.447438e+001  4.732314e-005
 3.453625e+001  1.152921e-004
 3.459813e+001  1.522074e-004
 3.466000e+001  6.986163e-005
 3.472188e+001  9.826566e-005
 3.478375e+001  8.036218e-005
 3.484563e+001  7.114446e-005
 3.490750e+001  8.889706e-005
 3.496938e+001  1.308183e-004
 3.503125e+001  1.387351e-004
 3.509313e+001  1.037172e-004
 3.515500e+001  9.925099e-005
 3.521688e+001  1.429616e-004
 3.527875e+001  9.099065e-005
 3.534063e+001  9.558498e-005
 3.540250e+001  1.120436e-004
 3.546438e+001  9.821492e-005
 3.552625e+001  8.411970e-005
 3.558813e+001  1.248721e-004
 3.565000e+001  1.611368e-004
 3.571188e+001  1.211721e-004
 3.577375e+001  8.710094e-005
 3.583563e+001  7.043284e-005
 3.589750e+001  1.100157e-004
 3.595938e+001  1.381850e-004
 3.602125e+001  1.774853e-004
 3.608313e+001  1.487614e-004
 3.614500e+001  5.200983e-005
 3.620688e+001  1.079635e-004
 3.626875e+001  5.526438e-005
 3.633063e+001  9.530233e-005
 3.639250e+001  1.007984e-004
 3.645438e+001  5.533882e-005
 3.651625e+001  5.527907e-005
 3.657813e+001  5.255996e-005
 3.664000e+001  1.096980e-004
 3.670188e+001  8.519962e-005
 3.676375e+001  9.865640e-005
 3.682563e+001  8.599219e-005
 3.688750e+001  3.807249e-005
 3.694938e+001  6.433733e-005
 3.701125e+001  9.784460e-005
 3.707313e+001  1.008620e-004
 3.713500e+001  9.980510e-005
 3.719688e+001  1.098106e-004
 3.725875e+001  1.292550e-004
 3.732063e+001  9.210530e-005
 3.738250e+001  7.044705e-005
 3.744438e+001  5.838448e-005
 3.750625e+001  8.664011e-005
 3.756813e+001  8.975129e-005
 3.763000e+001  1.397458e-004
 3.769188e+001  1.446642e-004
 3.775375e+001  1.061812e-004
 3.781563e+001  6.666651e-005
 3.787750e+001  4.273257e-005
 3.793938e+001  5.196445e-005
 3.800125e+001  8.617639e-005
 3.806313e+001  1.106038e-004
 3.812500e+001  8.776412e-005
 3.818688e+001  6.844333e-005
 3.824875e+001  4.000715e-005
 3.831063e+001  1.337441e-004
 3.837250e+001  1.126054e-004
 3.843438e+001  1.090072e-004
 3.849625e+001  8.636636e-005
 3.855813e+001  6.589768e-005
 3.862000e+001  1.021922e-004
 3.868188e+001  1.084394e-004
 3.874375e+001  1.041727e-004
 3.880563e+001  9.337655e-005
 3.886750e+001  9.195552e-005
 3.892938e+001  5.982410e-005
 3.899125e+001  9.631815e-005
 3.905313e+001  1.133333e-004
 3.911500e+001  1.165886e-004
 3.917688e+001  9.067481e-005
 3.923875e+001  8.169175e-005
 3.930063e+001  6.895559e-005
 3.936250e+001  6.830946e-005
 3.942438e+001  8.285586e-005
 3.948625e+001  5.447986e-005
 3.954813e+001  8.229798e-005
 3.961000e+001  2.034365e-005
 3.967188e+001  3.400025e-005
 3.973375e+001  4.859368e-005
 3.979563e+001  1.048900e-004
 3.985750e+001  6.488829e-005
 3.991938e+001  8.404465e-005
 3.998125e+001  6.760633e-005
 4.004313e+001  9.739973e-005
 4.010500e+001  1.030363e-004
 4.016688e+001  6.700787e-005
 4.022875e+001  5.531796e-005
 4.029063e+001  9.199073e-005
 4.035250e+001  6.250327e-005
 4.041438e+001  8.525401e-005
 4.047625e+001  5.565711e-005
 4.053813e+001  5.925140e-005
 4.060000e+001  8.234946e-005
 4.066188e+001  9.103121e-005
 4.072375e+001  9.145379e-005
 4.078563e+001  6.283936e-005
 4.084750e+001  4.931824e-005
 4.090938e+001  6.660818e-005
 4.097125e+001  1.293635e-004
 4.103313e+001  1.099782e-004
 4.109500e+001  3.487682e-005
 4.115688e+001  8.343807e-005
 4.121875e+001  1.253300e-004
 4.128063e+001  1.198554e-004
 4.134250e+001  1.092303e-004
 4.140438e+001  1.011344e-004
 4.146625e+001  9.030786e-005
 4.152813e+001  1.117659e-004
 4.159000e+001  9.180474e-005
 4.165188e+001  8.369038e-005
 4.171375e+001  1.089625e-004
 4.177563e+001  1.320425e-004
 4.183750e+001  1.370311e-004
 4.189938e+001  1.377746e-004
 4.196125e+001  1.210574e-004
 4.202313e+001  6.906900e-005
 4.208500e+001  3.829065e-005
 4.214688e+001  9.429275e-005
 4.220875e+001  9.178546e-005
 4.227063e+001  7.577322e-005
 4.233250e+001  1.244985e-004
 4.239438e+001  8.866857e-005
 4.245625e+001  5.033536e-005
 4.251813e+001  6.743044e-005
 4.258000e+001  6.000501e-005
 4.264188e+001  5.811062e-005
 4.270375e+001  6.599143e-005
 4.276563e+001  8.888209e-005
 4.282750e+001  9.080949e-005
 4.288938e+001  8.912008e-005
 4.295125e+001  8.827187e-005
 4.301313e+001  1.170171e-004
 4.307500e+001  1.589645e-004
 4.313688e+001  1.244751e-004
 4.319875e+001  1.100241e-004
 4.326063e+001  4.936584e-005
 4.332250e+001  5.717790e-005
 4.338438e+001  8.420307e-005
 4.344625e+001  1.080703e-004
 4.350813e+001  9.793889e-005
 4.357000e+001  1.137766e-004
 4.363188e+001  9.806177e-005
 4.369375e+001  6.212262e-005
 4.375563e+001  3.293757e-005
 4.381750e+001  4.666565e-005
 4.387938e+001  5.867376e-005
 4.394125e+001  6.353121e-005
 4.400313e+001  9.730633e-005
 4.406500e+001  1.312516e-004
 4.412688e+001  7.068261e-005
 4.418875e+001  8.230164e-005
 4.425063e+001  9.138384e-005
 4.431250e+001  7.139430e-005
 4.437438e+001  8.282159e-005
 4.443625e+001  8.070155e-005
 4.449813e+001  3.980955e-005
 4.456000e+001  9.341801e-005
 4.462188e+001  9.055313e-005
 4.468375e+001  6.686953e-005
 4.474563e+001  1.339324e-004
 4.480750e+001  8.010517e-005
 4.486938e+001  5.581202e-005
 4.493125e+001  5.461953e-005
 4.499313e+001  1.267164e-004
 4.505500e+001  7.800531e-005
 4.511688e+001  7.980640e-005
 4.517875e+001  5.379627e-005
 4.524063e+001  3.737502e-005
 4.530250e+001  6.670122e-005
 4.536438e+001  6.882018e-005
 4.542625e+001  1.007684e-004
 4.548813e+001  7.622093e-005
 4.555000e+001  4.191110e-005
 4.561188e+001  8.878936e-005
 4.567375e+001  1.859758e-004
 4.573563e+001  1.640336e-004
 4.579750e+001  1.466190e-004
 4.585938e+001  7.604391e-005
 4.592125e+001  6.220302e-005
 4.598313e+001  1.198680e-004
 4.604500e+001  1.281676e-004
 4.610688e+001  1.154988e-004
 4.616875e+001  9.049006e-005
 4.623063e+001  7.082002e-005
 4.629250e+001  5.704651e-005
 4.635438e+001  3.033594e-005
 4.641625e+001  2.772771e-005
 4.647813e+001  6.419808e-005
 4.654000e+001  6.368781e-005
 4.660188e+001  5.763360e-005
 4.666375e+001  8.405823e-005
 4.672563e+001  1.003373e-004
 4.678750e+001  6.245884e-005
 4.684938e+001  4.100656e-005
 4.691125e+001  3.780790e-005
 4.697313e+001  4.197880e-005
 4.703500e+001  7.992753e-005
 4.709688e+001  6.241667e-005
 4.715875e+001  4.516122e-005
 4.722063e+001  7.650081e-005
 4.728250e+001  3.097597e-005
 4.734438e+001  3.053200e-005
 4.740625e+001  2.317313e-005
 4.746813e+001  6.748044e-005
 4.753000e+001  9.795429e-005
 4.759188e+001  7.629578e-005
 4.765375e+001  8.270110e-005
 4.771563e+001  1.160953e-004
 4.777750e+001  5.964497e-005
 4.783938e+001  7.064574e-005
 4.790125e+001  1.433475e-004
 4.796313e+001  2.368129e-004
 4.802500e+001  1.631445e-004
 4.808688e+001  7.737977e-005
 4.814875e+001  1.274680e-004
 4.821063e+001  6.892259e-005
 4.827250e+001  1.243678e-004
 4.833438e+001  1.191390e-004
 4.839625e+001  7.070150e-005
 4.845813e+001  1.087285e-004
 4.852000e+001  1.248054e-004
 4.858188e+001  1.335037e-004
 4.864375e+001  1.300991e-004
 4.870563e+001  1.035755e-004
 4.876750e+001  8.403443e-005
 4.882938e+001  8.267723e-005
 4.889125e+001  4.550489e-005
 4.895313e+001  2.094021e-004
 4.901500e+001  1.843798e-004
 4.907688e+001  4.698231e-005
 4.913875e+001  5.942993e-005
 4.920063e+001  7.625938e-005
 4.926250e+001  4.152421e-005
 4.932438e+001  5.804762e-005
 4.938625e+001  5.298411e-005
 4.944813e+001  7.432071e-005
 4.951000e+001  7.011576e-005
 4.957188e+001  7.389304e-005
 4.963375e+001  7.750214e-005
 4.969563e+001  1.116041e-004
 4.975750e+001  1.754778e-004
 4.981938e+001  4.175760e-004
 4.988125e+001  2.149195e-003
 4.994313e+001  1.585053e-002
 5.000500e+001  1.920290e-002
 5.006688e+001  5.199692e-003
 5.012875e+001  5.991056e-004
 5.019063e+001  1.940326e-004
 5.025250e+001  1.210943e-004
 5.031438e+001  1.253143e-004
 5.037625e+001  1.957978e-004
 5.043813e+001  1.649493e-004
 5.050000e+001  1.320812e-004
 5.056188e+001  7.463141e-005
 5.062375e+001  3.643975e-005
 5.068563e+001  1.525575e-004
 5.074750e+001  1.485438e-004
 5.080938e+001  5.870996e-005
 5.087125e+001  4.326514e-005
 5.093313e+001  2.019954e-004
 5.099500e+001  3.567285e-004
 5.105688e+001  1.526881e-004
 5.111875e+001  5.167255e-005
 5.118063e+001  2.873926e-005
 5.124250e+001  4.704815e-005
 5.130438e+001  6.864055e-005
 5.136625e+001  5.099164e-005
 5.142813e+001  6.526943e-005
 5.149000e+001  1.360633e-004
 5.155188e+001  1.299773e-004
 5.161375e+001  7.913584e-005
 5.167563e+001  7.467678e-005
 5.173750e+001  9.596763e-005
 5.179938e+001  1.134626e-004
 5.186125e+001  1.256462e-004
 5.192313e+001  1.018723e-004
 5.198500e+001  1.054495e-004
 5.204688e+001  6.158192e-005
 5.210875e+001  4.465040e-005
 5.217063e+001  6.316911e-005
 5.223250e+001  8.615076e-005
 5.229438e+001  9.990473e-005
 5.235625e+001  9.763897e-005
 5.241813e+001  7.962892e-005
 5.248000e+001  4.914839e-005
 5.254188e+001  1.001724e-004
 5.260375e+001  1.177971e-004
 5.266563e+001  9.397310e-005
 5.272750e+001  4.871657e-005
 5.278938e+001  4.865244e-005
 5.285125e+001  6.526621e-005
 5.291313e+001  1.383947e-004
 5.297500e+001  1.636619e-004
 5.303688e+001  7.991602e-005
 5.309875e+001  3.667757e-005
 5.316063e+001  4.936417e-005
 5.322250e+001  7.456390e-005
 5.328438e+001  1.189532e-004
 5.334625e+001  6.920201e-005
 5.340813e+001  1.371089e-004
 5.347000e+001  1.446746e-004
 5.353188e+001  7.802842e-005
 5.359375e+001  1.070738e-004
 5.365563e+001  9.415015e-005
 5.371750e+001  7.721408e-005
 5.377938e+001  5.093268e-005
 5.384125e+001  6.054008e-005
 5.390313e+001  1.115635e-004
 5.396500e+001  1.058392e-004
 5.402688e+001  1.224031e-004
 5.408875e+001  1.272764e-004
 5.415063e+001  5.898327e-005
 5.421250e+001  4.761624e-005
 5.427438e+001  5.274460e-005
 5.433625e+001  6.133248e-005
 5.439813e+001  1.184018e-004
 5.446000e+001  8.779980e-005
 5.452188e+001  6.976741e-005
 5.458375e+001  6.173652e-005
 5.464563e+001  8.187729e-005
 5.470750e+001  1.174032e-004
 5.476938e+001  1.342580e-004
 5.483125e+001  7.307412e-005
 5.489313e+001  4.200484e-005
 5.495500e+001  1.039312e-004
 5.501688e+001  1.350605e-004
 5.507875e+001  6.251056e-005
 5.514063e+001  4.920949e-005
 5.520250e+001  6.283299e-005
 5.526438e+001  1.062899e-004
 5.532625e+001  1.351767e-004
 5.538813e+001  1.243195e-004
 5.545000e+001  9.612052e-005
 5.551188e+001  1.239600e-004
 5.557375e+001  7.597238e-005
 5.563563e+001  6.174980e-005
 5.569750e+001  2.686195e-005
 5.575938e+001  1.027472e-004
 5.582125e+001  1.211306e-004
 5.588313e+001  9.005436e-005
 5.594500e+001  7.561941e-005
 5.600688e+001  8.549060e-005
 5.606875e+001  1.000300e-004
 5.613063e+001  1.043007e-004
 5.619250e+001  6.611977e-005
 5.625438e+001  5.768208e-005
 5.631625e+001  5.040198e-005
 5.637813e+001  6.501228e-005
 5.644000e+001  8.482272e-005
 5.650188e+001  7.466284e-005
 5.656375e+001  7.348592e-005
 5.662563e+001  1.082543e-004
 5.668750e+001  1.107012e-004
 5.674938e+001  5.984568e-005
 5.681125e+001  4.979714e-005
 5.687313e+001  6.695140e-005
 5.693500e+001  6.028865e-005
 5.699688e+001  9.191333e-005
 5.705875e+001  7.325639e-005
 5.712063e+001  5.440137e-005
 5.718250e+001  3.539831e-005
 5.724438e+001  8.285319e-005
 5.730625e+001  7.484959e-005
 5.736813e+001  7.027007e-005
 5.743000e+001  7.691144e-005
 5.749188e+001  5.347125e-005
 5.755375e+001  8.693930e-005
 5.761563e+001  5.513321e-005
 5.767750e+001  9.874395e-005
 5.773938e+001  8.678274e-005
 5.780125e+001  6.088707e-005
 5.786313e+001  6.023962e-005
 5.792500e+001  1.368650e-004
 5.798688e+001  1.084609e-004
 5.804875e+001  6.660410e-005
 5.811063e+001  6.275874e-005
 5.817250e+001  9.054181e-005
 5.823438e+001  3.178586e-005
 5.829625e+001  1.097308e-004
 5.835813e+001  9.568752e-005
 5.842000e+001  7.341909e-005
 5.848188e+001  9.564929e-005
 5.854375e+001  6.972825e-005
 5.860563e+001  5.162466e-005
 5.866750e+001  6.519278e-005
 5.872938e+001  8.257403e-005
 5.879125e+001  1.002119e-004
 5.885313e+001  5.819334e-005
 5.891500e+001  4.847231e-005
 5.897688e+001  4.115802e-005
 5.903875e+001  6.396066e-005
 5.910063e+001  7.503511e-005
 5.916250e+001  8.633679e-005
 5.922438e+001  1.202198e-004
 5.928625e+001  1.057546e-004
 5.934813e+001  9.190813e-005
 5.941000e+001  9.978560e-005
 5.947188e+001  1.328769e-004
 5.953375e+001  9.863103e-005
 5.959563e+001  5.302225e-005
 5.965750e+001  7.213064e-005
 5.971938e+001  9.179924e-005
 5.978125e+001  6.118986e-005
 5.984313e+001  7.201892e-005
 5.990500e+001  4.769880e-005
 5.996688e+001  1.243897e-004
 6.002875e+001  1.125641e-004
 6.009063e+001  6.574269e-005
 6.015250e+001  7.243471e-005
 6.021438e+001  7.206813e-005
 6.027625e+001  9.003600e-005
 6.033813e+001  9.847090e-005
 6.040000e+001  1.104310e-004
 6.046188e+001  8.536649e-005
 6.052375e+001  8.939186e-005
 6.058563e+001  8.421663e-005
 6.064750e+001  6.811819e-005
 6.070938e+001  4.633177e-005
 6.077125e+001  8.306120e-005
 6.083313e+001  9.287459e-005
 6.089500e+001  5.273972e-005
 6.095688e+001  6.354949e-005
 6.101875e+001  4.679838e-005
 6.108063e+001  6.381976e-005
 6.114250e+001  6.310519e-005
 6.120438e+001  7.289992e-005
 6.126625e+001  3.310144e-005
 6.132813e+001  8.075608e-005
 6.139000e+001  6.881032e-005
 6.145188e+001  8.089207e-005
 6.151375e+001  1.066886e-004
 6.157563e+001  1.160673e-004
 6.163750e+001  1.022260e-004
 6.169938e+001  6.982267e-005
 6.176125e+001  3.980069e-005
 6.182313e+001  4.569298e-005
 6.188500e+001  6.979363e-005
 6.194688e+001  6.991032e-005
 6.200875e+001  5.497015e-005
 6.207063e+001  4.459986e-005
 6.213250e+001  5.276330e-005
 6.219438e+001  4.366713e-005
 6.225625e+001  9.136302e-005
 6.231813e+001  8.173387e-005
 6.238000e+001  5.433128e-005
 6.244188e+001  8.988497e-005
 6.250375e+001  8.921038e-005
 6.256563e+001  7.536488e-005
 6.262750e+001  8.755240e-005
 6.268938e+001  1.335641e-004
 6.275125e+001  1.332425e-004
 6.281313e+001  9.242087e-005
 6.287500e+001  7.364189e-005
 6.293688e+001  5.529746e-005
 6.299875e+001  8.539600e-005
 6.306063e+001  9.909564e-005
 6.312250e+001  6.362851e-005
 6.318438e+001  2.784299e-005
 6.324625e+001  9.057311e-005
 6.330813e+001  1.014768e-004
 6.337000e+001  1.242772e-004
 6.343188e+001  8.766543e-005
 6.349375e+001  1.060659e-004
 6.355563e+001  1.242713e-004
 6.361750e+001  9.359821e-005
 6.367938e+001  1.020104e-004
 6.374125e+001  1.220807e-004
 6.380313e+001  7.573167e-005
 6.386500e+001  4.314251e-005
 6.392688e+001  5.809607e-005
 6.398875e+001  4.512462e-005
 6.405063e+001  3.152745e-005
 6.411250e+001  5.664285e-005
 6.417438e+001  7.121791e-005
 6.423625e+001  5.806115e-005
 6.429813e+001  1.013673e-004
 6.436000e+001  1.056886e-004
 6.442188e+001  1.080990e-004
 6.448375e+001  9.354627e-005
 6.454563e+001  8.392396e-005
 6.460750e+001  4.065209e-005
 6.466938e+001  4.182648e-005
 6.473125e+001  6.021839e-005
 6.479313e+001  7.810165e-005
 6.485500e+001  1.310689e-004
 6.491688e+001  1.211004e-004
 6.497875e+001  7.067099e-005
 6.504063e+001  7.930763e-005
 6.510250e+001  1.253063e-004
 6.516438e+001  1.072519e-004
 6.522625e+001  4.018877e-005
 6.528813e+001  6.604742e-005
 6.535000e+001  1.046675e-004
 6.541188e+001  9.510130e-005
 6.547375e+001  6.714118e-005
 6.553563e+001  5.173859e-005
 6.559750e+001  5.987017e-005
 6.565938e+001  6.841601e-005
 6.572125e+001  6.354639e-005
 6.578313e+001  6.204852e-005
 6.584500e+001  5.280422e-005
 6.590688e+001  2.371836e-005
 6.596875e+001  4.453724e-005
 6.603063e+001  3.552410e-005
 6.609250e+001  4.874819e-005
 6.615438e+001  5.741431e-005
 6.621625e+001  9.667553e-005
 6.627813e+001  8.536357e-005
 6.634000e+001  3.861410e-005
 6.640188e+001  3.339901e-005
 6.646375e+001  9.513320e-005
 6.652563e+001  5.531164e-005
 6.658750e+001  6.723451e-005
 6.664938e+001  6.720371e-005
 6.671125e+001  7.317431e-005
 6.677313e+001  7.681507e-005
 6.683500e+001  7.071632e-005
 6.689688e+001  6.198516e-005
 6.695875e+001  3.702077e-005
 6.702063e+001  4.868383e-005
 6.708250e+001  4.678806e-005
 6.714438e+001  7.033848e-005
 6.720625e+001  1.134998e-004
 6.726813e+001  9.687419e-005
 6.733000e+001  5.222222e-005
 6.739188e+001  4.402478e-005
 6.745375e+001  4.256828e-005
 6.751563e+001  8.500231e-005
 6.757750e+001  6.640878e-005
 6.763938e+001  3.056455e-005
 6.770125e+001  8.573160e-005
 6.776313e+001  6.742316e-005
 6.782500e+001  9.456514e-005
 6.788688e+001  7.788305e-005
 6.794875e+001  6.011201e-005
 6.801063e+001  6.184532e-005
 6.807250e+001  9.215269e-005
 6.813438e+001  1.091563e-004
 6.819625e+001  9.720883e-005
 6.825813e+001  8.200802e-005
 6.832000e+001  5.555384e-005
 6.838188e+001  7.919098e-005
 6.844375e+001  1.058143e-004
 6.850563e+001  2.768294e-005
 6.856750e+001  3.893113e-005
 6.862938e+001  6.047379e-005
 6.869125e+001  8.130478e-005
 6.875313e+001  1.056943e-004
 6.881500e+001  1.043719e-004
 6.887688e+001  4.930114e-005
 6.893875e+001  3.773854e-005
 6.900063e+001  3.208167e-005
 6.906250e+001  5.483591e-005
 6.912438e+001  1.050422e-004
 6.918625e+001  1.100843e-004
 6.924813e+001  8.420103e-005
 6.931000e+001  9.014359e-005
 6.937188e+001  8.391912e-005
 6.943375e+001  5.030463e-005
 6.949563e+001  4.319059e-005
 6.955750e+001  3.987345e-005
 6.961938e+001  4.512688e-005
 6.968125e+001  5.550123e-005
 6.974313e+001  3.661389e-005
 6.980500e+001  7.952675e-005
 6.986688e+001  8.069280e-005
 6.992875e+001  9.446178e-005
 6.999063e+001  7.315213e-005
 7.005250e+001  4.213359e-005
 7.011438e+001  7.090709e-005
 7.017625e+001  8.897963e-005
 7.023813e+001  1.064201e-004
 7.030000e+001  1.004915e-004
 7.036188e+001  5.335048e-005
 7.042375e+001  6.171892e-005
 7.048563e+001  1.051824e-004
 7.054750e+001  8.075252e-005
 7.060938e+001  5.998178e-005
 7.067125e+001  7.220856e-005
 7.073313e+001  7.370958e-005
 7.079500e+001  8.041148e-005
 7.085688e+001  8.934646e-005
 7.091875e+001  4.919066e-005
 7.098063e+001  1.423650e-005
 7.104250e+001  6.337160e-005
 7.110438e+001  6.635583e-005
 7.116625e+001  5.138129e-005
 7.122813e+001  3.767072e-005
 7.129000e+001  4.735047e-005
 7.135188e+001  8.825642e-005
 7.141375e+001  1.113802e-004
 7.147563e+001  8.423435e-005
 7.153750e+001  3.478333e-005
 7.159938e+001  6.463601e-005
 7.166125e+001  6.607898e-005
 7.172313e+001  8.339839e-005
 7.178500e+001  1.081173e-004
 7.184688e+001  6.889571e-005
 7.190875e+001  1.066711e-004
 7.197063e+001  9.644437e-005
 7.203250e+001  5.885067e-005
 7.209438e+001  5.218162e-005
 7.215625e+001  5.256854e-005
 7.221813e+001  5.893120e-005
 7.228000e+001  7.998366e-005
 7.234188e+001  9.249328e-005
 7.240375e+001  7.398737e-005
 7.246563e+001  1.195757e-004
 7.252750e+001  1.082274e-004
 7.258938e+001  4.421145e-005
 7.265125e+001  5.712039e-005
 7.271313e+001  8.483325e-005
 7.277500e+001  7.336876e-005
 7.283688e+001  7.517450e-005
 7.289875e+001  9.030867e-005
 7.296063e+001  8.929678e-005
 7.302250e+001  4.745085e-005
 7.308438e+001  4.899126e-005
 7.314625e+001  8.063757e-005
 7.320813e+001  8.914936e-005
 7.327000e+001  5.550093e-005
 7.333188e+001  4.385499e-005
 7.339375e+001  2.863057e-005
 7.345563e+001  3.933374e-005
 7.351750e+001  3.213082e-005
 7.357938e+001  5.196871e-005
 7.364125e+001  8.251759e-005
 7.370313e+001  9.576157e-005
 7.376500e+001  1.194807e-004
 7.382688e+001  9.704059e-005
 7.388875e+001  7.389966e-005
 7.395063e+001  5.131214e-005
 7.401250e+001  6.445885e-005
 7.407438e+001  9.316910e-005
 7.413625e+001  5.053471e-005
 7.419813e+001  4.740909e-005
 7.426000e+001  6.034316e-005
 7.432188e+001  4.925065e-005
 7.438375e+001  7.021349e-005
 7.444563e+001  5.371167e-005
 7.450750e+001  4.829263e-005
 7.456938e+001  1.083387e-004
 7.463125e+001  1.222255e-004
 7.469313e+001  9.102927e-005
 7.475500e+001  1.015682e-004
 7.481688e+001  6.510887e-005
 7.487875e+001  8.356626e-005
 7.494063e+001  9.185853e-005
 7.500250e+001  1.063549e-004
 7.506438e+001  9.419377e-005
 7.512625e+001  5.184000e-005
 7.518813e+001  3.035887e-005
 7.525000e+001  3.597940e-005
 7.531188e+001  4.901467e-005
 7.537375e+001  7.659780e-005
 7.543563e+001  1.189669e-004
 7.549750e+001  1.351554e-004
 7.555938e+001  5.401112e-005
 7.562125e+001  7.172935e-005
 7.568313e+001  5.475677e-005
 7.574500e+001  4.986414e-005
 7.580688e+001  6.556919e-005
 7.586875e+001  7.557119e-005
 7.593063e+001  9.399366e-005
 7.599250e+001  1.126387e-004
 7.605438e+001  1.193424e-004
 7.611625e+001  1.167390e-004
 7.617813e+001  8.744954e-005
 7.624000e+001  9.517535e-005
 7.630188e+001  1.028401e-004
 7.636375e+001  9.878477e-005
 7.642563e+001  6.781262e-005
 7.648750e+001  3.124515e-005
 7.654938e+001  8.922435e-005
 7.661125e+001  1.089517e-004
 7.667313e+001  7.357073e-005
 7.673500e+001  4.973087e-005
 7.679688e+001  8.012207e-005
 7.685875e+001  1.106732e-004
 7.692063e+001  1.054450e-004
 7.698250e+001  8.305910e-005
 7.704438e+001  9.459113e-005
 7.710625e+001  1.411153e-004
 7.716813e+001  1.029948e-004
 7.723000e+001  5.912908e-005
 7.729188e+001  1.041480e-004
 7.735375e+001  1.352247e-004
 7.741563e+001  1.368383e-004
 7.747750e+001  1.084126e-004
 7.753938e+001  6.585237e-005
 7.760125e+001  9.297732e-005
 7.766313e+001  9.978182e-005
 7.772500e+001  5.976181e-005
 7.778688e+001  4.992659e-005
 7.784875e+001  4.658387e-005
 7.791063e+001  5.317198e-005
 7.797250e+001  6.723148e-005
 7.803438e+001  4.790554e-005
 7.809625e+001  6.292731e-005
 7.815813e+001  6.868556e-005
 7.822000e+001  9.477566e-005
 7.828188e+001  5.518079e-005
 7.834375e+001  4.274061e-005
 7.840563e+001  4.311801e-005
 7.846750e+001  4.012764e-005
 7.852938e+001  5.681140e-005
 7.859125e+001  6.113903e-005
 7.865313e+001  5.630555e-005
 7.871500e+001  5.088476e-005
 7.877688e+001  5.880137e-005
 7.883875e+001  3.594679e-005
 7.890063e+001  5.932075e-005
 7.896250e+001  4.930618e-005
 7.902438e+001  4.424757e-005
 7.908625e+001  8.343341e-005
 7.914813e+001  6.963112e-005
 7.921000e+001  4.818989e-005
 7.927188e+001  2.889214e-005
 7.933375e+001  2.016132e-005
 7.939563e+001  3.838983e-005
 7.945750e+001  4.260397e-005
 7.951938e+001  5.453735e-005
 7.958125e+001  6.777334e-005
 7.964313e+001  7.151594e-005
 7.970500e+001  1.032276e-004
 7.976688e+001  1.321029e-004
 7.982875e+001  1.153954e-004
 7.989063e+001  9.999454e-005
 7.995250e+001  1.251680e-004
 8.001438e+001  1.101862e-004
 8.007625e+001  4.669197e-005
 8.013813e+001  7.032982e-005
 8.020000e+001  8.361766e-005
 8.026188e+001  1.082294e-004
 8.032375e+001  1.039087e-004
 8.038563e+001  1.327503e-004
 8.044750e+001  1.184870e-004
 8.050938e+001  9.444677e-005
 8.057125e+001  5.708600e-005
 8.063313e+001  5.775354e-005
 8.069500e+001  1.101765e-004
 8.075688e+001  1.143406e-004
 8.081875e+001  9.193520e-005
 8.088063e+001  9.204679e-005
 8.094250e+001  1.049993e-004
 8.100438e+001  4.357741e-005
 8.106625e+001  3.357649e-005
 8.112813e+001  3.067843e-005
 8.119000e+001  4.425470e-005
 8.125188e+001  3.635334e-005
 8.131375e+001  5.522364e-005
 8.137563e+001  7.015681e-005
 8.143750e+001  6.447686e-005
 8.149938e+001  9.898513e-005
 8.156125e+001  8.705174e-005
 8.162313e+001  7.519702e-005
 8.168500e+001  8.532646e-005
 8.174688e+001  7.455962e-005
 8.180875e+001  4.268690e-005
 8.187063e+001  7.005288e-005
 8.193250e+001  9.697755e-005
 8.199438e+001  5.620992e-005
 8.205625e+001  4.964505e-005
 8.211813e+001  7.281159e-005
 8.218000e+001  5.074937e-005
 8.224188e+001  4.622733e-005
 8.230375e+001  1.054641e-004
 8.236563e+001  1.056699e-004
 8.242750e+001  7.084250e-005
 8.248938e+001  6.316826e-005
 8.255125e+001  7.111615e-005
 8.261313e+001  5.398274e-005
 8.267500e+001  1.136051e-004
 8.273688e+001  1.251856e-004
 8.279875e+001  7.067104e-005
 8.286063e+001  5.106777e-005
 8.292250e+001  1.077430e-004
 8.298438e+001  7.710386e-005
 8.304625e+001  6.819079e-005
 8.310813e+001  4.752277e-005
 8.317000e+001  1.372020e-004
 8.323188e+001  1.165907e-004
 8.329375e+001  8.728168e-005
 8.335563e+001  5.672022e-005
 8.341750e+001  2.092051e-005
 8.347938e+001  6.398186e-005
 8.354125e+001  8.465242e-005
 8.360313e+001  6.528328e-005
 8.366500e+001  1.255454e-004
 8.372688e+001  1.023211e-004
 8.378875e+001  9.310124e-005
 8.385063e+001  1.026131e-004
 8.391250e+001  8.158321e-005
 8.397438e+001  1.089733e-004
 8.403625e+001  7.192254e-005
 8.409813e+001  8.789986e-005
 8.416000e+001  5.765373e-005
 8.422188e+001  3.949506e-005
 8.428375e+001  5.690843e-005
 8.434563e+001  6.725494e-005
 8.440750e+001  7.407632e-005
 8.446938e+001  5.803912e-005
 8.453125e+001  8.962254e-005
 8.459313e+001  1.454028e-004
 8.465500e+001  1.079778e-004
 8.471688e+001  6.820968e-005
 8.477875e+001  8.663924e-005
 8.484063e+001  7.484179e-005
 8.490250e+001  8.406093e-005
 8.496438e+001  1.001621e-004
 8.502625e+001  9.134805e-005
 8.508813e+001  7.945620e-005
 8.515000e+001  6.894101e-005
 8.521188e+001  4.586521e-005
 8.527375e+001  8.968445e-005
 8.533563e+001  7.968225e-005
 8.539750e+001  6.816198e-005
 8.545938e+001  6.353640e-005
 8.552125e+001  7.481188e-005
 8.558313e+001  8.613434e-005
 8.564500e+001  1.046320e-004
 8.570688e+001  9.758271e-005
 8.576875e+001  1.191388e-004
 8.583063e+001  1.142479e-004
 8.589250e+001  7.502065e-005
 8.595438e+001  7.132994e-005
 8.601625e+001  6.152344e-005
 8.607813e+001  5.866774e-005
 8.614000e+001  5.569482e-005
 8.620188e+001  7.655674e-005
 8.626375e+001  7.555936e-005
 8.632563e+001  6.128404e-005
 8.638750e+001  1.012826e-004
 8.644938e+001  8.037361e-005
 8.651125e+001  7.843716e-005
 8.657313e+001  9.154864e-005
 8.663500e+001  1.062782e-004
 8.669688e+001  9.425642e-005
 8.675875e+001  1.050143e-004
 8.682063e+001  8.961023e-005
 8.688250e+001  1.166039e-004
 8.694438e+001  5.286845e-005
 8.700625e+001  2.484080e-005
 8.706813e+001  3.579328e-005
 8.713000e+001  4.794091e-005
 8.719188e+001  4.291265e-005
 8.725375e+001  6.202637e-005
 8.731563e+001  5.521456e-005
 8.737750e+001  3.777510e-005
 8.743938e+001  8.412813e-005
 8.750125e+001  9.831617e-005
 8.756313e+001  8.523238e-005
 8.762500e+001  6.448760e-005
 8.768688e+001  6.799289e-005
 8.774875e+001  1.559151e-005
 8.781063e+001  4.854625e-005
 8.787250e+001  4.887883e-005
 8.793438e+001  6.037168e-005
 8.799625e+001  6.805854e-005
 8.805813e+001  1.246022e-004
 8.812000e+001  1.592163e-004
 8.818188e+001  1.044914e-004
 8.824375e+001  3.984054e-005
 8.830563e+001  2.779177e-005
 8.836750e+001  5.869998e-005
 8.842938e+001  1.016137e-004
 8.849125e+001  1.024441e-004
 8.855313e+001  7.582970e-005
 8.861500e+001  8.564724e-005
 8.867688e+001  5.650151e-005
 8.873875e+001  5.895996e-005
 8.880063e+001  1.043782e-004
 8.886250e+001  1.151631e-004
 8.892438e+001  5.763990e-005
 8.898625e+001  3.465154e-005
 8.904813e+001  9.085973e-005
 8.911000e+001  1.107909e-004
 8.917188e+001  8.125651e-005
 8.923375e+001  6.378418e-005
 8.929563e+001  6.759676e-005
 8.935750e+001  2.686102e-005
 8.941938e+001  5.544306e-005
 8.948125e+001  6.629569e-005
 8.954313e+001  1.320806e-004
 8.960500e+001  8.371661e-005
 8.966688e+001  9.115479e-005
 8.972875e+001  8.536445e-005
 8.979063e+001  3.625329e-005
 8.985250e+001  7.732413e-005
 8.991438e+001  7.075323e-005
 8.997625e+001  5.291109e-005
 9.003813e+001  9.294500e-005
 9.010000e+001  7.676047e-005
 9.016188e+001  3.689766e-005
 9.022375e+001  6.027300e-005
 9.028563e+001  1.271993e-004
 9.034750e+001  1.229043e-004
 9.040938e+001  6.056147e-005
 9.047125e+001  8.078033e-005
 9.053313e+001  8.851552e-005
 9.059500e+001  8.410848e-005
 9.065688e+001  9.338193e-005
 9.071875e+001  1.042658e-004
 9.078063e+001  4.591811e-005
 9.084250e+001  4.907451e-005
 9.090438e+001  7.686821e-005
 9.096625e+001  5.315970e-005
 9.102813e+001  6.700096e-005
 9.109000e+001  4.707861e-005
 9.115188e+001  7.629890e-005
 9.121375e+001  6.519454e-005
 9.127563e+001  4.644639e-005
 9.133750e+001  8.197558e-005
 9.139938e+001  6.657232e-005
 9.146125e+001  2.745133e-005
 9.152313e+001  5.844051e-005
 9.158500e+001  6.695199e-005
 9.164688e+001  6.498610e-005
 9.170875e+001  5.570842e-005
 9.177063e+001  5.667706e-005
 9.183250e+001  8.480170e-005
 9.189438e+001  9.836121e-005
 9.195625e+001  7.393087e-005
 9.201813e+001  9.038149e-005
 9.208000e+001  1.054145e-004
 9.214188e+001  5.308908e-005
 9.220375e+001  9.342877e-005
 9.226563e+001  9.292734e-005
 9.232750e+001  8.027093e-005
 9.238938e+001  6.844029e-005
 9.245125e+001  9.981794e-005
 9.251313e+001  1.344361e-004
 9.257500e+001  1.202261e-004
 9.263688e+001  1.201905e-004
 9.269875e+001  1.010527e-004
 9.276063e+001  7.154795e-005
 9.282250e+001  8.214767e-005
 9.288438e+001  8.074805e-005
 9.294625e+001  4.828671e-005
 9.300813e+001  6.027586e-005
 9.307000e+001  7.182081e-005
 9.313188e+001  1.006406e-004
 9.319375e+001  1.399425e-004
 9.325563e+001  1.347447e-004
 9.331750e+001  1.011903e-004
 9.337938e+001  5.726080e-005
 9.344125e+001  7.668453e-005
 9.350313e+001  6.045883e-005
 9.356500e+001  6.119240e-005
 9.362688e+001  1.124994e-004
 9.368875e+001  1.316089e-004
 9.375063e+001  1.286474e-004
 9.381250e+001  7.873935e-005
 9.387438e+001  6.469441e-005
 9.393625e+001  6.283689e-005
 9.399813e+001  1.089212e-004
 9.406000e+001  1.086070e-004
 9.412188e+001  6.732754e-005
 9.418375e+001  4.832680e-005
 9.424563e+001  3.365722e-005
 9.430750e+001  4.839259e-005
 9.436938e+001  1.014928e-004
 9.443125e+001  9.499989e-005
 9.449313e+001  1.781894e-005
 9.455500e+001  7.612559e-005
 9.461688e+001  8.789239e-005
 9.467875e+001  6.091729e-005
 9.474063e+001  1.124924e-004
 9.480250e+001  1.125376e-004
 9.486438e+001  8.355321e-005
 9.492625e+001  6.995477e-005
 9.498813e+001  5.117293e-005
 9.505000e+001  8.187479e-005
 9.511188e+001  8.810901e-005
 9.517375e+001  9.757244e-005
 9.523563e+001  4.763694e-005
 9.529750e+001  3.526682e-005
 9.535938e+001  7.768130e-005
 9.542125e+001  1.050457e-004
 9.548313e+001  8.036815e-005
 9.554500e+001  6.060694e-005
 9.560688e+001  1.052068e-004
 9.566875e+001  9.013184e-005
 9.573063e+001  4.618296e-005
 9.579250e+001  1.080049e-004
 9.585438e+001  1.418951e-004
 9.591625e+001  9.916606e-005
 9.597813e+001  6.939195e-005
 9.604000e+001  3.424306e-005
 9.610188e+001  4.975684e-005
 9.616375e+001  6.260245e-005
 9.622563e+001  3.589631e-005
 9.628750e+001  3.361573e-005
 9.634938e+001  6.965552e-005
 9.641125e+001  8.996311e-005
 9.647313e+001  7.646109e-005
 9.653500e+001  9.593381e-005
 9.659688e+001  5.314910e-005
 9.665875e+001  5.680861e-005
 9.672063e+001  6.825778e-005
 9.678250e+001  5.268057e-005
 9.684438e+001  4.670920e-005
 9.690625e+001  2.359955e-005
 9.696813e+001  3.587341e-005
 9.703000e+001  6.505013e-005
 9.709188e+001  9.186422e-005
 9.715375e+001  6.482684e-005
 9.721563e+001  1.186380e-004
 9.727750e+001  1.288664e-004
 9.733938e+001  7.054635e-005
 9.740125e+001  3.406363e-005
 9.746313e+001  4.100276e-005
 9.752500e+001  6.848118e-005
 9.758688e+001  3.157173e-005
 9.764875e+001  4.635757e-005
 9.771063e+001  5.743755e-005
 9.777250e+001  4.595165e-005
 9.783438e+001  5.666949e-005
 9.789625e+001  7.753922e-005
 9.795813e+001  1.274475e-004
 9.802000e+001  1.064228e-004
 9.808188e+001  5.431766e-005
 9.814375e+001  3.126217e-005
 9.820563e+001  1.210981e-004
 9.826750e+001  1.037284e-004
 9.832938e+001  5.393082e-005
 9.839125e+001  1.073583e-004
 9.845313e+001  6.572731e-005
 9.851500e+001  5.624618e-005
 9.857688e+001  7.217446e-005
 9.863875e+001  7.517468e-005
 9.870063e+001  7.136415e-005
 9.876250e+001  5.856514e-005
 9.882438e+001  4.186290e-005
 9.888625e+001  4.982756e-005
 9.894813e+001  5.137151e-005
 9.901000e+001  4.195692e-005
 9.907188e+001  8.757084e-005
 9.913375e+001  1.050842e-004
 9.919563e+001  7.395347e-005
 9.925750e+001  3.043829e-005
 9.931938e+001  7.435097e-005
 9.938125e+001  6.662988e-005
 9.944313e+001  2.324123e-005
 9.950500e+001  3.971645e-005
 9.956688e+001  4.500537e-005
 9.962875e+001  4.173566e-005
 9.969063e+001  4.614191e-005
 9.975250e+001  4.353940e-005
 9.981438e+001  9.418379e-005
 9.987625e+001  8.555912e-005
 9.993813e+001  2.281933e-004
 1.000000e+002  2.208360e-004
