 1.000000e+001  5.688186e-005
 1.061875e+001  5.496489e-005
 1.123750e+001  6.277082e-005
 1.185625e+001  6.072320e-005
 1.247500e+001  6.032010e-005
 1.309375e+001  5.091493e-005
 1.371250e+001  5.541370e-005
 1.433125e+001  5.515839e-005
 1.495000e+001  5.502974e-005
 1.556875e+001  4.435714e-005
 1.618750e+001  4.048388e-005
 1.680625e+001  4.168569e-005
 1.742500e+001  4.809575e-005
 1.804375e+001  4.464064e-005
 1.866250e+001  4.291018e-005
 1.928125e+001  4.367310e-005
 1.990000e+001  4.632814e-005
 2.051875e+001  4.110912e-005
 2.113750e+001  4.223881e-005
 2.175625e+001  5.190567e-005
 2.237500e+001  5.034665e-005
 2.299375e+001  4.558065e-005
 2.361250e+001  4.561236e-005
 2.423125e+001  3.741156e-005
 2.485000e+001  3.961179e-005
 2.546875e+001  4.687129e-005
 2.608750e+001  4.971118e-005
 2.670625e+001  4.264748e-005
 2.732500e+001  3.477973e-005
 2.794375e+001  3.895725e-005
 2.856250e+001  3.809423e-005
 2.918125e+001  4.141222e-005
 2.980000e+001  3.992819e-005
 3.041875e+001  3.669970e-005
 3.103750e+001  3.104208e-005
 3.165625e+001  3.501527e-005
 3.227500e+001  4.521457e-005
 3.289375e+001  4.234771e-005
 3.351250e+001  3.387953e-005
 3.413125e+001  3.594096e-005
 3.475000e+001  3.741971e-005
 3.536875e+001  3.930798e-005
 3.598750e+001  3.640012e-005
 3.660625e+001  3.618661e-005
 3.722500e+001  3.600142e-005
 3.784375e+001  2.742273e-005
 3.846250e+001  3.118807e-005
 3.908125e+001  3.443891e-005
 3.970000e+001  3.934828e-005
 4.031875e+001  3.997852e-005
 4.093750e+001  3.891105e-005
 4.155625e+001  3.875849e-005
 4.217500e+001  3.279023e-005
 4.279375e+001  4.106114e-005
 4.341250e+001  3.684268e-005
 4.403125e+001  3.538472e-005
 4.465000e+001  2.680333e-005
 4.526875e+001  2.919106e-005
 4.588750e+001  2.905559e-005
 4.650625e+001  2.917190e-005
 4.712500e+001  3.431487e-005
 4.774375e+001  5.159935e-005
 4.836250e+001  1.464597e-004
 4.898125e+001  7.672587e-004
 4.960000e+001  5.424542e-003
 5.021875e+001  6.411032e-003
 5.083750e+001  1.683018e-003
 5.145625e+001  1.917694e-004
 5.207500e+001  7.065958e-005
 5.269375e+001  3.525069e-005
 5.331250e+001  2.737581e-005
 5.393125e+001  2.745990e-005
 5.455000e+001  2.556288e-005
 5.516875e+001  3.235691e-005
 5.578750e+001  2.766619e-005
 5.640625e+001  2.728973e-005
 5.702500e+001  3.022461e-005
 5.764375e+001  2.194036e-005
 5.826250e+001  3.202207e-005
 5.888125e+001  3.759624e-005
 5.950000e+001  5.726562e-004
 6.011875e+001  9.189603e-004
 6.073750e+001  3.668535e-004
 6.135625e+001  3.223607e-005
 6.197500e+001  2.271446e-005
 6.259375e+001  2.119064e-005
 6.321250e+001  2.374687e-005
 6.383125e+001  2.597258e-005
 6.445000e+001  3.222415e-005
 6.506875e+001  3.215298e-005
 6.568750e+001  2.822454e-005
 6.630625e+001  2.719555e-005
 6.692500e+001  2.666100e-005
 6.754375e+001  2.455170e-005
 6.816250e+001  2.347092e-005
 6.878125e+001  2.210694e-005
 6.940000e+001  2.261126e-005
 7.001875e+001  2.634511e-005
 7.063750e+001  2.532218e-005
 7.125625e+001  2.628222e-005
 7.187500e+001  2.355106e-005
 7.249375e+001  2.175000e-005
 7.311250e+001  2.139105e-005
 7.373125e+001  2.046913e-005
 7.435000e+001  2.219982e-005
 7.496875e+001  2.066000e-005
 7.558750e+001  3.095712e-005
 7.620625e+001  2.251134e-005
 7.682500e+001  1.939287e-005
 7.744375e+001  2.247524e-005
 7.806250e+001  1.896056e-005
 7.868125e+001  1.817913e-005
 7.930000e+001  2.514436e-005
 7.991875e+001  2.398900e-005
 8.053750e+001  2.000598e-005
 8.115625e+001  2.069301e-005
 8.177500e+001  2.172839e-005
 8.239375e+001  2.532984e-005
 8.301250e+001  2.190364e-005
 8.363125e+001  1.954844e-005
 8.425000e+001  1.815163e-005
 8.486875e+001  1.783259e-005
 8.548750e+001  2.177979e-005
 8.610625e+001  2.043497e-005
 8.672500e+001  1.662872e-005
 8.734375e+001  1.794310e-005
 8.796250e+001  2.127677e-005
 8.858125e+001  1.946677e-005
 8.920000e+001  1.834853e-005
 8.981875e+001  2.226946e-005
 9.043750e+001  2.139895e-005
 9.105625e+001  1.814496e-005
 9.167500e+001  2.058196e-005
 9.229375e+001  1.852565e-005
 9.291250e+001  1.882939e-005
 9.353125e+001  1.862325e-005
 9.415000e+001  1.524986e-005
 9.476875e+001  1.491067e-005
 9.538750e+001  1.368798e-005
 9.600625e+001  1.849099e-005
 9.662500e+001  1.522857e-005
 9.724375e+001  1.636118e-005
 9.786250e+001  2.839806e-005
 9.848125e+001  5.094149e-005
 9.910000e+001  5.300434e-005
 9.971875e+001  2.701822e-004
 1.003375e+002  2.408674e-004
 1.009563e+002  4.282513e-005
 1.015750e+002  1.540099e-005
 1.021938e+002  1.526477e-005
 1.028125e+002  1.475860e-005
 1.034313e+002  1.394080e-005
 1.040500e+002  1.527431e-005
 1.046688e+002  1.715658e-005
 1.052875e+002  1.555941e-005
 1.059063e+002  2.634412e-005
 1.065250e+002  2.877553e-005
 1.071438e+002  2.052399e-005
 1.077625e+002  1.662466e-005
 1.083813e+002  1.531850e-005
 1.090000e+002  1.320379e-005
 1.096188e+002  1.612108e-005
 1.102375e+002  1.781357e-005
 1.108563e+002  1.702808e-005
 1.114750e+002  1.448641e-005
 1.120938e+002  1.373785e-005
 1.127125e+002  1.248527e-005
 1.133313e+002  1.353689e-005
 1.139500e+002  1.359835e-005
 1.145688e+002  1.148395e-005
 1.151875e+002  1.341997e-005
 1.158063e+002  1.460716e-005
 1.164250e+002  1.607730e-005
 1.170438e+002  1.512861e-005
 1.176625e+002  1.252198e-005
 1.182813e+002  1.578595e-005
 1.189000e+002  4.010200e-005
 1.195188e+002  5.838665e-004
 1.201375e+002  9.427981e-004
 1.207563e+002  3.781163e-004
 1.213750e+002  1.826736e-005
 1.219938e+002  1.677466e-005
 1.226125e+002  1.401380e-005
 1.232313e+002  1.873150e-005
 1.238500e+002  1.690068e-005
 1.244688e+002  1.428030e-005
 1.250875e+002  1.498412e-005
 1.257063e+002  1.403015e-005
 1.263250e+002  1.621850e-005
 1.269438e+002  1.554502e-005
 1.275625e+002  1.730149e-005
 1.281813e+002  1.921140e-005
 1.288000e+002  1.409091e-005
 1.294188e+002  1.270992e-005
 1.300375e+002  1.655219e-005
 1.306563e+002  1.435952e-005
 1.312750e+002  1.710768e-005
 1.318938e+002  1.833878e-005
 1.325125e+002  1.430600e-005
 1.331313e+002  1.283618e-005
 1.337500e+002  1.324789e-005
 1.343688e+002  1.258459e-005
 1.349875e+002  1.408714e-005
 1.356063e+002  1.150980e-005
 1.362250e+002  1.104997e-005
 1.368438e+002  9.783376e-006
 1.374625e+002  1.326553e-005
 1.380813e+002  1.949648e-005
 1.387000e+002  1.502271e-005
 1.393188e+002  1.203125e-005
 1.399375e+002  1.568800e-005
 1.405563e+002  2.306608e-005
 1.411750e+002  2.156385e-004
 1.417938e+002  3.614793e-004
 1.424125e+002  3.359955e-004
 1.430313e+002  2.555685e-004
 1.436500e+002  4.007923e-005
 1.442688e+002  1.151178e-005
 1.448875e+002  1.193044e-005
 1.455063e+002  1.045558e-005
 1.461250e+002  1.143746e-005
 1.467438e+002  1.413342e-005
 1.473625e+002  2.087409e-005
 1.479813e+002  3.833746e-005
 1.486000e+002  1.302132e-004
 1.492188e+002  2.017850e-003
 1.498375e+002  5.556410e-003
 1.504563e+002  3.709324e-003
 1.510750e+002  2.680320e-004
 1.516938e+002  5.686395e-005
 1.523125e+002  3.032373e-005
 1.529313e+002  1.337469e-005
 1.535500e+002  1.601935e-005
 1.541688e+002  1.494370e-005
 1.547875e+002  1.086862e-005
 1.554063e+002  1.057548e-005
 1.560250e+002  1.340906e-005
 1.566438e+002  1.261744e-005
 1.572625e+002  1.079118e-005
 1.578813e+002  1.252034e-005
 1.585000e+002  1.371714e-005
 1.591188e+002  1.356469e-005
 1.597375e+002  1.150966e-005
 1.603563e+002  1.184352e-005
 1.609750e+002  9.932906e-006
 1.615938e+002  1.243396e-005
 1.622125e+002  1.342086e-005
 1.628313e+002  1.163508e-005
 1.634500e+002  1.168202e-005
 1.640688e+002  1.262874e-005
 1.646875e+002  9.131884e-006
 1.653063e+002  1.132191e-005
 1.659250e+002  1.742967e-005
 1.665438e+002  1.592989e-005
 1.671625e+002  1.284104e-005
 1.677813e+002  1.335571e-005
 1.684000e+002  9.654651e-006
 1.690188e+002  9.137676e-006
 1.696375e+002  1.382485e-005
 1.702563e+002  1.409326e-005
 1.708750e+002  1.161201e-005
 1.714938e+002  1.201472e-005
 1.721125e+002  1.246075e-005
 1.727313e+002  1.062657e-005
 1.733500e+002  9.987859e-006
 1.739688e+002  1.236737e-005
 1.745875e+002  1.174221e-005
 1.752063e+002  1.179974e-005
 1.758250e+002  1.183679e-005
 1.764438e+002  1.546071e-005
 1.770625e+002  2.341123e-005
 1.776813e+002  2.243101e-005
 1.783000e+002  2.772782e-005
 1.789188e+002  3.080617e-005
 1.795375e+002  6.037754e-004
 1.801563e+002  9.906858e-004
 1.807750e+002  3.998498e-004
 1.813938e+002  2.108924e-005
 1.820125e+002  1.420230e-005
 1.826313e+002  1.214051e-005
 1.832500e+002  1.185045e-005
 1.838688e+002  1.114602e-005
 1.844875e+002  9.986282e-006
 1.851063e+002  1.115593e-005
 1.857250e+002  1.285072e-005
 1.863438e+002  1.218500e-005
 1.869625e+002  1.081557e-005
 1.875813e+002  1.045600e-005
 1.882000e+002  9.113173e-006
 1.888188e+002  7.691964e-006
 1.894375e+002  1.004483e-005
 1.900563e+002  1.223473e-005
 1.906750e+002  1.087951e-005
 1.912938e+002  1.075457e-005
 1.919125e+002  1.563283e-005
 1.925313e+002  1.234462e-005
 1.931500e+002  1.119871e-005
 1.937688e+002  1.170169e-005
 1.943875e+002  1.017906e-005
 1.950063e+002  9.531491e-006
 1.956250e+002  1.401026e-005
 1.962438e+002  1.394215e-005
 1.968625e+002  9.493106e-006
 1.974813e+002  9.777482e-006
 1.981000e+002  1.163734e-005
 1.987188e+002  1.170090e-005
 1.993375e+002  7.264339e-005
 1.999563e+002  1.382834e-004
 2.005750e+002  6.870262e-005
 2.011938e+002  1.037991e-005
 2.018125e+002  1.205903e-005
 2.024313e+002  1.133312e-005
 2.030500e+002  1.034785e-005
 2.036688e+002  1.119601e-005
 2.042875e+002  1.180791e-005
 2.049063e+002  1.004500e-005
 2.055250e+002  1.034757e-005
 2.061438e+002  1.094257e-005
 2.067625e+002  9.040355e-006
 2.073813e+002  1.000835e-005
 2.080000e+002  9.791804e-006
 2.086188e+002  8.709230e-006
 2.092375e+002  9.731229e-006
 2.098563e+002  1.239778e-005
 2.104750e+002  1.162338e-005
 2.110938e+002  1.070707e-005
 2.117125e+002  1.276099e-005
 2.123313e+002  1.461752e-005
 2.129500e+002  1.226719e-005
 2.135688e+002  1.325286e-005
 2.141875e+002  1.437859e-005
 2.148063e+002  9.961600e-006
 2.154250e+002  1.065658e-005
 2.160438e+002  1.063355e-005
 2.166625e+002  1.086764e-005
 2.172813e+002  8.942269e-006
 2.179000e+002  1.000951e-005
 2.185188e+002  1.190046e-005
 2.191375e+002  1.264629e-005
 2.197563e+002  1.312855e-005
 2.203750e+002  1.194599e-005
 2.209938e+002  9.495070e-006
 2.216125e+002  7.785502e-006
 2.222313e+002  8.519144e-006
 2.228500e+002  1.074620e-005
 2.234688e+002  1.372299e-005
 2.240875e+002  1.531944e-005
 2.247063e+002  1.027400e-005
 2.253250e+002  9.970024e-006
 2.259438e+002  9.467442e-006
 2.265625e+002  7.974576e-006
 2.271813e+002  9.632915e-006
 2.278000e+002  1.123701e-005
 2.284188e+002  1.064881e-005
 2.290375e+002  1.058193e-005
 2.296563e+002  1.352837e-005
 2.302750e+002  1.307004e-005
 2.308938e+002  9.387114e-006
 2.315125e+002  9.212511e-006
 2.321313e+002  9.761091e-006
 2.327500e+002  9.491633e-006
 2.333688e+002  1.113365e-005
 2.339875e+002  1.211709e-005
 2.346063e+002  1.070055e-005
 2.352250e+002  9.926922e-006
 2.358438e+002  1.144464e-005
 2.364625e+002  9.992222e-006
 2.370813e+002  9.262303e-006
 2.377000e+002  1.929145e-005
 2.383188e+002  1.861961e-005
 2.389375e+002  2.965763e-005
 2.395563e+002  6.231544e-004
 2.401750e+002  1.033191e-003
 2.407938e+002  4.228322e-004
 2.414125e+002  2.229891e-005
 2.420313e+002  1.327343e-005
 2.426500e+002  8.705456e-006
 2.432688e+002  9.401716e-006
 2.438875e+002  1.263162e-005
 2.445063e+002  1.071723e-005
 2.451250e+002  1.001291e-005
 2.457438e+002  1.368087e-005
 2.463625e+002  1.401891e-005
 2.469813e+002  1.578758e-005
 2.476000e+002  1.837023e-005
 2.482188e+002  2.311435e-005
 2.488375e+002  6.824472e-005
 2.494563e+002  8.036953e-004
 2.500750e+002  1.163791e-003
 2.506938e+002  4.058356e-004
 2.513125e+002  2.944038e-005
 2.519313e+002  1.666645e-005
 2.525500e+002  9.555294e-006
 2.531688e+002  1.045920e-005
 2.537875e+002  1.117269e-005
 2.544063e+002  8.864914e-006
 2.550250e+002  9.128136e-006
 2.556438e+002  1.823200e-005
 2.562625e+002  1.922120e-005
 2.568813e+002  1.065446e-005
 2.575000e+002  1.108103e-005
 2.581188e+002  1.109688e-005
 2.587375e+002  1.033017e-005
 2.593563e+002  1.204814e-005
 2.599750e+002  1.358279e-005
 2.605938e+002  1.000679e-005
 2.612125e+002  9.112753e-006
 2.618313e+002  1.093082e-005
 2.624500e+002  9.477001e-006
 2.630688e+002  6.927042e-006
 2.636875e+002  8.143626e-006
 2.643063e+002  8.735580e-006
 2.649250e+002  7.777443e-006
 2.655438e+002  1.360982e-005
 2.661625e+002  1.619699e-005
 2.667813e+002  1.022090e-005
 2.674000e+002  9.612637e-006
 2.680188e+002  8.895891e-006
 2.686375e+002  9.521884e-006
 2.692563e+002  1.175495e-005
 2.698750e+002  1.161018e-005
 2.704938e+002  1.118539e-005
 2.711125e+002  1.123000e-005
 2.717313e+002  1.321047e-005
 2.723500e+002  1.151649e-005
 2.729688e+002  7.836850e-006
 2.735875e+002  8.955187e-006
 2.742063e+002  1.207460e-005
 2.748250e+002  9.989908e-006
 2.754438e+002  1.043640e-005
 2.760625e+002  1.190534e-005
 2.766813e+002  8.514625e-006
 2.773000e+002  9.347347e-006
 2.779188e+002  1.062751e-005
 2.785375e+002  8.907881e-006
 2.791563e+002  8.816696e-006
 2.797750e+002  9.527882e-006
 2.803938e+002  1.068040e-005
 2.810125e+002  1.209243e-005
 2.816313e+002  6.875321e-005
 2.822500e+002  1.246550e-004
 2.828688e+002  1.138065e-004
 2.834875e+002  1.659076e-004
 2.841063e+002  8.202840e-005
 2.847250e+002  1.244176e-004
 2.853438e+002  1.703289e-004
 2.859625e+002  7.067223e-005
 2.865813e+002  1.270318e-005
 2.872000e+002  1.156042e-005
 2.878188e+002  1.464829e-005
 2.884375e+002  1.422180e-005
 2.890563e+002  1.221584e-005
 2.896750e+002  9.008619e-006
 2.902938e+002  8.978505e-006
 2.909125e+002  1.000557e-005
 2.915313e+002  1.051384e-005
 2.921500e+002  9.877330e-006
 2.927688e+002  8.398390e-006
 2.933875e+002  1.166937e-005
 2.940063e+002  1.488847e-005
 2.946250e+002  1.125766e-005
 2.952438e+002  9.992465e-006
 2.958625e+002  1.269110e-005
 2.964813e+002  1.517053e-005
 2.971000e+002  2.609879e-005
 2.977188e+002  2.248060e-005
 2.983375e+002  1.582865e-005
 2.989563e+002  2.905973e-005
 2.995750e+002  6.357769e-004
 3.001938e+002  1.066964e-003
 3.008125e+002  4.443635e-004
 3.014313e+002  1.850493e-005
 3.020500e+002  1.073361e-005
 3.026688e+002  7.423691e-006
 3.032875e+002  9.344859e-006
 3.039063e+002  1.289172e-005
 3.045250e+002  1.082755e-005
 3.051438e+002  8.133969e-006
 3.057625e+002  7.339002e-006
 3.063813e+002  7.854289e-006
 3.070000e+002  8.562516e-006
 3.076188e+002  9.219902e-006
 3.082375e+002  1.152201e-005
 3.088563e+002  8.938761e-006
 3.094750e+002  9.788343e-006
 3.100938e+002  1.447808e-005
 3.107125e+002  1.061000e-005
 3.113313e+002  9.432543e-006
 3.119500e+002  1.059781e-005
 3.125688e+002  7.663038e-006
 3.131875e+002  7.515977e-006
 3.138063e+002  1.043575e-005
 3.144250e+002  1.029741e-005
 3.150437e+002  1.131467e-005
 3.156625e+002  1.095815e-005
 3.162812e+002  1.041411e-005
 3.169000e+002  8.247965e-006
 3.175187e+002  8.134290e-006
 3.181375e+002  1.256206e-005
 3.187562e+002  1.871162e-005
 3.193750e+002  1.569364e-005
 3.199937e+002  1.990323e-005
 3.206125e+002  1.751230e-005
 3.212312e+002  1.531019e-005
 3.218500e+002  1.208169e-005
 3.224687e+002  1.111280e-005
 3.230875e+002  9.469566e-006
 3.237062e+002  1.339576e-005
 3.243250e+002  1.314072e-005
 3.249437e+002  8.514583e-006
 3.255625e+002  8.251549e-006
 3.261812e+002  1.006893e-005
 3.268000e+002  8.790000e-006
 3.274187e+002  8.893353e-006
 3.280375e+002  8.858522e-006
 3.286562e+002  1.102449e-005
 3.292750e+002  1.308537e-005
 3.298937e+002  1.571239e-005
 3.305125e+002  1.170384e-005
 3.311312e+002  9.969225e-006
 3.317500e+002  1.139858e-005
 3.323687e+002  9.916572e-006
 3.329875e+002  9.977759e-006
 3.336062e+002  1.117655e-005
 3.342250e+002  1.098611e-005
 3.348437e+002  7.856296e-006
 3.354625e+002  7.072483e-006
 3.360812e+002  9.835341e-006
 3.367000e+002  8.075210e-006
 3.373187e+002  9.422988e-006
 3.379375e+002  1.099217e-005
 3.385562e+002  8.712469e-006
 3.391750e+002  8.157663e-006
 3.397937e+002  1.072609e-005
 3.404125e+002  1.165673e-005
 3.410312e+002  9.245937e-006
 3.416500e+002  1.128359e-005
 3.422687e+002  1.096312e-005
 3.428875e+002  7.622171e-006
 3.435062e+002  9.023248e-006
 3.441250e+002  1.207340e-005
 3.447437e+002  7.557835e-006
 3.453625e+002  9.556092e-006
 3.459812e+002  1.362771e-005
 3.466000e+002  1.085812e-005
 3.472187e+002  1.073601e-005
 3.478375e+002  1.455391e-005
 3.484562e+002  2.679876e-005
 3.490750e+002  2.392118e-004
 3.496937e+002  8.631656e-004
 3.503125e+002  7.084652e-004
 3.509312e+002  9.708443e-005
 3.515500e+002  2.192601e-005
 3.521687e+002  1.335458e-005
 3.527875e+002  1.071736e-005
 3.534062e+002  9.263301e-006
 3.540250e+002  1.195784e-005
 3.546437e+002  9.777262e-006
 3.552625e+002  8.085797e-006
 3.558812e+002  1.467914e-005
 3.565000e+002  2.312392e-005
 3.571187e+002  2.486965e-005
 3.577375e+002  1.405636e-005
 3.583562e+002  1.196619e-005
 3.589750e+002  2.629917e-005
 3.595937e+002  6.376519e-004
 3.602125e+002  1.083048e-003
 3.608312e+002  4.557024e-004
 3.614500e+002  1.843847e-005
 3.620687e+002  1.094291e-005
 3.626875e+002  8.601581e-006
 3.633062e+002  8.483360e-006
 3.639250e+002  9.561907e-006
 3.645437e+002  7.861928e-006
 3.651625e+002  7.042864e-006
 3.657812e+002  1.122795e-005
 3.664000e+002  9.772348e-006
 3.670187e+002  1.139396e-005
 3.676375e+002  1.242741e-005
 3.682562e+002  9.506584e-006
 3.688750e+002  8.976634e-006
 3.694937e+002  1.060362e-005
 3.701125e+002  1.389817e-005
 3.707312e+002  1.006023e-005
 3.713500e+002  8.804435e-006
 3.719687e+002  1.038829e-005
 3.725875e+002  9.493135e-006
 3.732062e+002  9.597469e-006
 3.738250e+002  1.560461e-005
 3.744437e+002  1.434096e-005
 3.750625e+002  9.797767e-006
 3.756812e+002  1.020048e-005
 3.763000e+002  1.022889e-005
 3.769187e+002  1.067704e-005
 3.775375e+002  9.622644e-006
 3.781562e+002  7.585375e-006
 3.787750e+002  9.829639e-006
 3.793937e+002  1.020922e-005
 3.800125e+002  1.192382e-005
 3.806312e+002  1.100227e-005
 3.812500e+002  1.088559e-005
 3.818687e+002  1.348519e-005
 3.824875e+002  1.202723e-005
 3.831062e+002  1.034793e-005
 3.837250e+002  1.874084e-005
 3.843437e+002  1.648368e-005
 3.849625e+002  9.336340e-006
 3.855812e+002  1.232136e-005
 3.862000e+002  1.118648e-005
 3.868187e+002  8.787900e-006
 3.874375e+002  1.190744e-005
 3.880562e+002  1.440864e-005
 3.886750e+002  1.213016e-005
 3.892937e+002  1.599932e-005
 3.899125e+002  1.760299e-005
 3.905312e+002  1.100268e-005
 3.911500e+002  1.007149e-005
 3.917687e+002  1.183540e-005
 3.923875e+002  1.224103e-005
 3.930062e+002  1.055397e-005
 3.936250e+002  1.027243e-005
 3.942437e+002  1.024185e-005
 3.948625e+002  8.745320e-006
 3.954812e+002  1.023779e-005
 3.961000e+002  1.054293e-005
 3.967187e+002  8.527004e-006
 3.973375e+002  7.820505e-006
 3.979562e+002  1.396430e-005
 3.985750e+002  1.187732e-005
 3.991937e+002  1.466342e-005
 3.998125e+002  3.801689e-005
 4.004312e+002  2.738887e-005
 4.010500e+002  9.848743e-006
 4.016687e+002  1.193163e-005
 4.022875e+002  1.170774e-005
 4.029062e+002  8.322110e-006
 4.035250e+002  8.804903e-006
 4.041437e+002  1.019238e-005
 4.047625e+002  9.137180e-006
 4.053812e+002  8.886888e-006
 4.060000e+002  9.840359e-006
 4.066187e+002  6.864665e-006
 4.072375e+002  7.274025e-006
 4.078562e+002  1.035427e-005
 4.084750e+002  9.353935e-006
 4.090937e+002  1.003212e-005
 4.097125e+002  1.189480e-005
 4.103312e+002  1.094317e-005
 4.109500e+002  1.278293e-005
 4.115687e+002  1.366927e-005
 4.121875e+002  1.480108e-005
 4.128062e+002  1.085394e-005
 4.134250e+002  9.496825e-006
 4.140437e+002  9.944022e-006
 4.146625e+002  9.132183e-006
 4.152812e+002  9.593516e-006
 4.159000e+002  1.875572e-005
 4.165187e+002  2.195441e-005
 4.171375e+002  9.713250e-006
 4.177562e+002  8.967577e-006
 4.183750e+002  1.012801e-005
 4.189937e+002  2.533325e-005
 4.196125e+002  6.345205e-004
 4.202312e+002  1.090725e-003
 4.208500e+002  4.651603e-004
 4.214687e+002  2.009337e-005
 4.220875e+002  1.423894e-005
 4.227062e+002  1.032221e-005
 4.233250e+002  8.849338e-006
 4.239437e+002  1.625823e-005
 4.245625e+002  5.889352e-005
 4.251812e+002  9.288620e-005
 4.258000e+002  5.260523e-005
 4.264187e+002  1.895181e-005
 4.270375e+002  4.733319e-005
 4.276562e+002  1.036417e-004
 4.282750e+002  7.973224e-005
 4.288937e+002  2.502406e-005
 4.295125e+002  9.847121e-006
 4.301312e+002  1.073959e-005
 4.307500e+002  1.030719e-005
 4.313687e+002  9.014526e-006
 4.319875e+002  9.132070e-006
 4.326062e+002  8.064049e-006
 4.332250e+002  7.841198e-006
 4.338437e+002  1.101656e-005
 4.344625e+002  1.002484e-005
 4.350812e+002  9.315631e-006
 4.357000e+002  9.165592e-006
 4.363187e+002  9.906036e-006
 4.369375e+002  1.056810e-005
 4.375562e+002  1.300314e-005
 4.381750e+002  1.246001e-005
 4.387937e+002  9.145335e-006
 4.394125e+002  9.283520e-006
 4.400312e+002  9.476969e-006
 4.406500e+002  1.066081e-005
 4.412687e+002  1.003885e-005
 4.418875e+002  7.970905e-006
 4.425062e+002  8.267331e-006
 4.431250e+002  1.061511e-005
 4.437437e+002  1.315708e-005
 4.443625e+002  1.172730e-005
 4.449812e+002  8.107073e-006
 4.456000e+002  8.899465e-006
 4.462187e+002  1.205431e-005
 4.468375e+002  8.469348e-006
 4.474562e+002  1.243645e-005
 4.480750e+002  1.769543e-005
 4.486937e+002  1.266295e-005
 4.493125e+002  2.056866e-004
 4.499312e+002  3.668936e-004
 4.505500e+002  1.652930e-004
 4.511687e+002  1.172477e-005
 4.517875e+002  1.076535e-005
 4.524062e+002  1.102309e-005
 4.530250e+002  1.112195e-005
 4.536437e+002  1.149737e-005
 4.542625e+002  1.133446e-005
 4.548812e+002  9.971347e-006
 4.555000e+002  9.584509e-006
 4.561187e+002  1.090343e-005
 4.567375e+002  9.381904e-006
 4.573562e+002  1.195797e-005
 4.579750e+002  1.359237e-005
 4.585937e+002  1.072655e-005
 4.592125e+002  1.004934e-005
 4.598312e+002  1.269118e-005
 4.604500e+002  1.800597e-005
 4.610687e+002  1.458429e-005
 4.616875e+002  9.388971e-006
 4.623062e+002  9.907106e-006
 4.629250e+002  1.210942e-005
 4.635437e+002  1.475422e-005
 4.641625e+002  1.219412e-005
 4.647812e+002  1.021122e-005
 4.654000e+002  9.914203e-006
 4.660187e+002  1.088659e-005
 4.666375e+002  9.552313e-006
 4.672562e+002  8.935359e-006
 4.678750e+002  9.617684e-006
 4.684937e+002  9.232105e-006
 4.691125e+002  8.187926e-006
 4.697312e+002  1.165687e-005
 4.703500e+002  1.145907e-005
 4.709687e+002  8.281733e-006
 4.715875e+002  1.000398e-005
 4.722062e+002  1.205225e-005
 4.728250e+002  1.164915e-005
 4.734437e+002  1.040801e-005
 4.740625e+002  1.094451e-005
 4.746812e+002  9.550895e-006
 4.753000e+002  1.631071e-005
 4.759187e+002  2.301309e-005
 4.765375e+002  1.347391e-005
 4.771562e+002  1.140681e-005
 4.777750e+002  1.034662e-005
 4.783937e+002  9.229977e-006
 4.790125e+002  2.304675e-005
 4.796312e+002  6.267402e-004
 4.802500e+002  1.091552e-003
 4.808687e+002  4.740590e-004
 4.814875e+002  1.610717e-005
 4.821062e+002  1.081130e-005
 4.827250e+002  1.012177e-005
 4.833437e+002  8.354894e-006
 4.839625e+002  9.424995e-006
 4.845812e+002  9.109731e-006
 4.852000e+002  1.015876e-005
 4.858187e+002  1.439641e-005
 4.864375e+002  1.305607e-005
 4.870562e+002  1.188916e-005
 4.876750e+002  1.128084e-005
 4.882937e+002  9.257308e-006
 4.889125e+002  8.643835e-006
 4.895312e+002  1.005466e-005
 4.901500e+002  9.151513e-006
 4.907687e+002  8.520635e-006
 4.913875e+002  9.654734e-006
 4.920062e+002  9.943164e-006
 4.926250e+002  1.174029e-005
 4.932437e+002  1.341333e-005
 4.938625e+002  1.264640e-005
 4.944812e+002  1.361747e-005
 4.951000e+002  1.215406e-005
 4.957187e+002  1.104672e-005
 4.963375e+002  9.701623e-006
 4.969562e+002  1.015352e-005
 4.975750e+002  1.203938e-005
 4.981937e+002  1.138296e-005
 4.988125e+002  1.231784e-005
 4.994312e+002  5.612143e-005
 5.000500e+002  7.285037e-005
 5.006687e+002  2.570723e-005
 5.012875e+002  1.068056e-005
 5.019062e+002  1.351425e-005
 5.025250e+002  1.055157e-005
 5.031437e+002  9.557175e-006
 5.037625e+002  8.681714e-006
 5.043812e+002  9.229051e-006
 5.050000e+002  1.109219e-005
 5.056187e+002  1.031992e-005
 5.062375e+002  9.920505e-006
 5.068562e+002  9.218971e-006
 5.074750e+002  1.109714e-005
 5.080937e+002  1.454193e-005
 5.087125e+002  1.127489e-005
 5.093312e+002  9.708213e-006
 5.099500e+002  1.035270e-005
 5.105687e+002  6.841227e-006
 5.111875e+002  8.526951e-006
 5.118062e+002  1.504070e-005
 5.124250e+002  1.262561e-005
 5.130437e+002  1.016951e-005
 5.136625e+002  1.162942e-005
 5.142812e+002  9.089136e-006
 5.149000e+002  6.506924e-006
 5.155187e+002  8.942524e-006
 5.161375e+002  1.198609e-005
 5.167562e+002  1.034821e-005
 5.173750e+002  9.613386e-006
 5.179937e+002  1.106404e-005
 5.186125e+002  1.084644e-005
 5.192312e+002  8.479736e-006
 5.198500e+002  8.517856e-006
 5.204687e+002  8.532436e-006
 5.210875e+002  9.200087e-006
 5.217062e+002  1.338412e-005
 5.223250e+002  1.129149e-005
 5.229437e+002  7.276131e-006
 5.235625e+002  9.517464e-006
 5.241812e+002  1.070727e-005
 5.248000e+002  8.553118e-006
 5.254187e+002  8.704345e-006
 5.260375e+002  1.154594e-005
 5.266562e+002  9.047216e-006
 5.272750e+002  8.794235e-006
 5.278937e+002  1.078256e-005
 5.285125e+002  1.048737e-005
 5.291312e+002  7.964441e-006
 5.297500e+002  8.821648e-006
 5.303687e+002  8.968971e-006
 5.309875e+002  1.192217e-005
 5.316062e+002  1.527949e-005
 5.322250e+002  1.193601e-005
 5.328437e+002  7.531310e-006
 5.334625e+002  9.423901e-006
 5.340812e+002  1.159026e-005
 5.347000e+002  1.479031e-005
 5.353187e+002  1.694116e-005
 5.359375e+002  1.227115e-005
 5.365562e+002  8.807339e-006
 5.371750e+002  8.758952e-006
 5.377937e+002  8.693927e-006
 5.384125e+002  8.997936e-006
 5.390312e+002  1.944013e-005
 5.396500e+002  6.124216e-004
 5.402687e+002  1.079460e-003
 5.408875e+002  4.728615e-004
 5.415062e+002  1.671840e-005
 5.421250e+002  1.116355e-005
 5.427437e+002  8.107531e-006
 5.433625e+002  8.496159e-006
 5.439812e+002  9.747986e-006
 5.446000e+002  8.726415e-006
 5.452187e+002  7.422344e-006
 5.458375e+002  8.945174e-006
 5.464562e+002  1.008078e-005
 5.470750e+002  9.599613e-006
 5.476937e+002  1.095525e-005
 5.483125e+002  1.206168e-005
 5.489312e+002  8.249920e-005
 5.495500e+002  3.926817e-004
 5.501687e+002  3.927720e-004
 5.507875e+002  8.178204e-005
 5.514062e+002  1.564877e-005
 5.520250e+002  1.045905e-005
 5.526437e+002  1.096714e-005
 5.532625e+002  9.453702e-006
 5.538812e+002  1.077669e-005
 5.545000e+002  1.065915e-005
 5.551187e+002  9.636182e-006
 5.557375e+002  8.321197e-006
 5.563562e+002  7.736492e-006
 5.569750e+002  8.427909e-006
 5.575937e+002  8.280319e-006
 5.582125e+002  8.426798e-006
 5.588312e+002  8.327473e-006
 5.594500e+002  9.116414e-006
 5.600687e+002  8.448325e-006
 5.606875e+002  7.947195e-006
 5.613062e+002  9.059514e-006
 5.619250e+002  9.349044e-006
 5.625437e+002  8.082005e-006
 5.631625e+002  8.045802e-006
 5.637812e+002  3.815089e-005
 5.644000e+002  7.790751e-005
 5.650187e+002  4.179029e-005
 5.656375e+002  1.670950e-005
 5.662562e+002  3.945448e-005
 5.668750e+002  5.629580e-005
 5.674937e+002  3.191783e-005
 5.681125e+002  1.110061e-005
 5.687312e+002  1.095166e-005
 5.693500e+002  1.975268e-005
 5.699687e+002  5.026323e-005
 5.705875e+002  5.911032e-005
 5.712062e+002  3.347622e-005
 5.718250e+002  1.395070e-005
 5.724437e+002  1.167939e-005
 5.730625e+002  9.498152e-006
 5.736812e+002  8.003240e-006
 5.743000e+002  1.017407e-005
 5.749187e+002  1.165053e-005
 5.755375e+002  1.209946e-005
 5.761562e+002  1.373434e-005
 5.767750e+002  1.239394e-005
 5.773937e+002  1.071519e-005
 5.780125e+002  1.077087e-005
 5.786312e+002  1.052985e-005
 5.792500e+002  8.933538e-006
 5.798687e+002  9.440606e-006
 5.804875e+002  1.052373e-005
 5.811062e+002  1.037408e-005
 5.817250e+002  1.024329e-005
 5.823437e+002  9.324970e-006
 5.829625e+002  9.629443e-006
 5.835812e+002  1.215996e-005
 5.842000e+002  2.023652e-005
 5.848187e+002  3.274955e-005
 5.854375e+002  2.085753e-005
 5.860562e+002  1.232218e-005
 5.866750e+002  1.025821e-005
 5.872937e+002  8.867024e-006
 5.879125e+002  1.204995e-005
 5.885312e+002  1.014581e-005
 5.891500e+002  9.021849e-006
 5.897687e+002  9.327122e-006
 5.903875e+002  8.156594e-006
 5.910062e+002  8.359805e-006
 5.916250e+002  1.062912e-005
 5.922437e+002  1.021730e-005
 5.928625e+002  8.757847e-006
 5.934812e+002  7.056652e-006
 5.941000e+002  1.271973e-005
 5.947187e+002  1.896834e-005
 5.953375e+002  1.198351e-005
 5.959562e+002  8.813585e-006
 5.965750e+002  7.935670e-006
 5.971937e+002  8.372598e-006
 5.978125e+002  8.161228e-006
 5.984312e+002  1.027079e-005
 5.990500e+002  2.491253e-005
 5.996687e+002  6.021970e-004
 6.002875e+002  1.070075e-003
 6.009062e+002  4.757158e-004
 6.015250e+002  1.667360e-005
 6.021437e+002  1.846478e-005
 6.027625e+002  1.695012e-005
 6.033812e+002  1.219942e-005
 6.040000e+002  1.173169e-005
 6.046187e+002  9.203445e-006
 6.052375e+002  8.952138e-006
 6.058562e+002  1.397559e-005
 6.064750e+002  1.233716e-005
 6.070937e+002  1.170331e-005
 6.077125e+002  1.069080e-005
 6.083312e+002  1.108071e-005
 6.089500e+002  9.793742e-006
 6.095687e+002  9.791263e-006
 6.101875e+002  9.417573e-006
 6.108062e+002  9.097810e-006
 6.114250e+002  9.210187e-006
 6.120437e+002  1.182908e-005
 6.126625e+002  1.058386e-005
 6.132812e+002  7.752982e-006
 6.139000e+002  9.482770e-006
 6.145187e+002  8.767738e-006
 6.151375e+002  8.349136e-006
 6.157562e+002  1.045447e-005
 6.163750e+002  9.470191e-006
 6.169937e+002  9.028347e-006
 6.176125e+002  8.480367e-006
 6.182312e+002  8.338122e-006
 6.188500e+002  8.634006e-006
 6.194687e+002  1.121316e-005
 6.200875e+002  1.262613e-005
 6.207062e+002  1.007644e-005
 6.213250e+002  8.327826e-006
 6.219437e+002  8.793415e-006
 6.225625e+002  9.459363e-006
 6.231812e+002  1.003881e-005
 6.238000e+002  9.174762e-006
 6.244187e+002  7.521640e-006
 6.250375e+002  8.133239e-006
 6.256562e+002  1.037078e-005
 6.262750e+002  1.135405e-005
 6.268937e+002  8.362990e-006
 6.275125e+002  9.448471e-006
 6.281312e+002  8.149740e-006
 6.287500e+002  7.582596e-006
 6.293687e+002  8.756993e-006
 6.299875e+002  1.196177e-005
 6.306062e+002  1.101425e-005
 6.312250e+002  9.448215e-006
 6.318437e+002  8.349107e-006
 6.324625e+002  9.431174e-006
 6.330812e+002  9.394949e-006
 6.337000e+002  1.055662e-005
 6.343187e+002  1.068363e-005
 6.349375e+002  8.643792e-006
 6.355562e+002  1.028054e-005
 6.361750e+002  1.109492e-005
 6.367937e+002  8.383947e-006
 6.374125e+002  9.371679e-006
 6.380312e+002  1.045746e-005
 6.386500e+002  9.015033e-006
 6.392687e+002  9.196859e-006
 6.398875e+002  1.357365e-005
 6.405062e+002  1.203039e-005
 6.411250e+002  7.512860e-006
 6.417437e+002  8.609460e-006
 6.423625e+002  8.289233e-006
 6.429812e+002  8.679183e-006
 6.436000e+002  9.028381e-006
 6.442187e+002  8.922085e-006
 6.448375e+002  9.037574e-006
 6.454562e+002  8.924268e-006
 6.460750e+002  8.899879e-006
 6.466937e+002  9.516453e-006
 6.473125e+002  9.252770e-006
 6.479312e+002  8.871893e-006
 6.485500e+002  8.513247e-006
 6.491687e+002  3.234207e-005
 6.497875e+002  7.103507e-005
 6.504062e+002  4.160532e-005
 6.510250e+002  8.293439e-006
 6.516437e+002  8.011198e-006
 6.522625e+002  1.013613e-005
 6.528812e+002  6.676257e-006
 6.535000e+002  9.417855e-006
 6.541187e+002  1.536189e-005
 6.547375e+002  1.272852e-005
 6.553562e+002  9.150406e-006
 6.559750e+002  1.051457e-005
 6.565937e+002  1.057921e-005
 6.572125e+002  1.190389e-005
 6.578312e+002  1.199234e-005
 6.584500e+002  9.805634e-006
 6.590687e+002  1.561975e-005
 6.596875e+002  5.818041e-004
 6.603062e+002  1.052271e-003
 6.609250e+002  4.752353e-004
 6.615437e+002  1.218366e-005
 6.621625e+002  9.883533e-006
 6.627812e+002  8.238414e-006
 6.634000e+002  1.053562e-005
 6.640187e+002  9.380158e-006
 6.646375e+002  7.091089e-006
 6.652562e+002  6.347005e-006
 6.658750e+002  9.720450e-006
 6.664937e+002  8.803081e-006
 6.671125e+002  9.339634e-006
 6.677312e+002  8.977145e-006
 6.683500e+002  8.714769e-006
 6.689687e+002  1.032401e-005
 6.695875e+002  1.014409e-005
 6.702062e+002  8.965787e-006
 6.708250e+002  7.970548e-006
 6.714437e+002  1.027499e-005
 6.720625e+002  1.187408e-005
 6.726812e+002  1.286033e-005
 6.733000e+002  1.350974e-005
 6.739187e+002  1.121093e-005
 6.745375e+002  9.641907e-006
 6.751562e+002  9.394555e-006
 6.757750e+002  8.731010e-006
 6.763937e+002  9.133484e-006
 6.770125e+002  8.590765e-006
 6.776312e+002  1.104627e-005
 6.782500e+002  1.210500e-005
 6.788687e+002  8.528035e-006
 6.794875e+002  9.217424e-006
 6.801062e+002  1.081275e-005
 6.807250e+002  9.300803e-006
 6.813437e+002  7.976265e-006
 6.819625e+002  9.539305e-006
 6.825812e+002  7.908911e-006
 6.832000e+002  7.031823e-006
 6.838187e+002  9.138585e-006
 6.844375e+002  1.123200e-005
 6.850562e+002  1.027096e-005
 6.856750e+002  9.788092e-006
 6.862937e+002  7.843424e-006
 6.869125e+002  6.820994e-006
 6.875312e+002  9.912837e-006
 6.881500e+002  1.035329e-005
 6.887687e+002  7.244065e-006
 6.893875e+002  7.698685e-006
 6.900062e+002  8.771108e-006
 6.906250e+002  7.162444e-006
 6.912437e+002  6.852202e-006
 6.918625e+002  7.798625e-006
 6.924812e+002  7.896439e-006
 6.931000e+002  7.882966e-006
 6.937187e+002  9.240677e-006
 6.943375e+002  1.071252e-005
 6.949562e+002  8.915152e-006
 6.955750e+002  8.800914e-006
 6.961937e+002  9.158341e-006
 6.968125e+002  9.119017e-006
 6.974312e+002  8.480196e-006
 6.980500e+002  8.473483e-006
 6.986687e+002  1.020406e-005
 6.992875e+002  6.087921e-005
 6.999062e+002  1.006166e-004
 7.005250e+002  4.350229e-005
 7.011437e+002  8.028710e-006
 7.017625e+002  1.292906e-005
 7.023812e+002  1.270120e-005
 7.030000e+002  8.393286e-006
 7.036187e+002  1.064039e-005
 7.042375e+002  1.066901e-005
 7.048562e+002  7.887889e-006
 7.054750e+002  9.403195e-006
 7.060937e+002  1.186765e-005
 7.067125e+002  9.255129e-006
 7.073312e+002  1.128260e-005
 7.079500e+002  2.436624e-005
 7.085687e+002  3.290624e-005
 7.091875e+002  2.286757e-005
 7.098062e+002  1.204806e-005
 7.104250e+002  1.080604e-005
 7.110437e+002  9.951605e-006
 7.116625e+002  1.107920e-005
 7.122812e+002  2.240201e-005
 7.129000e+002  3.772734e-005
 7.135187e+002  3.336455e-005
 7.141375e+002  1.699230e-005
 7.147562e+002  8.999751e-006
 7.153750e+002  6.815762e-006
 7.159937e+002  8.071247e-006
 7.166125e+002  7.756527e-006
 7.172312e+002  8.187297e-006
 7.178500e+002  7.119539e-006
 7.184687e+002  9.594704e-006
 7.190875e+002  1.738607e-005
 7.197062e+002  5.626844e-004
 7.203250e+002  1.029371e-003
 7.209437e+002  4.696422e-004
 7.215625e+002  1.216430e-005
 7.221812e+002  1.017163e-005
 7.228000e+002  7.981809e-006
 7.234187e+002  8.613821e-006
 7.240375e+002  9.202148e-006
 7.246562e+002  7.283567e-006
 7.252750e+002  9.332902e-006
 7.258937e+002  1.114062e-005
 7.265125e+002  7.176064e-006
 7.271312e+002  8.295030e-006
 7.277500e+002  8.913775e-006
 7.283687e+002  7.843426e-006
 7.289875e+002  9.360627e-006
 7.296062e+002  1.090243e-005
 7.302250e+002  9.644169e-006
 7.308437e+002  7.721151e-006
 7.314625e+002  7.888029e-006
 7.320812e+002  7.044457e-006
 7.327000e+002  7.361869e-006
 7.333187e+002  8.102507e-006
 7.339375e+002  8.075452e-006
 7.345562e+002  8.844410e-006
 7.351750e+002  8.711592e-006
 7.357937e+002  1.065005e-005
 7.364125e+002  1.149112e-005
 7.370312e+002  9.667601e-006
 7.376500e+002  9.215010e-006
 7.382687e+002  6.592938e-006
 7.388875e+002  7.006812e-006
 7.395062e+002  9.747868e-006
 7.401250e+002  1.080085e-005
 7.407437e+002  1.141243e-005
 7.413625e+002  1.173975e-005
 7.419812e+002  1.178883e-005
 7.426000e+002  9.155019e-006
 7.432187e+002  1.163348e-005
 7.438375e+002  1.236933e-005
 7.444562e+002  1.138354e-005
 7.450750e+002  9.180999e-006
 7.456937e+002  7.103352e-006
 7.463125e+002  6.044821e-006
 7.469312e+002  7.173563e-006
 7.475500e+002  8.800339e-006
 7.481687e+002  1.058488e-005
 7.487875e+002  3.723296e-005
 7.494062e+002  2.340158e-004
 7.500250e+002  2.868908e-004
 7.506437e+002  8.424277e-005
 7.512625e+002  1.187337e-005
 7.518812e+002  9.592395e-006
 7.525000e+002  7.981177e-006
 7.531187e+002  1.041728e-005
 7.537375e+002  8.543875e-006
 7.543562e+002  9.239304e-006
 7.549750e+002  9.503946e-006
 7.555937e+002  9.764130e-006
 7.562125e+002  8.828476e-006
 7.568312e+002  8.367879e-006
 7.574500e+002  8.687629e-006
 7.580687e+002  9.353496e-006
 7.586875e+002  8.856469e-006
 7.593062e+002  7.839136e-006
 7.599250e+002  8.559409e-006
 7.605437e+002  9.376813e-006
 7.611625e+002  8.498023e-006
 7.617812e+002  8.551907e-006
 7.624000e+002  8.618610e-006
 7.630187e+002  8.852087e-006
 7.636375e+002  9.450736e-006
 7.642562e+002  8.742871e-006
 7.648750e+002  7.190348e-006
 7.654937e+002  7.323206e-006
 7.661125e+002  7.793576e-006
 7.667312e+002  7.722049e-006
 7.673500e+002  7.042259e-006
 7.679687e+002  9.746680e-006
 7.685875e+002  1.063610e-005
 7.692062e+002  1.003316e-005
 7.698250e+002  1.049216e-005
 7.704437e+002  9.761423e-006
 7.710625e+002  9.069468e-006
 7.716812e+002  8.734797e-006
 7.723000e+002  8.649592e-006
 7.729187e+002  1.493708e-005
 7.735375e+002  1.424701e-005
 7.741562e+002  1.022163e-005
 7.747750e+002  9.426792e-006
 7.753937e+002  9.276480e-006
 7.760125e+002  8.959768e-006
 7.766312e+002  7.845869e-006
 7.772500e+002  9.027382e-006
 7.778687e+002  9.037013e-006
 7.784875e+002  9.924849e-006
 7.791062e+002  1.476343e-005
 7.797250e+002  5.446344e-004
 7.803437e+002  1.006789e-003
 7.809625e+002  4.677113e-004
 7.815812e+002  1.126938e-005
 7.822000e+002  1.027817e-005
 7.828187e+002  7.709381e-006
 7.834375e+002  1.167004e-005
 7.840562e+002  1.167740e-005
 7.846750e+002  1.091139e-005
 7.852937e+002  1.022018e-005
 7.859125e+002  9.292054e-006
 7.865312e+002  7.688462e-006
 7.871500e+002  8.260040e-006
 7.877687e+002  1.046346e-005
 7.883875e+002  8.751746e-006
 7.890062e+002  7.290492e-006
 7.896250e+002  9.445159e-006
 7.902437e+002  8.587233e-006
 7.908625e+002  8.971403e-006
 7.914812e+002  8.494984e-006
 7.921000e+002  7.147437e-006
 7.927187e+002  7.342877e-006
 7.933375e+002  9.048679e-006
 7.939562e+002  8.655448e-006
 7.945750e+002  7.531033e-006
 7.951937e+002  8.332885e-006
 7.958125e+002  9.608748e-006
 7.964312e+002  1.017163e-005
 7.970500e+002  9.345147e-006
 7.976687e+002  9.222655e-006
 7.982875e+002  8.934540e-006
 7.989062e+002  1.754386e-005
 7.995250e+002  5.904672e-005
 8.001437e+002  5.165078e-005
 8.007625e+002  1.128421e-005
 8.013812e+002  8.231919e-006
 8.020000e+002  7.149590e-006
 8.026187e+002  8.758994e-006
 8.032375e+002  1.018624e-005
 8.038562e+002  1.083836e-005
 8.044750e+002  1.073449e-005
 8.050937e+002  9.460756e-006
 8.057125e+002  8.760090e-006
 8.063312e+002  8.602925e-006
 8.069500e+002  7.659405e-006
 8.075687e+002  6.679928e-006
 8.081875e+002  8.305225e-006
 8.088062e+002  8.418424e-006
 8.094250e+002  9.121045e-006
 8.100437e+002  8.990115e-006
 8.106625e+002  7.110588e-006
 8.112812e+002  7.061731e-006
 8.119000e+002  9.488103e-006
 8.125187e+002  9.793678e-006
 8.131375e+002  9.723047e-006
 8.137562e+002  9.074924e-006
 8.143750e+002  1.294462e-005
 8.149937e+002  1.457052e-005
 8.156125e+002  1.105409e-005
 8.162312e+002  8.011000e-006
 8.168500e+002  7.617947e-006
 8.174687e+002  8.794971e-006
 8.180875e+002  7.631348e-006
 8.187062e+002  7.257998e-006
 8.193250e+002  1.039613e-005
 8.199437e+002  1.106981e-005
 8.205625e+002  1.089423e-005
 8.211812e+002  1.084742e-005
 8.218000e+002  1.174274e-005
 8.224187e+002  9.382371e-006
 8.230375e+002  9.852625e-006
 8.236562e+002  1.088462e-005
 8.242750e+002  1.022643e-005
 8.248937e+002  8.546330e-006
 8.255125e+002  9.792449e-006
 8.261312e+002  1.240988e-005
 8.267500e+002  1.061532e-005
 8.273687e+002  1.001087e-005
 8.279875e+002  9.711428e-006
 8.286062e+002  8.116968e-006
 8.292250e+002  8.309137e-006
 8.298437e+002  9.620187e-006
 8.304625e+002  1.116872e-005
 8.310812e+002  1.039075e-005
 8.317000e+002  1.242148e-005
 8.323187e+002  1.064836e-005
 8.329375e+002  9.797911e-006
 8.335562e+002  9.610136e-006
 8.341750e+002  1.153071e-005
 8.347937e+002  9.376535e-006
 8.354125e+002  1.043814e-005
 8.360312e+002  9.262966e-006
 8.366500e+002  7.622168e-006
 8.372687e+002  8.797939e-006
 8.378875e+002  8.670362e-006
 8.385062e+002  8.014519e-006
 8.391250e+002  1.206300e-005
 8.397437e+002  5.252734e-004
 8.403625e+002  9.830350e-004
 8.409812e+002  4.597464e-004
 8.416000e+002  1.135221e-005
 8.422187e+002  8.468502e-006
 8.428375e+002  9.401945e-006
 8.434562e+002  9.302649e-006
 8.440750e+002  9.103293e-006
 8.446937e+002  7.520704e-006
 8.453125e+002  8.388994e-006
 8.459312e+002  3.845450e-005
 8.465500e+002  8.854225e-005
 8.471687e+002  5.330465e-005
 8.477875e+002  8.669988e-006
 8.484062e+002  1.558566e-005
 8.490250e+002  1.823753e-004
 8.496437e+002  5.141994e-004
 8.502625e+002  3.615135e-004
 8.508812e+002  4.012151e-005
 8.515000e+002  1.358231e-005
 8.521187e+002  8.810353e-006
 8.527375e+002  7.673695e-006
 8.533562e+002  8.619955e-006
 8.539750e+002  1.002367e-005
 8.545937e+002  1.444801e-005
 8.552125e+002  2.438867e-005
 8.558312e+002  2.649780e-005
 8.564500e+002  1.859594e-005
 8.570687e+002  9.380734e-006
 8.576875e+002  8.380372e-006
 8.583062e+002  8.912826e-006
 8.589250e+002  9.626638e-006
 8.595437e+002  8.464578e-006
 8.601625e+002  9.236404e-006
 8.607812e+002  9.297575e-006
 8.614000e+002  9.379094e-006
 8.620187e+002  1.018977e-005
 8.626375e+002  8.349346e-006
 8.632562e+002  8.666590e-006
 8.638750e+002  9.482078e-006
 8.644937e+002  1.043817e-005
 8.651125e+002  8.848328e-006
 8.657312e+002  8.803535e-006
 8.663500e+002  7.962323e-006
 8.669687e+002  7.658925e-006
 8.675875e+002  8.838942e-006
 8.682062e+002  8.897846e-006
 8.688250e+002  8.037267e-006
 8.694437e+002  1.099871e-005
 8.700625e+002  1.298096e-005
 8.706812e+002  1.116401e-005
 8.713000e+002  1.014347e-005
 8.719187e+002  7.888789e-006
 8.725375e+002  8.473278e-006
 8.731562e+002  1.089717e-005
 8.737750e+002  1.144722e-005
 8.743937e+002  9.157573e-006
 8.750125e+002  8.402289e-006
 8.756312e+002  8.495399e-006
 8.762500e+002  9.126503e-006
 8.768687e+002  8.063594e-006
 8.774875e+002  8.325723e-006
 8.781062e+002  1.074413e-005
 8.787250e+002  8.667053e-006
 8.793437e+002  6.841454e-006
 8.799625e+002  7.661163e-006
 8.805812e+002  8.738402e-006
 8.812000e+002  8.745858e-006
 8.818187e+002  7.164985e-006
 8.824375e+002  8.946945e-006
 8.830562e+002  9.678036e-006
 8.836750e+002  1.467428e-005
 8.842937e+002  1.261284e-005
 8.849125e+002  3.524976e-005
 8.855312e+002  3.868185e-005
 8.861500e+002  2.696069e-005
 8.867687e+002  1.633574e-005
 8.873875e+002  9.246746e-006
 8.880062e+002  1.022782e-005
 8.886250e+002  9.769706e-006
 8.892437e+002  9.854708e-006
 8.898625e+002  9.496826e-006
 8.904812e+002  1.115907e-005
 8.911000e+002  1.105743e-005
 8.917187e+002  1.260143e-005
 8.923375e+002  1.522143e-005
 8.929562e+002  9.528737e-006
 8.935750e+002  1.016445e-005
 8.941937e+002  8.606055e-006
 8.948125e+002  6.941611e-006
 8.954312e+002  1.065027e-005
 8.960500e+002  1.486555e-005
 8.966687e+002  1.073095e-005
 8.972875e+002  9.228639e-006
 8.979062e+002  1.149607e-005
 8.985250e+002  1.108809e-005
 8.991437e+002  4.023251e-005
 8.997625e+002  5.100001e-004
 9.003812e+002  9.582701e-004
 9.010000e+002  4.533960e-004
 9.016187e+002  9.538481e-006
 9.022375e+002  8.800028e-006
 9.028562e+002  7.796160e-006
 9.034750e+002  9.823636e-006
 9.040937e+002  1.162545e-005
 9.047125e+002  1.185869e-005
 9.053312e+002  1.387269e-005
 9.059500e+002  1.459238e-005
 9.065687e+002  1.021773e-005
 9.071875e+002  8.720992e-006
 9.078062e+002  9.523941e-006
 9.084250e+002  1.040814e-005
 9.090437e+002  1.011647e-005
 9.096625e+002  9.574285e-006
 9.102812e+002  8.107578e-006
 9.109000e+002  7.572097e-006
 9.115187e+002  8.771480e-006
 9.121375e+002  9.158748e-006
 9.127562e+002  8.151561e-006
 9.133750e+002  8.037599e-006
 9.139937e+002  9.700343e-006
 9.146125e+002  1.051663e-005
 9.152312e+002  1.130636e-005
 9.158500e+002  9.843946e-006
 9.164687e+002  7.301974e-006
 9.170875e+002  6.762946e-006
 9.177062e+002  8.077938e-006
 9.183250e+002  8.579410e-006
 9.189437e+002  7.792461e-006
 9.195625e+002  1.103896e-005
 9.201812e+002  1.255444e-005
 9.208000e+002  9.575766e-006
 9.214187e+002  9.409446e-006
 9.220375e+002  9.230385e-006
 9.226562e+002  7.946569e-006
 9.232750e+002  9.402525e-006
 9.238937e+002  1.081645e-005
 9.245125e+002  9.766794e-006
 9.251312e+002  1.089204e-005
 9.257500e+002  1.042605e-005
 9.263687e+002  9.254925e-006
 9.269875e+002  6.449811e-006
 9.276062e+002  9.198621e-006
 9.282250e+002  9.031727e-006
 9.288437e+002  8.662749e-006
 9.294625e+002  8.419645e-006
 9.300812e+002  9.142580e-006
 9.307000e+002  9.305776e-006
 9.313187e+002  8.106030e-006
 9.319375e+002  8.713147e-006
 9.325562e+002  9.250755e-006
 9.331750e+002  8.443634e-006
 9.337937e+002  8.608569e-006
 9.344125e+002  7.645188e-006
 9.350312e+002  8.898111e-006
 9.356500e+002  7.465740e-006
 9.362687e+002  7.815815e-006
 9.368875e+002  8.704166e-006
 9.375062e+002  9.320594e-006
 9.381250e+002  9.469019e-006
 9.387437e+002  1.120333e-005
 9.393625e+002  1.100153e-005
 9.399812e+002  8.513561e-006
 9.406000e+002  7.978864e-006
 9.412187e+002  8.240807e-006
 9.418375e+002  8.476669e-006
 9.424562e+002  5.974761e-006
 9.430750e+002  7.375778e-006
 9.436937e+002  1.082599e-005
 9.443125e+002  1.082653e-005
 9.449312e+002  8.483257e-006
 9.455500e+002  8.771285e-006
 9.461687e+002  1.117820e-005
 9.467875e+002  1.021438e-005
 9.474062e+002  1.066956e-005
 9.480250e+002  1.147357e-005
 9.486437e+002  2.434502e-005
 9.492625e+002  2.553315e-004
 9.498812e+002  3.785956e-004
 9.505000e+002  1.455180e-004
 9.511187e+002  1.205422e-005
 9.517375e+002  1.199415e-005
 9.523562e+002  9.251294e-006
 9.529750e+002  8.219865e-006
 9.535937e+002  8.853145e-006
 9.542125e+002  1.073091e-005
 9.548312e+002  8.529362e-006
 9.554500e+002  8.501911e-006
 9.560687e+002  1.161934e-005
 9.566875e+002  1.078373e-005
 9.573062e+002  1.089414e-005
 9.579250e+002  1.051032e-005
 9.585437e+002  9.015986e-006
 9.591625e+002  1.006587e-005
 9.597812e+002  4.799107e-004
 9.604000e+002  9.260948e-004
 9.610187e+002  4.471060e-004
 9.616375e+002  1.062993e-005
 9.622562e+002  1.046333e-005
 9.628750e+002  9.016826e-006
 9.634937e+002  1.058333e-005
 9.641125e+002  1.009578e-005
 9.647312e+002  8.237863e-006
 9.653500e+002  9.453650e-006
 9.659687e+002  7.887778e-006
 9.665875e+002  8.356247e-006
 9.672062e+002  8.894444e-006
 9.678250e+002  6.999737e-006
 9.684437e+002  7.412805e-006
 9.690625e+002  9.688180e-006
 9.696812e+002  1.314285e-005
 9.703000e+002  1.106036e-005
 9.709187e+002  9.387064e-006
 9.715375e+002  9.049996e-006
 9.721562e+002  8.682624e-006
 9.727750e+002  8.337635e-006
 9.733937e+002  7.800957e-006
 9.740125e+002  6.524622e-006
 9.746312e+002  7.066360e-006
 9.752500e+002  6.939194e-006
 9.758687e+002  8.283330e-006
 9.764875e+002  7.559827e-006
 9.771062e+002  7.682560e-006
 9.777250e+002  8.980035e-006
 9.783437e+002  8.547297e-006
 9.789625e+002  1.027930e-005
 9.795812e+002  9.033516e-006
 9.802000e+002  8.532112e-006
 9.808187e+002  9.200154e-006
 9.814375e+002  9.715709e-006
 9.820562e+002  9.967873e-006
 9.826750e+002  8.318132e-006
 9.832937e+002  9.232365e-006
 9.839125e+002  9.887727e-006
 9.845312e+002  8.890149e-006
 9.851500e+002  8.024816e-006
 9.857687e+002  6.728585e-006
 9.863875e+002  7.832950e-006
 9.870062e+002  7.209591e-006
 9.876250e+002  7.740417e-006
 9.882437e+002  8.944762e-006
 9.888625e+002  8.709557e-006
 9.894812e+002  7.068833e-006
 9.901000e+002  8.184445e-006
 9.907187e+002  1.156298e-005
 9.913375e+002  1.704296e-005
 9.919562e+002  1.950351e-005
 9.925750e+002  1.649367e-005
 9.931937e+002  1.239134e-005
 9.938125e+002  8.831605e-006
 9.944312e+002  9.018884e-006
 9.950500e+002  7.865772e-006
 9.956687e+002  8.007237e-006
 9.962875e+002  9.599732e-006
 9.969062e+002  1.034414e-005
 9.975250e+002  1.846732e-005
 9.981437e+002  2.300765e-005
 9.987625e+002  1.677472e-005
 9.993812e+002  3.192985e-005
 1.000000e+003  3.891352e-005
