 1.000000e+000  2.780335e-004
 1.061875e+000  2.140600e-004
 1.123750e+000  2.399287e-004
 1.185625e+000  2.947960e-004
 1.247500e+000  2.438577e-004
 1.309375e+000  9.889914e-005
 1.371250e+000  1.305795e-004
 1.433125e+000  2.391290e-004
 1.495000e+000  2.261442e-004
 1.556875e+000  2.627637e-004
 1.618750e+000  2.258846e-004
 1.680625e+000  2.507054e-004
 1.742500e+000  2.549390e-004
 1.804375e+000  1.530678e-004
 1.866250e+000  6.839562e-005
 1.928125e+000  2.112139e-004
 1.990000e+000  1.469845e-004
 2.051875e+000  1.256944e-004
 2.113750e+000  2.039015e-004
 2.175625e+000  2.217198e-004
 2.237500e+000  2.243943e-004
 2.299375e+000  1.570324e-004
 2.361250e+000  1.281811e-004
 2.423125e+000  5.813392e-005
 2.485000e+000  1.985563e-004
 2.546875e+000  8.282776e-005
 2.608750e+000  1.100721e-004
 2.670625e+000  1.264276e-004
 2.732500e+000  1.822359e-004
 2.794375e+000  1.407665e-004
 2.856250e+000  1.343766e-004
 2.918125e+000  1.041962e-004
 2.980000e+000  5.060464e-005
 3.041875e+000  1.163213e-004
 3.103750e+000  1.566373e-004
 3.165625e+000  1.512609e-004
 3.227500e+000  1.631173e-004
 3.289375e+000  8.896520e-005
 3.351250e+000  1.267599e-004
 3.413125e+000  1.878676e-004
 3.475000e+000  1.388684e-004
 3.536875e+000  1.218143e-004
 3.598750e+000  1.486233e-004
 3.660625e+000  1.158234e-004
 3.722500e+000  8.343664e-005
 3.784375e+000  8.576591e-005
 3.846250e+000  1.341980e-004
 3.908125e+000  1.359246e-004
 3.970000e+000  1.458959e-004
 4.031875e+000  1.543842e-004
 4.093750e+000  9.008908e-005
 4.155625e+000  6.674578e-005
 4.217500e+000  7.667175e-005
 4.279375e+000  9.978021e-005
 4.341250e+000  4.984216e-005
 4.403125e+000  6.919878e-005
 4.465000e+000  1.010843e-004
 4.526875e+000  1.186593e-004
 4.588750e+000  7.143745e-005
 4.650625e+000  5.199567e-005
 4.712500e+000  1.227819e-004
 4.774375e+000  1.069721e-004
 4.836250e+000  6.255093e-005
 4.898125e+000  6.823706e-005
 4.960000e+000  8.762210e-005
 5.021875e+000  3.330484e-005
 5.083750e+000  5.737317e-005
 5.145625e+000  5.584609e-005
 5.207500e+000  7.687499e-005
 5.269375e+000  7.738961e-005
 5.331250e+000  8.511114e-005
 5.393125e+000  1.463715e-004
 5.455000e+000  1.076194e-004
 5.516875e+000  6.813098e-005
 5.578750e+000  8.771310e-005
 5.640625e+000  1.130682e-004
 5.702500e+000  1.177400e-004
 5.764375e+000  7.359771e-005
 5.826250e+000  1.303538e-004
 5.888125e+000  1.159197e-004
 5.950000e+000  1.081625e-004
 6.011875e+000  6.156515e-005
 6.073750e+000  5.784406e-005
 6.135625e+000  6.982856e-005
 6.197500e+000  6.890599e-005
 6.259375e+000  6.288692e-005
 6.321250e+000  7.169156e-005
 6.383125e+000  5.033371e-005
 6.445000e+000  2.121910e-005
 6.506875e+000  7.151893e-005
 6.568750e+000  7.593410e-005
 6.630625e+000  7.476926e-005
 6.692500e+000  1.297704e-004
 6.754375e+000  1.105051e-004
 6.816250e+000  8.379016e-005
 6.878125e+000  3.972430e-005
 6.940000e+000  5.939948e-005
 7.001875e+000  8.178889e-005
 7.063750e+000  1.178062e-004
 7.125625e+000  5.123329e-005
 7.187500e+000  7.382937e-005
 7.249375e+000  9.989445e-005
 7.311250e+000  9.143426e-005
 7.373125e+000  5.452690e-005
 7.435000e+000  5.260243e-005
 7.496875e+000  1.036195e-004
 7.558750e+000  9.411670e-005
 7.620625e+000  7.161679e-005
 7.682500e+000  5.232630e-005
 7.744375e+000  5.170408e-005
 7.806250e+000  7.392906e-005
 7.868125e+000  9.167346e-005
 7.930000e+000  5.644949e-005
 7.991875e+000  3.574557e-005
 8.053750e+000  5.488823e-005
 8.115625e+000  3.434401e-005
 8.177500e+000  5.672029e-005
 8.239375e+000  1.949916e-005
 8.301250e+000  7.179996e-005
 8.363125e+000  4.393157e-005
 8.425000e+000  6.131751e-005
 8.486875e+000  5.695689e-005
 8.548750e+000  6.262335e-005
 8.610625e+000  8.290395e-005
 8.672500e+000  4.537066e-005
 8.734375e+000  7.143689e-005
 8.796250e+000  7.473043e-005
 8.858125e+000  4.929019e-005
 8.920000e+000  2.924314e-005
 8.981875e+000  4.717960e-005
 9.043750e+000  7.439897e-005
 9.105625e+000  7.899856e-005
 9.167500e+000  7.735712e-005
 9.229375e+000  6.414861e-005
 9.291250e+000  4.828159e-005
 9.353125e+000  6.005882e-005
 9.415000e+000  8.025299e-005
 9.476875e+000  8.714464e-005
 9.538750e+000  4.500774e-005
 9.600625e+000  3.581928e-005
 9.662500e+000  6.918728e-005
 9.724375e+000  4.781848e-005
 9.786250e+000  6.997514e-005
 9.848125e+000  6.749528e-005
 9.910000e+000  5.818122e-005
 9.971875e+000  1.997975e-005
 1.003375e+001  2.614740e-005
 1.009563e+001  3.721881e-005
 1.015750e+001  4.834019e-005
 1.021938e+001  4.157895e-005
 1.028125e+001  3.483402e-005
 1.034313e+001  6.104365e-005
 1.040500e+001  6.294737e-005
 1.046688e+001  7.509352e-005
 1.052875e+001  4.530176e-005
 1.059063e+001  3.984143e-005
 1.065250e+001  4.788263e-005
 1.071438e+001  6.950334e-005
 1.077625e+001  7.797589e-005
 1.083813e+001  4.895989e-005
 1.090000e+001  2.433633e-005
 1.096188e+001  4.169998e-005
 1.102375e+001  7.730577e-005
 1.108563e+001  7.074513e-005
 1.114750e+001  2.934828e-005
 1.120938e+001  2.461633e-005
 1.127125e+001  2.159909e-005
 1.133313e+001  3.077921e-005
 1.139500e+001  1.579091e-005
 1.145688e+001  5.141719e-005
 1.151875e+001  7.498510e-005
 1.158063e+001  3.775906e-005
 1.164250e+001  3.002063e-005
 1.170438e+001  4.339307e-005
 1.176625e+001  4.841686e-005
 1.182813e+001  5.264308e-005
 1.189000e+001  5.114603e-005
 1.195188e+001  3.303289e-005
 1.201375e+001  4.296306e-005
 1.207563e+001  5.949157e-005
 1.213750e+001  2.300449e-005
 1.219938e+001  3.829387e-005
 1.226125e+001  5.406723e-005
 1.232313e+001  3.967354e-005
 1.238500e+001  4.973722e-005
 1.244688e+001  4.597894e-005
 1.250875e+001  6.045444e-005
 1.257063e+001  4.615264e-005
 1.263250e+001  2.739306e-005
 1.269438e+001  4.977329e-005
 1.275625e+001  6.535415e-005
 1.281813e+001  4.375844e-005
 1.288000e+001  2.736070e-005
 1.294188e+001  3.193448e-005
 1.300375e+001  5.646274e-005
 1.306563e+001  4.525090e-005
 1.312750e+001  3.169751e-005
 1.318938e+001  3.920040e-005
 1.325125e+001  5.237844e-005
 1.331313e+001  7.875410e-005
 1.337500e+001  4.931893e-005
 1.343688e+001  3.402053e-005
 1.349875e+001  3.060869e-005
 1.356063e+001  3.526028e-005
 1.362250e+001  3.357722e-005
 1.368438e+001  6.599019e-005
 1.374625e+001  6.274776e-005
 1.380813e+001  6.422467e-005
 1.387000e+001  3.943855e-005
 1.393188e+001  4.773647e-005
 1.399375e+001  2.815426e-005
 1.405563e+001  7.471522e-005
 1.411750e+001  6.459136e-005
 1.417938e+001  5.242232e-005
 1.424125e+001  5.321377e-005
 1.430313e+001  4.907551e-005
 1.436500e+001  6.554527e-005
 1.442688e+001  6.175403e-005
 1.448875e+001  4.699678e-005
 1.455063e+001  8.568223e-005
 1.461250e+001  6.034171e-005
 1.467438e+001  3.048790e-005
 1.473625e+001  3.629806e-005
 1.479813e+001  5.990696e-005
 1.486000e+001  4.374856e-005
 1.492188e+001  4.972305e-005
 1.498375e+001  5.239993e-005
 1.504563e+001  4.016997e-005
 1.510750e+001  4.225282e-005
 1.516938e+001  5.419438e-005
 1.523125e+001  4.789397e-005
 1.529313e+001  5.978012e-005
 1.535500e+001  3.493241e-005
 1.541688e+001  1.864834e-005
 1.547875e+001  3.397987e-005
 1.554063e+001  5.041674e-005
 1.560250e+001  6.508309e-005
 1.566438e+001  6.845747e-005
 1.572625e+001  6.550220e-005
 1.578813e+001  3.476154e-005
 1.585000e+001  3.507581e-005
 1.591188e+001  5.656753e-005
 1.597375e+001  5.327319e-005
 1.603563e+001  6.816666e-005
 1.609750e+001  5.098656e-005
 1.615938e+001  4.322978e-005
 1.622125e+001  6.794185e-005
 1.628313e+001  4.731084e-005
 1.634500e+001  3.258305e-005
 1.640688e+001  3.594773e-005
 1.646875e+001  2.845907e-005
 1.653063e+001  2.350220e-005
 1.659250e+001  3.964001e-005
 1.665438e+001  5.541805e-005
 1.671625e+001  6.119767e-005
 1.677813e+001  6.372397e-005
 1.684000e+001  7.246856e-005
 1.690188e+001  5.382422e-005
 1.696375e+001  3.305842e-005
 1.702563e+001  3.621291e-005
 1.708750e+001  6.345739e-005
 1.714938e+001  7.525741e-005
 1.721125e+001  3.425903e-005
 1.727313e+001  4.708188e-005
 1.733500e+001  4.303583e-005
 1.739688e+001  5.398843e-005
 1.745875e+001  6.075991e-005
 1.752063e+001  3.227814e-005
 1.758250e+001  5.423465e-005
 1.764438e+001  4.001079e-005
 1.770625e+001  6.073180e-005
 1.776813e+001  2.031324e-005
 1.783000e+001  5.248823e-005
 1.789188e+001  3.924745e-005
 1.795375e+001  7.073275e-005
 1.801563e+001  6.592132e-005
 1.807750e+001  3.105018e-005
 1.813938e+001  1.940836e-005
 1.820125e+001  3.364592e-005
 1.826313e+001  4.928408e-005
 1.832500e+001  4.219161e-005
 1.838688e+001  6.067628e-005
 1.844875e+001  6.830380e-005
 1.851063e+001  6.274359e-005
 1.857250e+001  4.362420e-005
 1.863438e+001  4.299007e-005
 1.869625e+001  3.939892e-005
 1.875813e+001  2.594749e-005
 1.882000e+001  2.301604e-005
 1.888188e+001  4.721276e-005
 1.894375e+001  3.994927e-005
 1.900563e+001  2.344313e-005
 1.906750e+001  5.139571e-005
 1.912938e+001  7.511245e-005
 1.919125e+001  4.482893e-005
 1.925313e+001  4.283265e-005
 1.931500e+001  5.645464e-005
 1.937688e+001  4.569597e-005
 1.943875e+001  4.015559e-005
 1.950063e+001  3.205569e-005
 1.956250e+001  4.141617e-005
 1.962438e+001  3.812570e-005
 1.968625e+001  2.789434e-005
 1.974813e+001  2.565569e-005
 1.981000e+001  3.772706e-005
 1.987188e+001  5.922033e-005
 1.993375e+001  5.512527e-005
 1.999563e+001  7.932104e-005
 2.005750e+001  6.863916e-005
 2.011938e+001  5.189621e-005
 2.018125e+001  4.386797e-005
 2.024313e+001  4.512286e-005
 2.030500e+001  7.605222e-005
 2.036688e+001  6.976058e-005
 2.042875e+001  2.913369e-005
 2.049063e+001  2.186899e-005
 2.055250e+001  2.656123e-005
 2.061438e+001  6.375370e-005
 2.067625e+001  6.050983e-005
 2.073813e+001  4.269074e-005
 2.080000e+001  3.369579e-005
 2.086188e+001  5.222109e-005
 2.092375e+001  5.483637e-005
 2.098563e+001  5.311311e-005
 2.104750e+001  4.537163e-005
 2.110938e+001  2.756705e-005
 2.117125e+001  2.061062e-005
 2.123313e+001  4.808285e-005
 2.129500e+001  3.694526e-005
 2.135688e+001  5.566681e-005
 2.141875e+001  5.816056e-005
 2.148063e+001  6.120332e-005
 2.154250e+001  4.079503e-005
 2.160438e+001  1.476310e-005
 2.166625e+001  3.220715e-005
 2.172813e+001  3.247600e-005
 2.179000e+001  4.171669e-005
 2.185188e+001  3.978582e-005
 2.191375e+001  7.585865e-005
 2.197563e+001  6.813852e-005
 2.203750e+001  4.491814e-005
 2.209938e+001  2.663200e-005
 2.216125e+001  2.799427e-005
 2.222313e+001  5.768349e-005
 2.228500e+001  5.813274e-005
 2.234688e+001  3.476732e-005
 2.240875e+001  3.347001e-005
 2.247063e+001  3.733833e-005
 2.253250e+001  3.814881e-005
 2.259438e+001  2.778543e-005
 2.265625e+001  1.393390e-005
 2.271813e+001  2.421335e-005
 2.278000e+001  3.006911e-005
 2.284188e+001  4.831266e-005
 2.290375e+001  4.795107e-005
 2.296563e+001  4.451036e-005
 2.302750e+001  2.699561e-005
 2.308938e+001  4.395642e-005
 2.315125e+001  2.375507e-005
 2.321313e+001  3.297954e-005
 2.327500e+001  2.573200e-005
 2.333688e+001  3.102982e-005
 2.339875e+001  7.313192e-005
 2.346063e+001  7.216546e-005
 2.352250e+001  5.728704e-005
 2.358438e+001  3.469832e-005
 2.364625e+001  1.901568e-005
 2.370813e+001  3.563330e-005
 2.377000e+001  5.451674e-005
 2.383188e+001  3.763948e-005
 2.389375e+001  2.937725e-005
 2.395563e+001  4.864956e-005
 2.401750e+001  3.153472e-005
 2.407938e+001  3.411263e-005
 2.414125e+001  6.579604e-005
 2.420313e+001  4.486292e-005
 2.426500e+001  3.231495e-005
 2.432688e+001  4.027641e-005
 2.438875e+001  4.299308e-005
 2.445063e+001  3.570227e-005
 2.451250e+001  4.363864e-005
 2.457438e+001  4.260481e-005
 2.463625e+001  4.914373e-005
 2.469813e+001  2.927204e-005
 2.476000e+001  2.275639e-005
 2.482188e+001  3.573291e-005
 2.488375e+001  2.924206e-005
 2.494563e+001  1.777174e-005
 2.500750e+001  1.528453e-005
 2.506938e+001  1.751546e-005
 2.513125e+001  2.660739e-005
 2.519313e+001  4.677518e-005
 2.525500e+001  4.798660e-005
 2.531688e+001  4.378685e-005
 2.537875e+001  3.109389e-005
 2.544063e+001  4.679022e-005
 2.550250e+001  5.007892e-005
 2.556438e+001  2.554932e-005
 2.562625e+001  3.013172e-005
 2.568813e+001  2.755985e-005
 2.575000e+001  2.251275e-005
 2.581188e+001  2.705150e-005
 2.587375e+001  3.527894e-005
 2.593563e+001  3.146518e-005
 2.599750e+001  4.257379e-005
 2.605938e+001  5.062989e-005
 2.612125e+001  3.986841e-005
 2.618313e+001  4.180312e-005
 2.624500e+001  5.526744e-005
 2.630688e+001  3.697448e-005
 2.636875e+001  3.542417e-005
 2.643063e+001  2.689335e-005
 2.649250e+001  1.735057e-005
 2.655438e+001  3.631026e-005
 2.661625e+001  3.274362e-005
 2.667813e+001  5.847902e-005
 2.674000e+001  3.237138e-005
 2.680188e+001  2.076396e-005
 2.686375e+001  3.342402e-005
 2.692563e+001  2.448379e-005
 2.698750e+001  1.899866e-005
 2.704938e+001  2.682798e-005
 2.711125e+001  4.562166e-005
 2.717313e+001  4.266799e-005
 2.723500e+001  1.994613e-005
 2.729688e+001  1.917541e-005
 2.735875e+001  2.641375e-005
 2.742063e+001  5.713888e-005
 2.748250e+001  3.721075e-005
 2.754438e+001  1.495379e-005
 2.760625e+001  6.034585e-005
 2.766813e+001  5.727077e-005
 2.773000e+001  3.325928e-005
 2.779188e+001  2.944667e-005
 2.785375e+001  2.974927e-005
 2.791563e+001  5.623123e-005
 2.797750e+001  7.112066e-005
 2.803938e+001  5.436829e-005
 2.810125e+001  5.000847e-005
 2.816313e+001  2.491763e-005
 2.822500e+001  4.066491e-005
 2.828688e+001  4.467812e-005
 2.834875e+001  3.358290e-005
 2.841063e+001  4.475842e-005
 2.847250e+001  4.235458e-005
 2.853438e+001  3.907608e-005
 2.859625e+001  5.247031e-005
 2.865813e+001  6.256350e-005
 2.872000e+001  6.043674e-005
 2.878188e+001  4.454981e-005
 2.884375e+001  2.258867e-005
 2.890563e+001  5.197737e-005
 2.896750e+001  5.916556e-005
 2.902938e+001  5.437547e-005
 2.909125e+001  2.618803e-005
 2.915313e+001  1.564421e-005
 2.921500e+001  3.176817e-005
 2.927688e+001  4.057288e-005
 2.933875e+001  2.662381e-005
 2.940063e+001  4.423149e-005
 2.946250e+001  2.246180e-005
 2.952438e+001  1.712111e-005
 2.958625e+001  2.015045e-005
 2.964813e+001  3.313232e-005
 2.971000e+001  2.812111e-005
 2.977188e+001  3.313580e-005
 2.983375e+001  6.022648e-005
 2.989563e+001  4.443074e-005
 2.995750e+001  2.799746e-005
 3.001938e+001  3.097093e-005
 3.008125e+001  1.153549e-005
 3.014313e+001  3.302682e-005
 3.020500e+001  1.987102e-005
 3.026688e+001  1.309572e-005
 3.032875e+001  2.360321e-005
 3.039063e+001  2.361750e-005
 3.045250e+001  2.541867e-005
 3.051438e+001  4.628464e-005
 3.057625e+001  3.074736e-005
 3.063813e+001  2.619746e-005
 3.070000e+001  4.071408e-005
 3.076188e+001  4.066269e-005
 3.082375e+001  4.523855e-005
 3.088563e+001  3.996888e-005
 3.094750e+001  4.675701e-005
 3.100938e+001  4.435484e-005
 3.107125e+001  2.666658e-005
 3.113313e+001  2.925304e-005
 3.119500e+001  2.597665e-005
 3.125688e+001  1.441218e-005
 3.131875e+001  3.142344e-005
 3.138063e+001  3.752567e-005
 3.144250e+001  1.970355e-005
 3.150438e+001  4.100773e-005
 3.156625e+001  3.607199e-005
 3.162813e+001  4.960738e-005
 3.169000e+001  5.320605e-005
 3.175188e+001  5.494051e-005
 3.181375e+001  3.722941e-005
 3.187563e+001  4.300146e-005
 3.193750e+001  6.803507e-005
 3.199938e+001  5.325134e-005
 3.206125e+001  4.552378e-005
 3.212313e+001  1.769106e-005
 3.218500e+001  2.160028e-005
 3.224688e+001  1.841304e-005
 3.230875e+001  2.852915e-005
 3.237063e+001  3.570214e-005
 3.243250e+001  3.102498e-005
 3.249438e+001  3.413200e-005
 3.255625e+001  2.268656e-005
 3.261813e+001  3.245660e-005
 3.268000e+001  3.495431e-005
 3.274188e+001  3.362942e-005
 3.280375e+001  2.679012e-005
 3.286563e+001  2.427352e-005
 3.292750e+001  3.465451e-005
 3.298938e+001  4.976163e-005
 3.305125e+001  4.190634e-005
 3.311313e+001  4.804584e-005
 3.317500e+001  2.042448e-005
 3.323688e+001  3.958397e-005
 3.329875e+001  5.642648e-005
 3.336063e+001  3.258792e-005
 3.342250e+001  2.550923e-005
 3.348438e+001  2.162925e-005
 3.354625e+001  4.462301e-005
 3.360813e+001  2.363032e-005
 3.367000e+001  3.829082e-005
 3.373188e+001  4.969494e-005
 3.379375e+001  3.795455e-005
 3.385563e+001  3.718922e-005
 3.391750e+001  3.595300e-005
 3.397938e+001  9.803064e-006
 3.404125e+001  3.170129e-005
 3.410313e+001  3.839581e-005
 3.416500e+001  3.491528e-005
 3.422688e+001  4.070214e-005
 3.428875e+001  3.102646e-005
 3.435063e+001  2.324044e-005
 3.441250e+001  2.869417e-005
 3.447438e+001  2.446965e-005
 3.453625e+001  1.608609e-005
 3.459813e+001  1.201522e-005
 3.466000e+001  1.355860e-005
 3.472188e+001  2.163445e-005
 3.478375e+001  2.720597e-005
 3.484563e+001  3.482638e-005
 3.490750e+001  2.007976e-005
 3.496938e+001  3.812991e-005
 3.503125e+001  5.379669e-005
 3.509313e+001  4.378678e-005
 3.515500e+001  3.567922e-005
 3.521688e+001  1.168883e-005
 3.527875e+001  4.212235e-005
 3.534063e+001  3.745742e-005
 3.540250e+001  4.742035e-005
 3.546438e+001  3.336597e-005
 3.552625e+001  1.348919e-005
 3.558813e+001  4.091849e-005
 3.565000e+001  6.842611e-005
 3.571188e+001  5.802046e-005
 3.577375e+001  4.703386e-005
 3.583563e+001  2.632632e-005
 3.589750e+001  1.988584e-005
 3.595938e+001  3.576634e-005
 3.602125e+001  3.351998e-005
 3.608313e+001  3.762343e-005
 3.614500e+001  4.334647e-005
 3.620688e+001  2.031784e-005
 3.626875e+001  4.622507e-005
 3.633063e+001  4.201405e-005
 3.639250e+001  2.509115e-005
 3.645438e+001  4.841107e-005
 3.651625e+001  3.119240e-005
 3.657813e+001  2.122245e-005
 3.664000e+001  2.365490e-005
 3.670188e+001  2.781283e-005
 3.676375e+001  1.832405e-005
 3.682563e+001  2.622564e-005
 3.688750e+001  2.516691e-005
 3.694938e+001  2.728546e-005
 3.701125e+001  3.506990e-005
 3.707313e+001  4.258328e-005
 3.713500e+001  4.140115e-005
 3.719688e+001  1.983102e-005
 3.725875e+001  1.546022e-005
 3.732063e+001  6.994142e-006
 3.738250e+001  2.652740e-005
 3.744438e+001  4.065117e-005
 3.750625e+001  4.044763e-005
 3.756813e+001  3.715127e-005
 3.763000e+001  2.733092e-005
 3.769188e+001  3.442819e-005
 3.775375e+001  4.570022e-005
 3.781563e+001  3.543209e-005
 3.787750e+001  2.154275e-005
 3.793938e+001  2.205646e-005
 3.800125e+001  2.300724e-005
 3.806313e+001  3.723891e-005
 3.812500e+001  2.123307e-005
 3.818688e+001  3.058719e-005
 3.824875e+001  3.478916e-005
 3.831063e+001  2.419417e-005
 3.837250e+001  2.281144e-005
 3.843438e+001  3.818427e-005
 3.849625e+001  2.926380e-005
 3.855813e+001  1.947923e-005
 3.862000e+001  2.543587e-005
 3.868188e+001  1.472966e-005
 3.874375e+001  1.986061e-005
 3.880563e+001  2.476007e-005
 3.886750e+001  2.788932e-005
 3.892938e+001  3.547802e-005
 3.899125e+001  2.183402e-005
 3.905313e+001  1.265532e-005
 3.911500e+001  5.689217e-005
 3.917688e+001  7.548139e-005
 3.923875e+001  4.648689e-005
 3.930063e+001  3.622653e-005
 3.936250e+001  3.350883e-005
 3.942438e+001  2.871283e-005
 3.948625e+001  2.736910e-005
 3.954813e+001  3.761995e-005
 3.961000e+001  3.565212e-005
 3.967188e+001  2.275657e-005
 3.973375e+001  2.185076e-005
 3.979563e+001  2.386272e-005
 3.985750e+001  3.439949e-005
 3.991938e+001  4.066928e-005
 3.998125e+001  4.895253e-005
 4.004313e+001  3.673025e-005
 4.010500e+001  3.105435e-005
 4.016688e+001  3.783772e-005
 4.022875e+001  1.576570e-005
 4.029063e+001  3.379128e-005
 4.035250e+001  3.394710e-005
 4.041438e+001  2.382440e-005
 4.047625e+001  2.083481e-005
 4.053813e+001  2.926283e-005
 4.060000e+001  2.304715e-005
 4.066188e+001  2.925122e-005
 4.072375e+001  1.539405e-005
 4.078563e+001  2.017413e-005
 4.084750e+001  4.527355e-005
 4.090938e+001  4.786948e-005
 4.097125e+001  3.952398e-005
 4.103313e+001  3.183666e-005
 4.109500e+001  3.694283e-005
 4.115688e+001  4.030101e-005
 4.121875e+001  3.517139e-005
 4.128063e+001  3.740914e-005
 4.134250e+001  3.994308e-005
 4.140438e+001  3.947191e-005
 4.146625e+001  2.766793e-005
 4.152813e+001  2.968550e-005
 4.159000e+001  3.764752e-005
 4.165188e+001  2.118315e-005
 4.171375e+001  1.300777e-005
 4.177563e+001  1.979110e-005
 4.183750e+001  1.753910e-005
 4.189938e+001  4.585535e-005
 4.196125e+001  4.616190e-005
 4.202313e+001  2.841035e-005
 4.208500e+001  2.151457e-005
 4.214688e+001  1.491191e-005
 4.220875e+001  2.052729e-005
 4.227063e+001  2.830073e-005
 4.233250e+001  3.261464e-005
 4.239438e+001  2.277667e-005
 4.245625e+001  2.900432e-005
 4.251813e+001  3.300310e-005
 4.258000e+001  4.139171e-005
 4.264188e+001  7.282017e-005
 4.270375e+001  7.749046e-005
 4.276563e+001  3.531578e-005
 4.282750e+001  2.502034e-005
 4.288938e+001  2.420549e-005
 4.295125e+001  3.381498e-005
 4.301313e+001  3.943571e-005
 4.307500e+001  3.892589e-005
 4.313688e+001  4.320593e-005
 4.319875e+001  2.789416e-005
 4.326063e+001  1.249429e-005
 4.332250e+001  3.374501e-005
 4.338438e+001  4.249536e-005
 4.344625e+001  3.351852e-005
 4.350813e+001  3.015705e-005
 4.357000e+001  3.127683e-005
 4.363188e+001  2.182197e-005
 4.369375e+001  2.293772e-005
 4.375563e+001  2.480622e-005
 4.381750e+001  4.570055e-005
 4.387938e+001  3.596021e-005
 4.394125e+001  7.695428e-006
 4.400313e+001  2.648189e-005
 4.406500e+001  2.955235e-005
 4.412688e+001  3.176897e-005
 4.418875e+001  3.136529e-005
 4.425063e+001  1.908104e-005
 4.431250e+001  2.469095e-005
 4.437438e+001  1.538533e-005
 4.443625e+001  2.183605e-005
 4.449813e+001  2.825359e-005
 4.456000e+001  3.401113e-005
 4.462188e+001  5.248118e-005
 4.468375e+001  2.434349e-005
 4.474563e+001  2.468256e-005
 4.480750e+001  2.985068e-005
 4.486938e+001  3.253954e-005
 4.493125e+001  2.939293e-005
 4.499313e+001  2.292946e-005
 4.505500e+001  1.237480e-005
 4.511688e+001  1.177001e-005
 4.517875e+001  1.891654e-005
 4.524063e+001  2.514350e-005
 4.530250e+001  2.773042e-005
 4.536438e+001  3.193295e-005
 4.542625e+001  3.677284e-005
 4.548813e+001  3.612643e-005
 4.555000e+001  2.215678e-005
 4.561188e+001  2.928169e-005
 4.567375e+001  2.593415e-005
 4.573563e+001  2.285785e-005
 4.579750e+001  2.481560e-005
 4.585938e+001  3.610809e-005
 4.592125e+001  4.277609e-005
 4.598313e+001  4.342029e-005
 4.604500e+001  5.123770e-005
 4.610688e+001  4.424655e-005
 4.616875e+001  2.145299e-005
 4.623063e+001  2.064675e-005
 4.629250e+001  2.689849e-005
 4.635438e+001  3.762459e-005
 4.641625e+001  4.444241e-005
 4.647813e+001  1.648032e-005
 4.654000e+001  4.440246e-005
 4.660188e+001  3.298230e-005
 4.666375e+001  3.806040e-005
 4.672563e+001  4.663000e-005
 4.678750e+001  2.252957e-005
 4.684938e+001  1.673269e-005
 4.691125e+001  3.070055e-005
 4.697313e+001  2.279315e-005
 4.703500e+001  4.378739e-005
 4.709688e+001  6.758632e-005
 4.715875e+001  5.353125e-005
 4.722063e+001  4.247367e-005
 4.728250e+001  2.402379e-005
 4.734438e+001  4.192166e-005
 4.740625e+001  5.491091e-005
 4.746813e+001  4.135767e-005
 4.753000e+001  2.296920e-005
 4.759188e+001  1.295226e-005
 4.765375e+001  2.148995e-005
 4.771563e+001  2.253558e-005
 4.777750e+001  2.926706e-005
 4.783938e+001  2.498811e-005
 4.790125e+001  3.030180e-005
 4.796313e+001  4.928522e-005
 4.802500e+001  4.520069e-005
 4.808688e+001  3.566309e-005
 4.814875e+001  3.573712e-005
 4.821063e+001  1.738550e-005
 4.827250e+001  3.224550e-005
 4.833438e+001  2.932975e-005
 4.839625e+001  3.845555e-005
 4.845813e+001  4.323986e-005
 4.852000e+001  3.250031e-005
 4.858188e+001  3.604003e-005
 4.864375e+001  2.879954e-005
 4.870563e+001  3.475921e-005
 4.876750e+001  4.658686e-005
 4.882938e+001  2.788758e-005
 4.889125e+001  2.829343e-005
 4.895313e+001  4.726041e-005
 4.901500e+001  5.409441e-005
 4.907688e+001  2.480004e-005
 4.913875e+001  1.782049e-005
 4.920063e+001  2.895980e-005
 4.926250e+001  2.807713e-005
 4.932438e+001  8.640056e-006
 4.938625e+001  3.073733e-005
 4.944813e+001  6.152150e-005
 4.951000e+001  5.858381e-005
 4.957188e+001  4.479443e-005
 4.963375e+001  5.087165e-005
 4.969563e+001  6.410948e-005
 4.975750e+001  7.176158e-005
 4.981938e+001  8.264950e-005
 4.988125e+001  4.094150e-004
 4.994313e+001  1.292906e-002
 5.000500e+001  2.283375e-002
 5.006688e+001  1.010957e-002
 5.012875e+001  2.543570e-004
 5.019063e+001  8.996501e-005
 5.025250e+001  7.095417e-005
 5.031438e+001  3.491688e-005
 5.037625e+001  1.617547e-005
 5.043813e+001  4.605095e-005
 5.050000e+001  3.933295e-005
 5.056188e+001  2.807799e-005
 5.062375e+001  3.338536e-005
 5.068563e+001  1.885158e-005
 5.074750e+001  2.975705e-005
 5.080938e+001  1.454697e-005
 5.087125e+001  2.010990e-005
 5.093313e+001  2.029476e-005
 5.099500e+001  5.166605e-005
 5.105688e+001  5.245250e-005
 5.111875e+001  2.741291e-005
 5.118063e+001  3.355863e-005
 5.124250e+001  4.137774e-005
 5.130438e+001  3.262099e-005
 5.136625e+001  3.629108e-005
 5.142813e+001  4.662976e-005
 5.149000e+001  4.540689e-005
 5.155188e+001  3.543716e-005
 5.161375e+001  2.397354e-005
 5.167563e+001  2.679092e-005
 5.173750e+001  1.591166e-005
 5.179938e+001  1.322813e-005
 5.186125e+001  3.516614e-005
 5.192313e+001  4.142729e-005
 5.198500e+001  3.099373e-005
 5.204688e+001  4.907000e-005
 5.210875e+001  3.575926e-005
 5.217063e+001  2.372811e-005
 5.223250e+001  1.892406e-005
 5.229438e+001  2.858486e-005
 5.235625e+001  2.377115e-005
 5.241813e+001  1.513016e-005
 5.248000e+001  7.582532e-006
 5.254188e+001  2.080017e-005
 5.260375e+001  3.587917e-005
 5.266563e+001  3.405402e-005
 5.272750e+001  2.305014e-005
 5.278938e+001  1.907371e-005
 5.285125e+001  3.271387e-005
 5.291313e+001  2.414116e-005
 5.297500e+001  2.675125e-005
 5.303688e+001  1.809856e-005
 5.309875e+001  1.428999e-005
 5.316063e+001  1.379438e-005
 5.322250e+001  2.381295e-005
 5.328438e+001  1.562263e-005
 5.334625e+001  2.931118e-005
 5.340813e+001  3.183063e-005
 5.347000e+001  1.351336e-005
 5.353188e+001  1.332137e-005
 5.359375e+001  2.137506e-005
 5.365563e+001  2.994740e-005
 5.371750e+001  1.428134e-005
 5.377938e+001  2.429826e-005
 5.384125e+001  2.496919e-005
 5.390313e+001  1.869533e-005
 5.396500e+001  3.291566e-005
 5.402688e+001  2.515990e-005
 5.408875e+001  1.680221e-005
 5.415063e+001  2.587841e-005
 5.421250e+001  1.582580e-005
 5.427438e+001  1.638849e-005
 5.433625e+001  3.408769e-005
 5.439813e+001  4.566893e-005
 5.446000e+001  2.279993e-005
 5.452188e+001  1.957738e-005
 5.458375e+001  2.564404e-005
 5.464563e+001  2.240038e-005
 5.470750e+001  3.936603e-005
 5.476938e+001  3.675666e-005
 5.483125e+001  2.406451e-005
 5.489313e+001  2.799313e-005
 5.495500e+001  2.271456e-005
 5.501688e+001  2.687252e-005
 5.507875e+001  2.438992e-005
 5.514063e+001  3.554540e-005
 5.520250e+001  4.864426e-005
 5.526438e+001  2.654897e-005
 5.532625e+001  1.317699e-005
 5.538813e+001  3.740922e-005
 5.545000e+001  4.540968e-005
 5.551188e+001  2.415624e-005
 5.557375e+001  1.400056e-005
 5.563563e+001  3.149832e-005
 5.569750e+001  3.713328e-005
 5.575938e+001  3.089878e-005
 5.582125e+001  1.552941e-005
 5.588313e+001  2.866204e-005
 5.594500e+001  2.522258e-005
 5.600688e+001  2.438881e-005
 5.606875e+001  1.809801e-005
 5.613063e+001  2.842778e-005
 5.619250e+001  4.034118e-005
 5.625438e+001  2.168783e-005
 5.631625e+001  4.775226e-006
 5.637813e+001  7.866035e-006
 5.644000e+001  1.812799e-005
 5.650188e+001  1.887529e-005
 5.656375e+001  2.910034e-005
 5.662563e+001  1.111783e-005
 5.668750e+001  1.669638e-005
 5.674938e+001  2.290523e-005
 5.681125e+001  1.966710e-005
 5.687313e+001  1.085764e-005
 5.693500e+001  1.455707e-005
 5.699688e+001  3.042776e-005
 5.705875e+001  3.992309e-005
 5.712063e+001  3.224799e-005
 5.718250e+001  3.382585e-005
 5.724438e+001  2.133546e-005
 5.730625e+001  8.909613e-006
 5.736813e+001  1.848968e-005
 5.743000e+001  2.778677e-005
 5.749188e+001  3.414117e-005
 5.755375e+001  3.473078e-005
 5.761563e+001  3.644171e-005
 5.767750e+001  2.324170e-005
 5.773938e+001  2.704701e-005
 5.780125e+001  2.861721e-005
 5.786313e+001  3.117941e-005
 5.792500e+001  2.778670e-005
 5.798688e+001  3.360817e-005
 5.804875e+001  1.609353e-005
 5.811063e+001  3.059232e-005
 5.817250e+001  2.528007e-005
 5.823438e+001  2.311279e-005
 5.829625e+001  2.836036e-005
 5.835813e+001  2.170154e-005
 5.842000e+001  3.702382e-005
 5.848188e+001  1.885192e-005
 5.854375e+001  2.162478e-005
 5.860563e+001  1.643675e-005
 5.866750e+001  1.676925e-005
 5.872938e+001  2.002562e-005
 5.879125e+001  2.928272e-005
 5.885313e+001  1.084631e-005
 5.891500e+001  1.598038e-005
 5.897688e+001  3.299456e-005
 5.903875e+001  4.551698e-005
 5.910063e+001  4.086372e-005
 5.916250e+001  1.892125e-005
 5.922438e+001  2.074582e-005
 5.928625e+001  2.779479e-005
 5.934813e+001  2.310065e-005
 5.941000e+001  1.873631e-005
 5.947188e+001  3.735914e-005
 5.953375e+001  2.999795e-005
 5.959563e+001  2.211712e-005
 5.965750e+001  2.191784e-005
 5.971938e+001  3.432642e-005
 5.978125e+001  2.120177e-005
 5.984313e+001  3.566661e-005
 5.990500e+001  5.164520e-005
 5.996688e+001  1.641215e-003
 6.002875e+001  2.932249e-003
 6.009063e+001  1.313162e-003
 6.015250e+001  2.889270e-005
 6.021438e+001  3.128492e-005
 6.027625e+001  3.072814e-005
 6.033813e+001  3.153678e-005
 6.040000e+001  2.435778e-005
 6.046188e+001  1.213053e-005
 6.052375e+001  1.270952e-005
 6.058563e+001  2.615209e-005
 6.064750e+001  2.324693e-005
 6.070938e+001  1.518971e-005
 6.077125e+001  1.599876e-005
 6.083313e+001  9.051235e-006
 6.089500e+001  1.669753e-005
 6.095688e+001  1.463762e-005
 6.101875e+001  2.304421e-005
 6.108063e+001  2.037177e-005
 6.114250e+001  1.734696e-005
 6.120438e+001  2.632634e-005
 6.126625e+001  2.711112e-005
 6.132813e+001  1.912514e-005
 6.139000e+001  1.134731e-005
 6.145188e+001  1.890987e-005
 6.151375e+001  1.371092e-005
 6.157563e+001  2.746121e-005
 6.163750e+001  3.202221e-005
 6.169938e+001  3.559828e-005
 6.176125e+001  2.806316e-005
 6.182313e+001  2.468110e-005
 6.188500e+001  2.238475e-005
 6.194688e+001  2.597930e-005
 6.200875e+001  3.197468e-005
 6.207063e+001  1.570967e-005
 6.213250e+001  1.298910e-005
 6.219438e+001  1.576362e-005
 6.225625e+001  3.023103e-005
 6.231813e+001  2.509261e-005
 6.238000e+001  2.100320e-005
 6.244188e+001  3.081740e-005
 6.250375e+001  4.026351e-005
 6.256563e+001  2.445506e-005
 6.262750e+001  3.014789e-005
 6.268938e+001  1.439047e-005
 6.275125e+001  2.830213e-005
 6.281313e+001  3.043702e-005
 6.287500e+001  2.295691e-005
 6.293688e+001  1.688742e-005
 6.299875e+001  2.839223e-005
 6.306063e+001  3.389266e-005
 6.312250e+001  1.394120e-005
 6.318438e+001  3.000588e-006
 6.324625e+001  1.798915e-005
 6.330813e+001  3.121512e-005
 6.337000e+001  2.984603e-005
 6.343188e+001  2.513352e-005
 6.349375e+001  2.888621e-005
 6.355563e+001  2.062789e-005
 6.361750e+001  1.436945e-005
 6.367938e+001  7.939320e-006
 6.374125e+001  2.347521e-005
 6.380313e+001  1.579988e-005
 6.386500e+001  1.784035e-005
 6.392688e+001  3.426167e-005
 6.398875e+001  6.091872e-005
 6.405063e+001  5.701375e-005
 6.411250e+001  3.571881e-005
 6.417438e+001  3.296743e-005
 6.423625e+001  2.035789e-005
 6.429813e+001  2.089471e-005
 6.436000e+001  1.522366e-005
 6.442188e+001  1.404903e-005
 6.448375e+001  1.288938e-005
 6.454563e+001  2.303436e-005
 6.460750e+001  2.057680e-005
 6.466938e+001  1.114608e-005
 6.473125e+001  2.989800e-005
 6.479313e+001  2.696928e-005
 6.485500e+001  8.507699e-006
 6.491688e+001  1.103159e-005
 6.497875e+001  2.778206e-005
 6.504063e+001  2.357167e-005
 6.510250e+001  1.564890e-005
 6.516438e+001  2.125366e-005
 6.522625e+001  1.430767e-005
 6.528813e+001  1.795452e-005
 6.535000e+001  1.582804e-005
 6.541188e+001  2.233150e-005
 6.547375e+001  2.139127e-005
 6.553563e+001  1.902605e-005
 6.559750e+001  1.474375e-005
 6.565938e+001  1.212931e-005
 6.572125e+001  9.929506e-006
 6.578313e+001  1.021828e-005
 6.584500e+001  4.296764e-006
 6.590688e+001  3.106974e-005
 6.596875e+001  4.782922e-005
 6.603063e+001  3.995187e-005
 6.609250e+001  3.967445e-005
 6.615438e+001  2.882503e-005
 6.621625e+001  9.658300e-006
 6.627813e+001  1.539062e-005
 6.634000e+001  1.598824e-005
 6.640188e+001  2.069943e-005
 6.646375e+001  1.472472e-005
 6.652563e+001  2.127861e-005
 6.658750e+001  3.414760e-005
 6.664938e+001  2.817106e-005
 6.671125e+001  1.340065e-005
 6.677313e+001  1.059167e-005
 6.683500e+001  1.450483e-005
 6.689688e+001  2.204428e-005
 6.695875e+001  3.205656e-005
 6.702063e+001  2.976346e-005
 6.708250e+001  2.002481e-005
 6.714438e+001  2.706115e-005
 6.720625e+001  2.391240e-005
 6.726813e+001  1.679354e-005
 6.733000e+001  1.175646e-005
 6.739188e+001  1.498954e-005
 6.745375e+001  3.172845e-005
 6.751563e+001  2.231319e-005
 6.757750e+001  1.981620e-005
 6.763938e+001  2.441396e-005
 6.770125e+001  2.380031e-005
 6.776313e+001  1.800296e-005
 6.782500e+001  2.114126e-005
 6.788688e+001  1.336953e-005
 6.794875e+001  1.729811e-005
 6.801063e+001  2.909188e-005
 6.807250e+001  2.289127e-005
 6.813438e+001  1.994630e-005
 6.819625e+001  3.526727e-005
 6.825813e+001  2.325430e-005
 6.832000e+001  2.092807e-005
 6.838188e+001  1.768755e-005
 6.844375e+001  1.212544e-005
 6.850563e+001  2.058166e-005
 6.856750e+001  2.091587e-005
 6.862938e+001  3.017485e-005
 6.869125e+001  2.585320e-005
 6.875313e+001  1.303366e-005
 6.881500e+001  1.585899e-005
 6.887688e+001  1.364453e-005
 6.893875e+001  1.102719e-005
 6.900063e+001  2.201232e-005
 6.906250e+001  2.422331e-005
 6.912438e+001  1.337188e-005
 6.918625e+001  1.675782e-005
 6.924813e+001  1.441614e-005
 6.931000e+001  2.648869e-005
 6.937188e+001  2.341422e-005
 6.943375e+001  2.106683e-005
 6.949563e+001  2.087747e-005
 6.955750e+001  1.973015e-005
 6.961938e+001  8.802031e-006
 6.968125e+001  2.904272e-005
 6.974313e+001  2.366179e-005
 6.980500e+001  1.202051e-005
 6.986688e+001  2.110079e-005
 6.992875e+001  2.873905e-005
 6.999063e+001  3.170313e-005
 7.005250e+001  1.336686e-005
 7.011438e+001  1.789357e-005
 7.017625e+001  2.580351e-005
 7.023813e+001  2.636687e-005
 7.030000e+001  2.711686e-005
 7.036188e+001  1.767652e-005
 7.042375e+001  3.726521e-005
 7.048563e+001  2.784246e-005
 7.054750e+001  1.025757e-005
 7.060938e+001  2.492661e-005
 7.067125e+001  2.009822e-005
 7.073313e+001  1.734678e-005
 7.079500e+001  4.507554e-005
 7.085688e+001  5.542815e-005
 7.091875e+001  3.228264e-005
 7.098063e+001  2.492315e-005
 7.104250e+001  1.772211e-005
 7.110438e+001  2.061873e-005
 7.116625e+001  3.000995e-005
 7.122813e+001  3.707738e-005
 7.129000e+001  4.174073e-005
 7.135188e+001  2.354011e-005
 7.141375e+001  6.930531e-006
 7.147563e+001  1.639886e-005
 7.153750e+001  1.902022e-005
 7.159938e+001  2.530949e-005
 7.166125e+001  2.367460e-005
 7.172313e+001  1.607823e-005
 7.178500e+001  1.854753e-005
 7.184688e+001  1.506741e-005
 7.190875e+001  1.186198e-005
 7.197063e+001  2.106863e-005
 7.203250e+001  2.351935e-005
 7.209438e+001  2.053390e-005
 7.215625e+001  2.807916e-005
 7.221813e+001  1.659501e-005
 7.228000e+001  2.035845e-005
 7.234188e+001  1.732662e-005
 7.240375e+001  1.304716e-005
 7.246563e+001  1.464646e-005
 7.252750e+001  3.047900e-005
 7.258938e+001  4.223768e-005
 7.265125e+001  2.855573e-005
 7.271313e+001  1.680914e-005
 7.277500e+001  2.030941e-005
 7.283688e+001  1.763444e-005
 7.289875e+001  1.728079e-005
 7.296063e+001  1.027266e-005
 7.302250e+001  2.440992e-005
 7.308438e+001  2.754694e-005
 7.314625e+001  1.111975e-005
 7.320813e+001  1.223057e-005
 7.327000e+001  2.231038e-005
 7.333188e+001  1.761566e-005
 7.339375e+001  1.569964e-005
 7.345563e+001  2.462515e-005
 7.351750e+001  2.381094e-005
 7.357938e+001  1.610671e-005
 7.364125e+001  1.407084e-005
 7.370313e+001  1.814549e-005
 7.376500e+001  1.826788e-005
 7.382688e+001  1.841593e-005
 7.388875e+001  2.222380e-005
 7.395063e+001  2.634167e-005
 7.401250e+001  2.015207e-005
 7.407438e+001  2.554409e-005
 7.413625e+001  1.500661e-005
 7.419813e+001  6.866814e-006
 7.426000e+001  2.056550e-005
 7.432188e+001  2.562401e-005
 7.438375e+001  3.530682e-005
 7.444563e+001  2.552773e-005
 7.450750e+001  2.010796e-005
 7.456938e+001  3.208757e-005
 7.463125e+001  3.101527e-005
 7.469313e+001  1.603295e-005
 7.475500e+001  9.333195e-006
 7.481688e+001  1.072977e-005
 7.487875e+001  9.732268e-006
 7.494063e+001  2.449734e-005
 7.500250e+001  3.202259e-005
 7.506438e+001  2.784745e-005
 7.512625e+001  2.207971e-005
 7.518813e+001  1.191434e-005
 7.525000e+001  1.016000e-005
 7.531188e+001  2.131031e-005
 7.537375e+001  3.641262e-005
 7.543563e+001  8.781607e-005
 7.549750e+001  7.078495e-005
 7.555938e+001  2.850084e-005
 7.562125e+001  2.439306e-005
 7.568313e+001  2.494592e-005
 7.574500e+001  3.446889e-005
 7.580688e+001  3.067575e-005
 7.586875e+001  1.492889e-005
 7.593063e+001  1.671159e-005
 7.599250e+001  1.440985e-005
 7.605438e+001  1.215884e-005
 7.611625e+001  2.143658e-005
 7.617813e+001  2.485974e-005
 7.624000e+001  2.950785e-005
 7.630188e+001  2.312508e-005
 7.636375e+001  3.257573e-005
 7.642563e+001  3.298263e-005
 7.648750e+001  1.780739e-005
 7.654938e+001  1.604802e-005
 7.661125e+001  2.025406e-005
 7.667313e+001  1.679153e-005
 7.673500e+001  1.157113e-005
 7.679688e+001  2.174856e-005
 7.685875e+001  2.924884e-005
 7.692063e+001  1.800281e-005
 7.698250e+001  2.148163e-005
 7.704438e+001  1.841679e-005
 7.710625e+001  1.220502e-005
 7.716813e+001  2.638791e-005
 7.723000e+001  3.063964e-005
 7.729188e+001  2.417990e-005
 7.735375e+001  2.284991e-005
 7.741563e+001  2.724590e-005
 7.747750e+001  2.109307e-005
 7.753938e+001  1.807378e-005
 7.760125e+001  1.721868e-005
 7.766313e+001  1.652308e-005
 7.772500e+001  2.331867e-005
 7.778688e+001  1.917264e-005
 7.784875e+001  2.065400e-005
 7.791063e+001  2.679039e-005
 7.797250e+001  2.716889e-005
 7.803438e+001  1.225035e-005
 7.809625e+001  5.541577e-006
 7.815813e+001  1.285665e-005
 7.822000e+001  2.889421e-005
 7.828188e+001  2.592651e-005
 7.834375e+001  2.642230e-005
 7.840563e+001  2.240804e-005
 7.846750e+001  1.294342e-005
 7.852938e+001  2.365442e-005
 7.859125e+001  1.663040e-005
 7.865313e+001  2.062600e-005
 7.871500e+001  4.087524e-005
 7.877688e+001  4.079949e-005
 7.883875e+001  2.512754e-005
 7.890063e+001  2.407848e-005
 7.896250e+001  2.572160e-005
 7.902438e+001  1.914108e-005
 7.908625e+001  1.516042e-005
 7.914813e+001  1.433553e-005
 7.921000e+001  9.059137e-006
 7.927188e+001  5.443571e-006
 7.933375e+001  2.037149e-005
 7.939563e+001  2.880197e-005
 7.945750e+001  2.196748e-005
 7.951938e+001  1.026425e-005
 7.958125e+001  1.435394e-005
 7.964313e+001  1.245339e-005
 7.970500e+001  1.105574e-005
 7.976688e+001  2.448884e-005
 7.982875e+001  1.972689e-005
 7.989063e+001  8.075852e-006
 7.995250e+001  2.625596e-005
 8.001438e+001  2.856686e-005
 8.007625e+001  1.817298e-005
 8.013813e+001  2.593002e-005
 8.020000e+001  2.347495e-005
 8.026188e+001  1.642809e-005
 8.032375e+001  7.634093e-006
 8.038563e+001  6.235965e-006
 8.044750e+001  1.166963e-005
 8.050938e+001  2.861856e-005
 8.057125e+001  3.882834e-005
 8.063313e+001  3.630420e-005
 8.069500e+001  1.868402e-005
 8.075688e+001  2.629853e-005
 8.081875e+001  2.699840e-005
 8.088063e+001  1.336588e-005
 8.094250e+001  1.175629e-005
 8.100438e+001  1.153522e-005
 8.106625e+001  1.129600e-005
 8.112813e+001  2.620213e-005
 8.119000e+001  3.830192e-005
 8.125188e+001  2.336482e-005
 8.131375e+001  1.055541e-005
 8.137563e+001  9.237989e-006
 8.143750e+001  1.401478e-005
 8.149938e+001  2.582168e-005
 8.156125e+001  2.476475e-005
 8.162313e+001  2.046753e-005
 8.168500e+001  1.563604e-005
 8.174688e+001  8.490060e-006
 8.180875e+001  1.664781e-005
 8.187063e+001  1.238764e-005
 8.193250e+001  1.106088e-005
 8.199438e+001  2.508736e-005
 8.205625e+001  2.135198e-005
 8.211813e+001  2.058458e-005
 8.218000e+001  3.022198e-005
 8.224188e+001  1.821290e-005
 8.230375e+001  1.186666e-005
 8.236563e+001  2.231627e-005
 8.242750e+001  4.005911e-005
 8.248938e+001  2.196905e-005
 8.255125e+001  2.635527e-005
 8.261313e+001  3.310684e-005
 8.267500e+001  4.734019e-005
 8.273688e+001  4.637454e-005
 8.279875e+001  1.717534e-005
 8.286063e+001  1.389227e-005
 8.292250e+001  1.271702e-005
 8.298438e+001  1.211041e-005
 8.304625e+001  1.000732e-005
 8.310813e+001  1.658812e-005
 8.317000e+001  1.810128e-005
 8.323188e+001  1.506868e-005
 8.329375e+001  8.839119e-006
 8.335563e+001  9.312829e-006
 8.341750e+001  2.234851e-005
 8.347938e+001  2.322469e-005
 8.354125e+001  1.347929e-005
 8.360313e+001  1.440466e-005
 8.366500e+001  1.519999e-005
 8.372688e+001  1.158730e-005
 8.378875e+001  1.211833e-005
 8.385063e+001  2.051579e-005
 8.391250e+001  1.907709e-005
 8.397438e+001  1.009001e-005
 8.403625e+001  1.546100e-005
 8.409813e+001  2.600083e-005
 8.416000e+001  2.408003e-005
 8.422188e+001  1.641427e-005
 8.428375e+001  1.723273e-005
 8.434563e+001  8.262232e-006
 8.440750e+001  2.513362e-005
 8.446938e+001  2.453391e-005
 8.453125e+001  1.202291e-005
 8.459313e+001  1.411682e-005
 8.465500e+001  1.386744e-005
 8.471688e+001  1.298209e-005
 8.477875e+001  2.876182e-006
 8.484063e+001  1.355869e-005
 8.490250e+001  1.026922e-005
 8.496438e+001  9.609098e-006
 8.502625e+001  2.234318e-005
 8.508813e+001  2.895835e-005
 8.515000e+001  2.079495e-005
 8.521188e+001  2.394356e-005
 8.527375e+001  2.872331e-005
 8.533563e+001  1.274188e-005
 8.539750e+001  1.866220e-005
 8.545938e+001  1.030842e-005
 8.552125e+001  2.256329e-005
 8.558313e+001  2.514858e-005
 8.564500e+001  1.626805e-005
 8.570688e+001  1.734498e-005
 8.576875e+001  1.701394e-005
 8.583063e+001  1.154207e-005
 8.589250e+001  1.372598e-005
 8.595438e+001  3.325730e-005
 8.601625e+001  3.295448e-005
 8.607813e+001  1.575234e-005
 8.614000e+001  1.294649e-005
 8.620188e+001  2.059876e-005
 8.626375e+001  1.615164e-005
 8.632563e+001  8.515944e-006
 8.638750e+001  2.537288e-005
 8.644938e+001  3.043617e-005
 8.651125e+001  2.130067e-005
 8.657313e+001  1.486152e-005
 8.663500e+001  1.209659e-005
 8.669688e+001  1.146239e-005
 8.675875e+001  1.231995e-005
 8.682063e+001  1.196175e-005
 8.688250e+001  1.424533e-005
 8.694438e+001  1.850929e-005
 8.700625e+001  2.243112e-005
 8.706813e+001  2.056090e-005
 8.713000e+001  1.789958e-005
 8.719188e+001  1.602773e-005
 8.725375e+001  6.808351e-006
 8.731563e+001  8.572654e-006
 8.737750e+001  1.060116e-005
 8.743938e+001  1.996375e-005
 8.750125e+001  2.148047e-005
 8.756313e+001  9.161188e-006
 8.762500e+001  1.550072e-005
 8.768688e+001  1.996282e-005
 8.774875e+001  1.282858e-005
 8.781063e+001  5.890441e-006
 8.787250e+001  6.211161e-006
 8.793438e+001  1.226037e-005
 8.799625e+001  1.660805e-005
 8.805813e+001  2.092363e-005
 8.812000e+001  1.007356e-005
 8.818188e+001  1.126057e-005
 8.824375e+001  1.196194e-005
 8.830563e+001  1.333371e-005
 8.836750e+001  1.777814e-005
 8.842938e+001  2.147367e-005
 8.849125e+001  2.276251e-005
 8.855313e+001  1.570462e-005
 8.861500e+001  1.816406e-005
 8.867688e+001  2.670974e-005
 8.873875e+001  1.966993e-005
 8.880063e+001  5.883755e-006
 8.886250e+001  1.659056e-005
 8.892438e+001  8.805630e-006
 8.898625e+001  1.307525e-005
 8.904813e+001  1.819433e-005
 8.911000e+001  1.214061e-005
 8.917188e+001  1.017322e-005
 8.923375e+001  1.158590e-005
 8.929563e+001  1.195238e-005
 8.935750e+001  1.331997e-005
 8.941938e+001  1.837899e-005
 8.948125e+001  1.697460e-005
 8.954313e+001  1.897874e-005
 8.960500e+001  3.956982e-005
 8.966688e+001  2.953214e-005
 8.972875e+001  1.470719e-005
 8.979063e+001  9.453248e-006
 8.985250e+001  1.493179e-005
 8.991438e+001  1.921276e-005
 8.997625e+001  2.334445e-005
 9.003813e+001  2.405442e-005
 9.010000e+001  2.039572e-005
 9.016188e+001  1.363982e-005
 9.022375e+001  1.575277e-005
 9.028563e+001  2.084661e-005
 9.034750e+001  1.488879e-005
 9.040938e+001  1.137973e-005
 9.047125e+001  2.541621e-005
 9.053313e+001  2.483262e-005
 9.059500e+001  1.757547e-005
 9.065688e+001  1.644546e-005
 9.071875e+001  7.136461e-006
 9.078063e+001  1.323405e-005
 9.084250e+001  2.261976e-005
 9.090438e+001  1.868918e-005
 9.096625e+001  1.872637e-005
 9.102813e+001  5.837633e-006
 9.109000e+001  1.656604e-005
 9.115188e+001  1.122622e-005
 9.121375e+001  1.101214e-005
 9.127563e+001  2.182005e-005
 9.133750e+001  2.081533e-005
 9.139938e+001  2.502112e-005
 9.146125e+001  1.328139e-005
 9.152313e+001  1.119640e-005
 9.158500e+001  2.058100e-005
 9.164688e+001  2.554985e-005
 9.170875e+001  1.191027e-005
 9.177063e+001  1.137359e-005
 9.183250e+001  1.082193e-005
 9.189438e+001  1.172048e-005
 9.195625e+001  3.450313e-005
 9.201813e+001  4.841417e-005
 9.208000e+001  2.380554e-005
 9.214188e+001  1.096670e-005
 9.220375e+001  1.548912e-005
 9.226563e+001  5.122991e-006
 9.232750e+001  1.583502e-005
 9.238938e+001  9.267827e-006
 9.245125e+001  7.184871e-006
 9.251313e+001  1.378816e-005
 9.257500e+001  1.143685e-005
 9.263688e+001  7.852196e-006
 9.269875e+001  9.094687e-006
 9.276063e+001  1.142370e-005
 9.282250e+001  1.510608e-005
 9.288438e+001  1.940986e-005
 9.294625e+001  2.287714e-005
 9.300813e+001  1.156409e-005
 9.307000e+001  1.985096e-005
 9.313188e+001  2.261484e-005
 9.319375e+001  2.570007e-005
 9.325563e+001  3.150056e-005
 9.331750e+001  2.215752e-005
 9.337938e+001  1.854810e-005
 9.344125e+001  2.694539e-005
 9.350313e+001  2.518376e-005
 9.356500e+001  2.637554e-005
 9.362688e+001  2.351602e-005
 9.368875e+001  1.102720e-005
 9.375063e+001  6.174337e-006
 9.381250e+001  1.385045e-005
 9.387438e+001  2.080608e-005
 9.393625e+001  3.995297e-005
 9.399813e+001  5.454694e-005
 9.406000e+001  3.007538e-005
 9.412188e+001  1.303351e-005
 9.418375e+001  1.059019e-005
 9.424563e+001  1.009369e-005
 9.430750e+001  9.343616e-006
 9.436938e+001  1.540989e-005
 9.443125e+001  1.550359e-005
 9.449313e+001  7.945918e-006
 9.455500e+001  1.753891e-005
 9.461688e+001  7.762873e-006
 9.467875e+001  1.365763e-005
 9.474063e+001  2.307944e-005
 9.480250e+001  1.878964e-005
 9.486438e+001  1.880811e-005
 9.492625e+001  1.758934e-005
 9.498813e+001  1.245653e-005
 9.505000e+001  9.128458e-006
 9.511188e+001  9.447172e-006
 9.517375e+001  1.547081e-005
 9.523563e+001  1.297071e-005
 9.529750e+001  1.174350e-005
 9.535938e+001  1.868308e-005
 9.542125e+001  1.319407e-005
 9.548313e+001  1.038170e-005
 9.554500e+001  7.778787e-006
 9.560688e+001  1.226851e-005
 9.566875e+001  1.881594e-005
 9.573063e+001  2.132245e-005
 9.579250e+001  1.276432e-005
 9.585438e+001  1.747112e-005
 9.591625e+001  2.082240e-005
 9.597813e+001  1.596680e-005
 9.604000e+001  1.657424e-005
 9.610188e+001  1.769761e-005
 9.616375e+001  7.461556e-006
 9.622563e+001  2.244652e-005
 9.628750e+001  1.244176e-005
 9.634938e+001  5.850148e-006
 9.641125e+001  6.656389e-006
 9.647313e+001  1.372699e-005
 9.653500e+001  1.860621e-005
 9.659688e+001  1.773482e-005
 9.665875e+001  1.635246e-005
 9.672063e+001  8.000658e-006
 9.678250e+001  9.623027e-006
 9.684438e+001  7.615847e-006
 9.690625e+001  8.853265e-006
 9.696813e+001  1.451776e-005
 9.703000e+001  1.333798e-005
 9.709188e+001  1.855556e-005
 9.715375e+001  1.960195e-005
 9.721563e+001  1.011571e-005
 9.727750e+001  8.027185e-006
 9.733938e+001  1.750848e-005
 9.740125e+001  1.978457e-005
 9.746313e+001  2.371503e-005
 9.752500e+001  2.150825e-005
 9.758688e+001  1.718025e-005
 9.764875e+001  1.636293e-005
 9.771063e+001  1.983660e-005
 9.777250e+001  1.816395e-005
 9.783438e+001  1.999204e-005
 9.789625e+001  1.217786e-005
 9.795813e+001  3.548937e-005
 9.802000e+001  5.056313e-005
 9.808188e+001  2.316556e-005
 9.814375e+001  1.356220e-005
 9.820563e+001  2.007736e-005
 9.826750e+001  2.346457e-005
 9.832938e+001  1.971357e-005
 9.839125e+001  2.926851e-005
 9.845313e+001  3.915902e-005
 9.851500e+001  1.508434e-005
 9.857688e+001  2.244421e-005
 9.863875e+001  2.105172e-005
 9.870063e+001  3.013917e-005
 9.876250e+001  2.578890e-005
 9.882438e+001  2.070416e-005
 9.888625e+001  1.527407e-005
 9.894813e+001  2.011409e-005
 9.901000e+001  1.853496e-005
 9.907188e+001  8.436425e-006
 9.913375e+001  1.576390e-005
 9.919563e+001  1.003376e-005
 9.925750e+001  9.680931e-006
 9.931938e+001  1.196076e-005
 9.938125e+001  1.373437e-005
 9.944313e+001  1.468600e-005
 9.950500e+001  1.861353e-005
 9.956688e+001  2.155401e-005
 9.962875e+001  1.766223e-005
 9.969063e+001  2.666108e-005
 9.975250e+001  1.667398e-005
 9.981438e+001  1.655830e-005
 9.987625e+001  2.251776e-005
 9.993813e+001  4.446611e-004
 1.000000e+002  8.752711e-004
