 1.000000e+000  2.626283e-004
 1.247500e+000  1.764079e-004
 1.495000e+000  7.456034e-005
 1.742500e+000  8.176027e-005
 1.990000e+000  7.039429e-005
 2.237500e+000  5.098822e-005
 2.485000e+000  4.592015e-005
 2.732500e+000  4.753200e-005
 2.980000e+000  4.877243e-005
 3.227500e+000  4.178484e-005
 3.475000e+000  4.479351e-005
 3.722500e+000  4.476317e-005
 3.970000e+000  3.079056e-005
 4.217500e+000  3.127358e-005
 4.465000e+000  3.792848e-005
 4.712500e+000  3.061791e-005
 4.960000e+000  3.035495e-005
 5.207500e+000  3.323427e-005
 5.455000e+000  3.112578e-005
 5.702500e+000  3.569172e-005
 5.950000e+000  3.364185e-005
 6.197500e+000  3.449556e-005
 6.445000e+000  3.170974e-005
 6.692500e+000  3.135221e-005
 6.940000e+000  3.327773e-005
 7.187500e+000  3.213495e-005
 7.435000e+000  3.459062e-005
 7.682500e+000  3.610067e-005
 7.930000e+000  3.043225e-005
 8.177500e+000  2.933257e-005
 8.425000e+000  3.019434e-005
 8.672500e+000  2.942405e-005
 8.920000e+000  2.844631e-005
 9.167500e+000  2.409271e-005
 9.415000e+000  2.508078e-005
 9.662500e+000  2.295453e-005
 9.910000e+000  2.152868e-005
 1.015750e+001  2.536759e-005
 1.040500e+001  2.965824e-005
 1.065250e+001  2.608611e-005
 1.090000e+001  2.169648e-005
 1.114750e+001  2.699254e-005
 1.139500e+001  2.081240e-005
 1.164250e+001  2.341875e-005
 1.189000e+001  2.673729e-005
 1.213750e+001  2.975533e-005
 1.238500e+001  2.386025e-005
 1.263250e+001  2.262568e-005
 1.288000e+001  2.258512e-005
 1.312750e+001  2.164108e-005
 1.337500e+001  2.277080e-005
 1.362250e+001  2.796775e-005
 1.387000e+001  2.869153e-005
 1.411750e+001  2.865854e-005
 1.436500e+001  2.746581e-005
 1.461250e+001  2.832808e-005
 1.486000e+001  2.607117e-005
 1.510750e+001  1.983751e-005
 1.535500e+001  2.178572e-005
 1.560250e+001  2.401891e-005
 1.585000e+001  2.668772e-005
 1.609750e+001  2.407715e-005
 1.634500e+001  2.355490e-005
 1.659250e+001  2.105519e-005
 1.684000e+001  2.129173e-005
 1.708750e+001  2.501121e-005
 1.733500e+001  2.126319e-005
 1.758250e+001  1.697232e-005
 1.783000e+001  2.251516e-005
 1.807750e+001  2.247910e-005
 1.832500e+001  2.066221e-005
 1.857250e+001  2.074037e-005
 1.882000e+001  2.488409e-005
 1.906750e+001  2.480718e-005
 1.931500e+001  2.227983e-005
 1.956250e+001  2.547511e-005
 1.981000e+001  2.096815e-005
 2.005750e+001  2.054909e-005
 2.030500e+001  2.259748e-005
 2.055250e+001  2.033210e-005
 2.080000e+001  2.299539e-005
 2.104750e+001  2.553322e-005
 2.129500e+001  2.522868e-005
 2.154250e+001  2.418706e-005
 2.179000e+001  2.070948e-005
 2.203750e+001  1.917881e-005
 2.228500e+001  1.910260e-005
 2.253250e+001  2.090857e-005
 2.278000e+001  2.107884e-005
 2.302750e+001  2.361265e-005
 2.327500e+001  2.539842e-005
 2.352250e+001  2.467365e-005
 2.377000e+001  2.144092e-005
 2.401750e+001  1.699537e-005
 2.426500e+001  1.957219e-005
 2.451250e+001  2.146647e-005
 2.476000e+001  2.071847e-005
 2.500750e+001  1.852906e-005
 2.525500e+001  1.892966e-005
 2.550250e+001  2.006800e-005
 2.575000e+001  1.921906e-005
 2.599750e+001  2.055103e-005
 2.624500e+001  2.028999e-005
 2.649250e+001  2.184172e-005
 2.674000e+001  2.204870e-005
 2.698750e+001  2.126285e-005
 2.723500e+001  1.731313e-005
 2.748250e+001  1.586586e-005
 2.773000e+001  1.748825e-005
 2.797750e+001  2.009441e-005
 2.822500e+001  2.273438e-005
 2.847250e+001  1.878550e-005
 2.872000e+001  1.523841e-005
 2.896750e+001  1.825334e-005
 2.921500e+001  1.505400e-005
 2.946250e+001  1.580482e-005
 2.971000e+001  1.712430e-005
 2.995750e+001  1.777151e-005
 3.020500e+001  1.856301e-005
 3.045250e+001  1.868227e-005
 3.070000e+001  1.912105e-005
 3.094750e+001  1.824885e-005
 3.119500e+001  1.695786e-005
 3.144250e+001  1.770479e-005
 3.169000e+001  1.611265e-005
 3.193750e+001  1.600693e-005
 3.218500e+001  1.912330e-005
 3.243250e+001  2.141297e-005
 3.268000e+001  1.642195e-005
 3.292750e+001  2.233453e-005
 3.317500e+001  2.404589e-005
 3.342250e+001  2.373471e-005
 3.367000e+001  2.454033e-005
 3.391750e+001  2.262255e-005
 3.416500e+001  1.798037e-005
 3.441250e+001  1.852084e-005
 3.466000e+001  1.620841e-005
 3.490750e+001  1.520471e-005
 3.515500e+001  1.591095e-005
 3.540250e+001  1.542568e-005
 3.565000e+001  1.653340e-005
 3.589750e+001  1.754015e-005
 3.614500e+001  1.788168e-005
 3.639250e+001  1.643528e-005
 3.664000e+001  1.576780e-005
 3.688750e+001  1.576169e-005
 3.713500e+001  1.663343e-005
 3.738250e+001  1.927126e-005
 3.763000e+001  1.284105e-005
 3.787750e+001  1.410813e-005
 3.812500e+001  1.590371e-005
 3.837250e+001  1.474693e-005
 3.862000e+001  1.466737e-005
 3.886750e+001  1.751425e-005
 3.911500e+001  2.060126e-005
 3.936250e+001  1.974847e-005
 3.961000e+001  1.671369e-005
 3.985750e+001  1.875480e-005
 4.010500e+001  1.644304e-005
 4.035250e+001  1.425929e-005
 4.060000e+001  1.581102e-005
 4.084750e+001  1.790033e-005
 4.109500e+001  2.257353e-005
 4.134250e+001  2.376718e-005
 4.159000e+001  1.946005e-005
 4.183750e+001  1.695160e-005
 4.208500e+001  1.602863e-005
 4.233250e+001  1.599008e-005
 4.258000e+001  1.511205e-005
 4.282750e+001  1.575979e-005
 4.307500e+001  1.515180e-005
 4.332250e+001  1.440254e-005
 4.357000e+001  1.391244e-005
 4.381750e+001  1.402965e-005
 4.406500e+001  1.645599e-005
 4.431250e+001  1.396281e-005
 4.456000e+001  1.542866e-005
 4.480750e+001  1.926910e-005
 4.505500e+001  1.878016e-005
 4.530250e+001  1.834082e-005
 4.555000e+001  2.025899e-005
 4.579750e+001  1.843786e-005
 4.604500e+001  1.993798e-005
 4.629250e+001  1.967039e-005
 4.654000e+001  1.707562e-005
 4.678750e+001  1.454257e-005
 4.703500e+001  1.531540e-005
 4.728250e+001  1.529624e-005
 4.753000e+001  1.676263e-005
 4.777750e+001  1.765056e-005
 4.802500e+001  1.608078e-005
 4.827250e+001  1.640616e-005
 4.852000e+001  1.720719e-005
 4.876750e+001  1.630301e-005
 4.901500e+001  1.791679e-005
 4.926250e+001  1.835371e-005
 4.951000e+001  1.868021e-005
 4.975750e+001  2.364440e-005
 5.000500e+001  3.378215e-005
 5.025250e+001  2.062026e-005
 5.050000e+001  1.410202e-005
 5.074750e+001  1.342383e-005
 5.099500e+001  1.584596e-005
 5.124250e+001  1.794247e-005
 5.149000e+001  1.719662e-005
 5.173750e+001  1.310620e-005
 5.198500e+001  1.439833e-005
 5.223250e+001  1.344235e-005
 5.248000e+001  1.386172e-005
 5.272750e+001  1.279870e-005
 5.297500e+001  1.207071e-005
 5.322250e+001  1.477736e-005
 5.347000e+001  1.483760e-005
 5.371750e+001  1.565147e-005
 5.396500e+001  1.749827e-005
 5.421250e+001  1.680136e-005
 5.446000e+001  1.477583e-005
 5.470750e+001  1.444751e-005
 5.495500e+001  1.399255e-005
 5.520250e+001  1.472262e-005
 5.545000e+001  1.564980e-005
 5.569750e+001  1.982739e-005
 5.594500e+001  1.797632e-005
 5.619250e+001  1.528818e-005
 5.644000e+001  1.665582e-005
 5.668750e+001  1.972014e-005
 5.693500e+001  1.682483e-005
 5.718250e+001  1.439007e-005
 5.743000e+001  1.708004e-005
 5.767750e+001  1.586591e-005
 5.792500e+001  1.126518e-005
 5.817250e+001  1.187200e-005
 5.842000e+001  1.486681e-005
 5.866750e+001  1.456822e-005
 5.891500e+001  1.617631e-005
 5.916250e+001  1.390189e-005
 5.941000e+001  1.519388e-005
 5.965750e+001  1.418793e-005
 5.990500e+001  1.555887e-005
 6.015250e+001  1.796661e-005
 6.040000e+001  1.668894e-005
 6.064750e+001  1.414471e-005
 6.089500e+001  1.717251e-005
 6.114250e+001  1.696608e-005
 6.139000e+001  1.885338e-005
 6.163750e+001  1.477628e-005
 6.188500e+001  1.051194e-005
 6.213250e+001  1.559390e-005
 6.238000e+001  1.599454e-005
 6.262750e+001  1.517228e-005
 6.287500e+001  1.627333e-005
 6.312250e+001  1.815442e-005
 6.337000e+001  1.799076e-005
 6.361750e+001  1.628427e-005
 6.386500e+001  1.564527e-005
 6.411250e+001  1.538814e-005
 6.436000e+001  1.778853e-005
 6.460750e+001  1.994943e-005
 6.485500e+001  1.686826e-005
 6.510250e+001  1.548487e-005
 6.535000e+001  1.737325e-005
 6.559750e+001  1.866151e-005
 6.584500e+001  1.504974e-005
 6.609250e+001  1.274147e-005
 6.634000e+001  1.325093e-005
 6.658750e+001  1.325215e-005
 6.683500e+001  1.327574e-005
 6.708250e+001  1.435171e-005
 6.733000e+001  1.459080e-005
 6.757750e+001  1.358586e-005
 6.782500e+001  1.569264e-005
 6.807250e+001  1.296382e-005
 6.832000e+001  1.336067e-005
 6.856750e+001  1.628347e-005
 6.881500e+001  1.443856e-005
 6.906250e+001  1.463940e-005
 6.931000e+001  1.677669e-005
 6.955750e+001  1.402246e-005
 6.980500e+001  1.373544e-005
 7.005250e+001  1.445889e-005
 7.030000e+001  1.183108e-005
 7.054750e+001  1.246090e-005
 7.079500e+001  1.467104e-005
 7.104250e+001  1.565857e-005
 7.129000e+001  1.552207e-005
 7.153750e+001  1.420406e-005
 7.178500e+001  1.282170e-005
 7.203250e+001  1.315516e-005
 7.228000e+001  1.407288e-005
 7.252750e+001  1.445056e-005
 7.277500e+001  1.368607e-005
 7.302250e+001  1.532530e-005
 7.327000e+001  1.474656e-005
 7.351750e+001  1.168632e-005
 7.376500e+001  1.120249e-005
 7.401250e+001  1.292286e-005
 7.426000e+001  1.559104e-005
 7.450750e+001  1.465184e-005
 7.475500e+001  1.649590e-005
 7.500250e+001  1.677726e-005
 7.525000e+001  1.717629e-005
 7.549750e+001  1.393504e-005
 7.574500e+001  1.032902e-005
 7.599250e+001  1.770846e-005
 7.624000e+001  1.860124e-005
 7.648750e+001  1.335252e-005
 7.673500e+001  1.345281e-005
 7.698250e+001  1.241466e-005
 7.723000e+001  1.309581e-005
 7.747750e+001  1.723835e-005
 7.772500e+001  1.997787e-005
 7.797250e+001  1.566294e-005
 7.822000e+001  1.272998e-005
 7.846750e+001  1.610435e-005
 7.871500e+001  1.590704e-005
 7.896250e+001  1.140429e-005
 7.921000e+001  1.160701e-005
 7.945750e+001  1.501368e-005
 7.970500e+001  1.717140e-005
 7.995250e+001  1.509231e-005
 8.020000e+001  1.202456e-005
 8.044750e+001  1.194747e-005
 8.069500e+001  1.412362e-005
 8.094250e+001  1.575237e-005
 8.119000e+001  1.412509e-005
 8.143750e+001  1.476112e-005
 8.168500e+001  1.303910e-005
 8.193250e+001  1.198182e-005
 8.218000e+001  1.228321e-005
 8.242750e+001  1.201263e-005
 8.267500e+001  1.251810e-005
 8.292250e+001  1.295564e-005
 8.317000e+001  1.596250e-005
 8.341750e+001  1.745670e-005
 8.366500e+001  1.583067e-005
 8.391250e+001  1.626497e-005
 8.416000e+001  1.639391e-005
 8.440750e+001  1.481435e-005
 8.465500e+001  1.031851e-005
 8.490250e+001  1.113033e-005
 8.515000e+001  1.077320e-005
 8.539750e+001  1.617683e-005
 8.564500e+001  1.708254e-005
 8.589250e+001  1.583470e-005
 8.614000e+001  1.648628e-005
 8.638750e+001  1.489573e-005
 8.663500e+001  1.089817e-005
 8.688250e+001  1.124219e-005
 8.713000e+001  1.516359e-005
 8.737750e+001  1.512382e-005
 8.762500e+001  1.632220e-005
 8.787250e+001  1.805694e-005
 8.812000e+001  1.526478e-005
 8.836750e+001  1.369521e-005
 8.861500e+001  1.385189e-005
 8.886250e+001  1.339985e-005
 8.911000e+001  1.555979e-005
 8.935750e+001  1.606367e-005
 8.960500e+001  1.503338e-005
 8.985250e+001  1.371169e-005
 9.010000e+001  1.494875e-005
 9.034750e+001  1.537005e-005
 9.059500e+001  1.497627e-005
 9.084250e+001  1.265166e-005
 9.109000e+001  1.377405e-005
 9.133750e+001  1.229303e-005
 9.158500e+001  1.148880e-005
 9.183250e+001  1.249218e-005
 9.208000e+001  1.521694e-005
 9.232750e+001  1.435658e-005
 9.257500e+001  1.163733e-005
 9.282250e+001  1.451377e-005
 9.307000e+001  1.717489e-005
 9.331750e+001  1.356530e-005
 9.356500e+001  1.458942e-005
 9.381250e+001  1.553319e-005
 9.406000e+001  1.379271e-005
 9.430750e+001  1.511998e-005
 9.455500e+001  1.337661e-005
 9.480250e+001  1.534112e-005
 9.505000e+001  1.539014e-005
 9.529750e+001  1.139740e-005
 9.554500e+001  9.152162e-006
 9.579250e+001  1.117645e-005
 9.604000e+001  1.142716e-005
 9.628750e+001  1.272774e-005
 9.653500e+001  1.617641e-005
 9.678250e+001  1.548876e-005
 9.703000e+001  1.214689e-005
 9.727750e+001  1.308650e-005
 9.752500e+001  1.329988e-005
 9.777250e+001  1.324330e-005
 9.802000e+001  1.573562e-005
 9.826750e+001  1.501172e-005
 9.851500e+001  1.229090e-005
 9.876250e+001  1.145565e-005
 9.901000e+001  1.414305e-005
 9.925750e+001  1.200787e-005
 9.950500e+001  1.202589e-005
 9.975250e+001  1.302807e-005
 1.000000e+002  1.166377e-005
