 1.000000e+000  1.002492e-003
 1.247500e+000  1.213776e-003
 1.495000e+000  1.173172e-003
 1.742500e+000  8.290296e-004
 1.990000e+000  8.902143e-004
 2.237500e+000  7.840144e-004
 2.485000e+000  6.502983e-004
 2.732500e+000  4.982932e-004
 2.980000e+000  5.972696e-004
 3.227500e+000  5.404358e-004
 3.475000e+000  5.434065e-004
 3.722500e+000  5.619565e-004
 3.970000e+000  2.854247e-004
 4.217500e+000  3.489018e-004
 4.465000e+000  4.671063e-004
 4.712500e+000  6.487181e-004
 4.960000e+000  4.894797e-004
 5.207500e+000  5.265440e-004
 5.455000e+000  4.888886e-004
 5.702500e+000  4.198813e-004
 5.950000e+000  3.817248e-004
 6.197500e+000  2.997849e-004
 6.445000e+000  2.633197e-004
 6.692500e+000  2.029391e-004
 6.940000e+000  2.632480e-004
 7.187500e+000  2.117257e-004
 7.435000e+000  2.126488e-004
 7.682500e+000  2.128396e-004
 7.930000e+000  2.734879e-004
 8.177500e+000  3.177564e-004
 8.425000e+000  3.131455e-004
 8.672500e+000  2.987651e-004
 8.920000e+000  3.832041e-004
 9.167500e+000  4.276129e-004
 9.415000e+000  3.150111e-004
 9.662500e+000  3.382997e-004
 9.910000e+000  3.192639e-004
 1.015750e+001  2.291839e-004
 1.040500e+001  3.270977e-004
 1.065250e+001  4.234869e-004
 1.090000e+001  3.293412e-004
 1.114750e+001  3.018527e-004
 1.139500e+001  2.082760e-004
 1.164250e+001  2.260996e-004
 1.189000e+001  2.590546e-004
 1.213750e+001  2.564083e-004
 1.238500e+001  2.560195e-004
 1.263250e+001  1.765382e-004
 1.288000e+001  2.233951e-004
 1.312750e+001  2.901361e-004
 1.337500e+001  2.859476e-004
 1.362250e+001  2.849341e-004
 1.387000e+001  2.507632e-004
 1.411750e+001  2.671126e-004
 1.436500e+001  2.376998e-004
 1.461250e+001  1.934571e-004
 1.486000e+001  2.846394e-004
 1.510750e+001  2.967701e-004
 1.535500e+001  2.702816e-004
 1.560250e+001  1.765459e-004
 1.585000e+001  1.425445e-004
 1.609750e+001  1.495314e-004
 1.634500e+001  2.163732e-004
 1.659250e+001  2.420313e-004
 1.684000e+001  1.832867e-004
 1.708750e+001  1.749796e-004
 1.733500e+001  1.834572e-004
 1.758250e+001  2.107439e-004
 1.783000e+001  2.442355e-004
 1.807750e+001  2.577378e-004
 1.832500e+001  1.498591e-004
 1.857250e+001  1.318173e-004
 1.882000e+001  1.725121e-004
 1.906750e+001  1.778347e-004
 1.931500e+001  1.718229e-004
 1.956250e+001  2.023760e-004
 1.981000e+001  2.183959e-004
 2.005750e+001  1.692613e-004
 2.030500e+001  1.599574e-004
 2.055250e+001  1.813029e-004
 2.080000e+001  1.791247e-004
 2.104750e+001  1.510738e-004
 2.129500e+001  1.507443e-004
 2.154250e+001  1.831093e-004
 2.179000e+001  2.038534e-004
 2.203750e+001  1.848057e-004
 2.228500e+001  2.081963e-004
 2.253250e+001  2.182844e-004
 2.278000e+001  2.149326e-004
 2.302750e+001  1.717118e-004
 2.327500e+001  1.419120e-004
 2.352250e+001  1.452317e-004
 2.377000e+001  1.954764e-004
 2.401750e+001  2.130409e-004
 2.426500e+001  2.070288e-004
 2.451250e+001  1.620004e-004
 2.476000e+001  1.582593e-004
 2.500750e+001  2.143510e-004
 2.525500e+001  1.542678e-004
 2.550250e+001  1.343929e-004
 2.575000e+001  2.057912e-004
 2.599750e+001  1.742815e-004
 2.624500e+001  9.061845e-005
 2.649250e+001  1.142442e-004
 2.674000e+001  1.182383e-004
 2.698750e+001  1.513527e-004
 2.723500e+001  1.928001e-004
 2.748250e+001  2.223680e-004
 2.773000e+001  1.856820e-004
 2.797750e+001  1.321289e-004
 2.822500e+001  1.631971e-004
 2.847250e+001  1.583673e-004
 2.872000e+001  1.175906e-004
 2.896750e+001  1.403014e-004
 2.921500e+001  1.389385e-004
 2.946250e+001  1.117643e-004
 2.971000e+001  1.396384e-004
 2.995750e+001  1.329551e-004
 3.020500e+001  1.589129e-004
 3.045250e+001  1.870449e-004
 3.070000e+001  1.589043e-004
 3.094750e+001  1.124221e-004
 3.119500e+001  1.092173e-004
 3.144250e+001  1.882724e-004
 3.169000e+001  2.050417e-004
 3.193750e+001  1.799864e-004
 3.218500e+001  1.854695e-004
 3.243250e+001  2.120644e-004
 3.268000e+001  2.332378e-004
 3.292750e+001  2.306944e-004
 3.317500e+001  2.604609e-004
 3.342250e+001  2.288244e-004
 3.367000e+001  1.251058e-004
 3.391750e+001  1.220217e-004
 3.416500e+001  1.401833e-004
 3.441250e+001  1.530154e-004
 3.466000e+001  1.689108e-004
 3.490750e+001  1.339636e-004
 3.515500e+001  1.021841e-004
 3.540250e+001  1.025620e-004
 3.565000e+001  1.434242e-004
 3.589750e+001  1.515430e-004
 3.614500e+001  1.248846e-004
 3.639250e+001  8.112447e-005
 3.664000e+001  1.170809e-004
 3.688750e+001  1.440053e-004
 3.713500e+001  1.192284e-004
 3.738250e+001  9.692481e-005
 3.763000e+001  1.509517e-004
 3.787750e+001  1.615376e-004
 3.812500e+001  1.169461e-004
 3.837250e+001  1.324884e-004
 3.862000e+001  1.404328e-004
 3.886750e+001  1.365377e-004
 3.911500e+001  2.293009e-004
 3.936250e+001  2.439555e-004
 3.961000e+001  1.263018e-004
 3.985750e+001  1.460022e-004
 4.010500e+001  1.271162e-004
 4.035250e+001  1.162363e-004
 4.060000e+001  8.043578e-005
 4.084750e+001  1.285293e-004
 4.109500e+001  1.619005e-004
 4.134250e+001  1.517703e-004
 4.159000e+001  1.622673e-004
 4.183750e+001  1.239501e-004
 4.208500e+001  1.275912e-004
 4.233250e+001  1.153529e-004
 4.258000e+001  1.265414e-004
 4.282750e+001  2.225134e-004
 4.307500e+001  1.430664e-004
 4.332250e+001  1.254946e-004
 4.357000e+001  1.519797e-004
 4.381750e+001  1.190461e-004
 4.406500e+001  8.117736e-005
 4.431250e+001  1.005337e-004
 4.456000e+001  1.188584e-004
 4.480750e+001  1.227604e-004
 4.505500e+001  1.323616e-004
 4.530250e+001  1.369570e-004
 4.555000e+001  1.019094e-004
 4.579750e+001  1.160962e-004
 4.604500e+001  1.286890e-004
 4.629250e+001  1.130857e-004
 4.654000e+001  1.152730e-004
 4.678750e+001  8.399374e-005
 4.703500e+001  1.100062e-004
 4.728250e+001  1.300857e-004
 4.753000e+001  1.162435e-004
 4.777750e+001  1.028384e-004
 4.802500e+001  1.679112e-004
 4.827250e+001  1.499926e-004
 4.852000e+001  1.207952e-004
 4.876750e+001  1.408486e-004
 4.901500e+001  1.264587e-004
 4.926250e+001  1.277450e-004
 4.951000e+001  1.630462e-004
 4.975750e+001  7.397230e-003
 5.000500e+001  1.349708e-002
 5.025250e+001  6.120597e-003
 5.050000e+001  2.197607e-004
 5.074750e+001  1.378541e-004
 5.099500e+001  1.188247e-004
 5.124250e+001  1.286204e-004
 5.149000e+001  1.292983e-004
 5.173750e+001  1.382865e-004
 5.198500e+001  1.366534e-004
 5.223250e+001  1.048453e-004
 5.248000e+001  1.175432e-004
 5.272750e+001  8.564779e-005
 5.297500e+001  1.082079e-004
 5.322250e+001  1.180273e-004
 5.347000e+001  1.014919e-004
 5.371750e+001  1.234319e-004
 5.396500e+001  1.403945e-004
 5.421250e+001  1.131305e-004
 5.446000e+001  7.654408e-005
 5.470750e+001  8.133469e-005
 5.495500e+001  8.635399e-005
 5.520250e+001  7.403937e-005
 5.545000e+001  6.721015e-005
 5.569750e+001  8.182122e-005
 5.594500e+001  9.194808e-005
 5.619250e+001  8.890896e-005
 5.644000e+001  9.570991e-005
 5.668750e+001  8.990303e-005
 5.693500e+001  1.090873e-004
 5.718250e+001  1.119032e-004
 5.743000e+001  8.074291e-005
 5.767750e+001  1.015616e-004
 5.792500e+001  9.297752e-005
 5.817250e+001  1.114593e-004
 5.842000e+001  1.083666e-004
 5.866750e+001  1.255826e-004
 5.891500e+001  1.413760e-004
 5.916250e+001  8.800162e-005
 5.941000e+001  9.823358e-005
 5.965750e+001  1.195360e-004
 5.990500e+001  1.088190e-004
 6.015250e+001  1.257474e-004
 6.040000e+001  1.439516e-004
 6.064750e+001  8.466046e-005
 6.089500e+001  7.511284e-005
 6.114250e+001  1.022303e-004
 6.139000e+001  8.696919e-005
 6.163750e+001  9.996464e-005
 6.188500e+001  6.689942e-005
 6.213250e+001  7.838058e-005
 6.238000e+001  9.732486e-005
 6.262750e+001  9.159401e-005
 6.287500e+001  7.161825e-005
 6.312250e+001  7.355552e-005
 6.337000e+001  7.937762e-005
 6.361750e+001  7.485151e-005
 6.386500e+001  7.518660e-005
 6.411250e+001  9.403889e-005
 6.436000e+001  8.260276e-005
 6.460750e+001  7.952590e-005
 6.485500e+001  9.657274e-005
 6.510250e+001  1.042426e-004
 6.535000e+001  8.864380e-005
 6.559750e+001  6.266522e-005
 6.584500e+001  8.788078e-005
 6.609250e+001  7.146026e-005
 6.634000e+001  8.284421e-005
 6.658750e+001  1.182507e-004
 6.683500e+001  1.308134e-004
 6.708250e+001  9.793037e-005
 6.733000e+001  1.024082e-004
 6.757750e+001  8.153774e-005
 6.782500e+001  6.223042e-005
 6.807250e+001  9.636985e-005
 6.832000e+001  8.841657e-005
 6.856750e+001  5.967406e-005
 6.881500e+001  6.942092e-005
 6.906250e+001  6.806656e-005
 6.931000e+001  5.178268e-005
 6.955750e+001  6.458798e-005
 6.980500e+001  1.005592e-004
 7.005250e+001  8.152598e-005
 7.030000e+001  6.053249e-005
 7.054750e+001  5.287732e-005
 7.079500e+001  6.887048e-005
 7.104250e+001  6.791892e-005
 7.129000e+001  7.550876e-005
 7.153750e+001  7.926916e-005
 7.178500e+001  9.834794e-005
 7.203250e+001  8.837446e-005
 7.228000e+001  7.778470e-005
 7.252750e+001  7.609374e-005
 7.277500e+001  8.037325e-005
 7.302250e+001  6.312820e-005
 7.327000e+001  7.753257e-005
 7.351750e+001  7.664614e-005
 7.376500e+001  5.805670e-005
 7.401250e+001  7.861382e-005
 7.426000e+001  6.921277e-005
 7.450750e+001  4.240295e-005
 7.475500e+001  6.399099e-005
 7.500250e+001  6.101497e-005
 7.525000e+001  7.832766e-005
 7.549750e+001  7.542080e-005
 7.574500e+001  3.014474e-004
 7.599250e+001  4.504158e-004
 7.624000e+001  1.589929e-004
 7.648750e+001  6.253343e-005
 7.673500e+001  6.139094e-005
 7.698250e+001  6.129344e-005
 7.723000e+001  5.296071e-005
 7.747750e+001  5.833024e-005
 7.772500e+001  5.289347e-005
 7.797250e+001  6.739493e-005
 7.822000e+001  9.348181e-005
 7.846750e+001  1.188912e-004
 7.871500e+001  1.107161e-004
 7.896250e+001  6.452007e-005
 7.921000e+001  8.495096e-005
 7.945750e+001  8.865912e-005
 7.970500e+001  7.604980e-005
 7.995250e+001  7.481263e-005
 8.020000e+001  7.686230e-005
 8.044750e+001  7.623792e-005
 8.069500e+001  8.282898e-005
 8.094250e+001  8.403713e-005
 8.119000e+001  6.631264e-005
 8.143750e+001  6.889199e-005
 8.168500e+001  9.458152e-005
 8.193250e+001  7.040664e-005
 8.218000e+001  6.802156e-005
 8.242750e+001  7.885891e-005
 8.267500e+001  8.113233e-005
 8.292250e+001  8.769261e-005
 8.317000e+001  8.588238e-005
 8.341750e+001  1.076777e-004
 8.366500e+001  9.404789e-005
 8.391250e+001  6.648814e-005
 8.416000e+001  5.097914e-005
 8.440750e+001  5.777394e-005
 8.465500e+001  4.507717e-005
 8.490250e+001  6.708152e-005
 8.515000e+001  5.890254e-005
 8.539750e+001  3.977213e-005
 8.564500e+001  4.205199e-005
 8.589250e+001  5.053139e-005
 8.614000e+001  5.828530e-005
 8.638750e+001  5.860263e-005
 8.663500e+001  6.146683e-005
 8.688250e+001  8.062408e-005
 8.713000e+001  8.184789e-005
 8.737750e+001  8.048458e-005
 8.762500e+001  9.050318e-005
 8.787250e+001  9.997154e-005
 8.812000e+001  9.095189e-005
 8.836750e+001  7.016249e-005
 8.861500e+001  7.136944e-005
 8.886250e+001  8.375229e-005
 8.911000e+001  4.739438e-005
 8.935750e+001  5.087024e-005
 8.960500e+001  5.133086e-005
 8.985250e+001  4.979324e-005
 9.010000e+001  6.928284e-005
 9.034750e+001  8.418008e-005
 9.059500e+001  6.178650e-005
 9.084250e+001  7.156411e-005
 9.109000e+001  5.069893e-005
 9.133750e+001  1.155616e-004
 9.158500e+001  1.587382e-004
 9.183250e+001  7.145106e-005
 9.208000e+001  6.292605e-005
 9.232750e+001  7.178042e-005
 9.257500e+001  6.244476e-005
 9.282250e+001  5.828190e-005
 9.307000e+001  3.808832e-005
 9.331750e+001  5.334307e-005
 9.356500e+001  5.411323e-005
 9.381250e+001  4.078556e-005
 9.406000e+001  4.284300e-005
 9.430750e+001  6.219705e-005
 9.455500e+001  5.630445e-005
 9.480250e+001  7.016033e-005
 9.505000e+001  7.433312e-005
 9.529750e+001  6.756604e-005
 9.554500e+001  4.950189e-005
 9.579250e+001  4.604759e-005
 9.604000e+001  5.523697e-005
 9.628750e+001  4.792997e-005
 9.653500e+001  4.757360e-005
 9.678250e+001  4.566404e-005
 9.703000e+001  6.355512e-005
 9.727750e+001  5.342851e-005
 9.752500e+001  5.629359e-005
 9.777250e+001  6.822664e-005
 9.802000e+001  6.541083e-005
 9.826750e+001  5.062867e-005
 9.851500e+001  3.191307e-005
 9.876250e+001  5.170839e-005
 9.901000e+001  6.956831e-005
 9.925750e+001  5.756011e-005
 9.950500e+001  5.691798e-005
 9.975250e+001  2.593175e-004
 1.000000e+002  4.803409e-004
