 1.000000e+000  1.618515e-003
 1.247500e+000  1.238672e-003
 1.495000e+000  1.283750e-003
 1.742500e+000  8.619964e-004
 1.990000e+000  4.656363e-004
 2.237500e+000  4.471709e-004
 2.485000e+000  5.553704e-004
 2.732500e+000  5.498960e-004
 2.980000e+000  3.986018e-004
 3.227500e+000  2.368138e-004
 3.475000e+000  3.328826e-004
 3.722500e+000  4.912947e-004
 3.970000e+000  2.196697e-004
 4.217500e+000  4.072701e-004
 4.465000e+000  3.015111e-004
 4.712500e+000  2.805824e-004
 4.960000e+000  3.550816e-004
 5.207500e+000  4.031599e-004
 5.455000e+000  3.022964e-004
 5.702500e+000  2.031458e-004
 5.950000e+000  2.274056e-004
 6.197500e+000  3.364036e-004
 6.445000e+000  4.031859e-004
 6.692500e+000  2.790884e-004
 6.940000e+000  3.034619e-004
 7.187500e+000  2.743686e-004
 7.435000e+000  3.802255e-004
 7.682500e+000  3.494146e-004
 7.930000e+000  2.791266e-004
 8.177500e+000  2.608972e-004
 8.425000e+000  3.701697e-004
 8.672500e+000  3.282075e-004
 8.920000e+000  2.851838e-004
 9.167500e+000  1.963437e-004
 9.415000e+000  2.198873e-004
 9.662500e+000  2.473743e-004
 9.910000e+000  2.404274e-004
 1.015750e+001  2.002004e-004
 1.040500e+001  1.719557e-004
 1.065250e+001  1.011232e-004
 1.090000e+001  2.475738e-004
 1.114750e+001  1.788519e-004
 1.139500e+001  2.205176e-004
 1.164250e+001  1.947512e-004
 1.189000e+001  1.182482e-004
 1.213750e+001  1.911599e-004
 1.238500e+001  2.739563e-004
 1.263250e+001  2.212072e-004
 1.288000e+001  2.599486e-004
 1.312750e+001  3.255508e-004
 1.337500e+001  2.353593e-004
 1.362250e+001  1.310942e-004
 1.387000e+001  1.759461e-004
 1.411750e+001  1.444371e-004
 1.436500e+001  1.818095e-004
 1.461250e+001  1.612947e-004
 1.486000e+001  1.183634e-004
 1.510750e+001  1.556438e-004
 1.535500e+001  1.467231e-004
 1.560250e+001  1.687722e-004
 1.585000e+001  1.780436e-004
 1.609750e+001  9.630595e-005
 1.634500e+001  1.703624e-004
 1.659250e+001  1.743588e-004
 1.684000e+001  2.746658e-004
 1.708750e+001  2.565391e-004
 1.733500e+001  1.285704e-004
 1.758250e+001  1.663536e-004
 1.783000e+001  2.073068e-004
 1.807750e+001  2.634201e-004
 1.832500e+001  1.991177e-004
 1.857250e+001  1.110185e-004
 1.882000e+001  1.478374e-004
 1.906750e+001  1.852520e-004
 1.931500e+001  2.046011e-004
 1.956250e+001  2.752311e-004
 1.981000e+001  2.161632e-004
 2.005750e+001  2.199293e-004
 2.030500e+001  1.796860e-004
 2.055250e+001  1.339904e-004
 2.080000e+001  1.181388e-004
 2.104750e+001  1.273967e-004
 2.129500e+001  1.738516e-004
 2.154250e+001  1.659589e-004
 2.179000e+001  1.518443e-004
 2.203750e+001  1.150482e-004
 2.228500e+001  1.359274e-004
 2.253250e+001  1.629725e-004
 2.278000e+001  1.585858e-004
 2.302750e+001  1.185817e-004
 2.327500e+001  1.056963e-004
 2.352250e+001  1.144666e-004
 2.377000e+001  1.631918e-004
 2.401750e+001  1.011214e-004
 2.426500e+001  1.696378e-004
 2.451250e+001  1.696801e-004
 2.476000e+001  1.425337e-004
 2.500750e+001  1.549829e-004
 2.525500e+001  1.459829e-004
 2.550250e+001  1.665641e-004
 2.575000e+001  2.052557e-004
 2.599750e+001  1.791269e-004
 2.624500e+001  1.366988e-004
 2.649250e+001  1.130883e-004
 2.674000e+001  1.546572e-004
 2.698750e+001  1.874547e-004
 2.723500e+001  1.767828e-004
 2.748250e+001  1.541384e-004
 2.773000e+001  1.231798e-004
 2.797750e+001  1.590936e-004
 2.822500e+001  1.782922e-004
 2.847250e+001  1.834535e-004
 2.872000e+001  1.543154e-004
 2.896750e+001  1.393125e-004
 2.921500e+001  1.472106e-004
 2.946250e+001  1.252075e-004
 2.971000e+001  1.466418e-004
 2.995750e+001  1.344832e-004
 3.020500e+001  1.973519e-004
 3.045250e+001  1.644437e-004
 3.070000e+001  1.137054e-004
 3.094750e+001  1.225948e-004
 3.119500e+001  9.675840e-005
 3.144250e+001  1.275993e-004
 3.169000e+001  1.327315e-004
 3.193750e+001  1.034764e-004
 3.218500e+001  8.066569e-005
 3.243250e+001  1.440352e-004
 3.268000e+001  1.465204e-004
 3.292750e+001  1.242865e-004
 3.317500e+001  2.199444e-004
 3.342250e+001  1.880358e-004
 3.367000e+001  1.006979e-004
 3.391750e+001  7.697524e-005
 3.416500e+001  7.886601e-005
 3.441250e+001  9.605870e-005
 3.466000e+001  1.231153e-004
 3.490750e+001  1.195465e-004
 3.515500e+001  1.142571e-004
 3.540250e+001  1.454578e-004
 3.565000e+001  1.286433e-004
 3.589750e+001  8.206812e-005
 3.614500e+001  9.542549e-005
 3.639250e+001  8.282302e-005
 3.664000e+001  1.231621e-004
 3.688750e+001  8.954665e-005
 3.713500e+001  7.028288e-005
 3.738250e+001  1.293076e-004
 3.763000e+001  1.916675e-004
 3.787750e+001  1.906980e-004
 3.812500e+001  1.413462e-004
 3.837250e+001  1.163666e-004
 3.862000e+001  1.625347e-004
 3.886750e+001  1.731237e-004
 3.911500e+001  1.773271e-004
 3.936250e+001  1.036869e-004
 3.961000e+001  1.088992e-004
 3.985750e+001  7.452088e-005
 4.010500e+001  9.671698e-005
 4.035250e+001  1.233998e-004
 4.060000e+001  1.090593e-004
 4.084750e+001  1.032995e-004
 4.109500e+001  7.813589e-005
 4.134250e+001  9.589159e-005
 4.159000e+001  1.395126e-004
 4.183750e+001  1.239785e-004
 4.208500e+001  9.512488e-005
 4.233250e+001  9.631839e-005
 4.258000e+001  8.867991e-005
 4.282750e+001  1.653328e-004
 4.307500e+001  1.149788e-004
 4.332250e+001  9.226336e-005
 4.357000e+001  8.627884e-005
 4.381750e+001  9.061925e-005
 4.406500e+001  1.197108e-004
 4.431250e+001  1.070561e-004
 4.456000e+001  1.272515e-004
 4.480750e+001  1.281070e-004
 4.505500e+001  1.026209e-004
 4.530250e+001  1.184392e-004
 4.555000e+001  1.505000e-004
 4.579750e+001  1.363064e-004
 4.604500e+001  8.374555e-005
 4.629250e+001  7.974229e-005
 4.654000e+001  1.036829e-004
 4.678750e+001  1.234933e-004
 4.703500e+001  9.762589e-005
 4.728250e+001  5.405845e-005
 4.753000e+001  6.255293e-005
 4.777750e+001  8.907740e-005
 4.802500e+001  1.010862e-004
 4.827250e+001  1.383753e-004
 4.852000e+001  1.253134e-004
 4.876750e+001  1.293492e-004
 4.901500e+001  1.039844e-004
 4.926250e+001  2.267662e-004
 4.951000e+001  9.572785e-004
 4.975750e+001  8.996406e-003
 5.000500e+001  1.176319e-002
 5.025250e+001  3.528732e-003
 5.050000e+001  3.463710e-004
 5.074750e+001  1.479844e-004
 5.099500e+001  9.059309e-005
 5.124250e+001  1.136869e-004
 5.149000e+001  1.275912e-004
 5.173750e+001  1.398309e-004
 5.198500e+001  1.205984e-004
 5.223250e+001  8.456551e-005
 5.248000e+001  9.811648e-005
 5.272750e+001  1.016122e-004
 5.297500e+001  6.318698e-005
 5.322250e+001  2.942275e-005
 5.347000e+001  6.159711e-005
 5.371750e+001  8.182121e-005
 5.396500e+001  8.605320e-005
 5.421250e+001  9.181981e-005
 5.446000e+001  9.441160e-005
 5.470750e+001  8.860354e-005
 5.495500e+001  8.025832e-005
 5.520250e+001  9.795540e-005
 5.545000e+001  7.844453e-005
 5.569750e+001  7.183836e-005
 5.594500e+001  1.163352e-004
 5.619250e+001  1.331326e-004
 5.644000e+001  9.167433e-005
 5.668750e+001  7.488215e-005
 5.693500e+001  5.595522e-005
 5.718250e+001  7.920346e-005
 5.743000e+001  1.063783e-004
 5.767750e+001  1.089596e-004
 5.792500e+001  1.221989e-004
 5.817250e+001  1.147951e-004
 5.842000e+001  1.326429e-004
 5.866750e+001  1.390635e-004
 5.891500e+001  1.162141e-004
 5.916250e+001  9.891686e-005
 5.941000e+001  6.681088e-005
 5.965750e+001  7.006182e-005
 5.990500e+001  1.074393e-004
 6.015250e+001  8.843945e-005
 6.040000e+001  6.089057e-005
 6.064750e+001  9.076637e-005
 6.089500e+001  9.330357e-005
 6.114250e+001  8.218162e-005
 6.139000e+001  6.889821e-005
 6.163750e+001  6.558405e-005
 6.188500e+001  6.975585e-005
 6.213250e+001  5.185047e-005
 6.238000e+001  8.093858e-005
 6.262750e+001  6.906366e-005
 6.287500e+001  6.093710e-005
 6.312250e+001  4.329103e-005
 6.337000e+001  4.074587e-005
 6.361750e+001  7.427907e-005
 6.386500e+001  8.604055e-005
 6.411250e+001  6.068354e-005
 6.436000e+001  7.785708e-005
 6.460750e+001  8.109671e-005
 6.485500e+001  7.072195e-005
 6.510250e+001  6.071597e-005
 6.535000e+001  9.690961e-005
 6.559750e+001  9.476796e-005
 6.584500e+001  7.971292e-005
 6.609250e+001  9.916357e-005
 6.634000e+001  9.751619e-005
 6.658750e+001  8.672047e-005
 6.683500e+001  8.081917e-005
 6.708250e+001  7.866518e-005
 6.733000e+001  7.067341e-005
 6.757750e+001  6.784903e-005
 6.782500e+001  9.536265e-005
 6.807250e+001  8.460104e-005
 6.832000e+001  7.782469e-005
 6.856750e+001  1.039175e-004
 6.881500e+001  8.720752e-005
 6.906250e+001  6.180008e-005
 6.931000e+001  7.050052e-005
 6.955750e+001  7.147051e-005
 6.980500e+001  6.855281e-005
 7.005250e+001  6.663465e-005
 7.030000e+001  6.053829e-005
 7.054750e+001  6.228912e-005
 7.079500e+001  8.487990e-005
 7.104250e+001  1.109721e-004
 7.129000e+001  1.180445e-004
 7.153750e+001  1.066670e-004
 7.178500e+001  8.803927e-005
 7.203250e+001  5.538093e-005
 7.228000e+001  6.218228e-005
 7.252750e+001  8.320187e-005
 7.277500e+001  8.237612e-005
 7.302250e+001  7.844561e-005
 7.327000e+001  6.096810e-005
 7.351750e+001  6.328561e-005
 7.376500e+001  7.175984e-005
 7.401250e+001  6.287654e-005
 7.426000e+001  7.815571e-005
 7.450750e+001  7.441642e-005
 7.475500e+001  7.785746e-005
 7.500250e+001  7.802089e-005
 7.525000e+001  6.405620e-005
 7.549750e+001  1.014333e-004
 7.574500e+001  3.197941e-004
 7.599250e+001  3.417277e-004
 7.624000e+001  1.133058e-004
 7.648750e+001  6.548991e-005
 7.673500e+001  5.640692e-005
 7.698250e+001  7.583125e-005
 7.723000e+001  8.758630e-005
 7.747750e+001  8.432382e-005
 7.772500e+001  7.472807e-005
 7.797250e+001  1.167226e-004
 7.822000e+001  1.442762e-004
 7.846750e+001  1.252745e-004
 7.871500e+001  8.100559e-005
 7.896250e+001  5.541746e-005
 7.921000e+001  6.874668e-005
 7.945750e+001  5.083100e-005
 7.970500e+001  6.945062e-005
 7.995250e+001  9.130675e-005
 8.020000e+001  8.744380e-005
 8.044750e+001  5.830834e-005
 8.069500e+001  4.719127e-005
 8.094250e+001  6.076168e-005
 8.119000e+001  4.942044e-005
 8.143750e+001  6.952394e-005
 8.168500e+001  7.738129e-005
 8.193250e+001  6.249397e-005
 8.218000e+001  2.916128e-005
 8.242750e+001  7.438900e-005
 8.267500e+001  8.489672e-005
 8.292250e+001  7.434234e-005
 8.317000e+001  8.056083e-005
 8.341750e+001  6.041589e-005
 8.366500e+001  6.251878e-005
 8.391250e+001  7.089100e-005
 8.416000e+001  6.158586e-005
 8.440750e+001  6.804276e-005
 8.465500e+001  6.773824e-005
 8.490250e+001  4.053899e-005
 8.515000e+001  5.691654e-005
 8.539750e+001  7.149296e-005
 8.564500e+001  5.528326e-005
 8.589250e+001  4.034148e-005
 8.614000e+001  6.963673e-005
 8.638750e+001  7.381906e-005
 8.663500e+001  7.089924e-005
 8.688250e+001  7.262600e-005
 8.713000e+001  7.810203e-005
 8.737750e+001  7.848194e-005
 8.762500e+001  5.818587e-005
 8.787250e+001  5.137822e-005
 8.812000e+001  5.410521e-005
 8.836750e+001  5.331468e-005
 8.861500e+001  4.765922e-005
 8.886250e+001  5.297028e-005
 8.911000e+001  4.936109e-005
 8.935750e+001  8.429949e-005
 8.960500e+001  5.603343e-005
 8.985250e+001  4.209803e-005
 9.010000e+001  5.435120e-005
 9.034750e+001  6.667988e-005
 9.059500e+001  7.730347e-005
 9.084250e+001  8.139596e-005
 9.109000e+001  8.420865e-005
 9.133750e+001  1.432011e-004
 9.158500e+001  1.720545e-004
 9.183250e+001  1.015231e-004
 9.208000e+001  7.907693e-005
 9.232750e+001  8.256071e-005
 9.257500e+001  4.811521e-005
 9.282250e+001  5.478761e-005
 9.307000e+001  6.037814e-005
 9.331750e+001  3.819373e-005
 9.356500e+001  6.055783e-005
 9.381250e+001  6.186482e-005
 9.406000e+001  4.214103e-005
 9.430750e+001  4.472831e-005
 9.455500e+001  3.933332e-005
 9.480250e+001  6.362136e-005
 9.505000e+001  4.187371e-005
 9.529750e+001  3.661045e-005
 9.554500e+001  7.912994e-005
 9.579250e+001  7.152348e-005
 9.604000e+001  4.603190e-005
 9.628750e+001  6.233418e-005
 9.653500e+001  6.234496e-005
 9.678250e+001  6.563787e-005
 9.703000e+001  5.933398e-005
 9.727750e+001  6.413843e-005
 9.752500e+001  6.378743e-005
 9.777250e+001  6.956453e-005
 9.802000e+001  5.418135e-005
 9.826750e+001  4.202244e-005
 9.851500e+001  5.387748e-005
 9.876250e+001  3.496649e-005
 9.901000e+001  1.772812e-005
 9.925750e+001  3.319882e-005
 9.950500e+001  1.408893e-004
 9.975250e+001  5.679298e-004
 1.000000e+002  5.168963e-004
