 1.000000e+000  4.646571e-004
 1.247500e+000  3.699978e-004
 1.495000e+000  3.735813e-004
 1.742500e+000  4.310573e-004
 1.990000e+000  3.863486e-004
 2.237500e+000  2.059487e-004
 2.485000e+000  1.678972e-004
 2.732500e+000  2.127255e-004
 2.980000e+000  2.250896e-004
 3.227500e+000  1.558710e-004
 3.475000e+000  1.664921e-004
 3.722500e+000  1.812698e-004
 3.970000e+000  2.084608e-004
 4.217500e+000  1.837515e-004
 4.465000e+000  1.781355e-004
 4.712500e+000  2.162660e-004
 4.960000e+000  2.083759e-004
 5.207500e+000  1.171257e-004
 5.455000e+000  1.531893e-004
 5.702500e+000  2.177106e-004
 5.950000e+000  2.040189e-004
 6.197500e+000  1.883752e-004
 6.445000e+000  1.660459e-004
 6.692500e+000  8.698551e-005
 6.940000e+000  1.108947e-004
 7.187500e+000  1.754080e-004
 7.435000e+000  1.623667e-004
 7.682500e+000  1.645524e-004
 7.930000e+000  1.425423e-004
 8.177500e+000  1.472296e-004
 8.425000e+000  1.663283e-004
 8.672500e+000  1.530125e-004
 8.920000e+000  1.562094e-004
 9.167500e+000  1.511265e-004
 9.415000e+000  1.083860e-004
 9.662500e+000  1.447636e-004
 9.910000e+000  1.369458e-004
 1.015750e+001  1.465203e-004
 1.040500e+001  1.064403e-004
 1.065250e+001  1.431000e-004
 1.090000e+001  1.235781e-004
 1.114750e+001  1.279525e-004
 1.139500e+001  1.145125e-004
 1.164250e+001  1.328631e-004
 1.189000e+001  1.021426e-004
 1.213750e+001  9.185760e-005
 1.238500e+001  8.721594e-005
 1.263250e+001  1.001990e-004
 1.288000e+001  9.805955e-005
 1.312750e+001  1.100002e-004
 1.337500e+001  8.019842e-005
 1.362250e+001  7.977642e-005
 1.387000e+001  6.981298e-005
 1.411750e+001  5.164523e-005
 1.436500e+001  7.218965e-005
 1.461250e+001  3.882584e-005
 1.486000e+001  1.003371e-004
 1.510750e+001  9.992021e-005
 1.535500e+001  1.051590e-004
 1.560250e+001  1.502845e-004
 1.585000e+001  1.352741e-004
 1.609750e+001  1.076626e-004
 1.634500e+001  1.029959e-004
 1.659250e+001  6.463839e-005
 1.684000e+001  9.278893e-005
 1.708750e+001  3.910872e-005
 1.733500e+001  1.138885e-004
 1.758250e+001  1.091118e-004
 1.783000e+001  8.688119e-005
 1.807750e+001  8.378746e-005
 1.832500e+001  9.015232e-005
 1.857250e+001  8.922956e-005
 1.882000e+001  1.155960e-004
 1.906750e+001  1.273520e-004
 1.931500e+001  7.370892e-005
 1.956250e+001  9.736509e-005
 1.981000e+001  9.200006e-005
 2.005750e+001  8.450183e-005
 2.030500e+001  9.824666e-005
 2.055250e+001  1.119590e-004
 2.080000e+001  1.002884e-004
 2.104750e+001  7.587948e-005
 2.129500e+001  1.164043e-004
 2.154250e+001  1.372331e-004
 2.179000e+001  1.040521e-004
 2.203750e+001  9.760710e-005
 2.228500e+001  1.097118e-004
 2.253250e+001  9.009319e-005
 2.278000e+001  1.219726e-004
 2.302750e+001  8.635799e-005
 2.327500e+001  5.690888e-005
 2.352250e+001  7.550800e-005
 2.377000e+001  1.338403e-004
 2.401750e+001  1.105052e-004
 2.426500e+001  9.253464e-005
 2.451250e+001  5.880802e-005
 2.476000e+001  1.143357e-004
 2.500750e+001  1.061574e-004
 2.525500e+001  7.710859e-005
 2.550250e+001  1.004836e-004
 2.575000e+001  1.131280e-004
 2.599750e+001  1.083391e-004
 2.624500e+001  3.245483e-005
 2.649250e+001  8.406766e-005
 2.674000e+001  1.017319e-004
 2.698750e+001  8.023885e-005
 2.723500e+001  6.286765e-005
 2.748250e+001  6.341747e-005
 2.773000e+001  1.118022e-004
 2.797750e+001  9.702448e-005
 2.822500e+001  7.121981e-005
 2.847250e+001  9.173083e-005
 2.872000e+001  7.199006e-005
 2.896750e+001  5.138589e-005
 2.921500e+001  8.089243e-005
 2.946250e+001  6.575611e-005
 2.971000e+001  8.900404e-005
 2.995750e+001  8.065114e-005
 3.020500e+001  6.427899e-005
 3.045250e+001  9.022024e-005
 3.070000e+001  8.562226e-005
 3.094750e+001  9.108263e-005
 3.119500e+001  8.542710e-005
 3.144250e+001  9.504334e-005
 3.169000e+001  9.430432e-005
 3.193750e+001  5.929802e-005
 3.218500e+001  7.479660e-005
 3.243250e+001  9.711291e-005
 3.268000e+001  1.001581e-004
 3.292750e+001  9.339501e-005
 3.317500e+001  1.020416e-004
 3.342250e+001  9.944931e-005
 3.367000e+001  6.271535e-005
 3.391750e+001  5.520484e-005
 3.416500e+001  6.632129e-005
 3.441250e+001  8.966264e-005
 3.466000e+001  1.090001e-004
 3.490750e+001  6.183245e-005
 3.515500e+001  4.733502e-005
 3.540250e+001  5.603806e-005
 3.565000e+001  4.011169e-005
 3.589750e+001  5.451048e-005
 3.614500e+001  8.267467e-005
 3.639250e+001  9.983294e-005
 3.664000e+001  9.814898e-005
 3.688750e+001  1.138442e-004
 3.713500e+001  1.245951e-004
 3.738250e+001  1.169610e-004
 3.763000e+001  1.118322e-004
 3.787750e+001  1.074016e-004
 3.812500e+001  6.954615e-005
 3.837250e+001  8.350735e-005
 3.862000e+001  9.526510e-005
 3.886750e+001  7.058945e-005
 3.911500e+001  1.017163e-004
 3.936250e+001  1.016003e-004
 3.961000e+001  7.960994e-005
 3.985750e+001  5.088069e-005
 4.010500e+001  1.123940e-004
 4.035250e+001  1.272539e-004
 4.060000e+001  1.147926e-004
 4.084750e+001  9.916120e-005
 4.109500e+001  5.397408e-005
 4.134250e+001  6.775176e-005
 4.159000e+001  8.449155e-005
 4.183750e+001  5.539378e-005
 4.208500e+001  3.745310e-005
 4.233250e+001  6.257172e-005
 4.258000e+001  7.293190e-005
 4.282750e+001  1.040437e-004
 4.307500e+001  8.713787e-005
 4.332250e+001  5.731304e-005
 4.357000e+001  3.284078e-005
 4.381750e+001  5.022636e-005
 4.406500e+001  6.602147e-005
 4.431250e+001  3.661286e-005
 4.456000e+001  6.710024e-005
 4.480750e+001  8.932562e-005
 4.505500e+001  9.844653e-005
 4.530250e+001  7.961282e-005
 4.555000e+001  4.598589e-005
 4.579750e+001  8.434109e-005
 4.604500e+001  8.558193e-005
 4.629250e+001  6.043473e-005
 4.654000e+001  6.663265e-005
 4.678750e+001  6.629486e-005
 4.703500e+001  8.974980e-005
 4.728250e+001  6.432159e-005
 4.753000e+001  6.468333e-005
 4.777750e+001  7.707403e-005
 4.802500e+001  6.533649e-005
 4.827250e+001  7.517941e-005
 4.852000e+001  7.428852e-005
 4.876750e+001  6.394437e-005
 4.901500e+001  7.011101e-005
 4.926250e+001  7.946885e-005
 4.951000e+001  6.512869e-005
 4.975750e+001  3.882893e-004
 5.000500e+001  6.875494e-004
 5.025250e+001  3.346457e-004
 5.050000e+001  8.725258e-005
 5.074750e+001  8.374187e-005
 5.099500e+001  5.323138e-005
 5.124250e+001  6.603504e-005
 5.149000e+001  8.052874e-005
 5.173750e+001  7.674773e-005
 5.198500e+001  8.705542e-005
 5.223250e+001  9.874118e-005
 5.248000e+001  9.519465e-005
 5.272750e+001  9.349677e-005
 5.297500e+001  9.195465e-005
 5.322250e+001  8.616456e-005
 5.347000e+001  8.373891e-005
 5.371750e+001  5.932798e-005
 5.396500e+001  6.398485e-005
 5.421250e+001  8.780378e-005
 5.446000e+001  4.610456e-005
 5.470750e+001  7.832496e-005
 5.495500e+001  1.029634e-004
 5.520250e+001  9.151101e-005
 5.545000e+001  1.067395e-004
 5.569750e+001  1.153035e-004
 5.594500e+001  8.621504e-005
 5.619250e+001  7.807950e-005
 5.644000e+001  6.279306e-005
 5.668750e+001  7.594259e-005
 5.693500e+001  8.512206e-005
 5.718250e+001  6.415698e-005
 5.743000e+001  3.860844e-005
 5.767750e+001  7.325624e-005
 5.792500e+001  7.085893e-005
 5.817250e+001  6.386125e-005
 5.842000e+001  8.370137e-005
 5.866750e+001  9.113768e-005
 5.891500e+001  8.873869e-005
 5.916250e+001  6.451655e-005
 5.941000e+001  5.883084e-005
 5.965750e+001  7.678504e-005
 5.990500e+001  6.560699e-005
 6.015250e+001  8.702179e-005
 6.040000e+001  6.765175e-005
 6.064750e+001  6.382639e-005
 6.089500e+001  9.111410e-005
 6.114250e+001  7.127107e-005
 6.139000e+001  6.412693e-005
 6.163750e+001  4.506276e-005
 6.188500e+001  7.689941e-005
 6.213250e+001  5.324544e-005
 6.238000e+001  5.549743e-005
 6.262750e+001  5.058027e-005
 6.287500e+001  7.636941e-005
 6.312250e+001  6.550122e-005
 6.337000e+001  8.596327e-005
 6.361750e+001  4.692676e-005
 6.386500e+001  7.453165e-005
 6.411250e+001  9.434991e-005
 6.436000e+001  9.354069e-005
 6.460750e+001  9.177659e-005
 6.485500e+001  1.082670e-004
 6.510250e+001  1.021266e-004
 6.535000e+001  9.478659e-005
 6.559750e+001  6.905619e-005
 6.584500e+001  4.856141e-005
 6.609250e+001  5.104571e-005
 6.634000e+001  8.442620e-005
 6.658750e+001  9.333320e-005
 6.683500e+001  8.079821e-005
 6.708250e+001  6.360908e-005
 6.733000e+001  6.047213e-005
 6.757750e+001  7.370609e-005
 6.782500e+001  5.878888e-005
 6.807250e+001  4.866903e-005
 6.832000e+001  6.119429e-005
 6.856750e+001  7.058140e-005
 6.881500e+001  8.006035e-005
 6.906250e+001  6.916749e-005
 6.931000e+001  7.179456e-005
 6.955750e+001  7.397132e-005
 6.980500e+001  5.737534e-005
 7.005250e+001  5.607422e-005
 7.030000e+001  5.664667e-005
 7.054750e+001  6.294125e-005
 7.079500e+001  8.186644e-005
 7.104250e+001  1.050757e-004
 7.129000e+001  5.737075e-005
 7.153750e+001  5.198705e-005
 7.178500e+001  8.126838e-005
 7.203250e+001  1.030761e-004
 7.228000e+001  8.716397e-005
 7.252750e+001  9.190389e-005
 7.277500e+001  1.121840e-004
 7.302250e+001  8.001732e-005
 7.327000e+001  8.902296e-005
 7.351750e+001  7.501795e-005
 7.376500e+001  4.343101e-005
 7.401250e+001  9.537959e-005
 7.426000e+001  1.116847e-004
 7.450750e+001  8.436378e-005
 7.475500e+001  8.736849e-005
 7.500250e+001  8.234591e-005
 7.525000e+001  5.475506e-005
 7.549750e+001  5.798407e-005
 7.574500e+001  6.095703e-005
 7.599250e+001  4.147637e-005
 7.624000e+001  8.911289e-005
 7.648750e+001  9.751870e-005
 7.673500e+001  7.072455e-005
 7.698250e+001  6.316881e-005
 7.723000e+001  8.134383e-005
 7.747750e+001  9.648085e-005
 7.772500e+001  7.867561e-005
 7.797250e+001  6.634616e-005
 7.822000e+001  9.765259e-005
 7.846750e+001  8.957154e-005
 7.871500e+001  6.024800e-005
 7.896250e+001  7.031633e-005
 7.921000e+001  5.421941e-005
 7.945750e+001  7.843338e-005
 7.970500e+001  7.922900e-005
 7.995250e+001  9.739629e-005
 8.020000e+001  8.428359e-005
 8.044750e+001  6.182763e-005
 8.069500e+001  9.933681e-005
 8.094250e+001  9.665638e-005
 8.119000e+001  6.895241e-005
 8.143750e+001  3.951556e-005
 8.168500e+001  6.223243e-005
 8.193250e+001  7.285735e-005
 8.218000e+001  6.565536e-005
 8.242750e+001  6.515070e-005
 8.267500e+001  7.256096e-005
 8.292250e+001  8.837313e-005
 8.317000e+001  6.095876e-005
 8.341750e+001  7.390225e-005
 8.366500e+001  8.487042e-005
 8.391250e+001  9.119262e-005
 8.416000e+001  8.045405e-005
 8.440750e+001  1.011732e-004
 8.465500e+001  7.333798e-005
 8.490250e+001  4.446560e-005
 8.515000e+001  1.041333e-004
 8.539750e+001  7.973847e-005
 8.564500e+001  3.946461e-005
 8.589250e+001  5.740093e-005
 8.614000e+001  8.606717e-005
 8.638750e+001  7.610822e-005
 8.663500e+001  9.330970e-005
 8.688250e+001  1.020509e-004
 8.713000e+001  8.349169e-005
 8.737750e+001  5.652104e-005
 8.762500e+001  6.580552e-005
 8.787250e+001  6.041995e-005
 8.812000e+001  5.899336e-005
 8.836750e+001  7.327406e-005
 8.861500e+001  9.181836e-005
 8.886250e+001  7.429896e-005
 8.911000e+001  1.006558e-004
 8.935750e+001  9.164489e-005
 8.960500e+001  9.125579e-005
 8.985250e+001  7.131206e-005
 9.010000e+001  7.031462e-005
 9.034750e+001  8.399149e-005
 9.059500e+001  5.932918e-005
 9.084250e+001  5.811877e-005
 9.109000e+001  4.922771e-005
 9.133750e+001  8.427483e-005
 9.158500e+001  6.553515e-005
 9.183250e+001  6.340468e-005
 9.208000e+001  7.652855e-005
 9.232750e+001  5.533865e-005
 9.257500e+001  7.581223e-005
 9.282250e+001  5.377455e-005
 9.307000e+001  5.955882e-005
 9.331750e+001  7.129124e-005
 9.356500e+001  1.117893e-004
 9.381250e+001  9.988348e-005
 9.406000e+001  8.400847e-005
 9.430750e+001  5.162827e-005
 9.455500e+001  7.565883e-005
 9.480250e+001  7.693080e-005
 9.505000e+001  5.918189e-005
 9.529750e+001  7.555448e-005
 9.554500e+001  8.743416e-005
 9.579250e+001  8.919021e-005
 9.604000e+001  9.710899e-005
 9.628750e+001  1.286505e-004
 9.653500e+001  1.083229e-004
 9.678250e+001  8.075636e-005
 9.703000e+001  7.122235e-005
 9.727750e+001  6.303075e-005
 9.752500e+001  8.218171e-005
 9.777250e+001  9.188259e-005
 9.802000e+001  9.101816e-005
 9.826750e+001  6.265902e-005
 9.851500e+001  5.081892e-005
 9.876250e+001  7.707754e-005
 9.901000e+001  1.054763e-004
 9.925750e+001  1.131928e-004
 9.950500e+001  9.959784e-005
 9.975250e+001  9.221337e-005
 1.000000e+002  8.298252e-005
