 1.000000e+000  7.483236e-004
 1.247500e+000  5.916447e-004
 1.495000e+000  7.822714e-004
 1.742500e+000  6.574664e-004
 1.990000e+000  8.642169e-004
 2.237500e+000  8.734391e-004
 2.485000e+000  6.881606e-004
 2.732500e+000  7.321463e-004
 2.980000e+000  3.222766e-004
 3.227500e+000  3.502120e-004
 3.475000e+000  4.982488e-004
 3.722500e+000  4.764409e-004
 3.970000e+000  3.955839e-004
 4.217500e+000  4.112530e-004
 4.465000e+000  3.055933e-004
 4.712500e+000  4.104524e-004
 4.960000e+000  5.060842e-004
 5.207500e+000  3.097397e-004
 5.455000e+000  2.526768e-004
 5.702500e+000  3.681863e-004
 5.950000e+000  3.616405e-004
 6.197500e+000  2.491202e-004
 6.445000e+000  3.927346e-004
 6.692500e+000  5.236765e-004
 6.940000e+000  4.408189e-004
 7.187500e+000  2.104278e-004
 7.435000e+000  2.941928e-004
 7.682500e+000  3.248853e-004
 7.930000e+000  2.692448e-004
 8.177500e+000  2.142323e-004
 8.425000e+000  1.273773e-004
 8.672500e+000  2.199376e-004
 8.920000e+000  2.318500e-004
 9.167500e+000  3.260715e-004
 9.415000e+000  3.832067e-004
 9.662500e+000  2.942842e-004
 9.910000e+000  2.331014e-004
 1.015750e+001  2.063499e-004
 1.040500e+001  2.030787e-004
 1.065250e+001  1.830431e-004
 1.090000e+001  2.262942e-004
 1.114750e+001  3.002292e-004
 1.139500e+001  2.522312e-004
 1.164250e+001  2.541937e-004
 1.189000e+001  2.317730e-004
 1.213750e+001  1.507235e-004
 1.238500e+001  1.219568e-004
 1.263250e+001  1.706721e-004
 1.288000e+001  2.766750e-004
 1.312750e+001  2.223854e-004
 1.337500e+001  1.830250e-004
 1.362250e+001  2.914117e-004
 1.387000e+001  2.404546e-004
 1.411750e+001  2.016403e-004
 1.436500e+001  1.521222e-004
 1.461250e+001  2.024388e-004
 1.486000e+001  2.587866e-004
 1.510750e+001  2.161893e-004
 1.535500e+001  1.522273e-004
 1.560250e+001  1.344718e-004
 1.585000e+001  1.238925e-004
 1.609750e+001  1.006910e-004
 1.634500e+001  1.339932e-004
 1.659250e+001  2.138271e-004
 1.684000e+001  2.401999e-004
 1.708750e+001  1.814576e-004
 1.733500e+001  1.561563e-004
 1.758250e+001  1.908266e-004
 1.783000e+001  1.750209e-004
 1.807750e+001  1.606505e-004
 1.832500e+001  2.211681e-004
 1.857250e+001  2.316055e-004
 1.882000e+001  2.604914e-004
 1.906750e+001  2.174958e-004
 1.931500e+001  1.808084e-004
 1.956250e+001  2.007437e-004
 1.981000e+001  1.650321e-004
 2.005750e+001  2.004979e-004
 2.030500e+001  2.007822e-004
 2.055250e+001  2.112686e-004
 2.080000e+001  1.637641e-004
 2.104750e+001  9.601772e-005
 2.129500e+001  1.141475e-004
 2.154250e+001  1.423598e-004
 2.179000e+001  9.870340e-005
 2.203750e+001  1.465711e-004
 2.228500e+001  1.872929e-004
 2.253250e+001  7.134317e-005
 2.278000e+001  1.534916e-004
 2.302750e+001  1.006034e-004
 2.327500e+001  1.786819e-004
 2.352250e+001  1.094004e-004
 2.377000e+001  1.188870e-004
 2.401750e+001  8.211477e-005
 2.426500e+001  1.469808e-004
 2.451250e+001  1.393495e-004
 2.476000e+001  6.408246e-005
 2.500750e+001  1.099117e-004
 2.525500e+001  1.680928e-004
 2.550250e+001  1.339961e-004
 2.575000e+001  1.391344e-004
 2.599750e+001  1.427710e-004
 2.624500e+001  1.278684e-004
 2.649250e+001  1.294565e-004
 2.674000e+001  1.594750e-004
 2.698750e+001  1.829331e-004
 2.723500e+001  1.732520e-004
 2.748250e+001  1.458691e-004
 2.773000e+001  1.358244e-004
 2.797750e+001  1.919900e-004
 2.822500e+001  1.898561e-004
 2.847250e+001  1.313476e-004
 2.872000e+001  1.238827e-004
 2.896750e+001  1.086544e-004
 2.921500e+001  1.298119e-004
 2.946250e+001  1.249221e-004
 2.971000e+001  1.138124e-004
 2.995750e+001  1.334911e-004
 3.020500e+001  6.176726e-005
 3.045250e+001  1.431701e-004
 3.070000e+001  1.544029e-004
 3.094750e+001  1.474915e-004
 3.119500e+001  1.315988e-004
 3.144250e+001  6.499780e-005
 3.169000e+001  1.507898e-004
 3.193750e+001  2.075343e-004
 3.218500e+001  1.441489e-004
 3.243250e+001  7.832226e-005
 3.268000e+001  9.064937e-005
 3.292750e+001  1.120154e-004
 3.317500e+001  1.223195e-004
 3.342250e+001  1.444349e-004
 3.367000e+001  1.497975e-004
 3.391750e+001  1.682454e-004
 3.416500e+001  1.675424e-004
 3.441250e+001  8.407737e-005
 3.466000e+001  1.420778e-004
 3.490750e+001  1.627971e-004
 3.515500e+001  1.692627e-004
 3.540250e+001  1.437103e-004
 3.565000e+001  6.897562e-005
 3.589750e+001  1.285466e-004
 3.614500e+001  1.790074e-004
 3.639250e+001  1.265549e-004
 3.664000e+001  9.209208e-005
 3.688750e+001  1.540931e-004
 3.713500e+001  2.061679e-004
 3.738250e+001  1.629895e-004
 3.763000e+001  1.147084e-004
 3.787750e+001  9.577502e-005
 3.812500e+001  1.082379e-004
 3.837250e+001  1.045609e-004
 3.862000e+001  8.407681e-005
 3.886750e+001  1.266842e-004
 3.911500e+001  1.569604e-004
 3.936250e+001  1.401916e-004
 3.961000e+001  1.486206e-004
 3.985750e+001  1.875108e-004
 4.010500e+001  1.763424e-004
 4.035250e+001  1.070238e-004
 4.060000e+001  6.681103e-005
 4.084750e+001  6.142034e-005
 4.109500e+001  7.306698e-005
 4.134250e+001  1.187406e-004
 4.159000e+001  1.265078e-004
 4.183750e+001  1.285574e-004
 4.208500e+001  1.116574e-004
 4.233250e+001  1.675082e-004
 4.258000e+001  1.926186e-004
 4.282750e+001  2.348315e-004
 4.307500e+001  1.441975e-004
 4.332250e+001  1.058640e-004
 4.357000e+001  1.102030e-004
 4.381750e+001  1.186760e-004
 4.406500e+001  1.640443e-004
 4.431250e+001  1.585846e-004
 4.456000e+001  1.047687e-004
 4.480750e+001  7.329624e-005
 4.505500e+001  8.852587e-005
 4.530250e+001  1.239815e-004
 4.555000e+001  9.626209e-005
 4.579750e+001  9.127625e-005
 4.604500e+001  8.321451e-005
 4.629250e+001  1.145676e-004
 4.654000e+001  1.299184e-004
 4.678750e+001  7.930136e-005
 4.703500e+001  8.230058e-005
 4.728250e+001  5.041973e-005
 4.753000e+001  7.251946e-005
 4.777750e+001  8.021784e-005
 4.802500e+001  9.201182e-005
 4.827250e+001  8.243743e-005
 4.852000e+001  1.179882e-004
 4.876750e+001  1.224502e-004
 4.901500e+001  1.141745e-004
 4.926250e+001  1.398131e-004
 4.951000e+001  1.169766e-004
 4.975750e+001  5.624617e-003
 5.000500e+001  1.223211e-002
 5.025250e+001  6.616102e-003
 5.050000e+001  1.763480e-004
 5.074750e+001  1.068067e-004
 5.099500e+001  1.526612e-004
 5.124250e+001  1.732782e-004
 5.149000e+001  1.359165e-004
 5.173750e+001  1.410453e-004
 5.198500e+001  1.172479e-004
 5.223250e+001  9.352151e-005
 5.248000e+001  3.668377e-005
 5.272750e+001  9.901079e-005
 5.297500e+001  8.637581e-005
 5.322250e+001  9.976816e-005
 5.347000e+001  8.920136e-005
 5.371750e+001  1.384489e-004
 5.396500e+001  1.529852e-004
 5.421250e+001  1.115084e-004
 5.446000e+001  8.899302e-005
 5.470750e+001  8.030078e-005
 5.495500e+001  6.697739e-005
 5.520250e+001  8.984897e-005
 5.545000e+001  1.303708e-004
 5.569750e+001  1.257619e-004
 5.594500e+001  9.630554e-005
 5.619250e+001  7.866998e-005
 5.644000e+001  9.831780e-005
 5.668750e+001  8.103170e-005
 5.693500e+001  1.159757e-004
 5.718250e+001  1.046873e-004
 5.743000e+001  1.160032e-004
 5.767750e+001  1.110784e-004
 5.792500e+001  6.189715e-005
 5.817250e+001  8.379773e-005
 5.842000e+001  5.215012e-005
 5.866750e+001  6.157103e-005
 5.891500e+001  8.564984e-005
 5.916250e+001  7.418002e-005
 5.941000e+001  8.218361e-005
 5.965750e+001  1.081869e-004
 5.990500e+001  9.767636e-005
 6.015250e+001  7.431625e-005
 6.040000e+001  8.094618e-005
 6.064750e+001  5.363345e-005
 6.089500e+001  7.023210e-005
 6.114250e+001  1.032191e-004
 6.139000e+001  6.846410e-005
 6.163750e+001  5.324299e-005
 6.188500e+001  1.014950e-004
 6.213250e+001  9.016638e-005
 6.238000e+001  7.149974e-005
 6.262750e+001  9.301310e-005
 6.287500e+001  9.484611e-005
 6.312250e+001  5.735406e-005
 6.337000e+001  4.462542e-005
 6.361750e+001  6.917138e-005
 6.386500e+001  8.336658e-005
 6.411250e+001  9.494123e-005
 6.436000e+001  7.976985e-005
 6.460750e+001  7.065038e-005
 6.485500e+001  9.598383e-005
 6.510250e+001  6.563666e-005
 6.535000e+001  8.515009e-005
 6.559750e+001  9.022645e-005
 6.584500e+001  7.227155e-005
 6.609250e+001  8.925193e-005
 6.634000e+001  9.240994e-005
 6.658750e+001  4.436171e-005
 6.683500e+001  6.048574e-005
 6.708250e+001  6.512284e-005
 6.733000e+001  5.566642e-005
 6.757750e+001  8.891436e-005
 6.782500e+001  1.004440e-004
 6.807250e+001  8.870524e-005
 6.832000e+001  9.638768e-005
 6.856750e+001  3.154629e-005
 6.881500e+001  6.890151e-005
 6.906250e+001  6.643064e-005
 6.931000e+001  5.065410e-005
 6.955750e+001  5.076142e-005
 6.980500e+001  4.245400e-005
 7.005250e+001  4.339552e-005
 7.030000e+001  7.274365e-005
 7.054750e+001  6.710435e-005
 7.079500e+001  7.047437e-005
 7.104250e+001  8.740262e-005
 7.129000e+001  9.198389e-005
 7.153750e+001  1.044322e-004
 7.178500e+001  6.232624e-005
 7.203250e+001  5.842137e-005
 7.228000e+001  8.159198e-005
 7.252750e+001  5.817119e-005
 7.277500e+001  6.968970e-005
 7.302250e+001  8.072175e-005
 7.327000e+001  5.761034e-005
 7.351750e+001  5.395527e-005
 7.376500e+001  6.227223e-005
 7.401250e+001  6.800400e-005
 7.426000e+001  5.559237e-005
 7.450750e+001  4.361946e-005
 7.475500e+001  5.250055e-005
 7.500250e+001  8.012162e-005
 7.525000e+001  9.368350e-005
 7.549750e+001  1.061338e-004
 7.574500e+001  3.651490e-004
 7.599250e+001  3.713684e-004
 7.624000e+001  1.098698e-004
 7.648750e+001  7.522090e-005
 7.673500e+001  6.072103e-005
 7.698250e+001  5.734750e-005
 7.723000e+001  7.706975e-005
 7.747750e+001  7.038576e-005
 7.772500e+001  6.949231e-005
 7.797250e+001  7.754409e-005
 7.822000e+001  6.821119e-005
 7.846750e+001  9.470806e-005
 7.871500e+001  9.339210e-005
 7.896250e+001  7.771533e-005
 7.921000e+001  7.506973e-005
 7.945750e+001  6.582629e-005
 7.970500e+001  5.456980e-005
 7.995250e+001  5.868867e-005
 8.020000e+001  5.972827e-005
 8.044750e+001  5.681026e-005
 8.069500e+001  7.329849e-005
 8.094250e+001  7.250704e-005
 8.119000e+001  4.442695e-005
 8.143750e+001  5.333477e-005
 8.168500e+001  5.716557e-005
 8.193250e+001  8.208706e-005
 8.218000e+001  7.405306e-005
 8.242750e+001  4.724812e-005
 8.267500e+001  4.889041e-005
 8.292250e+001  6.500504e-005
 8.317000e+001  4.144088e-005
 8.341750e+001  6.864749e-005
 8.366500e+001  5.506146e-005
 8.391250e+001  6.554449e-005
 8.416000e+001  4.868180e-005
 8.440750e+001  5.308223e-005
 8.465500e+001  7.414131e-005
 8.490250e+001  3.741188e-005
 8.515000e+001  4.788234e-005
 8.539750e+001  7.113340e-005
 8.564500e+001  6.787332e-005
 8.589250e+001  5.518043e-005
 8.614000e+001  5.619499e-005
 8.638750e+001  6.831264e-005
 8.663500e+001  7.020284e-005
 8.688250e+001  5.958954e-005
 8.713000e+001  4.954487e-005
 8.737750e+001  3.113875e-005
 8.762500e+001  4.386835e-005
 8.787250e+001  5.590537e-005
 8.812000e+001  6.054807e-005
 8.836750e+001  6.241490e-005
 8.861500e+001  6.155420e-005
 8.886250e+001  6.713547e-005
 8.911000e+001  7.811657e-005
 8.935750e+001  6.453128e-005
 8.960500e+001  4.044655e-005
 8.985250e+001  4.399641e-005
 9.010000e+001  4.367752e-005
 9.034750e+001  4.583591e-005
 9.059500e+001  3.422044e-005
 9.084250e+001  4.742173e-005
 9.109000e+001  4.794840e-005
 9.133750e+001  1.430607e-004
 9.158500e+001  2.112081e-004
 9.183250e+001  1.233583e-004
 9.208000e+001  5.692773e-005
 9.232750e+001  5.599341e-005
 9.257500e+001  5.830719e-005
 9.282250e+001  4.069644e-005
 9.307000e+001  6.065966e-005
 9.331750e+001  4.139483e-005
 9.356500e+001  4.485435e-005
 9.381250e+001  3.219823e-005
 9.406000e+001  4.770400e-005
 9.430750e+001  6.524526e-005
 9.455500e+001  7.369726e-005
 9.480250e+001  5.340329e-005
 9.505000e+001  5.209969e-005
 9.529750e+001  5.239934e-005
 9.554500e+001  4.748243e-005
 9.579250e+001  6.320402e-005
 9.604000e+001  5.960589e-005
 9.628750e+001  4.466372e-005
 9.653500e+001  4.912364e-005
 9.678250e+001  6.329485e-005
 9.703000e+001  5.777695e-005
 9.727750e+001  5.855254e-005
 9.752500e+001  6.531609e-005
 9.777250e+001  3.728837e-005
 9.802000e+001  4.485258e-005
 9.826750e+001  6.654536e-005
 9.851500e+001  4.975095e-005
 9.876250e+001  4.002677e-005
 9.901000e+001  5.455957e-005
 9.925750e+001  3.987190e-005
 9.950500e+001  4.440724e-005
 9.975250e+001  2.152291e-004
 1.000000e+002  5.293223e-004
