 1.000000e+001  1.403256e-004
 1.061875e+001  1.829481e-004
 1.123750e+001  2.418542e-004
 1.185625e+001  2.509163e-004
 1.247500e+001  2.309759e-004
 1.309375e+001  2.102861e-004
 1.371250e+001  1.945591e-004
 1.433125e+001  1.696113e-004
 1.495000e+001  1.528496e-004
 1.556875e+001  1.449263e-004
 1.618750e+001  1.743105e-004
 1.680625e+001  1.922614e-004
 1.742500e+001  1.553583e-004
 1.804375e+001  1.499365e-004
 1.866250e+001  1.555868e-004
 1.928125e+001  1.434079e-004
 1.990000e+001  1.951832e-004
 2.051875e+001  1.810774e-004
 2.113750e+001  1.651717e-004
 2.175625e+001  1.691105e-004
 2.237500e+001  1.741955e-004
 2.299375e+001  1.531629e-004
 2.361250e+001  1.640886e-004
 2.423125e+001  1.622458e-004
 2.485000e+001  1.466669e-004
 2.546875e+001  1.414478e-004
 2.608750e+001  1.517821e-004
 2.670625e+001  1.807479e-004
 2.732500e+001  1.673191e-004
 2.794375e+001  1.246940e-004
 2.856250e+001  1.294426e-004
 2.918125e+001  1.398163e-004
 2.980000e+001  1.141880e-004
 3.041875e+001  1.270656e-004
 3.103750e+001  1.752073e-004
 3.165625e+001  1.592669e-004
 3.227500e+001  1.524056e-004
 3.289375e+001  1.329496e-004
 3.351250e+001  1.469705e-004
 3.413125e+001  1.377550e-004
 3.475000e+001  1.448815e-004
 3.536875e+001  1.403970e-004
 3.598750e+001  1.487230e-004
 3.660625e+001  1.454199e-004
 3.722500e+001  1.130378e-004
 3.784375e+001  1.075117e-004
 3.846250e+001  1.157578e-004
 3.908125e+001  1.551137e-004
 3.970000e+001  1.734547e-004
 4.031875e+001  1.217197e-004
 4.093750e+001  9.577290e-005
 4.155625e+001  9.563343e-005
 4.217500e+001  1.128513e-004
 4.279375e+001  1.862824e-004
 4.341250e+001  1.538626e-004
 4.403125e+001  1.298352e-004
 4.465000e+001  1.239077e-004
 4.526875e+001  1.221075e-004
 4.588750e+001  1.129264e-004
 4.650625e+001  1.104379e-004
 4.712500e+001  1.258408e-004
 4.774375e+001  1.057716e-004
 4.836250e+001  1.542384e-004
 4.898125e+001  7.003768e-004
 4.960000e+001  5.667632e-003
 5.021875e+001  7.114269e-003
 5.083750e+001  2.052880e-003
 5.145625e+001  2.269148e-004
 5.207500e+001  1.008197e-004
 5.269375e+001  8.310215e-005
 5.331250e+001  1.034531e-004
 5.393125e+001  1.057291e-004
 5.455000e+001  8.047217e-005
 5.516875e+001  9.173236e-005
 5.578750e+001  9.492222e-005
 5.640625e+001  9.080151e-005
 5.702500e+001  7.751848e-005
 5.764375e+001  9.543808e-005
 5.826250e+001  1.092500e-004
 5.888125e+001  9.634020e-005
 5.950000e+001  8.214202e-005
 6.011875e+001  7.702410e-005
 6.073750e+001  9.540572e-005
 6.135625e+001  1.064889e-004
 6.197500e+001  9.514030e-005
 6.259375e+001  7.998473e-005
 6.321250e+001  7.953812e-005
 6.383125e+001  1.064345e-004
 6.445000e+001  9.973475e-005
 6.506875e+001  9.035408e-005
 6.568750e+001  9.760044e-005
 6.630625e+001  8.175228e-005
 6.692500e+001  9.350884e-005
 6.754375e+001  7.798772e-005
 6.816250e+001  7.780057e-005
 6.878125e+001  6.967679e-005
 6.940000e+001  6.191187e-005
 7.001875e+001  6.012261e-005
 7.063750e+001  6.499934e-005
 7.125625e+001  6.621392e-005
 7.187500e+001  6.955722e-005
 7.249375e+001  6.279757e-005
 7.311250e+001  6.988833e-005
 7.373125e+001  7.334032e-005
 7.435000e+001  5.985921e-005
 7.496875e+001  9.927957e-005
 7.558750e+001  1.209278e-004
 7.620625e+001  6.001593e-005
 7.682500e+001  5.242237e-005
 7.744375e+001  5.949446e-005
 7.806250e+001  6.051509e-005
 7.868125e+001  8.251091e-005
 7.930000e+001  7.952455e-005
 7.991875e+001  7.284936e-005
 8.053750e+001  7.012336e-005
 8.115625e+001  7.184389e-005
 8.177500e+001  5.757179e-005
 8.239375e+001  6.222770e-005
 8.301250e+001  6.791340e-005
 8.363125e+001  7.513175e-005
 8.425000e+001  7.412780e-005
 8.486875e+001  6.192733e-005
 8.548750e+001  5.694066e-005
 8.610625e+001  5.784217e-005
 8.672500e+001  6.355272e-005
 8.734375e+001  5.291376e-005
 8.796250e+001  4.635038e-005
 8.858125e+001  5.406260e-005
 8.920000e+001  5.115576e-005
 8.981875e+001  5.943901e-005
 9.043750e+001  6.280813e-005
 9.105625e+001  7.307674e-005
 9.167500e+001  8.546013e-005
 9.229375e+001  6.182924e-005
 9.291250e+001  6.168330e-005
 9.353125e+001  4.943745e-005
 9.415000e+001  5.883786e-005
 9.476875e+001  5.673772e-005
 9.538750e+001  6.633255e-005
 9.600625e+001  6.294593e-005
 9.662500e+001  5.952389e-005
 9.724375e+001  5.678860e-005
 9.786250e+001  5.776840e-005
 9.848125e+001  6.619743e-005
 9.910000e+001  7.169053e-005
 9.971875e+001  1.500476e-004
 1.003375e+002  1.347631e-004
 1.009563e+002  4.806997e-005
 1.015750e+002  5.098625e-005
 1.021938e+002  4.291606e-005
 1.028125e+002  4.385674e-005
 1.034313e+002  4.869185e-005
 1.040500e+002  4.497392e-005
 1.046688e+002  4.371260e-005
 1.052875e+002  5.422186e-005
 1.059063e+002  4.978143e-005
 1.065250e+002  4.800579e-005
 1.071438e+002  5.037951e-005
 1.077625e+002  4.862771e-005
 1.083813e+002  5.129633e-005
 1.090000e+002  4.970710e-005
 1.096188e+002  4.482172e-005
 1.102375e+002  4.215986e-005
 1.108563e+002  4.647064e-005
 1.114750e+002  3.793664e-005
 1.120938e+002  4.434833e-005
 1.127125e+002  4.115924e-005
 1.133313e+002  4.757925e-005
 1.139500e+002  5.550099e-005
 1.145688e+002  4.977770e-005
 1.151875e+002  5.246547e-005
 1.158063e+002  4.905932e-005
 1.164250e+002  5.482581e-005
 1.170438e+002  4.967642e-005
 1.176625e+002  4.658750e-005
 1.182813e+002  5.194744e-005
 1.189000e+002  5.500996e-005
 1.195188e+002  4.381246e-005
 1.201375e+002  5.537445e-005
 1.207563e+002  5.237149e-005
 1.213750e+002  5.380505e-005
 1.219938e+002  4.520038e-005
 1.226125e+002  3.497021e-005
 1.232313e+002  4.699432e-005
 1.238500e+002  4.467162e-005
 1.244688e+002  3.682656e-005
 1.250875e+002  4.256578e-005
 1.257063e+002  5.120800e-005
 1.263250e+002  5.087122e-005
 1.269438e+002  4.327115e-005
 1.275625e+002  3.761003e-005
 1.281813e+002  4.882552e-005
 1.288000e+002  5.095551e-005
 1.294188e+002  4.794728e-005
 1.300375e+002  4.295794e-005
 1.306563e+002  4.013412e-005
 1.312750e+002  3.449742e-005
 1.318938e+002  2.889379e-005
 1.325125e+002  3.460985e-005
 1.331313e+002  4.459446e-005
 1.337500e+002  4.299242e-005
 1.343688e+002  2.867296e-005
 1.349875e+002  2.571141e-005
 1.356063e+002  2.895467e-005
 1.362250e+002  3.238582e-005
 1.368438e+002  2.829897e-005
 1.374625e+002  3.663755e-005
 1.380813e+002  4.074484e-005
 1.387000e+002  3.786446e-005
 1.393188e+002  3.225005e-005
 1.399375e+002  3.104403e-005
 1.405563e+002  4.215652e-005
 1.411750e+002  3.325327e-005
 1.417938e+002  2.676945e-005
 1.424125e+002  3.227236e-005
 1.430313e+002  3.706050e-005
 1.436500e+002  3.796009e-005
 1.442688e+002  3.117239e-005
 1.448875e+002  3.445162e-005
 1.455063e+002  4.613993e-005
 1.461250e+002  4.121530e-005
 1.467438e+002  4.701198e-005
 1.473625e+002  4.331587e-005
 1.479813e+002  5.441267e-005
 1.486000e+002  1.448841e-004
 1.492188e+002  1.384486e-003
 1.498375e+002  4.827476e-003
 1.504563e+002  3.853439e-003
 1.510750e+002  4.765606e-004
 1.516938e+002  9.077332e-005
 1.523125e+002  6.026671e-005
 1.529313e+002  5.058099e-005
 1.535500e+002  3.701491e-005
 1.541688e+002  3.293559e-005
 1.547875e+002  3.947088e-005
 1.554063e+002  4.109112e-005
 1.560250e+002  3.705964e-005
 1.566438e+002  3.386439e-005
 1.572625e+002  3.726103e-005
 1.578813e+002  3.253121e-005
 1.585000e+002  4.314103e-005
 1.591188e+002  3.986884e-005
 1.597375e+002  4.221974e-005
 1.603563e+002  4.392421e-005
 1.609750e+002  4.030846e-005
 1.615938e+002  3.660981e-005
 1.622125e+002  2.794481e-005
 1.628313e+002  3.033046e-005
 1.634500e+002  2.836964e-005
 1.640688e+002  3.027084e-005
 1.646875e+002  3.135002e-005
 1.653063e+002  2.853393e-005
 1.659250e+002  2.991825e-005
 1.665438e+002  3.065669e-005
 1.671625e+002  2.477026e-005
 1.677813e+002  2.668948e-005
 1.684000e+002  2.749425e-005
 1.690188e+002  3.037290e-005
 1.696375e+002  2.829270e-005
 1.702563e+002  2.882880e-005
 1.708750e+002  3.685828e-005
 1.714938e+002  3.231114e-005
 1.721125e+002  3.152083e-005
 1.727313e+002  3.662472e-005
 1.733500e+002  2.758332e-005
 1.739688e+002  2.609420e-005
 1.745875e+002  2.546218e-005
 1.752063e+002  3.190172e-005
 1.758250e+002  3.019471e-005
 1.764438e+002  2.988742e-005
 1.770625e+002  3.216485e-005
 1.776813e+002  2.743101e-005
 1.783000e+002  2.959462e-005
 1.789188e+002  3.244186e-005
 1.795375e+002  2.973055e-005
 1.801563e+002  2.431260e-005
 1.807750e+002  3.205520e-005
 1.813938e+002  2.866713e-005
 1.820125e+002  3.198997e-005
 1.826313e+002  3.234685e-005
 1.832500e+002  3.352975e-005
 1.838688e+002  2.771948e-005
 1.844875e+002  2.661496e-005
 1.851063e+002  2.605968e-005
 1.857250e+002  2.709796e-005
 1.863438e+002  2.578167e-005
 1.869625e+002  3.150437e-005
 1.875813e+002  3.519738e-005
 1.882000e+002  3.021311e-005
 1.888188e+002  2.881431e-005
 1.894375e+002  3.438690e-005
 1.900563e+002  3.034425e-005
 1.906750e+002  3.115257e-005
 1.912938e+002  3.030232e-005
 1.919125e+002  2.985098e-005
 1.925313e+002  2.656089e-005
 1.931500e+002  2.541430e-005
 1.937688e+002  2.596455e-005
 1.943875e+002  3.010888e-005
 1.950063e+002  2.599601e-005
 1.956250e+002  2.620948e-005
 1.962438e+002  3.301648e-005
 1.968625e+002  3.705348e-005
 1.974813e+002  3.206549e-005
 1.981000e+002  3.453075e-005
 1.987188e+002  3.176220e-005
 1.993375e+002  5.723437e-005
 1.999563e+002  1.315468e-004
 2.005750e+002  8.673772e-005
 2.011938e+002  3.287496e-005
 2.018125e+002  3.249354e-005
 2.024313e+002  3.166539e-005
 2.030500e+002  3.178118e-005
 2.036688e+002  2.427296e-005
 2.042875e+002  2.689981e-005
 2.049063e+002  2.833796e-005
 2.055250e+002  2.710883e-005
 2.061438e+002  2.689487e-005
 2.067625e+002  2.772046e-005
 2.073813e+002  2.770009e-005
 2.080000e+002  2.845288e-005
 2.086188e+002  2.148636e-005
 2.092375e+002  2.043373e-005
 2.098563e+002  2.810235e-005
 2.104750e+002  3.292113e-005
 2.110938e+002  3.426497e-005
 2.117125e+002  3.556409e-005
 2.123313e+002  3.493571e-005
 2.129500e+002  3.406154e-005
 2.135688e+002  3.305487e-005
 2.141875e+002  3.227866e-005
 2.148063e+002  3.203240e-005
 2.154250e+002  2.971726e-005
 2.160438e+002  3.660670e-005
 2.166625e+002  3.449066e-005
 2.172813e+002  2.655673e-005
 2.179000e+002  2.304158e-005
 2.185188e+002  2.569879e-005
 2.191375e+002  2.898626e-005
 2.197563e+002  2.777514e-005
 2.203750e+002  2.827595e-005
 2.209938e+002  2.962127e-005
 2.216125e+002  3.246174e-005
 2.222313e+002  2.850554e-005
 2.228500e+002  3.044618e-005
 2.234688e+002  2.565495e-005
 2.240875e+002  2.798128e-005
 2.247063e+002  2.772750e-005
 2.253250e+002  2.107633e-005
 2.259438e+002  1.581816e-005
 2.265625e+002  2.433807e-005
 2.271813e+002  2.747648e-005
 2.278000e+002  2.414385e-005
 2.284188e+002  2.487433e-005
 2.290375e+002  2.556559e-005
 2.296563e+002  2.436079e-005
 2.302750e+002  2.522568e-005
 2.308938e+002  2.431070e-005
 2.315125e+002  2.276769e-005
 2.321313e+002  2.984745e-005
 2.327500e+002  2.865611e-005
 2.333688e+002  2.689442e-005
 2.339875e+002  3.002808e-005
 2.346063e+002  2.333849e-005
 2.352250e+002  2.956403e-005
 2.358438e+002  3.597870e-005
 2.364625e+002  3.463892e-005
 2.370813e+002  3.023845e-005
 2.377000e+002  2.409362e-005
 2.383188e+002  1.743370e-005
 2.389375e+002  2.693873e-005
 2.395563e+002  3.036017e-005
 2.401750e+002  2.953164e-005
 2.407938e+002  2.367510e-005
 2.414125e+002  2.560947e-005
 2.420313e+002  2.114200e-005
 2.426500e+002  2.772807e-005
 2.432688e+002  3.324317e-005
 2.438875e+002  2.698515e-005
 2.445063e+002  2.266909e-005
 2.451250e+002  2.402980e-005
 2.457438e+002  2.909350e-005
 2.463625e+002  2.726786e-005
 2.469813e+002  2.992971e-005
 2.476000e+002  2.761947e-005
 2.482188e+002  2.254344e-005
 2.488375e+002  2.203993e-005
 2.494563e+002  5.830429e-004
 2.500750e+002  1.153262e-003
 2.506938e+002  5.685316e-004
 2.513125e+002  3.281705e-005
 2.519313e+002  2.540862e-005
 2.525500e+002  3.436745e-005
 2.531688e+002  2.837423e-005
 2.537875e+002  2.531571e-005
 2.544063e+002  2.218559e-005
 2.550250e+002  1.884221e-005
 2.556438e+002  2.105851e-005
 2.562625e+002  2.823708e-005
 2.568813e+002  2.731217e-005
 2.575000e+002  2.936975e-005
 2.581188e+002  2.082234e-005
 2.587375e+002  2.061966e-005
 2.593563e+002  2.704167e-005
 2.599750e+002  3.090547e-005
 2.605938e+002  3.170094e-005
 2.612125e+002  2.998190e-005
 2.618313e+002  3.225572e-005
 2.624500e+002  2.948047e-005
 2.630688e+002  2.909778e-005
 2.636875e+002  2.276603e-005
 2.643063e+002  2.441031e-005
 2.649250e+002  2.341257e-005
 2.655438e+002  2.654060e-005
 2.661625e+002  2.410483e-005
 2.667813e+002  2.594024e-005
 2.674000e+002  2.372881e-005
 2.680188e+002  2.933061e-005
 2.686375e+002  2.922857e-005
 2.692563e+002  3.068986e-005
 2.698750e+002  2.465177e-005
 2.704938e+002  2.692106e-005
 2.711125e+002  2.819122e-005
 2.717313e+002  2.546933e-005
 2.723500e+002  3.181102e-005
 2.729688e+002  2.949999e-005
 2.735875e+002  2.477126e-005
 2.742063e+002  3.065314e-005
 2.748250e+002  2.892549e-005
 2.754438e+002  2.252217e-005
 2.760625e+002  2.442700e-005
 2.766813e+002  2.396412e-005
 2.773000e+002  2.646835e-005
 2.779188e+002  2.611234e-005
 2.785375e+002  2.310414e-005
 2.791563e+002  2.715919e-005
 2.797750e+002  2.711731e-005
 2.803938e+002  2.455943e-005
 2.810125e+002  2.028847e-005
 2.816313e+002  2.349802e-005
 2.822500e+002  3.083215e-005
 2.828688e+002  3.242586e-005
 2.834875e+002  3.014583e-005
 2.841063e+002  2.159278e-005
 2.847250e+002  2.540114e-005
 2.853438e+002  2.325543e-005
 2.859625e+002  2.235661e-005
 2.865813e+002  1.792464e-005
 2.872000e+002  1.936650e-005
 2.878188e+002  1.741258e-005
 2.884375e+002  1.985927e-005
 2.890563e+002  2.290947e-005
 2.896750e+002  2.175464e-005
 2.902938e+002  2.016761e-005
 2.909125e+002  2.626341e-005
 2.915313e+002  2.725231e-005
 2.921500e+002  2.409825e-005
 2.927688e+002  2.380543e-005
 2.933875e+002  2.587462e-005
 2.940063e+002  2.398092e-005
 2.946250e+002  2.045569e-005
 2.952438e+002  2.736719e-005
 2.958625e+002  2.651355e-005
 2.964813e+002  2.293579e-005
 2.971000e+002  2.357683e-005
 2.977188e+002  2.296029e-005
 2.983375e+002  2.235430e-005
 2.989563e+002  2.869329e-005
 2.995750e+002  2.447119e-004
 3.001938e+002  3.754921e-004
 3.008125e+002  1.406042e-004
 3.014313e+002  3.099321e-005
 3.020500e+002  3.474910e-005
 3.026688e+002  3.449503e-005
 3.032875e+002  2.997551e-005
 3.039063e+002  2.623311e-005
 3.045250e+002  1.540117e-005
 3.051438e+002  2.155482e-005
 3.057625e+002  1.816140e-005
 3.063813e+002  1.892711e-005
 3.070000e+002  2.563713e-005
 3.076188e+002  2.475511e-005
 3.082375e+002  2.445416e-005
 3.088563e+002  2.310337e-005
 3.094750e+002  2.571859e-005
 3.100938e+002  2.609060e-005
 3.107125e+002  2.677392e-005
 3.113313e+002  2.601269e-005
 3.119500e+002  2.497590e-005
 3.125688e+002  2.288587e-005
 3.131875e+002  2.670977e-005
 3.138063e+002  3.165775e-005
 3.144250e+002  2.981650e-005
 3.150437e+002  3.188646e-005
 3.156625e+002  2.555236e-005
 3.162812e+002  2.242970e-005
 3.169000e+002  2.727074e-005
 3.175187e+002  2.875512e-005
 3.181375e+002  3.132578e-005
 3.187562e+002  2.408135e-005
 3.193750e+002  2.565529e-005
 3.199937e+002  2.809564e-005
 3.206125e+002  1.921912e-005
 3.212312e+002  2.039304e-005
 3.218500e+002  2.857383e-005
 3.224687e+002  2.580335e-005
 3.230875e+002  2.315343e-005
 3.237062e+002  2.479949e-005
 3.243250e+002  2.517563e-005
 3.249437e+002  2.825820e-005
 3.255625e+002  2.424289e-005
 3.261812e+002  1.940132e-005
 3.268000e+002  2.308519e-005
 3.274187e+002  2.544227e-005
 3.280375e+002  2.762018e-005
 3.286562e+002  2.724694e-005
 3.292750e+002  1.789592e-005
 3.298937e+002  1.982099e-005
 3.305125e+002  2.442863e-005
 3.311312e+002  2.618540e-005
 3.317500e+002  2.347093e-005
 3.323687e+002  2.204375e-005
 3.329875e+002  2.355741e-005
 3.336062e+002  2.563975e-005
 3.342250e+002  2.621309e-005
 3.348437e+002  2.567376e-005
 3.354625e+002  2.622600e-005
 3.360812e+002  2.187112e-005
 3.367000e+002  1.973186e-005
 3.373187e+002  1.890853e-005
 3.379375e+002  2.273079e-005
 3.385562e+002  2.246513e-005
 3.391750e+002  1.787603e-005
 3.397937e+002  2.520022e-005
 3.404125e+002  2.603653e-005
 3.410312e+002  2.234713e-005
 3.416500e+002  2.437146e-005
 3.422687e+002  2.568700e-005
 3.428875e+002  2.231873e-005
 3.435062e+002  2.116536e-005
 3.441250e+002  2.655507e-005
 3.447437e+002  2.258045e-005
 3.453625e+002  2.124914e-005
 3.459812e+002  1.681598e-005
 3.466000e+002  2.144492e-005
 3.472187e+002  2.992841e-005
 3.478375e+002  2.908486e-005
 3.484562e+002  2.121518e-005
 3.490750e+002  4.003751e-005
 3.496937e+002  2.404565e-004
 3.503125e+002  2.990641e-004
 3.509312e+002  9.194723e-005
 3.515500e+002  2.382053e-005
 3.521687e+002  2.372738e-005
 3.527875e+002  2.311278e-005
 3.534062e+002  2.258980e-005
 3.540250e+002  2.413135e-005
 3.546437e+002  3.051594e-005
 3.552625e+002  2.554961e-005
 3.558812e+002  1.634537e-005
 3.565000e+002  2.124029e-005
 3.571187e+002  2.152972e-005
 3.577375e+002  2.231788e-005
 3.583562e+002  2.298650e-005
 3.589750e+002  2.803194e-005
 3.595937e+002  2.719302e-005
 3.602125e+002  2.336645e-005
 3.608312e+002  2.493505e-005
 3.614500e+002  2.576564e-005
 3.620687e+002  1.990138e-005
 3.626875e+002  2.102766e-005
 3.633062e+002  2.894066e-005
 3.639250e+002  2.189797e-005
 3.645437e+002  2.209679e-005
 3.651625e+002  2.042723e-005
 3.657812e+002  2.160362e-005
 3.664000e+002  2.189755e-005
 3.670187e+002  1.964172e-005
 3.676375e+002  2.447964e-005
 3.682562e+002  2.726482e-005
 3.688750e+002  2.365304e-005
 3.694937e+002  2.052591e-005
 3.701125e+002  2.205546e-005
 3.707312e+002  2.107056e-005
 3.713500e+002  2.393783e-005
 3.719687e+002  2.372977e-005
 3.725875e+002  2.252054e-005
 3.732062e+002  2.071121e-005
 3.738250e+002  2.410098e-005
 3.744437e+002  3.052630e-005
 3.750625e+002  2.376369e-005
 3.756812e+002  2.172866e-005
 3.763000e+002  2.401995e-005
 3.769187e+002  2.246113e-005
 3.775375e+002  2.180593e-005
 3.781562e+002  2.152889e-005
 3.787750e+002  1.914643e-005
 3.793937e+002  1.944403e-005
 3.800125e+002  2.577865e-005
 3.806312e+002  2.447410e-005
 3.812500e+002  2.194056e-005
 3.818687e+002  2.009070e-005
 3.824875e+002  2.192357e-005
 3.831062e+002  2.053886e-005
 3.837250e+002  1.906619e-005
 3.843437e+002  2.391452e-005
 3.849625e+002  2.057047e-005
 3.855812e+002  2.428692e-005
 3.862000e+002  3.250607e-005
 3.868187e+002  2.546202e-005
 3.874375e+002  2.446278e-005
 3.880562e+002  2.926760e-005
 3.886750e+002  2.560367e-005
 3.892937e+002  1.982480e-005
 3.899125e+002  1.810148e-005
 3.905312e+002  2.013097e-005
 3.911500e+002  2.228259e-005
 3.917687e+002  2.517172e-005
 3.923875e+002  1.840906e-005
 3.930062e+002  1.910019e-005
 3.936250e+002  2.167473e-005
 3.942437e+002  2.543845e-005
 3.948625e+002  2.330587e-005
 3.954812e+002  2.325484e-005
 3.961000e+002  2.414847e-005
 3.967187e+002  2.911429e-005
 3.973375e+002  2.339611e-005
 3.979562e+002  1.746784e-005
 3.985750e+002  1.732560e-005
 3.991937e+002  6.898649e-005
 3.998125e+002  2.807297e-004
 4.004312e+002  2.714469e-004
 4.010500e+002  5.908322e-005
 4.016687e+002  2.361483e-005
 4.022875e+002  1.837092e-005
 4.029062e+002  1.926350e-005
 4.035250e+002  2.172635e-005
 4.041437e+002  2.315523e-005
 4.047625e+002  2.014485e-005
 4.053812e+002  2.124060e-005
 4.060000e+002  2.049568e-005
 4.066187e+002  2.155185e-005
 4.072375e+002  2.720780e-005
 4.078562e+002  2.411472e-005
 4.084750e+002  2.313577e-005
 4.090937e+002  1.986367e-005
 4.097125e+002  1.851580e-005
 4.103312e+002  1.793299e-005
 4.109500e+002  1.997194e-005
 4.115687e+002  1.923151e-005
 4.121875e+002  2.037377e-005
 4.128062e+002  1.843665e-005
 4.134250e+002  2.089433e-005
 4.140437e+002  1.948953e-005
 4.146625e+002  1.679877e-005
 4.152812e+002  1.530568e-005
 4.159000e+002  2.103424e-005
 4.165187e+002  2.112511e-005
 4.171375e+002  2.153851e-005
 4.177562e+002  1.960948e-005
 4.183750e+002  2.253738e-005
 4.189937e+002  2.023708e-005
 4.196125e+002  2.291693e-005
 4.202312e+002  2.323638e-005
 4.208500e+002  2.639972e-005
 4.214687e+002  2.626988e-005
 4.220875e+002  2.320825e-005
 4.227062e+002  2.442242e-005
 4.233250e+002  2.046900e-005
 4.239437e+002  2.031303e-005
 4.245625e+002  2.165386e-005
 4.251812e+002  1.795166e-005
 4.258000e+002  1.905167e-005
 4.264187e+002  1.707402e-005
 4.270375e+002  2.310750e-005
 4.276562e+002  2.604017e-005
 4.282750e+002  2.549797e-005
 4.288937e+002  2.175541e-005
 4.295125e+002  2.234161e-005
 4.301312e+002  2.175586e-005
 4.307500e+002  1.806119e-005
 4.313687e+002  1.828311e-005
 4.319875e+002  2.668492e-005
 4.326062e+002  2.666113e-005
 4.332250e+002  1.828559e-005
 4.338437e+002  1.575038e-005
 4.344625e+002  1.582307e-005
 4.350812e+002  1.789927e-005
 4.357000e+002  2.189513e-005
 4.363187e+002  2.258557e-005
 4.369375e+002  2.431725e-005
 4.375562e+002  2.540993e-005
 4.381750e+002  2.409982e-005
 4.387937e+002  2.255928e-005
 4.394125e+002  2.010506e-005
 4.400312e+002  2.229795e-005
 4.406500e+002  2.634462e-005
 4.412687e+002  2.381583e-005
 4.418875e+002  2.303277e-005
 4.425062e+002  2.694306e-005
 4.431250e+002  2.495184e-005
 4.437437e+002  1.831721e-005
 4.443625e+002  2.124068e-005
 4.449812e+002  2.518680e-005
 4.456000e+002  1.966195e-005
 4.462187e+002  2.134970e-005
 4.468375e+002  2.049734e-005
 4.474562e+002  2.270988e-005
 4.480750e+002  2.154287e-005
 4.486937e+002  2.179044e-005
 4.493125e+002  7.395133e-005
 4.499312e+002  2.524878e-004
 4.505500e+002  1.986653e-004
 4.511687e+002  3.184862e-005
 4.517875e+002  2.540161e-005
 4.524062e+002  1.960199e-005
 4.530250e+002  1.960871e-005
 4.536437e+002  2.048139e-005
 4.542625e+002  2.229218e-005
 4.548812e+002  2.134050e-005
 4.555000e+002  2.118296e-005
 4.561187e+002  1.570753e-005
 4.567375e+002  1.956364e-005
 4.573562e+002  2.330541e-005
 4.579750e+002  1.981196e-005
 4.585937e+002  2.438569e-005
 4.592125e+002  2.413684e-005
 4.598312e+002  2.022397e-005
 4.604500e+002  2.061218e-005
 4.610687e+002  1.763650e-005
 4.616875e+002  1.962414e-005
 4.623062e+002  1.752698e-005
 4.629250e+002  1.688491e-005
 4.635437e+002  2.156464e-005
 4.641625e+002  2.288493e-005
 4.647812e+002  1.893968e-005
 4.654000e+002  2.214095e-005
 4.660187e+002  2.511136e-005
 4.666375e+002  1.842596e-005
 4.672562e+002  1.708926e-005
 4.678750e+002  2.133861e-005
 4.684937e+002  2.217495e-005
 4.691125e+002  2.158870e-005
 4.697312e+002  1.998599e-005
 4.703500e+002  1.956244e-005
 4.709687e+002  2.141554e-005
 4.715875e+002  2.259328e-005
 4.722062e+002  2.291152e-005
 4.728250e+002  2.035154e-005
 4.734437e+002  1.868377e-005
 4.740625e+002  2.267287e-005
 4.746812e+002  2.153591e-005
 4.753000e+002  2.078357e-005
 4.759187e+002  2.635116e-005
 4.765375e+002  2.516804e-005
 4.771562e+002  1.680915e-005
 4.777750e+002  2.190293e-005
 4.783937e+002  2.124624e-005
 4.790125e+002  1.867024e-005
 4.796312e+002  2.401533e-005
 4.802500e+002  2.901511e-005
 4.808687e+002  2.645099e-005
 4.814875e+002  2.240410e-005
 4.821062e+002  2.329997e-005
 4.827250e+002  2.093503e-005
 4.833437e+002  1.321438e-005
 4.839625e+002  1.702319e-005
 4.845812e+002  2.194141e-005
 4.852000e+002  2.195009e-005
 4.858187e+002  2.408497e-005
 4.864375e+002  2.145600e-005
 4.870562e+002  1.975375e-005
 4.876750e+002  1.707317e-005
 4.882937e+002  1.447173e-005
 4.889125e+002  1.836519e-005
 4.895312e+002  2.159226e-005
 4.901500e+002  2.343551e-005
 4.907687e+002  2.688418e-005
 4.913875e+002  2.279495e-005
 4.920062e+002  2.688064e-005
 4.926250e+002  2.494684e-005
 4.932437e+002  2.298164e-005
 4.938625e+002  1.816774e-005
 4.944812e+002  2.044289e-005
 4.951000e+002  2.306063e-005
 4.957187e+002  2.494837e-005
 4.963375e+002  2.645626e-005
 4.969562e+002  2.773397e-005
 4.975750e+002  2.706685e-005
 4.981937e+002  1.796572e-005
 4.988125e+002  2.522346e-005
 4.994312e+002  1.285830e-004
 5.000500e+002  3.364476e-004
 5.006687e+002  2.183838e-004
 5.012875e+002  2.649102e-005
 5.019062e+002  1.728145e-005
 5.025250e+002  2.715074e-005
 5.031437e+002  2.252884e-005
 5.037625e+002  1.751701e-005
 5.043812e+002  1.549217e-005
 5.050000e+002  1.375600e-005
 5.056187e+002  2.129711e-005
 5.062375e+002  2.680427e-005
 5.068562e+002  2.471575e-005
 5.074750e+002  2.216177e-005
 5.080937e+002  1.723076e-005
 5.087125e+002  2.079582e-005
 5.093312e+002  2.628465e-005
 5.099500e+002  2.529716e-005
 5.105687e+002  2.098292e-005
 5.111875e+002  1.835764e-005
 5.118062e+002  1.677109e-005
 5.124250e+002  1.860335e-005
 5.130437e+002  1.938612e-005
 5.136625e+002  1.922003e-005
 5.142812e+002  2.317340e-005
 5.149000e+002  1.951133e-005
 5.155187e+002  1.957449e-005
 5.161375e+002  1.971397e-005
 5.167562e+002  2.110733e-005
 5.173750e+002  2.080081e-005
 5.179937e+002  1.575875e-005
 5.186125e+002  1.900078e-005
 5.192312e+002  2.177269e-005
 5.198500e+002  2.389873e-005
 5.204687e+002  2.208128e-005
 5.210875e+002  2.190507e-005
 5.217062e+002  2.284688e-005
 5.223250e+002  2.212068e-005
 5.229437e+002  2.379590e-005
 5.235625e+002  2.238980e-005
 5.241812e+002  2.248111e-005
 5.248000e+002  1.741615e-005
 5.254187e+002  1.227409e-005
 5.260375e+002  1.497845e-005
 5.266562e+002  1.460969e-005
 5.272750e+002  2.226942e-005
 5.278937e+002  2.514458e-005
 5.285125e+002  2.622731e-005
 5.291312e+002  1.951021e-005
 5.297500e+002  1.905152e-005
 5.303687e+002  2.008799e-005
 5.309875e+002  1.797391e-005
 5.316062e+002  1.905680e-005
 5.322250e+002  2.353414e-005
 5.328437e+002  2.124018e-005
 5.334625e+002  1.691206e-005
 5.340812e+002  2.197381e-005
 5.347000e+002  2.448046e-005
 5.353187e+002  2.059652e-005
 5.359375e+002  2.163353e-005
 5.365562e+002  2.533047e-005
 5.371750e+002  2.516608e-005
 5.377937e+002  2.296164e-005
 5.384125e+002  1.983346e-005
 5.390312e+002  1.950363e-005
 5.396500e+002  1.967032e-005
 5.402687e+002  2.525174e-005
 5.408875e+002  2.177999e-005
 5.415062e+002  1.965948e-005
 5.421250e+002  2.723290e-005
 5.427437e+002  3.062150e-005
 5.433625e+002  2.562483e-005
 5.439812e+002  2.005761e-005
 5.446000e+002  1.674067e-005
 5.452187e+002  2.263583e-005
 5.458375e+002  2.336404e-005
 5.464562e+002  2.380760e-005
 5.470750e+002  2.539415e-005
 5.476937e+002  2.613550e-005
 5.483125e+002  2.044280e-005
 5.489312e+002  1.819114e-005
 5.495500e+002  2.218570e-004
 5.501687e+002  4.251222e-004
 5.507875e+002  2.057470e-004
 5.514062e+002  2.405704e-005
 5.520250e+002  1.860764e-005
 5.526437e+002  1.618722e-005
 5.532625e+002  1.953136e-005
 5.538812e+002  2.012312e-005
 5.545000e+002  2.327489e-005
 5.551187e+002  2.220074e-005
 5.557375e+002  1.919869e-005
 5.563562e+002  1.753846e-005
 5.569750e+002  1.903268e-005
 5.575937e+002  1.669271e-005
 5.582125e+002  2.032122e-005
 5.588312e+002  2.253718e-005
 5.594500e+002  2.184772e-005
 5.600687e+002  1.895809e-005
 5.606875e+002  1.696407e-005
 5.613062e+002  2.021487e-005
 5.619250e+002  2.331082e-005
 5.625437e+002  2.415951e-005
 5.631625e+002  1.861761e-005
 5.637812e+002  1.930114e-005
 5.644000e+002  1.645724e-005
 5.650187e+002  1.676522e-005
 5.656375e+002  1.882500e-005
 5.662562e+002  1.806042e-005
 5.668750e+002  2.005965e-005
 5.674937e+002  1.830284e-005
 5.681125e+002  2.182783e-005
 5.687312e+002  1.748811e-005
 5.693500e+002  1.765938e-005
 5.699687e+002  1.726902e-005
 5.705875e+002  1.658112e-005
 5.712062e+002  1.858067e-005
 5.718250e+002  2.058395e-005
 5.724437e+002  2.039337e-005
 5.730625e+002  1.869901e-005
 5.736812e+002  2.028150e-005
 5.743000e+002  2.409023e-005
 5.749187e+002  2.729411e-005
 5.755375e+002  2.764435e-005
 5.761562e+002  2.871320e-005
 5.767750e+002  1.867146e-005
 5.773937e+002  1.983441e-005
 5.780125e+002  2.243328e-005
 5.786312e+002  2.143553e-005
 5.792500e+002  2.566663e-005
 5.798687e+002  2.098109e-005
 5.804875e+002  2.377887e-005
 5.811062e+002  2.520843e-005
 5.817250e+002  2.267526e-005
 5.823437e+002  2.340867e-005
 5.829625e+002  1.976084e-005
 5.835812e+002  2.038313e-005
 5.842000e+002  1.903996e-005
 5.848187e+002  1.876539e-005
 5.854375e+002  1.664067e-005
 5.860562e+002  2.357069e-005
 5.866750e+002  2.083081e-005
 5.872937e+002  2.035001e-005
 5.879125e+002  2.025085e-005
 5.885312e+002  1.923247e-005
 5.891500e+002  2.086261e-005
 5.897687e+002  2.038013e-005
 5.903875e+002  1.610542e-005
 5.910062e+002  1.648844e-005
 5.916250e+002  1.649715e-005
 5.922437e+002  1.857861e-005
 5.928625e+002  2.008534e-005
 5.934812e+002  2.258707e-005
 5.941000e+002  2.274496e-005
 5.947187e+002  2.249556e-005
 5.953375e+002  1.801533e-005
 5.959562e+002  1.740091e-005
 5.965750e+002  1.946197e-005
 5.971937e+002  1.882596e-005
 5.978125e+002  1.775345e-005
 5.984312e+002  1.975034e-005
 5.990500e+002  1.700393e-005
 5.996687e+002  1.028496e-004
 6.002875e+002  1.678808e-004
 6.009062e+002  6.754324e-005
 6.015250e+002  2.613900e-005
 6.021437e+002  2.662040e-005
 6.027625e+002  2.393096e-005
 6.033812e+002  2.518594e-005
 6.040000e+002  2.496200e-005
 6.046187e+002  2.614135e-005
 6.052375e+002  2.294115e-005
 6.058562e+002  1.859119e-005
 6.064750e+002  1.465747e-005
 6.070937e+002  1.537697e-005
 6.077125e+002  2.196893e-005
 6.083312e+002  2.846079e-005
 6.089500e+002  2.763948e-005
 6.095687e+002  2.357219e-005
 6.101875e+002  1.559938e-005
 6.108062e+002  1.682396e-005
 6.114250e+002  1.958942e-005
 6.120437e+002  2.148040e-005
 6.126625e+002  2.553533e-005
 6.132812e+002  2.452159e-005
 6.139000e+002  2.017090e-005
 6.145187e+002  2.236255e-005
 6.151375e+002  2.569998e-005
 6.157562e+002  2.224975e-005
 6.163750e+002  2.101867e-005
 6.169937e+002  2.002406e-005
 6.176125e+002  1.815192e-005
 6.182312e+002  1.891165e-005
 6.188500e+002  2.509395e-005
 6.194687e+002  2.244285e-005
 6.200875e+002  1.837369e-005
 6.207062e+002  2.112425e-005
 6.213250e+002  2.657309e-005
 6.219437e+002  2.329771e-005
 6.225625e+002  2.504437e-005
 6.231812e+002  2.107756e-005
 6.238000e+002  1.768304e-005
 6.244187e+002  2.137121e-005
 6.250375e+002  1.924114e-005
 6.256562e+002  1.850639e-005
 6.262750e+002  2.176047e-005
 6.268937e+002  2.210630e-005
 6.275125e+002  2.050298e-005
 6.281312e+002  1.833412e-005
 6.287500e+002  1.763682e-005
 6.293687e+002  2.069538e-005
 6.299875e+002  1.652201e-005
 6.306062e+002  1.867502e-005
 6.312250e+002  1.690025e-005
 6.318437e+002  1.906692e-005
 6.324625e+002  2.199563e-005
 6.330812e+002  2.596487e-005
 6.337000e+002  1.947879e-005
 6.343187e+002  1.821708e-005
 6.349375e+002  2.339320e-005
 6.355562e+002  2.436652e-005
 6.361750e+002  2.473754e-005
 6.367937e+002  2.316717e-005
 6.374125e+002  1.638220e-005
 6.380312e+002  1.904649e-005
 6.386500e+002  1.937085e-005
 6.392687e+002  2.121028e-005
 6.398875e+002  2.526903e-005
 6.405062e+002  2.604044e-005
 6.411250e+002  2.147984e-005
 6.417437e+002  2.397021e-005
 6.423625e+002  2.295380e-005
 6.429812e+002  2.516644e-005
 6.436000e+002  2.036559e-005
 6.442187e+002  1.920617e-005
 6.448375e+002  2.109545e-005
 6.454562e+002  1.835592e-005
 6.460750e+002  1.810916e-005
 6.466937e+002  1.809074e-005
 6.473125e+002  1.858551e-005
 6.479312e+002  2.029418e-005
 6.485500e+002  2.482817e-005
 6.491687e+002  5.609920e-005
 6.497875e+002  3.315031e-004
 6.504062e+002  4.008584e-004
 6.510250e+002  1.168392e-004
 6.516437e+002  2.367508e-005
 6.522625e+002  2.160094e-005
 6.528812e+002  1.687124e-005
 6.535000e+002  1.707012e-005
 6.541187e+002  1.884030e-005
 6.547375e+002  2.208282e-005
 6.553562e+002  2.152301e-005
 6.559750e+002  2.170960e-005
 6.565937e+002  2.089942e-005
 6.572125e+002  2.131494e-005
 6.578312e+002  1.859454e-005
 6.584500e+002  1.857191e-005
 6.590687e+002  2.141767e-005
 6.596875e+002  1.887297e-005
 6.603062e+002  1.686844e-005
 6.609250e+002  1.968823e-005
 6.615437e+002  2.136081e-005
 6.621625e+002  1.972224e-005
 6.627812e+002  1.933527e-005
 6.634000e+002  1.658051e-005
 6.640187e+002  2.349267e-005
 6.646375e+002  2.696386e-005
 6.652562e+002  2.077820e-005
 6.658750e+002  2.009570e-005
 6.664937e+002  2.134521e-005
 6.671125e+002  2.295693e-005
 6.677312e+002  2.470040e-005
 6.683500e+002  2.359139e-005
 6.689687e+002  2.450616e-005
 6.695875e+002  2.207574e-005
 6.702062e+002  1.961615e-005
 6.708250e+002  2.220948e-005
 6.714437e+002  2.312309e-005
 6.720625e+002  2.524721e-005
 6.726812e+002  2.714804e-005
 6.733000e+002  2.281020e-005
 6.739187e+002  2.541814e-005
 6.745375e+002  1.956023e-005
 6.751562e+002  1.793742e-005
 6.757750e+002  2.107994e-005
 6.763937e+002  2.191472e-005
 6.770125e+002  2.114618e-005
 6.776312e+002  1.612669e-005
 6.782500e+002  2.085086e-005
 6.788687e+002  2.223388e-005
 6.794875e+002  2.046498e-005
 6.801062e+002  2.039888e-005
 6.807250e+002  2.356936e-005
 6.813437e+002  2.256066e-005
 6.819625e+002  1.833957e-005
 6.825812e+002  1.961399e-005
 6.832000e+002  1.789359e-005
 6.838187e+002  1.844320e-005
 6.844375e+002  1.899503e-005
 6.850562e+002  1.868158e-005
 6.856750e+002  1.777741e-005
 6.862937e+002  2.110820e-005
 6.869125e+002  2.088854e-005
 6.875312e+002  2.125618e-005
 6.881500e+002  2.516790e-005
 6.887687e+002  2.558351e-005
 6.893875e+002  2.212529e-005
 6.900062e+002  2.284689e-005
 6.906250e+002  2.553411e-005
 6.912437e+002  2.436043e-005
 6.918625e+002  2.460957e-005
 6.924812e+002  2.069366e-005
 6.931000e+002  2.199541e-005
 6.937187e+002  2.391736e-005
 6.943375e+002  2.164536e-005
 6.949562e+002  2.070343e-005
 6.955750e+002  2.069356e-005
 6.961937e+002  2.017602e-005
 6.968125e+002  2.499005e-005
 6.974312e+002  2.255121e-005
 6.980500e+002  2.469741e-005
 6.986687e+002  2.411233e-005
 6.992875e+002  5.037328e-005
 6.999062e+002  2.110386e-004
 7.005250e+002  2.058285e-004
 7.011437e+002  4.444245e-005
 7.017625e+002  1.781151e-005
 7.023812e+002  2.320012e-005
 7.030000e+002  2.376054e-005
 7.036187e+002  2.151310e-005
 7.042375e+002  2.146052e-005
 7.048562e+002  1.647304e-005
 7.054750e+002  1.720565e-005
 7.060937e+002  1.291898e-005
 7.067125e+002  2.033250e-005
 7.073312e+002  2.254855e-005
 7.079500e+002  1.954833e-005
 7.085687e+002  1.544907e-005
 7.091875e+002  2.011923e-005
 7.098062e+002  2.071858e-005
 7.104250e+002  2.236606e-005
 7.110437e+002  1.867996e-005
 7.116625e+002  1.459011e-005
 7.122812e+002  1.525139e-005
 7.129000e+002  2.039076e-005
 7.135187e+002  1.657763e-005
 7.141375e+002  1.776246e-005
 7.147562e+002  2.020705e-005
 7.153750e+002  1.687871e-005
 7.159937e+002  1.765291e-005
 7.166125e+002  1.719750e-005
 7.172312e+002  2.397049e-005
 7.178500e+002  2.221591e-005
 7.184687e+002  2.101666e-005
 7.190875e+002  2.062321e-005
 7.197062e+002  2.060796e-005
 7.203250e+002  1.530754e-005
 7.209437e+002  1.770685e-005
 7.215625e+002  2.044581e-005
 7.221812e+002  1.622074e-005
 7.228000e+002  1.498185e-005
 7.234187e+002  2.207510e-005
 7.240375e+002  1.964983e-005
 7.246562e+002  1.972304e-005
 7.252750e+002  1.961892e-005
 7.258937e+002  2.025346e-005
 7.265125e+002  1.514709e-005
 7.271312e+002  1.729214e-005
 7.277500e+002  2.241760e-005
 7.283687e+002  2.255728e-005
 7.289875e+002  2.043329e-005
 7.296062e+002  2.281644e-005
 7.302250e+002  2.221621e-005
 7.308437e+002  1.986133e-005
 7.314625e+002  2.134199e-005
 7.320812e+002  2.205121e-005
 7.327000e+002  1.675376e-005
 7.333187e+002  1.447314e-005
 7.339375e+002  1.866231e-005
 7.345562e+002  1.935581e-005
 7.351750e+002  2.202263e-005
 7.357937e+002  2.407114e-005
 7.364125e+002  2.060706e-005
 7.370312e+002  2.305232e-005
 7.376500e+002  2.273641e-005
 7.382687e+002  2.083189e-005
 7.388875e+002  2.453955e-005
 7.395062e+002  2.103521e-005
 7.401250e+002  1.977747e-005
 7.407437e+002  1.821583e-005
 7.413625e+002  2.125325e-005
 7.419812e+002  1.799007e-005
 7.426000e+002  2.187125e-005
 7.432187e+002  2.403543e-005
 7.438375e+002  2.241234e-005
 7.444562e+002  2.275330e-005
 7.450750e+002  1.992829e-005
 7.456937e+002  1.835443e-005
 7.463125e+002  1.709514e-005
 7.469312e+002  1.609594e-005
 7.475500e+002  1.818215e-005
 7.481687e+002  1.826300e-005
 7.487875e+002  1.837668e-005
 7.494062e+002  7.953285e-005
 7.500250e+002  2.577670e-004
 7.506437e+002  2.018418e-004
 7.512625e+002  3.026238e-005
 7.518812e+002  1.957268e-005
 7.525000e+002  1.528770e-005
 7.531187e+002  2.234147e-005
 7.537375e+002  2.633591e-005
 7.543562e+002  2.134222e-005
 7.549750e+002  1.955031e-005
 7.555937e+002  2.053721e-005
 7.562125e+002  2.246362e-005
 7.568312e+002  2.146216e-005
 7.574500e+002  1.598141e-005
 7.580687e+002  1.510080e-005
 7.586875e+002  2.127438e-005
 7.593062e+002  2.017936e-005
 7.599250e+002  1.919659e-005
 7.605437e+002  1.791282e-005
 7.611625e+002  1.997524e-005
 7.617812e+002  2.373223e-005
 7.624000e+002  1.968949e-005
 7.630187e+002  1.943547e-005
 7.636375e+002  1.971798e-005
 7.642562e+002  1.929974e-005
 7.648750e+002  1.542033e-005
 7.654937e+002  2.194378e-005
 7.661125e+002  2.148155e-005
 7.667312e+002  1.534901e-005
 7.673500e+002  1.965141e-005
 7.679687e+002  2.150067e-005
 7.685875e+002  2.322972e-005
 7.692062e+002  2.232739e-005
 7.698250e+002  2.287112e-005
 7.704437e+002  2.046633e-005
 7.710625e+002  1.831514e-005
 7.716812e+002  2.158914e-005
 7.723000e+002  2.096678e-005
 7.729187e+002  2.368346e-005
 7.735375e+002  2.751132e-005
 7.741562e+002  1.912888e-005
 7.747750e+002  1.588515e-005
 7.753937e+002  1.563844e-005
 7.760125e+002  1.480805e-005
 7.766312e+002  1.862164e-005
 7.772500e+002  1.783140e-005
 7.778687e+002  1.655439e-005
 7.784875e+002  2.407564e-005
 7.791062e+002  2.194237e-005
 7.797250e+002  1.623208e-005
 7.803437e+002  1.950116e-005
 7.809625e+002  1.976294e-005
 7.815812e+002  1.782654e-005
 7.822000e+002  1.555404e-005
 7.828187e+002  1.992623e-005
 7.834375e+002  2.310525e-005
 7.840562e+002  2.058698e-005
 7.846750e+002  2.009201e-005
 7.852937e+002  2.082779e-005
 7.859125e+002  1.697392e-005
 7.865312e+002  1.808229e-005
 7.871500e+002  1.859854e-005
 7.877687e+002  1.676143e-005
 7.883875e+002  1.970332e-005
 7.890062e+002  2.061375e-005
 7.896250e+002  2.234630e-005
 7.902437e+002  1.620675e-005
 7.908625e+002  1.565148e-005
 7.914812e+002  1.638065e-005
 7.921000e+002  1.966894e-005
 7.927187e+002  1.984551e-005
 7.933375e+002  1.665737e-005
 7.939562e+002  1.854505e-005
 7.945750e+002  1.722208e-005
 7.951937e+002  1.794207e-005
 7.958125e+002  1.967002e-005
 7.964312e+002  2.035199e-005
 7.970500e+002  1.645872e-005
 7.976687e+002  1.785753e-005
 7.982875e+002  2.034141e-005
 7.989062e+002  2.013521e-005
 7.995250e+002  6.179571e-005
 8.001437e+002  1.484971e-004
 8.007625e+002  9.328174e-005
 8.013812e+002  1.779156e-005
 8.020000e+002  2.161083e-005
 8.026187e+002  2.343838e-005
 8.032375e+002  2.100322e-005
 8.038562e+002  1.958809e-005
 8.044750e+002  1.752269e-005
 8.050937e+002  1.922911e-005
 8.057125e+002  2.043202e-005
 8.063312e+002  1.838077e-005
 8.069500e+002  2.085355e-005
 8.075687e+002  2.124240e-005
 8.081875e+002  2.222605e-005
 8.088062e+002  2.219068e-005
 8.094250e+002  2.112379e-005
 8.100437e+002  2.052396e-005
 8.106625e+002  2.253870e-005
 8.112812e+002  2.001523e-005
 8.119000e+002  2.106826e-005
 8.125187e+002  1.921565e-005
 8.131375e+002  1.478274e-005
 8.137562e+002  1.965682e-005
 8.143750e+002  2.622828e-005
 8.149937e+002  2.437344e-005
 8.156125e+002  1.977982e-005
 8.162312e+002  1.978003e-005
 8.168500e+002  1.911928e-005
 8.174687e+002  1.585816e-005
 8.180875e+002  1.923762e-005
 8.187062e+002  2.059194e-005
 8.193250e+002  1.722910e-005
 8.199437e+002  1.603954e-005
 8.205625e+002  1.515874e-005
 8.211812e+002  1.299915e-005
 8.218000e+002  2.036352e-005
 8.224187e+002  2.259253e-005
 8.230375e+002  2.026730e-005
 8.236562e+002  1.678234e-005
 8.242750e+002  2.034721e-005
 8.248937e+002  2.458414e-005
 8.255125e+002  2.628480e-005
 8.261312e+002  2.448151e-005
 8.267500e+002  2.258783e-005
 8.273687e+002  1.866537e-005
 8.279875e+002  1.689844e-005
 8.286062e+002  1.955808e-005
 8.292250e+002  2.214535e-005
 8.298437e+002  1.991095e-005
 8.304625e+002  1.815096e-005
 8.310812e+002  2.027933e-005
 8.317000e+002  2.617296e-005
 8.323187e+002  1.847963e-005
 8.329375e+002  1.492018e-005
 8.335562e+002  1.497421e-005
 8.341750e+002  2.047023e-005
 8.347937e+002  2.150572e-005
 8.354125e+002  2.466151e-005
 8.360312e+002  2.528963e-005
 8.366500e+002  2.677639e-005
 8.372687e+002  2.485991e-005
 8.378875e+002  2.167182e-005
 8.385062e+002  2.454023e-005
 8.391250e+002  2.535667e-005
 8.397437e+002  2.317476e-005
 8.403625e+002  1.925784e-005
 8.409812e+002  1.995918e-005
 8.416000e+002  1.804057e-005
 8.422187e+002  1.882950e-005
 8.428375e+002  2.442329e-005
 8.434562e+002  2.448020e-005
 8.440750e+002  2.192530e-005
 8.446937e+002  2.377103e-005
 8.453125e+002  2.544879e-005
 8.459312e+002  2.436224e-005
 8.465500e+002  2.481724e-005
 8.471687e+002  1.971263e-005
 8.477875e+002  1.584854e-005
 8.484062e+002  1.779043e-005
 8.490250e+002  2.219261e-005
 8.496437e+002  1.502819e-004
 8.502625e+002  2.878014e-004
 8.508812e+002  1.378971e-004
 8.515000e+002  1.958719e-005
 8.521187e+002  1.865382e-005
 8.527375e+002  1.831933e-005
 8.533562e+002  2.215305e-005
 8.539750e+002  2.225967e-005
 8.545937e+002  1.995613e-005
 8.552125e+002  2.245670e-005
 8.558312e+002  2.092495e-005
 8.564500e+002  1.890849e-005
 8.570687e+002  1.624380e-005
 8.576875e+002  1.502758e-005
 8.583062e+002  1.659714e-005
 8.589250e+002  1.863865e-005
 8.595437e+002  1.900793e-005
 8.601625e+002  2.267987e-005
 8.607812e+002  2.144547e-005
 8.614000e+002  1.815149e-005
 8.620187e+002  1.691716e-005
 8.626375e+002  1.429220e-005
 8.632562e+002  1.858988e-005
 8.638750e+002  2.024518e-005
 8.644937e+002  1.914805e-005
 8.651125e+002  2.342461e-005
 8.657312e+002  1.926232e-005
 8.663500e+002  1.684713e-005
 8.669687e+002  1.802538e-005
 8.675875e+002  1.363252e-005
 8.682062e+002  1.743806e-005
 8.688250e+002  1.691907e-005
 8.694437e+002  1.507437e-005
 8.700625e+002  1.734672e-005
 8.706812e+002  1.357875e-005
 8.713000e+002  1.940173e-005
 8.719187e+002  1.892313e-005
 8.725375e+002  1.940180e-005
 8.731562e+002  2.145314e-005
 8.737750e+002  2.084486e-005
 8.743937e+002  1.538474e-005
 8.750125e+002  2.339879e-005
 8.756312e+002  2.275882e-005
 8.762500e+002  1.579322e-005
 8.768687e+002  1.751431e-005
 8.774875e+002  1.546534e-005
 8.781062e+002  1.904398e-005
 8.787250e+002  2.372614e-005
 8.793437e+002  2.745804e-005
 8.799625e+002  2.058409e-005
 8.805812e+002  1.342430e-005
 8.812000e+002  1.712662e-005
 8.818187e+002  1.560924e-005
 8.824375e+002  1.765245e-005
 8.830562e+002  2.060687e-005
 8.836750e+002  1.917984e-005
 8.842937e+002  1.457255e-005
 8.849125e+002  1.817781e-005
 8.855312e+002  1.694032e-005
 8.861500e+002  1.874360e-005
 8.867687e+002  2.028519e-005
 8.873875e+002  1.734636e-005
 8.880062e+002  1.688389e-005
 8.886250e+002  2.304512e-005
 8.892437e+002  2.149398e-005
 8.898625e+002  1.633153e-005
 8.904812e+002  1.734656e-005
 8.911000e+002  1.732319e-005
 8.917187e+002  1.672662e-005
 8.923375e+002  1.462831e-005
 8.929562e+002  1.609520e-005
 8.935750e+002  1.353943e-005
 8.941937e+002  1.956242e-005
 8.948125e+002  2.408680e-005
 8.954312e+002  1.994115e-005
 8.960500e+002  1.882342e-005
 8.966687e+002  2.395131e-005
 8.972875e+002  1.923735e-005
 8.979062e+002  1.689364e-005
 8.985250e+002  1.635244e-005
 8.991437e+002  1.951815e-005
 8.997625e+002  8.606602e-005
 9.003812e+002  1.303224e-004
 9.010000e+002  5.770834e-005
 9.016187e+002  1.498943e-005
 9.022375e+002  1.848281e-005
 9.028562e+002  1.734505e-005
 9.034750e+002  1.569080e-005
 9.040937e+002  1.780700e-005
 9.047125e+002  1.605566e-005
 9.053312e+002  1.445342e-005
 9.059500e+002  1.545471e-005
 9.065687e+002  1.914136e-005
 9.071875e+002  1.839807e-005
 9.078062e+002  1.754653e-005
 9.084250e+002  1.842724e-005
 9.090437e+002  2.006095e-005
 9.096625e+002  2.070383e-005
 9.102812e+002  1.919717e-005
 9.109000e+002  1.700295e-005
 9.115187e+002  1.600778e-005
 9.121375e+002  1.613686e-005
 9.127562e+002  1.721692e-005
 9.133750e+002  1.987580e-005
 9.139937e+002  2.193420e-005
 9.146125e+002  1.850474e-005
 9.152312e+002  1.840963e-005
 9.158500e+002  1.827252e-005
 9.164687e+002  1.766741e-005
 9.170875e+002  1.749883e-005
 9.177062e+002  1.986190e-005
 9.183250e+002  2.528817e-005
 9.189437e+002  2.655461e-005
 9.195625e+002  2.433160e-005
 9.201812e+002  1.634363e-005
 9.208000e+002  1.278482e-005
 9.214187e+002  1.480386e-005
 9.220375e+002  2.340823e-005
 9.226562e+002  2.261521e-005
 9.232750e+002  2.150435e-005
 9.238937e+002  2.295639e-005
 9.245125e+002  2.339719e-005
 9.251312e+002  1.998069e-005
 9.257500e+002  1.948451e-005
 9.263687e+002  1.424509e-005
 9.269875e+002  1.573941e-005
 9.276062e+002  1.829078e-005
 9.282250e+002  1.392909e-005
 9.288437e+002  1.361124e-005
 9.294625e+002  1.471772e-005
 9.300812e+002  1.787991e-005
 9.307000e+002  1.954579e-005
 9.313187e+002  1.999118e-005
 9.319375e+002  2.169958e-005
 9.325562e+002  2.172767e-005
 9.331750e+002  1.898254e-005
 9.337937e+002  1.854859e-005
 9.344125e+002  2.255583e-005
 9.350312e+002  2.465658e-005
 9.356500e+002  1.893962e-005
 9.362687e+002  1.780985e-005
 9.368875e+002  2.021406e-005
 9.375062e+002  1.913218e-005
 9.381250e+002  2.085225e-005
 9.387437e+002  2.362774e-005
 9.393625e+002  2.198494e-005
 9.399812e+002  2.002391e-005
 9.406000e+002  2.151641e-005
 9.412187e+002  1.714997e-005
 9.418375e+002  2.041135e-005
 9.424562e+002  1.727951e-005
 9.430750e+002  2.629780e-005
 9.436937e+002  2.435447e-005
 9.443125e+002  1.985428e-005
 9.449312e+002  1.765636e-005
 9.455500e+002  2.484902e-005
 9.461687e+002  1.975826e-005
 9.467875e+002  2.509384e-005
 9.474062e+002  2.286074e-005
 9.480250e+002  2.186101e-005
 9.486437e+002  2.566552e-005
 9.492625e+002  3.008761e-005
 9.498812e+002  1.893875e-004
 9.505000e+002  2.282975e-004
 9.511187e+002  6.625587e-005
 9.517375e+002  2.588335e-005
 9.523562e+002  2.420172e-005
 9.529750e+002  2.016005e-005
 9.535937e+002  2.531235e-005
 9.542125e+002  2.196187e-005
 9.548312e+002  2.076758e-005
 9.554500e+002  1.542167e-005
 9.560687e+002  1.411357e-005
 9.566875e+002  2.051598e-005
 9.573062e+002  2.343274e-005
 9.579250e+002  2.263644e-005
 9.585437e+002  2.006033e-005
 9.591625e+002  1.300207e-005
 9.597812e+002  1.480012e-005
 9.604000e+002  1.660398e-005
 9.610187e+002  1.417395e-005
 9.616375e+002  1.366680e-005
 9.622562e+002  1.460418e-005
 9.628750e+002  1.436514e-005
 9.634937e+002  1.543918e-005
 9.641125e+002  2.174207e-005
 9.647312e+002  2.194090e-005
 9.653500e+002  2.158184e-005
 9.659687e+002  2.041299e-005
 9.665875e+002  2.142975e-005
 9.672062e+002  1.584508e-005
 9.678250e+002  1.441599e-005
 9.684437e+002  1.599998e-005
 9.690625e+002  1.894709e-005
 9.696812e+002  1.689772e-005
 9.703000e+002  1.708914e-005
 9.709187e+002  2.178394e-005
 9.715375e+002  2.341198e-005
 9.721562e+002  2.055599e-005
 9.727750e+002  2.047089e-005
 9.733937e+002  2.156671e-005
 9.740125e+002  1.995679e-005
 9.746312e+002  1.742179e-005
 9.752500e+002  1.682274e-005
 9.758687e+002  1.603754e-005
 9.764875e+002  1.959243e-005
 9.771062e+002  2.178859e-005
 9.777250e+002  2.087108e-005
 9.783437e+002  2.055772e-005
 9.789625e+002  2.226426e-005
 9.795812e+002  1.851327e-005
 9.802000e+002  2.091015e-005
 9.808187e+002  1.616254e-005
 9.814375e+002  1.567881e-005
 9.820562e+002  1.548532e-005
 9.826750e+002  1.626252e-005
 9.832937e+002  2.169190e-005
 9.839125e+002  2.076002e-005
 9.845312e+002  2.004079e-005
 9.851500e+002  2.050123e-005
 9.857687e+002  1.750300e-005
 9.863875e+002  1.933260e-005
 9.870062e+002  1.957895e-005
 9.876250e+002  1.866738e-005
 9.882437e+002  2.030952e-005
 9.888625e+002  2.220282e-005
 9.894812e+002  2.119024e-005
 9.901000e+002  1.672581e-005
 9.907187e+002  1.693003e-005
 9.913375e+002  1.958344e-005
 9.919562e+002  1.831058e-005
 9.925750e+002  1.608218e-005
 9.931937e+002  1.888772e-005
 9.938125e+002  1.701561e-005
 9.944312e+002  1.602773e-005
 9.950500e+002  2.040311e-005
 9.956687e+002  2.279566e-005
 9.962875e+002  1.757289e-005
 9.969062e+002  1.937994e-005
 9.975250e+002  2.186602e-005
 9.981437e+002  1.987342e-005
 9.987625e+002  1.593786e-005
 9.993812e+002  2.907063e-005
 1.000000e+003  1.081019e-004
