 1.000000e+000  4.284732e-004
 1.247500e+000  2.133502e-004
 1.495000e+000  3.233756e-004
 1.742500e+000  3.019254e-004
 1.990000e+000  1.557412e-004
 2.237500e+000  1.522702e-004
 2.485000e+000  2.903285e-004
 2.732500e+000  2.051452e-004
 2.980000e+000  2.527983e-004
 3.227500e+000  3.303773e-004
 3.475000e+000  2.749696e-004
 3.722500e+000  1.919150e-004
 3.970000e+000  2.569081e-004
 4.217500e+000  2.154000e-004
 4.465000e+000  1.365387e-004
 4.712500e+000  1.354718e-004
 4.960000e+000  1.649193e-004
 5.207500e+000  9.703385e-005
 5.455000e+000  1.277156e-004
 5.702500e+000  1.725032e-004
 5.950000e+000  1.022795e-004
 6.197500e+000  1.323704e-004
 6.445000e+000  7.244112e-005
 6.692500e+000  8.985177e-005
 6.940000e+000  1.886430e-004
 7.187500e+000  1.842272e-004
 7.435000e+000  1.480352e-004
 7.682500e+000  2.569352e-004
 7.930000e+000  2.488348e-004
 8.177500e+000  2.203415e-004
 8.425000e+000  2.208247e-004
 8.672500e+000  1.566046e-004
 8.920000e+000  1.067276e-004
 9.167500e+000  9.539128e-005
 9.415000e+000  1.532658e-004
 9.662500e+000  1.712489e-004
 9.910000e+000  1.299787e-004
 1.015750e+001  1.531483e-004
 1.040500e+001  1.230612e-004
 1.065250e+001  8.767036e-005
 1.090000e+001  1.175214e-004
 1.114750e+001  8.796111e-005
 1.139500e+001  5.469269e-005
 1.164250e+001  7.591701e-005
 1.189000e+001  1.084219e-004
 1.213750e+001  1.347040e-004
 1.238500e+001  9.844031e-005
 1.263250e+001  1.087701e-004
 1.288000e+001  1.027536e-004
 1.312750e+001  8.649310e-005
 1.337500e+001  7.281336e-005
 1.362250e+001  7.358271e-005
 1.387000e+001  1.218570e-004
 1.411750e+001  1.715397e-004
 1.436500e+001  1.583769e-004
 1.461250e+001  1.420429e-004
 1.486000e+001  1.310139e-004
 1.510750e+001  1.036168e-004
 1.535500e+001  1.108174e-004
 1.560250e+001  1.439569e-004
 1.585000e+001  1.035304e-004
 1.609750e+001  1.126575e-004
 1.634500e+001  7.928983e-005
 1.659250e+001  7.626332e-005
 1.684000e+001  1.484552e-004
 1.708750e+001  1.783761e-004
 1.733500e+001  1.786745e-004
 1.758250e+001  1.912202e-004
 1.783000e+001  1.862454e-004
 1.807750e+001  8.728457e-005
 1.832500e+001  4.418738e-005
 1.857250e+001  1.042350e-004
 1.882000e+001  8.843571e-005
 1.906750e+001  8.744478e-005
 1.931500e+001  1.103358e-004
 1.956250e+001  4.774179e-005
 1.981000e+001  1.287841e-004
 2.005750e+001  1.168593e-004
 2.030500e+001  7.856164e-005
 2.055250e+001  7.704938e-005
 2.080000e+001  9.045692e-005
 2.104750e+001  7.550053e-005
 2.129500e+001  1.231623e-004
 2.154250e+001  1.224475e-004
 2.179000e+001  7.664846e-005
 2.203750e+001  1.008635e-004
 2.228500e+001  1.051537e-004
 2.253250e+001  9.013879e-005
 2.278000e+001  4.523467e-005
 2.302750e+001  7.993045e-005
 2.327500e+001  8.847764e-005
 2.352250e+001  1.085224e-004
 2.377000e+001  9.741966e-005
 2.401750e+001  9.756568e-005
 2.426500e+001  6.843512e-005
 2.451250e+001  8.563935e-005
 2.476000e+001  6.453059e-005
 2.500750e+001  1.019940e-004
 2.525500e+001  1.300860e-004
 2.550250e+001  1.387408e-004
 2.575000e+001  1.453143e-004
 2.599750e+001  1.276988e-004
 2.624500e+001  7.960779e-005
 2.649250e+001  7.708542e-005
 2.674000e+001  9.993100e-005
 2.698750e+001  1.082466e-004
 2.723500e+001  1.040420e-004
 2.748250e+001  1.113733e-004
 2.773000e+001  1.186113e-004
 2.797750e+001  8.059451e-005
 2.822500e+001  8.069561e-005
 2.847250e+001  7.330166e-005
 2.872000e+001  7.434987e-005
 2.896750e+001  1.018091e-004
 2.921500e+001  8.683446e-005
 2.946250e+001  7.615672e-005
 2.971000e+001  5.028240e-005
 2.995750e+001  6.703653e-005
 3.020500e+001  1.058394e-004
 3.045250e+001  7.933449e-005
 3.070000e+001  1.138549e-004
 3.094750e+001  1.222267e-004
 3.119500e+001  9.400926e-005
 3.144250e+001  1.019605e-004
 3.169000e+001  1.172334e-004
 3.193750e+001  1.030540e-004
 3.218500e+001  7.213492e-005
 3.243250e+001  4.824965e-005
 3.268000e+001  5.333790e-005
 3.292750e+001  9.430950e-005
 3.317500e+001  9.789794e-005
 3.342250e+001  1.022609e-004
 3.367000e+001  9.816132e-005
 3.391750e+001  8.468763e-005
 3.416500e+001  7.674752e-005
 3.441250e+001  6.016550e-005
 3.466000e+001  6.976239e-005
 3.490750e+001  1.058830e-004
 3.515500e+001  8.363874e-005
 3.540250e+001  7.486224e-005
 3.565000e+001  8.525447e-005
 3.589750e+001  8.749407e-005
 3.614500e+001  1.210205e-004
 3.639250e+001  1.126493e-004
 3.664000e+001  1.080082e-004
 3.688750e+001  8.100679e-005
 3.713500e+001  5.915485e-005
 3.738250e+001  6.998120e-005
 3.763000e+001  7.163448e-005
 3.787750e+001  8.841419e-005
 3.812500e+001  1.266177e-004
 3.837250e+001  1.125580e-004
 3.862000e+001  4.062544e-005
 3.886750e+001  6.825215e-005
 3.911500e+001  9.152420e-005
 3.936250e+001  7.934527e-005
 3.961000e+001  6.122005e-005
 3.985750e+001  1.143453e-004
 4.010500e+001  1.037025e-004
 4.035250e+001  7.080349e-005
 4.060000e+001  6.241807e-005
 4.084750e+001  8.314624e-005
 4.109500e+001  8.397769e-005
 4.134250e+001  5.408525e-005
 4.159000e+001  5.141248e-005
 4.183750e+001  6.012578e-005
 4.208500e+001  6.799902e-005
 4.233250e+001  6.532216e-005
 4.258000e+001  5.275924e-005
 4.282750e+001  1.265377e-004
 4.307500e+001  9.368206e-005
 4.332250e+001  1.252406e-004
 4.357000e+001  1.436339e-004
 4.381750e+001  7.358910e-005
 4.406500e+001  6.672070e-005
 4.431250e+001  8.764743e-005
 4.456000e+001  7.480887e-005
 4.480750e+001  8.363673e-005
 4.505500e+001  6.966326e-005
 4.530250e+001  8.995865e-005
 4.555000e+001  1.100042e-004
 4.579750e+001  9.228747e-005
 4.604500e+001  7.896483e-005
 4.629250e+001  8.718540e-005
 4.654000e+001  8.149955e-005
 4.678750e+001  4.474524e-005
 4.703500e+001  4.925292e-005
 4.728250e+001  7.132480e-005
 4.753000e+001  7.519091e-005
 4.777750e+001  9.417505e-005
 4.802500e+001  8.250735e-005
 4.827250e+001  6.200199e-005
 4.852000e+001  7.097183e-005
 4.876750e+001  5.738188e-005
 4.901500e+001  6.862350e-005
 4.926250e+001  1.258767e-004
 4.951000e+001  1.308943e-004
 4.975750e+001  1.229243e-003
 5.000500e+001  2.552667e-003
 5.025250e+001  1.268522e-003
 5.050000e+001  5.748810e-005
 5.074750e+001  7.486589e-005
 5.099500e+001  1.100433e-004
 5.124250e+001  9.557243e-005
 5.149000e+001  4.129912e-005
 5.173750e+001  6.876901e-005
 5.198500e+001  7.421153e-005
 5.223250e+001  8.017642e-005
 5.248000e+001  7.867460e-005
 5.272750e+001  3.471847e-005
 5.297500e+001  7.206642e-005
 5.322250e+001  1.166829e-004
 5.347000e+001  1.065601e-004
 5.371750e+001  5.865245e-005
 5.396500e+001  5.109082e-005
 5.421250e+001  9.777968e-005
 5.446000e+001  9.772058e-005
 5.470750e+001  6.974361e-005
 5.495500e+001  1.068009e-004
 5.520250e+001  7.984388e-005
 5.545000e+001  9.867171e-005
 5.569750e+001  8.694144e-005
 5.594500e+001  7.659464e-005
 5.619250e+001  7.215181e-005
 5.644000e+001  5.211955e-005
 5.668750e+001  5.316086e-005
 5.693500e+001  8.331551e-005
 5.718250e+001  8.065976e-005
 5.743000e+001  8.826992e-005
 5.767750e+001  6.594452e-005
 5.792500e+001  9.334135e-005
 5.817250e+001  7.641110e-005
 5.842000e+001  4.504670e-005
 5.866750e+001  7.861184e-005
 5.891500e+001  6.337088e-005
 5.916250e+001  7.385432e-005
 5.941000e+001  1.049703e-004
 5.965750e+001  8.926623e-005
 5.990500e+001  1.094919e-004
 6.015250e+001  1.463922e-004
 6.040000e+001  1.027689e-004
 6.064750e+001  8.927932e-005
 6.089500e+001  8.816068e-005
 6.114250e+001  7.116993e-005
 6.139000e+001  9.014289e-005
 6.163750e+001  9.121681e-005
 6.188500e+001  8.008797e-005
 6.213250e+001  9.042955e-005
 6.238000e+001  9.631983e-005
 6.262750e+001  6.716213e-005
 6.287500e+001  4.945151e-005
 6.312250e+001  5.817218e-005
 6.337000e+001  5.282214e-005
 6.361750e+001  6.559775e-005
 6.386500e+001  4.836390e-005
 6.411250e+001  4.791305e-005
 6.436000e+001  5.985413e-005
 6.460750e+001  8.648352e-005
 6.485500e+001  9.431312e-005
 6.510250e+001  8.360372e-005
 6.535000e+001  7.281332e-005
 6.559750e+001  4.334610e-005
 6.584500e+001  5.234645e-005
 6.609250e+001  7.202628e-005
 6.634000e+001  9.387050e-005
 6.658750e+001  9.273116e-005
 6.683500e+001  5.997968e-005
 6.708250e+001  4.309144e-005
 6.733000e+001  8.238715e-005
 6.757750e+001  8.122943e-005
 6.782500e+001  9.400261e-005
 6.807250e+001  1.236312e-004
 6.832000e+001  7.821169e-005
 6.856750e+001  5.387733e-005
 6.881500e+001  7.870489e-005
 6.906250e+001  1.270109e-004
 6.931000e+001  1.185897e-004
 6.955750e+001  7.697704e-005
 6.980500e+001  8.126935e-005
 7.005250e+001  7.866004e-005
 7.030000e+001  2.682334e-005
 7.054750e+001  6.842685e-005
 7.079500e+001  7.892462e-005
 7.104250e+001  6.289453e-005
 7.129000e+001  9.339024e-005
 7.153750e+001  6.408466e-005
 7.178500e+001  4.502526e-005
 7.203250e+001  6.104354e-005
 7.228000e+001  8.413037e-005
 7.252750e+001  6.803393e-005
 7.277500e+001  5.674902e-005
 7.302250e+001  7.368702e-005
 7.327000e+001  9.244870e-005
 7.351750e+001  1.267165e-004
 7.376500e+001  7.735375e-005
 7.401250e+001  7.223267e-005
 7.426000e+001  7.726388e-005
 7.450750e+001  8.082678e-005
 7.475500e+001  1.025760e-004
 7.500250e+001  7.707564e-005
 7.525000e+001  6.698353e-005
 7.549750e+001  1.390073e-004
 7.574500e+001  1.270031e-004
 7.599250e+001  5.021047e-005
 7.624000e+001  9.407966e-005
 7.648750e+001  1.157585e-004
 7.673500e+001  8.332859e-005
 7.698250e+001  3.406275e-005
 7.723000e+001  5.233333e-005
 7.747750e+001  4.603896e-005
 7.772500e+001  3.851031e-005
 7.797250e+001  4.683969e-005
 7.822000e+001  3.978809e-005
 7.846750e+001  8.114781e-005
 7.871500e+001  1.214447e-004
 7.896250e+001  9.940754e-005
 7.921000e+001  6.933762e-005
 7.945750e+001  5.544802e-005
 7.970500e+001  8.277088e-005
 7.995250e+001  7.237699e-005
 8.020000e+001  6.293884e-005
 8.044750e+001  4.918675e-005
 8.069500e+001  5.225953e-005
 8.094250e+001  6.809678e-005
 8.119000e+001  6.165955e-005
 8.143750e+001  8.279501e-005
 8.168500e+001  3.895310e-005
 8.193250e+001  5.116103e-005
 8.218000e+001  7.586453e-005
 8.242750e+001  9.413176e-005
 8.267500e+001  1.019184e-004
 8.292250e+001  7.551860e-005
 8.317000e+001  6.135294e-005
 8.341750e+001  7.118071e-005
 8.366500e+001  8.183391e-005
 8.391250e+001  1.036311e-004
 8.416000e+001  9.811701e-005
 8.440750e+001  9.757158e-005
 8.465500e+001  9.132136e-005
 8.490250e+001  1.353531e-004
 8.515000e+001  1.247808e-004
 8.539750e+001  3.447584e-005
 8.564500e+001  4.253975e-005
 8.589250e+001  5.170111e-005
 8.614000e+001  7.004719e-005
 8.638750e+001  7.729592e-005
 8.663500e+001  4.753473e-005
 8.688250e+001  7.779048e-005
 8.713000e+001  1.123094e-004
 8.737750e+001  9.192138e-005
 8.762500e+001  4.438428e-005
 8.787250e+001  4.293316e-005
 8.812000e+001  3.063399e-005
 8.836750e+001  3.304420e-005
 8.861500e+001  4.792876e-005
 8.886250e+001  4.844945e-005
 8.911000e+001  9.441374e-005
 8.935750e+001  1.104242e-004
 8.960500e+001  8.649618e-005
 8.985250e+001  8.932387e-005
 9.010000e+001  7.248674e-005
 9.034750e+001  7.920233e-005
 9.059500e+001  8.344902e-005
 9.084250e+001  6.121481e-005
 9.109000e+001  7.030909e-005
 9.133750e+001  4.982638e-005
 9.158500e+001  8.068990e-005
 9.183250e+001  1.117801e-004
 9.208000e+001  8.496038e-005
 9.232750e+001  7.016922e-005
 9.257500e+001  8.142158e-005
 9.282250e+001  7.612597e-005
 9.307000e+001  5.680645e-005
 9.331750e+001  6.903626e-005
 9.356500e+001  6.673073e-005
 9.381250e+001  4.899116e-005
 9.406000e+001  8.786663e-005
 9.430750e+001  7.428202e-005
 9.455500e+001  7.885671e-005
 9.480250e+001  8.862845e-005
 9.505000e+001  6.845447e-005
 9.529750e+001  6.098644e-005
 9.554500e+001  5.639660e-005
 9.579250e+001  9.048751e-005
 9.604000e+001  8.200305e-005
 9.628750e+001  7.215151e-005
 9.653500e+001  5.885930e-005
 9.678250e+001  3.898736e-005
 9.703000e+001  3.823557e-005
 9.727750e+001  5.087362e-005
 9.752500e+001  5.792544e-005
 9.777250e+001  2.376093e-005
 9.802000e+001  6.149318e-005
 9.826750e+001  1.099685e-004
 9.851500e+001  1.040975e-004
 9.876250e+001  5.628489e-005
 9.901000e+001  3.652953e-005
 9.925750e+001  4.530778e-005
 9.950500e+001  7.110302e-005
 9.975250e+001  1.059706e-004
 1.000000e+002  1.883932e-004
