 1.000000e+000  4.228165e-004
 1.247500e+000  4.154114e-004
 1.495000e+000  2.655446e-004
 1.742500e+000  2.493099e-004
 1.990000e+000  3.668953e-004
 2.237500e+000  3.113160e-004
 2.485000e+000  3.187672e-004
 2.732500e+000  2.798698e-004
 2.980000e+000  2.661740e-004
 3.227500e+000  2.214366e-004
 3.475000e+000  2.523836e-004
 3.722500e+000  2.223840e-004
 3.970000e+000  1.647069e-004
 4.217500e+000  1.408999e-004
 4.465000e+000  1.547340e-004
 4.712500e+000  1.562682e-004
 4.960000e+000  1.775103e-004
 5.207500e+000  1.786955e-004
 5.455000e+000  1.859494e-004
 5.702500e+000  1.946466e-004
 5.950000e+000  1.844512e-004
 6.197500e+000  1.360516e-004
 6.445000e+000  1.018808e-004
 6.692500e+000  1.604634e-004
 6.940000e+000  2.041336e-004
 7.187500e+000  1.720951e-004
 7.435000e+000  1.624531e-004
 7.682500e+000  1.571949e-004
 7.930000e+000  1.492277e-004
 8.177500e+000  1.743477e-004
 8.425000e+000  1.519297e-004
 8.672500e+000  1.309899e-004
 8.920000e+000  1.348613e-004
 9.167500e+000  1.206100e-004
 9.415000e+000  6.773885e-005
 9.662500e+000  5.797214e-005
 9.910000e+000  8.411031e-005
 1.015750e+001  1.080256e-004
 1.040500e+001  9.109196e-005
 1.065250e+001  1.218882e-004
 1.090000e+001  1.210210e-004
 1.114750e+001  1.070629e-004
 1.139500e+001  1.060477e-004
 1.164250e+001  7.264945e-005
 1.189000e+001  1.242452e-004
 1.213750e+001  1.255659e-004
 1.238500e+001  8.582986e-005
 1.263250e+001  9.954644e-005
 1.288000e+001  1.342236e-004
 1.312750e+001  1.356529e-004
 1.337500e+001  1.193765e-004
 1.362250e+001  6.863711e-005
 1.387000e+001  8.676544e-005
 1.411750e+001  1.069399e-004
 1.436500e+001  1.075764e-004
 1.461250e+001  1.311942e-004
 1.486000e+001  1.165870e-004
 1.510750e+001  7.759458e-005
 1.535500e+001  7.695775e-005
 1.560250e+001  1.110705e-004
 1.585000e+001  8.672544e-005
 1.609750e+001  6.852586e-005
 1.634500e+001  9.394967e-005
 1.659250e+001  8.362822e-005
 1.684000e+001  8.235085e-005
 1.708750e+001  9.429054e-005
 1.733500e+001  1.072505e-004
 1.758250e+001  1.283506e-004
 1.783000e+001  1.360753e-004
 1.807750e+001  8.943411e-005
 1.832500e+001  9.082706e-005
 1.857250e+001  1.268006e-004
 1.882000e+001  1.381012e-004
 1.906750e+001  1.342623e-004
 1.931500e+001  1.205364e-004
 1.956250e+001  9.855147e-005
 1.981000e+001  1.129681e-004
 2.005750e+001  1.270886e-004
 2.030500e+001  7.997702e-005
 2.055250e+001  7.389259e-005
 2.080000e+001  5.629916e-005
 2.104750e+001  7.222294e-005
 2.129500e+001  9.773501e-005
 2.154250e+001  1.322090e-004
 2.179000e+001  9.341921e-005
 2.203750e+001  7.147091e-005
 2.228500e+001  9.301254e-005
 2.253250e+001  1.006323e-004
 2.278000e+001  7.594827e-005
 2.302750e+001  7.252628e-005
 2.327500e+001  6.387201e-005
 2.352250e+001  3.720801e-005
 2.377000e+001  6.421620e-005
 2.401750e+001  6.898379e-005
 2.426500e+001  5.966496e-005
 2.451250e+001  7.164765e-005
 2.476000e+001  1.041309e-004
 2.500750e+001  7.980749e-005
 2.525500e+001  9.528889e-005
 2.550250e+001  1.037318e-004
 2.575000e+001  5.620556e-005
 2.599750e+001  6.270789e-005
 2.624500e+001  8.054453e-005
 2.649250e+001  9.157694e-005
 2.674000e+001  8.216512e-005
 2.698750e+001  6.004854e-005
 2.723500e+001  7.899245e-005
 2.748250e+001  7.984996e-005
 2.773000e+001  7.821446e-005
 2.797750e+001  1.052252e-004
 2.822500e+001  1.064008e-004
 2.847250e+001  5.450077e-005
 2.872000e+001  7.555045e-005
 2.896750e+001  9.701112e-005
 2.921500e+001  7.422230e-005
 2.946250e+001  1.292845e-004
 2.971000e+001  1.117230e-004
 2.995750e+001  8.444600e-005
 3.020500e+001  7.343457e-005
 3.045250e+001  3.818289e-005
 3.070000e+001  5.474572e-005
 3.094750e+001  7.938730e-005
 3.119500e+001  1.080230e-004
 3.144250e+001  1.296548e-004
 3.169000e+001  1.423793e-004
 3.193750e+001  1.064522e-004
 3.218500e+001  7.895791e-005
 3.243250e+001  1.017427e-004
 3.268000e+001  8.157004e-005
 3.292750e+001  1.054573e-004
 3.317500e+001  1.225016e-004
 3.342250e+001  1.062147e-004
 3.367000e+001  8.808364e-005
 3.391750e+001  7.001090e-005
 3.416500e+001  7.617045e-005
 3.441250e+001  9.777704e-005
 3.466000e+001  1.125043e-004
 3.490750e+001  7.878560e-005
 3.515500e+001  8.290080e-005
 3.540250e+001  1.061311e-004
 3.565000e+001  1.303708e-004
 3.589750e+001  1.051144e-004
 3.614500e+001  7.083376e-005
 3.639250e+001  8.225338e-005
 3.664000e+001  7.231836e-005
 3.688750e+001  6.786446e-005
 3.713500e+001  6.662829e-005
 3.738250e+001  8.520978e-005
 3.763000e+001  9.538499e-005
 3.787750e+001  1.026983e-004
 3.812500e+001  9.082164e-005
 3.837250e+001  6.409823e-005
 3.862000e+001  6.768992e-005
 3.886750e+001  8.615109e-005
 3.911500e+001  9.062327e-005
 3.936250e+001  8.358446e-005
 3.961000e+001  6.565441e-005
 3.985750e+001  9.889804e-005
 4.010500e+001  8.624527e-005
 4.035250e+001  6.854135e-005
 4.060000e+001  1.082347e-004
 4.084750e+001  1.216124e-004
 4.109500e+001  8.394735e-005
 4.134250e+001  4.573816e-005
 4.159000e+001  7.444552e-005
 4.183750e+001  7.523281e-005
 4.208500e+001  5.800933e-005
 4.233250e+001  6.504907e-005
 4.258000e+001  6.759354e-005
 4.282750e+001  7.123971e-005
 4.307500e+001  4.401022e-005
 4.332250e+001  1.086930e-004
 4.357000e+001  1.205527e-004
 4.381750e+001  8.849254e-005
 4.406500e+001  9.206696e-005
 4.431250e+001  1.152857e-004
 4.456000e+001  9.861905e-005
 4.480750e+001  6.914991e-005
 4.505500e+001  5.933752e-005
 4.530250e+001  5.801766e-005
 4.555000e+001  4.871690e-005
 4.579750e+001  6.526404e-005
 4.604500e+001  8.032517e-005
 4.629250e+001  1.036257e-004
 4.654000e+001  8.942773e-005
 4.678750e+001  7.245865e-005
 4.703500e+001  7.806136e-005
 4.728250e+001  8.343375e-005
 4.753000e+001  7.704413e-005
 4.777750e+001  8.969199e-005
 4.802500e+001  8.418043e-005
 4.827250e+001  7.941944e-005
 4.852000e+001  9.235393e-005
 4.876750e+001  7.646453e-005
 4.901500e+001  6.034035e-005
 4.926250e+001  5.477571e-005
 4.951000e+001  9.967858e-005
 4.975750e+001  1.041756e-003
 5.000500e+001  2.301527e-003
 5.025250e+001  1.308104e-003
 5.050000e+001  1.003672e-004
 5.074750e+001  6.717866e-005
 5.099500e+001  9.779440e-005
 5.124250e+001  9.109926e-005
 5.149000e+001  8.709154e-005
 5.173750e+001  7.737484e-005
 5.198500e+001  5.600317e-005
 5.223250e+001  7.175323e-005
 5.248000e+001  7.767150e-005
 5.272750e+001  9.489492e-005
 5.297500e+001  8.195353e-005
 5.322250e+001  7.896740e-005
 5.347000e+001  8.260333e-005
 5.371750e+001  7.851684e-005
 5.396500e+001  7.301941e-005
 5.421250e+001  6.998204e-005
 5.446000e+001  9.225344e-005
 5.470750e+001  7.383156e-005
 5.495500e+001  6.599631e-005
 5.520250e+001  7.573674e-005
 5.545000e+001  6.440191e-005
 5.569750e+001  7.733086e-005
 5.594500e+001  6.008596e-005
 5.619250e+001  8.091967e-005
 5.644000e+001  9.435121e-005
 5.668750e+001  8.855052e-005
 5.693500e+001  8.962621e-005
 5.718250e+001  5.925424e-005
 5.743000e+001  1.180098e-004
 5.767750e+001  9.484944e-005
 5.792500e+001  4.309358e-005
 5.817250e+001  4.944115e-005
 5.842000e+001  7.462535e-005
 5.866750e+001  7.674897e-005
 5.891500e+001  9.662251e-005
 5.916250e+001  1.374897e-004
 5.941000e+001  1.038003e-004
 5.965750e+001  5.936280e-005
 5.990500e+001  1.216255e-004
 6.015250e+001  1.099287e-004
 6.040000e+001  5.970710e-005
 6.064750e+001  8.686940e-005
 6.089500e+001  9.746679e-005
 6.114250e+001  6.954445e-005
 6.139000e+001  4.977914e-005
 6.163750e+001  8.515776e-005
 6.188500e+001  8.508695e-005
 6.213250e+001  9.310483e-005
 6.238000e+001  1.023986e-004
 6.262750e+001  8.315800e-005
 6.287500e+001  7.047291e-005
 6.312250e+001  5.120835e-005
 6.337000e+001  5.728323e-005
 6.361750e+001  6.471797e-005
 6.386500e+001  8.291774e-005
 6.411250e+001  8.490681e-005
 6.436000e+001  1.051024e-004
 6.460750e+001  6.934615e-005
 6.485500e+001  5.867706e-005
 6.510250e+001  8.811349e-005
 6.535000e+001  4.505362e-005
 6.559750e+001  8.511608e-005
 6.584500e+001  1.157898e-004
 6.609250e+001  8.105975e-005
 6.634000e+001  5.654411e-005
 6.658750e+001  4.194942e-005
 6.683500e+001  7.229771e-005
 6.708250e+001  8.827736e-005
 6.733000e+001  8.224619e-005
 6.757750e+001  3.726773e-005
 6.782500e+001  7.574383e-005
 6.807250e+001  1.089883e-004
 6.832000e+001  1.002036e-004
 6.856750e+001  7.696195e-005
 6.881500e+001  7.784646e-005
 6.906250e+001  7.572722e-005
 6.931000e+001  8.770912e-005
 6.955750e+001  9.116061e-005
 6.980500e+001  8.388074e-005
 7.005250e+001  6.948311e-005
 7.030000e+001  1.022463e-004
 7.054750e+001  9.269563e-005
 7.079500e+001  8.156220e-005
 7.104250e+001  8.628895e-005
 7.129000e+001  7.296411e-005
 7.153750e+001  7.150800e-005
 7.178500e+001  4.411312e-005
 7.203250e+001  5.326864e-005
 7.228000e+001  8.727443e-005
 7.252750e+001  7.096766e-005
 7.277500e+001  4.772670e-005
 7.302250e+001  8.209111e-005
 7.327000e+001  6.888248e-005
 7.351750e+001  9.353666e-005
 7.376500e+001  6.961608e-005
 7.401250e+001  7.525399e-005
 7.426000e+001  1.006205e-004
 7.450750e+001  7.172562e-005
 7.475500e+001  6.777498e-005
 7.500250e+001  7.462486e-005
 7.525000e+001  8.364819e-005
 7.549750e+001  7.809346e-005
 7.574500e+001  7.021930e-005
 7.599250e+001  6.727352e-005
 7.624000e+001  7.279426e-005
 7.648750e+001  1.030139e-004
 7.673500e+001  1.076178e-004
 7.698250e+001  8.477729e-005
 7.723000e+001  7.844374e-005
 7.747750e+001  1.106638e-004
 7.772500e+001  1.188284e-004
 7.797250e+001  1.117674e-004
 7.822000e+001  9.101010e-005
 7.846750e+001  9.092595e-005
 7.871500e+001  7.968206e-005
 7.896250e+001  6.781180e-005
 7.921000e+001  7.470464e-005
 7.945750e+001  1.224536e-004
 7.970500e+001  9.240225e-005
 7.995250e+001  7.625955e-005
 8.020000e+001  8.391790e-005
 8.044750e+001  8.169814e-005
 8.069500e+001  4.983849e-005
 8.094250e+001  7.627099e-005
 8.119000e+001  5.507667e-005
 8.143750e+001  5.876768e-005
 8.168500e+001  8.490777e-005
 8.193250e+001  5.450470e-005
 8.218000e+001  6.276407e-005
 8.242750e+001  7.605746e-005
 8.267500e+001  7.934928e-005
 8.292250e+001  1.056934e-004
 8.317000e+001  1.106699e-004
 8.341750e+001  9.039882e-005
 8.366500e+001  8.232335e-005
 8.391250e+001  7.333978e-005
 8.416000e+001  7.876313e-005
 8.440750e+001  6.544447e-005
 8.465500e+001  8.233047e-005
 8.490250e+001  5.925636e-005
 8.515000e+001  5.549685e-005
 8.539750e+001  5.684928e-005
 8.564500e+001  8.013233e-005
 8.589250e+001  9.772152e-005
 8.614000e+001  1.063071e-004
 8.638750e+001  7.207474e-005
 8.663500e+001  6.048928e-005
 8.688250e+001  7.920842e-005
 8.713000e+001  8.632071e-005
 8.737750e+001  6.201471e-005
 8.762500e+001  5.577122e-005
 8.787250e+001  8.268677e-005
 8.812000e+001  8.613120e-005
 8.836750e+001  8.451324e-005
 8.861500e+001  7.442206e-005
 8.886250e+001  7.085486e-005
 8.911000e+001  8.441777e-005
 8.935750e+001  8.609748e-005
 8.960500e+001  6.734544e-005
 8.985250e+001  5.715702e-005
 9.010000e+001  4.746781e-005
 9.034750e+001  6.751665e-005
 9.059500e+001  8.349669e-005
 9.084250e+001  6.681261e-005
 9.109000e+001  7.321403e-005
 9.133750e+001  8.606046e-005
 9.158500e+001  7.394538e-005
 9.183250e+001  6.874390e-005
 9.208000e+001  6.844721e-005
 9.232750e+001  5.272961e-005
 9.257500e+001  6.641211e-005
 9.282250e+001  7.650659e-005
 9.307000e+001  7.783021e-005
 9.331750e+001  7.907003e-005
 9.356500e+001  5.800726e-005
 9.381250e+001  8.369059e-005
 9.406000e+001  7.479263e-005
 9.430750e+001  9.660708e-005
 9.455500e+001  7.076317e-005
 9.480250e+001  6.306438e-005
 9.505000e+001  7.214478e-005
 9.529750e+001  5.085443e-005
 9.554500e+001  3.869001e-005
 9.579250e+001  5.565872e-005
 9.604000e+001  9.226920e-005
 9.628750e+001  7.881201e-005
 9.653500e+001  9.186132e-005
 9.678250e+001  8.876475e-005
 9.703000e+001  8.091090e-005
 9.727750e+001  8.485588e-005
 9.752500e+001  9.020746e-005
 9.777250e+001  1.162848e-004
 9.802000e+001  8.516331e-005
 9.826750e+001  1.017473e-004
 9.851500e+001  7.056923e-005
 9.876250e+001  7.459486e-005
 9.901000e+001  9.853647e-005
 9.925750e+001  8.355635e-005
 9.950500e+001  5.604174e-005
 9.975250e+001  8.338029e-005
 1.000000e+002  1.748433e-004
