 1.000000e+001  3.308741e-003
 1.061875e+001  3.640522e-003
 1.123750e+001  3.520665e-003
 1.185625e+001  3.531333e-003
 1.247500e+001  3.367285e-003
 1.309375e+001  2.693237e-003
 1.371250e+001  2.606815e-003
 1.433125e+001  2.413812e-003
 1.495000e+001  2.829878e-003
 1.556875e+001  2.700404e-003
 1.618750e+001  2.685880e-003
 1.680625e+001  2.542398e-003
 1.742500e+001  2.533352e-003
 1.804375e+001  2.503665e-003
 1.866250e+001  2.111888e-003
 1.928125e+001  2.277279e-003
 1.990000e+001  2.413923e-003
 2.051875e+001  2.364564e-003
 2.113750e+001  2.402285e-003
 2.175625e+001  2.386402e-003
 2.237500e+001  2.095525e-003
 2.299375e+001  2.196433e-003
 2.361250e+001  2.059669e-003
 2.423125e+001  1.606160e-003
 2.485000e+001  1.975769e-003
 2.546875e+001  2.350962e-003
 2.608750e+001  2.251261e-003
 2.670625e+001  1.738156e-003
 2.732500e+001  1.511482e-003
 2.794375e+001  1.628246e-003
 2.856250e+001  1.543646e-003
 2.918125e+001  1.907322e-003
 2.980000e+001  1.978552e-003
 3.041875e+001  1.650214e-003
 3.103750e+001  1.647741e-003
 3.165625e+001  1.596502e-003
 3.227500e+001  2.226559e-003
 3.289375e+001  2.096716e-003
 3.351250e+001  1.673235e-003
 3.413125e+001  1.453258e-003
 3.475000e+001  1.818470e-003
 3.536875e+001  1.607315e-003
 3.598750e+001  1.591914e-003
 3.660625e+001  1.472411e-003
 3.722500e+001  1.474984e-003
 3.784375e+001  2.113697e-003
 3.846250e+001  2.077154e-003
 3.908125e+001  1.882502e-003
 3.970000e+001  1.776160e-003
 4.031875e+001  1.751137e-003
 4.093750e+001  1.723983e-003
 4.155625e+001  1.651141e-003
 4.217500e+001  1.225999e-003
 4.279375e+001  1.427475e-003
 4.341250e+001  1.777425e-003
 4.403125e+001  1.849850e-003
 4.465000e+001  1.777646e-003
 4.526875e+001  1.446829e-003
 4.588750e+001  1.266698e-003
 4.650625e+001  1.774492e-003
 4.712500e+001  1.882585e-003
 4.774375e+001  1.501840e-003
 4.836250e+001  1.612851e-003
 4.898125e+001  1.836933e-003
 4.960000e+001  8.739521e-003
 5.021875e+001  1.016767e-002
 5.083750e+001  3.043413e-003
 5.145625e+001  1.701756e-003
 5.207500e+001  1.625104e-003
 5.269375e+001  1.171754e-003
 5.331250e+001  1.362625e-003
 5.393125e+001  1.652603e-003
 5.455000e+001  1.346222e-003
 5.516875e+001  1.178871e-003
 5.578750e+001  1.043416e-003
 5.640625e+001  1.330395e-003
 5.702500e+001  1.379942e-003
 5.764375e+001  1.449704e-003
 5.826250e+001  1.168336e-003
 5.888125e+001  1.148455e-003
 5.950000e+001  1.267950e-003
 6.011875e+001  1.081438e-003
 6.073750e+001  1.018430e-003
 6.135625e+001  1.053275e-003
 6.197500e+001  1.151339e-003
 6.259375e+001  1.332248e-003
 6.321250e+001  1.378675e-003
 6.383125e+001  1.177009e-003
 6.445000e+001  1.428686e-003
 6.506875e+001  1.351803e-003
 6.568750e+001  1.046492e-003
 6.630625e+001  1.234050e-003
 6.692500e+001  9.735873e-004
 6.754375e+001  1.177557e-003
 6.816250e+001  1.441878e-003
 6.878125e+001  1.309598e-003
 6.940000e+001  1.330468e-003
 7.001875e+001  1.272999e-003
 7.063750e+001  1.032755e-003
 7.125625e+001  1.305993e-003
 7.187500e+001  1.384499e-003
 7.249375e+001  1.179041e-003
 7.311250e+001  1.393506e-003
 7.373125e+001  1.317913e-003
 7.435000e+001  1.120791e-003
 7.496875e+001  1.178212e-003
 7.558750e+001  1.318466e-003
 7.620625e+001  1.211635e-003
 7.682500e+001  1.265717e-003
 7.744375e+001  9.845451e-004
 7.806250e+001  8.546930e-004
 7.868125e+001  1.126541e-003
 7.930000e+001  1.087564e-003
 7.991875e+001  1.087537e-003
 8.053750e+001  1.159114e-003
 8.115625e+001  1.236166e-003
 8.177500e+001  9.879872e-004
 8.239375e+001  9.634483e-004
 8.301250e+001  1.038000e-003
 8.363125e+001  9.464276e-004
 8.425000e+001  9.462791e-004
 8.486875e+001  8.526974e-004
 8.548750e+001  1.177938e-003
 8.610625e+001  1.142944e-003
 8.672500e+001  9.270646e-004
 8.734375e+001  1.130552e-003
 8.796250e+001  1.234654e-003
 8.858125e+001  1.284528e-003
 8.920000e+001  1.119064e-003
 8.981875e+001  1.196809e-003
 9.043750e+001  1.273810e-003
 9.105625e+001  9.377396e-004
 9.167500e+001  9.688829e-004
 9.229375e+001  1.063444e-003
 9.291250e+001  1.142377e-003
 9.353125e+001  1.042012e-003
 9.415000e+001  8.813783e-004
 9.476875e+001  9.967035e-004
 9.538750e+001  9.044246e-004
 9.600625e+001  8.715984e-004
 9.662500e+001  7.404594e-004
 9.724375e+001  8.403962e-004
 9.786250e+001  1.134561e-003
 9.848125e+001  1.146629e-003
 9.910000e+001  1.224500e-003
 9.971875e+001  1.271228e-003
 1.003375e+002  8.977262e-004
 1.009563e+002  1.230223e-003
 1.015750e+002  1.233527e-003
 1.021938e+002  1.011011e-003
 1.028125e+002  8.922547e-004
 1.034313e+002  8.509467e-004
 1.040500e+002  9.740460e-004
 1.046688e+002  8.728122e-004
 1.052875e+002  7.741591e-004
 1.059063e+002  8.739588e-004
 1.065250e+002  1.029075e-003
 1.071438e+002  1.096169e-003
 1.077625e+002  1.083047e-003
 1.083813e+002  9.949198e-004
 1.090000e+002  9.236554e-004
 1.096188e+002  9.593537e-004
 1.102375e+002  9.694284e-004
 1.108563e+002  8.703989e-004
 1.114750e+002  8.743919e-004
 1.120938e+002  9.434362e-004
 1.127125e+002  9.743080e-004
 1.133313e+002  8.938203e-004
 1.139500e+002  7.725186e-004
 1.145688e+002  9.897320e-004
 1.151875e+002  8.941199e-004
 1.158063e+002  7.410739e-004
 1.164250e+002  9.323387e-004
 1.170438e+002  1.106056e-003
 1.176625e+002  9.433326e-004
 1.182813e+002  9.908521e-004
 1.189000e+002  1.047192e-003
 1.195188e+002  8.409580e-004
 1.201375e+002  9.751433e-004
 1.207563e+002  7.610227e-004
 1.213750e+002  6.099220e-004
 1.219938e+002  8.159082e-004
 1.226125e+002  1.009254e-003
 1.232313e+002  8.310148e-004
 1.238500e+002  9.060706e-004
 1.244688e+002  9.568908e-004
 1.250875e+002  1.040087e-003
 1.257063e+002  1.033505e-003
 1.263250e+002  9.595919e-004
 1.269438e+002  9.657598e-004
 1.275625e+002  1.043491e-003
 1.281813e+002  9.874459e-004
 1.288000e+002  7.220577e-004
 1.294188e+002  7.992139e-004
 1.300375e+002  7.450773e-004
 1.306563e+002  9.579395e-004
 1.312750e+002  1.027294e-003
 1.318938e+002  8.565466e-004
 1.325125e+002  9.052410e-004
 1.331313e+002  7.823440e-004
 1.337500e+002  9.937511e-004
 1.343688e+002  1.080925e-003
 1.349875e+002  1.101918e-003
 1.356063e+002  8.650990e-004
 1.362250e+002  6.457482e-004
 1.368438e+002  6.380971e-004
 1.374625e+002  8.642509e-004
 1.380813e+002  7.769836e-004
 1.387000e+002  5.940878e-004
 1.393188e+002  7.968669e-004
 1.399375e+002  7.401348e-004
 1.405563e+002  1.084117e-003
 1.411750e+002  9.569125e-004
 1.417938e+002  8.486056e-004
 1.424125e+002  8.684874e-004
 1.430313e+002  7.400899e-004
 1.436500e+002  8.086973e-004
 1.442688e+002  8.048896e-004
 1.448875e+002  7.015337e-004
 1.455063e+002  9.313398e-004
 1.461250e+002  1.011991e-003
 1.467438e+002  7.616018e-004
 1.473625e+002  7.518022e-004
 1.479813e+002  8.351655e-004
 1.486000e+002  8.053349e-004
 1.492188e+002  2.743741e-003
 1.498375e+002  6.683415e-003
 1.504563e+002  4.423599e-003
 1.510750e+002  9.998351e-004
 1.516938e+002  8.704573e-004
 1.523125e+002  8.662629e-004
 1.529313e+002  8.222026e-004
 1.535500e+002  7.954110e-004
 1.541688e+002  7.224751e-004
 1.547875e+002  8.931170e-004
 1.554063e+002  9.171781e-004
 1.560250e+002  7.097327e-004
 1.566438e+002  6.817329e-004
 1.572625e+002  8.153111e-004
 1.578813e+002  9.024906e-004
 1.585000e+002  8.243488e-004
 1.591188e+002  7.624496e-004
 1.597375e+002  7.793994e-004
 1.603563e+002  8.004831e-004
 1.609750e+002  8.177145e-004
 1.615938e+002  7.625403e-004
 1.622125e+002  7.929214e-004
 1.628313e+002  6.721913e-004
 1.634500e+002  6.329500e-004
 1.640688e+002  7.661813e-004
 1.646875e+002  8.417857e-004
 1.653063e+002  9.423298e-004
 1.659250e+002  7.811468e-004
 1.665438e+002  7.522148e-004
 1.671625e+002  7.523419e-004
 1.677813e+002  7.522735e-004
 1.684000e+002  7.790386e-004
 1.690188e+002  8.549814e-004
 1.696375e+002  7.202211e-004
 1.702563e+002  7.183850e-004
 1.708750e+002  9.279168e-004
 1.714938e+002  1.069990e-003
 1.721125e+002  8.964597e-004
 1.727313e+002  7.868783e-004
 1.733500e+002  8.975323e-004
 1.739688e+002  8.228057e-004
 1.745875e+002  7.543467e-004
 1.752063e+002  6.423202e-004
 1.758250e+002  8.446232e-004
 1.764438e+002  7.299089e-004
 1.770625e+002  7.831810e-004
 1.776813e+002  7.175611e-004
 1.783000e+002  6.373220e-004
 1.789188e+002  9.057519e-004
 1.795375e+002  7.291612e-004
 1.801563e+002  6.708477e-004
 1.807750e+002  6.997234e-004
 1.813938e+002  7.388015e-004
 1.820125e+002  5.596950e-004
 1.826313e+002  5.212443e-004
 1.832500e+002  7.608843e-004
 1.838688e+002  7.306249e-004
 1.844875e+002  7.732882e-004
 1.851063e+002  7.552115e-004
 1.857250e+002  8.554161e-004
 1.863438e+002  9.354631e-004
 1.869625e+002  8.123312e-004
 1.875813e+002  9.394581e-004
 1.882000e+002  1.021909e-003
 1.888188e+002  8.243039e-004
 1.894375e+002  7.228319e-004
 1.900563e+002  8.421656e-004
 1.906750e+002  9.193940e-004
 1.912938e+002  7.199834e-004
 1.919125e+002  6.946276e-004
 1.925313e+002  6.668642e-004
 1.931500e+002  5.543066e-004
 1.937688e+002  6.709004e-004
 1.943875e+002  6.461976e-004
 1.950063e+002  6.548449e-004
 1.956250e+002  7.398533e-004
 1.962438e+002  7.073679e-004
 1.968625e+002  8.047863e-004
 1.974813e+002  7.959683e-004
 1.981000e+002  6.920131e-004
 1.987188e+002  7.659836e-004
 1.993375e+002  9.074061e-004
 1.999563e+002  9.060289e-004
 2.005750e+002  6.099649e-004
 2.011938e+002  6.973939e-004
 2.018125e+002  6.120136e-004
 2.024313e+002  6.737917e-004
 2.030500e+002  6.575502e-004
 2.036688e+002  7.105260e-004
 2.042875e+002  7.758951e-004
 2.049063e+002  7.115754e-004
 2.055250e+002  5.905711e-004
 2.061438e+002  6.039927e-004
 2.067625e+002  8.409339e-004
 2.073813e+002  8.222364e-004
 2.080000e+002  8.357369e-004
 2.086188e+002  6.466354e-004
 2.092375e+002  6.625148e-004
 2.098563e+002  7.282039e-004
 2.104750e+002  7.847456e-004
 2.110938e+002  7.264483e-004
 2.117125e+002  7.883971e-004
 2.123313e+002  8.612660e-004
 2.129500e+002  7.382473e-004
 2.135688e+002  6.041767e-004
 2.141875e+002  7.539140e-004
 2.148063e+002  6.757982e-004
 2.154250e+002  6.365508e-004
 2.160438e+002  4.976612e-004
 2.166625e+002  5.567319e-004
 2.172813e+002  6.438946e-004
 2.179000e+002  8.552360e-004
 2.185188e+002  6.641407e-004
 2.191375e+002  6.308392e-004
 2.197563e+002  5.884632e-004
 2.203750e+002  5.992762e-004
 2.209938e+002  6.136963e-004
 2.216125e+002  6.163785e-004
 2.222313e+002  7.234165e-004
 2.228500e+002  7.508181e-004
 2.234688e+002  6.374519e-004
 2.240875e+002  7.457135e-004
 2.247063e+002  6.920714e-004
 2.253250e+002  5.163174e-004
 2.259438e+002  6.764000e-004
 2.265625e+002  9.105194e-004
 2.271813e+002  8.858774e-004
 2.278000e+002  7.540400e-004
 2.284188e+002  8.401297e-004
 2.290375e+002  8.928899e-004
 2.296563e+002  7.335265e-004
 2.302750e+002  5.585913e-004
 2.308938e+002  7.641403e-004
 2.315125e+002  7.907313e-004
 2.321313e+002  6.693487e-004
 2.327500e+002  7.792905e-004
 2.333688e+002  7.661743e-004
 2.339875e+002  5.580891e-004
 2.346063e+002  7.728047e-004
 2.352250e+002  8.550833e-004
 2.358438e+002  8.596264e-004
 2.364625e+002  8.599720e-004
 2.370813e+002  7.631357e-004
 2.377000e+002  7.238706e-004
 2.383188e+002  7.294356e-004
 2.389375e+002  6.167833e-004
 2.395563e+002  7.172187e-004
 2.401750e+002  9.816797e-004
 2.407938e+002  9.004127e-004
 2.414125e+002  7.636762e-004
 2.420313e+002  8.015320e-004
 2.426500e+002  6.265853e-004
 2.432688e+002  6.210839e-004
 2.438875e+002  7.075369e-004
 2.445063e+002  6.641272e-004
 2.451250e+002  6.207081e-004
 2.457438e+002  6.413269e-004
 2.463625e+002  6.240089e-004
 2.469813e+002  7.089556e-004
 2.476000e+002  7.492887e-004
 2.482188e+002  6.245664e-004
 2.488375e+002  7.525969e-004
 2.494563e+002  1.098117e-003
 2.500750e+002  1.406946e-003
 2.506938e+002  7.723908e-004
 2.513125e+002  6.187382e-004
 2.519313e+002  8.186479e-004
 2.525500e+002  8.933756e-004
 2.531688e+002  7.895848e-004
 2.537875e+002  7.092782e-004
 2.544063e+002  6.442917e-004
 2.550250e+002  7.541928e-004
 2.556438e+002  7.547604e-004
 2.562625e+002  7.596459e-004
 2.568813e+002  6.780696e-004
 2.575000e+002  4.614481e-004
 2.581188e+002  4.613361e-004
 2.587375e+002  6.047657e-004
 2.593563e+002  5.347555e-004
 2.599750e+002  6.008535e-004
 2.605938e+002  7.285961e-004
 2.612125e+002  7.786576e-004
 2.618313e+002  5.966381e-004
 2.624500e+002  7.159068e-004
 2.630688e+002  6.551794e-004
 2.636875e+002  6.192965e-004
 2.643063e+002  6.379281e-004
 2.649250e+002  6.046148e-004
 2.655438e+002  7.474157e-004
 2.661625e+002  7.515906e-004
 2.667813e+002  6.402977e-004
 2.674000e+002  6.034073e-004
 2.680188e+002  6.611224e-004
 2.686375e+002  7.156252e-004
 2.692563e+002  7.808470e-004
 2.698750e+002  7.714336e-004
 2.704938e+002  8.378090e-004
 2.711125e+002  7.831706e-004
 2.717313e+002  5.424515e-004
 2.723500e+002  4.515822e-004
 2.729688e+002  5.958626e-004
 2.735875e+002  5.883223e-004
 2.742063e+002  5.689915e-004
 2.748250e+002  5.520275e-004
 2.754438e+002  6.345193e-004
 2.760625e+002  6.735478e-004
 2.766813e+002  5.592092e-004
 2.773000e+002  7.742672e-004
 2.779188e+002  7.404124e-004
 2.785375e+002  6.702581e-004
 2.791563e+002  7.048121e-004
 2.797750e+002  7.863329e-004
 2.803938e+002  6.241106e-004
 2.810125e+002  7.357464e-004
 2.816313e+002  8.168399e-004
 2.822500e+002  8.545706e-004
 2.828688e+002  7.319855e-004
 2.834875e+002  6.818088e-004
 2.841063e+002  5.774971e-004
 2.847250e+002  6.217571e-004
 2.853438e+002  5.418609e-004
 2.859625e+002  7.219328e-004
 2.865813e+002  7.619521e-004
 2.872000e+002  6.067115e-004
 2.878188e+002  6.934864e-004
 2.884375e+002  8.049161e-004
 2.890563e+002  6.264514e-004
 2.896750e+002  5.647987e-004
 2.902938e+002  6.025894e-004
 2.909125e+002  7.325667e-004
 2.915313e+002  7.458646e-004
 2.921500e+002  7.794139e-004
 2.927688e+002  7.220169e-004
 2.933875e+002  5.139737e-004
 2.940063e+002  4.703661e-004
 2.946250e+002  6.020355e-004
 2.952438e+002  6.329873e-004
 2.958625e+002  5.832742e-004
 2.964813e+002  5.008369e-004
 2.971000e+002  6.218219e-004
 2.977188e+002  6.657766e-004
 2.983375e+002  6.123705e-004
 2.989563e+002  6.420840e-004
 2.995750e+002  1.248650e-003
 3.001938e+002  1.212031e-003
 3.008125e+002  7.037930e-004
 3.014313e+002  6.507467e-004
 3.020500e+002  6.361397e-004
 3.026688e+002  6.600753e-004
 3.032875e+002  5.590215e-004
 3.039063e+002  6.016941e-004
 3.045250e+002  6.034616e-004
 3.051438e+002  8.007406e-004
 3.057625e+002  7.472583e-004
 3.063813e+002  7.222971e-004
 3.070000e+002  7.046628e-004
 3.076188e+002  8.130905e-004
 3.082375e+002  8.148028e-004
 3.088563e+002  7.132181e-004
 3.094750e+002  6.208376e-004
 3.100938e+002  6.079891e-004
 3.107125e+002  7.086580e-004
 3.113313e+002  5.843433e-004
 3.119500e+002  5.428926e-004
 3.125688e+002  6.042252e-004
 3.131875e+002  6.543319e-004
 3.138063e+002  6.264886e-004
 3.144250e+002  7.250774e-004
 3.150437e+002  6.582563e-004
 3.156625e+002  6.558815e-004
 3.162812e+002  5.675208e-004
 3.169000e+002  7.012103e-004
 3.175187e+002  6.904585e-004
 3.181375e+002  6.256830e-004
 3.187562e+002  6.639850e-004
 3.193750e+002  7.413653e-004
 3.199937e+002  6.952283e-004
 3.206125e+002  6.909996e-004
 3.212312e+002  7.622994e-004
 3.218500e+002  8.149161e-004
 3.224687e+002  6.013233e-004
 3.230875e+002  6.817304e-004
 3.237062e+002  6.784712e-004
 3.243250e+002  6.949611e-004
 3.249437e+002  7.063078e-004
 3.255625e+002  6.628119e-004
 3.261812e+002  7.054878e-004
 3.268000e+002  7.898679e-004
 3.274187e+002  7.643020e-004
 3.280375e+002  6.861467e-004
 3.286562e+002  7.069692e-004
 3.292750e+002  5.940072e-004
 3.298937e+002  6.141673e-004
 3.305125e+002  6.661547e-004
 3.311312e+002  6.231937e-004
 3.317500e+002  5.522653e-004
 3.323687e+002  6.297391e-004
 3.329875e+002  5.542977e-004
 3.336062e+002  6.080003e-004
 3.342250e+002  6.837287e-004
 3.348437e+002  6.851507e-004
 3.354625e+002  8.068725e-004
 3.360812e+002  5.857221e-004
 3.367000e+002  5.606363e-004
 3.373187e+002  6.186661e-004
 3.379375e+002  4.976010e-004
 3.385562e+002  5.868622e-004
 3.391750e+002  5.523118e-004
 3.397937e+002  5.976732e-004
 3.404125e+002  6.891885e-004
 3.410312e+002  7.921136e-004
 3.416500e+002  7.448902e-004
 3.422687e+002  7.563509e-004
 3.428875e+002  7.367076e-004
 3.435062e+002  6.744953e-004
 3.441250e+002  5.122089e-004
 3.447437e+002  6.066899e-004
 3.453625e+002  6.070961e-004
 3.459812e+002  5.847921e-004
 3.466000e+002  5.727831e-004
 3.472187e+002  6.473313e-004
 3.478375e+002  7.173876e-004
 3.484562e+002  8.491292e-004
 3.490750e+002  8.175250e-004
 3.496937e+002  9.027156e-004
 3.503125e+002  8.424350e-004
 3.509312e+002  5.769512e-004
 3.515500e+002  5.948005e-004
 3.521687e+002  6.545265e-004
 3.527875e+002  6.855864e-004
 3.534062e+002  5.488085e-004
 3.540250e+002  5.232378e-004
 3.546437e+002  4.989421e-004
 3.552625e+002  5.197075e-004
 3.558812e+002  7.660416e-004
 3.565000e+002  7.544352e-004
 3.571187e+002  5.423151e-004
 3.577375e+002  5.780115e-004
 3.583562e+002  5.833591e-004
 3.589750e+002  4.955409e-004
 3.595937e+002  3.606951e-004
 3.602125e+002  5.653362e-004
 3.608312e+002  7.851968e-004
 3.614500e+002  6.485353e-004
 3.620687e+002  5.715262e-004
 3.626875e+002  5.478160e-004
 3.633062e+002  4.872948e-004
 3.639250e+002  4.742413e-004
 3.645437e+002  6.708206e-004
 3.651625e+002  5.839805e-004
 3.657812e+002  5.230471e-004
 3.664000e+002  6.123119e-004
 3.670187e+002  6.134613e-004
 3.676375e+002  5.961470e-004
 3.682562e+002  6.322747e-004
 3.688750e+002  6.430084e-004
 3.694937e+002  6.854059e-004
 3.701125e+002  6.908179e-004
 3.707312e+002  6.385290e-004
 3.713500e+002  5.338308e-004
 3.719687e+002  6.949548e-004
 3.725875e+002  5.550651e-004
 3.732062e+002  5.223416e-004
 3.738250e+002  5.374625e-004
 3.744437e+002  6.132373e-004
 3.750625e+002  5.642740e-004
 3.756812e+002  6.674091e-004
 3.763000e+002  6.813780e-004
 3.769187e+002  5.652592e-004
 3.775375e+002  6.481710e-004
 3.781562e+002  6.968746e-004
 3.787750e+002  6.768621e-004
 3.793937e+002  6.566406e-004
 3.800125e+002  5.710213e-004
 3.806312e+002  5.636706e-004
 3.812500e+002  7.019692e-004
 3.818687e+002  5.146196e-004
 3.824875e+002  5.647905e-004
 3.831062e+002  4.914064e-004
 3.837250e+002  5.469726e-004
 3.843437e+002  7.589516e-004
 3.849625e+002  6.274537e-004
 3.855812e+002  7.082792e-004
 3.862000e+002  7.000931e-004
 3.868187e+002  5.175686e-004
 3.874375e+002  5.930462e-004
 3.880562e+002  7.046530e-004
 3.886750e+002  6.922455e-004
 3.892937e+002  7.213984e-004
 3.899125e+002  6.274969e-004
 3.905312e+002  4.973732e-004
 3.911500e+002  5.630767e-004
 3.917687e+002  6.462938e-004
 3.923875e+002  5.544993e-004
 3.930062e+002  5.356529e-004
 3.936250e+002  5.804281e-004
 3.942437e+002  6.009705e-004
 3.948625e+002  4.691925e-004
 3.954812e+002  5.903101e-004
 3.961000e+002  4.947837e-004
 3.967187e+002  6.849915e-004
 3.973375e+002  6.977989e-004
 3.979562e+002  6.507502e-004
 3.985750e+002  5.329870e-004
 3.991937e+002  9.527172e-004
 3.998125e+002  1.411936e-003
 4.004312e+002  9.327079e-004
 4.010500e+002  5.706404e-004
 4.016687e+002  5.260384e-004
 4.022875e+002  6.179821e-004
 4.029062e+002  6.078915e-004
 4.035250e+002  5.859130e-004
 4.041437e+002  5.825131e-004
 4.047625e+002  6.826085e-004
 4.053812e+002  6.418841e-004
 4.060000e+002  5.541031e-004
 4.066187e+002  5.521296e-004
 4.072375e+002  6.072496e-004
 4.078562e+002  5.559974e-004
 4.084750e+002  6.852812e-004
 4.090937e+002  5.382746e-004
 4.097125e+002  5.439112e-004
 4.103312e+002  6.565457e-004
 4.109500e+002  5.985697e-004
 4.115687e+002  5.892187e-004
 4.121875e+002  5.368628e-004
 4.128062e+002  6.113103e-004
 4.134250e+002  5.749428e-004
 4.140437e+002  6.739175e-004
 4.146625e+002  5.902541e-004
 4.152812e+002  4.757767e-004
 4.159000e+002  4.134800e-004
 4.165187e+002  4.433985e-004
 4.171375e+002  5.758052e-004
 4.177562e+002  6.354978e-004
 4.183750e+002  4.933256e-004
 4.189937e+002  5.519524e-004
 4.196125e+002  5.265490e-004
 4.202312e+002  5.027028e-004
 4.208500e+002  5.363210e-004
 4.214687e+002  5.416929e-004
 4.220875e+002  5.113818e-004
 4.227062e+002  5.680610e-004
 4.233250e+002  5.408044e-004
 4.239437e+002  5.274128e-004
 4.245625e+002  4.559036e-004
 4.251812e+002  5.824486e-004
 4.258000e+002  5.392298e-004
 4.264187e+002  4.892692e-004
 4.270375e+002  5.061094e-004
 4.276562e+002  7.083380e-004
 4.282750e+002  7.483472e-004
 4.288937e+002  6.376200e-004
 4.295125e+002  6.026741e-004
 4.301312e+002  5.609760e-004
 4.307500e+002  4.944857e-004
 4.313687e+002  5.157355e-004
 4.319875e+002  5.442276e-004
 4.326062e+002  7.339219e-004
 4.332250e+002  6.858306e-004
 4.338437e+002  6.693535e-004
 4.344625e+002  5.505698e-004
 4.350812e+002  6.186420e-004
 4.357000e+002  7.185264e-004
 4.363187e+002  6.436193e-004
 4.369375e+002  5.264478e-004
 4.375562e+002  5.157199e-004
 4.381750e+002  5.433688e-004
 4.387937e+002  5.574056e-004
 4.394125e+002  5.614696e-004
 4.400312e+002  5.851771e-004
 4.406500e+002  5.255275e-004
 4.412687e+002  5.101768e-004
 4.418875e+002  3.864432e-004
 4.425062e+002  4.585791e-004
 4.431250e+002  4.238195e-004
 4.437437e+002  4.548792e-004
 4.443625e+002  6.319825e-004
 4.449812e+002  5.160104e-004
 4.456000e+002  4.637736e-004
 4.462187e+002  6.695773e-004
 4.468375e+002  6.898080e-004
 4.474562e+002  6.283506e-004
 4.480750e+002  6.298877e-004
 4.486937e+002  6.383756e-004
 4.493125e+002  7.117446e-004
 4.499312e+002  9.572126e-004
 4.505500e+002  6.755424e-004
 4.511687e+002  5.619671e-004
 4.517875e+002  5.123440e-004
 4.524062e+002  6.456807e-004
 4.530250e+002  5.928604e-004
 4.536437e+002  6.576937e-004
 4.542625e+002  5.467220e-004
 4.548812e+002  6.446482e-004
 4.555000e+002  5.157209e-004
 4.561187e+002  6.016381e-004
 4.567375e+002  6.026359e-004
 4.573562e+002  6.286827e-004
 4.579750e+002  6.114431e-004
 4.585937e+002  5.766880e-004
 4.592125e+002  5.423409e-004
 4.598312e+002  6.411754e-004
 4.604500e+002  6.947130e-004
 4.610687e+002  6.012323e-004
 4.616875e+002  5.752963e-004
 4.623062e+002  6.038792e-004
 4.629250e+002  5.892055e-004
 4.635437e+002  6.529305e-004
 4.641625e+002  5.974374e-004
 4.647812e+002  6.704480e-004
 4.654000e+002  5.800054e-004
 4.660187e+002  6.238892e-004
 4.666375e+002  6.129761e-004
 4.672562e+002  6.237602e-004
 4.678750e+002  5.933116e-004
 4.684937e+002  5.267615e-004
 4.691125e+002  4.259912e-004
 4.697312e+002  4.256283e-004
 4.703500e+002  4.262225e-004
 4.709687e+002  3.754260e-004
 4.715875e+002  5.526340e-004
 4.722062e+002  6.121574e-004
 4.728250e+002  6.946957e-004
 4.734437e+002  6.732504e-004
 4.740625e+002  6.173160e-004
 4.746812e+002  6.506666e-004
 4.753000e+002  7.187213e-004
 4.759187e+002  6.797005e-004
 4.765375e+002  6.487259e-004
 4.771562e+002  4.637093e-004
 4.777750e+002  4.093372e-004
 4.783937e+002  4.697966e-004
 4.790125e+002  5.859914e-004
 4.796312e+002  5.647392e-004
 4.802500e+002  5.495331e-004
 4.808687e+002  6.203297e-004
 4.814875e+002  6.641538e-004
 4.821062e+002  4.537662e-004
 4.827250e+002  4.441826e-004
 4.833437e+002  5.950968e-004
 4.839625e+002  6.798151e-004
 4.845812e+002  6.157940e-004
 4.852000e+002  5.169448e-004
 4.858187e+002  6.287378e-004
 4.864375e+002  7.452376e-004
 4.870562e+002  6.291450e-004
 4.876750e+002  6.697998e-004
 4.882937e+002  6.973495e-004
 4.889125e+002  7.272703e-004
 4.895312e+002  5.652303e-004
 4.901500e+002  5.184499e-004
 4.907687e+002  6.154942e-004
 4.913875e+002  7.434151e-004
 4.920062e+002  5.025336e-004
 4.926250e+002  6.314979e-004
 4.932437e+002  7.088782e-004
 4.938625e+002  5.947060e-004
 4.944812e+002  5.534924e-004
 4.951000e+002  5.306893e-004
 4.957187e+002  5.604272e-004
 4.963375e+002  6.777434e-004
 4.969562e+002  6.916210e-004
 4.975750e+002  6.101226e-004
 4.981937e+002  5.435493e-004
 4.988125e+002  7.303611e-004
 4.994312e+002  1.026714e-003
 5.000500e+002  9.672783e-004
 5.006687e+002  5.927955e-004
 5.012875e+002  5.184398e-004
 5.019062e+002  6.594600e-004
 5.025250e+002  6.435369e-004
 5.031437e+002  6.686458e-004
 5.037625e+002  5.227158e-004
 5.043812e+002  4.167017e-004
 5.050000e+002  4.941043e-004
 5.056187e+002  5.104456e-004
 5.062375e+002  5.516813e-004
 5.068562e+002  5.732554e-004
 5.074750e+002  5.272107e-004
 5.080937e+002  7.160395e-004
 5.087125e+002  6.132663e-004
 5.093312e+002  4.632715e-004
 5.099500e+002  4.895040e-004
 5.105687e+002  5.285960e-004
 5.111875e+002  6.088001e-004
 5.118062e+002  6.399059e-004
 5.124250e+002  5.475754e-004
 5.130437e+002  6.526357e-004
 5.136625e+002  5.396751e-004
 5.142812e+002  5.219811e-004
 5.149000e+002  5.494556e-004
 5.155187e+002  4.467077e-004
 5.161375e+002  4.118271e-004
 5.167562e+002  4.873250e-004
 5.173750e+002  5.912887e-004
 5.179937e+002  6.636862e-004
 5.186125e+002  6.868658e-004
 5.192312e+002  5.360931e-004
 5.198500e+002  5.189544e-004
 5.204687e+002  6.646296e-004
 5.210875e+002  4.737374e-004
 5.217062e+002  4.472919e-004
 5.223250e+002  6.437937e-004
 5.229437e+002  7.453470e-004
 5.235625e+002  6.355143e-004
 5.241812e+002  4.748536e-004
 5.248000e+002  5.794794e-004
 5.254187e+002  5.957271e-004
 5.260375e+002  5.162165e-004
 5.266562e+002  5.812755e-004
 5.272750e+002  5.595390e-004
 5.278937e+002  5.451672e-004
 5.285125e+002  4.612390e-004
 5.291312e+002  5.795380e-004
 5.297500e+002  4.764496e-004
 5.303687e+002  4.484936e-004
 5.309875e+002  6.183114e-004
 5.316062e+002  4.685128e-004
 5.322250e+002  6.369908e-004
 5.328437e+002  6.925439e-004
 5.334625e+002  5.504621e-004
 5.340812e+002  5.580451e-004
 5.347000e+002  6.015366e-004
 5.353187e+002  4.502570e-004
 5.359375e+002  5.039139e-004
 5.365562e+002  5.292249e-004
 5.371750e+002  4.649229e-004
 5.377937e+002  5.828125e-004
 5.384125e+002  6.305675e-004
 5.390312e+002  5.175558e-004
 5.396500e+002  4.625701e-004
 5.402687e+002  5.082688e-004
 5.408875e+002  5.522712e-004
 5.415062e+002  5.906888e-004
 5.421250e+002  5.887064e-004
 5.427437e+002  5.488389e-004
 5.433625e+002  5.739194e-004
 5.439812e+002  4.747688e-004
 5.446000e+002  5.957457e-004
 5.452187e+002  6.449564e-004
 5.458375e+002  5.758563e-004
 5.464562e+002  4.411433e-004
 5.470750e+002  4.339058e-004
 5.476937e+002  5.007462e-004
 5.483125e+002  4.836718e-004
 5.489312e+002  5.068026e-004
 5.495500e+002  8.173135e-004
 5.501687e+002  7.654884e-004
 5.507875e+002  5.252834e-004
 5.514062e+002  5.693500e-004
 5.520250e+002  6.063720e-004
 5.526437e+002  6.394975e-004
 5.532625e+002  6.047897e-004
 5.538812e+002  6.492249e-004
 5.545000e+002  6.131299e-004
 5.551187e+002  4.715346e-004
 5.557375e+002  4.816567e-004
 5.563562e+002  6.024328e-004
 5.569750e+002  3.674555e-004
 5.575937e+002  4.678528e-004
 5.582125e+002  5.918064e-004
 5.588312e+002  5.601793e-004
 5.594500e+002  4.673631e-004
 5.600687e+002  5.152651e-004
 5.606875e+002  5.884486e-004
 5.613062e+002  5.920125e-004
 5.619250e+002  4.584681e-004
 5.625437e+002  4.547387e-004
 5.631625e+002  5.827530e-004
 5.637812e+002  4.610531e-004
 5.644000e+002  5.531788e-004
 5.650187e+002  5.683780e-004
 5.656375e+002  4.029359e-004
 5.662562e+002  4.087901e-004
 5.668750e+002  4.060268e-004
 5.674937e+002  4.200582e-004
 5.681125e+002  5.023175e-004
 5.687312e+002  6.158648e-004
 5.693500e+002  5.484066e-004
 5.699687e+002  5.750228e-004
 5.705875e+002  6.379102e-004
 5.712062e+002  5.612514e-004
 5.718250e+002  4.994124e-004
 5.724437e+002  5.590771e-004
 5.730625e+002  4.134954e-004
 5.736812e+002  5.282602e-004
 5.743000e+002  5.951272e-004
 5.749187e+002  7.517720e-004
 5.755375e+002  6.565803e-004
 5.761562e+002  6.113139e-004
 5.767750e+002  6.480801e-004
 5.773937e+002  5.470161e-004
 5.780125e+002  5.280787e-004
 5.786312e+002  5.047370e-004
 5.792500e+002  4.872514e-004
 5.798687e+002  5.382750e-004
 5.804875e+002  5.541560e-004
 5.811062e+002  6.716818e-004
 5.817250e+002  7.293545e-004
 5.823437e+002  5.846343e-004
 5.829625e+002  5.347054e-004
 5.835812e+002  5.358053e-004
 5.842000e+002  4.580956e-004
 5.848187e+002  4.927991e-004
 5.854375e+002  4.794778e-004
 5.860562e+002  5.041410e-004
 5.866750e+002  6.016560e-004
 5.872937e+002  4.959650e-004
 5.879125e+002  4.512097e-004
 5.885312e+002  6.106909e-004
 5.891500e+002  6.343334e-004
 5.897687e+002  6.220490e-004
 5.903875e+002  5.320841e-004
 5.910062e+002  4.562951e-004
 5.916250e+002  5.178979e-004
 5.922437e+002  5.462254e-004
 5.928625e+002  6.863213e-004
 5.934812e+002  6.213977e-004
 5.941000e+002  5.139529e-004
 5.947187e+002  5.231092e-004
 5.953375e+002  5.129237e-004
 5.959562e+002  5.226298e-004
 5.965750e+002  4.917441e-004
 5.971937e+002  4.611272e-004
 5.978125e+002  5.099965e-004
 5.984312e+002  6.226887e-004
 5.990500e+002  5.257874e-004
 5.996687e+002  6.860801e-004
 6.002875e+002  5.754956e-004
 6.009062e+002  3.993169e-004
 6.015250e+002  4.548710e-004
 6.021437e+002  5.643910e-004
 6.027625e+002  4.818702e-004
 6.033812e+002  4.461595e-004
 6.040000e+002  4.406228e-004
 6.046187e+002  5.684054e-004
 6.052375e+002  4.757637e-004
 6.058562e+002  6.054509e-004
 6.064750e+002  5.656510e-004
 6.070937e+002  5.947069e-004
 6.077125e+002  5.502460e-004
 6.083312e+002  5.510779e-004
 6.089500e+002  4.543135e-004
 6.095687e+002  4.681165e-004
 6.101875e+002  5.049433e-004
 6.108062e+002  5.356925e-004
 6.114250e+002  5.847110e-004
 6.120437e+002  5.458607e-004
 6.126625e+002  3.484672e-004
 6.132812e+002  3.363530e-004
 6.139000e+002  3.845514e-004
 6.145187e+002  5.520817e-004
 6.151375e+002  5.348550e-004
 6.157562e+002  5.167745e-004
 6.163750e+002  5.268058e-004
 6.169937e+002  6.113662e-004
 6.176125e+002  5.049131e-004
 6.182312e+002  5.179879e-004
 6.188500e+002  5.510914e-004
 6.194687e+002  5.251260e-004
 6.200875e+002  5.478524e-004
 6.207062e+002  6.754454e-004
 6.213250e+002  6.379229e-004
 6.219437e+002  6.560094e-004
 6.225625e+002  6.948630e-004
 6.231812e+002  6.622292e-004
 6.238000e+002  4.296384e-004
 6.244187e+002  5.328541e-004
 6.250375e+002  5.222292e-004
 6.256562e+002  4.697962e-004
 6.262750e+002  4.704903e-004
 6.268937e+002  5.101370e-004
 6.275125e+002  6.966679e-004
 6.281312e+002  6.717920e-004
 6.287500e+002  5.670924e-004
 6.293687e+002  5.456345e-004
 6.299875e+002  5.933335e-004
 6.306062e+002  5.538790e-004
 6.312250e+002  4.109013e-004
 6.318437e+002  4.564929e-004
 6.324625e+002  4.555480e-004
 6.330812e+002  6.182488e-004
 6.337000e+002  6.907348e-004
 6.343187e+002  4.251066e-004
 6.349375e+002  4.745278e-004
 6.355562e+002  5.741894e-004
 6.361750e+002  6.637694e-004
 6.367937e+002  6.304420e-004
 6.374125e+002  4.938264e-004
 6.380312e+002  5.648624e-004
 6.386500e+002  6.720698e-004
 6.392687e+002  5.103543e-004
 6.398875e+002  5.220293e-004
 6.405062e+002  6.487092e-004
 6.411250e+002  4.906098e-004
 6.417437e+002  4.146148e-004
 6.423625e+002  5.908626e-004
 6.429812e+002  6.183025e-004
 6.436000e+002  5.378072e-004
 6.442187e+002  5.014419e-004
 6.448375e+002  4.213892e-004
 6.454562e+002  5.008692e-004
 6.460750e+002  6.183334e-004
 6.466937e+002  6.319006e-004
 6.473125e+002  5.840042e-004
 6.479312e+002  6.076571e-004
 6.485500e+002  5.942810e-004
 6.491687e+002  8.055295e-004
 6.497875e+002  1.060818e-003
 6.504062e+002  6.642429e-004
 6.510250e+002  5.168018e-004
 6.516437e+002  5.378363e-004
 6.522625e+002  5.481725e-004
 6.528812e+002  4.697857e-004
 6.535000e+002  5.832345e-004
 6.541187e+002  5.861044e-004
 6.547375e+002  5.115232e-004
 6.553562e+002  4.132406e-004
 6.559750e+002  4.222293e-004
 6.565937e+002  4.472494e-004
 6.572125e+002  4.669397e-004
 6.578312e+002  3.804527e-004
 6.584500e+002  4.533114e-004
 6.590687e+002  4.820015e-004
 6.596875e+002  4.975780e-004
 6.603062e+002  5.209607e-004
 6.609250e+002  4.319675e-004
 6.615437e+002  3.851606e-004
 6.621625e+002  5.260423e-004
 6.627812e+002  6.559069e-004
 6.634000e+002  5.275305e-004
 6.640187e+002  5.932300e-004
 6.646375e+002  6.301146e-004
 6.652562e+002  5.417793e-004
 6.658750e+002  4.844451e-004
 6.664937e+002  5.307463e-004
 6.671125e+002  5.483644e-004
 6.677312e+002  5.191967e-004
 6.683500e+002  5.070459e-004
 6.689687e+002  4.658414e-004
 6.695875e+002  3.964523e-004
 6.702062e+002  5.127238e-004
 6.708250e+002  5.596915e-004
 6.714437e+002  4.992227e-004
 6.720625e+002  5.419579e-004
 6.726812e+002  6.145904e-004
 6.733000e+002  4.715824e-004
 6.739187e+002  4.647800e-004
 6.745375e+002  6.047678e-004
 6.751562e+002  6.326456e-004
 6.757750e+002  4.690185e-004
 6.763937e+002  4.002775e-004
 6.770125e+002  4.845153e-004
 6.776312e+002  5.664002e-004
 6.782500e+002  5.100237e-004
 6.788687e+002  5.759113e-004
 6.794875e+002  6.121175e-004
 6.801062e+002  5.326241e-004
 6.807250e+002  5.542390e-004
 6.813437e+002  5.590385e-004
 6.819625e+002  6.100603e-004
 6.825812e+002  5.684438e-004
 6.832000e+002  4.723999e-004
 6.838187e+002  5.423198e-004
 6.844375e+002  3.966823e-004
 6.850562e+002  4.598396e-004
 6.856750e+002  4.934853e-004
 6.862937e+002  5.466476e-004
 6.869125e+002  5.497490e-004
 6.875312e+002  5.338982e-004
 6.881500e+002  4.852475e-004
 6.887687e+002  5.529439e-004
 6.893875e+002  6.029266e-004
 6.900062e+002  5.155768e-004
 6.906250e+002  5.743922e-004
 6.912437e+002  4.881519e-004
 6.918625e+002  4.316306e-004
 6.924812e+002  5.288272e-004
 6.931000e+002  5.789104e-004
 6.937187e+002  5.897264e-004
 6.943375e+002  6.191095e-004
 6.949562e+002  5.054828e-004
 6.955750e+002  4.715669e-004
 6.961937e+002  5.014922e-004
 6.968125e+002  4.385456e-004
 6.974312e+002  4.764883e-004
 6.980500e+002  5.904180e-004
 6.986687e+002  5.314771e-004
 6.992875e+002  6.814932e-004
 6.999062e+002  8.368696e-004
 7.005250e+002  5.435183e-004
 7.011437e+002  3.403452e-004
 7.017625e+002  3.373483e-004
 7.023812e+002  5.040447e-004
 7.030000e+002  5.352151e-004
 7.036187e+002  5.534017e-004
 7.042375e+002  4.529758e-004
 7.048562e+002  4.189094e-004
 7.054750e+002  5.309972e-004
 7.060937e+002  6.303291e-004
 7.067125e+002  5.186251e-004
 7.073312e+002  4.794444e-004
 7.079500e+002  5.024571e-004
 7.085687e+002  4.511525e-004
 7.091875e+002  4.283925e-004
 7.098062e+002  4.188795e-004
 7.104250e+002  3.647623e-004
 7.110437e+002  4.134502e-004
 7.116625e+002  5.281237e-004
 7.122812e+002  4.538270e-004
 7.129000e+002  5.196073e-004
 7.135187e+002  5.765715e-004
 7.141375e+002  5.141982e-004
 7.147562e+002  4.891552e-004
 7.153750e+002  6.198672e-004
 7.159937e+002  6.249950e-004
 7.166125e+002  5.848972e-004
 7.172312e+002  6.588158e-004
 7.178500e+002  5.379538e-004
 7.184687e+002  4.215960e-004
 7.190875e+002  4.248591e-004
 7.197062e+002  5.061893e-004
 7.203250e+002  5.157848e-004
 7.209437e+002  5.361893e-004
 7.215625e+002  4.803740e-004
 7.221812e+002  5.693241e-004
 7.228000e+002  4.922159e-004
 7.234187e+002  5.141381e-004
 7.240375e+002  5.536277e-004
 7.246562e+002  4.957736e-004
 7.252750e+002  4.927585e-004
 7.258937e+002  4.917428e-004
 7.265125e+002  5.135618e-004
 7.271312e+002  5.578024e-004
 7.277500e+002  6.314230e-004
 7.283687e+002  7.110517e-004
 7.289875e+002  5.527656e-004
 7.296062e+002  4.944464e-004
 7.302250e+002  5.887248e-004
 7.308437e+002  4.716412e-004
 7.314625e+002  5.225185e-004
 7.320812e+002  5.874859e-004
 7.327000e+002  4.824273e-004
 7.333187e+002  5.411863e-004
 7.339375e+002  6.317910e-004
 7.345562e+002  5.782256e-004
 7.351750e+002  3.787947e-004
 7.357937e+002  5.555130e-004
 7.364125e+002  6.145975e-004
 7.370312e+002  5.759499e-004
 7.376500e+002  5.351489e-004
 7.382687e+002  5.398610e-004
 7.388875e+002  5.542807e-004
 7.395062e+002  5.312895e-004
 7.401250e+002  5.459554e-004
 7.407437e+002  5.244780e-004
 7.413625e+002  4.600078e-004
 7.419812e+002  4.557547e-004
 7.426000e+002  4.863636e-004
 7.432187e+002  4.213584e-004
 7.438375e+002  5.286053e-004
 7.444562e+002  5.867600e-004
 7.450750e+002  5.908471e-004
 7.456937e+002  4.889295e-004
 7.463125e+002  4.863557e-004
 7.469312e+002  5.526335e-004
 7.475500e+002  4.980359e-004
 7.481687e+002  4.333801e-004
 7.487875e+002  5.359373e-004
 7.494062e+002  6.242575e-004
 7.500250e+002  6.864289e-004
 7.506437e+002  5.342615e-004
 7.512625e+002  6.685671e-004
 7.518812e+002  6.172879e-004
 7.525000e+002  5.254934e-004
 7.531187e+002  5.417240e-004
 7.537375e+002  5.665816e-004
 7.543562e+002  4.851470e-004
 7.549750e+002  4.747974e-004
 7.555937e+002  4.005166e-004
 7.562125e+002  3.973212e-004
 7.568312e+002  4.200715e-004
 7.574500e+002  3.988173e-004
 7.580687e+002  5.006504e-004
 7.586875e+002  3.489189e-004
 7.593062e+002  4.671163e-004
 7.599250e+002  4.965742e-004
 7.605437e+002  4.133688e-004
 7.611625e+002  4.338260e-004
 7.617812e+002  4.340037e-004
 7.624000e+002  4.628595e-004
 7.630187e+002  5.002001e-004
 7.636375e+002  4.207724e-004
 7.642562e+002  4.778740e-004
 7.648750e+002  5.327297e-004
 7.654937e+002  3.874316e-004
 7.661125e+002  3.681057e-004
 7.667312e+002  5.341720e-004
 7.673500e+002  4.814710e-004
 7.679687e+002  5.179934e-004
 7.685875e+002  4.865495e-004
 7.692062e+002  6.325399e-004
 7.698250e+002  5.991014e-004
 7.704437e+002  4.940269e-004
 7.710625e+002  3.786009e-004
 7.716812e+002  4.789305e-004
 7.723000e+002  5.261175e-004
 7.729187e+002  4.501788e-004
 7.735375e+002  4.517808e-004
 7.741562e+002  4.015593e-004
 7.747750e+002  4.289398e-004
 7.753937e+002  4.665415e-004
 7.760125e+002  5.076159e-004
 7.766312e+002  4.986271e-004
 7.772500e+002  4.441250e-004
 7.778687e+002  4.415346e-004
 7.784875e+002  5.295810e-004
 7.791062e+002  5.728323e-004
 7.797250e+002  5.362554e-004
 7.803437e+002  4.352785e-004
 7.809625e+002  5.847472e-004
 7.815812e+002  5.573599e-004
 7.822000e+002  5.243321e-004
 7.828187e+002  4.117040e-004
 7.834375e+002  5.271106e-004
 7.840562e+002  5.280560e-004
 7.846750e+002  4.562484e-004
 7.852937e+002  4.667868e-004
 7.859125e+002  4.850328e-004
 7.865312e+002  5.094830e-004
 7.871500e+002  4.170068e-004
 7.877687e+002  3.497084e-004
 7.883875e+002  4.590724e-004
 7.890062e+002  5.049290e-004
 7.896250e+002  4.761391e-004
 7.902437e+002  4.868600e-004
 7.908625e+002  5.564486e-004
 7.914812e+002  5.472805e-004
 7.921000e+002  4.959529e-004
 7.927187e+002  6.101610e-004
 7.933375e+002  6.082958e-004
 7.939562e+002  4.925317e-004
 7.945750e+002  3.920098e-004
 7.951937e+002  4.485557e-004
 7.958125e+002  5.622518e-004
 7.964312e+002  5.212945e-004
 7.970500e+002  4.805268e-004
 7.976687e+002  6.119232e-004
 7.982875e+002  5.862192e-004
 7.989062e+002  4.353813e-004
 7.995250e+002  6.139990e-004
 8.001437e+002  6.583725e-004
 8.007625e+002  4.991209e-004
 8.013812e+002  5.265034e-004
 8.020000e+002  5.583954e-004
 8.026187e+002  6.184046e-004
 8.032375e+002  5.244335e-004
 8.038562e+002  5.732181e-004
 8.044750e+002  5.241974e-004
 8.050937e+002  6.169935e-004
 8.057125e+002  5.697070e-004
 8.063312e+002  4.951069e-004
 8.069500e+002  4.936918e-004
 8.075687e+002  6.276969e-004
 8.081875e+002  6.342912e-004
 8.088062e+002  5.002409e-004
 8.094250e+002  3.877332e-004
 8.100437e+002  3.459343e-004
 8.106625e+002  4.320318e-004
 8.112812e+002  5.123981e-004
 8.119000e+002  5.011282e-004
 8.125187e+002  5.704219e-004
 8.131375e+002  4.600528e-004
 8.137562e+002  5.581826e-004
 8.143750e+002  5.283332e-004
 8.149937e+002  4.565965e-004
 8.156125e+002  4.418149e-004
 8.162312e+002  5.028078e-004
 8.168500e+002  4.831366e-004
 8.174687e+002  5.528815e-004
 8.180875e+002  5.161617e-004
 8.187062e+002  5.030952e-004
 8.193250e+002  5.933103e-004
 8.199437e+002  6.768566e-004
 8.205625e+002  4.945811e-004
 8.211812e+002  4.585920e-004
 8.218000e+002  4.907009e-004
 8.224187e+002  4.811197e-004
 8.230375e+002  5.156025e-004
 8.236562e+002  5.908861e-004
 8.242750e+002  5.956858e-004
 8.248937e+002  5.382911e-004
 8.255125e+002  5.762907e-004
 8.261312e+002  5.002362e-004
 8.267500e+002  4.305077e-004
 8.273687e+002  4.821840e-004
 8.279875e+002  4.863938e-004
 8.286062e+002  5.274037e-004
 8.292250e+002  4.665220e-004
 8.298437e+002  5.597690e-004
 8.304625e+002  4.613946e-004
 8.310812e+002  3.472529e-004
 8.317000e+002  4.204497e-004
 8.323187e+002  4.282991e-004
 8.329375e+002  3.894862e-004
 8.335562e+002  4.547284e-004
 8.341750e+002  5.114445e-004
 8.347937e+002  4.443302e-004
 8.354125e+002  3.794107e-004
 8.360312e+002  4.115983e-004
 8.366500e+002  5.232264e-004
 8.372687e+002  6.315604e-004
 8.378875e+002  5.378673e-004
 8.385062e+002  3.993746e-004
 8.391250e+002  3.848041e-004
 8.397437e+002  4.039389e-004
 8.403625e+002  4.977239e-004
 8.409812e+002  5.912013e-004
 8.416000e+002  4.978198e-004
 8.422187e+002  3.949134e-004
 8.428375e+002  4.835320e-004
 8.434562e+002  5.512920e-004
 8.440750e+002  5.800879e-004
 8.446937e+002  5.012574e-004
 8.453125e+002  4.822459e-004
 8.459312e+002  4.199950e-004
 8.465500e+002  4.284891e-004
 8.471687e+002  4.069183e-004
 8.477875e+002  3.716458e-004
 8.484062e+002  4.744243e-004
 8.490250e+002  4.561361e-004
 8.496437e+002  8.353637e-004
 8.502625e+002  6.635156e-004
 8.508812e+002  4.568442e-004
 8.515000e+002  4.111975e-004
 8.521187e+002  5.013257e-004
 8.527375e+002  4.371585e-004
 8.533562e+002  4.297446e-004
 8.539750e+002  5.048360e-004
 8.545937e+002  5.648298e-004
 8.552125e+002  5.567161e-004
 8.558312e+002  5.215991e-004
 8.564500e+002  5.098659e-004
 8.570687e+002  6.991367e-004
 8.576875e+002  7.094337e-004
 8.583062e+002  5.247053e-004
 8.589250e+002  5.332418e-004
 8.595437e+002  4.927456e-004
 8.601625e+002  3.970660e-004
 8.607812e+002  4.834251e-004
 8.614000e+002  4.183934e-004
 8.620187e+002  3.507279e-004
 8.626375e+002  4.250190e-004
 8.632562e+002  4.424348e-004
 8.638750e+002  3.812962e-004
 8.644937e+002  3.801898e-004
 8.651125e+002  5.092114e-004
 8.657312e+002  4.297880e-004
 8.663500e+002  3.579325e-004
 8.669687e+002  4.638704e-004
 8.675875e+002  4.201004e-004
 8.682062e+002  3.716671e-004
 8.688250e+002  4.230076e-004
 8.694437e+002  4.939077e-004
 8.700625e+002  4.312717e-004
 8.706812e+002  4.302391e-004
 8.713000e+002  4.275863e-004
 8.719187e+002  3.868696e-004
 8.725375e+002  4.302650e-004
 8.731562e+002  5.316306e-004
 8.737750e+002  4.902748e-004
 8.743937e+002  4.495636e-004
 8.750125e+002  3.937660e-004
 8.756312e+002  4.583555e-004
 8.762500e+002  5.282156e-004
 8.768687e+002  4.750112e-004
 8.774875e+002  4.579943e-004
 8.781062e+002  4.108782e-004
 8.787250e+002  4.625099e-004
 8.793437e+002  5.691275e-004
 8.799625e+002  6.086304e-004
 8.805812e+002  5.476695e-004
 8.812000e+002  4.601829e-004
 8.818187e+002  3.532586e-004
 8.824375e+002  3.228928e-004
 8.830562e+002  5.054818e-004
 8.836750e+002  4.975866e-004
 8.842937e+002  5.137433e-004
 8.849125e+002  4.963698e-004
 8.855312e+002  4.701577e-004
 8.861500e+002  4.760381e-004
 8.867687e+002  4.841161e-004
 8.873875e+002  4.846088e-004
 8.880062e+002  5.650319e-004
 8.886250e+002  5.587737e-004
 8.892437e+002  4.869459e-004
 8.898625e+002  4.637858e-004
 8.904812e+002  4.331844e-004
 8.911000e+002  5.136965e-004
 8.917187e+002  5.193368e-004
 8.923375e+002  4.522713e-004
 8.929562e+002  4.711697e-004
 8.935750e+002  5.366612e-004
 8.941937e+002  5.049272e-004
 8.948125e+002  4.995778e-004
 8.954312e+002  4.294185e-004
 8.960500e+002  4.760446e-004
 8.966687e+002  5.583247e-004
 8.972875e+002  5.310554e-004
 8.979062e+002  5.442196e-004
 8.985250e+002  4.734244e-004
 8.991437e+002  5.376623e-004
 8.997625e+002  7.108194e-004
 9.003812e+002  4.960195e-004
 9.010000e+002  3.704507e-004
 9.016187e+002  3.760664e-004
 9.022375e+002  3.257539e-004
 9.028562e+002  4.775480e-004
 9.034750e+002  5.728204e-004
 9.040937e+002  4.011942e-004
 9.047125e+002  4.044579e-004
 9.053312e+002  4.753194e-004
 9.059500e+002  4.613514e-004
 9.065687e+002  3.970381e-004
 9.071875e+002  3.627043e-004
 9.078062e+002  4.672049e-004
 9.084250e+002  4.338530e-004
 9.090437e+002  4.653217e-004
 9.096625e+002  4.605976e-004
 9.102812e+002  4.624042e-004
 9.109000e+002  4.488986e-004
 9.115187e+002  3.820821e-004
 9.121375e+002  3.775244e-004
 9.127562e+002  4.053897e-004
 9.133750e+002  4.788121e-004
 9.139937e+002  4.487240e-004
 9.146125e+002  3.986710e-004
 9.152312e+002  4.624626e-004
 9.158500e+002  4.984019e-004
 9.164687e+002  6.443042e-004
 9.170875e+002  5.258825e-004
 9.177062e+002  4.356384e-004
 9.183250e+002  4.260319e-004
 9.189437e+002  5.299767e-004
 9.195625e+002  3.716963e-004
 9.201812e+002  3.408162e-004
 9.208000e+002  4.580457e-004
 9.214187e+002  5.005313e-004
 9.220375e+002  4.316149e-004
 9.226562e+002  4.619547e-004
 9.232750e+002  4.692924e-004
 9.238937e+002  4.243415e-004
 9.245125e+002  4.383860e-004
 9.251312e+002  3.652473e-004
 9.257500e+002  5.210785e-004
 9.263687e+002  5.395452e-004
 9.269875e+002  5.360623e-004
 9.276062e+002  5.942051e-004
 9.282250e+002  5.642599e-004
 9.288437e+002  4.401674e-004
 9.294625e+002  3.791718e-004
 9.300812e+002  3.282257e-004
 9.307000e+002  4.373489e-004
 9.313187e+002  5.481658e-004
 9.319375e+002  5.563626e-004
 9.325562e+002  5.542127e-004
 9.331750e+002  4.644414e-004
 9.337937e+002  4.854940e-004
 9.344125e+002  3.936266e-004
 9.350312e+002  3.983929e-004
 9.356500e+002  4.249494e-004
 9.362687e+002  4.210377e-004
 9.368875e+002  5.292093e-004
 9.375062e+002  5.345878e-004
 9.381250e+002  5.256900e-004
 9.387437e+002  5.167253e-004
 9.393625e+002  5.888322e-004
 9.399812e+002  6.661186e-004
 9.406000e+002  5.818150e-004
 9.412187e+002  5.034209e-004
 9.418375e+002  4.789704e-004
 9.424562e+002  4.258312e-004
 9.430750e+002  3.318684e-004
 9.436937e+002  4.905484e-004
 9.443125e+002  4.865409e-004
 9.449312e+002  4.686424e-004
 9.455500e+002  5.235746e-004
 9.461687e+002  4.302253e-004
 9.467875e+002  3.826648e-004
 9.474062e+002  4.479216e-004
 9.480250e+002  4.443671e-004
 9.486437e+002  4.757853e-004
 9.492625e+002  7.103470e-004
 9.498812e+002  7.286472e-004
 9.505000e+002  4.148011e-004
 9.511187e+002  3.526184e-004
 9.517375e+002  4.347584e-004
 9.523562e+002  4.203271e-004
 9.529750e+002  4.162315e-004
 9.535937e+002  4.210015e-004
 9.542125e+002  4.664649e-004
 9.548312e+002  4.530089e-004
 9.554500e+002  4.280978e-004
 9.560687e+002  4.233780e-004
 9.566875e+002  4.430447e-004
 9.573062e+002  4.096936e-004
 9.579250e+002  4.630920e-004
 9.585437e+002  3.668362e-004
 9.591625e+002  3.699625e-004
 9.597812e+002  4.556357e-004
 9.604000e+002  3.563317e-004
 9.610187e+002  4.164787e-004
 9.616375e+002  4.342485e-004
 9.622562e+002  3.837253e-004
 9.628750e+002  4.029605e-004
 9.634937e+002  3.152946e-004
 9.641125e+002  4.324605e-004
 9.647312e+002  4.676175e-004
 9.653500e+002  3.471614e-004
 9.659687e+002  4.343924e-004
 9.665875e+002  5.219825e-004
 9.672062e+002  5.335264e-004
 9.678250e+002  4.798370e-004
 9.684437e+002  4.637601e-004
 9.690625e+002  5.611319e-004
 9.696812e+002  5.872425e-004
 9.703000e+002  5.091172e-004
 9.709187e+002  4.776137e-004
 9.715375e+002  5.093407e-004
 9.721562e+002  3.998879e-004
 9.727750e+002  5.791508e-004
 9.733937e+002  6.199475e-004
 9.740125e+002  5.297666e-004
 9.746312e+002  6.105491e-004
 9.752500e+002  6.528298e-004
 9.758687e+002  5.453747e-004
 9.764875e+002  4.422769e-004
 9.771062e+002  4.598965e-004
 9.777250e+002  4.953698e-004
 9.783437e+002  4.751596e-004
 9.789625e+002  4.208097e-004
 9.795812e+002  4.011690e-004
 9.802000e+002  3.183931e-004
 9.808187e+002  3.947996e-004
 9.814375e+002  4.522385e-004
 9.820562e+002  5.367215e-004
 9.826750e+002  5.674926e-004
 9.832937e+002  4.466299e-004
 9.839125e+002  4.896993e-004
 9.845312e+002  4.835393e-004
 9.851500e+002  4.363665e-004
 9.857687e+002  5.191554e-004
 9.863875e+002  5.812694e-004
 9.870062e+002  5.956332e-004
 9.876250e+002  5.676404e-004
 9.882437e+002  4.848760e-004
 9.888625e+002  4.510935e-004
 9.894812e+002  4.373764e-004
 9.901000e+002  4.311595e-004
 9.907187e+002  4.857245e-004
 9.913375e+002  3.821395e-004
 9.919562e+002  4.736519e-004
 9.925750e+002  5.026535e-004
 9.931937e+002  4.131280e-004
 9.938125e+002  3.829638e-004
 9.944312e+002  5.547284e-004
 9.950500e+002  5.818184e-004
 9.956687e+002  4.398283e-004
 9.962875e+002  4.998626e-004
 9.969062e+002  5.288526e-004
 9.975250e+002  4.728686e-004
 9.981437e+002  4.614375e-004
 9.987625e+002  4.477426e-004
 9.993812e+002  5.590690e-004
 1.000000e+003  5.984213e-004
