1.00000 170.357E-12
1.04713 167.894E-12
1.09648 165.514E-12
1.14815 163.218E-12
1.20226 161.001E-12
1.25893 158.863E-12
1.31826 156.801E-12
1.38038 154.812E-12
1.44544 152.895E-12
1.51356 151.046E-12
1.58489 149.265E-12
1.65959 147.547E-12
1.73780 145.891E-12
1.81970 144.295E-12
1.90546 142.756E-12
1.99526 141.271E-12
2.08930 139.838E-12
2.18776 138.455E-12
2.29087 137.120E-12
2.39883 135.830E-12
2.51189 134.584E-12
2.63027 133.380E-12
2.75423 132.215E-12
2.88403 131.089E-12
3.01995 129.999E-12
3.16228 128.944E-12
3.31131 127.924E-12
3.46737 126.935E-12
3.63078 125.978E-12
3.80189 125.052E-12
3.98107 124.155E-12
4.16869 123.286E-12
4.36516 122.445E-12
4.57088 121.631E-12
4.78630 120.843E-12
5.01187 120.081E-12
5.24807 119.344E-12
5.49541 118.631E-12
5.75440 117.941E-12
6.02560 117.275E-12
6.30957 116.631E-12
6.60693 116.009E-12
6.91831 115.409E-12
7.24436 114.830E-12
7.58578 114.271E-12
7.94328 113.732E-12
8.31764 113.213E-12
8.70964 112.712E-12
9.12011 112.229E-12
9.54993 111.765E-12
10.0000 111.318E-12
10.4713 110.887E-12
10.9648 110.473E-12
11.4815 110.075E-12
12.0226 109.692E-12
12.5893 109.324E-12
13.1826 108.970E-12
13.8038 108.631E-12
14.4544 108.304E-12
15.1356 107.991E-12
15.8489 107.690E-12
16.5959 107.401E-12
17.3780 107.124E-12
18.1970 106.859E-12
19.0546 106.604E-12
19.9526 106.359E-12
20.8930 106.125E-12
21.8776 105.900E-12
22.9087 105.685E-12
23.9883 105.479E-12
25.1189 105.281E-12
26.3027 105.092E-12
27.5423 104.910E-12
28.8403 104.737E-12
30.1995 104.570E-12
31.6228 104.411E-12
33.1131 104.259E-12
34.6737 104.113E-12
36.3078 103.973E-12
38.0189 103.839E-12
39.8107 103.711E-12
41.6869 103.589E-12
43.6516 103.472E-12
45.7088 103.360E-12
47.8630 103.252E-12
50.1187 103.150E-12
52.4807 103.052E-12
54.9541 102.958E-12
57.5440 102.868E-12
60.2560 102.782E-12
63.0957 102.700E-12
66.0693 102.622E-12
69.1831 102.547E-12
72.4436 102.475E-12
75.8578 102.407E-12
79.4328 102.341E-12
83.1764 102.278E-12
87.0964 102.219E-12
91.2011 102.161E-12
95.4993 102.107E-12
100.000 102.054E-12
104.713 102.004E-12
109.648 101.957E-12
114.815 101.911E-12
120.226 101.867E-12
125.893 101.826E-12
131.826 101.786E-12
138.038 101.748E-12
144.544 101.711E-12
151.356 101.677E-12
158.489 101.643E-12
165.959 101.612E-12
173.780 101.581E-12
181.970 101.552E-12
190.546 101.525E-12
199.526 101.498E-12
208.930 101.473E-12
218.776 101.449E-12
229.087 101.426E-12
239.883 101.404E-12
251.189 101.383E-12
263.027 101.363E-12
275.423 101.343E-12
288.403 101.325E-12
301.995 101.308E-12
316.228 101.291E-12
331.131 101.275E-12
346.737 101.260E-12
363.078 101.245E-12
380.189 101.231E-12
398.107 101.218E-12
416.869 101.205E-12
436.516 101.193E-12
457.088 101.181E-12
478.630 101.170E-12
501.187 101.160E-12
524.807 101.150E-12
549.541 101.140E-12
575.440 101.131E-12
602.560 101.122E-12
630.957 101.113E-12
660.693 101.105E-12
691.831 101.098E-12
724.436 101.090E-12
758.578 101.083E-12
794.328 101.077E-12
831.764 101.070E-12
870.964 101.064E-12
912.011 101.058E-12
954.993 101.053E-12
1.00000E3 101.048E-12
1.04713E3 101.042E-12
1.09648E3 101.038E-12
1.14815E3 101.033E-12
1.20226E3 101.029E-12
1.25893E3 101.024E-12
1.31826E3 101.020E-12
1.38038E3 101.017E-12
1.44544E3 101.013E-12
1.51356E3 101.009E-12
1.58489E3 101.006E-12
1.65959E3 101.003E-12
1.73780E3 101.000E-12
1.81970E3 100.997E-12
1.90546E3 100.994E-12
1.99526E3 100.991E-12
2.08930E3 100.989E-12
2.18776E3 100.986E-12
2.29087E3 100.984E-12
2.39883E3 100.982E-12
2.51189E3 100.980E-12
2.63027E3 100.978E-12
2.75423E3 100.976E-12
2.88403E3 100.974E-12
3.01995E3 100.972E-12
3.16228E3 100.970E-12
3.31131E3 100.969E-12
3.46737E3 100.967E-12
3.63078E3 100.966E-12
3.80189E3 100.964E-12
3.98107E3 100.963E-12
4.16869E3 100.962E-12
4.36516E3 100.961E-12
4.57088E3 100.959E-12
4.78630E3 100.958E-12
5.01187E3 100.957E-12
5.24807E3 100.956E-12
5.49541E3 100.955E-12
5.75440E3 100.954E-12
6.02560E3 100.953E-12
6.30957E3 100.952E-12
6.60693E3 100.952E-12
6.91831E3 100.951E-12
7.24436E3 100.950E-12
7.58578E3 100.949E-12
7.94328E3 100.949E-12
8.31764E3 100.948E-12
8.70964E3 100.947E-12
9.12011E3 100.947E-12
9.54993E3 100.946E-12
10.0000E3 100.946E-12
10.4713E3 100.945E-12
10.9648E3 100.945E-12
11.4815E3 100.944E-12
12.0226E3 100.944E-12
12.5893E3 100.943E-12
13.1826E3 100.943E-12
13.8038E3 100.942E-12
14.4544E3 100.942E-12
15.1356E3 100.941E-12
15.8489E3 100.941E-12
16.5959E3 100.940E-12
17.3780E3 100.940E-12
18.1970E3 100.940E-12
19.0546E3 100.939E-12
19.9526E3 100.939E-12
20.8930E3 100.938E-12
21.8776E3 100.938E-12
22.9087E3 100.937E-12
23.9883E3 100.937E-12
25.1189E3 100.937E-12
26.3027E3 100.936E-12
27.5423E3 100.936E-12
28.8403E3 100.935E-12
30.1995E3 100.935E-12
31.6228E3 100.934E-12
33.1131E3 100.933E-12
34.6737E3 100.933E-12
36.3078E3 100.932E-12
38.0189E3 100.932E-12
39.8107E3 100.931E-12
41.6869E3 100.930E-12
43.6516E3 100.929E-12
45.7088E3 100.928E-12
47.8630E3 100.927E-12
50.1187E3 100.926E-12
52.4807E3 100.925E-12
54.9541E3 100.924E-12
57.5440E3 100.923E-12
60.2560E3 100.921E-12
63.0957E3 100.920E-12
66.0693E3 100.918E-12
69.1831E3 100.916E-12
72.4436E3 100.914E-12
75.8578E3 100.912E-12
79.4328E3 100.909E-12
83.1764E3 100.907E-12
87.0964E3 100.904E-12
91.2011E3 100.900E-12
95.4993E3 100.897E-12
100.000E3 100.893E-12
104.713E3 100.889E-12
109.648E3 100.884E-12
114.815E3 100.879E-12
120.226E3 100.874E-12
125.893E3 100.868E-12
131.826E3 100.861E-12
138.038E3 100.854E-12
144.544E3 100.846E-12
151.356E3 100.838E-12
158.489E3 100.828E-12
165.959E3 100.818E-12
173.780E3 100.807E-12
181.970E3 100.794E-12
190.546E3 100.781E-12
199.526E3 100.766E-12
208.930E3 100.750E-12
218.776E3 100.732E-12
229.087E3 100.713E-12
239.883E3 100.691E-12
251.189E3 100.668E-12
263.027E3 100.643E-12
275.423E3 100.615E-12
288.403E3 100.584E-12
301.995E3 100.551E-12
316.228E3 100.515E-12
331.131E3 100.475E-12
346.737E3 100.432E-12
363.078E3 100.385E-12
380.189E3 100.334E-12
398.107E3 100.277E-12
416.869E3 100.216E-12
436.516E3 100.150E-12
457.088E3 100.077E-12
478.630E3 99.9983E-12
501.187E3 99.9126E-12
524.807E3 99.8195E-12
549.541E3 99.7184E-12
575.440E3 99.6089E-12
602.560E3 99.4902E-12
630.957E3 99.3617E-12
660.693E3 99.2228E-12
691.831E3 99.0729E-12
724.436E3 98.9112E-12
758.578E3 98.7371E-12
794.328E3 98.5498E-12
831.764E3 98.3486E-12
870.964E3 98.1330E-12
912.011E3 97.9021E-12
954.993E3 97.6554E-12
1.00000E6 97.3921E-12
1.04713E6 97.1118E-12
1.09648E6 96.8139E-12
1.14815E6 96.4977E-12
1.20226E6 96.1629E-12
1.25893E6 95.8090E-12
1.31826E6 95.4355E-12
1.38038E6 95.0421E-12
1.44544E6 94.6284E-12
1.51356E6 94.1939E-12
1.58489E6 93.7382E-12
1.65959E6 93.2607E-12
1.73780E6 92.7609E-12
1.81970E6 92.2379E-12
1.90546E6 91.6908E-12
1.99526E6 91.1182E-12
2.08930E6 90.5187E-12
2.18776E6 89.8904E-12
2.29087E6 89.2311E-12
2.39883E6 88.5379E-12
2.51189E6 87.8078E-12
2.63027E6 87.0373E-12
2.75423E6 86.2224E-12
2.88403E6 85.3589E-12
3.01995E6 84.4423E-12
3.16228E6 83.4684E-12
3.31131E6 82.4330E-12
3.46737E6 81.3325E-12
3.63078E6 80.1643E-12
3.80189E6 78.9268E-12
3.98107E6 77.6200E-12
4.16869E6 76.2458E-12
4.36516E6 74.8078E-12
4.57088E6 73.3116E-12
4.78630E6 71.7645E-12
5.01187E6 70.1754E-12
5.24807E6 68.5541E-12
5.49541E6 66.9114E-12
5.75440E6 65.2583E-12
6.02560E6 63.6063E-12
6.30957E6 61.9664E-12
6.60693E6 60.3496E-12
6.91831E6 58.7669E-12
7.24436E6 57.2285E-12
7.58578E6 55.7445E-12
7.94328E6 54.3240E-12
8.31764E6 52.9752E-12
8.70964E6 51.7048E-12
9.12011E6 50.5181E-12
9.54993E6 49.4183E-12
10.0000E6 48.4068E-12
10.4713E6 47.4829E-12
10.9648E6 46.6444E-12
11.4815E6 45.8872E-12
12.0226E6 45.2064E-12
12.5893E6 44.5961E-12
13.1826E6 44.0498E-12
13.8038E6 43.5608E-12
14.4544E6 43.1226E-12
15.1356E6 42.7286E-12
15.8489E6 42.3730E-12
16.5959E6 42.0500E-12
17.3780E6 41.7545E-12
18.1970E6 41.4818E-12
19.0546E6 41.2280E-12
19.9526E6 40.9892E-12
20.8930E6 40.7623E-12
21.8776E6 40.5444E-12
22.9087E6 40.3331E-12
23.9883E6 40.1262E-12
25.1189E6 39.9218E-12
26.3027E6 39.7183E-12
27.5423E6 39.5144E-12
28.8403E6 39.3088E-12
30.1995E6 39.1005E-12
31.6228E6 38.8886E-12
33.1131E6 38.6726E-12
34.6737E6 38.4518E-12
36.3078E6 38.2258E-12
38.0189E6 37.9944E-12
39.8107E6 37.7573E-12
41.6869E6 37.5147E-12
43.6516E6 37.2666E-12
45.7088E6 37.0132E-12
47.8630E6 36.7549E-12
50.1187E6 36.4923E-12
52.4807E6 36.2259E-12
54.9541E6 35.9564E-12
57.5440E6 35.6847E-12
60.2560E6 35.4117E-12
63.0957E6 35.1383E-12
66.0693E6 34.8655E-12
69.1831E6 34.5946E-12
72.4436E6 34.3266E-12
75.8578E6 34.0628E-12
79.4328E6 33.8041E-12
83.1764E6 33.5519E-12
87.0964E6 33.3072E-12
91.2011E6 33.0711E-12
95.4993E6 32.8447E-12
100.000E6 32.6289E-12
104.713E6 32.4248E-12
109.648E6 32.2331E-12
114.815E6 32.0547E-12
120.226E6 31.8904E-12
125.893E6 31.7409E-12
131.826E6 31.6068E-12
138.038E6 31.4889E-12
144.544E6 31.3877E-12
151.356E6 31.3040E-12
158.489E6 31.2385E-12
165.959E6 31.1917E-12
173.780E6 31.1646E-12
181.970E6 31.1579E-12
190.546E6 31.1728E-12
199.526E6 31.2103E-12
208.930E6 31.2718E-12
218.776E6 31.3588E-12
229.087E6 31.4731E-12
239.883E6 31.6169E-12
251.189E6 31.7927E-12
263.027E6 32.0034E-12
275.423E6 32.2525E-12
288.403E6 32.5442E-12
301.995E6 32.8835E-12
316.228E6 33.2762E-12
331.131E6 33.7296E-12
346.737E6 34.2523E-12
363.078E6 34.8548E-12
380.189E6 35.5499E-12
398.107E6 36.3539E-12
416.869E6 37.2868E-12
436.516E6 38.3744E-12
457.088E6 39.6496E-12
478.630E6 41.1560E-12
501.187E6 42.9521E-12
524.807E6 45.1179E-12
549.541E6 47.7671E-12
575.440E6 51.0659E-12
602.560E6 55.2684E-12
630.957E6 60.7838E-12
660.693E6 68.3164E-12
691.831E6 79.1851E-12
724.436E6 96.1303E-12
758.578E6 125.470E-12
794.328E6 179.885E-12
831.764E6 225.898E-12
870.964E6 170.087E-12
912.011E6 134.162E-12
954.993E6 117.991E-12
1.00000E9 97.5347E-12
1.04713E9 76.0312E-12
1.09648E9 59.1384E-12
1.14815E9 46.9277E-12
1.20226E9 38.0755E-12
1.25893E9 31.4906E-12
1.31826E9 26.4513E-12
1.38038E9 22.4949E-12
1.44544E9 19.3200E-12
1.51356E9 16.7249E-12
1.58489E9 14.5706E-12
1.65959E9 12.7587E-12
1.73780E9 11.2177E-12
1.81970E9 9.89456E-12
1.90546E9 8.74903E-12
1.99526E9 7.75026E-12
2.08930E9 6.87417E-12
2.18776E9 6.10177E-12
2.29087E9 5.41802E-12
2.39883E9 4.81089E-12
2.51189E9 4.27076E-12
2.63027E9 3.78987E-12
2.75423E9 3.36191E-12
2.88403E9 2.98167E-12
3.01995E9 2.64476E-12
3.16228E9 2.34734E-12
3.31131E9 2.08598E-12
3.46737E9 1.85750E-12
3.63078E9 1.65886E-12
3.80189E9 1.48715E-12
3.98107E9 1.33953E-12
4.16869E9 1.21326E-12
4.36516E9 1.10568E-12
4.57088E9 1.01422E-12
4.78630E9 936.439E-15
5.01187E9 869.983E-15
5.24807E9 812.611E-15
5.49541E9 762.156E-15
5.75440E9 716.517E-15
6.02560E9 673.660E-15
6.30957E9 631.695E-15
6.60693E9 589.032E-15
6.91831E9 544.661E-15
7.24436E9 498.450E-15
7.58578E9 451.307E-15
7.94328E9 405.019E-15
8.31764E9 361.734E-15
8.70964E9 323.331E-15
9.12011E9 290.945E-15
9.54993E9 264.817E-15
10.0000E9 244.394E-15
