100.000E-3 450.416E-12
102.329E-3 445.486E-12
104.713E-3 440.615E-12
107.152E-3 435.803E-12
109.648E-3 431.048E-12
112.202E-3 426.351E-12
114.815E-3 421.710E-12
117.490E-3 417.125E-12
120.226E-3 412.595E-12
123.027E-3 408.120E-12
125.893E-3 403.699E-12
128.825E-3 399.332E-12
131.826E-3 395.017E-12
134.896E-3 390.755E-12
138.038E-3 386.544E-12
141.254E-3 382.385E-12
144.544E-3 378.277E-12
147.911E-3 374.218E-12
151.356E-3 370.210E-12
154.882E-3 366.250E-12
158.489E-3 362.339E-12
162.181E-3 358.476E-12
165.959E-3 354.660E-12
169.824E-3 350.891E-12
173.780E-3 347.169E-12
177.828E-3 343.493E-12
181.970E-3 339.862E-12
186.209E-3 336.277E-12
190.546E-3 332.736E-12
194.984E-3 329.239E-12
199.526E-3 325.786E-12
204.174E-3 322.376E-12
208.930E-3 319.008E-12
213.796E-3 315.683E-12
218.776E-3 312.400E-12
223.872E-3 309.158E-12
229.087E-3 305.957E-12
234.423E-3 302.797E-12
239.883E-3 299.677E-12
245.471E-3 296.597E-12
251.189E-3 293.556E-12
257.040E-3 290.553E-12
263.027E-3 287.590E-12
269.153E-3 284.664E-12
275.423E-3 281.776E-12
281.838E-3 278.926E-12
288.403E-3 276.113E-12
295.121E-3 273.336E-12
301.995E-3 270.595E-12
309.030E-3 267.891E-12
316.228E-3 265.222E-12
323.594E-3 262.588E-12
331.131E-3 259.989E-12
338.844E-3 257.424E-12
346.737E-3 254.894E-12
354.813E-3 252.397E-12
363.078E-3 249.934E-12
371.535E-3 247.504E-12
380.189E-3 245.107E-12
389.045E-3 242.742E-12
398.107E-3 240.410E-12
407.380E-3 238.109E-12
416.869E-3 235.840E-12
426.580E-3 233.603E-12
436.516E-3 231.396E-12
446.684E-3 229.220E-12
457.088E-3 227.075E-12
467.735E-3 224.959E-12
478.630E-3 222.874E-12
489.779E-3 220.818E-12
501.187E-3 218.791E-12
512.861E-3 216.794E-12
524.807E-3 214.825E-12
537.032E-3 212.885E-12
549.541E-3 210.973E-12
562.341E-3 209.089E-12
575.440E-3 207.232E-12
588.844E-3 205.403E-12
602.560E-3 203.602E-12
616.595E-3 201.827E-12
630.957E-3 200.079E-12
645.654E-3 198.357E-12
660.693E-3 196.662E-12
676.083E-3 194.993E-12
691.831E-3 193.349E-12
707.946E-3 191.731E-12
724.436E-3 190.138E-12
741.310E-3 188.570E-12
758.578E-3 187.027E-12
776.247E-3 185.509E-12
794.328E-3 184.015E-12
812.831E-3 182.545E-12
831.764E-3 181.098E-12
851.138E-3 179.676E-12
870.964E-3 178.276E-12
891.251E-3 176.900E-12
912.011E-3 175.547E-12
933.254E-3 174.216E-12
954.993E-3 172.908E-12
977.237E-3 171.622E-12
1.00000 170.357E-12
1.02329 169.115E-12
1.04713 167.894E-12
1.07152 166.694E-12
1.09648 165.514E-12
1.12202 164.356E-12
1.14815 163.218E-12
1.17490 162.099E-12
1.20226 161.001E-12
1.23027 159.922E-12
1.25893 158.863E-12
1.28825 157.822E-12
1.31826 156.801E-12
1.34896 155.797E-12
1.38038 154.812E-12
1.41254 153.845E-12
1.44544 152.895E-12
1.47911 151.962E-12
1.51356 151.046E-12
1.54882 150.147E-12
1.58489 149.265E-12
1.62181 148.398E-12
1.65959 147.547E-12
1.69824 146.712E-12
1.73780 145.891E-12
1.77828 145.086E-12
1.81970 144.295E-12
1.86209 143.518E-12
1.90546 142.756E-12
1.94984 142.006E-12
1.99526 141.271E-12
2.04174 140.548E-12
2.08930 139.838E-12
2.13796 139.140E-12
2.18776 138.455E-12
2.23872 137.781E-12
2.29087 137.120E-12
2.34423 136.469E-12
2.39883 135.830E-12
2.45471 135.202E-12
2.51189 134.584E-12
2.57040 133.977E-12
2.63027 133.380E-12
2.69153 132.793E-12
2.75423 132.215E-12
2.81838 131.647E-12
2.88403 131.089E-12
2.95121 130.540E-12
3.01995 129.999E-12
3.09030 129.467E-12
3.16228 128.944E-12
3.23594 128.430E-12
3.31131 127.924E-12
3.38844 127.425E-12
3.46737 126.935E-12
3.54813 126.453E-12
3.63078 125.978E-12
3.71535 125.511E-12
3.80189 125.052E-12
3.89045 124.600E-12
3.98107 124.155E-12
4.07380 123.717E-12
4.16869 123.286E-12
4.26580 122.862E-12
4.36516 122.445E-12
4.46684 122.035E-12
4.57088 121.631E-12
4.67735 121.234E-12
4.78630 120.843E-12
4.89779 120.459E-12
5.01187 120.081E-12
5.12861 119.709E-12
5.24807 119.344E-12
5.37032 118.984E-12
5.49541 118.631E-12
5.62341 118.283E-12
5.75440 117.941E-12
5.88844 117.605E-12
6.02560 117.275E-12
6.16595 116.950E-12
6.30957 116.631E-12
6.45654 116.318E-12
6.60693 116.009E-12
6.76083 115.707E-12
6.91831 115.409E-12
7.07946 115.117E-12
7.24436 114.830E-12
7.41310 114.548E-12
7.58578 114.271E-12
7.76247 113.999E-12
7.94328 113.732E-12
8.12831 113.470E-12
8.31764 113.213E-12
8.51138 112.960E-12
8.70964 112.712E-12
8.91251 112.468E-12
9.12011 112.229E-12
9.33254 111.995E-12
9.54993 111.765E-12
9.77237 111.539E-12
10.0000 111.318E-12
10.2329 111.100E-12
10.4713 110.887E-12
10.7152 110.678E-12
10.9648 110.473E-12
11.2202 110.272E-12
11.4815 110.075E-12
11.7490 109.882E-12
12.0226 109.692E-12
12.3027 109.506E-12
12.5893 109.324E-12
12.8825 109.145E-12
13.1826 108.970E-12
13.4896 108.799E-12
13.8038 108.631E-12
14.1254 108.466E-12
14.4544 108.304E-12
14.7911 108.146E-12
15.1356 107.991E-12
15.4882 107.839E-12
15.8489 107.690E-12
16.2181 107.544E-12
16.5959 107.401E-12
16.9824 107.262E-12
17.3780 107.124E-12
17.7828 106.990E-12
18.1970 106.859E-12
18.6209 106.730E-12
19.0546 106.604E-12
19.4984 106.480E-12
19.9526 106.359E-12
20.4174 106.241E-12
20.8930 106.125E-12
21.3796 106.012E-12
21.8776 105.900E-12
22.3872 105.792E-12
22.9087 105.685E-12
23.4423 105.581E-12
23.9883 105.479E-12
24.5471 105.379E-12
25.1189 105.281E-12
25.7040 105.186E-12
26.3027 105.092E-12
26.9153 105.000E-12
27.5423 104.910E-12
28.1838 104.823E-12
28.8403 104.737E-12
29.5121 104.653E-12
30.1995 104.570E-12
30.9030 104.490E-12
31.6228 104.411E-12
32.3594 104.334E-12
33.1131 104.259E-12
33.8844 104.185E-12
34.6737 104.113E-12
35.4813 104.042E-12
36.3078 103.973E-12
37.1535 103.905E-12
38.0189 103.839E-12
38.9045 103.775E-12
39.8107 103.711E-12
40.7380 103.649E-12
41.6869 103.589E-12
42.6580 103.530E-12
43.6516 103.472E-12
44.6684 103.415E-12
45.7088 103.360E-12
46.7735 103.305E-12
47.8630 103.252E-12
48.9779 103.201E-12
50.1187 103.150E-12
51.2861 103.100E-12
52.4807 103.052E-12
53.7032 103.004E-12
54.9541 102.958E-12
56.2341 102.913E-12
57.5440 102.868E-12
58.8844 102.825E-12
60.2560 102.782E-12
61.6595 102.741E-12
63.0957 102.700E-12
64.5654 102.661E-12
66.0693 102.622E-12
67.6083 102.584E-12
69.1831 102.547E-12
70.7946 102.511E-12
72.4436 102.475E-12
74.1310 102.441E-12
75.8578 102.407E-12
77.6247 102.373E-12
79.4328 102.341E-12
81.2831 102.309E-12
83.1764 102.278E-12
85.1138 102.248E-12
87.0964 102.219E-12
89.1251 102.190E-12
91.2011 102.161E-12
93.3254 102.134E-12
95.4993 102.107E-12
97.7237 102.080E-12
100.000 102.054E-12
102.329 102.029E-12
104.713 102.004E-12
107.152 101.980E-12
109.648 101.957E-12
112.202 101.933E-12
114.815 101.911E-12
117.490 101.889E-12
120.226 101.867E-12
123.027 101.846E-12
125.893 101.826E-12
128.825 101.805E-12
131.826 101.786E-12
134.896 101.766E-12
138.038 101.748E-12
141.254 101.729E-12
144.544 101.711E-12
147.911 101.694E-12
151.356 101.677E-12
154.882 101.660E-12
158.489 101.643E-12
162.181 101.627E-12
165.959 101.612E-12
169.824 101.596E-12
173.780 101.581E-12
177.828 101.567E-12
181.970 101.552E-12
186.209 101.538E-12
190.546 101.525E-12
194.984 101.511E-12
199.526 101.498E-12
204.174 101.485E-12
208.930 101.473E-12
213.796 101.461E-12
218.776 101.449E-12
223.872 101.437E-12
229.087 101.426E-12
234.423 101.415E-12
239.883 101.404E-12
245.471 101.393E-12
251.189 101.383E-12
257.040 101.373E-12
263.027 101.363E-12
269.153 101.353E-12
275.423 101.343E-12
281.838 101.334E-12
288.403 101.325E-12
295.121 101.316E-12
301.995 101.308E-12
309.030 101.299E-12
316.228 101.291E-12
323.594 101.283E-12
331.131 101.275E-12
338.844 101.267E-12
346.737 101.260E-12
354.813 101.252E-12
363.078 101.245E-12
371.535 101.238E-12
380.189 101.231E-12
389.045 101.224E-12
398.107 101.218E-12
407.380 101.211E-12
416.869 101.205E-12
426.580 101.199E-12
436.516 101.193E-12
446.684 101.187E-12
457.088 101.181E-12
467.735 101.176E-12
478.630 101.170E-12
489.779 101.165E-12
501.187 101.160E-12
512.861 101.155E-12
524.807 101.150E-12
537.032 101.145E-12
549.541 101.140E-12
562.341 101.135E-12
575.440 101.131E-12
588.844 101.126E-12
602.560 101.122E-12
616.595 101.118E-12
630.957 101.113E-12
645.654 101.109E-12
660.693 101.105E-12
676.083 101.102E-12
691.831 101.098E-12
707.946 101.094E-12
724.436 101.090E-12
741.310 101.087E-12
758.578 101.083E-12
776.247 101.080E-12
794.328 101.077E-12
812.831 101.074E-12
831.764 101.070E-12
851.138 101.067E-12
870.964 101.064E-12
891.251 101.061E-12
912.011 101.058E-12
933.254 101.056E-12
954.993 101.053E-12
977.237 101.050E-12
1.00000E3 101.048E-12
1.02329E3 101.045E-12
1.04713E3 101.042E-12
1.07152E3 101.040E-12
1.09648E3 101.038E-12
1.12202E3 101.035E-12
1.14815E3 101.033E-12
1.17490E3 101.031E-12
1.20226E3 101.029E-12
1.23027E3 101.026E-12
1.25893E3 101.024E-12
1.28825E3 101.022E-12
1.31826E3 101.020E-12
1.34896E3 101.018E-12
1.38038E3 101.017E-12
1.41254E3 101.015E-12
1.44544E3 101.013E-12
1.47911E3 101.011E-12
1.51356E3 101.009E-12
1.54882E3 101.008E-12
1.58489E3 101.006E-12
1.62181E3 101.004E-12
1.65959E3 101.003E-12
1.69824E3 101.001E-12
1.73780E3 101.000E-12
1.77828E3 100.998E-12
1.81970E3 100.997E-12
1.86209E3 100.995E-12
1.90546E3 100.994E-12
1.94984E3 100.993E-12
1.99526E3 100.991E-12
2.04174E3 100.990E-12
2.08930E3 100.989E-12
2.13796E3 100.988E-12
2.18776E3 100.986E-12
2.23872E3 100.985E-12
2.29087E3 100.984E-12
2.34423E3 100.983E-12
2.39883E3 100.982E-12
2.45471E3 100.981E-12
2.51189E3 100.980E-12
2.57040E3 100.979E-12
2.63027E3 100.978E-12
2.69153E3 100.977E-12
2.75423E3 100.976E-12
2.81838E3 100.975E-12
2.88403E3 100.974E-12
2.95121E3 100.973E-12
3.01995E3 100.972E-12
3.09030E3 100.971E-12
3.16228E3 100.970E-12
3.23594E3 100.970E-12
3.31131E3 100.969E-12
3.38844E3 100.968E-12
3.46737E3 100.967E-12
3.54813E3 100.967E-12
3.63078E3 100.966E-12
3.71535E3 100.965E-12
3.80189E3 100.964E-12
3.89045E3 100.964E-12
3.98107E3 100.963E-12
4.07380E3 100.962E-12
4.16869E3 100.962E-12
4.26580E3 100.961E-12
4.36516E3 100.961E-12
4.46684E3 100.960E-12
4.57088E3 100.959E-12
4.67735E3 100.959E-12
4.78630E3 100.958E-12
4.89779E3 100.958E-12
5.01187E3 100.957E-12
5.12861E3 100.957E-12
5.24807E3 100.956E-12
5.37032E3 100.956E-12
5.49541E3 100.955E-12
5.62341E3 100.955E-12
5.75440E3 100.954E-12
5.88844E3 100.954E-12
6.02560E3 100.953E-12
6.16595E3 100.953E-12
6.30957E3 100.952E-12
6.45654E3 100.952E-12
6.60693E3 100.952E-12
6.76083E3 100.951E-12
6.91831E3 100.951E-12
7.07946E3 100.951E-12
7.24436E3 100.950E-12
7.41310E3 100.950E-12
7.58578E3 100.949E-12
7.76247E3 100.949E-12
7.94328E3 100.949E-12
8.12831E3 100.948E-12
8.31764E3 100.948E-12
8.51138E3 100.948E-12
8.70964E3 100.947E-12
8.91251E3 100.947E-12
9.12011E3 100.947E-12
9.33254E3 100.947E-12
9.54993E3 100.946E-12
9.77237E3 100.946E-12
10.0000E3 100.946E-12
10.2329E3 100.945E-12
10.4713E3 100.945E-12
10.7152E3 100.945E-12
10.9648E3 100.945E-12
11.2202E3 100.944E-12
11.4815E3 100.944E-12
11.7490E3 100.944E-12
12.0226E3 100.944E-12
12.3027E3 100.943E-12
12.5893E3 100.943E-12
12.8825E3 100.943E-12
13.1826E3 100.943E-12
13.4896E3 100.942E-12
13.8038E3 100.942E-12
14.1254E3 100.942E-12
14.4544E3 100.942E-12
14.7911E3 100.941E-12
15.1356E3 100.941E-12
15.4882E3 100.941E-12
15.8489E3 100.941E-12
16.2181E3 100.941E-12
16.5959E3 100.940E-12
16.9824E3 100.940E-12
17.3780E3 100.940E-12
17.7828E3 100.940E-12
18.1970E3 100.940E-12
18.6209E3 100.939E-12
19.0546E3 100.939E-12
19.4984E3 100.939E-12
19.9526E3 100.939E-12
20.4174E3 100.939E-12
20.8930E3 100.938E-12
21.3796E3 100.938E-12
21.8776E3 100.938E-12
22.3872E3 100.938E-12
22.9087E3 100.937E-12
23.4423E3 100.937E-12
23.9883E3 100.937E-12
24.5471E3 100.937E-12
25.1189E3 100.937E-12
25.7040E3 100.936E-12
26.3027E3 100.936E-12
26.9153E3 100.936E-12
27.5423E3 100.936E-12
28.1838E3 100.935E-12
28.8403E3 100.935E-12
29.5121E3 100.935E-12
30.1995E3 100.935E-12
30.9030E3 100.934E-12
31.6228E3 100.934E-12
32.3594E3 100.934E-12
33.1131E3 100.933E-12
33.8844E3 100.933E-12
34.6737E3 100.933E-12
35.4813E3 100.933E-12
36.3078E3 100.932E-12
37.1535E3 100.932E-12
38.0189E3 100.932E-12
38.9045E3 100.931E-12
39.8107E3 100.931E-12
40.7380E3 100.930E-12
41.6869E3 100.930E-12
42.6580E3 100.930E-12
43.6516E3 100.929E-12
44.6684E3 100.929E-12
45.7088E3 100.928E-12
46.7735E3 100.928E-12
47.8630E3 100.927E-12
48.9779E3 100.927E-12
50.1187E3 100.926E-12
51.2861E3 100.926E-12
52.4807E3 100.925E-12
53.7032E3 100.925E-12
54.9541E3 100.924E-12
56.2341E3 100.923E-12
57.5440E3 100.923E-12
58.8844E3 100.922E-12
60.2560E3 100.921E-12
61.6595E3 100.920E-12
63.0957E3 100.920E-12
64.5654E3 100.919E-12
66.0693E3 100.918E-12
67.6083E3 100.917E-12
69.1831E3 100.916E-12
70.7946E3 100.915E-12
72.4436E3 100.914E-12
74.1310E3 100.913E-12
75.8578E3 100.912E-12
77.6247E3 100.910E-12
79.4328E3 100.909E-12
81.2831E3 100.908E-12
83.1764E3 100.907E-12
85.1138E3 100.905E-12
87.0964E3 100.904E-12
89.1251E3 100.902E-12
91.2011E3 100.900E-12
93.3254E3 100.899E-12
95.4993E3 100.897E-12
97.7237E3 100.895E-12
100.000E3 100.893E-12
102.329E3 100.891E-12
104.713E3 100.889E-12
107.152E3 100.887E-12
109.648E3 100.884E-12
112.202E3 100.882E-12
114.815E3 100.879E-12
117.490E3 100.877E-12
120.226E3 100.874E-12
123.027E3 100.871E-12
125.893E3 100.868E-12
128.825E3 100.865E-12
131.826E3 100.861E-12
134.896E3 100.858E-12
138.038E3 100.854E-12
141.254E3 100.850E-12
144.544E3 100.846E-12
147.911E3 100.842E-12
151.356E3 100.838E-12
154.882E3 100.833E-12
158.489E3 100.828E-12
162.181E3 100.823E-12
165.959E3 100.818E-12
169.824E3 100.812E-12
173.780E3 100.807E-12
177.828E3 100.801E-12
181.970E3 100.794E-12
186.209E3 100.788E-12
190.546E3 100.781E-12
194.984E3 100.774E-12
199.526E3 100.766E-12
204.174E3 100.758E-12
208.930E3 100.750E-12
213.796E3 100.741E-12
218.776E3 100.732E-12
223.872E3 100.722E-12
229.087E3 100.713E-12
234.423E3 100.702E-12
239.883E3 100.691E-12
245.471E3 100.680E-12
251.189E3 100.668E-12
257.040E3 100.656E-12
263.027E3 100.643E-12
269.153E3 100.629E-12
275.423E3 100.615E-12
281.838E3 100.600E-12
288.403E3 100.584E-12
295.121E3 100.568E-12
301.995E3 100.551E-12
309.030E3 100.534E-12
316.228E3 100.515E-12
323.594E3 100.496E-12
331.131E3 100.475E-12
338.844E3 100.454E-12
346.737E3 100.432E-12
354.813E3 100.409E-12
363.078E3 100.385E-12
371.535E3 100.360E-12
380.189E3 100.334E-12
389.045E3 100.306E-12
398.107E3 100.277E-12
407.380E3 100.247E-12
416.869E3 100.216E-12
426.580E3 100.184E-12
436.516E3 100.150E-12
446.684E3 100.114E-12
457.088E3 100.077E-12
467.735E3 100.039E-12
478.630E3 99.9983E-12
489.779E3 99.9563E-12
501.187E3 99.9126E-12
512.861E3 99.8670E-12
524.807E3 99.8195E-12
537.032E3 99.7700E-12
549.541E3 99.7184E-12
562.341E3 99.6648E-12
575.440E3 99.6089E-12
588.844E3 99.5507E-12
602.560E3 99.4902E-12
616.595E3 99.4272E-12
630.957E3 99.3617E-12
645.654E3 99.2936E-12
660.693E3 99.2228E-12
676.083E3 99.1493E-12
691.831E3 99.0729E-12
707.946E3 98.9936E-12
724.436E3 98.9112E-12
741.310E3 98.8257E-12
758.578E3 98.7371E-12
776.247E3 98.6451E-12
794.328E3 98.5498E-12
812.831E3 98.4510E-12
831.764E3 98.3486E-12
851.138E3 98.2427E-12
870.964E3 98.1330E-12
891.251E3 98.0195E-12
912.011E3 97.9021E-12
933.254E3 97.7807E-12
954.993E3 97.6554E-12
977.237E3 97.5258E-12
1.00000E6 97.3921E-12
1.02329E6 97.2542E-12
1.04713E6 97.1118E-12
1.07152E6 96.9651E-12
1.09648E6 96.8139E-12
1.12202E6 96.6581E-12
1.14815E6 96.4977E-12
1.17490E6 96.3327E-12
1.20226E6 96.1629E-12
1.23027E6 95.9884E-12
1.25893E6 95.8090E-12
1.28825E6 95.6247E-12
1.31826E6 95.4355E-12
1.34896E6 95.2413E-12
1.38038E6 95.0421E-12
1.41254E6 94.8378E-12
1.44544E6 94.6284E-12
1.47911E6 94.4137E-12
1.51356E6 94.1939E-12
1.54882E6 93.9687E-12
1.58489E6 93.7382E-12
1.62181E6 93.5022E-12
1.65959E6 93.2607E-12
1.69824E6 93.0136E-12
1.73780E6 92.7609E-12
1.77828E6 92.5023E-12
1.81970E6 92.2379E-12
1.86209E6 91.9674E-12
1.90546E6 91.6908E-12
1.94984E6 91.4077E-12
1.99526E6 91.1182E-12
2.04174E6 90.8219E-12
2.08930E6 90.5187E-12
2.13796E6 90.2083E-12
2.18776E6 89.8904E-12
2.23872E6 89.5648E-12
2.29087E6 89.2311E-12
2.34423E6 88.8889E-12
2.39883E6 88.5379E-12
2.45471E6 88.1777E-12
2.51189E6 87.8078E-12
2.57040E6 87.4279E-12
2.63027E6 87.0373E-12
2.69153E6 86.6357E-12
2.75423E6 86.2224E-12
2.81838E6 85.7970E-12
2.88403E6 85.3589E-12
2.95121E6 84.9075E-12
3.01995E6 84.4423E-12
3.09030E6 83.9628E-12
3.16228E6 83.4684E-12
3.23594E6 82.9587E-12
3.31131E6 82.4330E-12
3.38844E6 81.8911E-12
3.46737E6 81.3325E-12
3.54813E6 80.7570E-12
3.63078E6 80.1643E-12
3.71535E6 79.5542E-12
3.80189E6 78.9268E-12
3.89045E6 78.2820E-12
3.98107E6 77.6200E-12
4.07380E6 76.9412E-12
4.16869E6 76.2458E-12
4.26580E6 75.5345E-12
4.36516E6 74.8078E-12
4.46684E6 74.0666E-12
4.57088E6 73.3116E-12
4.67735E6 72.5439E-12
4.78630E6 71.7645E-12
4.89779E6 70.9746E-12
5.01187E6 70.1754E-12
5.12861E6 69.3681E-12
5.24807E6 68.5541E-12
5.37032E6 67.7347E-12
5.49541E6 66.9114E-12
5.62341E6 66.0854E-12
5.75440E6 65.2583E-12
5.88844E6 64.4315E-12
6.02560E6 63.6063E-12
6.16595E6 62.7841E-12
6.30957E6 61.9664E-12
6.45654E6 61.1544E-12
6.60693E6 60.3496E-12
6.76083E6 59.5534E-12
6.91831E6 58.7669E-12
7.07946E6 57.9915E-12
7.24436E6 57.2285E-12
7.41310E6 56.4791E-12
7.58578E6 55.7445E-12
7.76247E6 55.0258E-12
7.94328E6 54.3240E-12
8.12831E6 53.6402E-12
8.31764E6 52.9752E-12
8.51138E6 52.3299E-12
8.70964E6 51.7048E-12
8.91251E6 51.1008E-12
9.12011E6 50.5181E-12
9.33254E6 49.9572E-12
9.54993E6 49.4183E-12
9.77237E6 48.9015E-12
10.0000E6 48.4068E-12
10.2329E6 47.9340E-12
10.4713E6 47.4829E-12
10.7152E6 47.0532E-12
10.9648E6 46.6444E-12
11.2202E6 46.2559E-12
11.4815E6 45.8872E-12
11.7490E6 45.5376E-12
12.0226E6 45.2064E-12
12.3027E6 44.8929E-12
12.5893E6 44.5961E-12
12.8825E6 44.3153E-12
13.1826E6 44.0498E-12
13.4896E6 43.7985E-12
13.8038E6 43.5608E-12
14.1254E6 43.3358E-12
14.4544E6 43.1226E-12
14.7911E6 42.9205E-12
15.1356E6 42.7286E-12
15.4882E6 42.5464E-12
15.8489E6 42.3730E-12
16.2181E6 42.2077E-12
16.5959E6 42.0500E-12
16.9824E6 41.8991E-12
17.3780E6 41.7545E-12
17.7828E6 41.6156E-12
18.1970E6 41.4818E-12
18.6209E6 41.3528E-12
19.0546E6 41.2280E-12
19.4984E6 41.1069E-12
19.9526E6 40.9892E-12
20.4174E6 40.8744E-12
20.8930E6 40.7623E-12
21.3796E6 40.6524E-12
21.8776E6 40.5444E-12
22.3872E6 40.4381E-12
22.9087E6 40.3331E-12
23.4423E6 40.2292E-12
23.9883E6 40.1262E-12
24.5471E6 40.0237E-12
25.1189E6 39.9218E-12
25.7040E6 39.8200E-12
26.3027E6 39.7183E-12
26.9153E6 39.6165E-12
27.5423E6 39.5144E-12
28.1838E6 39.4118E-12
28.8403E6 39.3088E-12
29.5121E6 39.2050E-12
30.1995E6 39.1005E-12
30.9030E6 38.9950E-12
31.6228E6 38.8886E-12
32.3594E6 38.7812E-12
33.1131E6 38.6726E-12
33.8844E6 38.5628E-12
34.6737E6 38.4518E-12
35.4813E6 38.3395E-12
36.3078E6 38.2258E-12
37.1535E6 38.1108E-12
38.0189E6 37.9944E-12
38.9045E6 37.8765E-12
39.8107E6 37.7573E-12
40.7380E6 37.6367E-12
41.6869E6 37.5147E-12
42.6580E6 37.3913E-12
43.6516E6 37.2666E-12
44.6684E6 37.1405E-12
45.7088E6 37.0132E-12
46.7735E6 36.8846E-12
47.8630E6 36.7549E-12
48.9779E6 36.6241E-12
50.1187E6 36.4923E-12
51.2861E6 36.3595E-12
52.4807E6 36.2259E-12
53.7032E6 36.0915E-12
54.9541E6 35.9564E-12
56.2341E6 35.8208E-12
57.5440E6 35.6847E-12
58.8844E6 35.5483E-12
60.2560E6 35.4117E-12
61.6595E6 35.2749E-12
63.0957E6 35.1383E-12
64.5654E6 35.0017E-12
66.0693E6 34.8655E-12
67.6083E6 34.7298E-12
69.1831E6 34.5946E-12
70.7946E6 34.4602E-12
72.4436E6 34.3266E-12
74.1310E6 34.1941E-12
75.8578E6 34.0628E-12
77.6247E6 33.9327E-12
79.4328E6 33.8041E-12
81.2831E6 33.6771E-12
83.1764E6 33.5519E-12
85.1138E6 33.4285E-12
87.0964E6 33.3072E-12
89.1251E6 33.1880E-12
91.2011E6 33.0711E-12
93.3254E6 32.9566E-12
95.4993E6 32.8447E-12
97.7237E6 32.7354E-12
100.000E6 32.6289E-12
102.329E6 32.5253E-12
104.713E6 32.4248E-12
107.152E6 32.3273E-12
109.648E6 32.2331E-12
112.202E6 32.1422E-12
114.815E6 32.0547E-12
117.490E6 31.9707E-12
120.226E6 31.8904E-12
123.027E6 31.8137E-12
125.893E6 31.7409E-12
128.825E6 31.6719E-12
131.826E6 31.6068E-12
134.896E6 31.5458E-12
138.038E6 31.4889E-12
141.254E6 31.4362E-12
144.544E6 31.3877E-12
147.911E6 31.3437E-12
151.356E6 31.3040E-12
154.882E6 31.2689E-12
158.489E6 31.2385E-12
162.181E6 31.2127E-12
165.959E6 31.1917E-12
169.824E6 31.1756E-12
173.780E6 31.1646E-12
177.828E6 31.1586E-12
181.970E6 31.1579E-12
186.209E6 31.1626E-12
190.546E6 31.1728E-12
194.984E6 31.1887E-12
199.526E6 31.2103E-12
204.174E6 31.2380E-12
208.930E6 31.2718E-12
213.796E6 31.3120E-12
218.776E6 31.3588E-12
223.872E6 31.4124E-12
229.087E6 31.4731E-12
234.423E6 31.5412E-12
239.883E6 31.6169E-12
245.471E6 31.7006E-12
251.189E6 31.7927E-12
257.040E6 31.8935E-12
263.027E6 32.0034E-12
269.153E6 32.1229E-12
275.423E6 32.2525E-12
281.838E6 32.3927E-12
288.403E6 32.5442E-12
295.121E6 32.7075E-12
301.995E6 32.8835E-12
309.030E6 33.0728E-12
316.228E6 33.2762E-12
323.594E6 33.4949E-12
331.131E6 33.7296E-12
338.844E6 33.9817E-12
346.737E6 34.2523E-12
354.813E6 34.5428E-12
363.078E6 34.8548E-12
371.535E6 35.1898E-12
380.189E6 35.5499E-12
389.045E6 35.9372E-12
398.107E6 36.3539E-12
407.380E6 36.8028E-12
416.869E6 37.2868E-12
426.580E6 37.8094E-12
436.516E6 38.3744E-12
446.684E6 38.9861E-12
457.088E6 39.6496E-12
467.735E6 40.3707E-12
478.630E6 41.1560E-12
489.779E6 42.0134E-12
501.187E6 42.9521E-12
512.861E6 43.9826E-12
524.807E6 45.1179E-12
537.032E6 46.3733E-12
549.541E6 47.7671E-12
562.341E6 49.3221E-12
575.440E6 51.0659E-12
588.844E6 53.0334E-12
602.560E6 55.2684E-12
616.595E6 57.8273E-12
630.957E6 60.7838E-12
645.654E6 64.2357E-12
660.693E6 68.3164E-12
676.083E6 73.2111E-12
691.831E6 79.1851E-12
707.946E6 86.6281E-12
724.436E6 96.1303E-12
741.310E6 108.606E-12
758.578E6 125.470E-12
776.247E6 148.720E-12
794.328E6 179.885E-12
812.831E6 213.585E-12
831.764E6 225.898E-12
851.138E6 202.470E-12
870.964E6 170.087E-12
891.251E6 147.300E-12
912.011E6 134.162E-12
933.254E6 125.847E-12
954.993E6 117.991E-12
977.237E6 108.481E-12
1.00000E9 97.5347E-12
1.02329E9 86.3824E-12
1.04713E9 76.0312E-12
1.07152E9 66.9310E-12
1.09648E9 59.1384E-12
1.12202E9 52.5296E-12
1.14815E9 46.9277E-12
1.17490E9 42.1596E-12
1.20226E9 38.0755E-12
1.23027E9 34.5522E-12
1.25893E9 31.4906E-12
1.28825E9 28.8114E-12
1.31826E9 26.4513E-12
1.34896E9 24.3595E-12
1.38038E9 22.4949E-12
1.41254E9 20.8242E-12
1.44544E9 19.3200E-12
1.47911E9 17.9598E-12
1.51356E9 16.7249E-12
1.54882E9 15.5996E-12
1.58489E9 14.5706E-12
1.62181E9 13.6269E-12
1.65959E9 12.7587E-12
1.69824E9 11.9581E-12
1.73780E9 11.2177E-12
1.77828E9 10.5317E-12
1.81970E9 9.89456E-12
1.86209E9 9.30170E-12
1.90546E9 8.74903E-12
1.94984E9 8.23294E-12
1.99526E9 7.75026E-12
2.04174E9 7.29817E-12
2.08930E9 6.87417E-12
2.13796E9 6.47603E-12
2.18776E9 6.10177E-12
2.23872E9 5.74963E-12
2.29087E9 5.41802E-12
2.34423E9 5.10553E-12
2.39883E9 4.81089E-12
2.45471E9 4.53298E-12
2.51189E9 4.27076E-12
2.57040E9 4.02334E-12
2.63027E9 3.78987E-12
2.69153E9 3.56962E-12
2.75423E9 3.36191E-12
2.81838E9 3.16612E-12
2.88403E9 2.98167E-12
2.95121E9 2.80805E-12
3.01995E9 2.64476E-12
3.09030E9 2.49133E-12
3.16228E9 2.34734E-12
3.23594E9 2.21236E-12
3.31131E9 2.08598E-12
3.38844E9 1.96782E-12
3.46737E9 1.85750E-12
3.54813E9 1.75463E-12
3.63078E9 1.65886E-12
3.71535E9 1.56981E-12
3.80189E9 1.48715E-12
3.89045E9 1.41050E-12
3.98107E9 1.33953E-12
4.07380E9 1.27390E-12
4.16869E9 1.21326E-12
4.26580E9 1.15730E-12
4.36516E9 1.10568E-12
4.46684E9 1.05809E-12
4.57088E9 1.01422E-12
4.67735E9 973.770E-15
4.78630E9 936.439E-15
4.89779E9 901.937E-15
5.01187E9 869.983E-15
5.12861E9 840.299E-15
5.24807E9 812.611E-15
5.37032E9 786.652E-15
5.49541E9 762.156E-15
5.62341E9 738.864E-15
5.75440E9 716.517E-15
5.88844E9 694.864E-15
6.02560E9 673.660E-15
6.16595E9 652.675E-15
6.30957E9 631.695E-15
6.45654E9 610.531E-15
6.60693E9 589.032E-15
6.76083E9 567.092E-15
6.91831E9 544.661E-15
7.07946E9 521.753E-15
7.24436E9 498.450E-15
7.41310E9 474.899E-15
7.58578E9 451.307E-15
7.76247E9 427.923E-15
7.94328E9 405.019E-15
8.12831E9 382.870E-15
8.31764E9 361.734E-15
8.51138E9 341.831E-15
8.70964E9 323.331E-15
8.91251E9 306.350E-15
9.12011E9 290.945E-15
9.33254E9 277.117E-15
9.54993E9 264.817E-15
9.77237E9 253.953E-15
10.0000E9 244.394E-15
