 1.000000e+001  1.137468e-004
 1.061875e+001  1.185824e-004
 1.123750e+001  1.123123e-004
 1.185625e+001  1.089524e-004
 1.247500e+001  1.124341e-004
 1.309375e+001  1.055369e-004
 1.371250e+001  1.081245e-004
 1.433125e+001  1.019573e-004
 1.495000e+001  9.688373e-005
 1.556875e+001  1.039334e-004
 1.618750e+001  1.077010e-004
 1.680625e+001  9.900334e-005
 1.742500e+001  9.424656e-005
 1.804375e+001  9.952138e-005
 1.866250e+001  8.689672e-005
 1.928125e+001  8.108985e-005
 1.990000e+001  9.454235e-005
 2.051875e+001  9.540568e-005
 2.113750e+001  8.829607e-005
 2.175625e+001  9.251711e-005
 2.237500e+001  9.482222e-005
 2.299375e+001  8.627954e-005
 2.361250e+001  9.423940e-005
 2.423125e+001  9.200734e-005
 2.485000e+001  8.922121e-005
 2.546875e+001  8.399052e-005
 2.608750e+001  7.995758e-005
 2.670625e+001  8.803201e-005
 2.732500e+001  9.109039e-005
 2.794375e+001  8.535404e-005
 2.856250e+001  8.987694e-005
 2.918125e+001  8.461697e-005
 2.980000e+001  8.920784e-005
 3.041875e+001  8.449322e-005
 3.103750e+001  7.912566e-005
 3.165625e+001  8.546376e-005
 3.227500e+001  8.389975e-005
 3.289375e+001  8.494358e-005
 3.351250e+001  8.357907e-005
 3.413125e+001  8.476109e-005
 3.475000e+001  8.997955e-005
 3.536875e+001  8.532320e-005
 3.598750e+001  8.038295e-005
 3.660625e+001  8.575680e-005
 3.722500e+001  8.417029e-005
 3.784375e+001  8.132913e-005
 3.846250e+001  8.640744e-005
 3.908125e+001  9.254674e-005
 3.970000e+001  9.074398e-005
 4.031875e+001  7.402616e-005
 4.093750e+001  7.067725e-005
 4.155625e+001  7.354007e-005
 4.217500e+001  8.126702e-005
 4.279375e+001  8.198236e-005
 4.341250e+001  7.403709e-005
 4.403125e+001  7.587481e-005
 4.465000e+001  8.218917e-005
 4.526875e+001  7.483087e-005
 4.588750e+001  8.174160e-005
 4.650625e+001  8.036254e-005
 4.712500e+001  8.162142e-005
 4.774375e+001  7.897069e-005
 4.836250e+001  9.804452e-005
 4.898125e+001  3.627228e-004
 4.960000e+001  2.432381e-003
 5.021875e+001  2.835742e-003
 5.083750e+001  7.340804e-004
 5.145625e+001  1.130873e-004
 5.207500e+001  9.651490e-005
 5.269375e+001  8.204566e-005
 5.331250e+001  7.855128e-005
 5.393125e+001  8.157181e-005
 5.455000e+001  8.424121e-005
 5.516875e+001  8.367379e-005
 5.578750e+001  7.973949e-005
 5.640625e+001  8.348594e-005
 5.702500e+001  7.830085e-005
 5.764375e+001  7.989288e-005
 5.826250e+001  7.749555e-005
 5.888125e+001  7.631311e-005
 5.950000e+001  8.469635e-005
 6.011875e+001  1.009520e-004
 6.073750e+001  8.113413e-005
 6.135625e+001  8.393612e-005
 6.197500e+001  7.857809e-005
 6.259375e+001  7.821595e-005
 6.321250e+001  7.561545e-005
 6.383125e+001  6.932483e-005
 6.445000e+001  7.706943e-005
 6.506875e+001  7.983800e-005
 6.568750e+001  7.404928e-005
 6.630625e+001  7.845209e-005
 6.692500e+001  7.843136e-005
 6.754375e+001  7.228396e-005
 6.816250e+001  7.512851e-005
 6.878125e+001  6.937668e-005
 6.940000e+001  7.355944e-005
 7.001875e+001  8.049111e-005
 7.063750e+001  8.014809e-005
 7.125625e+001  8.003415e-005
 7.187500e+001  7.678372e-005
 7.249375e+001  7.366336e-005
 7.311250e+001  7.210363e-005
 7.373125e+001  7.395554e-005
 7.435000e+001  7.025813e-005
 7.496875e+001  6.738108e-005
 7.558750e+001  7.711108e-005
 7.620625e+001  7.978314e-005
 7.682500e+001  7.432252e-005
 7.744375e+001  8.095442e-005
 7.806250e+001  8.119326e-005
 7.868125e+001  7.352932e-005
 7.930000e+001  7.090546e-005
 7.991875e+001  6.906602e-005
 8.053750e+001  7.052771e-005
 8.115625e+001  6.524958e-005
 8.177500e+001  6.793289e-005
 8.239375e+001  7.941875e-005
 8.301250e+001  7.882795e-005
 8.363125e+001  7.996805e-005
 8.425000e+001  8.729268e-005
 8.486875e+001  8.562502e-005
 8.548750e+001  7.311050e-005
 8.610625e+001  7.323982e-005
 8.672500e+001  6.972781e-005
 8.734375e+001  7.626607e-005
 8.796250e+001  7.900277e-005
 8.858125e+001  7.489931e-005
 8.920000e+001  8.247678e-005
 8.981875e+001  8.492303e-005
 9.043750e+001  7.147465e-005
 9.105625e+001  7.586535e-005
 9.167500e+001  7.715049e-005
 9.229375e+001  6.866334e-005
 9.291250e+001  7.189303e-005
 9.353125e+001  7.548949e-005
 9.415000e+001  7.440490e-005
 9.476875e+001  7.368414e-005
 9.538750e+001  7.216724e-005
 9.600625e+001  7.832357e-005
 9.662500e+001  7.733761e-005
 9.724375e+001  7.453144e-005
 9.786250e+001  7.744623e-005
 9.848125e+001  7.896798e-005
 9.910000e+001  8.321546e-005
 9.971875e+001  1.176676e-004
 1.003375e+002  1.050699e-004
 1.009563e+002  7.482993e-005
 1.015750e+002  7.503391e-005
 1.021938e+002  7.483172e-005
 1.028125e+002  7.223129e-005
 1.034313e+002  7.099929e-005
 1.040500e+002  6.901830e-005
 1.046688e+002  7.437448e-005
 1.052875e+002  7.652061e-005
 1.059063e+002  7.161290e-005
 1.065250e+002  6.953719e-005
 1.071438e+002  7.813013e-005
 1.077625e+002  8.145901e-005
 1.083813e+002  7.350388e-005
 1.090000e+002  8.035701e-005
 1.096188e+002  7.843124e-005
 1.102375e+002  7.000333e-005
 1.108563e+002  7.472197e-005
 1.114750e+002  7.548101e-005
 1.120938e+002  6.970704e-005
 1.127125e+002  7.918233e-005
 1.133313e+002  6.957880e-005
 1.139500e+002  7.085411e-005
 1.145688e+002  7.508744e-005
 1.151875e+002  7.676117e-005
 1.158063e+002  7.657573e-005
 1.164250e+002  7.307422e-005
 1.170438e+002  6.710631e-005
 1.176625e+002  7.570458e-005
 1.182813e+002  8.224055e-005
 1.189000e+002  8.033850e-005
 1.195188e+002  7.320773e-005
 1.201375e+002  8.451493e-005
 1.207563e+002  8.108408e-005
 1.213750e+002  7.183889e-005
 1.219938e+002  7.318628e-005
 1.226125e+002  8.128567e-005
 1.232313e+002  7.069558e-005
 1.238500e+002  7.146242e-005
 1.244688e+002  6.860381e-005
 1.250875e+002  6.419829e-005
 1.257063e+002  6.924911e-005
 1.263250e+002  7.007290e-005
 1.269438e+002  7.290932e-005
 1.275625e+002  7.259911e-005
 1.281813e+002  7.040520e-005
 1.288000e+002  7.639092e-005
 1.294188e+002  8.009106e-005
 1.300375e+002  7.797520e-005
 1.306563e+002  7.329183e-005
 1.312750e+002  7.722497e-005
 1.318938e+002  8.112102e-005
 1.325125e+002  8.141866e-005
 1.331313e+002  7.503902e-005
 1.337500e+002  6.750131e-005
 1.343688e+002  6.419230e-005
 1.349875e+002  7.233437e-005
 1.356063e+002  6.993208e-005
 1.362250e+002  7.379208e-005
 1.368438e+002  6.231120e-005
 1.374625e+002  7.463659e-005
 1.380813e+002  7.847586e-005
 1.387000e+002  6.666132e-005
 1.393188e+002  7.032641e-005
 1.399375e+002  6.990476e-005
 1.405563e+002  6.923524e-005
 1.411750e+002  7.111993e-005
 1.417938e+002  6.952003e-005
 1.424125e+002  7.387581e-005
 1.430313e+002  7.408733e-005
 1.436500e+002  7.465626e-005
 1.442688e+002  7.350218e-005
 1.448875e+002  6.604099e-005
 1.455063e+002  6.793888e-005
 1.461250e+002  7.474705e-005
 1.467438e+002  7.595439e-005
 1.473625e+002  6.824235e-005
 1.479813e+002  7.105967e-005
 1.486000e+002  6.950033e-005
 1.492188e+002  3.863871e-004
 1.498375e+002  1.001578e-003
 1.504563e+002  6.424755e-004
 1.510750e+002  7.758175e-005
 1.516938e+002  6.446466e-005
 1.523125e+002  6.850516e-005
 1.529313e+002  7.037469e-005
 1.535500e+002  7.663100e-005
 1.541688e+002  7.383487e-005
 1.547875e+002  7.800835e-005
 1.554063e+002  7.419757e-005
 1.560250e+002  7.178265e-005
 1.566438e+002  6.704663e-005
 1.572625e+002  7.325326e-005
 1.578813e+002  7.211640e-005
 1.585000e+002  6.744666e-005
 1.591188e+002  6.990579e-005
 1.597375e+002  7.603906e-005
 1.603563e+002  7.915161e-005
 1.609750e+002  7.912118e-005
 1.615938e+002  7.029710e-005
 1.622125e+002  6.659719e-005
 1.628313e+002  6.883956e-005
 1.634500e+002  6.347755e-005
 1.640688e+002  7.110000e-005
 1.646875e+002  7.254623e-005
 1.653063e+002  7.365302e-005
 1.659250e+002  6.893788e-005
 1.665438e+002  7.319739e-005
 1.671625e+002  7.657780e-005
 1.677813e+002  7.361479e-005
 1.684000e+002  7.122531e-005
 1.690188e+002  7.098637e-005
 1.696375e+002  7.150580e-005
 1.702563e+002  7.111997e-005
 1.708750e+002  6.949351e-005
 1.714938e+002  6.744518e-005
 1.721125e+002  6.423569e-005
 1.727313e+002  7.358282e-005
 1.733500e+002  7.741486e-005
 1.739688e+002  6.958540e-005
 1.745875e+002  6.904928e-005
 1.752063e+002  6.511949e-005
 1.758250e+002  6.933198e-005
 1.764438e+002  7.765860e-005
 1.770625e+002  7.078745e-005
 1.776813e+002  6.852717e-005
 1.783000e+002  7.104101e-005
 1.789188e+002  7.327695e-005
 1.795375e+002  7.854062e-005
 1.801563e+002  8.165775e-005
 1.807750e+002  7.333073e-005
 1.813938e+002  6.924501e-005
 1.820125e+002  6.902528e-005
 1.826313e+002  7.610552e-005
 1.832500e+002  8.078856e-005
 1.838688e+002  7.431786e-005
 1.844875e+002  7.347315e-005
 1.851063e+002  7.087034e-005
 1.857250e+002  6.804438e-005
 1.863438e+002  6.360202e-005
 1.869625e+002  6.145575e-005
 1.875813e+002  6.891058e-005
 1.882000e+002  7.874952e-005
 1.888188e+002  7.491053e-005
 1.894375e+002  7.093227e-005
 1.900563e+002  7.236829e-005
 1.906750e+002  7.610631e-005
 1.912938e+002  7.243130e-005
 1.919125e+002  6.822682e-005
 1.925313e+002  6.737109e-005
 1.931500e+002  6.717721e-005
 1.937688e+002  6.693167e-005
 1.943875e+002  7.000074e-005
 1.950063e+002  6.885266e-005
 1.956250e+002  7.005228e-005
 1.962438e+002  7.804700e-005
 1.968625e+002  7.682410e-005
 1.974813e+002  7.186726e-005
 1.981000e+002  7.030445e-005
 1.987188e+002  6.373237e-005
 1.993375e+002  6.998751e-005
 1.999563e+002  8.088288e-005
 2.005750e+002  7.114151e-005
 2.011938e+002  7.172307e-005
 2.018125e+002  7.061635e-005
 2.024313e+002  7.089528e-005
 2.030500e+002  7.401571e-005
 2.036688e+002  7.690836e-005
 2.042875e+002  6.643758e-005
 2.049063e+002  6.752701e-005
 2.055250e+002  6.784158e-005
 2.061438e+002  6.966766e-005
 2.067625e+002  7.196861e-005
 2.073813e+002  6.619148e-005
 2.080000e+002  6.659082e-005
 2.086188e+002  6.772108e-005
 2.092375e+002  6.620786e-005
 2.098563e+002  7.874226e-005
 2.104750e+002  7.441841e-005
 2.110938e+002  6.926583e-005
 2.117125e+002  7.107323e-005
 2.123313e+002  6.580839e-005
 2.129500e+002  6.364809e-005
 2.135688e+002  7.010504e-005
 2.141875e+002  7.335755e-005
 2.148063e+002  7.117304e-005
 2.154250e+002  6.713799e-005
 2.160438e+002  6.686878e-005
 2.166625e+002  6.545603e-005
 2.172813e+002  7.151666e-005
 2.179000e+002  7.105873e-005
 2.185188e+002  6.296426e-005
 2.191375e+002  6.737312e-005
 2.197563e+002  6.916862e-005
 2.203750e+002  7.198570e-005
 2.209938e+002  6.940086e-005
 2.216125e+002  7.233472e-005
 2.222313e+002  7.579528e-005
 2.228500e+002  7.397709e-005
 2.234688e+002  6.840265e-005
 2.240875e+002  6.732148e-005
 2.247063e+002  6.092657e-005
 2.253250e+002  6.799181e-005
 2.259438e+002  7.812067e-005
 2.265625e+002  7.725345e-005
 2.271813e+002  7.212979e-005
 2.278000e+002  6.871571e-005
 2.284188e+002  6.802083e-005
 2.290375e+002  6.952219e-005
 2.296563e+002  7.168231e-005
 2.302750e+002  6.657612e-005
 2.308938e+002  6.420428e-005
 2.315125e+002  7.136383e-005
 2.321313e+002  7.408784e-005
 2.327500e+002  7.209016e-005
 2.333688e+002  6.847735e-005
 2.339875e+002  7.475554e-005
 2.346063e+002  7.448330e-005
 2.352250e+002  7.812226e-005
 2.358438e+002  7.899274e-005
 2.364625e+002  6.687682e-005
 2.370813e+002  6.490071e-005
 2.377000e+002  7.287647e-005
 2.383188e+002  7.445331e-005
 2.389375e+002  7.160574e-005
 2.395563e+002  7.192776e-005
 2.401750e+002  7.965646e-005
 2.407938e+002  7.112162e-005
 2.414125e+002  7.203198e-005
 2.420313e+002  7.032193e-005
 2.426500e+002  6.594007e-005
 2.432688e+002  6.482093e-005
 2.438875e+002  6.565789e-005
 2.445063e+002  7.255590e-005
 2.451250e+002  7.651250e-005
 2.457438e+002  7.211889e-005
 2.463625e+002  6.855594e-005
 2.469813e+002  6.837038e-005
 2.476000e+002  6.914756e-005
 2.482188e+002  7.147826e-005
 2.488375e+002  7.160851e-005
 2.494563e+002  2.399651e-004
 2.500750e+002  3.100219e-004
 2.506938e+002  1.092741e-004
 2.513125e+002  7.653517e-005
 2.519313e+002  6.605670e-005
 2.525500e+002  6.817406e-005
 2.531688e+002  7.313185e-005
 2.537875e+002  7.596713e-005
 2.544063e+002  6.830690e-005
 2.550250e+002  5.933485e-005
 2.556438e+002  6.552425e-005
 2.562625e+002  6.643074e-005
 2.568813e+002  7.212882e-005
 2.575000e+002  7.100033e-005
 2.581188e+002  6.540796e-005
 2.587375e+002  7.079784e-005
 2.593563e+002  7.109448e-005
 2.599750e+002  7.498780e-005
 2.605938e+002  7.762300e-005
 2.612125e+002  7.332480e-005
 2.618313e+002  7.728686e-005
 2.624500e+002  7.799613e-005
 2.630688e+002  7.476952e-005
 2.636875e+002  6.718036e-005
 2.643063e+002  6.676019e-005
 2.649250e+002  6.943596e-005
 2.655438e+002  7.261607e-005
 2.661625e+002  7.041721e-005
 2.667813e+002  7.354659e-005
 2.674000e+002  6.771182e-005
 2.680188e+002  6.568205e-005
 2.686375e+002  6.961506e-005
 2.692563e+002  7.824057e-005
 2.698750e+002  7.472465e-005
 2.704938e+002  6.499046e-005
 2.711125e+002  6.081038e-005
 2.717313e+002  6.393845e-005
 2.723500e+002  6.692771e-005
 2.729688e+002  6.568120e-005
 2.735875e+002  6.514691e-005
 2.742063e+002  7.033343e-005
 2.748250e+002  6.650320e-005
 2.754438e+002  6.073128e-005
 2.760625e+002  6.560665e-005
 2.766813e+002  6.590832e-005
 2.773000e+002  6.029366e-005
 2.779188e+002  6.560052e-005
 2.785375e+002  6.779653e-005
 2.791563e+002  6.625250e-005
 2.797750e+002  6.879312e-005
 2.803938e+002  7.029277e-005
 2.810125e+002  6.826558e-005
 2.816313e+002  7.250429e-005
 2.822500e+002  7.483045e-005
 2.828688e+002  6.838012e-005
 2.834875e+002  6.317981e-005
 2.841063e+002  7.003972e-005
 2.847250e+002  7.209866e-005
 2.853438e+002  6.694414e-005
 2.859625e+002  6.996225e-005
 2.865813e+002  7.088543e-005
 2.872000e+002  7.557044e-005
 2.878188e+002  7.344774e-005
 2.884375e+002  6.995181e-005
 2.890563e+002  7.698301e-005
 2.896750e+002  7.005948e-005
 2.902938e+002  6.786823e-005
 2.909125e+002  6.662929e-005
 2.915313e+002  7.166071e-005
 2.921500e+002  6.521012e-005
 2.927688e+002  6.490008e-005
 2.933875e+002  6.228078e-005
 2.940063e+002  5.978082e-005
 2.946250e+002  7.061170e-005
 2.952438e+002  7.674176e-005
 2.958625e+002  7.146799e-005
 2.964813e+002  7.307854e-005
 2.971000e+002  7.033010e-005
 2.977188e+002  6.854435e-005
 2.983375e+002  6.238957e-005
 2.989563e+002  6.786768e-005
 2.995750e+002  7.412396e-005
 3.001938e+002  7.014326e-005
 3.008125e+002  6.171121e-005
 3.014313e+002  6.228192e-005
 3.020500e+002  6.653958e-005
 3.026688e+002  6.281378e-005
 3.032875e+002  6.464485e-005
 3.039063e+002  6.760207e-005
 3.045250e+002  6.798523e-005
 3.051438e+002  7.684219e-005
 3.057625e+002  7.263558e-005
 3.063813e+002  6.266819e-005
 3.070000e+002  6.176486e-005
 3.076188e+002  6.470898e-005
 3.082375e+002  6.524515e-005
 3.088563e+002  6.379948e-005
 3.094750e+002  6.912432e-005
 3.100938e+002  7.017734e-005
 3.107125e+002  6.434489e-005
 3.113313e+002  6.829940e-005
 3.119500e+002  6.283884e-005
 3.125688e+002  6.645065e-005
 3.131875e+002  6.838798e-005
 3.138063e+002  6.805750e-005
 3.144250e+002  6.690471e-005
 3.150437e+002  6.186796e-005
 3.156625e+002  6.045918e-005
 3.162812e+002  6.582255e-005
 3.169000e+002  6.969521e-005
 3.175187e+002  6.793873e-005
 3.181375e+002  6.420928e-005
 3.187562e+002  6.623594e-005
 3.193750e+002  7.230533e-005
 3.199937e+002  7.389246e-005
 3.206125e+002  7.536769e-005
 3.212312e+002  7.378990e-005
 3.218500e+002  7.037442e-005
 3.224687e+002  7.280170e-005
 3.230875e+002  7.585718e-005
 3.237062e+002  7.198477e-005
 3.243250e+002  7.249769e-005
 3.249437e+002  6.881207e-005
 3.255625e+002  6.671662e-005
 3.261812e+002  7.238610e-005
 3.268000e+002  7.621207e-005
 3.274187e+002  7.729589e-005
 3.280375e+002  7.065609e-005
 3.286562e+002  6.777796e-005
 3.292750e+002  6.754093e-005
 3.298937e+002  6.654518e-005
 3.305125e+002  6.644427e-005
 3.311312e+002  7.282369e-005
 3.317500e+002  7.628006e-005
 3.323687e+002  7.527891e-005
 3.329875e+002  7.387362e-005
 3.336062e+002  6.817850e-005
 3.342250e+002  6.934764e-005
 3.348437e+002  7.322746e-005
 3.354625e+002  6.789553e-005
 3.360812e+002  7.159839e-005
 3.367000e+002  6.640259e-005
 3.373187e+002  6.522403e-005
 3.379375e+002  7.082842e-005
 3.385562e+002  6.970446e-005
 3.391750e+002  6.159321e-005
 3.397937e+002  6.471473e-005
 3.404125e+002  7.788091e-005
 3.410312e+002  7.616008e-005
 3.416500e+002  6.627649e-005
 3.422687e+002  6.579003e-005
 3.428875e+002  6.601700e-005
 3.435062e+002  6.605018e-005
 3.441250e+002  7.305374e-005
 3.447437e+002  7.617326e-005
 3.453625e+002  6.699482e-005
 3.459812e+002  6.563471e-005
 3.466000e+002  7.006677e-005
 3.472187e+002  6.262074e-005
 3.478375e+002  6.427136e-005
 3.484562e+002  6.981961e-005
 3.490750e+002  7.825979e-005
 3.496937e+002  1.030652e-004
 3.503125e+002  9.285840e-005
 3.509312e+002  8.060642e-005
 3.515500e+002  7.491822e-005
 3.521687e+002  7.032390e-005
 3.527875e+002  7.747633e-005
 3.534062e+002  7.883356e-005
 3.540250e+002  7.573695e-005
 3.546437e+002  7.356469e-005
 3.552625e+002  6.405316e-005
 3.558812e+002  6.508186e-005
 3.565000e+002  6.459226e-005
 3.571187e+002  5.828128e-005
 3.577375e+002  6.402410e-005
 3.583562e+002  6.793399e-005
 3.589750e+002  6.369504e-005
 3.595937e+002  7.242228e-005
 3.602125e+002  7.444204e-005
 3.608312e+002  7.286418e-005
 3.614500e+002  7.815637e-005
 3.620687e+002  6.984600e-005
 3.626875e+002  6.828840e-005
 3.633062e+002  7.007250e-005
 3.639250e+002  6.264993e-005
 3.645437e+002  6.753398e-005
 3.651625e+002  7.050804e-005
 3.657812e+002  6.705741e-005
 3.664000e+002  6.549199e-005
 3.670187e+002  6.845714e-005
 3.676375e+002  7.429492e-005
 3.682562e+002  7.072403e-005
 3.688750e+002  6.700394e-005
 3.694937e+002  6.239295e-005
 3.701125e+002  7.298696e-005
 3.707312e+002  7.142924e-005
 3.713500e+002  6.903424e-005
 3.719687e+002  7.337631e-005
 3.725875e+002  7.626677e-005
 3.732062e+002  6.679828e-005
 3.738250e+002  7.243174e-005
 3.744437e+002  7.223833e-005
 3.750625e+002  6.523818e-005
 3.756812e+002  6.659727e-005
 3.763000e+002  7.067639e-005
 3.769187e+002  6.696528e-005
 3.775375e+002  6.587167e-005
 3.781562e+002  6.374810e-005
 3.787750e+002  6.505527e-005
 3.793937e+002  6.686046e-005
 3.800125e+002  6.639647e-005
 3.806312e+002  6.980687e-005
 3.812500e+002  6.536734e-005
 3.818687e+002  6.606070e-005
 3.824875e+002  6.504882e-005
 3.831062e+002  6.706224e-005
 3.837250e+002  7.234237e-005
 3.843437e+002  6.667129e-005
 3.849625e+002  6.485924e-005
 3.855812e+002  6.270098e-005
 3.862000e+002  6.992565e-005
 3.868187e+002  6.578496e-005
 3.874375e+002  6.992323e-005
 3.880562e+002  7.105531e-005
 3.886750e+002  6.781844e-005
 3.892937e+002  6.818888e-005
 3.899125e+002  6.713022e-005
 3.905312e+002  6.894509e-005
 3.911500e+002  6.731579e-005
 3.917687e+002  6.512610e-005
 3.923875e+002  6.699011e-005
 3.930062e+002  6.619909e-005
 3.936250e+002  6.615770e-005
 3.942437e+002  6.894804e-005
 3.948625e+002  6.763544e-005
 3.954812e+002  6.748713e-005
 3.961000e+002  7.152148e-005
 3.967187e+002  7.581778e-005
 3.973375e+002  6.646283e-005
 3.979562e+002  6.164150e-005
 3.985750e+002  6.347754e-005
 3.991937e+002  6.789933e-005
 3.998125e+002  7.448463e-005
 4.004312e+002  7.020223e-005
 4.010500e+002  6.778601e-005
 4.016687e+002  6.765573e-005
 4.022875e+002  7.003119e-005
 4.029062e+002  6.777960e-005
 4.035250e+002  6.216032e-005
 4.041437e+002  6.675282e-005
 4.047625e+002  6.975195e-005
 4.053812e+002  6.861206e-005
 4.060000e+002  6.903604e-005
 4.066187e+002  6.191503e-005
 4.072375e+002  6.741211e-005
 4.078562e+002  6.997058e-005
 4.084750e+002  6.944324e-005
 4.090937e+002  7.249254e-005
 4.097125e+002  6.768193e-005
 4.103312e+002  6.959786e-005
 4.109500e+002  6.464913e-005
 4.115687e+002  6.702341e-005
 4.121875e+002  6.809068e-005
 4.128062e+002  6.684838e-005
 4.134250e+002  6.717022e-005
 4.140437e+002  7.326762e-005
 4.146625e+002  6.705147e-005
 4.152812e+002  6.751845e-005
 4.159000e+002  7.361979e-005
 4.165187e+002  6.693129e-005
 4.171375e+002  5.627779e-005
 4.177562e+002  6.368581e-005
 4.183750e+002  6.836401e-005
 4.189937e+002  6.529349e-005
 4.196125e+002  6.585585e-005
 4.202312e+002  7.694134e-005
 4.208500e+002  7.479985e-005
 4.214687e+002  7.270673e-005
 4.220875e+002  7.359842e-005
 4.227062e+002  7.362495e-005
 4.233250e+002  7.064628e-005
 4.239437e+002  6.630556e-005
 4.245625e+002  6.892106e-005
 4.251812e+002  6.969250e-005
 4.258000e+002  6.665853e-005
 4.264187e+002  6.550685e-005
 4.270375e+002  6.307764e-005
 4.276562e+002  7.458692e-005
 4.282750e+002  6.947326e-005
 4.288937e+002  6.805954e-005
 4.295125e+002  7.103676e-005
 4.301312e+002  7.178043e-005
 4.307500e+002  6.794294e-005
 4.313687e+002  6.675049e-005
 4.319875e+002  6.822059e-005
 4.326062e+002  7.525970e-005
 4.332250e+002  6.804409e-005
 4.338437e+002  6.726649e-005
 4.344625e+002  7.174886e-005
 4.350812e+002  6.582537e-005
 4.357000e+002  6.070493e-005
 4.363187e+002  6.802880e-005
 4.369375e+002  6.726294e-005
 4.375562e+002  6.500381e-005
 4.381750e+002  6.628970e-005
 4.387937e+002  6.831131e-005
 4.394125e+002  7.501658e-005
 4.400312e+002  6.880491e-005
 4.406500e+002  6.822430e-005
 4.412687e+002  7.373435e-005
 4.418875e+002  6.844733e-005
 4.425062e+002  6.895553e-005
 4.431250e+002  7.386501e-005
 4.437437e+002  7.054708e-005
 4.443625e+002  6.899972e-005
 4.449812e+002  6.718601e-005
 4.456000e+002  7.122844e-005
 4.462187e+002  7.374352e-005
 4.468375e+002  7.165991e-005
 4.474562e+002  6.482887e-005
 4.480750e+002  6.608269e-005
 4.486937e+002  6.739987e-005
 4.493125e+002  6.696782e-005
 4.499312e+002  6.758401e-005
 4.505500e+002  6.970973e-005
 4.511687e+002  6.900356e-005
 4.517875e+002  6.578508e-005
 4.524062e+002  6.206400e-005
 4.530250e+002  5.907784e-005
 4.536437e+002  6.879656e-005
 4.542625e+002  6.973107e-005
 4.548812e+002  6.944009e-005
 4.555000e+002  7.056082e-005
 4.561187e+002  7.198053e-005
 4.567375e+002  5.930140e-005
 4.573562e+002  6.450183e-005
 4.579750e+002  7.587140e-005
 4.585937e+002  6.415031e-005
 4.592125e+002  6.747551e-005
 4.598312e+002  6.615153e-005
 4.604500e+002  6.091288e-005
 4.610687e+002  6.406286e-005
 4.616875e+002  6.857701e-005
 4.623062e+002  7.274717e-005
 4.629250e+002  6.917640e-005
 4.635437e+002  6.616683e-005
 4.641625e+002  7.330105e-005
 4.647812e+002  6.663254e-005
 4.654000e+002  6.704096e-005
 4.660187e+002  6.640257e-005
 4.666375e+002  6.613906e-005
 4.672562e+002  6.977995e-005
 4.678750e+002  7.542919e-005
 4.684937e+002  6.937461e-005
 4.691125e+002  7.559918e-005
 4.697312e+002  7.015548e-005
 4.703500e+002  7.180108e-005
 4.709687e+002  7.276609e-005
 4.715875e+002  7.457433e-005
 4.722062e+002  6.929351e-005
 4.728250e+002  6.336958e-005
 4.734437e+002  6.542899e-005
 4.740625e+002  6.312242e-005
 4.746812e+002  6.122060e-005
 4.753000e+002  6.101483e-005
 4.759187e+002  6.572685e-005
 4.765375e+002  6.962994e-005
 4.771562e+002  6.510313e-005
 4.777750e+002  6.462813e-005
 4.783937e+002  6.362955e-005
 4.790125e+002  6.340495e-005
 4.796312e+002  6.944290e-005
 4.802500e+002  7.188825e-005
 4.808687e+002  6.608222e-005
 4.814875e+002  7.552042e-005
 4.821062e+002  7.748368e-005
 4.827250e+002  7.068737e-005
 4.833437e+002  6.777949e-005
 4.839625e+002  6.996286e-005
 4.845812e+002  6.941745e-005
 4.852000e+002  7.790124e-005
 4.858187e+002  7.696349e-005
 4.864375e+002  7.725322e-005
 4.870562e+002  6.833490e-005
 4.876750e+002  6.491176e-005
 4.882937e+002  7.015344e-005
 4.889125e+002  7.227479e-005
 4.895312e+002  7.151587e-005
 4.901500e+002  6.567896e-005
 4.907687e+002  6.890184e-005
 4.913875e+002  6.345852e-005
 4.920062e+002  5.998282e-005
 4.926250e+002  6.178183e-005
 4.932437e+002  6.457000e-005
 4.938625e+002  7.509431e-005
 4.944812e+002  7.165892e-005
 4.951000e+002  6.875309e-005
 4.957187e+002  6.829044e-005
 4.963375e+002  6.751285e-005
 4.969562e+002  6.466946e-005
 4.975750e+002  6.927770e-005
 4.981937e+002  6.824946e-005
 4.988125e+002  6.548170e-005
 4.994312e+002  7.694182e-005
 5.000500e+002  7.525098e-005
 5.006687e+002  7.399187e-005
 5.012875e+002  7.597035e-005
 5.019062e+002  7.329225e-005
 5.025250e+002  7.043303e-005
 5.031437e+002  6.788378e-005
 5.037625e+002  6.601235e-005
 5.043812e+002  6.580268e-005
 5.050000e+002  6.668927e-005
 5.056187e+002  7.291363e-005
 5.062375e+002  7.629552e-005
 5.068562e+002  8.030020e-005
 5.074750e+002  7.417081e-005
 5.080937e+002  7.163437e-005
 5.087125e+002  6.781522e-005
 5.093312e+002  6.727308e-005
 5.099500e+002  6.404726e-005
 5.105687e+002  6.681204e-005
 5.111875e+002  6.660901e-005
 5.118062e+002  6.272446e-005
 5.124250e+002  6.316817e-005
 5.130437e+002  7.226648e-005
 5.136625e+002  7.166592e-005
 5.142812e+002  6.680829e-005
 5.149000e+002  6.861379e-005
 5.155187e+002  6.768447e-005
 5.161375e+002  6.357284e-005
 5.167562e+002  6.405341e-005
 5.173750e+002  6.900330e-005
 5.179937e+002  6.768858e-005
 5.186125e+002  7.029245e-005
 5.192312e+002  6.658357e-005
 5.198500e+002  7.371262e-005
 5.204687e+002  7.748269e-005
 5.210875e+002  7.030271e-005
 5.217062e+002  6.862495e-005
 5.223250e+002  7.815150e-005
 5.229437e+002  7.109377e-005
 5.235625e+002  6.833342e-005
 5.241812e+002  6.907312e-005
 5.248000e+002  7.286527e-005
 5.254187e+002  7.652330e-005
 5.260375e+002  8.021136e-005
 5.266562e+002  7.519717e-005
 5.272750e+002  6.389883e-005
 5.278937e+002  6.475124e-005
 5.285125e+002  7.533718e-005
 5.291312e+002  7.309531e-005
 5.297500e+002  6.826736e-005
 5.303687e+002  6.719365e-005
 5.309875e+002  7.267117e-005
 5.316062e+002  7.279728e-005
 5.322250e+002  7.359654e-005
 5.328437e+002  6.975196e-005
 5.334625e+002  7.471333e-005
 5.340812e+002  7.466087e-005
 5.347000e+002  7.043278e-005
 5.353187e+002  7.021808e-005
 5.359375e+002  7.175489e-005
 5.365562e+002  6.974902e-005
 5.371750e+002  7.197563e-005
 5.377937e+002  6.925428e-005
 5.384125e+002  6.801582e-005
 5.390312e+002  6.962424e-005
 5.396500e+002  6.742602e-005
 5.402687e+002  7.156724e-005
 5.408875e+002  7.239852e-005
 5.415062e+002  6.861362e-005
 5.421250e+002  7.364166e-005
 5.427437e+002  7.022797e-005
 5.433625e+002  6.007303e-005
 5.439812e+002  7.373157e-005
 5.446000e+002  7.963801e-005
 5.452187e+002  7.834559e-005
 5.458375e+002  7.640633e-005
 5.464562e+002  7.243060e-005
 5.470750e+002  6.649445e-005
 5.476937e+002  6.641527e-005
 5.483125e+002  6.699176e-005
 5.489312e+002  6.944607e-005
 5.495500e+002  6.887458e-005
 5.501687e+002  7.095649e-005
 5.507875e+002  7.045595e-005
 5.514062e+002  6.852873e-005
 5.520250e+002  6.747872e-005
 5.526437e+002  6.774711e-005
 5.532625e+002  6.447774e-005
 5.538812e+002  6.316191e-005
 5.545000e+002  6.497988e-005
 5.551187e+002  6.396706e-005
 5.557375e+002  6.208074e-005
 5.563562e+002  6.597448e-005
 5.569750e+002  6.615920e-005
 5.575937e+002  6.356659e-005
 5.582125e+002  6.720472e-005
 5.588312e+002  6.727975e-005
 5.594500e+002  6.889649e-005
 5.600687e+002  6.713459e-005
 5.606875e+002  6.719044e-005
 5.613062e+002  6.813676e-005
 5.619250e+002  6.626023e-005
 5.625437e+002  6.779289e-005
 5.631625e+002  6.775011e-005
 5.637812e+002  6.613548e-005
 5.644000e+002  6.881295e-005
 5.650187e+002  6.675506e-005
 5.656375e+002  6.997382e-005
 5.662562e+002  7.017075e-005
 5.668750e+002  7.070816e-005
 5.674937e+002  7.172606e-005
 5.681125e+002  6.399920e-005
 5.687312e+002  6.844718e-005
 5.693500e+002  6.829639e-005
 5.699687e+002  6.532956e-005
 5.705875e+002  6.676872e-005
 5.712062e+002  6.088724e-005
 5.718250e+002  5.445317e-005
 5.724437e+002  6.135631e-005
 5.730625e+002  6.120583e-005
 5.736812e+002  6.971670e-005
 5.743000e+002  7.723761e-005
 5.749187e+002  7.556701e-005
 5.755375e+002  6.734809e-005
 5.761562e+002  6.295631e-005
 5.767750e+002  6.490339e-005
 5.773937e+002  6.856844e-005
 5.780125e+002  6.544323e-005
 5.786312e+002  7.310431e-005
 5.792500e+002  7.002015e-005
 5.798687e+002  7.151150e-005
 5.804875e+002  7.565439e-005
 5.811062e+002  7.393662e-005
 5.817250e+002  6.882914e-005
 5.823437e+002  6.713549e-005
 5.829625e+002  6.912597e-005
 5.835812e+002  6.303330e-005
 5.842000e+002  6.816863e-005
 5.848187e+002  6.930105e-005
 5.854375e+002  6.433716e-005
 5.860562e+002  6.603890e-005
 5.866750e+002  6.482056e-005
 5.872937e+002  6.530100e-005
 5.879125e+002  7.147080e-005
 5.885312e+002  6.946332e-005
 5.891500e+002  7.057845e-005
 5.897687e+002  7.352303e-005
 5.903875e+002  7.618495e-005
 5.910062e+002  7.187076e-005
 5.916250e+002  7.137445e-005
 5.922437e+002  6.023896e-005
 5.928625e+002  6.665374e-005
 5.934812e+002  7.610375e-005
 5.941000e+002  7.123255e-005
 5.947187e+002  6.662353e-005
 5.953375e+002  7.118604e-005
 5.959562e+002  6.463277e-005
 5.965750e+002  6.976759e-005
 5.971937e+002  7.829623e-005
 5.978125e+002  6.770192e-005
 5.984312e+002  6.841596e-005
 5.990500e+002  7.440978e-005
 5.996687e+002  6.996288e-005
 6.002875e+002  6.512363e-005
 6.009062e+002  6.899026e-005
 6.015250e+002  7.051671e-005
 6.021437e+002  7.180719e-005
 6.027625e+002  7.029108e-005
 6.033812e+002  6.922181e-005
 6.040000e+002  7.153082e-005
 6.046187e+002  6.961061e-005
 6.052375e+002  6.699575e-005
 6.058562e+002  7.079773e-005
 6.064750e+002  6.752816e-005
 6.070937e+002  7.186728e-005
 6.077125e+002  7.134284e-005
 6.083312e+002  6.970463e-005
 6.089500e+002  6.697061e-005
 6.095687e+002  6.634281e-005
 6.101875e+002  6.739632e-005
 6.108062e+002  7.133272e-005
 6.114250e+002  7.124311e-005
 6.120437e+002  7.172544e-005
 6.126625e+002  6.495634e-005
 6.132812e+002  6.523054e-005
 6.139000e+002  6.518159e-005
 6.145187e+002  7.195498e-005
 6.151375e+002  7.124530e-005
 6.157562e+002  6.780849e-005
 6.163750e+002  7.117555e-005
 6.169937e+002  6.801415e-005
 6.176125e+002  6.768418e-005
 6.182312e+002  6.246275e-005
 6.188500e+002  7.557767e-005
 6.194687e+002  7.546865e-005
 6.200875e+002  6.770729e-005
 6.207062e+002  6.525047e-005
 6.213250e+002  7.204637e-005
 6.219437e+002  7.359971e-005
 6.225625e+002  6.257118e-005
 6.231812e+002  6.390747e-005
 6.238000e+002  6.173942e-005
 6.244187e+002  6.695969e-005
 6.250375e+002  6.846301e-005
 6.256562e+002  6.351073e-005
 6.262750e+002  6.354997e-005
 6.268937e+002  7.940166e-005
 6.275125e+002  7.554626e-005
 6.281312e+002  6.441346e-005
 6.287500e+002  6.609649e-005
 6.293687e+002  6.733911e-005
 6.299875e+002  7.188006e-005
 6.306062e+002  7.035750e-005
 6.312250e+002  6.421892e-005
 6.318437e+002  6.412473e-005
 6.324625e+002  6.387716e-005
 6.330812e+002  6.481954e-005
 6.337000e+002  7.100430e-005
 6.343187e+002  7.101152e-005
 6.349375e+002  6.840797e-005
 6.355562e+002  7.201822e-005
 6.361750e+002  7.283466e-005
 6.367937e+002  6.403773e-005
 6.374125e+002  6.265947e-005
 6.380312e+002  6.412738e-005
 6.386500e+002  6.638431e-005
 6.392687e+002  7.498170e-005
 6.398875e+002  7.282481e-005
 6.405062e+002  5.711905e-005
 6.411250e+002  5.847091e-005
 6.417437e+002  7.294919e-005
 6.423625e+002  7.514677e-005
 6.429812e+002  6.461308e-005
 6.436000e+002  5.827990e-005
 6.442187e+002  5.938139e-005
 6.448375e+002  5.991643e-005
 6.454562e+002  6.364838e-005
 6.460750e+002  7.041106e-005
 6.466937e+002  6.949831e-005
 6.473125e+002  6.745601e-005
 6.479312e+002  6.559291e-005
 6.485500e+002  6.697567e-005
 6.491687e+002  7.430369e-005
 6.497875e+002  8.246692e-005
 6.504062e+002  6.956812e-005
 6.510250e+002  7.330799e-005
 6.516437e+002  6.989879e-005
 6.522625e+002  7.200670e-005
 6.528812e+002  6.679531e-005
 6.535000e+002  7.178851e-005
 6.541187e+002  7.232587e-005
 6.547375e+002  6.923529e-005
 6.553562e+002  6.849494e-005
 6.559750e+002  6.501819e-005
 6.565937e+002  7.175130e-005
 6.572125e+002  7.220758e-005
 6.578312e+002  7.025152e-005
 6.584500e+002  7.035413e-005
 6.590687e+002  7.263841e-005
 6.596875e+002  6.103186e-005
 6.603062e+002  6.207630e-005
 6.609250e+002  6.733866e-005
 6.615437e+002  6.992910e-005
 6.621625e+002  7.065037e-005
 6.627812e+002  6.962871e-005
 6.634000e+002  6.721549e-005
 6.640187e+002  6.458596e-005
 6.646375e+002  6.492961e-005
 6.652562e+002  6.664794e-005
 6.658750e+002  6.371063e-005
 6.664937e+002  6.729110e-005
 6.671125e+002  6.768498e-005
 6.677312e+002  7.170014e-005
 6.683500e+002  6.972406e-005
 6.689687e+002  6.744214e-005
 6.695875e+002  6.577388e-005
 6.702062e+002  6.516489e-005
 6.708250e+002  6.465747e-005
 6.714437e+002  6.627433e-005
 6.720625e+002  6.641154e-005
 6.726812e+002  6.455064e-005
 6.733000e+002  7.029113e-005
 6.739187e+002  6.903761e-005
 6.745375e+002  6.554807e-005
 6.751562e+002  6.635131e-005
 6.757750e+002  6.156293e-005
 6.763937e+002  6.619128e-005
 6.770125e+002  6.884545e-005
 6.776312e+002  6.894981e-005
 6.782500e+002  6.373617e-005
 6.788687e+002  7.285871e-005
 6.794875e+002  7.230836e-005
 6.801062e+002  6.690614e-005
 6.807250e+002  7.097799e-005
 6.813437e+002  7.678577e-005
 6.819625e+002  7.369738e-005
 6.825812e+002  6.934202e-005
 6.832000e+002  6.606154e-005
 6.838187e+002  7.054735e-005
 6.844375e+002  7.497686e-005
 6.850562e+002  7.326162e-005
 6.856750e+002  6.861074e-005
 6.862937e+002  6.477071e-005
 6.869125e+002  6.864794e-005
 6.875312e+002  7.105715e-005
 6.881500e+002  7.133029e-005
 6.887687e+002  7.102365e-005
 6.893875e+002  7.306732e-005
 6.900062e+002  7.563834e-005
 6.906250e+002  6.871326e-005
 6.912437e+002  7.664800e-005
 6.918625e+002  7.492907e-005
 6.924812e+002  7.125391e-005
 6.931000e+002  7.813573e-005
 6.937187e+002  7.074607e-005
 6.943375e+002  6.480511e-005
 6.949562e+002  7.239706e-005
 6.955750e+002  7.255622e-005
 6.961937e+002  7.117964e-005
 6.968125e+002  6.731698e-005
 6.974312e+002  6.769227e-005
 6.980500e+002  7.055636e-005
 6.986687e+002  6.406409e-005
 6.992875e+002  6.733916e-005
 6.999062e+002  7.355688e-005
 7.005250e+002  7.118392e-005
 7.011437e+002  6.875937e-005
 7.017625e+002  7.006025e-005
 7.023812e+002  7.270259e-005
 7.030000e+002  7.076079e-005
 7.036187e+002  6.814295e-005
 7.042375e+002  6.544260e-005
 7.048562e+002  6.654659e-005
 7.054750e+002  7.362201e-005
 7.060937e+002  6.945406e-005
 7.067125e+002  6.333234e-005
 7.073312e+002  6.372071e-005
 7.079500e+002  5.954913e-005
 7.085687e+002  6.529960e-005
 7.091875e+002  7.035526e-005
 7.098062e+002  6.861497e-005
 7.104250e+002  7.635884e-005
 7.110437e+002  7.517459e-005
 7.116625e+002  7.332990e-005
 7.122812e+002  7.641539e-005
 7.129000e+002  6.505995e-005
 7.135187e+002  5.774620e-005
 7.141375e+002  5.924592e-005
 7.147562e+002  6.804839e-005
 7.153750e+002  7.066689e-005
 7.159937e+002  6.875840e-005
 7.166125e+002  7.607455e-005
 7.172312e+002  7.672475e-005
 7.178500e+002  7.216934e-005
 7.184687e+002  6.932578e-005
 7.190875e+002  6.591282e-005
 7.197062e+002  7.604180e-005
 7.203250e+002  7.569362e-005
 7.209437e+002  6.695491e-005
 7.215625e+002  6.370749e-005
 7.221812e+002  6.587192e-005
 7.228000e+002  6.245078e-005
 7.234187e+002  7.030087e-005
 7.240375e+002  7.800788e-005
 7.246562e+002  8.092507e-005
 7.252750e+002  7.044211e-005
 7.258937e+002  6.553464e-005
 7.265125e+002  7.088170e-005
 7.271312e+002  7.465364e-005
 7.277500e+002  7.442162e-005
 7.283687e+002  6.981581e-005
 7.289875e+002  7.152532e-005
 7.296062e+002  7.027509e-005
 7.302250e+002  7.262965e-005
 7.308437e+002  7.453861e-005
 7.314625e+002  6.492356e-005
 7.320812e+002  6.874510e-005
 7.327000e+002  7.119286e-005
 7.333187e+002  6.619528e-005
 7.339375e+002  6.971521e-005
 7.345562e+002  7.446659e-005
 7.351750e+002  6.899144e-005
 7.357937e+002  6.647806e-005
 7.364125e+002  7.297898e-005
 7.370312e+002  7.232019e-005
 7.376500e+002  7.709809e-005
 7.382687e+002  7.257783e-005
 7.388875e+002  7.021321e-005
 7.395062e+002  6.884851e-005
 7.401250e+002  6.984652e-005
 7.407437e+002  6.396908e-005
 7.413625e+002  6.986045e-005
 7.419812e+002  7.154723e-005
 7.426000e+002  6.877920e-005
 7.432187e+002  6.970388e-005
 7.438375e+002  7.135315e-005
 7.444562e+002  7.484106e-005
 7.450750e+002  7.085456e-005
 7.456937e+002  6.491482e-005
 7.463125e+002  6.908708e-005
 7.469312e+002  6.809960e-005
 7.475500e+002  6.786944e-005
 7.481687e+002  6.814814e-005
 7.487875e+002  6.936823e-005
 7.494062e+002  9.479551e-005
 7.500250e+002  9.679956e-005
 7.506437e+002  7.477573e-005
 7.512625e+002  7.445268e-005
 7.518812e+002  7.184844e-005
 7.525000e+002  6.925444e-005
 7.531187e+002  6.849784e-005
 7.537375e+002  6.988525e-005
 7.543562e+002  6.637771e-005
 7.549750e+002  6.408964e-005
 7.555937e+002  6.997334e-005
 7.562125e+002  7.225021e-005
 7.568312e+002  7.210350e-005
 7.574500e+002  6.414364e-005
 7.580687e+002  6.664301e-005
 7.586875e+002  6.543817e-005
 7.593062e+002  6.500539e-005
 7.599250e+002  6.654460e-005
 7.605437e+002  6.286705e-005
 7.611625e+002  6.621923e-005
 7.617812e+002  7.276845e-005
 7.624000e+002  6.942952e-005
 7.630187e+002  6.653721e-005
 7.636375e+002  6.723376e-005
 7.642562e+002  6.709780e-005
 7.648750e+002  6.582030e-005
 7.654937e+002  7.096216e-005
 7.661125e+002  7.086951e-005
 7.667312e+002  6.356797e-005
 7.673500e+002  6.133620e-005
 7.679687e+002  6.802681e-005
 7.685875e+002  7.636693e-005
 7.692062e+002  7.557789e-005
 7.698250e+002  6.589977e-005
 7.704437e+002  6.750253e-005
 7.710625e+002  6.795119e-005
 7.716812e+002  6.879895e-005
 7.723000e+002  7.330451e-005
 7.729187e+002  7.300639e-005
 7.735375e+002  6.837594e-005
 7.741562e+002  6.787002e-005
 7.747750e+002  6.869015e-005
 7.753937e+002  6.601724e-005
 7.760125e+002  7.131334e-005
 7.766312e+002  6.613345e-005
 7.772500e+002  6.894802e-005
 7.778687e+002  6.735070e-005
 7.784875e+002  6.141168e-005
 7.791062e+002  5.823800e-005
 7.797250e+002  6.046824e-005
 7.803437e+002  6.652582e-005
 7.809625e+002  6.765664e-005
 7.815812e+002  6.464995e-005
 7.822000e+002  6.598354e-005
 7.828187e+002  6.136613e-005
 7.834375e+002  6.938105e-005
 7.840562e+002  6.946095e-005
 7.846750e+002  7.155690e-005
 7.852937e+002  7.281753e-005
 7.859125e+002  7.140322e-005
 7.865312e+002  6.565703e-005
 7.871500e+002  7.000181e-005
 7.877687e+002  6.632350e-005
 7.883875e+002  5.842456e-005
 7.890062e+002  6.524974e-005
 7.896250e+002  6.711301e-005
 7.902437e+002  6.965524e-005
 7.908625e+002  7.205879e-005
 7.914812e+002  7.590447e-005
 7.921000e+002  7.361177e-005
 7.927187e+002  6.935253e-005
 7.933375e+002  6.756762e-005
 7.939562e+002  6.963416e-005
 7.945750e+002  7.209765e-005
 7.951937e+002  6.803356e-005
 7.958125e+002  6.120837e-005
 7.964312e+002  6.492548e-005
 7.970500e+002  7.041699e-005
 7.976687e+002  7.358437e-005
 7.982875e+002  6.538668e-005
 7.989062e+002  5.948159e-005
 7.995250e+002  6.406343e-005
 8.001437e+002  6.822113e-005
 8.007625e+002  7.029473e-005
 8.013812e+002  6.740869e-005
 8.020000e+002  7.223472e-005
 8.026187e+002  7.496025e-005
 8.032375e+002  7.082083e-005
 8.038562e+002  6.400318e-005
 8.044750e+002  6.520340e-005
 8.050937e+002  6.940763e-005
 8.057125e+002  6.460088e-005
 8.063312e+002  6.366003e-005
 8.069500e+002  6.486529e-005
 8.075687e+002  6.824266e-005
 8.081875e+002  7.211738e-005
 8.088062e+002  6.364806e-005
 8.094250e+002  6.469116e-005
 8.100437e+002  6.412895e-005
 8.106625e+002  6.420215e-005
 8.112812e+002  6.887656e-005
 8.119000e+002  6.995503e-005
 8.125187e+002  7.425896e-005
 8.131375e+002  6.998818e-005
 8.137562e+002  5.922697e-005
 8.143750e+002  6.291613e-005
 8.149937e+002  6.717102e-005
 8.156125e+002  7.104436e-005
 8.162312e+002  6.388177e-005
 8.168500e+002  5.965095e-005
 8.174687e+002  6.166734e-005
 8.180875e+002  6.563574e-005
 8.187062e+002  6.685595e-005
 8.193250e+002  6.818716e-005
 8.199437e+002  7.001401e-005
 8.205625e+002  6.897348e-005
 8.211812e+002  6.825113e-005
 8.218000e+002  6.996401e-005
 8.224187e+002  6.855501e-005
 8.230375e+002  6.682783e-005
 8.236562e+002  6.192148e-005
 8.242750e+002  6.889173e-005
 8.248937e+002  6.941825e-005
 8.255125e+002  7.116046e-005
 8.261312e+002  6.901150e-005
 8.267500e+002  6.848084e-005
 8.273687e+002  7.189210e-005
 8.279875e+002  7.475272e-005
 8.286062e+002  6.965392e-005
 8.292250e+002  6.712033e-005
 8.298437e+002  6.801168e-005
 8.304625e+002  7.145212e-005
 8.310812e+002  6.949684e-005
 8.317000e+002  6.776959e-005
 8.323187e+002  6.655809e-005
 8.329375e+002  6.472120e-005
 8.335562e+002  6.709378e-005
 8.341750e+002  6.710650e-005
 8.347937e+002  6.109396e-005
 8.354125e+002  6.968871e-005
 8.360312e+002  7.081549e-005
 8.366500e+002  6.268071e-005
 8.372687e+002  6.489153e-005
 8.378875e+002  7.172323e-005
 8.385062e+002  7.167975e-005
 8.391250e+002  6.115516e-005
 8.397437e+002  6.248683e-005
 8.403625e+002  7.727275e-005
 8.409812e+002  7.835137e-005
 8.416000e+002  7.324155e-005
 8.422187e+002  7.122170e-005
 8.428375e+002  7.219656e-005
 8.434562e+002  6.824934e-005
 8.440750e+002  6.764544e-005
 8.446937e+002  6.222026e-005
 8.453125e+002  6.221588e-005
 8.459312e+002  6.225068e-005
 8.465500e+002  6.392378e-005
 8.471687e+002  7.513035e-005
 8.477875e+002  7.379415e-005
 8.484062e+002  6.826365e-005
 8.490250e+002  7.406324e-005
 8.496437e+002  1.046388e-004
 8.502625e+002  8.758165e-005
 8.508812e+002  7.163747e-005
 8.515000e+002  6.540039e-005
 8.521187e+002  6.518774e-005
 8.527375e+002  6.990722e-005
 8.533562e+002  6.749191e-005
 8.539750e+002  7.242983e-005
 8.545937e+002  7.180966e-005
 8.552125e+002  7.172646e-005
 8.558312e+002  7.237080e-005
 8.564500e+002  7.270210e-005
 8.570687e+002  7.475559e-005
 8.576875e+002  7.673961e-005
 8.583062e+002  7.439628e-005
 8.589250e+002  6.740606e-005
 8.595437e+002  6.471289e-005
 8.601625e+002  6.656129e-005
 8.607812e+002  6.840791e-005
 8.614000e+002  6.311989e-005
 8.620187e+002  6.212914e-005
 8.626375e+002  7.012609e-005
 8.632562e+002  6.549973e-005
 8.638750e+002  6.950183e-005
 8.644937e+002  7.072349e-005
 8.651125e+002  7.299597e-005
 8.657312e+002  7.983532e-005
 8.663500e+002  7.935708e-005
 8.669687e+002  6.984279e-005
 8.675875e+002  6.645159e-005
 8.682062e+002  6.690008e-005
 8.688250e+002  5.729491e-005
 8.694437e+002  6.372163e-005
 8.700625e+002  6.897243e-005
 8.706812e+002  7.262431e-005
 8.713000e+002  6.943078e-005
 8.719187e+002  6.819852e-005
 8.725375e+002  7.328403e-005
 8.731562e+002  6.905428e-005
 8.737750e+002  6.477521e-005
 8.743937e+002  6.036341e-005
 8.750125e+002  6.973479e-005
 8.756312e+002  6.647448e-005
 8.762500e+002  5.904297e-005
 8.768687e+002  6.197102e-005
 8.774875e+002  6.571252e-005
 8.781062e+002  7.083557e-005
 8.787250e+002  7.312641e-005
 8.793437e+002  6.435427e-005
 8.799625e+002  6.352605e-005
 8.805812e+002  6.654577e-005
 8.812000e+002  6.664825e-005
 8.818187e+002  6.685850e-005
 8.824375e+002  6.550155e-005
 8.830562e+002  6.898276e-005
 8.836750e+002  6.888515e-005
 8.842937e+002  6.749657e-005
 8.849125e+002  6.680246e-005
 8.855312e+002  7.059014e-005
 8.861500e+002  7.317182e-005
 8.867687e+002  7.060419e-005
 8.873875e+002  6.944998e-005
 8.880062e+002  6.844283e-005
 8.886250e+002  7.326945e-005
 8.892437e+002  7.120475e-005
 8.898625e+002  6.476876e-005
 8.904812e+002  6.403813e-005
 8.911000e+002  6.887181e-005
 8.917187e+002  6.547103e-005
 8.923375e+002  6.518573e-005
 8.929562e+002  6.374249e-005
 8.935750e+002  5.609634e-005
 8.941937e+002  6.453560e-005
 8.948125e+002  6.410656e-005
 8.954312e+002  6.274878e-005
 8.960500e+002  6.006561e-005
 8.966687e+002  6.375199e-005
 8.972875e+002  6.558605e-005
 8.979062e+002  6.579952e-005
 8.985250e+002  6.932921e-005
 8.991437e+002  7.372296e-005
 8.997625e+002  7.053216e-005
 9.003812e+002  6.458938e-005
 9.010000e+002  6.831285e-005
 9.016187e+002  7.639063e-005
 9.022375e+002  6.997983e-005
 9.028562e+002  6.493334e-005
 9.034750e+002  6.457946e-005
 9.040937e+002  6.543547e-005
 9.047125e+002  7.338434e-005
 9.053312e+002  6.922060e-005
 9.059500e+002  6.200050e-005
 9.065687e+002  6.271112e-005
 9.071875e+002  6.843265e-005
 9.078062e+002  7.141172e-005
 9.084250e+002  6.909272e-005
 9.090437e+002  6.261939e-005
 9.096625e+002  7.002039e-005
 9.102812e+002  7.353570e-005
 9.109000e+002  6.843317e-005
 9.115187e+002  6.784335e-005
 9.121375e+002  6.841858e-005
 9.127562e+002  6.499550e-005
 9.133750e+002  6.532773e-005
 9.139937e+002  6.402026e-005
 9.146125e+002  6.496755e-005
 9.152312e+002  6.320879e-005
 9.158500e+002  6.148147e-005
 9.164687e+002  7.142671e-005
 9.170875e+002  6.791995e-005
 9.177062e+002  6.395673e-005
 9.183250e+002  6.906362e-005
 9.189437e+002  7.064740e-005
 9.195625e+002  7.372009e-005
 9.201812e+002  7.300246e-005
 9.208000e+002  6.600048e-005
 9.214187e+002  7.252666e-005
 9.220375e+002  6.913979e-005
 9.226562e+002  5.996961e-005
 9.232750e+002  6.678555e-005
 9.238937e+002  6.957182e-005
 9.245125e+002  6.921420e-005
 9.251312e+002  6.942469e-005
 9.257500e+002  6.386406e-005
 9.263687e+002  6.366882e-005
 9.269875e+002  7.041753e-005
 9.276062e+002  6.434305e-005
 9.282250e+002  6.499780e-005
 9.288437e+002  8.132779e-005
 9.294625e+002  7.960350e-005
 9.300812e+002  6.772742e-005
 9.307000e+002  6.448707e-005
 9.313187e+002  7.256410e-005
 9.319375e+002  7.312137e-005
 9.325562e+002  6.790178e-005
 9.331750e+002  7.090402e-005
 9.337937e+002  7.038319e-005
 9.344125e+002  6.946137e-005
 9.350312e+002  7.152381e-005
 9.356500e+002  7.274735e-005
 9.362687e+002  6.250695e-005
 9.368875e+002  6.131379e-005
 9.375062e+002  6.361469e-005
 9.381250e+002  6.215882e-005
 9.387437e+002  6.581392e-005
 9.393625e+002  6.546798e-005
 9.399812e+002  6.496106e-005
 9.406000e+002  6.055148e-005
 9.412187e+002  6.720616e-005
 9.418375e+002  6.861041e-005
 9.424562e+002  6.673390e-005
 9.430750e+002  6.483254e-005
 9.436937e+002  6.396178e-005
 9.443125e+002  6.687839e-005
 9.449312e+002  7.087209e-005
 9.455500e+002  6.532282e-005
 9.461687e+002  6.669492e-005
 9.467875e+002  6.794223e-005
 9.474062e+002  7.054833e-005
 9.480250e+002  7.002574e-005
 9.486437e+002  7.005706e-005
 9.492625e+002  8.054419e-005
 9.498812e+002  8.430694e-005
 9.505000e+002  7.573284e-005
 9.511187e+002  6.803373e-005
 9.517375e+002  6.797589e-005
 9.523562e+002  7.383264e-005
 9.529750e+002  6.954516e-005
 9.535937e+002  6.639168e-005
 9.542125e+002  7.304003e-005
 9.548312e+002  6.750953e-005
 9.554500e+002  6.740291e-005
 9.560687e+002  6.939975e-005
 9.566875e+002  6.351960e-005
 9.573062e+002  6.489879e-005
 9.579250e+002  6.653507e-005
 9.585437e+002  6.594451e-005
 9.591625e+002  6.094534e-005
 9.597812e+002  6.673401e-005
 9.604000e+002  6.845664e-005
 9.610187e+002  7.157424e-005
 9.616375e+002  6.513931e-005
 9.622562e+002  6.341913e-005
 9.628750e+002  6.783834e-005
 9.634937e+002  6.559827e-005
 9.641125e+002  6.540067e-005
 9.647312e+002  6.544310e-005
 9.653500e+002  6.806249e-005
 9.659687e+002  6.565523e-005
 9.665875e+002  6.449700e-005
 9.672062e+002  7.055871e-005
 9.678250e+002  7.164379e-005
 9.684437e+002  6.492592e-005
 9.690625e+002  6.714915e-005
 9.696812e+002  7.048917e-005
 9.703000e+002  7.339786e-005
 9.709187e+002  7.924990e-005
 9.715375e+002  7.325188e-005
 9.721562e+002  7.025998e-005
 9.727750e+002  7.099719e-005
 9.733937e+002  6.827451e-005
 9.740125e+002  6.966231e-005
 9.746312e+002  6.814395e-005
 9.752500e+002  6.570945e-005
 9.758687e+002  6.771903e-005
 9.764875e+002  6.932228e-005
 9.771062e+002  6.751265e-005
 9.777250e+002  6.355125e-005
 9.783437e+002  6.339807e-005
 9.789625e+002  6.327825e-005
 9.795812e+002  6.259774e-005
 9.802000e+002  6.619780e-005
 9.808187e+002  7.053711e-005
 9.814375e+002  7.003552e-005
 9.820562e+002  6.963473e-005
 9.826750e+002  6.965490e-005
 9.832937e+002  7.104278e-005
 9.839125e+002  6.849932e-005
 9.845312e+002  6.063282e-005
 9.851500e+002  5.675269e-005
 9.857687e+002  5.906838e-005
 9.863875e+002  6.549367e-005
 9.870062e+002  6.844351e-005
 9.876250e+002  6.803873e-005
 9.882437e+002  6.628778e-005
 9.888625e+002  6.582283e-005
 9.894812e+002  6.432472e-005
 9.901000e+002  6.450293e-005
 9.907187e+002  6.850487e-005
 9.913375e+002  7.182118e-005
 9.919562e+002  6.927428e-005
 9.925750e+002  6.375524e-005
 9.931937e+002  6.795348e-005
 9.938125e+002  6.837703e-005
 9.944312e+002  7.116615e-005
 9.950500e+002  6.597451e-005
 9.956687e+002  6.918345e-005
 9.962875e+002  7.147964e-005
 9.969062e+002  6.580825e-005
 9.975250e+002  7.203227e-005
 9.981437e+002  6.737084e-005
 9.987625e+002  7.201571e-005
 9.993812e+002  6.899010e-005
 1.000000e+003  6.730895e-005
