 1.000000e+001  2.337764e-004
 1.061875e+001  2.812043e-004
 1.123750e+001  3.064762e-004
 1.185625e+001  2.628294e-004
 1.247500e+001  2.075248e-004
 1.309375e+001  1.566485e-004
 1.371250e+001  1.934658e-004
 1.433125e+001  2.062364e-004
 1.495000e+001  2.077632e-004
 1.556875e+001  2.147143e-004
 1.618750e+001  1.765954e-004
 1.680625e+001  1.989575e-004
 1.742500e+001  2.129373e-004
 1.804375e+001  1.886823e-004
 1.866250e+001  2.042230e-004
 1.928125e+001  2.007124e-004
 1.990000e+001  1.651183e-004
 2.051875e+001  1.474783e-004
 2.113750e+001  1.628155e-004
 2.175625e+001  1.789643e-004
 2.237500e+001  1.824780e-004
 2.299375e+001  1.284557e-004
 2.361250e+001  1.714457e-004
 2.423125e+001  1.906669e-004
 2.485000e+001  1.672415e-004
 2.546875e+001  2.000507e-004
 2.608750e+001  1.930160e-004
 2.670625e+001  1.735024e-004
 2.732500e+001  1.763912e-004
 2.794375e+001  1.490593e-004
 2.856250e+001  1.354565e-004
 2.918125e+001  1.375568e-004
 2.980000e+001  1.135216e-004
 3.041875e+001  1.247364e-004
 3.103750e+001  1.275037e-004
 3.165625e+001  1.285919e-004
 3.227500e+001  1.106569e-004
 3.289375e+001  1.261490e-004
 3.351250e+001  1.263779e-004
 3.413125e+001  1.309252e-004
 3.475000e+001  1.308340e-004
 3.536875e+001  1.340538e-004
 3.598750e+001  1.512648e-004
 3.660625e+001  1.345905e-004
 3.722500e+001  9.648627e-005
 3.784375e+001  9.015393e-005
 3.846250e+001  1.221913e-004
 3.908125e+001  1.619559e-004
 3.970000e+001  1.349732e-004
 4.031875e+001  1.260135e-004
 4.093750e+001  1.363318e-004
 4.155625e+001  1.245777e-004
 4.217500e+001  8.998990e-005
 4.279375e+001  1.714803e-004
 4.341250e+001  1.562327e-004
 4.403125e+001  1.363950e-004
 4.465000e+001  1.206011e-004
 4.526875e+001  1.015942e-004
 4.588750e+001  1.017786e-004
 4.650625e+001  1.205450e-004
 4.712500e+001  1.150507e-004
 4.774375e+001  9.119390e-005
 4.836250e+001  2.156497e-004
 4.898125e+001  9.531318e-004
 4.960000e+001  6.244301e-003
 5.021875e+001  7.180330e-003
 5.083750e+001  1.811164e-003
 5.145625e+001  2.371425e-004
 5.207500e+001  1.160524e-004
 5.269375e+001  1.010136e-004
 5.331250e+001  1.064264e-004
 5.393125e+001  9.386830e-005
 5.455000e+001  9.316832e-005
 5.516875e+001  8.122933e-005
 5.578750e+001  9.207669e-005
 5.640625e+001  6.429617e-005
 5.702500e+001  8.173042e-005
 5.764375e+001  7.140230e-005
 5.826250e+001  8.003309e-005
 5.888125e+001  8.914571e-005
 5.950000e+001  8.828409e-005
 6.011875e+001  1.030844e-004
 6.073750e+001  9.532178e-005
 6.135625e+001  8.545132e-005
 6.197500e+001  8.736949e-005
 6.259375e+001  9.403388e-005
 6.321250e+001  7.063768e-005
 6.383125e+001  8.417304e-005
 6.445000e+001  8.069900e-005
 6.506875e+001  7.701818e-005
 6.568750e+001  8.078191e-005
 6.630625e+001  7.031206e-005
 6.692500e+001  5.482426e-005
 6.754375e+001  7.351940e-005
 6.816250e+001  7.746539e-005
 6.878125e+001  8.560535e-005
 6.940000e+001  7.040071e-005
 7.001875e+001  6.366085e-005
 7.063750e+001  6.585234e-005
 7.125625e+001  7.326609e-005
 7.187500e+001  7.881494e-005
 7.249375e+001  7.758666e-005
 7.311250e+001  5.217015e-005
 7.373125e+001  6.810501e-005
 7.435000e+001  6.811228e-005
 7.496875e+001  7.603935e-005
 7.558750e+001  2.438153e-004
 7.620625e+001  2.482735e-004
 7.682500e+001  7.427035e-005
 7.744375e+001  8.333249e-005
 7.806250e+001  8.969435e-005
 7.868125e+001  8.281995e-005
 7.930000e+001  7.819434e-005
 7.991875e+001  8.323095e-005
 8.053750e+001  6.051160e-005
 8.115625e+001  6.628440e-005
 8.177500e+001  5.800721e-005
 8.239375e+001  6.185034e-005
 8.301250e+001  6.218233e-005
 8.363125e+001  5.659395e-005
 8.425000e+001  6.079439e-005
 8.486875e+001  7.124898e-005
 8.548750e+001  7.533008e-005
 8.610625e+001  6.337338e-005
 8.672500e+001  5.878993e-005
 8.734375e+001  6.633200e-005
 8.796250e+001  6.624654e-005
 8.858125e+001  5.840328e-005
 8.920000e+001  5.877028e-005
 8.981875e+001  5.759118e-005
 9.043750e+001  6.416486e-005
 9.105625e+001  9.580727e-005
 9.167500e+001  1.108485e-004
 9.229375e+001  6.233024e-005
 9.291250e+001  4.759049e-005
 9.353125e+001  5.614389e-005
 9.415000e+001  6.074129e-005
 9.476875e+001  5.434820e-005
 9.538750e+001  4.647652e-005
 9.600625e+001  4.835539e-005
 9.662500e+001  5.091238e-005
 9.724375e+001  4.469386e-005
 9.786250e+001  4.357124e-005
 9.848125e+001  4.236569e-005
 9.910000e+001  9.652878e-005
 9.971875e+001  2.903839e-004
 1.003375e+002  2.485689e-004
 1.009563e+002  7.191523e-005
 1.015750e+002  6.833999e-005
 1.021938e+002  6.402157e-005
 1.028125e+002  5.685130e-005
 1.034313e+002  5.589860e-005
 1.040500e+002  5.414086e-005
 1.046688e+002  5.961630e-005
 1.052875e+002  5.758982e-005
 1.059063e+002  5.515959e-005
 1.065250e+002  4.874745e-005
 1.071438e+002  3.724887e-005
 1.077625e+002  3.874967e-005
 1.083813e+002  4.650021e-005
 1.090000e+002  4.443742e-005
 1.096188e+002  3.661144e-005
 1.102375e+002  4.111489e-005
 1.108563e+002  4.648260e-005
 1.114750e+002  4.755160e-005
 1.120938e+002  4.137050e-005
 1.127125e+002  4.888213e-005
 1.133313e+002  4.451996e-005
 1.139500e+002  5.121271e-005
 1.145688e+002  4.718969e-005
 1.151875e+002  4.037202e-005
 1.158063e+002  4.520326e-005
 1.164250e+002  5.317469e-005
 1.170438e+002  4.357852e-005
 1.176625e+002  4.145377e-005
 1.182813e+002  4.522430e-005
 1.189000e+002  5.612032e-005
 1.195188e+002  5.504624e-005
 1.201375e+002  5.514143e-005
 1.207563e+002  5.213510e-005
 1.213750e+002  4.751016e-005
 1.219938e+002  5.035202e-005
 1.226125e+002  3.665358e-005
 1.232313e+002  3.188638e-005
 1.238500e+002  4.525957e-005
 1.244688e+002  4.843197e-005
 1.250875e+002  3.884792e-005
 1.257063e+002  3.834145e-005
 1.263250e+002  4.182243e-005
 1.269438e+002  4.662370e-005
 1.275625e+002  4.719110e-005
 1.281813e+002  5.434459e-005
 1.288000e+002  4.998349e-005
 1.294188e+002  4.284043e-005
 1.300375e+002  3.546035e-005
 1.306563e+002  3.918764e-005
 1.312750e+002  3.698194e-005
 1.318938e+002  3.521274e-005
 1.325125e+002  4.448147e-005
 1.331313e+002  4.335592e-005
 1.337500e+002  4.093252e-005
 1.343688e+002  3.879589e-005
 1.349875e+002  3.808817e-005
 1.356063e+002  4.505623e-005
 1.362250e+002  4.502880e-005
 1.368438e+002  3.575669e-005
 1.374625e+002  5.287417e-005
 1.380813e+002  5.581684e-005
 1.387000e+002  4.662873e-005
 1.393188e+002  4.255842e-005
 1.399375e+002  4.649002e-005
 1.405563e+002  4.270251e-005
 1.411750e+002  4.212827e-005
 1.417938e+002  3.418267e-005
 1.424125e+002  3.789452e-005
 1.430313e+002  5.026504e-005
 1.436500e+002  4.497166e-005
 1.442688e+002  4.780715e-005
 1.448875e+002  4.848000e-005
 1.455063e+002  3.322877e-005
 1.461250e+002  3.305132e-005
 1.467438e+002  4.026110e-005
 1.473625e+002  4.420350e-005
 1.479813e+002  3.766348e-005
 1.486000e+002  1.267525e-004
 1.492188e+002  2.166590e-003
 1.498375e+002  5.490659e-003
 1.504563e+002  3.429934e-003
 1.510750e+002  2.032498e-004
 1.516938e+002  4.790920e-005
 1.523125e+002  3.764988e-005
 1.529313e+002  4.181576e-005
 1.535500e+002  3.703764e-005
 1.541688e+002  3.765420e-005
 1.547875e+002  3.330196e-005
 1.554063e+002  3.521174e-005
 1.560250e+002  3.662753e-005
 1.566438e+002  4.059433e-005
 1.572625e+002  3.759300e-005
 1.578813e+002  3.583736e-005
 1.585000e+002  4.252467e-005
 1.591188e+002  3.838800e-005
 1.597375e+002  3.514779e-005
 1.603563e+002  4.085885e-005
 1.609750e+002  4.056707e-005
 1.615938e+002  3.665467e-005
 1.622125e+002  3.325668e-005
 1.628313e+002  3.008168e-005
 1.634500e+002  3.938976e-005
 1.640688e+002  3.502004e-005
 1.646875e+002  3.201015e-005
 1.653063e+002  4.025700e-005
 1.659250e+002  4.315671e-005
 1.665438e+002  3.746090e-005
 1.671625e+002  2.970449e-005
 1.677813e+002  3.226300e-005
 1.684000e+002  2.688856e-005
 1.690188e+002  2.697473e-005
 1.696375e+002  3.324170e-005
 1.702563e+002  3.652945e-005
 1.708750e+002  3.159248e-005
 1.714938e+002  3.507853e-005
 1.721125e+002  3.754534e-005
 1.727313e+002  4.050317e-005
 1.733500e+002  4.128803e-005
 1.739688e+002  3.289239e-005
 1.745875e+002  2.819288e-005
 1.752063e+002  3.106607e-005
 1.758250e+002  3.171629e-005
 1.764438e+002  2.130373e-005
 1.770625e+002  2.388183e-005
 1.776813e+002  3.029835e-005
 1.783000e+002  2.610203e-005
 1.789188e+002  3.071355e-005
 1.795375e+002  3.810021e-005
 1.801563e+002  3.175701e-005
 1.807750e+002  2.952490e-005
 1.813938e+002  3.581600e-005
 1.820125e+002  3.415259e-005
 1.826313e+002  3.156340e-005
 1.832500e+002  3.296822e-005
 1.838688e+002  3.079422e-005
 1.844875e+002  3.258094e-005
 1.851063e+002  3.377942e-005
 1.857250e+002  3.452334e-005
 1.863438e+002  3.919788e-005
 1.869625e+002  3.643950e-005
 1.875813e+002  3.109318e-005
 1.882000e+002  3.380277e-005
 1.888188e+002  3.372956e-005
 1.894375e+002  2.804591e-005
 1.900563e+002  3.068099e-005
 1.906750e+002  3.431825e-005
 1.912938e+002  3.030962e-005
 1.919125e+002  2.999701e-005
 1.925313e+002  3.400633e-005
 1.931500e+002  2.823965e-005
 1.937688e+002  2.576230e-005
 1.943875e+002  2.879599e-005
 1.950063e+002  3.297658e-005
 1.956250e+002  3.265409e-005
 1.962438e+002  2.966176e-005
 1.968625e+002  2.888644e-005
 1.974813e+002  3.114025e-005
 1.981000e+002  2.697227e-005
 1.987188e+002  3.316040e-005
 1.993375e+002  1.386190e-004
 1.999563e+002  2.448911e-004
 2.005750e+002  1.063233e-004
 2.011938e+002  2.723459e-005
 2.018125e+002  2.894669e-005
 2.024313e+002  3.575550e-005
 2.030500e+002  2.915219e-005
 2.036688e+002  2.295625e-005
 2.042875e+002  2.871124e-005
 2.049063e+002  3.065255e-005
 2.055250e+002  2.530454e-005
 2.061438e+002  2.064503e-005
 2.067625e+002  2.240527e-005
 2.073813e+002  2.738875e-005
 2.080000e+002  2.765677e-005
 2.086188e+002  2.343187e-005
 2.092375e+002  2.308572e-005
 2.098563e+002  2.555393e-005
 2.104750e+002  3.149551e-005
 2.110938e+002  2.787000e-005
 2.117125e+002  2.689257e-005
 2.123313e+002  2.586956e-005
 2.129500e+002  2.910695e-005
 2.135688e+002  3.488590e-005
 2.141875e+002  2.809690e-005
 2.148063e+002  2.951573e-005
 2.154250e+002  3.190260e-005
 2.160438e+002  2.593464e-005
 2.166625e+002  2.461678e-005
 2.172813e+002  2.569850e-005
 2.179000e+002  2.910316e-005
 2.185188e+002  3.556388e-005
 2.191375e+002  3.478794e-005
 2.197563e+002  2.898879e-005
 2.203750e+002  3.269895e-005
 2.209938e+002  3.248235e-005
 2.216125e+002  3.058726e-005
 2.222313e+002  3.214663e-005
 2.228500e+002  3.067627e-005
 2.234688e+002  2.124794e-005
 2.240875e+002  2.040936e-005
 2.247063e+002  2.927397e-005
 2.253250e+002  2.930037e-005
 2.259438e+002  2.583944e-005
 2.265625e+002  2.425469e-005
 2.271813e+002  2.428473e-005
 2.278000e+002  2.362053e-005
 2.284188e+002  2.458163e-005
 2.290375e+002  2.804464e-005
 2.296563e+002  2.577339e-005
 2.302750e+002  2.182693e-005
 2.308938e+002  3.208133e-005
 2.315125e+002  3.833549e-005
 2.321313e+002  3.106795e-005
 2.327500e+002  3.243125e-005
 2.333688e+002  2.412165e-005
 2.339875e+002  3.163565e-005
 2.346063e+002  3.525925e-005
 2.352250e+002  3.154472e-005
 2.358438e+002  3.083215e-005
 2.364625e+002  3.167503e-005
 2.370813e+002  2.678753e-005
 2.377000e+002  2.525357e-005
 2.383188e+002  2.317438e-005
 2.389375e+002  2.849102e-005
 2.395563e+002  2.761261e-005
 2.401750e+002  2.876428e-005
 2.407938e+002  2.866345e-005
 2.414125e+002  2.223548e-005
 2.420313e+002  3.012716e-005
 2.426500e+002  2.828289e-005
 2.432688e+002  2.236583e-005
 2.438875e+002  2.573183e-005
 2.445063e+002  3.220716e-005
 2.451250e+002  2.833724e-005
 2.457438e+002  2.794825e-005
 2.463625e+002  2.893072e-005
 2.469813e+002  2.430243e-005
 2.476000e+002  2.670624e-005
 2.482188e+002  3.831943e-005
 2.488375e+002  1.080489e-004
 2.494563e+002  9.004194e-004
 2.500750e+002  1.162519e-003
 2.506938e+002  3.424172e-004
 2.513125e+002  4.754293e-005
 2.519313e+002  3.367892e-005
 2.525500e+002  2.698982e-005
 2.531688e+002  2.258497e-005
 2.537875e+002  2.457327e-005
 2.544063e+002  3.234848e-005
 2.550250e+002  2.458660e-005
 2.556438e+002  2.432182e-005
 2.562625e+002  2.916710e-005
 2.568813e+002  2.604976e-005
 2.575000e+002  2.444147e-005
 2.581188e+002  2.487290e-005
 2.587375e+002  2.699347e-005
 2.593563e+002  2.906567e-005
 2.599750e+002  2.678691e-005
 2.605938e+002  2.284341e-005
 2.612125e+002  2.760471e-005
 2.618313e+002  2.660867e-005
 2.624500e+002  2.229684e-005
 2.630688e+002  3.239090e-005
 2.636875e+002  2.902635e-005
 2.643063e+002  2.744285e-005
 2.649250e+002  3.142987e-005
 2.655438e+002  2.625911e-005
 2.661625e+002  2.954953e-005
 2.667813e+002  2.347861e-005
 2.674000e+002  2.419775e-005
 2.680188e+002  2.196274e-005
 2.686375e+002  2.023607e-005
 2.692563e+002  2.622498e-005
 2.698750e+002  2.256419e-005
 2.704938e+002  2.534853e-005
 2.711125e+002  2.634552e-005
 2.717313e+002  2.860148e-005
 2.723500e+002  2.866253e-005
 2.729688e+002  2.968652e-005
 2.735875e+002  2.827305e-005
 2.742063e+002  2.626802e-005
 2.748250e+002  2.438316e-005
 2.754438e+002  2.782804e-005
 2.760625e+002  2.478936e-005
 2.766813e+002  2.038993e-005
 2.773000e+002  2.206143e-005
 2.779188e+002  2.234235e-005
 2.785375e+002  2.835032e-005
 2.791563e+002  3.382906e-005
 2.797750e+002  3.335912e-005
 2.803938e+002  2.971532e-005
 2.810125e+002  2.427384e-005
 2.816313e+002  2.217426e-005
 2.822500e+002  2.992905e-005
 2.828688e+002  3.140501e-005
 2.834875e+002  2.436550e-005
 2.841063e+002  2.148453e-005
 2.847250e+002  2.114831e-005
 2.853438e+002  2.522955e-005
 2.859625e+002  1.976603e-005
 2.865813e+002  2.550920e-005
 2.872000e+002  2.985244e-005
 2.878188e+002  2.732087e-005
 2.884375e+002  2.513102e-005
 2.890563e+002  2.487641e-005
 2.896750e+002  2.729758e-005
 2.902938e+002  3.076677e-005
 2.909125e+002  2.503995e-005
 2.915313e+002  2.567563e-005
 2.921500e+002  2.824190e-005
 2.927688e+002  2.605167e-005
 2.933875e+002  2.561640e-005
 2.940063e+002  2.682288e-005
 2.946250e+002  2.372539e-005
 2.952438e+002  2.534730e-005
 2.958625e+002  2.661010e-005
 2.964813e+002  2.260287e-005
 2.971000e+002  2.404938e-005
 2.977188e+002  2.569169e-005
 2.983375e+002  2.654399e-005
 2.989563e+002  8.678530e-005
 2.995750e+002  3.486002e-004
 3.001938e+002  3.306300e-004
 3.008125e+002  7.063086e-005
 3.014313e+002  2.343772e-005
 3.020500e+002  2.373769e-005
 3.026688e+002  2.179032e-005
 3.032875e+002  2.088914e-005
 3.039063e+002  2.276191e-005
 3.045250e+002  2.433318e-005
 3.051438e+002  2.009778e-005
 3.057625e+002  1.564386e-005
 3.063813e+002  2.259081e-005
 3.070000e+002  2.102719e-005
 3.076188e+002  2.699142e-005
 3.082375e+002  2.649976e-005
 3.088563e+002  2.232360e-005
 3.094750e+002  2.628214e-005
 3.100938e+002  2.999771e-005
 3.107125e+002  2.659863e-005
 3.113313e+002  2.535897e-005
 3.119500e+002  2.446639e-005
 3.125688e+002  2.693389e-005
 3.131875e+002  2.320115e-005
 3.138063e+002  2.505451e-005
 3.144250e+002  2.873745e-005
 3.150437e+002  2.597109e-005
 3.156625e+002  2.486166e-005
 3.162812e+002  1.870506e-005
 3.169000e+002  2.336736e-005
 3.175187e+002  2.420657e-005
 3.181375e+002  2.582217e-005
 3.187562e+002  2.611769e-005
 3.193750e+002  2.468680e-005
 3.199937e+002  1.866134e-005
 3.206125e+002  1.822983e-005
 3.212312e+002  2.076092e-005
 3.218500e+002  2.332576e-005
 3.224687e+002  2.354483e-005
 3.230875e+002  2.363850e-005
 3.237062e+002  2.620299e-005
 3.243250e+002  2.472705e-005
 3.249437e+002  2.280536e-005
 3.255625e+002  2.479390e-005
 3.261812e+002  2.156739e-005
 3.268000e+002  2.338611e-005
 3.274187e+002  2.175330e-005
 3.280375e+002  2.175360e-005
 3.286562e+002  2.196861e-005
 3.292750e+002  2.309115e-005
 3.298937e+002  2.392935e-005
 3.305125e+002  2.203669e-005
 3.311312e+002  2.225195e-005
 3.317500e+002  2.423683e-005
 3.323687e+002  2.380242e-005
 3.329875e+002  2.244012e-005
 3.336062e+002  2.201028e-005
 3.342250e+002  2.447804e-005
 3.348437e+002  2.230258e-005
 3.354625e+002  1.932362e-005
 3.360812e+002  1.839575e-005
 3.367000e+002  2.378264e-005
 3.373187e+002  2.599880e-005
 3.379375e+002  2.585953e-005
 3.385562e+002  2.969064e-005
 3.391750e+002  2.940416e-005
 3.397937e+002  2.563686e-005
 3.404125e+002  2.239695e-005
 3.410312e+002  2.676562e-005
 3.416500e+002  2.496443e-005
 3.422687e+002  2.206113e-005
 3.428875e+002  2.372078e-005
 3.435062e+002  2.615608e-005
 3.441250e+002  2.313122e-005
 3.447437e+002  2.746270e-005
 3.453625e+002  2.701680e-005
 3.459812e+002  2.204878e-005
 3.466000e+002  2.077405e-005
 3.472187e+002  2.060733e-005
 3.478375e+002  2.012903e-005
 3.484562e+002  1.876421e-005
 3.490750e+002  1.241656e-004
 3.496937e+002  3.373820e-004
 3.503125e+002  2.325886e-004
 3.509312e+002  2.974575e-005
 3.515500e+002  2.278273e-005
 3.521687e+002  2.113507e-005
 3.527875e+002  2.302438e-005
 3.534062e+002  2.100061e-005
 3.540250e+002  2.668879e-005
 3.546437e+002  3.172642e-005
 3.552625e+002  2.542342e-005
 3.558812e+002  2.606301e-005
 3.565000e+002  2.275765e-005
 3.571187e+002  1.678333e-005
 3.577375e+002  2.362226e-005
 3.583562e+002  2.141250e-005
 3.589750e+002  2.005491e-005
 3.595937e+002  2.334461e-005
 3.602125e+002  2.763586e-005
 3.608312e+002  2.849344e-005
 3.614500e+002  3.093787e-005
 3.620687e+002  2.823722e-005
 3.626875e+002  2.510347e-005
 3.633062e+002  2.026752e-005
 3.639250e+002  1.999088e-005
 3.645437e+002  2.513069e-005
 3.651625e+002  2.622245e-005
 3.657812e+002  2.771999e-005
 3.664000e+002  2.293611e-005
 3.670187e+002  2.601606e-005
 3.676375e+002  2.409682e-005
 3.682562e+002  2.277096e-005
 3.688750e+002  2.257925e-005
 3.694937e+002  2.359283e-005
 3.701125e+002  2.454983e-005
 3.707312e+002  2.107786e-005
 3.713500e+002  2.326350e-005
 3.719687e+002  2.447832e-005
 3.725875e+002  2.447613e-005
 3.732062e+002  2.383048e-005
 3.738250e+002  2.316768e-005
 3.744437e+002  2.110433e-005
 3.750625e+002  2.242728e-005
 3.756812e+002  2.146492e-005
 3.763000e+002  2.497380e-005
 3.769187e+002  2.520071e-005
 3.775375e+002  2.275130e-005
 3.781562e+002  1.977724e-005
 3.787750e+002  1.735159e-005
 3.793937e+002  2.499161e-005
 3.800125e+002  2.597275e-005
 3.806312e+002  2.398008e-005
 3.812500e+002  2.436373e-005
 3.818687e+002  2.094931e-005
 3.824875e+002  2.177107e-005
 3.831062e+002  2.143425e-005
 3.837250e+002  2.396767e-005
 3.843437e+002  2.438309e-005
 3.849625e+002  1.906645e-005
 3.855812e+002  2.198779e-005
 3.862000e+002  2.429656e-005
 3.868187e+002  2.197960e-005
 3.874375e+002  2.208226e-005
 3.880562e+002  2.463243e-005
 3.886750e+002  2.748208e-005
 3.892937e+002  2.796299e-005
 3.899125e+002  2.566124e-005
 3.905312e+002  2.468523e-005
 3.911500e+002  2.209692e-005
 3.917687e+002  2.535619e-005
 3.923875e+002  2.901070e-005
 3.930062e+002  2.269143e-005
 3.936250e+002  1.966529e-005
 3.942437e+002  2.317850e-005
 3.948625e+002  2.235572e-005
 3.954812e+002  2.275898e-005
 3.961000e+002  2.263147e-005
 3.967187e+002  2.369587e-005
 3.973375e+002  2.362796e-005
 3.979562e+002  2.522661e-005
 3.985750e+002  2.265564e-005
 3.991937e+002  1.703806e-004
 3.998125e+002  3.445169e-004
 4.004312e+002  1.739217e-004
 4.010500e+002  1.828548e-005
 4.016687e+002  1.893829e-005
 4.022875e+002  1.858593e-005
 4.029062e+002  2.553517e-005
 4.035250e+002  2.335269e-005
 4.041437e+002  1.881391e-005
 4.047625e+002  1.815832e-005
 4.053812e+002  2.321316e-005
 4.060000e+002  2.759272e-005
 4.066187e+002  2.094548e-005
 4.072375e+002  2.054022e-005
 4.078562e+002  2.521345e-005
 4.084750e+002  2.721869e-005
 4.090937e+002  2.622987e-005
 4.097125e+002  2.264799e-005
 4.103312e+002  2.129862e-005
 4.109500e+002  2.078369e-005
 4.115687e+002  2.508952e-005
 4.121875e+002  2.753148e-005
 4.128062e+002  2.912569e-005
 4.134250e+002  3.205205e-005
 4.140437e+002  3.288209e-005
 4.146625e+002  3.126758e-005
 4.152812e+002  2.539792e-005
 4.159000e+002  2.554540e-005
 4.165187e+002  2.647271e-005
 4.171375e+002  2.535734e-005
 4.177562e+002  2.226933e-005
 4.183750e+002  2.134025e-005
 4.189937e+002  2.282783e-005
 4.196125e+002  2.135054e-005
 4.202312e+002  2.095977e-005
 4.208500e+002  2.371592e-005
 4.214687e+002  2.176189e-005
 4.220875e+002  1.715634e-005
 4.227062e+002  2.265211e-005
 4.233250e+002  2.288025e-005
 4.239437e+002  2.542702e-005
 4.245625e+002  2.483991e-005
 4.251812e+002  2.112864e-005
 4.258000e+002  1.741386e-005
 4.264187e+002  2.175122e-005
 4.270375e+002  2.719124e-005
 4.276562e+002  2.605400e-005
 4.282750e+002  2.608192e-005
 4.288937e+002  2.702259e-005
 4.295125e+002  2.183719e-005
 4.301312e+002  2.223430e-005
 4.307500e+002  2.257364e-005
 4.313687e+002  2.466343e-005
 4.319875e+002  2.770161e-005
 4.326062e+002  2.442638e-005
 4.332250e+002  2.095452e-005
 4.338437e+002  2.164905e-005
 4.344625e+002  2.051124e-005
 4.350812e+002  1.605762e-005
 4.357000e+002  1.632735e-005
 4.363187e+002  2.134002e-005
 4.369375e+002  2.283751e-005
 4.375562e+002  1.899554e-005
 4.381750e+002  2.034212e-005
 4.387937e+002  1.800869e-005
 4.394125e+002  2.004940e-005
 4.400312e+002  2.054190e-005
 4.406500e+002  2.340462e-005
 4.412687e+002  2.659194e-005
 4.418875e+002  2.450987e-005
 4.425062e+002  2.289435e-005
 4.431250e+002  2.239174e-005
 4.437437e+002  2.882641e-005
 4.443625e+002  2.505378e-005
 4.449812e+002  2.182970e-005
 4.456000e+002  2.488647e-005
 4.462187e+002  2.572490e-005
 4.468375e+002  2.426616e-005
 4.474562e+002  2.682804e-005
 4.480750e+002  2.521149e-005
 4.486937e+002  2.491441e-005
 4.493125e+002  2.098396e-004
 4.499312e+002  3.029896e-004
 4.505500e+002  1.025616e-004
 4.511687e+002  2.416575e-005
 4.517875e+002  1.835261e-005
 4.524062e+002  2.065120e-005
 4.530250e+002  1.855588e-005
 4.536437e+002  1.591942e-005
 4.542625e+002  1.988104e-005
 4.548812e+002  2.213547e-005
 4.555000e+002  2.366657e-005
 4.561187e+002  2.049469e-005
 4.567375e+002  2.298833e-005
 4.573562e+002  2.650921e-005
 4.579750e+002  2.439643e-005
 4.585937e+002  2.038978e-005
 4.592125e+002  1.959506e-005
 4.598312e+002  1.941732e-005
 4.604500e+002  2.071121e-005
 4.610687e+002  2.319459e-005
 4.616875e+002  2.386246e-005
 4.623062e+002  2.419126e-005
 4.629250e+002  2.179079e-005
 4.635437e+002  2.429641e-005
 4.641625e+002  2.703527e-005
 4.647812e+002  2.179659e-005
 4.654000e+002  2.206606e-005
 4.660187e+002  1.774461e-005
 4.666375e+002  1.775699e-005
 4.672562e+002  2.115705e-005
 4.678750e+002  2.213662e-005
 4.684937e+002  2.256162e-005
 4.691125e+002  1.975942e-005
 4.697312e+002  2.427591e-005
 4.703500e+002  2.548727e-005
 4.709687e+002  2.038138e-005
 4.715875e+002  1.918343e-005
 4.722062e+002  2.024160e-005
 4.728250e+002  1.664732e-005
 4.734437e+002  1.940251e-005
 4.740625e+002  2.693907e-005
 4.746812e+002  2.435106e-005
 4.753000e+002  2.128787e-005
 4.759187e+002  2.143009e-005
 4.765375e+002  1.852141e-005
 4.771562e+002  2.000634e-005
 4.777750e+002  2.279030e-005
 4.783937e+002  2.432669e-005
 4.790125e+002  2.089646e-005
 4.796312e+002  1.992073e-005
 4.802500e+002  1.887813e-005
 4.808687e+002  2.010798e-005
 4.814875e+002  2.059127e-005
 4.821062e+002  2.172999e-005
 4.827250e+002  2.525556e-005
 4.833437e+002  1.860966e-005
 4.839625e+002  1.850478e-005
 4.845812e+002  2.245041e-005
 4.852000e+002  2.693625e-005
 4.858187e+002  2.597181e-005
 4.864375e+002  2.325153e-005
 4.870562e+002  2.306228e-005
 4.876750e+002  2.511295e-005
 4.882937e+002  2.858729e-005
 4.889125e+002  2.848455e-005
 4.895312e+002  2.386281e-005
 4.901500e+002  2.212847e-005
 4.907687e+002  2.138382e-005
 4.913875e+002  1.833757e-005
 4.920062e+002  2.024395e-005
 4.926250e+002  2.084816e-005
 4.932437e+002  2.231127e-005
 4.938625e+002  1.914625e-005
 4.944812e+002  2.237177e-005
 4.951000e+002  2.026811e-005
 4.957187e+002  2.053291e-005
 4.963375e+002  1.752665e-005
 4.969562e+002  2.065319e-005
 4.975750e+002  2.418769e-005
 4.981937e+002  2.277816e-005
 4.988125e+002  6.209785e-005
 4.994312e+002  3.093060e-004
 5.000500e+002  3.310646e-004
 5.006687e+002  8.250132e-005
 5.012875e+002  2.316026e-005
 5.019062e+002  2.543959e-005
 5.025250e+002  1.933285e-005
 5.031437e+002  2.002309e-005
 5.037625e+002  2.454371e-005
 5.043812e+002  1.998873e-005
 5.050000e+002  1.819279e-005
 5.056187e+002  2.463396e-005
 5.062375e+002  2.284173e-005
 5.068562e+002  2.044407e-005
 5.074750e+002  1.645055e-005
 5.080937e+002  1.614043e-005
 5.087125e+002  2.299728e-005
 5.093312e+002  2.707316e-005
 5.099500e+002  2.344945e-005
 5.105687e+002  2.201539e-005
 5.111875e+002  2.294029e-005
 5.118062e+002  2.161506e-005
 5.124250e+002  1.823158e-005
 5.130437e+002  1.984197e-005
 5.136625e+002  1.979487e-005
 5.142812e+002  2.400766e-005
 5.149000e+002  2.254058e-005
 5.155187e+002  1.842726e-005
 5.161375e+002  1.938492e-005
 5.167562e+002  2.080089e-005
 5.173750e+002  2.373293e-005
 5.179937e+002  2.381152e-005
 5.186125e+002  1.805536e-005
 5.192312e+002  2.139045e-005
 5.198500e+002  1.981808e-005
 5.204687e+002  2.115003e-005
 5.210875e+002  2.180247e-005
 5.217062e+002  2.381494e-005
 5.223250e+002  2.054158e-005
 5.229437e+002  1.934134e-005
 5.235625e+002  2.565241e-005
 5.241812e+002  2.714650e-005
 5.248000e+002  2.342549e-005
 5.254187e+002  2.379137e-005
 5.260375e+002  2.142241e-005
 5.266562e+002  1.550974e-005
 5.272750e+002  2.042937e-005
 5.278937e+002  2.407265e-005
 5.285125e+002  2.660543e-005
 5.291312e+002  2.546230e-005
 5.297500e+002  2.381893e-005
 5.303687e+002  2.417474e-005
 5.309875e+002  2.148797e-005
 5.316062e+002  2.227707e-005
 5.322250e+002  2.004241e-005
 5.328437e+002  1.893462e-005
 5.334625e+002  1.929853e-005
 5.340812e+002  2.415300e-005
 5.347000e+002  2.393142e-005
 5.353187e+002  1.679196e-005
 5.359375e+002  2.239704e-005
 5.365562e+002  2.756183e-005
 5.371750e+002  2.340648e-005
 5.377937e+002  1.992583e-005
 5.384125e+002  1.797804e-005
 5.390312e+002  1.946286e-005
 5.396500e+002  2.501955e-005
 5.402687e+002  2.359319e-005
 5.408875e+002  2.226303e-005
 5.415062e+002  1.992978e-005
 5.421250e+002  2.048977e-005
 5.427437e+002  2.317463e-005
 5.433625e+002  2.210685e-005
 5.439812e+002  2.570146e-005
 5.446000e+002  2.431032e-005
 5.452187e+002  2.498254e-005
 5.458375e+002  2.168483e-005
 5.464562e+002  2.048151e-005
 5.470750e+002  2.301938e-005
 5.476937e+002  2.143172e-005
 5.483125e+002  2.349458e-005
 5.489312e+002  1.316676e-004
 5.495500e+002  4.475976e-004
 5.501687e+002  3.547302e-004
 5.507875e+002  5.235074e-005
 5.514062e+002  2.455558e-005
 5.520250e+002  2.235975e-005
 5.526437e+002  1.756403e-005
 5.532625e+002  2.256137e-005
 5.538812e+002  2.313861e-005
 5.545000e+002  2.216896e-005
 5.551187e+002  2.195099e-005
 5.557375e+002  2.313554e-005
 5.563562e+002  2.337780e-005
 5.569750e+002  2.341300e-005
 5.575937e+002  1.696041e-005
 5.582125e+002  1.946285e-005
 5.588312e+002  2.410040e-005
 5.594500e+002  2.532045e-005
 5.600687e+002  2.023336e-005
 5.606875e+002  2.369836e-005
 5.613062e+002  2.189861e-005
 5.619250e+002  2.434548e-005
 5.625437e+002  2.820732e-005
 5.631625e+002  2.849625e-005
 5.637812e+002  2.732598e-005
 5.644000e+002  2.337019e-005
 5.650187e+002  2.057008e-005
 5.656375e+002  2.025544e-005
 5.662562e+002  2.023130e-005
 5.668750e+002  1.807159e-005
 5.674937e+002  1.785785e-005
 5.681125e+002  2.093401e-005
 5.687312e+002  2.040103e-005
 5.693500e+002  1.642701e-005
 5.699687e+002  1.813603e-005
 5.705875e+002  2.256430e-005
 5.712062e+002  1.867573e-005
 5.718250e+002  1.753376e-005
 5.724437e+002  2.708735e-005
 5.730625e+002  2.734885e-005
 5.736812e+002  1.803999e-005
 5.743000e+002  1.992155e-005
 5.749187e+002  1.763769e-005
 5.755375e+002  1.827726e-005
 5.761562e+002  2.394806e-005
 5.767750e+002  2.288401e-005
 5.773937e+002  2.026397e-005
 5.780125e+002  1.909407e-005
 5.786312e+002  2.346930e-005
 5.792500e+002  2.302193e-005
 5.798687e+002  2.372763e-005
 5.804875e+002  2.046218e-005
 5.811062e+002  2.363001e-005
 5.817250e+002  1.866178e-005
 5.823437e+002  1.664812e-005
 5.829625e+002  1.894699e-005
 5.835812e+002  2.082725e-005
 5.842000e+002  2.347027e-005
 5.848187e+002  2.438567e-005
 5.854375e+002  2.232604e-005
 5.860562e+002  1.777120e-005
 5.866750e+002  1.969870e-005
 5.872937e+002  2.247428e-005
 5.879125e+002  1.997787e-005
 5.885312e+002  1.687904e-005
 5.891500e+002  2.304193e-005
 5.897687e+002  2.656559e-005
 5.903875e+002  2.516843e-005
 5.910062e+002  2.524904e-005
 5.916250e+002  2.109627e-005
 5.922437e+002  2.278378e-005
 5.928625e+002  1.932004e-005
 5.934812e+002  1.926310e-005
 5.941000e+002  1.877567e-005
 5.947187e+002  2.158419e-005
 5.953375e+002  2.111016e-005
 5.959562e+002  2.235359e-005
 5.965750e+002  2.250390e-005
 5.971937e+002  1.714135e-005
 5.978125e+002  1.530868e-005
 5.984312e+002  2.282200e-005
 5.990500e+002  8.457468e-005
 5.996687e+002  2.024067e-004
 6.002875e+002  1.222255e-004
 6.009062e+002  2.486028e-005
 6.015250e+002  2.632073e-005
 6.021437e+002  2.367133e-005
 6.027625e+002  2.469578e-005
 6.033812e+002  2.586007e-005
 6.040000e+002  2.496879e-005
 6.046187e+002  2.402372e-005
 6.052375e+002  2.248218e-005
 6.058562e+002  2.088182e-005
 6.064750e+002  1.954373e-005
 6.070937e+002  2.113224e-005
 6.077125e+002  1.805262e-005
 6.083312e+002  1.348314e-005
 6.089500e+002  2.104904e-005
 6.095687e+002  2.080615e-005
 6.101875e+002  2.117504e-005
 6.108062e+002  2.265544e-005
 6.114250e+002  2.154232e-005
 6.120437e+002  1.945812e-005
 6.126625e+002  1.573131e-005
 6.132812e+002  1.970274e-005
 6.139000e+002  2.381277e-005
 6.145187e+002  2.146958e-005
 6.151375e+002  1.982503e-005
 6.157562e+002  2.328817e-005
 6.163750e+002  2.283570e-005
 6.169937e+002  1.891966e-005
 6.176125e+002  2.271230e-005
 6.182312e+002  2.312846e-005
 6.188500e+002  2.045508e-005
 6.194687e+002  1.942485e-005
 6.200875e+002  2.869088e-005
 6.207062e+002  2.249726e-005
 6.213250e+002  2.150594e-005
 6.219437e+002  2.254225e-005
 6.225625e+002  1.741607e-005
 6.231812e+002  2.222586e-005
 6.238000e+002  2.528279e-005
 6.244187e+002  2.328622e-005
 6.250375e+002  2.034759e-005
 6.256562e+002  1.914090e-005
 6.262750e+002  1.829354e-005
 6.268937e+002  1.960311e-005
 6.275125e+002  2.167033e-005
 6.281312e+002  2.208103e-005
 6.287500e+002  1.654091e-005
 6.293687e+002  1.719412e-005
 6.299875e+002  2.010872e-005
 6.306062e+002  1.932118e-005
 6.312250e+002  2.246384e-005
 6.318437e+002  2.206480e-005
 6.324625e+002  2.580602e-005
 6.330812e+002  2.311328e-005
 6.337000e+002  1.881002e-005
 6.343187e+002  1.947438e-005
 6.349375e+002  1.910516e-005
 6.355562e+002  1.996097e-005
 6.361750e+002  1.702666e-005
 6.367937e+002  1.918740e-005
 6.374125e+002  1.804575e-005
 6.380312e+002  1.936538e-005
 6.386500e+002  2.283553e-005
 6.392687e+002  2.400918e-005
 6.398875e+002  2.156437e-005
 6.405062e+002  2.076454e-005
 6.411250e+002  1.883056e-005
 6.417437e+002  2.243857e-005
 6.423625e+002  2.132484e-005
 6.429812e+002  2.473900e-005
 6.436000e+002  2.413910e-005
 6.442187e+002  2.119467e-005
 6.448375e+002  2.059038e-005
 6.454562e+002  2.050673e-005
 6.460750e+002  1.994266e-005
 6.466937e+002  1.658783e-005
 6.473125e+002  1.968986e-005
 6.479312e+002  1.563119e-005
 6.485500e+002  2.590364e-005
 6.491687e+002  2.923524e-004
 6.497875e+002  4.761521e-004
 6.504062e+002  2.003817e-004
 6.510250e+002  2.018460e-005
 6.516437e+002  2.166684e-005
 6.522625e+002  1.963793e-005
 6.528812e+002  2.318231e-005
 6.535000e+002  2.805856e-005
 6.541187e+002  2.438040e-005
 6.547375e+002  2.447160e-005
 6.553562e+002  2.073945e-005
 6.559750e+002  1.866968e-005
 6.565937e+002  2.184602e-005
 6.572125e+002  2.199726e-005
 6.578312e+002  2.240734e-005
 6.584500e+002  2.324071e-005
 6.590687e+002  2.338770e-005
 6.596875e+002  2.030207e-005
 6.603062e+002  2.219711e-005
 6.609250e+002  2.472867e-005
 6.615437e+002  2.180561e-005
 6.621625e+002  2.134008e-005
 6.627812e+002  2.345162e-005
 6.634000e+002  2.072924e-005
 6.640187e+002  1.970954e-005
 6.646375e+002  2.176268e-005
 6.652562e+002  1.725369e-005
 6.658750e+002  1.784594e-005
 6.664937e+002  2.307184e-005
 6.671125e+002  2.506183e-005
 6.677312e+002  2.191276e-005
 6.683500e+002  1.702339e-005
 6.689687e+002  1.728835e-005
 6.695875e+002  1.985259e-005
 6.702062e+002  2.485228e-005
 6.708250e+002  2.039005e-005
 6.714437e+002  1.713277e-005
 6.720625e+002  1.956562e-005
 6.726812e+002  2.755883e-005
 6.733000e+002  2.536471e-005
 6.739187e+002  1.969476e-005
 6.745375e+002  2.056115e-005
 6.751562e+002  2.347248e-005
 6.757750e+002  2.594335e-005
 6.763937e+002  2.149476e-005
 6.770125e+002  2.478309e-005
 6.776312e+002  2.237216e-005
 6.782500e+002  1.625685e-005
 6.788687e+002  1.849062e-005
 6.794875e+002  2.552955e-005
 6.801062e+002  2.117468e-005
 6.807250e+002  2.011742e-005
 6.813437e+002  1.718078e-005
 6.819625e+002  1.915432e-005
 6.825812e+002  2.085889e-005
 6.832000e+002  1.797444e-005
 6.838187e+002  1.999201e-005
 6.844375e+002  2.461817e-005
 6.850562e+002  2.061499e-005
 6.856750e+002  1.983758e-005
 6.862937e+002  2.373855e-005
 6.869125e+002  2.252116e-005
 6.875312e+002  2.445761e-005
 6.881500e+002  2.286332e-005
 6.887687e+002  2.102825e-005
 6.893875e+002  1.871523e-005
 6.900062e+002  1.837658e-005
 6.906250e+002  2.179736e-005
 6.912437e+002  2.072813e-005
 6.918625e+002  1.920088e-005
 6.924812e+002  2.251528e-005
 6.931000e+002  2.100314e-005
 6.937187e+002  1.887025e-005
 6.943375e+002  1.698852e-005
 6.949562e+002  1.959465e-005
 6.955750e+002  1.934357e-005
 6.961937e+002  1.779021e-005
 6.968125e+002  2.102153e-005
 6.974312e+002  2.619300e-005
 6.980500e+002  2.439414e-005
 6.986687e+002  3.089623e-005
 6.992875e+002  2.005885e-004
 6.999062e+002  2.448513e-004
 7.005250e+002  7.502037e-005
 7.011437e+002  2.542803e-005
 7.017625e+002  2.250717e-005
 7.023812e+002  2.037167e-005
 7.030000e+002  2.007028e-005
 7.036187e+002  2.210028e-005
 7.042375e+002  2.106965e-005
 7.048562e+002  2.277535e-005
 7.054750e+002  2.426396e-005
 7.060937e+002  2.121566e-005
 7.067125e+002  2.311609e-005
 7.073312e+002  2.148777e-005
 7.079500e+002  2.067580e-005
 7.085687e+002  1.938341e-005
 7.091875e+002  1.855890e-005
 7.098062e+002  1.832364e-005
 7.104250e+002  2.175691e-005
 7.110437e+002  2.246343e-005
 7.116625e+002  1.984702e-005
 7.122812e+002  2.055048e-005
 7.129000e+002  2.394384e-005
 7.135187e+002  2.315227e-005
 7.141375e+002  2.423515e-005
 7.147562e+002  2.369082e-005
 7.153750e+002  2.156543e-005
 7.159937e+002  2.379017e-005
 7.166125e+002  2.104044e-005
 7.172312e+002  2.171855e-005
 7.178500e+002  1.909092e-005
 7.184687e+002  1.789362e-005
 7.190875e+002  1.841510e-005
 7.197062e+002  1.971592e-005
 7.203250e+002  2.017106e-005
 7.209437e+002  2.311117e-005
 7.215625e+002  2.110850e-005
 7.221812e+002  2.059555e-005
 7.228000e+002  2.162106e-005
 7.234187e+002  2.244047e-005
 7.240375e+002  2.037320e-005
 7.246562e+002  2.174591e-005
 7.252750e+002  1.868103e-005
 7.258937e+002  1.875547e-005
 7.265125e+002  2.283314e-005
 7.271312e+002  2.192748e-005
 7.277500e+002  2.229993e-005
 7.283687e+002  2.223274e-005
 7.289875e+002  1.946232e-005
 7.296062e+002  1.816672e-005
 7.302250e+002  1.982503e-005
 7.308437e+002  2.037713e-005
 7.314625e+002  2.063076e-005
 7.320812e+002  2.089044e-005
 7.327000e+002  1.942699e-005
 7.333187e+002  2.005414e-005
 7.339375e+002  2.073630e-005
 7.345562e+002  1.894709e-005
 7.351750e+002  1.836007e-005
 7.357937e+002  1.852046e-005
 7.364125e+002  1.826860e-005
 7.370312e+002  2.028733e-005
 7.376500e+002  2.180022e-005
 7.382687e+002  2.282189e-005
 7.388875e+002  2.359158e-005
 7.395062e+002  1.892171e-005
 7.401250e+002  2.091426e-005
 7.407437e+002  2.218875e-005
 7.413625e+002  2.196910e-005
 7.419812e+002  2.046235e-005
 7.426000e+002  2.117349e-005
 7.432187e+002  1.839318e-005
 7.438375e+002  2.329134e-005
 7.444562e+002  2.312352e-005
 7.450750e+002  2.428154e-005
 7.456937e+002  2.510209e-005
 7.463125e+002  2.246139e-005
 7.469312e+002  2.179695e-005
 7.475500e+002  2.369643e-005
 7.481687e+002  2.367429e-005
 7.487875e+002  7.050637e-005
 7.494062e+002  2.633070e-004
 7.500250e+002  2.328104e-004
 7.506437e+002  4.291013e-005
 7.512625e+002  2.722646e-005
 7.518812e+002  2.687887e-005
 7.525000e+002  1.939508e-005
 7.531187e+002  2.430100e-005
 7.537375e+002  2.225863e-005
 7.543562e+002  1.955256e-005
 7.549750e+002  1.855478e-005
 7.555937e+002  2.060001e-005
 7.562125e+002  2.916808e-005
 7.568312e+002  2.953556e-005
 7.574500e+002  2.184015e-005
 7.580687e+002  1.621785e-005
 7.586875e+002  1.767955e-005
 7.593062e+002  1.863574e-005
 7.599250e+002  2.538218e-005
 7.605437e+002  2.668148e-005
 7.611625e+002  2.542558e-005
 7.617812e+002  2.547779e-005
 7.624000e+002  2.359613e-005
 7.630187e+002  2.354137e-005
 7.636375e+002  2.300064e-005
 7.642562e+002  1.657877e-005
 7.648750e+002  1.682550e-005
 7.654937e+002  2.168449e-005
 7.661125e+002  1.815624e-005
 7.667312e+002  2.011130e-005
 7.673500e+002  1.829111e-005
 7.679687e+002  2.359820e-005
 7.685875e+002  2.071640e-005
 7.692062e+002  1.930777e-005
 7.698250e+002  1.879868e-005
 7.704437e+002  1.767399e-005
 7.710625e+002  1.999974e-005
 7.716812e+002  2.373767e-005
 7.723000e+002  2.106864e-005
 7.729187e+002  1.860585e-005
 7.735375e+002  1.915421e-005
 7.741562e+002  1.990693e-005
 7.747750e+002  1.612835e-005
 7.753937e+002  1.750548e-005
 7.760125e+002  1.905273e-005
 7.766312e+002  1.930466e-005
 7.772500e+002  2.302984e-005
 7.778687e+002  2.108040e-005
 7.784875e+002  1.739794e-005
 7.791062e+002  1.752475e-005
 7.797250e+002  1.993262e-005
 7.803437e+002  2.665468e-005
 7.809625e+002  2.421510e-005
 7.815812e+002  1.664217e-005
 7.822000e+002  2.575942e-005
 7.828187e+002  2.230163e-005
 7.834375e+002  1.885775e-005
 7.840562e+002  1.736965e-005
 7.846750e+002  1.950907e-005
 7.852937e+002  2.282354e-005
 7.859125e+002  2.348205e-005
 7.865312e+002  2.189109e-005
 7.871500e+002  2.090704e-005
 7.877687e+002  2.164155e-005
 7.883875e+002  1.569107e-005
 7.890062e+002  1.591551e-005
 7.896250e+002  1.687806e-005
 7.902437e+002  2.007883e-005
 7.908625e+002  2.024019e-005
 7.914812e+002  2.304810e-005
 7.921000e+002  2.168060e-005
 7.927187e+002  1.886434e-005
 7.933375e+002  1.837824e-005
 7.939562e+002  2.203974e-005
 7.945750e+002  2.389424e-005
 7.951937e+002  1.933078e-005
 7.958125e+002  2.118030e-005
 7.964312e+002  2.304471e-005
 7.970500e+002  2.082178e-005
 7.976687e+002  2.400692e-005
 7.982875e+002  1.911154e-005
 7.989062e+002  6.902413e-005
 7.995250e+002  1.702786e-004
 8.001437e+002  1.094126e-004
 8.007625e+002  1.895925e-005
 8.013812e+002  2.218315e-005
 8.020000e+002  2.101449e-005
 8.026187e+002  2.202726e-005
 8.032375e+002  2.341402e-005
 8.038562e+002  2.094182e-005
 8.044750e+002  2.157790e-005
 8.050937e+002  2.391321e-005
 8.057125e+002  1.937942e-005
 8.063312e+002  1.868853e-005
 8.069500e+002  2.250499e-005
 8.075687e+002  1.919890e-005
 8.081875e+002  2.008741e-005
 8.088062e+002  1.961067e-005
 8.094250e+002  2.128937e-005
 8.100437e+002  2.072771e-005
 8.106625e+002  1.893101e-005
 8.112812e+002  1.994258e-005
 8.119000e+002  1.804545e-005
 8.125187e+002  2.229900e-005
 8.131375e+002  2.267443e-005
 8.137562e+002  2.005203e-005
 8.143750e+002  2.257339e-005
 8.149937e+002  2.030093e-005
 8.156125e+002  1.790960e-005
 8.162312e+002  1.615980e-005
 8.168500e+002  1.690025e-005
 8.174687e+002  1.966722e-005
 8.180875e+002  1.589169e-005
 8.187062e+002  1.833693e-005
 8.193250e+002  1.875196e-005
 8.199437e+002  1.835432e-005
 8.205625e+002  2.140541e-005
 8.211812e+002  2.190812e-005
 8.218000e+002  2.028597e-005
 8.224187e+002  1.928755e-005
 8.230375e+002  2.191911e-005
 8.236562e+002  2.034717e-005
 8.242750e+002  1.647060e-005
 8.248937e+002  1.771802e-005
 8.255125e+002  2.155450e-005
 8.261312e+002  1.874641e-005
 8.267500e+002  2.088881e-005
 8.273687e+002  1.648526e-005
 8.279875e+002  1.531145e-005
 8.286062e+002  2.382614e-005
 8.292250e+002  2.559141e-005
 8.298437e+002  2.051545e-005
 8.304625e+002  1.799539e-005
 8.310812e+002  1.912788e-005
 8.317000e+002  2.352669e-005
 8.323187e+002  2.886328e-005
 8.329375e+002  2.617304e-005
 8.335562e+002  2.331795e-005
 8.341750e+002  2.068957e-005
 8.347937e+002  2.049440e-005
 8.354125e+002  2.174573e-005
 8.360312e+002  2.638546e-005
 8.366500e+002  2.290255e-005
 8.372687e+002  1.677402e-005
 8.378875e+002  1.752011e-005
 8.385062e+002  2.303348e-005
 8.391250e+002  2.070081e-005
 8.397437e+002  1.955000e-005
 8.403625e+002  1.958701e-005
 8.409812e+002  2.190475e-005
 8.416000e+002  1.883118e-005
 8.422187e+002  2.077915e-005
 8.428375e+002  1.951888e-005
 8.434562e+002  1.437470e-005
 8.440750e+002  1.844080e-005
 8.446937e+002  2.170422e-005
 8.453125e+002  1.859886e-005
 8.459312e+002  1.529969e-005
 8.465500e+002  2.443890e-005
 8.471687e+002  2.497677e-005
 8.477875e+002  2.106409e-005
 8.484062e+002  2.152591e-005
 8.490250e+002  1.802117e-004
 8.496437e+002  3.273921e-004
 8.502625e+002  1.565571e-004
 8.508812e+002  1.895688e-005
 8.515000e+002  2.133140e-005
 8.521187e+002  1.881318e-005
 8.527375e+002  1.654581e-005
 8.533562e+002  2.139099e-005
 8.539750e+002  1.914757e-005
 8.545937e+002  1.496018e-005
 8.552125e+002  1.779926e-005
 8.558312e+002  1.667562e-005
 8.564500e+002  1.919020e-005
 8.570687e+002  2.074083e-005
 8.576875e+002  1.862518e-005
 8.583062e+002  1.680086e-005
 8.589250e+002  1.699248e-005
 8.595437e+002  1.833140e-005
 8.601625e+002  2.237938e-005
 8.607812e+002  2.228655e-005
 8.614000e+002  2.121171e-005
 8.620187e+002  2.055992e-005
 8.626375e+002  1.776464e-005
 8.632562e+002  1.717834e-005
 8.638750e+002  1.951274e-005
 8.644937e+002  1.964191e-005
 8.651125e+002  1.996886e-005
 8.657312e+002  1.913049e-005
 8.663500e+002  2.432019e-005
 8.669687e+002  2.315115e-005
 8.675875e+002  2.015874e-005
 8.682062e+002  1.963406e-005
 8.688250e+002  2.020779e-005
 8.694437e+002  1.684270e-005
 8.700625e+002  1.974217e-005
 8.706812e+002  2.146901e-005
 8.713000e+002  2.015009e-005
 8.719187e+002  1.667648e-005
 8.725375e+002  1.521117e-005
 8.731562e+002  1.793711e-005
 8.737750e+002  2.206368e-005
 8.743937e+002  2.072919e-005
 8.750125e+002  2.204352e-005
 8.756312e+002  2.166459e-005
 8.762500e+002  2.293010e-005
 8.768687e+002  2.270620e-005
 8.774875e+002  1.786267e-005
 8.781062e+002  1.555220e-005
 8.787250e+002  2.035962e-005
 8.793437e+002  2.089727e-005
 8.799625e+002  1.920581e-005
 8.805812e+002  1.417407e-005
 8.812000e+002  1.980084e-005
 8.818187e+002  1.794693e-005
 8.824375e+002  1.902247e-005
 8.830562e+002  2.182300e-005
 8.836750e+002  2.141424e-005
 8.842937e+002  1.725088e-005
 8.849125e+002  1.819859e-005
 8.855312e+002  2.205252e-005
 8.861500e+002  2.108357e-005
 8.867687e+002  2.217425e-005
 8.873875e+002  2.190539e-005
 8.880062e+002  2.140558e-005
 8.886250e+002  2.061689e-005
 8.892437e+002  2.035254e-005
 8.898625e+002  2.277232e-005
 8.904812e+002  2.068132e-005
 8.911000e+002  2.021435e-005
 8.917187e+002  2.212556e-005
 8.923375e+002  2.570231e-005
 8.929562e+002  2.568977e-005
 8.935750e+002  2.430116e-005
 8.941937e+002  1.594128e-005
 8.948125e+002  1.767701e-005
 8.954312e+002  1.835644e-005
 8.960500e+002  1.693087e-005
 8.966687e+002  2.143254e-005
 8.972875e+002  2.108604e-005
 8.979062e+002  1.614643e-005
 8.985250e+002  2.004553e-005
 8.991437e+002  1.036270e-004
 8.997625e+002  1.350682e-004
 9.003812e+002  4.855271e-005
 9.010000e+002  2.013654e-005
 9.016187e+002  2.286130e-005
 9.022375e+002  1.968554e-005
 9.028562e+002  1.618651e-005
 9.034750e+002  1.645642e-005
 9.040937e+002  1.467279e-005
 9.047125e+002  1.931554e-005
 9.053312e+002  2.178025e-005
 9.059500e+002  1.709714e-005
 9.065687e+002  2.229285e-005
 9.071875e+002  2.193650e-005
 9.078062e+002  1.723275e-005
 9.084250e+002  2.039515e-005
 9.090437e+002  2.237963e-005
 9.096625e+002  2.019664e-005
 9.102812e+002  1.751942e-005
 9.109000e+002  2.137465e-005
 9.115187e+002  2.519589e-005
 9.121375e+002  2.212529e-005
 9.127562e+002  1.762939e-005
 9.133750e+002  2.247113e-005
 9.139937e+002  2.101681e-005
 9.146125e+002  1.636621e-005
 9.152312e+002  1.767345e-005
 9.158500e+002  2.117168e-005
 9.164687e+002  2.146980e-005
 9.170875e+002  2.109776e-005
 9.177062e+002  2.273499e-005
 9.183250e+002  1.956470e-005
 9.189437e+002  2.131869e-005
 9.195625e+002  2.015794e-005
 9.201812e+002  1.801118e-005
 9.208000e+002  2.515917e-005
 9.214187e+002  2.733166e-005
 9.220375e+002  2.067076e-005
 9.226562e+002  1.909129e-005
 9.232750e+002  1.409641e-005
 9.238937e+002  1.862382e-005
 9.245125e+002  2.180713e-005
 9.251312e+002  1.909611e-005
 9.257500e+002  2.156042e-005
 9.263687e+002  2.352839e-005
 9.269875e+002  2.180037e-005
 9.276062e+002  2.128783e-005
 9.282250e+002  2.319963e-005
 9.288437e+002  2.045345e-005
 9.294625e+002  1.840058e-005
 9.300812e+002  2.199308e-005
 9.307000e+002  2.662547e-005
 9.313187e+002  2.070791e-005
 9.319375e+002  2.029244e-005
 9.325562e+002  1.799056e-005
 9.331750e+002  1.911781e-005
 9.337937e+002  2.079100e-005
 9.344125e+002  2.211840e-005
 9.350312e+002  2.288688e-005
 9.356500e+002  2.058052e-005
 9.362687e+002  1.762570e-005
 9.368875e+002  2.158513e-005
 9.375062e+002  1.986134e-005
 9.381250e+002  1.616663e-005
 9.387437e+002  2.156077e-005
 9.393625e+002  2.090649e-005
 9.399812e+002  1.999960e-005
 9.406000e+002  1.500929e-005
 9.412187e+002  1.399860e-005
 9.418375e+002  2.060603e-005
 9.424562e+002  2.571402e-005
 9.430750e+002  2.206798e-005
 9.436937e+002  1.994181e-005
 9.443125e+002  2.455361e-005
 9.449312e+002  2.192515e-005
 9.455500e+002  2.026298e-005
 9.461687e+002  2.538942e-005
 9.467875e+002  2.782817e-005
 9.474062e+002  2.313530e-005
 9.480250e+002  2.533700e-005
 9.486437e+002  6.483692e-005
 9.492625e+002  2.490332e-004
 9.498812e+002  2.407337e-004
 9.505000e+002  5.074145e-005
 9.511187e+002  1.937506e-005
 9.517375e+002  2.184947e-005
 9.523562e+002  2.544459e-005
 9.529750e+002  2.323150e-005
 9.535937e+002  2.070052e-005
 9.542125e+002  1.966215e-005
 9.548312e+002  2.143929e-005
 9.554500e+002  2.399886e-005
 9.560687e+002  1.679450e-005
 9.566875e+002  2.047776e-005
 9.573062e+002  2.031181e-005
 9.579250e+002  1.839079e-005
 9.585437e+002  2.151391e-005
 9.591625e+002  2.213893e-005
 9.597812e+002  2.256430e-005
 9.604000e+002  2.257091e-005
 9.610187e+002  2.373776e-005
 9.616375e+002  1.809291e-005
 9.622562e+002  2.160391e-005
 9.628750e+002  1.788724e-005
 9.634937e+002  1.861730e-005
 9.641125e+002  2.077171e-005
 9.647312e+002  2.315806e-005
 9.653500e+002  2.173897e-005
 9.659687e+002  2.356537e-005
 9.665875e+002  2.148211e-005
 9.672062e+002  1.860467e-005
 9.678250e+002  2.143238e-005
 9.684437e+002  2.170189e-005
 9.690625e+002  1.992634e-005
 9.696812e+002  2.279332e-005
 9.703000e+002  2.464626e-005
 9.709187e+002  2.170384e-005
 9.715375e+002  2.439532e-005
 9.721562e+002  2.531038e-005
 9.727750e+002  2.626837e-005
 9.733937e+002  2.295659e-005
 9.740125e+002  2.025665e-005
 9.746312e+002  1.782031e-005
 9.752500e+002  2.058998e-005
 9.758687e+002  2.016087e-005
 9.764875e+002  1.679934e-005
 9.771062e+002  2.141941e-005
 9.777250e+002  2.396809e-005
 9.783437e+002  2.204695e-005
 9.789625e+002  2.235771e-005
 9.795812e+002  2.287676e-005
 9.802000e+002  2.075071e-005
 9.808187e+002  1.918822e-005
 9.814375e+002  2.062583e-005
 9.820562e+002  2.001700e-005
 9.826750e+002  1.873976e-005
 9.832937e+002  1.869314e-005
 9.839125e+002  1.975377e-005
 9.845312e+002  1.874972e-005
 9.851500e+002  2.444237e-005
 9.857687e+002  1.964121e-005
 9.863875e+002  1.679914e-005
 9.870062e+002  1.806420e-005
 9.876250e+002  2.259081e-005
 9.882437e+002  2.209414e-005
 9.888625e+002  1.649031e-005
 9.894812e+002  1.280132e-005
 9.901000e+002  1.903646e-005
 9.907187e+002  2.306845e-005
 9.913375e+002  2.320606e-005
 9.919562e+002  2.199617e-005
 9.925750e+002  2.304111e-005
 9.931937e+002  2.490038e-005
 9.938125e+002  2.189814e-005
 9.944312e+002  2.182783e-005
 9.950500e+002  2.112460e-005
 9.956687e+002  1.861851e-005
 9.962875e+002  2.118923e-005
 9.969062e+002  1.912351e-005
 9.975250e+002  1.561565e-005
 9.981437e+002  1.896084e-005
 9.987625e+002  4.746855e-005
 9.993812e+002  1.319038e-004
 1.000000e+003  9.968391e-005
