 1.000000e+000  1.786958e-004
 1.247500e+000  2.913944e-004
 1.495000e+000  3.763657e-004
 1.742500e+000  3.436088e-004
 1.990000e+000  2.584332e-004
 2.237500e+000  1.545656e-004
 2.485000e+000  2.973850e-004
 2.732500e+000  3.239013e-004
 2.980000e+000  3.505631e-004
 3.227500e+000  3.497372e-004
 3.475000e+000  2.979212e-004
 3.722500e+000  2.148038e-004
 3.970000e+000  1.619047e-004
 4.217500e+000  2.021345e-004
 4.465000e+000  2.383278e-004
 4.712500e+000  2.768442e-004
 4.960000e+000  2.522045e-004
 5.207500e+000  1.783229e-004
 5.455000e+000  2.155045e-004
 5.702500e+000  1.469407e-004
 5.950000e+000  1.364554e-004
 6.197500e+000  1.626828e-004
 6.445000e+000  1.648035e-004
 6.692500e+000  1.910202e-004
 6.940000e+000  1.937155e-004
 7.187500e+000  2.993198e-004
 7.435000e+000  2.253736e-004
 7.682500e+000  2.268867e-004
 7.930000e+000  2.041457e-004
 8.177500e+000  1.415106e-004
 8.425000e+000  1.418150e-004
 8.672500e+000  1.496443e-004
 8.920000e+000  1.041276e-004
 9.167500e+000  8.134001e-005
 9.415000e+000  1.683247e-004
 9.662500e+000  1.794003e-004
 9.910000e+000  1.325785e-004
 1.015750e+001  1.650876e-004
 1.040500e+001  1.452431e-004
 1.065250e+001  1.690491e-004
 1.090000e+001  2.348522e-004
 1.114750e+001  2.364959e-004
 1.139500e+001  1.539037e-004
 1.164250e+001  1.553414e-004
 1.189000e+001  1.406148e-004
 1.213750e+001  1.419430e-004
 1.238500e+001  1.509221e-004
 1.263250e+001  1.942706e-004
 1.288000e+001  1.568725e-004
 1.312750e+001  1.082193e-004
 1.337500e+001  1.666301e-004
 1.362250e+001  1.873518e-004
 1.387000e+001  1.735567e-004
 1.411750e+001  1.554547e-004
 1.436500e+001  1.888082e-004
 1.461250e+001  2.120033e-004
 1.486000e+001  1.696370e-004
 1.510750e+001  1.010776e-004
 1.535500e+001  1.394819e-004
 1.560250e+001  1.400807e-004
 1.585000e+001  1.226042e-004
 1.609750e+001  1.649182e-004
 1.634500e+001  1.819513e-004
 1.659250e+001  1.513215e-004
 1.684000e+001  1.874314e-004
 1.708750e+001  1.778002e-004
 1.733500e+001  1.851003e-004
 1.758250e+001  1.876373e-004
 1.783000e+001  2.322725e-004
 1.807750e+001  1.590845e-004
 1.832500e+001  7.504305e-005
 1.857250e+001  1.423959e-004
 1.882000e+001  1.440847e-004
 1.906750e+001  1.363389e-004
 1.931500e+001  1.795137e-004
 1.956250e+001  1.290559e-004
 1.981000e+001  9.427042e-005
 2.005750e+001  1.305303e-004
 2.030500e+001  1.609202e-004
 2.055250e+001  2.352604e-004
 2.080000e+001  2.124174e-004
 2.104750e+001  1.936191e-004
 2.129500e+001  1.331973e-004
 2.154250e+001  1.231597e-004
 2.179000e+001  1.527282e-004
 2.203750e+001  1.358079e-004
 2.228500e+001  1.521543e-004
 2.253250e+001  1.234555e-004
 2.278000e+001  1.513136e-004
 2.302750e+001  1.274180e-004
 2.327500e+001  1.303841e-004
 2.352250e+001  1.365670e-004
 2.377000e+001  1.144500e-004
 2.401750e+001  9.630612e-005
 2.426500e+001  6.479221e-005
 2.451250e+001  8.756967e-005
 2.476000e+001  1.615713e-004
 2.500750e+001  1.562685e-004
 2.525500e+001  1.197751e-004
 2.550250e+001  7.828262e-005
 2.575000e+001  1.444251e-004
 2.599750e+001  1.940276e-004
 2.624500e+001  1.580831e-004
 2.649250e+001  1.283468e-004
 2.674000e+001  1.543717e-004
 2.698750e+001  1.665680e-004
 2.723500e+001  1.824086e-004
 2.748250e+001  1.500982e-004
 2.773000e+001  8.000269e-005
 2.797750e+001  7.913438e-005
 2.822500e+001  1.281020e-004
 2.847250e+001  1.493964e-004
 2.872000e+001  1.539677e-004
 2.896750e+001  1.306106e-004
 2.921500e+001  1.113884e-004
 2.946250e+001  1.412508e-004
 2.971000e+001  1.619404e-004
 2.995750e+001  1.428132e-004
 3.020500e+001  1.465705e-004
 3.045250e+001  1.218666e-004
 3.070000e+001  1.233875e-004
 3.094750e+001  1.823393e-004
 3.119500e+001  1.225611e-004
 3.144250e+001  1.197484e-004
 3.169000e+001  1.505642e-004
 3.193750e+001  1.686442e-004
 3.218500e+001  1.736202e-004
 3.243250e+001  1.677964e-004
 3.268000e+001  1.566873e-004
 3.292750e+001  1.847865e-004
 3.317500e+001  2.605508e-004
 3.342250e+001  1.830441e-004
 3.367000e+001  1.354637e-004
 3.391750e+001  1.252205e-004
 3.416500e+001  9.061071e-005
 3.441250e+001  7.320579e-005
 3.466000e+001  1.580168e-004
 3.490750e+001  1.791269e-004
 3.515500e+001  1.606795e-004
 3.540250e+001  1.405618e-004
 3.565000e+001  1.734653e-004
 3.589750e+001  1.787189e-004
 3.614500e+001  1.518455e-004
 3.639250e+001  1.530837e-004
 3.664000e+001  1.739025e-004
 3.688750e+001  1.645427e-004
 3.713500e+001  1.321666e-004
 3.738250e+001  1.262240e-004
 3.763000e+001  1.960474e-004
 3.787750e+001  1.502716e-004
 3.812500e+001  9.921475e-005
 3.837250e+001  1.177199e-004
 3.862000e+001  1.027821e-004
 3.886750e+001  9.844700e-005
 3.911500e+001  1.290881e-004
 3.936250e+001  1.323027e-004
 3.961000e+001  1.220849e-004
 3.985750e+001  1.534736e-004
 4.010500e+001  7.832561e-005
 4.035250e+001  1.518559e-004
 4.060000e+001  1.884508e-004
 4.084750e+001  1.570691e-004
 4.109500e+001  1.204412e-004
 4.134250e+001  1.289092e-004
 4.159000e+001  1.079559e-004
 4.183750e+001  1.391463e-004
 4.208500e+001  1.221139e-004
 4.233250e+001  1.070568e-004
 4.258000e+001  1.507675e-004
 4.282750e+001  1.719670e-004
 4.307500e+001  1.269592e-004
 4.332250e+001  1.615455e-004
 4.357000e+001  1.438974e-004
 4.381750e+001  1.008738e-004
 4.406500e+001  7.847820e-005
 4.431250e+001  9.959351e-005
 4.456000e+001  1.276829e-004
 4.480750e+001  1.175185e-004
 4.505500e+001  1.249778e-004
 4.530250e+001  9.233366e-005
 4.555000e+001  1.481704e-004
 4.579750e+001  1.357970e-004
 4.604500e+001  1.384742e-004
 4.629250e+001  1.529372e-004
 4.654000e+001  1.138845e-004
 4.678750e+001  1.373796e-004
 4.703500e+001  2.329954e-004
 4.728250e+001  2.220440e-004
 4.753000e+001  1.482495e-004
 4.777750e+001  1.197122e-004
 4.802500e+001  1.315702e-004
 4.827250e+001  8.110827e-005
 4.852000e+001  1.303885e-004
 4.876750e+001  1.176241e-004
 4.901500e+001  1.085912e-004
 4.926250e+001  1.619686e-004
 4.951000e+001  1.683072e-004
 4.975750e+001  1.298595e-003
 5.000500e+001  1.855372e-003
 5.025250e+001  6.923027e-004
 5.050000e+001  1.599970e-004
 5.074750e+001  1.224156e-004
 5.099500e+001  1.234236e-004
 5.124250e+001  1.478686e-004
 5.149000e+001  1.326219e-004
 5.173750e+001  1.187032e-004
 5.198500e+001  1.309841e-004
 5.223250e+001  1.351101e-004
 5.248000e+001  1.579550e-004
 5.272750e+001  1.513371e-004
 5.297500e+001  1.522135e-004
 5.322250e+001  1.803259e-004
 5.347000e+001  1.602069e-004
 5.371750e+001  1.363770e-004
 5.396500e+001  1.453011e-004
 5.421250e+001  1.411731e-004
 5.446000e+001  1.655085e-004
 5.470750e+001  1.081662e-004
 5.495500e+001  1.127675e-004
 5.520250e+001  1.287075e-004
 5.545000e+001  1.158196e-004
 5.569750e+001  1.213639e-004
 5.594500e+001  1.138724e-004
 5.619250e+001  1.706526e-004
 5.644000e+001  1.216061e-004
 5.668750e+001  9.202536e-005
 5.693500e+001  9.321192e-005
 5.718250e+001  8.805854e-005
 5.743000e+001  7.914369e-005
 5.767750e+001  7.689863e-005
 5.792500e+001  7.060609e-005
 5.817250e+001  1.238781e-004
 5.842000e+001  1.528776e-004
 5.866750e+001  1.450136e-004
 5.891500e+001  1.498719e-004
 5.916250e+001  1.343938e-004
 5.941000e+001  1.157832e-004
 5.965750e+001  1.414740e-004
 5.990500e+001  1.159776e-004
 6.015250e+001  1.498271e-004
 6.040000e+001  1.320687e-004
 6.064750e+001  8.211886e-005
 6.089500e+001  1.267821e-004
 6.114250e+001  1.600130e-004
 6.139000e+001  1.443737e-004
 6.163750e+001  1.271952e-004
 6.188500e+001  1.075859e-004
 6.213250e+001  1.007110e-004
 6.238000e+001  1.274849e-004
 6.262750e+001  1.383875e-004
 6.287500e+001  1.080430e-004
 6.312250e+001  1.414828e-004
 6.337000e+001  1.460401e-004
 6.361750e+001  1.281398e-004
 6.386500e+001  1.326718e-004
 6.411250e+001  1.386551e-004
 6.436000e+001  1.016675e-004
 6.460750e+001  1.352607e-004
 6.485500e+001  1.218100e-004
 6.510250e+001  1.651110e-004
 6.535000e+001  1.379051e-004
 6.559750e+001  1.131534e-004
 6.584500e+001  9.880638e-005
 6.609250e+001  1.522055e-004
 6.634000e+001  1.636814e-004
 6.658750e+001  1.946238e-004
 6.683500e+001  1.798111e-004
 6.708250e+001  1.626682e-004
 6.733000e+001  1.846003e-004
 6.757750e+001  1.544018e-004
 6.782500e+001  8.940702e-005
 6.807250e+001  1.132598e-004
 6.832000e+001  1.153898e-004
 6.856750e+001  1.004432e-004
 6.881500e+001  1.171730e-004
 6.906250e+001  1.158609e-004
 6.931000e+001  1.201199e-004
 6.955750e+001  1.395866e-004
 6.980500e+001  1.327846e-004
 7.005250e+001  1.219872e-004
 7.030000e+001  1.070539e-004
 7.054750e+001  1.333403e-004
 7.079500e+001  9.754846e-005
 7.104250e+001  1.524464e-004
 7.129000e+001  1.799416e-004
 7.153750e+001  1.575160e-004
 7.178500e+001  1.039955e-004
 7.203250e+001  1.507209e-004
 7.228000e+001  1.609537e-004
 7.252750e+001  1.732563e-004
 7.277500e+001  1.115312e-004
 7.302250e+001  1.009966e-004
 7.327000e+001  1.092346e-004
 7.351750e+001  1.047285e-004
 7.376500e+001  1.273540e-004
 7.401250e+001  1.202263e-004
 7.426000e+001  1.632543e-004
 7.450750e+001  1.718307e-004
 7.475500e+001  8.431638e-005
 7.500250e+001  1.171635e-004
 7.525000e+001  1.220475e-004
 7.549750e+001  1.130349e-004
 7.574500e+001  1.202178e-004
 7.599250e+001  1.421725e-004
 7.624000e+001  1.295762e-004
 7.648750e+001  1.167678e-004
 7.673500e+001  1.231307e-004
 7.698250e+001  1.121083e-004
 7.723000e+001  1.302246e-004
 7.747750e+001  1.372907e-004
 7.772500e+001  6.710011e-005
 7.797250e+001  8.076183e-005
 7.822000e+001  1.143395e-004
 7.846750e+001  1.451487e-004
 7.871500e+001  1.464716e-004
 7.896250e+001  1.208643e-004
 7.921000e+001  1.596501e-004
 7.945750e+001  9.514885e-005
 7.970500e+001  9.337466e-005
 7.995250e+001  1.152704e-004
 8.020000e+001  1.386093e-004
 8.044750e+001  1.290563e-004
 8.069500e+001  1.510950e-004
 8.094250e+001  1.750215e-004
 8.119000e+001  1.609352e-004
 8.143750e+001  1.020207e-004
 8.168500e+001  1.068906e-004
 8.193250e+001  1.426852e-004
 8.218000e+001  1.366551e-004
 8.242750e+001  1.108442e-004
 8.267500e+001  1.376819e-004
 8.292250e+001  1.224157e-004
 8.317000e+001  9.268775e-005
 8.341750e+001  1.272511e-004
 8.366500e+001  9.527765e-005
 8.391250e+001  1.608593e-004
 8.416000e+001  1.500654e-004
 8.440750e+001  1.364500e-004
 8.465500e+001  1.635029e-004
 8.490250e+001  1.629518e-004
 8.515000e+001  1.373126e-004
 8.539750e+001  1.407441e-004
 8.564500e+001  1.104606e-004
 8.589250e+001  1.505760e-004
 8.614000e+001  1.058087e-004
 8.638750e+001  1.467629e-004
 8.663500e+001  1.134836e-004
 8.688250e+001  1.569183e-004
 8.713000e+001  1.539971e-004
 8.737750e+001  1.564903e-004
 8.762500e+001  1.828707e-004
 8.787250e+001  1.199036e-004
 8.812000e+001  1.113899e-004
 8.836750e+001  1.464483e-004
 8.861500e+001  1.168026e-004
 8.886250e+001  9.910247e-005
 8.911000e+001  1.379133e-004
 8.935750e+001  1.377692e-004
 8.960500e+001  1.128278e-004
 8.985250e+001  1.030639e-004
 9.010000e+001  1.766258e-004
 9.034750e+001  1.785699e-004
 9.059500e+001  1.533475e-004
 9.084250e+001  1.830355e-004
 9.109000e+001  1.386165e-004
 9.133750e+001  1.046507e-004
 9.158500e+001  1.239427e-004
 9.183250e+001  1.547314e-004
 9.208000e+001  1.122920e-004
 9.232750e+001  9.882765e-005
 9.257500e+001  1.095314e-004
 9.282250e+001  1.474002e-004
 9.307000e+001  1.493601e-004
 9.331750e+001  1.306272e-004
 9.356500e+001  8.997985e-005
 9.381250e+001  7.464597e-005
 9.406000e+001  9.987878e-005
 9.430750e+001  1.228997e-004
 9.455500e+001  1.679293e-004
 9.480250e+001  1.774051e-004
 9.505000e+001  1.496487e-004
 9.529750e+001  1.338894e-004
 9.554500e+001  1.509131e-004
 9.579250e+001  1.561045e-004
 9.604000e+001  9.393123e-005
 9.628750e+001  9.209283e-005
 9.653500e+001  1.450757e-004
 9.678250e+001  1.526400e-004
 9.703000e+001  1.555370e-004
 9.727750e+001  1.268555e-004
 9.752500e+001  1.318699e-004
 9.777250e+001  1.264088e-004
 9.802000e+001  7.306063e-005
 9.826750e+001  1.036776e-004
 9.851500e+001  1.331262e-004
 9.876250e+001  1.073909e-004
 9.901000e+001  1.104598e-004
 9.925750e+001  1.369478e-004
 9.950500e+001  1.081969e-004
 9.975250e+001  6.368748e-005
 1.000000e+002  9.739871e-005
