 1.000000e+001  1.953862e-004
 1.061875e+001  2.171139e-004
 1.123750e+001  2.129599e-004
 1.185625e+001  1.689466e-004
 1.247500e+001  1.910462e-004
 1.309375e+001  2.523353e-004
 1.371250e+001  1.862320e-004
 1.433125e+001  1.569565e-004
 1.495000e+001  1.798972e-004
 1.556875e+001  1.541939e-004
 1.618750e+001  1.490156e-004
 1.680625e+001  1.553501e-004
 1.742500e+001  1.477728e-004
 1.804375e+001  1.521769e-004
 1.866250e+001  1.402708e-004
 1.928125e+001  1.724274e-004
 1.990000e+001  2.198250e-004
 2.051875e+001  1.828687e-004
 2.113750e+001  1.549575e-004
 2.175625e+001  1.563372e-004
 2.237500e+001  2.136262e-004
 2.299375e+001  1.918704e-004
 2.361250e+001  1.674930e-004
 2.423125e+001  1.563381e-004
 2.485000e+001  1.862628e-004
 2.546875e+001  1.784338e-004
 2.608750e+001  1.618665e-004
 2.670625e+001  1.544399e-004
 2.732500e+001  1.718755e-004
 2.794375e+001  1.500121e-004
 2.856250e+001  1.546830e-004
 2.918125e+001  1.557054e-004
 2.980000e+001  1.327620e-004
 3.041875e+001  1.208720e-004
 3.103750e+001  1.258460e-004
 3.165625e+001  1.559628e-004
 3.227500e+001  1.179574e-004
 3.289375e+001  1.263937e-004
 3.351250e+001  1.176152e-004
 3.413125e+001  1.274706e-004
 3.475000e+001  1.300312e-004
 3.536875e+001  1.115257e-004
 3.598750e+001  9.816797e-005
 3.660625e+001  1.046064e-004
 3.722500e+001  9.800399e-005
 3.784375e+001  1.001969e-004
 3.846250e+001  1.347306e-004
 3.908125e+001  1.422562e-004
 3.970000e+001  1.286573e-004
 4.031875e+001  1.244062e-004
 4.093750e+001  1.138359e-004
 4.155625e+001  1.059698e-004
 4.217500e+001  1.282151e-004
 4.279375e+001  1.833141e-004
 4.341250e+001  1.438487e-004
 4.403125e+001  9.439685e-005
 4.465000e+001  7.791414e-005
 4.526875e+001  1.013695e-004
 4.588750e+001  1.005796e-004
 4.650625e+001  1.031160e-004
 4.712500e+001  9.889500e-005
 4.774375e+001  1.022176e-004
 4.836250e+001  2.037790e-004
 4.898125e+001  7.050569e-004
 4.960000e+001  5.768680e-003
 5.021875e+001  7.228733e-003
 5.083750e+001  2.074923e-003
 5.145625e+001  2.276023e-004
 5.207500e+001  7.285894e-005
 5.269375e+001  7.045444e-005
 5.331250e+001  7.583316e-005
 5.393125e+001  8.883156e-005
 5.455000e+001  9.169223e-005
 5.516875e+001  7.925784e-005
 5.578750e+001  9.088656e-005
 5.640625e+001  7.982867e-005
 5.702500e+001  8.447426e-005
 5.764375e+001  8.711447e-005
 5.826250e+001  9.284676e-005
 5.888125e+001  8.661906e-005
 5.950000e+001  8.112185e-005
 6.011875e+001  8.450568e-005
 6.073750e+001  7.585564e-005
 6.135625e+001  8.806214e-005
 6.197500e+001  7.945663e-005
 6.259375e+001  8.765617e-005
 6.321250e+001  9.368915e-005
 6.383125e+001  7.983927e-005
 6.445000e+001  8.225718e-005
 6.506875e+001  7.858455e-005
 6.568750e+001  6.848840e-005
 6.630625e+001  8.651790e-005
 6.692500e+001  8.116558e-005
 6.754375e+001  6.462271e-005
 6.816250e+001  7.464823e-005
 6.878125e+001  7.415108e-005
 6.940000e+001  9.048336e-005
 7.001875e+001  6.687822e-005
 7.063750e+001  7.054804e-005
 7.125625e+001  7.875453e-005
 7.187500e+001  7.356361e-005
 7.249375e+001  7.728009e-005
 7.311250e+001  9.279424e-005
 7.373125e+001  8.105589e-005
 7.435000e+001  7.886780e-005
 7.496875e+001  9.765318e-005
 7.558750e+001  2.656333e-004
 7.620625e+001  2.559847e-004
 7.682500e+001  6.823152e-005
 7.744375e+001  7.702324e-005
 7.806250e+001  9.287191e-005
 7.868125e+001  8.449587e-005
 7.930000e+001  7.123578e-005
 7.991875e+001  7.147014e-005
 8.053750e+001  6.390670e-005
 8.115625e+001  4.917005e-005
 8.177500e+001  4.793579e-005
 8.239375e+001  7.669041e-005
 8.301250e+001  7.886704e-005
 8.363125e+001  8.036350e-005
 8.425000e+001  6.558524e-005
 8.486875e+001  4.747332e-005
 8.548750e+001  6.632626e-005
 8.610625e+001  7.602189e-005
 8.672500e+001  5.880959e-005
 8.734375e+001  5.926244e-005
 8.796250e+001  6.132100e-005
 8.858125e+001  6.133594e-005
 8.920000e+001  6.016827e-005
 8.981875e+001  5.759954e-005
 9.043750e+001  6.070251e-005
 9.105625e+001  1.034539e-004
 9.167500e+001  1.214973e-004
 9.229375e+001  5.563846e-005
 9.291250e+001  5.759378e-005
 9.353125e+001  6.121292e-005
 9.415000e+001  5.538094e-005
 9.476875e+001  5.739602e-005
 9.538750e+001  4.858965e-005
 9.600625e+001  4.431970e-005
 9.662500e+001  4.541678e-005
 9.724375e+001  5.571295e-005
 9.786250e+001  6.198713e-005
 9.848125e+001  5.279247e-005
 9.910000e+001  9.328383e-005
 9.971875e+001  3.134526e-004
 1.003375e+002  3.015908e-004
 1.009563e+002  7.188383e-005
 1.015750e+002  5.587578e-005
 1.021938e+002  6.099349e-005
 1.028125e+002  5.944457e-005
 1.034313e+002  5.723130e-005
 1.040500e+002  5.586024e-005
 1.046688e+002  4.057858e-005
 1.052875e+002  4.920691e-005
 1.059063e+002  6.242899e-005
 1.065250e+002  5.993179e-005
 1.071438e+002  6.935556e-005
 1.077625e+002  6.028609e-005
 1.083813e+002  4.940788e-005
 1.090000e+002  4.610256e-005
 1.096188e+002  4.335223e-005
 1.102375e+002  3.006921e-005
 1.108563e+002  3.839990e-005
 1.114750e+002  5.262315e-005
 1.120938e+002  5.463797e-005
 1.127125e+002  4.724157e-005
 1.133313e+002  4.173480e-005
 1.139500e+002  4.807637e-005
 1.145688e+002  4.650891e-005
 1.151875e+002  4.088468e-005
 1.158063e+002  4.833545e-005
 1.164250e+002  5.489894e-005
 1.170438e+002  5.055737e-005
 1.176625e+002  3.502641e-005
 1.182813e+002  3.610450e-005
 1.189000e+002  5.021292e-005
 1.195188e+002  4.535837e-005
 1.201375e+002  4.037054e-005
 1.207563e+002  5.072763e-005
 1.213750e+002  4.975439e-005
 1.219938e+002  5.046615e-005
 1.226125e+002  4.850100e-005
 1.232313e+002  3.748014e-005
 1.238500e+002  4.087020e-005
 1.244688e+002  4.824806e-005
 1.250875e+002  5.557236e-005
 1.257063e+002  5.189374e-005
 1.263250e+002  4.227276e-005
 1.269438e+002  4.017672e-005
 1.275625e+002  2.801187e-005
 1.281813e+002  2.452070e-005
 1.288000e+002  4.143950e-005
 1.294188e+002  3.756677e-005
 1.300375e+002  4.365995e-005
 1.306563e+002  4.092945e-005
 1.312750e+002  4.912956e-005
 1.318938e+002  4.037161e-005
 1.325125e+002  4.298681e-005
 1.331313e+002  4.642743e-005
 1.337500e+002  4.516782e-005
 1.343688e+002  4.735169e-005
 1.349875e+002  3.722744e-005
 1.356063e+002  3.165721e-005
 1.362250e+002  3.871804e-005
 1.368438e+002  4.320172e-005
 1.374625e+002  4.373114e-005
 1.380813e+002  4.606770e-005
 1.387000e+002  4.390293e-005
 1.393188e+002  3.568351e-005
 1.399375e+002  3.364704e-005
 1.405563e+002  3.561498e-005
 1.411750e+002  3.914993e-005
 1.417938e+002  4.231040e-005
 1.424125e+002  4.344105e-005
 1.430313e+002  3.695827e-005
 1.436500e+002  3.241375e-005
 1.442688e+002  3.713063e-005
 1.448875e+002  4.050092e-005
 1.455063e+002  4.608430e-005
 1.461250e+002  4.558775e-005
 1.467438e+002  4.977457e-005
 1.473625e+002  3.451425e-005
 1.479813e+002  5.260553e-005
 1.486000e+002  1.577761e-004
 1.492188e+002  1.435790e-003
 1.498375e+002  5.018750e-003
 1.504563e+002  4.016006e-003
 1.510750e+002  5.059864e-004
 1.516938e+002  1.045657e-004
 1.523125e+002  5.663303e-005
 1.529313e+002  4.749217e-005
 1.535500e+002  3.666262e-005
 1.541688e+002  4.420073e-005
 1.547875e+002  5.175761e-005
 1.554063e+002  3.793804e-005
 1.560250e+002  2.624001e-005
 1.566438e+002  2.993449e-005
 1.572625e+002  3.604270e-005
 1.578813e+002  2.904774e-005
 1.585000e+002  3.203545e-005
 1.591188e+002  3.443778e-005
 1.597375e+002  3.775416e-005
 1.603563e+002  3.853223e-005
 1.609750e+002  3.025170e-005
 1.615938e+002  3.511203e-005
 1.622125e+002  3.583215e-005
 1.628313e+002  3.226202e-005
 1.634500e+002  3.030235e-005
 1.640688e+002  3.011658e-005
 1.646875e+002  3.137545e-005
 1.653063e+002  2.789219e-005
 1.659250e+002  2.805837e-005
 1.665438e+002  2.956152e-005
 1.671625e+002  3.689933e-005
 1.677813e+002  2.883412e-005
 1.684000e+002  2.773786e-005
 1.690188e+002  2.858535e-005
 1.696375e+002  2.991224e-005
 1.702563e+002  2.758365e-005
 1.708750e+002  3.289293e-005
 1.714938e+002  2.974755e-005
 1.721125e+002  3.072826e-005
 1.727313e+002  3.090570e-005
 1.733500e+002  3.091723e-005
 1.739688e+002  3.662384e-005
 1.745875e+002  2.996162e-005
 1.752063e+002  3.083410e-005
 1.758250e+002  3.578530e-005
 1.764438e+002  3.013951e-005
 1.770625e+002  3.427001e-005
 1.776813e+002  4.429602e-005
 1.783000e+002  3.302772e-005
 1.789188e+002  2.659229e-005
 1.795375e+002  2.314762e-005
 1.801563e+002  2.102148e-005
 1.807750e+002  2.515884e-005
 1.813938e+002  3.767405e-005
 1.820125e+002  3.923763e-005
 1.826313e+002  3.387666e-005
 1.832500e+002  3.085110e-005
 1.838688e+002  3.765616e-005
 1.844875e+002  3.819085e-005
 1.851063e+002  2.986334e-005
 1.857250e+002  2.879104e-005
 1.863438e+002  3.136274e-005
 1.869625e+002  3.231538e-005
 1.875813e+002  3.027208e-005
 1.882000e+002  2.998254e-005
 1.888188e+002  2.680606e-005
 1.894375e+002  3.179610e-005
 1.900563e+002  3.203020e-005
 1.906750e+002  3.009701e-005
 1.912938e+002  2.889634e-005
 1.919125e+002  2.657210e-005
 1.925313e+002  3.152073e-005
 1.931500e+002  2.804904e-005
 1.937688e+002  2.358933e-005
 1.943875e+002  2.872196e-005
 1.950063e+002  2.820673e-005
 1.956250e+002  2.758208e-005
 1.962438e+002  2.713807e-005
 1.968625e+002  2.922054e-005
 1.974813e+002  4.161438e-005
 1.981000e+002  4.339349e-005
 1.987188e+002  3.954365e-005
 1.993375e+002  8.652053e-005
 1.999563e+002  2.090381e-004
 2.005750e+002  1.408931e-004
 2.011938e+002  3.239612e-005
 2.018125e+002  2.937673e-005
 2.024313e+002  2.515589e-005
 2.030500e+002  2.519351e-005
 2.036688e+002  3.303280e-005
 2.042875e+002  2.965175e-005
 2.049063e+002  2.355879e-005
 2.055250e+002  3.684936e-005
 2.061438e+002  4.107520e-005
 2.067625e+002  2.882246e-005
 2.073813e+002  3.018778e-005
 2.080000e+002  2.697643e-005
 2.086188e+002  2.728461e-005
 2.092375e+002  2.287319e-005
 2.098563e+002  2.339909e-005
 2.104750e+002  2.744746e-005
 2.110938e+002  2.782729e-005
 2.117125e+002  2.518892e-005
 2.123313e+002  2.455969e-005
 2.129500e+002  3.030880e-005
 2.135688e+002  3.034950e-005
 2.141875e+002  3.155337e-005
 2.148063e+002  2.233206e-005
 2.154250e+002  2.967505e-005
 2.160438e+002  1.965365e-005
 2.166625e+002  1.643419e-005
 2.172813e+002  2.140615e-005
 2.179000e+002  2.948388e-005
 2.185188e+002  2.788501e-005
 2.191375e+002  2.309604e-005
 2.197563e+002  2.496401e-005
 2.203750e+002  2.788983e-005
 2.209938e+002  2.634807e-005
 2.216125e+002  2.518812e-005
 2.222313e+002  2.983518e-005
 2.228500e+002  2.854420e-005
 2.234688e+002  2.852429e-005
 2.240875e+002  2.847536e-005
 2.247063e+002  3.115365e-005
 2.253250e+002  3.004136e-005
 2.259438e+002  2.677711e-005
 2.265625e+002  3.173885e-005
 2.271813e+002  2.856296e-005
 2.278000e+002  2.613122e-005
 2.284188e+002  2.163823e-005
 2.290375e+002  2.326166e-005
 2.296563e+002  2.085356e-005
 2.302750e+002  2.553536e-005
 2.308938e+002  2.435562e-005
 2.315125e+002  2.156228e-005
 2.321313e+002  2.818874e-005
 2.327500e+002  2.964499e-005
 2.333688e+002  2.096392e-005
 2.339875e+002  2.730024e-005
 2.346063e+002  2.409332e-005
 2.352250e+002  2.156699e-005
 2.358438e+002  2.170211e-005
 2.364625e+002  2.273335e-005
 2.370813e+002  3.380754e-005
 2.377000e+002  3.437656e-005
 2.383188e+002  2.756532e-005
 2.389375e+002  2.595146e-005
 2.395563e+002  2.949830e-005
 2.401750e+002  3.299348e-005
 2.407938e+002  2.796030e-005
 2.414125e+002  2.064937e-005
 2.420313e+002  2.522334e-005
 2.426500e+002  2.192498e-005
 2.432688e+002  2.423502e-005
 2.438875e+002  2.340800e-005
 2.445063e+002  3.112309e-005
 2.451250e+002  2.496407e-005
 2.457438e+002  2.198792e-005
 2.463625e+002  3.288525e-005
 2.469813e+002  3.288776e-005
 2.476000e+002  2.717906e-005
 2.482188e+002  2.204722e-005
 2.488375e+002  2.714214e-005
 2.494563e+002  6.126030e-004
 2.500750e+002  1.208601e-003
 2.506938e+002  6.063426e-004
 2.513125e+002  3.705390e-005
 2.519313e+002  3.002879e-005
 2.525500e+002  2.677821e-005
 2.531688e+002  2.835112e-005
 2.537875e+002  3.113989e-005
 2.544063e+002  2.685878e-005
 2.550250e+002  2.905368e-005
 2.556438e+002  2.957148e-005
 2.562625e+002  2.796692e-005
 2.568813e+002  2.430669e-005
 2.575000e+002  1.743793e-005
 2.581188e+002  1.890806e-005
 2.587375e+002  1.908521e-005
 2.593563e+002  1.953124e-005
 2.599750e+002  2.172742e-005
 2.605938e+002  2.230035e-005
 2.612125e+002  2.531388e-005
 2.618313e+002  2.540395e-005
 2.624500e+002  1.922319e-005
 2.630688e+002  1.884213e-005
 2.636875e+002  2.354691e-005
 2.643063e+002  2.839685e-005
 2.649250e+002  2.650728e-005
 2.655438e+002  2.162191e-005
 2.661625e+002  1.956078e-005
 2.667813e+002  2.282302e-005
 2.674000e+002  3.120171e-005
 2.680188e+002  2.610409e-005
 2.686375e+002  2.138644e-005
 2.692563e+002  2.402482e-005
 2.698750e+002  3.096335e-005
 2.704938e+002  3.048167e-005
 2.711125e+002  2.391700e-005
 2.717313e+002  2.374461e-005
 2.723500e+002  2.326912e-005
 2.729688e+002  2.628723e-005
 2.735875e+002  2.104802e-005
 2.742063e+002  1.990780e-005
 2.748250e+002  2.771901e-005
 2.754438e+002  3.422604e-005
 2.760625e+002  2.805733e-005
 2.766813e+002  1.909318e-005
 2.773000e+002  2.068858e-005
 2.779188e+002  2.122568e-005
 2.785375e+002  2.542404e-005
 2.791563e+002  3.121272e-005
 2.797750e+002  2.963406e-005
 2.803938e+002  3.141287e-005
 2.810125e+002  3.376720e-005
 2.816313e+002  2.911311e-005
 2.822500e+002  2.201017e-005
 2.828688e+002  2.154720e-005
 2.834875e+002  2.137005e-005
 2.841063e+002  2.196765e-005
 2.847250e+002  1.962049e-005
 2.853438e+002  2.203712e-005
 2.859625e+002  2.687955e-005
 2.865813e+002  2.521960e-005
 2.872000e+002  2.277968e-005
 2.878188e+002  2.409626e-005
 2.884375e+002  2.510634e-005
 2.890563e+002  2.760211e-005
 2.896750e+002  2.277661e-005
 2.902938e+002  2.060404e-005
 2.909125e+002  2.721694e-005
 2.915313e+002  2.885859e-005
 2.921500e+002  2.520131e-005
 2.927688e+002  2.645970e-005
 2.933875e+002  3.296513e-005
 2.940063e+002  3.371887e-005
 2.946250e+002  2.806781e-005
 2.952438e+002  2.029012e-005
 2.958625e+002  1.949290e-005
 2.964813e+002  2.518651e-005
 2.971000e+002  2.216377e-005
 2.977188e+002  1.879842e-005
 2.983375e+002  2.753155e-005
 2.989563e+002  3.391632e-005
 2.995750e+002  2.360114e-004
 3.001938e+002  3.689960e-004
 3.008125e+002  1.423742e-004
 3.014313e+002  2.165791e-005
 3.020500e+002  2.844484e-005
 3.026688e+002  3.096561e-005
 3.032875e+002  2.818511e-005
 3.039063e+002  2.427939e-005
 3.045250e+002  2.149192e-005
 3.051438e+002  2.653023e-005
 3.057625e+002  2.335936e-005
 3.063813e+002  1.887828e-005
 3.070000e+002  2.092440e-005
 3.076188e+002  1.958837e-005
 3.082375e+002  2.186809e-005
 3.088563e+002  3.028504e-005
 3.094750e+002  3.005334e-005
 3.100938e+002  2.530386e-005
 3.107125e+002  2.774479e-005
 3.113313e+002  2.677738e-005
 3.119500e+002  2.107274e-005
 3.125688e+002  2.383346e-005
 3.131875e+002  2.485414e-005
 3.138063e+002  3.000935e-005
 3.144250e+002  2.950732e-005
 3.150437e+002  2.244103e-005
 3.156625e+002  2.213172e-005
 3.162812e+002  1.940560e-005
 3.169000e+002  2.205856e-005
 3.175187e+002  2.264429e-005
 3.181375e+002  1.878242e-005
 3.187562e+002  2.343210e-005
 3.193750e+002  2.271804e-005
 3.199937e+002  2.111180e-005
 3.206125e+002  1.565644e-005
 3.212312e+002  1.934479e-005
 3.218500e+002  2.255790e-005
 3.224687e+002  2.782099e-005
 3.230875e+002  2.075552e-005
 3.237062e+002  2.441704e-005
 3.243250e+002  2.830397e-005
 3.249437e+002  2.469660e-005
 3.255625e+002  2.453287e-005
 3.261812e+002  2.836575e-005
 3.268000e+002  2.716283e-005
 3.274187e+002  2.896458e-005
 3.280375e+002  3.021993e-005
 3.286562e+002  2.544720e-005
 3.292750e+002  2.470792e-005
 3.298937e+002  2.377800e-005
 3.305125e+002  1.984404e-005
 3.311312e+002  2.474194e-005
 3.317500e+002  2.773562e-005
 3.323687e+002  2.638336e-005
 3.329875e+002  3.263052e-005
 3.336062e+002  2.701868e-005
 3.342250e+002  2.599505e-005
 3.348437e+002  2.834686e-005
 3.354625e+002  2.419314e-005
 3.360812e+002  2.129046e-005
 3.367000e+002  1.880941e-005
 3.373187e+002  1.919563e-005
 3.379375e+002  2.414287e-005
 3.385562e+002  2.475817e-005
 3.391750e+002  2.136663e-005
 3.397937e+002  2.119439e-005
 3.404125e+002  2.100736e-005
 3.410312e+002  2.913532e-005
 3.416500e+002  3.402767e-005
 3.422687e+002  3.259658e-005
 3.428875e+002  2.768787e-005
 3.435062e+002  2.430432e-005
 3.441250e+002  2.607457e-005
 3.447437e+002  1.946464e-005
 3.453625e+002  2.169311e-005
 3.459812e+002  2.199530e-005
 3.466000e+002  2.222529e-005
 3.472187e+002  2.558136e-005
 3.478375e+002  2.391541e-005
 3.484562e+002  3.000138e-005
 3.490750e+002  4.200289e-005
 3.496937e+002  2.453845e-004
 3.503125e+002  3.036331e-004
 3.509312e+002  9.005406e-005
 3.515500e+002  2.080977e-005
 3.521687e+002  2.484696e-005
 3.527875e+002  2.030882e-005
 3.534062e+002  1.889561e-005
 3.540250e+002  1.902788e-005
 3.546437e+002  2.562427e-005
 3.552625e+002  2.383398e-005
 3.558812e+002  2.298986e-005
 3.565000e+002  1.858728e-005
 3.571187e+002  2.020537e-005
 3.577375e+002  2.082574e-005
 3.583562e+002  2.029821e-005
 3.589750e+002  1.952973e-005
 3.595937e+002  2.281520e-005
 3.602125e+002  2.238721e-005
 3.608312e+002  2.399981e-005
 3.614500e+002  2.560521e-005
 3.620687e+002  2.239557e-005
 3.626875e+002  2.109048e-005
 3.633062e+002  2.186788e-005
 3.639250e+002  2.194661e-005
 3.645437e+002  2.543008e-005
 3.651625e+002  2.443874e-005
 3.657812e+002  2.171265e-005
 3.664000e+002  2.330893e-005
 3.670187e+002  2.313705e-005
 3.676375e+002  2.432859e-005
 3.682562e+002  2.274963e-005
 3.688750e+002  2.632689e-005
 3.694937e+002  2.496912e-005
 3.701125e+002  2.598219e-005
 3.707312e+002  2.382076e-005
 3.713500e+002  1.967384e-005
 3.719687e+002  2.116035e-005
 3.725875e+002  2.346588e-005
 3.732062e+002  2.489587e-005
 3.738250e+002  2.534916e-005
 3.744437e+002  3.107464e-005
 3.750625e+002  2.948183e-005
 3.756812e+002  1.901995e-005
 3.763000e+002  2.244621e-005
 3.769187e+002  2.771034e-005
 3.775375e+002  2.382817e-005
 3.781562e+002  2.207595e-005
 3.787750e+002  2.267379e-005
 3.793937e+002  2.137477e-005
 3.800125e+002  2.448149e-005
 3.806312e+002  2.488512e-005
 3.812500e+002  1.851714e-005
 3.818687e+002  1.765978e-005
 3.824875e+002  2.374335e-005
 3.831062e+002  2.511622e-005
 3.837250e+002  2.617143e-005
 3.843437e+002  2.128750e-005
 3.849625e+002  1.545036e-005
 3.855812e+002  2.267620e-005
 3.862000e+002  2.122759e-005
 3.868187e+002  1.958145e-005
 3.874375e+002  2.309307e-005
 3.880562e+002  2.173582e-005
 3.886750e+002  2.417927e-005
 3.892937e+002  2.463816e-005
 3.899125e+002  2.218066e-005
 3.905312e+002  1.944585e-005
 3.911500e+002  2.195072e-005
 3.917687e+002  2.400169e-005
 3.923875e+002  2.100014e-005
 3.930062e+002  1.902160e-005
 3.936250e+002  2.188498e-005
 3.942437e+002  2.285601e-005
 3.948625e+002  1.947481e-005
 3.954812e+002  1.970091e-005
 3.961000e+002  2.036638e-005
 3.967187e+002  1.802456e-005
 3.973375e+002  1.680096e-005
 3.979562e+002  1.896731e-005
 3.985750e+002  2.223852e-005
 3.991937e+002  5.844417e-005
 3.998125e+002  2.722878e-004
 4.004312e+002  2.717186e-004
 4.010500e+002  5.585965e-005
 4.016687e+002  2.479953e-005
 4.022875e+002  1.848282e-005
 4.029062e+002  2.054736e-005
 4.035250e+002  2.391714e-005
 4.041437e+002  2.310892e-005
 4.047625e+002  1.765029e-005
 4.053812e+002  2.216266e-005
 4.060000e+002  2.232578e-005
 4.066187e+002  2.064843e-005
 4.072375e+002  1.840085e-005
 4.078562e+002  2.212104e-005
 4.084750e+002  2.729613e-005
 4.090937e+002  2.147953e-005
 4.097125e+002  1.801251e-005
 4.103312e+002  1.681195e-005
 4.109500e+002  2.278992e-005
 4.115687e+002  2.551840e-005
 4.121875e+002  1.634304e-005
 4.128062e+002  2.046603e-005
 4.134250e+002  2.766183e-005
 4.140437e+002  2.551593e-005
 4.146625e+002  2.964613e-005
 4.152812e+002  3.013869e-005
 4.159000e+002  2.475432e-005
 4.165187e+002  2.146037e-005
 4.171375e+002  2.092422e-005
 4.177562e+002  2.283811e-005
 4.183750e+002  2.186848e-005
 4.189937e+002  2.373634e-005
 4.196125e+002  2.027610e-005
 4.202312e+002  2.402175e-005
 4.208500e+002  2.335207e-005
 4.214687e+002  2.358296e-005
 4.220875e+002  2.351795e-005
 4.227062e+002  2.439540e-005
 4.233250e+002  2.243222e-005
 4.239437e+002  2.097010e-005
 4.245625e+002  2.444283e-005
 4.251812e+002  2.770483e-005
 4.258000e+002  3.008451e-005
 4.264187e+002  2.929424e-005
 4.270375e+002  2.790455e-005
 4.276562e+002  2.636985e-005
 4.282750e+002  2.027849e-005
 4.288937e+002  2.235147e-005
 4.295125e+002  1.978381e-005
 4.301312e+002  1.876211e-005
 4.307500e+002  2.036913e-005
 4.313687e+002  2.261000e-005
 4.319875e+002  2.181494e-005
 4.326062e+002  2.148835e-005
 4.332250e+002  1.732647e-005
 4.338437e+002  2.388513e-005
 4.344625e+002  2.683143e-005
 4.350812e+002  2.566704e-005
 4.357000e+002  2.400877e-005
 4.363187e+002  2.148127e-005
 4.369375e+002  2.256052e-005
 4.375562e+002  2.328906e-005
 4.381750e+002  2.247559e-005
 4.387937e+002  2.299212e-005
 4.394125e+002  1.902051e-005
 4.400312e+002  1.783581e-005
 4.406500e+002  1.900196e-005
 4.412687e+002  1.763241e-005
 4.418875e+002  2.307856e-005
 4.425062e+002  2.288719e-005
 4.431250e+002  1.852977e-005
 4.437437e+002  1.928506e-005
 4.443625e+002  2.157529e-005
 4.449812e+002  2.264255e-005
 4.456000e+002  2.261558e-005
 4.462187e+002  2.070153e-005
 4.468375e+002  1.773165e-005
 4.474562e+002  1.987375e-005
 4.480750e+002  2.110401e-005
 4.486937e+002  2.138745e-005
 4.493125e+002  8.176041e-005
 4.499312e+002  2.664326e-004
 4.505500e+002  2.108551e-004
 4.511687e+002  3.772719e-005
 4.517875e+002  1.937171e-005
 4.524062e+002  1.580676e-005
 4.530250e+002  1.803275e-005
 4.536437e+002  1.837017e-005
 4.542625e+002  2.145914e-005
 4.548812e+002  2.386798e-005
 4.555000e+002  2.488323e-005
 4.561187e+002  2.136705e-005
 4.567375e+002  2.159875e-005
 4.573562e+002  2.077184e-005
 4.579750e+002  1.777297e-005
 4.585937e+002  1.966141e-005
 4.592125e+002  2.112334e-005
 4.598312e+002  2.435489e-005
 4.604500e+002  1.964648e-005
 4.610687e+002  2.410875e-005
 4.616875e+002  2.847595e-005
 4.623062e+002  1.968524e-005
 4.629250e+002  1.502058e-005
 4.635437e+002  1.977701e-005
 4.641625e+002  2.503995e-005
 4.647812e+002  2.613336e-005
 4.654000e+002  1.861578e-005
 4.660187e+002  1.585793e-005
 4.666375e+002  2.014948e-005
 4.672562e+002  1.972642e-005
 4.678750e+002  2.451573e-005
 4.684937e+002  2.745696e-005
 4.691125e+002  2.438816e-005
 4.697312e+002  2.072404e-005
 4.703500e+002  1.874038e-005
 4.709687e+002  2.052444e-005
 4.715875e+002  2.307781e-005
 4.722062e+002  2.415049e-005
 4.728250e+002  2.216158e-005
 4.734437e+002  2.093973e-005
 4.740625e+002  2.568253e-005
 4.746812e+002  2.183635e-005
 4.753000e+002  1.953894e-005
 4.759187e+002  2.029559e-005
 4.765375e+002  1.974905e-005
 4.771562e+002  2.097259e-005
 4.777750e+002  1.966024e-005
 4.783937e+002  2.173673e-005
 4.790125e+002  2.110920e-005
 4.796312e+002  2.031533e-005
 4.802500e+002  1.979630e-005
 4.808687e+002  2.085593e-005
 4.814875e+002  2.170361e-005
 4.821062e+002  2.155573e-005
 4.827250e+002  2.118802e-005
 4.833437e+002  2.004223e-005
 4.839625e+002  1.966242e-005
 4.845812e+002  2.140636e-005
 4.852000e+002  2.234899e-005
 4.858187e+002  1.840514e-005
 4.864375e+002  1.926513e-005
 4.870562e+002  2.143055e-005
 4.876750e+002  2.514178e-005
 4.882937e+002  2.709690e-005
 4.889125e+002  2.659857e-005
 4.895312e+002  2.277684e-005
 4.901500e+002  2.019021e-005
 4.907687e+002  1.934764e-005
 4.913875e+002  2.100396e-005
 4.920062e+002  2.121223e-005
 4.926250e+002  2.233694e-005
 4.932437e+002  1.867856e-005
 4.938625e+002  1.917281e-005
 4.944812e+002  2.130552e-005
 4.951000e+002  2.043388e-005
 4.957187e+002  2.215975e-005
 4.963375e+002  2.487673e-005
 4.969562e+002  2.288538e-005
 4.975750e+002  2.162425e-005
 4.981937e+002  2.485731e-005
 4.988125e+002  2.201452e-005
 4.994312e+002  1.450337e-004
 5.000500e+002  3.539803e-004
 5.006687e+002  2.218804e-004
 5.012875e+002  2.483166e-005
 5.019062e+002  1.818211e-005
 5.025250e+002  1.935295e-005
 5.031437e+002  1.638007e-005
 5.037625e+002  1.857797e-005
 5.043812e+002  1.935421e-005
 5.050000e+002  1.957600e-005
 5.056187e+002  1.907220e-005
 5.062375e+002  2.189961e-005
 5.068562e+002  2.524446e-005
 5.074750e+002  2.808399e-005
 5.080937e+002  2.327227e-005
 5.087125e+002  2.244552e-005
 5.093312e+002  2.719721e-005
 5.099500e+002  2.293907e-005
 5.105687e+002  2.022857e-005
 5.111875e+002  2.172635e-005
 5.118062e+002  1.861002e-005
 5.124250e+002  2.453982e-005
 5.130437e+002  2.441770e-005
 5.136625e+002  2.756193e-005
 5.142812e+002  2.604080e-005
 5.149000e+002  2.325922e-005
 5.155187e+002  1.882955e-005
 5.161375e+002  1.868918e-005
 5.167562e+002  2.007645e-005
 5.173750e+002  2.032811e-005
 5.179937e+002  2.816922e-005
 5.186125e+002  2.989147e-005
 5.192312e+002  2.669526e-005
 5.198500e+002  1.835100e-005
 5.204687e+002  2.278246e-005
 5.210875e+002  2.426254e-005
 5.217062e+002  2.506565e-005
 5.223250e+002  2.754625e-005
 5.229437e+002  2.757000e-005
 5.235625e+002  2.473024e-005
 5.241812e+002  2.190022e-005
 5.248000e+002  2.067944e-005
 5.254187e+002  2.127436e-005
 5.260375e+002  1.998050e-005
 5.266562e+002  2.325192e-005
 5.272750e+002  2.383061e-005
 5.278937e+002  2.199896e-005
 5.285125e+002  1.920199e-005
 5.291312e+002  1.701707e-005
 5.297500e+002  1.512150e-005
 5.303687e+002  2.277839e-005
 5.309875e+002  2.812578e-005
 5.316062e+002  2.691616e-005
 5.322250e+002  1.737362e-005
 5.328437e+002  2.460002e-005
 5.334625e+002  2.508025e-005
 5.340812e+002  2.090081e-005
 5.347000e+002  2.171632e-005
 5.353187e+002  2.162199e-005
 5.359375e+002  2.077440e-005
 5.365562e+002  2.251932e-005
 5.371750e+002  1.791362e-005
 5.377937e+002  1.893292e-005
 5.384125e+002  2.092625e-005
 5.390312e+002  2.580274e-005
 5.396500e+002  2.283296e-005
 5.402687e+002  2.086843e-005
 5.408875e+002  2.161829e-005
 5.415062e+002  2.334984e-005
 5.421250e+002  2.459593e-005
 5.427437e+002  2.018642e-005
 5.433625e+002  2.202588e-005
 5.439812e+002  2.211748e-005
 5.446000e+002  1.966872e-005
 5.452187e+002  2.185755e-005
 5.458375e+002  1.973062e-005
 5.464562e+002  1.645104e-005
 5.470750e+002  1.995688e-005
 5.476937e+002  2.144734e-005
 5.483125e+002  1.974409e-005
 5.489312e+002  2.015896e-005
 5.495500e+002  2.262456e-004
 5.501687e+002  4.408909e-004
 5.507875e+002  2.222603e-004
 5.514062e+002  2.594466e-005
 5.520250e+002  2.397546e-005
 5.526437e+002  2.118141e-005
 5.532625e+002  1.751654e-005
 5.538812e+002  1.810089e-005
 5.545000e+002  2.035651e-005
 5.551187e+002  2.267064e-005
 5.557375e+002  2.203247e-005
 5.563562e+002  1.920852e-005
 5.569750e+002  2.018142e-005
 5.575937e+002  1.829440e-005
 5.582125e+002  1.635228e-005
 5.588312e+002  2.001186e-005
 5.594500e+002  2.270626e-005
 5.600687e+002  2.309805e-005
 5.606875e+002  2.110669e-005
 5.613062e+002  1.960307e-005
 5.619250e+002  1.688732e-005
 5.625437e+002  2.247992e-005
 5.631625e+002  2.453647e-005
 5.637812e+002  2.115623e-005
 5.644000e+002  1.748015e-005
 5.650187e+002  2.280038e-005
 5.656375e+002  2.503056e-005
 5.662562e+002  1.882288e-005
 5.668750e+002  2.435047e-005
 5.674937e+002  2.166798e-005
 5.681125e+002  1.767545e-005
 5.687312e+002  1.857413e-005
 5.693500e+002  1.799132e-005
 5.699687e+002  1.820371e-005
 5.705875e+002  2.050187e-005
 5.712062e+002  1.973780e-005
 5.718250e+002  1.282898e-005
 5.724437e+002  1.549043e-005
 5.730625e+002  1.744357e-005
 5.736812e+002  1.776775e-005
 5.743000e+002  1.630850e-005
 5.749187e+002  1.886729e-005
 5.755375e+002  2.057080e-005
 5.761562e+002  1.892880e-005
 5.767750e+002  1.853311e-005
 5.773937e+002  1.903770e-005
 5.780125e+002  1.892672e-005
 5.786312e+002  1.284908e-005
 5.792500e+002  1.652508e-005
 5.798687e+002  1.905871e-005
 5.804875e+002  1.966489e-005
 5.811062e+002  2.453129e-005
 5.817250e+002  2.273299e-005
 5.823437e+002  2.770635e-005
 5.829625e+002  2.682826e-005
 5.835812e+002  2.306441e-005
 5.842000e+002  2.335564e-005
 5.848187e+002  2.122908e-005
 5.854375e+002  1.402166e-005
 5.860562e+002  1.637851e-005
 5.866750e+002  2.099661e-005
 5.872937e+002  2.079338e-005
 5.879125e+002  1.925021e-005
 5.885312e+002  1.445761e-005
 5.891500e+002  1.606068e-005
 5.897687e+002  1.786881e-005
 5.903875e+002  2.003644e-005
 5.910062e+002  1.657405e-005
 5.916250e+002  2.061571e-005
 5.922437e+002  1.683302e-005
 5.928625e+002  1.793254e-005
 5.934812e+002  2.214134e-005
 5.941000e+002  2.193748e-005
 5.947187e+002  1.834312e-005
 5.953375e+002  1.896722e-005
 5.959562e+002  2.065237e-005
 5.965750e+002  2.553562e-005
 5.971937e+002  1.947444e-005
 5.978125e+002  1.887375e-005
 5.984312e+002  2.122697e-005
 5.990500e+002  2.636812e-005
 5.996687e+002  1.244906e-004
 6.002875e+002  1.829029e-004
 6.009062e+002  7.209344e-005
 6.015250e+002  2.297516e-005
 6.021437e+002  2.638724e-005
 6.027625e+002  2.455904e-005
 6.033812e+002  1.966291e-005
 6.040000e+002  1.628552e-005
 6.046187e+002  2.107253e-005
 6.052375e+002  2.030769e-005
 6.058562e+002  2.158944e-005
 6.064750e+002  2.508115e-005
 6.070937e+002  2.403797e-005
 6.077125e+002  2.187314e-005
 6.083312e+002  1.829208e-005
 6.089500e+002  1.799600e-005
 6.095687e+002  2.532049e-005
 6.101875e+002  2.068576e-005
 6.108062e+002  2.077833e-005
 6.114250e+002  2.195930e-005
 6.120437e+002  1.940527e-005
 6.126625e+002  2.116297e-005
 6.132812e+002  2.187102e-005
 6.139000e+002  2.148823e-005
 6.145187e+002  2.307530e-005
 6.151375e+002  2.298275e-005
 6.157562e+002  2.188722e-005
 6.163750e+002  2.365820e-005
 6.169937e+002  2.775856e-005
 6.176125e+002  2.068807e-005
 6.182312e+002  1.834757e-005
 6.188500e+002  1.897816e-005
 6.194687e+002  1.975936e-005
 6.200875e+002  1.906986e-005
 6.207062e+002  1.743289e-005
 6.213250e+002  1.728969e-005
 6.219437e+002  1.651068e-005
 6.225625e+002  1.933116e-005
 6.231812e+002  2.240744e-005
 6.238000e+002  2.164977e-005
 6.244187e+002  1.862096e-005
 6.250375e+002  1.947511e-005
 6.256562e+002  2.212908e-005
 6.262750e+002  1.939099e-005
 6.268937e+002  1.959046e-005
 6.275125e+002  2.167515e-005
 6.281312e+002  1.712796e-005
 6.287500e+002  1.456276e-005
 6.293687e+002  1.727308e-005
 6.299875e+002  2.403579e-005
 6.306062e+002  2.465745e-005
 6.312250e+002  2.059500e-005
 6.318437e+002  2.121418e-005
 6.324625e+002  2.488719e-005
 6.330812e+002  1.965909e-005
 6.337000e+002  2.155111e-005
 6.343187e+002  2.232792e-005
 6.349375e+002  2.012239e-005
 6.355562e+002  1.974008e-005
 6.361750e+002  1.947731e-005
 6.367937e+002  1.721205e-005
 6.374125e+002  2.156153e-005
 6.380312e+002  2.543443e-005
 6.386500e+002  1.955867e-005
 6.392687e+002  2.117550e-005
 6.398875e+002  2.253949e-005
 6.405062e+002  2.096068e-005
 6.411250e+002  1.807985e-005
 6.417437e+002  1.941994e-005
 6.423625e+002  2.127025e-005
 6.429812e+002  1.722766e-005
 6.436000e+002  1.752231e-005
 6.442187e+002  2.109614e-005
 6.448375e+002  1.418989e-005
 6.454562e+002  2.257053e-005
 6.460750e+002  2.353715e-005
 6.466937e+002  2.395860e-005
 6.473125e+002  2.053118e-005
 6.479312e+002  2.074105e-005
 6.485500e+002  2.550477e-005
 6.491687e+002  4.913823e-005
 6.497875e+002  3.288685e-004
 6.504062e+002  4.006074e-004
 6.510250e+002  1.154277e-004
 6.516437e+002  2.991462e-005
 6.522625e+002  2.176292e-005
 6.528812e+002  2.256490e-005
 6.535000e+002  3.043567e-005
 6.541187e+002  2.543043e-005
 6.547375e+002  2.219741e-005
 6.553562e+002  2.309760e-005
 6.559750e+002  2.573441e-005
 6.565937e+002  1.831563e-005
 6.572125e+002  2.040396e-005
 6.578312e+002  2.203999e-005
 6.584500e+002  2.261532e-005
 6.590687e+002  1.827354e-005
 6.596875e+002  1.579249e-005
 6.603062e+002  1.722895e-005
 6.609250e+002  2.315697e-005
 6.615437e+002  2.371774e-005
 6.621625e+002  2.797564e-005
 6.627812e+002  2.482787e-005
 6.634000e+002  1.914816e-005
 6.640187e+002  1.992093e-005
 6.646375e+002  1.918640e-005
 6.652562e+002  2.433806e-005
 6.658750e+002  2.194921e-005
 6.664937e+002  2.085583e-005
 6.671125e+002  2.191152e-005
 6.677312e+002  1.714560e-005
 6.683500e+002  1.998592e-005
 6.689687e+002  2.410418e-005
 6.695875e+002  2.643337e-005
 6.702062e+002  2.316147e-005
 6.708250e+002  2.066278e-005
 6.714437e+002  1.865871e-005
 6.720625e+002  2.199740e-005
 6.726812e+002  2.646589e-005
 6.733000e+002  2.325962e-005
 6.739187e+002  2.425470e-005
 6.745375e+002  2.419376e-005
 6.751562e+002  1.802435e-005
 6.757750e+002  1.528952e-005
 6.763937e+002  2.230922e-005
 6.770125e+002  2.539196e-005
 6.776312e+002  2.487167e-005
 6.782500e+002  2.055987e-005
 6.788687e+002  2.243911e-005
 6.794875e+002  2.407935e-005
 6.801062e+002  2.226977e-005
 6.807250e+002  1.801189e-005
 6.813437e+002  1.547618e-005
 6.819625e+002  1.896767e-005
 6.825812e+002  2.564044e-005
 6.832000e+002  2.030742e-005
 6.838187e+002  1.349316e-005
 6.844375e+002  1.776459e-005
 6.850562e+002  2.004521e-005
 6.856750e+002  2.246231e-005
 6.862937e+002  2.365254e-005
 6.869125e+002  2.348818e-005
 6.875312e+002  2.740743e-005
 6.881500e+002  2.355329e-005
 6.887687e+002  1.896683e-005
 6.893875e+002  1.974179e-005
 6.900062e+002  1.894258e-005
 6.906250e+002  1.511648e-005
 6.912437e+002  2.173833e-005
 6.918625e+002  2.437076e-005
 6.924812e+002  2.242677e-005
 6.931000e+002  2.333386e-005
 6.937187e+002  2.553884e-005
 6.943375e+002  2.002566e-005
 6.949562e+002  2.173340e-005
 6.955750e+002  2.171439e-005
 6.961937e+002  1.726487e-005
 6.968125e+002  1.501330e-005
 6.974312e+002  1.786032e-005
 6.980500e+002  2.253486e-005
 6.986687e+002  2.046793e-005
 6.992875e+002  5.394835e-005
 6.999062e+002  2.173740e-004
 7.005250e+002  2.142710e-004
 7.011437e+002  5.074701e-005
 7.017625e+002  1.886337e-005
 7.023812e+002  1.697179e-005
 7.030000e+002  2.116817e-005
 7.036187e+002  2.530663e-005
 7.042375e+002  1.931125e-005
 7.048562e+002  1.918924e-005
 7.054750e+002  2.427088e-005
 7.060937e+002  2.412305e-005
 7.067125e+002  2.221486e-005
 7.073312e+002  2.323740e-005
 7.079500e+002  2.576915e-005
 7.085687e+002  1.909406e-005
 7.091875e+002  1.474505e-005
 7.098062e+002  1.385027e-005
 7.104250e+002  1.669826e-005
 7.110437e+002  1.834910e-005
 7.116625e+002  1.703934e-005
 7.122812e+002  1.993924e-005
 7.129000e+002  2.297262e-005
 7.135187e+002  2.172336e-005
 7.141375e+002  2.335149e-005
 7.147562e+002  2.216640e-005
 7.153750e+002  1.905421e-005
 7.159937e+002  1.518403e-005
 7.166125e+002  1.906998e-005
 7.172312e+002  2.195709e-005
 7.178500e+002  2.166681e-005
 7.184687e+002  1.718247e-005
 7.190875e+002  1.550810e-005
 7.197062e+002  1.866982e-005
 7.203250e+002  2.022099e-005
 7.209437e+002  2.356705e-005
 7.215625e+002  2.115571e-005
 7.221812e+002  2.066586e-005
 7.228000e+002  2.795048e-005
 7.234187e+002  2.384898e-005
 7.240375e+002  1.774816e-005
 7.246562e+002  1.985672e-005
 7.252750e+002  2.042657e-005
 7.258937e+002  1.793399e-005
 7.265125e+002  1.688463e-005
 7.271312e+002  2.283755e-005
 7.277500e+002  2.518076e-005
 7.283687e+002  2.052615e-005
 7.289875e+002  1.766407e-005
 7.296062e+002  1.769717e-005
 7.302250e+002  1.730735e-005
 7.308437e+002  2.325230e-005
 7.314625e+002  1.980932e-005
 7.320812e+002  2.736899e-005
 7.327000e+002  2.584305e-005
 7.333187e+002  1.842522e-005
 7.339375e+002  1.902383e-005
 7.345562e+002  2.182830e-005
 7.351750e+002  1.855725e-005
 7.357937e+002  2.235236e-005
 7.364125e+002  2.181919e-005
 7.370312e+002  2.242332e-005
 7.376500e+002  1.955445e-005
 7.382687e+002  1.811625e-005
 7.388875e+002  1.914824e-005
 7.395062e+002  2.097677e-005
 7.401250e+002  2.084681e-005
 7.407437e+002  2.175942e-005
 7.413625e+002  2.004112e-005
 7.419812e+002  1.786437e-005
 7.426000e+002  1.961732e-005
 7.432187e+002  1.442811e-005
 7.438375e+002  1.812712e-005
 7.444562e+002  1.867846e-005
 7.450750e+002  2.198799e-005
 7.456937e+002  1.668883e-005
 7.463125e+002  2.145971e-005
 7.469312e+002  2.794551e-005
 7.475500e+002  2.402711e-005
 7.481687e+002  2.692016e-005
 7.487875e+002  2.436075e-005
 7.494062e+002  7.704838e-005
 7.500250e+002  2.486258e-004
 7.506437e+002  1.952618e-004
 7.512625e+002  3.811985e-005
 7.518812e+002  2.154487e-005
 7.525000e+002  2.359712e-005
 7.531187e+002  2.029319e-005
 7.537375e+002  1.919514e-005
 7.543562e+002  2.531322e-005
 7.549750e+002  2.048402e-005
 7.555937e+002  2.029429e-005
 7.562125e+002  1.813848e-005
 7.568312e+002  1.780447e-005
 7.574500e+002  2.133202e-005
 7.580687e+002  2.186851e-005
 7.586875e+002  1.493264e-005
 7.593062e+002  2.184812e-005
 7.599250e+002  2.230709e-005
 7.605437e+002  2.040980e-005
 7.611625e+002  2.373536e-005
 7.617812e+002  2.095946e-005
 7.624000e+002  2.046947e-005
 7.630187e+002  1.757403e-005
 7.636375e+002  1.743320e-005
 7.642562e+002  1.616527e-005
 7.648750e+002  2.063852e-005
 7.654937e+002  2.071771e-005
 7.661125e+002  1.731966e-005
 7.667312e+002  1.712333e-005
 7.673500e+002  2.102172e-005
 7.679687e+002  1.702133e-005
 7.685875e+002  1.525532e-005
 7.692062e+002  2.299984e-005
 7.698250e+002  2.626093e-005
 7.704437e+002  2.398893e-005
 7.710625e+002  1.964328e-005
 7.716812e+002  2.246643e-005
 7.723000e+002  2.384053e-005
 7.729187e+002  1.978358e-005
 7.735375e+002  1.563974e-005
 7.741562e+002  1.570635e-005
 7.747750e+002  1.833641e-005
 7.753937e+002  2.132673e-005
 7.760125e+002  2.391231e-005
 7.766312e+002  2.487001e-005
 7.772500e+002  2.168750e-005
 7.778687e+002  1.569554e-005
 7.784875e+002  1.600977e-005
 7.791062e+002  1.985545e-005
 7.797250e+002  1.994874e-005
 7.803437e+002  1.972492e-005
 7.809625e+002  2.090131e-005
 7.815812e+002  2.081492e-005
 7.822000e+002  1.832935e-005
 7.828187e+002  1.639991e-005
 7.834375e+002  1.565346e-005
 7.840562e+002  1.786130e-005
 7.846750e+002  1.334237e-005
 7.852937e+002  1.764594e-005
 7.859125e+002  2.363131e-005
 7.865312e+002  2.144245e-005
 7.871500e+002  1.793924e-005
 7.877687e+002  1.896363e-005
 7.883875e+002  1.967017e-005
 7.890062e+002  1.925066e-005
 7.896250e+002  2.603131e-005
 7.902437e+002  2.440665e-005
 7.908625e+002  1.896321e-005
 7.914812e+002  1.965104e-005
 7.921000e+002  1.517118e-005
 7.927187e+002  1.863679e-005
 7.933375e+002  2.743500e-005
 7.939562e+002  2.442005e-005
 7.945750e+002  1.736162e-005
 7.951937e+002  1.317776e-005
 7.958125e+002  1.563776e-005
 7.964312e+002  2.097887e-005
 7.970500e+002  2.377402e-005
 7.976687e+002  2.086956e-005
 7.982875e+002  2.028363e-005
 7.989062e+002  1.648195e-005
 7.995250e+002  6.360202e-005
 8.001437e+002  1.583346e-004
 8.007625e+002  1.047071e-004
 8.013812e+002  2.170199e-005
 8.020000e+002  1.605615e-005
 8.026187e+002  1.752638e-005
 8.032375e+002  1.823663e-005
 8.038562e+002  2.001668e-005
 8.044750e+002  2.085443e-005
 8.050937e+002  1.589950e-005
 8.057125e+002  1.856383e-005
 8.063312e+002  1.703241e-005
 8.069500e+002  1.900652e-005
 8.075687e+002  1.592237e-005
 8.081875e+002  1.882367e-005
 8.088062e+002  2.147372e-005
 8.094250e+002  1.890343e-005
 8.100437e+002  2.161684e-005
 8.106625e+002  2.352318e-005
 8.112812e+002  1.964599e-005
 8.119000e+002  2.534706e-005
 8.125187e+002  2.380548e-005
 8.131375e+002  2.307510e-005
 8.137562e+002  1.939041e-005
 8.143750e+002  1.962777e-005
 8.149937e+002  1.641049e-005
 8.156125e+002  1.507214e-005
 8.162312e+002  1.889620e-005
 8.168500e+002  2.246195e-005
 8.174687e+002  2.031162e-005
 8.180875e+002  1.774274e-005
 8.187062e+002  1.686751e-005
 8.193250e+002  1.926419e-005
 8.199437e+002  2.023021e-005
 8.205625e+002  2.400013e-005
 8.211812e+002  2.241283e-005
 8.218000e+002  1.839801e-005
 8.224187e+002  1.879346e-005
 8.230375e+002  1.873345e-005
 8.236562e+002  1.697578e-005
 8.242750e+002  1.100001e-005
 8.248937e+002  1.715280e-005
 8.255125e+002  1.934481e-005
 8.261312e+002  1.842825e-005
 8.267500e+002  2.399834e-005
 8.273687e+002  2.057560e-005
 8.279875e+002  2.067883e-005
 8.286062e+002  2.144288e-005
 8.292250e+002  2.107628e-005
 8.298437e+002  1.709454e-005
 8.304625e+002  1.860219e-005
 8.310812e+002  1.939551e-005
 8.317000e+002  1.747941e-005
 8.323187e+002  1.997188e-005
 8.329375e+002  2.103417e-005
 8.335562e+002  2.058439e-005
 8.341750e+002  2.273906e-005
 8.347937e+002  2.357508e-005
 8.354125e+002  1.827354e-005
 8.360312e+002  1.794332e-005
 8.366500e+002  1.695440e-005
 8.372687e+002  1.677653e-005
 8.378875e+002  1.507903e-005
 8.385062e+002  1.927143e-005
 8.391250e+002  2.041060e-005
 8.397437e+002  1.832040e-005
 8.403625e+002  1.938564e-005
 8.409812e+002  2.167773e-005
 8.416000e+002  2.228314e-005
 8.422187e+002  1.953346e-005
 8.428375e+002  2.260678e-005
 8.434562e+002  2.344655e-005
 8.440750e+002  1.742895e-005
 8.446937e+002  1.885645e-005
 8.453125e+002  1.509517e-005
 8.459312e+002  1.751748e-005
 8.465500e+002  1.723569e-005
 8.471687e+002  2.366248e-005
 8.477875e+002  2.590796e-005
 8.484062e+002  2.378275e-005
 8.490250e+002  2.143802e-005
 8.496437e+002  1.566075e-004
 8.502625e+002  2.954267e-004
 8.508812e+002  1.526824e-004
 8.515000e+002  2.486589e-005
 8.521187e+002  2.054199e-005
 8.527375e+002  2.268746e-005
 8.533562e+002  2.240213e-005
 8.539750e+002  1.836975e-005
 8.545937e+002  1.904373e-005
 8.552125e+002  2.665876e-005
 8.558312e+002  2.127760e-005
 8.564500e+002  2.120847e-005
 8.570687e+002  2.564431e-005
 8.576875e+002  2.067057e-005
 8.583062e+002  2.013856e-005
 8.589250e+002  1.739531e-005
 8.595437e+002  1.726007e-005
 8.601625e+002  1.895057e-005
 8.607812e+002  2.132112e-005
 8.614000e+002  2.083307e-005
 8.620187e+002  1.943709e-005
 8.626375e+002  2.229068e-005
 8.632562e+002  1.883695e-005
 8.638750e+002  2.094034e-005
 8.644937e+002  2.176176e-005
 8.651125e+002  2.068724e-005
 8.657312e+002  2.060267e-005
 8.663500e+002  1.980734e-005
 8.669687e+002  2.091812e-005
 8.675875e+002  2.658798e-005
 8.682062e+002  2.072833e-005
 8.688250e+002  1.727276e-005
 8.694437e+002  1.890570e-005
 8.700625e+002  2.070188e-005
 8.706812e+002  2.301344e-005
 8.713000e+002  2.197875e-005
 8.719187e+002  2.057063e-005
 8.725375e+002  2.453768e-005
 8.731562e+002  1.911898e-005
 8.737750e+002  2.107151e-005
 8.743937e+002  2.550682e-005
 8.750125e+002  1.798397e-005
 8.756312e+002  1.730789e-005
 8.762500e+002  1.741205e-005
 8.768687e+002  2.216315e-005
 8.774875e+002  2.156264e-005
 8.781062e+002  1.419263e-005
 8.787250e+002  1.822215e-005
 8.793437e+002  2.019800e-005
 8.799625e+002  1.726497e-005
 8.805812e+002  2.106044e-005
 8.812000e+002  2.372165e-005
 8.818187e+002  1.914619e-005
 8.824375e+002  1.744786e-005
 8.830562e+002  2.191117e-005
 8.836750e+002  2.648916e-005
 8.842937e+002  2.449740e-005
 8.849125e+002  1.909410e-005
 8.855312e+002  1.762617e-005
 8.861500e+002  2.047185e-005
 8.867687e+002  1.858068e-005
 8.873875e+002  2.347133e-005
 8.880062e+002  1.738636e-005
 8.886250e+002  1.596463e-005
 8.892437e+002  1.956108e-005
 8.898625e+002  1.847986e-005
 8.904812e+002  1.625737e-005
 8.911000e+002  1.861241e-005
 8.917187e+002  1.664485e-005
 8.923375e+002  1.840139e-005
 8.929562e+002  2.025988e-005
 8.935750e+002  2.204334e-005
 8.941937e+002  2.053720e-005
 8.948125e+002  1.957357e-005
 8.954312e+002  1.520398e-005
 8.960500e+002  1.618974e-005
 8.966687e+002  2.503165e-005
 8.972875e+002  2.397231e-005
 8.979062e+002  2.417615e-005
 8.985250e+002  2.536097e-005
 8.991437e+002  2.200677e-005
 8.997625e+002  8.877645e-005
 9.003812e+002  1.286167e-004
 9.010000e+002  5.055462e-005
 9.016187e+002  2.062170e-005
 9.022375e+002  1.785118e-005
 9.028562e+002  2.270209e-005
 9.034750e+002  2.544612e-005
 9.040937e+002  2.867035e-005
 9.047125e+002  2.223776e-005
 9.053312e+002  1.984779e-005
 9.059500e+002  2.219193e-005
 9.065687e+002  2.018840e-005
 9.071875e+002  1.768040e-005
 9.078062e+002  1.708703e-005
 9.084250e+002  1.506181e-005
 9.090437e+002  1.211512e-005
 9.096625e+002  1.487819e-005
 9.102812e+002  1.610767e-005
 9.109000e+002  1.601206e-005
 9.115187e+002  2.089152e-005
 9.121375e+002  2.069596e-005
 9.127562e+002  1.616592e-005
 9.133750e+002  1.975852e-005
 9.139937e+002  2.200150e-005
 9.146125e+002  1.793622e-005
 9.152312e+002  2.043516e-005
 9.158500e+002  2.021425e-005
 9.164687e+002  2.127331e-005
 9.170875e+002  1.927611e-005
 9.177062e+002  2.031791e-005
 9.183250e+002  2.120563e-005
 9.189437e+002  2.154324e-005
 9.195625e+002  2.183817e-005
 9.201812e+002  1.714903e-005
 9.208000e+002  1.568057e-005
 9.214187e+002  1.556215e-005
 9.220375e+002  1.594256e-005
 9.226562e+002  2.364914e-005
 9.232750e+002  2.255955e-005
 9.238937e+002  1.785209e-005
 9.245125e+002  1.829911e-005
 9.251312e+002  1.924441e-005
 9.257500e+002  2.216661e-005
 9.263687e+002  2.229955e-005
 9.269875e+002  2.021594e-005
 9.276062e+002  2.262157e-005
 9.282250e+002  2.245090e-005
 9.288437e+002  2.103563e-005
 9.294625e+002  2.172891e-005
 9.300812e+002  2.406174e-005
 9.307000e+002  2.118057e-005
 9.313187e+002  1.930065e-005
 9.319375e+002  1.399630e-005
 9.325562e+002  1.549741e-005
 9.331750e+002  1.866588e-005
 9.337937e+002  1.666393e-005
 9.344125e+002  2.015969e-005
 9.350312e+002  1.374263e-005
 9.356500e+002  1.871718e-005
 9.362687e+002  2.116122e-005
 9.368875e+002  2.105767e-005
 9.375062e+002  1.954897e-005
 9.381250e+002  2.493029e-005
 9.387437e+002  2.252471e-005
 9.393625e+002  1.748434e-005
 9.399812e+002  2.365624e-005
 9.406000e+002  2.050491e-005
 9.412187e+002  1.939831e-005
 9.418375e+002  1.832695e-005
 9.424562e+002  1.730761e-005
 9.430750e+002  1.870401e-005
 9.436937e+002  2.177519e-005
 9.443125e+002  2.143068e-005
 9.449312e+002  1.731838e-005
 9.455500e+002  2.054919e-005
 9.461687e+002  2.178993e-005
 9.467875e+002  2.478316e-005
 9.474062e+002  1.841906e-005
 9.480250e+002  1.919637e-005
 9.486437e+002  1.869629e-005
 9.492625e+002  3.636617e-005
 9.498812e+002  2.030970e-004
 9.505000e+002  2.439605e-004
 9.511187e+002  7.229351e-005
 9.517375e+002  2.055874e-005
 9.523562e+002  1.959596e-005
 9.529750e+002  1.965968e-005
 9.535937e+002  2.394273e-005
 9.542125e+002  1.745907e-005
 9.548312e+002  1.840419e-005
 9.554500e+002  1.629736e-005
 9.560687e+002  1.664878e-005
 9.566875e+002  1.930463e-005
 9.573062e+002  1.992526e-005
 9.579250e+002  1.779992e-005
 9.585437e+002  1.545176e-005
 9.591625e+002  1.534717e-005
 9.597812e+002  1.976825e-005
 9.604000e+002  2.073598e-005
 9.610187e+002  2.366512e-005
 9.616375e+002  2.532453e-005
 9.622562e+002  2.073316e-005
 9.628750e+002  2.137456e-005
 9.634937e+002  2.505892e-005
 9.641125e+002  1.801678e-005
 9.647312e+002  2.227516e-005
 9.653500e+002  2.092556e-005
 9.659687e+002  1.767692e-005
 9.665875e+002  1.642658e-005
 9.672062e+002  1.497224e-005
 9.678250e+002  1.931017e-005
 9.684437e+002  1.833340e-005
 9.690625e+002  1.852723e-005
 9.696812e+002  2.340341e-005
 9.703000e+002  2.114541e-005
 9.709187e+002  1.645002e-005
 9.715375e+002  1.930184e-005
 9.721562e+002  1.992503e-005
 9.727750e+002  1.667913e-005
 9.733937e+002  1.483199e-005
 9.740125e+002  1.689228e-005
 9.746312e+002  2.835815e-005
 9.752500e+002  2.653162e-005
 9.758687e+002  1.525276e-005
 9.764875e+002  1.951161e-005
 9.771062e+002  1.987915e-005
 9.777250e+002  2.261719e-005
 9.783437e+002  2.719679e-005
 9.789625e+002  2.124373e-005
 9.795812e+002  1.741801e-005
 9.802000e+002  2.033697e-005
 9.808187e+002  2.235290e-005
 9.814375e+002  2.260671e-005
 9.820562e+002  2.038810e-005
 9.826750e+002  2.069532e-005
 9.832937e+002  2.092545e-005
 9.839125e+002  1.593373e-005
 9.845312e+002  1.521408e-005
 9.851500e+002  1.978148e-005
 9.857687e+002  1.974560e-005
 9.863875e+002  1.745978e-005
 9.870062e+002  1.753354e-005
 9.876250e+002  2.399485e-005
 9.882437e+002  2.030073e-005
 9.888625e+002  1.941076e-005
 9.894812e+002  1.766051e-005
 9.901000e+002  1.900762e-005
 9.907187e+002  2.001660e-005
 9.913375e+002  1.661350e-005
 9.919562e+002  1.650848e-005
 9.925750e+002  1.607741e-005
 9.931937e+002  1.486824e-005
 9.938125e+002  1.720578e-005
 9.944312e+002  2.044416e-005
 9.950500e+002  2.032805e-005
 9.956687e+002  2.171862e-005
 9.962875e+002  1.932926e-005
 9.969062e+002  1.743732e-005
 9.975250e+002  1.677107e-005
 9.981437e+002  2.307153e-005
 9.987625e+002  1.879388e-005
 9.993812e+002  3.507788e-005
 1.000000e+003  1.192861e-004
