 1.000000e+001  1.275418e-004
 1.061875e+001  1.276052e-004
 1.123750e+001  1.587623e-004
 1.185625e+001  1.493121e-004
 1.247500e+001  1.199269e-004
 1.309375e+001  1.100541e-004
 1.371250e+001  1.115548e-004
 1.433125e+001  1.178715e-004
 1.495000e+001  9.592453e-005
 1.556875e+001  9.370281e-005
 1.618750e+001  1.036972e-004
 1.680625e+001  1.132696e-004
 1.742500e+001  1.029035e-004
 1.804375e+001  1.097918e-004
 1.866250e+001  9.439460e-005
 1.928125e+001  6.727142e-005
 1.990000e+001  7.798535e-005
 2.051875e+001  1.030899e-004
 2.113750e+001  1.043288e-004
 2.175625e+001  7.773053e-005
 2.237500e+001  6.540012e-005
 2.299375e+001  1.067241e-004
 2.361250e+001  1.199100e-004
 2.423125e+001  8.154510e-005
 2.485000e+001  7.415117e-005
 2.546875e+001  9.401983e-005
 2.608750e+001  9.982838e-005
 2.670625e+001  7.897300e-005
 2.732500e+001  8.519968e-005
 2.794375e+001  8.497629e-005
 2.856250e+001  9.224424e-005
 2.918125e+001  8.865370e-005
 2.980000e+001  1.010155e-004
 3.041875e+001  1.363995e-004
 3.103750e+001  1.219529e-004
 3.165625e+001  7.818393e-005
 3.227500e+001  6.427115e-005
 3.289375e+001  6.771283e-005
 3.351250e+001  7.454040e-005
 3.413125e+001  8.507486e-005
 3.475000e+001  8.964913e-005
 3.536875e+001  7.964230e-005
 3.598750e+001  7.499450e-005
 3.660625e+001  8.229444e-005
 3.722500e+001  8.335584e-005
 3.784375e+001  7.188155e-005
 3.846250e+001  8.300405e-005
 3.908125e+001  8.019312e-005
 3.970000e+001  7.464033e-005
 4.031875e+001  7.196047e-005
 4.093750e+001  8.595430e-005
 4.155625e+001  8.234021e-005
 4.217500e+001  8.709182e-005
 4.279375e+001  1.087172e-004
 4.341250e+001  1.005826e-004
 4.403125e+001  8.448378e-005
 4.465000e+001  8.456752e-005
 4.526875e+001  8.791490e-005
 4.588750e+001  8.271390e-005
 4.650625e+001  8.082830e-005
 4.712500e+001  8.642743e-005
 4.774375e+001  7.414770e-005
 4.836250e+001  8.950386e-005
 4.898125e+001  2.438297e-004
 4.960000e+001  1.890761e-003
 5.021875e+001  2.384448e-003
 5.083750e+001  7.140156e-004
 5.145625e+001  6.951952e-005
 5.207500e+001  1.001486e-004
 5.269375e+001  8.087999e-005
 5.331250e+001  9.067336e-005
 5.393125e+001  7.485495e-005
 5.455000e+001  5.982134e-005
 5.516875e+001  5.739729e-005
 5.578750e+001  6.538793e-005
 5.640625e+001  8.512091e-005
 5.702500e+001  8.987272e-005
 5.764375e+001  8.696514e-005
 5.826250e+001  7.993473e-005
 5.888125e+001  7.928602e-005
 5.950000e+001  1.073589e-004
 6.011875e+001  1.291708e-004
 6.073750e+001  9.043934e-005
 6.135625e+001  6.953919e-005
 6.197500e+001  6.880383e-005
 6.259375e+001  8.872206e-005
 6.321250e+001  9.266330e-005
 6.383125e+001  7.609547e-005
 6.445000e+001  8.541125e-005
 6.506875e+001  6.919791e-005
 6.568750e+001  7.160397e-005
 6.630625e+001  8.257526e-005
 6.692500e+001  8.179662e-005
 6.754375e+001  7.639621e-005
 6.816250e+001  9.222741e-005
 6.878125e+001  8.965238e-005
 6.940000e+001  6.366827e-005
 7.001875e+001  5.845979e-005
 7.063750e+001  7.450128e-005
 7.125625e+001  8.927658e-005
 7.187500e+001  7.337814e-005
 7.249375e+001  5.398871e-005
 7.311250e+001  6.350571e-005
 7.373125e+001  7.212947e-005
 7.435000e+001  7.839317e-005
 7.496875e+001  7.523646e-005
 7.558750e+001  6.998265e-005
 7.620625e+001  7.083579e-005
 7.682500e+001  8.237424e-005
 7.744375e+001  7.921381e-005
 7.806250e+001  8.564331e-005
 7.868125e+001  7.048060e-005
 7.930000e+001  7.780075e-005
 7.991875e+001  6.475536e-005
 8.053750e+001  5.389916e-005
 8.115625e+001  8.163354e-005
 8.177500e+001  8.167886e-005
 8.239375e+001  7.256479e-005
 8.301250e+001  6.952117e-005
 8.363125e+001  7.085531e-005
 8.425000e+001  8.032267e-005
 8.486875e+001  6.496752e-005
 8.548750e+001  6.367868e-005
 8.610625e+001  7.174272e-005
 8.672500e+001  6.406436e-005
 8.734375e+001  5.223644e-005
 8.796250e+001  7.645461e-005
 8.858125e+001  7.605019e-005
 8.920000e+001  5.902509e-005
 8.981875e+001  4.986484e-005
 9.043750e+001  6.534556e-005
 9.105625e+001  6.181942e-005
 9.167500e+001  6.886258e-005
 9.229375e+001  7.138107e-005
 9.291250e+001  7.252629e-005
 9.353125e+001  6.720689e-005
 9.415000e+001  6.782299e-005
 9.476875e+001  6.656137e-005
 9.538750e+001  8.097683e-005
 9.600625e+001  7.563987e-005
 9.662500e+001  8.536802e-005
 9.724375e+001  9.482797e-005
 9.786250e+001  8.740011e-005
 9.848125e+001  8.005262e-005
 9.910000e+001  7.991000e-005
 9.971875e+001  1.253631e-004
 1.003375e+002  1.310985e-004
 1.009563e+002  7.853466e-005
 1.015750e+002  7.369245e-005
 1.021938e+002  6.588122e-005
 1.028125e+002  7.236691e-005
 1.034313e+002  6.412028e-005
 1.040500e+002  6.416894e-005
 1.046688e+002  5.329711e-005
 1.052875e+002  6.428580e-005
 1.059063e+002  7.562736e-005
 1.065250e+002  7.333291e-005
 1.071438e+002  7.539782e-005
 1.077625e+002  6.981078e-005
 1.083813e+002  6.713989e-005
 1.090000e+002  6.844589e-005
 1.096188e+002  7.000048e-005
 1.102375e+002  7.110759e-005
 1.108563e+002  6.538268e-005
 1.114750e+002  6.877468e-005
 1.120938e+002  7.011922e-005
 1.127125e+002  7.460476e-005
 1.133313e+002  7.529323e-005
 1.139500e+002  6.984591e-005
 1.145688e+002  5.734505e-005
 1.151875e+002  6.530283e-005
 1.158063e+002  6.773631e-005
 1.164250e+002  6.820202e-005
 1.170438e+002  8.291829e-005
 1.176625e+002  7.684135e-005
 1.182813e+002  6.918573e-005
 1.189000e+002  6.272233e-005
 1.195188e+002  6.665282e-005
 1.201375e+002  8.013572e-005
 1.207563e+002  7.421751e-005
 1.213750e+002  8.712259e-005
 1.219938e+002  6.977930e-005
 1.226125e+002  7.413040e-005
 1.232313e+002  7.224288e-005
 1.238500e+002  6.590099e-005
 1.244688e+002  6.869531e-005
 1.250875e+002  7.330610e-005
 1.257063e+002  7.407231e-005
 1.263250e+002  7.455028e-005
 1.269438e+002  6.967013e-005
 1.275625e+002  6.597230e-005
 1.281813e+002  6.868799e-005
 1.288000e+002  8.387999e-005
 1.294188e+002  7.499824e-005
 1.300375e+002  7.417282e-005
 1.306563e+002  7.514080e-005
 1.312750e+002  7.230604e-005
 1.318938e+002  6.861000e-005
 1.325125e+002  6.921121e-005
 1.331313e+002  7.696569e-005
 1.337500e+002  6.172193e-005
 1.343688e+002  5.995623e-005
 1.349875e+002  7.534345e-005
 1.356063e+002  7.625740e-005
 1.362250e+002  8.329627e-005
 1.368438e+002  8.943125e-005
 1.374625e+002  8.441675e-005
 1.380813e+002  8.406833e-005
 1.387000e+002  8.057649e-005
 1.393188e+002  7.962805e-005
 1.399375e+002  8.905318e-005
 1.405563e+002  7.883772e-005
 1.411750e+002  8.143605e-005
 1.417938e+002  7.851479e-005
 1.424125e+002  8.561407e-005
 1.430313e+002  8.805943e-005
 1.436500e+002  8.672726e-005
 1.442688e+002  7.059323e-005
 1.448875e+002  7.425085e-005
 1.455063e+002  7.921098e-005
 1.461250e+002  9.078858e-005
 1.467438e+002  9.105357e-005
 1.473625e+002  9.365973e-005
 1.479813e+002  8.645710e-005
 1.486000e+002  7.933829e-005
 1.492188e+002  3.306982e-004
 1.498375e+002  1.166787e-003
 1.504563e+002  9.588191e-004
 1.510750e+002  1.558494e-004
 1.516938e+002  7.068085e-005
 1.523125e+002  8.054472e-005
 1.529313e+002  8.126654e-005
 1.535500e+002  6.704930e-005
 1.541688e+002  6.710881e-005
 1.547875e+002  6.120718e-005
 1.554063e+002  7.381528e-005
 1.560250e+002  8.615898e-005
 1.566438e+002  8.072156e-005
 1.572625e+002  7.533014e-005
 1.578813e+002  6.373444e-005
 1.585000e+002  7.131330e-005
 1.591188e+002  5.609822e-005
 1.597375e+002  7.080239e-005
 1.603563e+002  7.392445e-005
 1.609750e+002  6.957218e-005
 1.615938e+002  5.731188e-005
 1.622125e+002  5.524198e-005
 1.628313e+002  5.954490e-005
 1.634500e+002  6.656787e-005
 1.640688e+002  7.165721e-005
 1.646875e+002  7.767810e-005
 1.653063e+002  7.349934e-005
 1.659250e+002  7.150614e-005
 1.665438e+002  7.284407e-005
 1.671625e+002  8.304024e-005
 1.677813e+002  6.442417e-005
 1.684000e+002  7.132834e-005
 1.690188e+002  7.622145e-005
 1.696375e+002  8.509824e-005
 1.702563e+002  7.236181e-005
 1.708750e+002  6.513924e-005
 1.714938e+002  6.225725e-005
 1.721125e+002  7.162654e-005
 1.727313e+002  6.949489e-005
 1.733500e+002  6.245969e-005
 1.739688e+002  7.850040e-005
 1.745875e+002  7.698499e-005
 1.752063e+002  6.055344e-005
 1.758250e+002  6.662729e-005
 1.764438e+002  7.726576e-005
 1.770625e+002  6.585199e-005
 1.776813e+002  7.548681e-005
 1.783000e+002  6.058841e-005
 1.789188e+002  6.784571e-005
 1.795375e+002  8.207173e-005
 1.801563e+002  9.944775e-005
 1.807750e+002  7.444720e-005
 1.813938e+002  7.539288e-005
 1.820125e+002  8.186357e-005
 1.826313e+002  8.266467e-005
 1.832500e+002  8.107785e-005
 1.838688e+002  7.591323e-005
 1.844875e+002  6.163867e-005
 1.851063e+002  5.060287e-005
 1.857250e+002  6.011232e-005
 1.863438e+002  5.731440e-005
 1.869625e+002  5.949706e-005
 1.875813e+002  7.143690e-005
 1.882000e+002  8.035429e-005
 1.888188e+002  8.259169e-005
 1.894375e+002  9.485279e-005
 1.900563e+002  7.465575e-005
 1.906750e+002  5.502577e-005
 1.912938e+002  6.039488e-005
 1.919125e+002  8.744462e-005
 1.925313e+002  6.800096e-005
 1.931500e+002  6.287986e-005
 1.937688e+002  8.408616e-005
 1.943875e+002  7.632402e-005
 1.950063e+002  6.226988e-005
 1.956250e+002  6.593295e-005
 1.962438e+002  7.264974e-005
 1.968625e+002  8.479130e-005
 1.974813e+002  6.638619e-005
 1.981000e+002  6.302616e-005
 1.987188e+002  6.814516e-005
 1.993375e+002  5.851816e-005
 1.999563e+002  8.713077e-005
 2.005750e+002  8.564362e-005
 2.011938e+002  6.257836e-005
 2.018125e+002  4.612916e-005
 2.024313e+002  6.633594e-005
 2.030500e+002  7.596882e-005
 2.036688e+002  9.456234e-005
 2.042875e+002  9.563652e-005
 2.049063e+002  7.741985e-005
 2.055250e+002  6.833474e-005
 2.061438e+002  7.391244e-005
 2.067625e+002  8.981513e-005
 2.073813e+002  9.750398e-005
 2.080000e+002  7.391299e-005
 2.086188e+002  7.478814e-005
 2.092375e+002  7.052215e-005
 2.098563e+002  7.867245e-005
 2.104750e+002  6.226833e-005
 2.110938e+002  4.809009e-005
 2.117125e+002  6.839197e-005
 2.123313e+002  7.020939e-005
 2.129500e+002  5.493130e-005
 2.135688e+002  7.560160e-005
 2.141875e+002  8.320396e-005
 2.148063e+002  7.230971e-005
 2.154250e+002  6.457599e-005
 2.160438e+002  5.979814e-005
 2.166625e+002  6.719800e-005
 2.172813e+002  7.752607e-005
 2.179000e+002  7.890314e-005
 2.185188e+002  7.342898e-005
 2.191375e+002  7.199949e-005
 2.197563e+002  8.197948e-005
 2.203750e+002  6.369115e-005
 2.209938e+002  6.585532e-005
 2.216125e+002  6.280278e-005
 2.222313e+002  6.596334e-005
 2.228500e+002  7.591130e-005
 2.234688e+002  7.126143e-005
 2.240875e+002  7.155091e-005
 2.247063e+002  7.157787e-005
 2.253250e+002  7.651360e-005
 2.259438e+002  7.920143e-005
 2.265625e+002  5.437832e-005
 2.271813e+002  5.366580e-005
 2.278000e+002  7.056389e-005
 2.284188e+002  7.518486e-005
 2.290375e+002  6.530395e-005
 2.296563e+002  6.091239e-005
 2.302750e+002  7.939089e-005
 2.308938e+002  8.747760e-005
 2.315125e+002  6.738068e-005
 2.321313e+002  8.236856e-005
 2.327500e+002  7.414268e-005
 2.333688e+002  7.168484e-005
 2.339875e+002  5.308117e-005
 2.346063e+002  5.849220e-005
 2.352250e+002  7.755538e-005
 2.358438e+002  8.486748e-005
 2.364625e+002  7.988079e-005
 2.370813e+002  6.671659e-005
 2.377000e+002  6.459015e-005
 2.383188e+002  7.542374e-005
 2.389375e+002  7.549712e-005
 2.395563e+002  8.206387e-005
 2.401750e+002  8.211718e-005
 2.407938e+002  5.947649e-005
 2.414125e+002  5.027199e-005
 2.420313e+002  6.133310e-005
 2.426500e+002  6.570784e-005
 2.432688e+002  5.291565e-005
 2.438875e+002  6.623466e-005
 2.445063e+002  6.905334e-005
 2.451250e+002  7.955325e-005
 2.457438e+002  7.423733e-005
 2.463625e+002  6.317206e-005
 2.469813e+002  7.127267e-005
 2.476000e+002  6.265453e-005
 2.482188e+002  6.500580e-005
 2.488375e+002  6.713359e-005
 2.494563e+002  2.023263e-004
 2.500750e+002  4.020085e-004
 2.506938e+002  2.242346e-004
 2.513125e+002  6.217053e-005
 2.519313e+002  6.248481e-005
 2.525500e+002  7.376756e-005
 2.531688e+002  8.120803e-005
 2.537875e+002  6.127825e-005
 2.544063e+002  6.032320e-005
 2.550250e+002  6.493889e-005
 2.556438e+002  6.458335e-005
 2.562625e+002  6.857396e-005
 2.568813e+002  8.191095e-005
 2.575000e+002  7.849970e-005
 2.581188e+002  6.949694e-005
 2.587375e+002  7.279572e-005
 2.593563e+002  7.535322e-005
 2.599750e+002  7.248119e-005
 2.605938e+002  6.942842e-005
 2.612125e+002  6.713736e-005
 2.618313e+002  6.458816e-005
 2.624500e+002  6.097645e-005
 2.630688e+002  6.816841e-005
 2.636875e+002  6.482918e-005
 2.643063e+002  5.645519e-005
 2.649250e+002  6.061219e-005
 2.655438e+002  6.153769e-005
 2.661625e+002  6.194296e-005
 2.667813e+002  6.025231e-005
 2.674000e+002  5.609288e-005
 2.680188e+002  7.646014e-005
 2.686375e+002  8.283118e-005
 2.692563e+002  8.021729e-005
 2.698750e+002  7.355366e-005
 2.704938e+002  8.230196e-005
 2.711125e+002  8.507259e-005
 2.717313e+002  8.671481e-005
 2.723500e+002  7.122476e-005
 2.729688e+002  6.485860e-005
 2.735875e+002  7.228264e-005
 2.742063e+002  6.746991e-005
 2.748250e+002  6.981435e-005
 2.754438e+002  6.073058e-005
 2.760625e+002  8.290265e-005
 2.766813e+002  8.565978e-005
 2.773000e+002  7.049410e-005
 2.779188e+002  6.048211e-005
 2.785375e+002  7.776615e-005
 2.791563e+002  8.027068e-005
 2.797750e+002  7.017706e-005
 2.803938e+002  5.971900e-005
 2.810125e+002  6.291733e-005
 2.816313e+002  7.784496e-005
 2.822500e+002  8.524559e-005
 2.828688e+002  7.273957e-005
 2.834875e+002  6.912358e-005
 2.841063e+002  5.599422e-005
 2.847250e+002  5.699516e-005
 2.853438e+002  5.822667e-005
 2.859625e+002  7.850958e-005
 2.865813e+002  7.514548e-005
 2.872000e+002  8.220588e-005
 2.878188e+002  9.418328e-005
 2.884375e+002  8.257257e-005
 2.890563e+002  6.545710e-005
 2.896750e+002  6.635951e-005
 2.902938e+002  6.451505e-005
 2.909125e+002  6.941858e-005
 2.915313e+002  8.164995e-005
 2.921500e+002  6.449014e-005
 2.927688e+002  6.250950e-005
 2.933875e+002  6.395880e-005
 2.940063e+002  5.599597e-005
 2.946250e+002  5.867301e-005
 2.952438e+002  5.378724e-005
 2.958625e+002  6.065104e-005
 2.964813e+002  5.217226e-005
 2.971000e+002  4.187511e-005
 2.977188e+002  6.935083e-005
 2.983375e+002  8.990624e-005
 2.989563e+002  9.995936e-005
 2.995750e+002  8.311402e-005
 3.001938e+002  6.396899e-005
 3.008125e+002  5.800167e-005
 3.014313e+002  6.868612e-005
 3.020500e+002  6.658407e-005
 3.026688e+002  7.259328e-005
 3.032875e+002  6.225642e-005
 3.039063e+002  6.226344e-005
 3.045250e+002  7.862628e-005
 3.051438e+002  8.322253e-005
 3.057625e+002  8.830681e-005
 3.063813e+002  7.047335e-005
 3.070000e+002  7.104936e-005
 3.076188e+002  6.685462e-005
 3.082375e+002  7.752648e-005
 3.088563e+002  8.587609e-005
 3.094750e+002  8.332280e-005
 3.100938e+002  7.312603e-005
 3.107125e+002  8.227836e-005
 3.113313e+002  8.154612e-005
 3.119500e+002  7.819590e-005
 3.125688e+002  6.422842e-005
 3.131875e+002  5.480885e-005
 3.138063e+002  5.917009e-005
 3.144250e+002  5.372581e-005
 3.150437e+002  6.764581e-005
 3.156625e+002  8.471598e-005
 3.162812e+002  8.015451e-005
 3.169000e+002  7.172016e-005
 3.175187e+002  7.310438e-005
 3.181375e+002  8.119477e-005
 3.187562e+002  7.513024e-005
 3.193750e+002  6.172452e-005
 3.199937e+002  7.617025e-005
 3.206125e+002  8.294857e-005
 3.212312e+002  8.305064e-005
 3.218500e+002  7.695897e-005
 3.224687e+002  7.275514e-005
 3.230875e+002  6.197991e-005
 3.237062e+002  6.542537e-005
 3.243250e+002  6.997245e-005
 3.249437e+002  8.023856e-005
 3.255625e+002  6.632941e-005
 3.261812e+002  5.968783e-005
 3.268000e+002  7.402481e-005
 3.274187e+002  8.904183e-005
 3.280375e+002  8.680257e-005
 3.286562e+002  7.783861e-005
 3.292750e+002  7.831984e-005
 3.298937e+002  8.331962e-005
 3.305125e+002  6.951067e-005
 3.311312e+002  7.206995e-005
 3.317500e+002  8.447597e-005
 3.323687e+002  8.857728e-005
 3.329875e+002  7.413717e-005
 3.336062e+002  6.923270e-005
 3.342250e+002  7.338364e-005
 3.348437e+002  7.243308e-005
 3.354625e+002  7.860041e-005
 3.360812e+002  7.543063e-005
 3.367000e+002  5.955361e-005
 3.373187e+002  9.096129e-005
 3.379375e+002  9.641236e-005
 3.385562e+002  8.131625e-005
 3.391750e+002  6.525575e-005
 3.397937e+002  6.331228e-005
 3.404125e+002  8.071917e-005
 3.410312e+002  9.213953e-005
 3.416500e+002  8.536872e-005
 3.422687e+002  6.976654e-005
 3.428875e+002  6.850088e-005
 3.435062e+002  5.883585e-005
 3.441250e+002  6.994186e-005
 3.447437e+002  7.776186e-005
 3.453625e+002  6.907295e-005
 3.459812e+002  8.183364e-005
 3.466000e+002  8.305506e-005
 3.472187e+002  6.987403e-005
 3.478375e+002  7.038476e-005
 3.484562e+002  7.647002e-005
 3.490750e+002  6.200037e-005
 3.496937e+002  8.720835e-005
 3.503125e+002  9.474335e-005
 3.509312e+002  5.392941e-005
 3.515500e+002  7.413721e-005
 3.521687e+002  7.606253e-005
 3.527875e+002  5.844864e-005
 3.534062e+002  6.722738e-005
 3.540250e+002  6.922293e-005
 3.546437e+002  5.491175e-005
 3.552625e+002  6.580686e-005
 3.558812e+002  7.004333e-005
 3.565000e+002  6.143274e-005
 3.571187e+002  7.593961e-005
 3.577375e+002  5.685178e-005
 3.583562e+002  4.955558e-005
 3.589750e+002  5.386394e-005
 3.595937e+002  6.607217e-005
 3.602125e+002  7.660956e-005
 3.608312e+002  8.251993e-005
 3.614500e+002  7.820905e-005
 3.620687e+002  7.588937e-005
 3.626875e+002  6.646789e-005
 3.633062e+002  6.944672e-005
 3.639250e+002  7.601847e-005
 3.645437e+002  7.988810e-005
 3.651625e+002  7.945845e-005
 3.657812e+002  7.370257e-005
 3.664000e+002  6.249982e-005
 3.670187e+002  5.897705e-005
 3.676375e+002  6.543661e-005
 3.682562e+002  7.808805e-005
 3.688750e+002  6.526411e-005
 3.694937e+002  7.582486e-005
 3.701125e+002  6.068503e-005
 3.707312e+002  5.617066e-005
 3.713500e+002  7.967477e-005
 3.719687e+002  8.775957e-005
 3.725875e+002  5.666422e-005
 3.732062e+002  5.428856e-005
 3.738250e+002  7.517690e-005
 3.744437e+002  6.779269e-005
 3.750625e+002  4.762696e-005
 3.756812e+002  4.940589e-005
 3.763000e+002  5.641613e-005
 3.769187e+002  6.561013e-005
 3.775375e+002  7.080676e-005
 3.781562e+002  7.789909e-005
 3.787750e+002  6.251855e-005
 3.793937e+002  6.463429e-005
 3.800125e+002  7.145886e-005
 3.806312e+002  7.211463e-005
 3.812500e+002  6.118041e-005
 3.818687e+002  5.885291e-005
 3.824875e+002  7.098202e-005
 3.831062e+002  7.814931e-005
 3.837250e+002  7.639222e-005
 3.843437e+002  7.326159e-005
 3.849625e+002  7.245261e-005
 3.855812e+002  7.746715e-005
 3.862000e+002  7.314096e-005
 3.868187e+002  5.269114e-005
 3.874375e+002  5.502887e-005
 3.880562e+002  6.685172e-005
 3.886750e+002  6.924643e-005
 3.892937e+002  6.935159e-005
 3.899125e+002  6.720162e-005
 3.905312e+002  6.179390e-005
 3.911500e+002  6.088743e-005
 3.917687e+002  5.781967e-005
 3.923875e+002  6.571005e-005
 3.930062e+002  6.610261e-005
 3.936250e+002  6.833881e-005
 3.942437e+002  5.758385e-005
 3.948625e+002  6.207591e-005
 3.954812e+002  6.873190e-005
 3.961000e+002  7.143510e-005
 3.967187e+002  7.860702e-005
 3.973375e+002  7.470762e-005
 3.979562e+002  6.255249e-005
 3.985750e+002  5.068187e-005
 3.991937e+002  6.576273e-005
 3.998125e+002  7.249818e-005
 4.004312e+002  6.295859e-005
 4.010500e+002  8.952720e-005
 4.016687e+002  8.175261e-005
 4.022875e+002  5.892292e-005
 4.029062e+002  7.489059e-005
 4.035250e+002  7.470652e-005
 4.041437e+002  6.124580e-005
 4.047625e+002  5.980808e-005
 4.053812e+002  6.534615e-005
 4.060000e+002  6.223609e-005
 4.066187e+002  7.020826e-005
 4.072375e+002  5.947767e-005
 4.078562e+002  7.817711e-005
 4.084750e+002  9.930944e-005
 4.090937e+002  7.686469e-005
 4.097125e+002  7.963903e-005
 4.103312e+002  8.625476e-005
 4.109500e+002  6.874934e-005
 4.115687e+002  7.078556e-005
 4.121875e+002  7.950797e-005
 4.128062e+002  8.935391e-005
 4.134250e+002  8.375349e-005
 4.140437e+002  7.089587e-005
 4.146625e+002  6.369298e-005
 4.152812e+002  6.655367e-005
 4.159000e+002  8.403049e-005
 4.165187e+002  7.936352e-005
 4.171375e+002  8.168168e-005
 4.177562e+002  7.434829e-005
 4.183750e+002  5.958708e-005
 4.189937e+002  6.970893e-005
 4.196125e+002  7.542857e-005
 4.202312e+002  7.927585e-005
 4.208500e+002  6.532494e-005
 4.214687e+002  7.374678e-005
 4.220875e+002  9.201401e-005
 4.227062e+002  7.601681e-005
 4.233250e+002  7.039359e-005
 4.239437e+002  7.370480e-005
 4.245625e+002  6.342836e-005
 4.251812e+002  5.899129e-005
 4.258000e+002  4.921562e-005
 4.264187e+002  7.350852e-005
 4.270375e+002  6.833759e-005
 4.276562e+002  6.364687e-005
 4.282750e+002  7.420415e-005
 4.288937e+002  7.373750e-005
 4.295125e+002  6.548528e-005
 4.301312e+002  6.375939e-005
 4.307500e+002  6.548135e-005
 4.313687e+002  5.938514e-005
 4.319875e+002  5.647077e-005
 4.326062e+002  5.955006e-005
 4.332250e+002  6.167999e-005
 4.338437e+002  6.024283e-005
 4.344625e+002  6.016006e-005
 4.350812e+002  6.742154e-005
 4.357000e+002  8.912060e-005
 4.363187e+002  8.110374e-005
 4.369375e+002  6.412017e-005
 4.375562e+002  7.101972e-005
 4.381750e+002  5.741769e-005
 4.387937e+002  6.317518e-005
 4.394125e+002  5.589116e-005
 4.400312e+002  5.287982e-005
 4.406500e+002  7.125911e-005
 4.412687e+002  8.155106e-005
 4.418875e+002  7.616086e-005
 4.425062e+002  5.578286e-005
 4.431250e+002  6.435852e-005
 4.437437e+002  7.711304e-005
 4.443625e+002  8.308269e-005
 4.449812e+002  7.536979e-005
 4.456000e+002  6.906212e-005
 4.462187e+002  7.024872e-005
 4.468375e+002  6.712553e-005
 4.474562e+002  5.545620e-005
 4.480750e+002  5.809562e-005
 4.486937e+002  8.311714e-005
 4.493125e+002  8.371425e-005
 4.499312e+002  7.697715e-005
 4.505500e+002  7.099400e-005
 4.511687e+002  6.631975e-005
 4.517875e+002  5.632208e-005
 4.524062e+002  5.699103e-005
 4.530250e+002  6.609634e-005
 4.536437e+002  8.098414e-005
 4.542625e+002  7.287787e-005
 4.548812e+002  7.128440e-005
 4.555000e+002  7.418333e-005
 4.561187e+002  6.092621e-005
 4.567375e+002  6.837171e-005
 4.573562e+002  5.046614e-005
 4.579750e+002  5.142827e-005
 4.585937e+002  6.880301e-005
 4.592125e+002  7.602570e-005
 4.598312e+002  6.830919e-005
 4.604500e+002  7.925304e-005
 4.610687e+002  7.018362e-005
 4.616875e+002  6.840649e-005
 4.623062e+002  6.810426e-005
 4.629250e+002  7.425172e-005
 4.635437e+002  6.094056e-005
 4.641625e+002  6.638655e-005
 4.647812e+002  7.257672e-005
 4.654000e+002  6.170762e-005
 4.660187e+002  7.765319e-005
 4.666375e+002  6.826325e-005
 4.672562e+002  6.127668e-005
 4.678750e+002  7.962431e-005
 4.684937e+002  6.964667e-005
 4.691125e+002  7.514430e-005
 4.697312e+002  5.968108e-005
 4.703500e+002  6.839107e-005
 4.709687e+002  8.149108e-005
 4.715875e+002  6.242656e-005
 4.722062e+002  6.569263e-005
 4.728250e+002  6.144928e-005
 4.734437e+002  6.040493e-005
 4.740625e+002  7.226164e-005
 4.746812e+002  6.886154e-005
 4.753000e+002  7.144009e-005
 4.759187e+002  6.761877e-005
 4.765375e+002  6.349852e-005
 4.771562e+002  6.506596e-005
 4.777750e+002  7.723572e-005
 4.783937e+002  7.967509e-005
 4.790125e+002  8.313435e-005
 4.796312e+002  5.846222e-005
 4.802500e+002  5.174326e-005
 4.808687e+002  7.117841e-005
 4.814875e+002  6.919400e-005
 4.821062e+002  6.357634e-005
 4.827250e+002  5.945820e-005
 4.833437e+002  6.931079e-005
 4.839625e+002  6.988972e-005
 4.845812e+002  6.104645e-005
 4.852000e+002  6.004951e-005
 4.858187e+002  6.929937e-005
 4.864375e+002  5.893173e-005
 4.870562e+002  5.665708e-005
 4.876750e+002  6.583655e-005
 4.882937e+002  6.419064e-005
 4.889125e+002  6.906708e-005
 4.895312e+002  7.645925e-005
 4.901500e+002  6.889172e-005
 4.907687e+002  7.717711e-005
 4.913875e+002  7.329499e-005
 4.920062e+002  5.802385e-005
 4.926250e+002  6.603739e-005
 4.932437e+002  7.907216e-005
 4.938625e+002  4.957924e-005
 4.944812e+002  6.024351e-005
 4.951000e+002  8.183775e-005
 4.957187e+002  6.435529e-005
 4.963375e+002  5.765015e-005
 4.969562e+002  6.798532e-005
 4.975750e+002  6.431155e-005
 4.981937e+002  6.370791e-005
 4.988125e+002  5.599002e-005
 4.994312e+002  6.401317e-005
 5.000500e+002  6.717481e-005
 5.006687e+002  6.268899e-005
 5.012875e+002  8.087849e-005
 5.019062e+002  7.051857e-005
 5.025250e+002  5.943536e-005
 5.031437e+002  7.269992e-005
 5.037625e+002  7.135881e-005
 5.043812e+002  7.116583e-005
 5.050000e+002  7.945549e-005
 5.056187e+002  7.255399e-005
 5.062375e+002  6.699726e-005
 5.068562e+002  5.707589e-005
 5.074750e+002  6.602154e-005
 5.080937e+002  6.787619e-005
 5.087125e+002  5.831426e-005
 5.093312e+002  8.014383e-005
 5.099500e+002  7.463796e-005
 5.105687e+002  6.676223e-005
 5.111875e+002  7.629407e-005
 5.118062e+002  7.204493e-005
 5.124250e+002  5.673549e-005
 5.130437e+002  6.270172e-005
 5.136625e+002  6.623344e-005
 5.142812e+002  6.096154e-005
 5.149000e+002  6.774842e-005
 5.155187e+002  6.410847e-005
 5.161375e+002  5.688740e-005
 5.167562e+002  8.063115e-005
 5.173750e+002  5.727327e-005
 5.179937e+002  6.693666e-005
 5.186125e+002  7.424858e-005
 5.192312e+002  6.797030e-005
 5.198500e+002  6.031188e-005
 5.204687e+002  6.462899e-005
 5.210875e+002  6.084371e-005
 5.217062e+002  4.993611e-005
 5.223250e+002  5.660361e-005
 5.229437e+002  6.199565e-005
 5.235625e+002  7.074704e-005
 5.241812e+002  6.503665e-005
 5.248000e+002  7.412223e-005
 5.254187e+002  7.583814e-005
 5.260375e+002  6.964909e-005
 5.266562e+002  7.459152e-005
 5.272750e+002  7.053427e-005
 5.278937e+002  7.479548e-005
 5.285125e+002  6.087987e-005
 5.291312e+002  6.285848e-005
 5.297500e+002  6.488537e-005
 5.303687e+002  6.911552e-005
 5.309875e+002  6.922312e-005
 5.316062e+002  6.725871e-005
 5.322250e+002  5.924943e-005
 5.328437e+002  7.986009e-005
 5.334625e+002  6.728035e-005
 5.340812e+002  7.292189e-005
 5.347000e+002  8.560809e-005
 5.353187e+002  8.100089e-005
 5.359375e+002  6.814948e-005
 5.365562e+002  5.954512e-005
 5.371750e+002  5.567324e-005
 5.377937e+002  6.037058e-005
 5.384125e+002  6.258990e-005
 5.390312e+002  6.858380e-005
 5.396500e+002  5.811115e-005
 5.402687e+002  8.360056e-005
 5.408875e+002  8.352228e-005
 5.415062e+002  8.450264e-005
 5.421250e+002  6.743684e-005
 5.427437e+002  5.444899e-005
 5.433625e+002  6.548453e-005
 5.439812e+002  6.305965e-005
 5.446000e+002  6.956113e-005
 5.452187e+002  6.593202e-005
 5.458375e+002  6.707233e-005
 5.464562e+002  6.920378e-005
 5.470750e+002  5.812677e-005
 5.476937e+002  6.687451e-005
 5.483125e+002  8.114715e-005
 5.489312e+002  6.720148e-005
 5.495500e+002  6.169447e-005
 5.501687e+002  6.908243e-005
 5.507875e+002  5.730582e-005
 5.514062e+002  6.250318e-005
 5.520250e+002  6.919316e-005
 5.526437e+002  6.426605e-005
 5.532625e+002  8.002204e-005
 5.538812e+002  8.591761e-005
 5.545000e+002  7.820453e-005
 5.551187e+002  6.234681e-005
 5.557375e+002  6.645230e-005
 5.563562e+002  6.063016e-005
 5.569750e+002  6.285843e-005
 5.575937e+002  6.242351e-005
 5.582125e+002  6.271848e-005
 5.588312e+002  7.153619e-005
 5.594500e+002  7.024345e-005
 5.600687e+002  4.980820e-005
 5.606875e+002  5.605059e-005
 5.613062e+002  7.738477e-005
 5.619250e+002  8.363130e-005
 5.625437e+002  7.293689e-005
 5.631625e+002  7.388730e-005
 5.637812e+002  5.977505e-005
 5.644000e+002  7.194639e-005
 5.650187e+002  7.030079e-005
 5.656375e+002  6.635718e-005
 5.662562e+002  7.173879e-005
 5.668750e+002  5.786857e-005
 5.674937e+002  5.174797e-005
 5.681125e+002  6.335952e-005
 5.687312e+002  7.562426e-005
 5.693500e+002  7.801207e-005
 5.699687e+002  6.579652e-005
 5.705875e+002  6.581447e-005
 5.712062e+002  7.351889e-005
 5.718250e+002  6.165442e-005
 5.724437e+002  6.426284e-005
 5.730625e+002  9.048022e-005
 5.736812e+002  8.192371e-005
 5.743000e+002  8.065189e-005
 5.749187e+002  7.618777e-005
 5.755375e+002  7.352770e-005
 5.761562e+002  6.540363e-005
 5.767750e+002  6.545993e-005
 5.773937e+002  6.862108e-005
 5.780125e+002  6.680582e-005
 5.786312e+002  6.804621e-005
 5.792500e+002  7.426572e-005
 5.798687e+002  6.929670e-005
 5.804875e+002  6.599560e-005
 5.811062e+002  6.713582e-005
 5.817250e+002  7.025265e-005
 5.823437e+002  8.027059e-005
 5.829625e+002  6.850835e-005
 5.835812e+002  7.084335e-005
 5.842000e+002  7.395958e-005
 5.848187e+002  6.354956e-005
 5.854375e+002  5.587906e-005
 5.860562e+002  7.283433e-005
 5.866750e+002  7.113501e-005
 5.872937e+002  5.930823e-005
 5.879125e+002  6.706730e-005
 5.885312e+002  8.342920e-005
 5.891500e+002  6.527126e-005
 5.897687e+002  6.452916e-005
 5.903875e+002  6.308139e-005
 5.910062e+002  6.404213e-005
 5.916250e+002  6.620908e-005
 5.922437e+002  6.234316e-005
 5.928625e+002  6.176808e-005
 5.934812e+002  8.317711e-005
 5.941000e+002  8.583840e-005
 5.947187e+002  7.078048e-005
 5.953375e+002  6.164859e-005
 5.959562e+002  6.566432e-005
 5.965750e+002  6.893134e-005
 5.971937e+002  7.313779e-005
 5.978125e+002  6.497996e-005
 5.984312e+002  6.433594e-005
 5.990500e+002  6.698475e-005
 5.996687e+002  7.057677e-005
 6.002875e+002  7.113787e-005
 6.009062e+002  6.530382e-005
 6.015250e+002  6.370585e-005
 6.021437e+002  7.843519e-005
 6.027625e+002  8.814852e-005
 6.033812e+002  7.074980e-005
 6.040000e+002  6.514519e-005
 6.046187e+002  6.380068e-005
 6.052375e+002  7.232323e-005
 6.058562e+002  8.624157e-005
 6.064750e+002  7.567473e-005
 6.070937e+002  7.176710e-005
 6.077125e+002  7.369453e-005
 6.083312e+002  6.108609e-005
 6.089500e+002  5.814183e-005
 6.095687e+002  7.875859e-005
 6.101875e+002  9.842230e-005
 6.108062e+002  6.291402e-005
 6.114250e+002  4.651501e-005
 6.120437e+002  4.780080e-005
 6.126625e+002  6.196176e-005
 6.132812e+002  5.665583e-005
 6.139000e+002  7.264615e-005
 6.145187e+002  7.698302e-005
 6.151375e+002  8.178629e-005
 6.157562e+002  8.035640e-005
 6.163750e+002  7.863319e-005
 6.169937e+002  8.187315e-005
 6.176125e+002  9.429642e-005
 6.182312e+002  7.400159e-005
 6.188500e+002  6.850300e-005
 6.194687e+002  7.233724e-005
 6.200875e+002  6.563380e-005
 6.207062e+002  5.401683e-005
 6.213250e+002  5.182631e-005
 6.219437e+002  5.182506e-005
 6.225625e+002  6.859537e-005
 6.231812e+002  5.991225e-005
 6.238000e+002  6.487517e-005
 6.244187e+002  6.074448e-005
 6.250375e+002  7.079816e-005
 6.256562e+002  6.808199e-005
 6.262750e+002  6.976758e-005
 6.268937e+002  6.689751e-005
 6.275125e+002  7.328290e-005
 6.281312e+002  6.131681e-005
 6.287500e+002  6.629607e-005
 6.293687e+002  7.277441e-005
 6.299875e+002  6.792010e-005
 6.306062e+002  6.470684e-005
 6.312250e+002  7.702634e-005
 6.318437e+002  6.904279e-005
 6.324625e+002  6.174312e-005
 6.330812e+002  5.667128e-005
 6.337000e+002  5.947599e-005
 6.343187e+002  6.516271e-005
 6.349375e+002  6.687589e-005
 6.355562e+002  7.713467e-005
 6.361750e+002  7.723344e-005
 6.367937e+002  7.258876e-005
 6.374125e+002  8.036530e-005
 6.380312e+002  7.484928e-005
 6.386500e+002  6.658365e-005
 6.392687e+002  7.806639e-005
 6.398875e+002  7.578460e-005
 6.405062e+002  7.063245e-005
 6.411250e+002  6.184212e-005
 6.417437e+002  5.548410e-005
 6.423625e+002  6.731199e-005
 6.429812e+002  6.790056e-005
 6.436000e+002  6.882460e-005
 6.442187e+002  6.289331e-005
 6.448375e+002  7.440882e-005
 6.454562e+002  6.740694e-005
 6.460750e+002  6.564368e-005
 6.466937e+002  6.070079e-005
 6.473125e+002  6.159199e-005
 6.479312e+002  6.869813e-005
 6.485500e+002  5.859129e-005
 6.491687e+002  6.943232e-005
 6.497875e+002  6.896264e-005
 6.504062e+002  7.628154e-005
 6.510250e+002  6.679169e-005
 6.516437e+002  6.244234e-005
 6.522625e+002  5.693908e-005
 6.528812e+002  4.319544e-005
 6.535000e+002  5.844791e-005
 6.541187e+002  6.004577e-005
 6.547375e+002  7.141000e-005
 6.553562e+002  7.458278e-005
 6.559750e+002  6.867329e-005
 6.565937e+002  7.609056e-005
 6.572125e+002  7.483085e-005
 6.578312e+002  7.774759e-005
 6.584500e+002  7.090764e-005
 6.590687e+002  6.053656e-005
 6.596875e+002  5.661942e-005
 6.603062e+002  6.800841e-005
 6.609250e+002  6.874080e-005
 6.615437e+002  7.208123e-005
 6.621625e+002  7.185874e-005
 6.627812e+002  7.330589e-005
 6.634000e+002  7.389599e-005
 6.640187e+002  6.752460e-005
 6.646375e+002  6.062972e-005
 6.652562e+002  4.442515e-005
 6.658750e+002  5.846038e-005
 6.664937e+002  6.202365e-005
 6.671125e+002  7.242049e-005
 6.677312e+002  7.089346e-005
 6.683500e+002  5.375714e-005
 6.689687e+002  5.894433e-005
 6.695875e+002  7.072057e-005
 6.702062e+002  5.488240e-005
 6.708250e+002  5.981247e-005
 6.714437e+002  7.703335e-005
 6.720625e+002  7.253640e-005
 6.726812e+002  6.477929e-005
 6.733000e+002  7.752181e-005
 6.739187e+002  6.714369e-005
 6.745375e+002  5.817578e-005
 6.751562e+002  6.146277e-005
 6.757750e+002  6.439266e-005
 6.763937e+002  7.116911e-005
 6.770125e+002  6.794299e-005
 6.776312e+002  6.889936e-005
 6.782500e+002  6.705823e-005
 6.788687e+002  6.689311e-005
 6.794875e+002  7.363959e-005
 6.801062e+002  5.828523e-005
 6.807250e+002  5.051419e-005
 6.813437e+002  6.141085e-005
 6.819625e+002  6.216650e-005
 6.825812e+002  5.679227e-005
 6.832000e+002  6.324997e-005
 6.838187e+002  7.015999e-005
 6.844375e+002  6.423322e-005
 6.850562e+002  6.499889e-005
 6.856750e+002  6.309074e-005
 6.862937e+002  6.157129e-005
 6.869125e+002  5.906388e-005
 6.875312e+002  6.416389e-005
 6.881500e+002  6.016400e-005
 6.887687e+002  6.628499e-005
 6.893875e+002  7.161773e-005
 6.900062e+002  6.439757e-005
 6.906250e+002  6.149015e-005
 6.912437e+002  5.991430e-005
 6.918625e+002  6.580595e-005
 6.924812e+002  5.638411e-005
 6.931000e+002  5.911402e-005
 6.937187e+002  6.442549e-005
 6.943375e+002  7.085437e-005
 6.949562e+002  6.234782e-005
 6.955750e+002  6.322780e-005
 6.961937e+002  6.971857e-005
 6.968125e+002  4.899046e-005
 6.974312e+002  6.164500e-005
 6.980500e+002  6.386286e-005
 6.986687e+002  6.105078e-005
 6.992875e+002  6.720898e-005
 6.999062e+002  6.695502e-005
 7.005250e+002  6.222250e-005
 7.011437e+002  6.441879e-005
 7.017625e+002  7.629336e-005
 7.023812e+002  7.022050e-005
 7.030000e+002  6.486585e-005
 7.036187e+002  7.741624e-005
 7.042375e+002  6.379329e-005
 7.048562e+002  7.110757e-005
 7.054750e+002  7.359660e-005
 7.060937e+002  6.527495e-005
 7.067125e+002  4.972591e-005
 7.073312e+002  5.245547e-005
 7.079500e+002  5.878800e-005
 7.085687e+002  5.818607e-005
 7.091875e+002  4.504214e-005
 7.098062e+002  5.952694e-005
 7.104250e+002  6.774680e-005
 7.110437e+002  7.278600e-005
 7.116625e+002  5.978702e-005
 7.122812e+002  6.015439e-005
 7.129000e+002  6.514887e-005
 7.135187e+002  5.262750e-005
 7.141375e+002  6.506303e-005
 7.147562e+002  6.975083e-005
 7.153750e+002  6.776071e-005
 7.159937e+002  6.860379e-005
 7.166125e+002  7.563852e-005
 7.172312e+002  7.620915e-005
 7.178500e+002  5.667657e-005
 7.184687e+002  5.837029e-005
 7.190875e+002  5.855075e-005
 7.197062e+002  7.048884e-005
 7.203250e+002  8.237515e-005
 7.209437e+002  7.417372e-005
 7.215625e+002  6.143335e-005
 7.221812e+002  5.653462e-005
 7.228000e+002  6.813960e-005
 7.234187e+002  7.115845e-005
 7.240375e+002  6.814002e-005
 7.246562e+002  7.645358e-005
 7.252750e+002  6.359791e-005
 7.258937e+002  6.054949e-005
 7.265125e+002  5.643705e-005
 7.271312e+002  6.772096e-005
 7.277500e+002  6.951267e-005
 7.283687e+002  6.706088e-005
 7.289875e+002  6.673028e-005
 7.296062e+002  7.346419e-005
 7.302250e+002  6.363079e-005
 7.308437e+002  6.276338e-005
 7.314625e+002  6.624549e-005
 7.320812e+002  7.701726e-005
 7.327000e+002  7.816468e-005
 7.333187e+002  7.167276e-005
 7.339375e+002  6.848973e-005
 7.345562e+002  7.258909e-005
 7.351750e+002  6.188297e-005
 7.357937e+002  7.556742e-005
 7.364125e+002  7.290013e-005
 7.370312e+002  6.877122e-005
 7.376500e+002  6.037920e-005
 7.382687e+002  5.331532e-005
 7.388875e+002  6.070147e-005
 7.395062e+002  6.224253e-005
 7.401250e+002  7.760201e-005
 7.407437e+002  7.056658e-005
 7.413625e+002  7.405677e-005
 7.419812e+002  5.749718e-005
 7.426000e+002  5.225106e-005
 7.432187e+002  7.271230e-005
 7.438375e+002  6.617485e-005
 7.444562e+002  6.158149e-005
 7.450750e+002  5.968055e-005
 7.456937e+002  5.880365e-005
 7.463125e+002  7.124436e-005
 7.469312e+002  6.874150e-005
 7.475500e+002  4.840615e-005
 7.481687e+002  5.383709e-005
 7.487875e+002  6.619823e-005
 7.494062e+002  7.781142e-005
 7.500250e+002  1.252050e-004
 7.506437e+002  1.059811e-004
 7.512625e+002  6.964753e-005
 7.518812e+002  7.057386e-005
 7.525000e+002  7.690725e-005
 7.531187e+002  7.876781e-005
 7.537375e+002  7.367155e-005
 7.543562e+002  6.544217e-005
 7.549750e+002  7.249501e-005
 7.555937e+002  8.188750e-005
 7.562125e+002  7.669881e-005
 7.568312e+002  7.914473e-005
 7.574500e+002  8.172883e-005
 7.580687e+002  7.543589e-005
 7.586875e+002  7.448799e-005
 7.593062e+002  6.316821e-005
 7.599250e+002  5.468346e-005
 7.605437e+002  6.090716e-005
 7.611625e+002  7.086625e-005
 7.617812e+002  7.004919e-005
 7.624000e+002  7.520493e-005
 7.630187e+002  6.924341e-005
 7.636375e+002  5.808899e-005
 7.642562e+002  5.419336e-005
 7.648750e+002  4.964557e-005
 7.654937e+002  5.371787e-005
 7.661125e+002  6.989647e-005
 7.667312e+002  6.299464e-005
 7.673500e+002  6.075654e-005
 7.679687e+002  7.728544e-005
 7.685875e+002  7.609799e-005
 7.692062e+002  6.655807e-005
 7.698250e+002  6.819652e-005
 7.704437e+002  7.285380e-005
 7.710625e+002  7.168773e-005
 7.716812e+002  7.806952e-005
 7.723000e+002  7.040885e-005
 7.729187e+002  6.023964e-005
 7.735375e+002  7.133305e-005
 7.741562e+002  6.062932e-005
 7.747750e+002  5.889892e-005
 7.753937e+002  4.874854e-005
 7.760125e+002  5.485377e-005
 7.766312e+002  7.994920e-005
 7.772500e+002  7.904933e-005
 7.778687e+002  6.546844e-005
 7.784875e+002  6.512023e-005
 7.791062e+002  8.563345e-005
 7.797250e+002  6.840614e-005
 7.803437e+002  6.124802e-005
 7.809625e+002  5.659452e-005
 7.815812e+002  6.184310e-005
 7.822000e+002  6.666081e-005
 7.828187e+002  6.093982e-005
 7.834375e+002  6.189425e-005
 7.840562e+002  7.011376e-005
 7.846750e+002  6.888083e-005
 7.852937e+002  6.220440e-005
 7.859125e+002  7.339413e-005
 7.865312e+002  7.172157e-005
 7.871500e+002  5.345114e-005
 7.877687e+002  5.822363e-005
 7.883875e+002  6.988620e-005
 7.890062e+002  5.971229e-005
 7.896250e+002  6.123956e-005
 7.902437e+002  6.274567e-005
 7.908625e+002  6.021883e-005
 7.914812e+002  6.147679e-005
 7.921000e+002  7.737561e-005
 7.927187e+002  8.833354e-005
 7.933375e+002  7.521347e-005
 7.939562e+002  6.998628e-005
 7.945750e+002  5.815165e-005
 7.951937e+002  6.203809e-005
 7.958125e+002  6.515649e-005
 7.964312e+002  7.045952e-005
 7.970500e+002  5.516266e-005
 7.976687e+002  6.527369e-005
 7.982875e+002  7.049174e-005
 7.989062e+002  6.845837e-005
 7.995250e+002  8.091171e-005
 8.001437e+002  7.161787e-005
 8.007625e+002  5.851387e-005
 8.013812e+002  6.189963e-005
 8.020000e+002  7.164010e-005
 8.026187e+002  8.092723e-005
 8.032375e+002  7.218770e-005
 8.038562e+002  5.978286e-005
 8.044750e+002  5.633758e-005
 8.050937e+002  6.377277e-005
 8.057125e+002  7.916068e-005
 8.063312e+002  8.744848e-005
 8.069500e+002  8.776167e-005
 8.075687e+002  7.178606e-005
 8.081875e+002  6.114504e-005
 8.088062e+002  5.934839e-005
 8.094250e+002  6.500069e-005
 8.100437e+002  7.224539e-005
 8.106625e+002  6.901798e-005
 8.112812e+002  6.564403e-005
 8.119000e+002  7.702646e-005
 8.125187e+002  6.508949e-005
 8.131375e+002  6.635087e-005
 8.137562e+002  5.682374e-005
 8.143750e+002  5.548295e-005
 8.149937e+002  5.613367e-005
 8.156125e+002  5.591203e-005
 8.162312e+002  5.826715e-005
 8.168500e+002  6.126655e-005
 8.174687e+002  6.729905e-005
 8.180875e+002  5.935961e-005
 8.187062e+002  5.370118e-005
 8.193250e+002  6.164100e-005
 8.199437e+002  5.193075e-005
 8.205625e+002  5.497072e-005
 8.211812e+002  6.293472e-005
 8.218000e+002  6.543300e-005
 8.224187e+002  6.822814e-005
 8.230375e+002  6.963660e-005
 8.236562e+002  6.632612e-005
 8.242750e+002  7.214870e-005
 8.248937e+002  7.002631e-005
 8.255125e+002  6.143516e-005
 8.261312e+002  5.503049e-005
 8.267500e+002  7.370051e-005
 8.273687e+002  7.290897e-005
 8.279875e+002  5.234435e-005
 8.286062e+002  6.465556e-005
 8.292250e+002  6.436603e-005
 8.298437e+002  5.833158e-005
 8.304625e+002  5.040671e-005
 8.310812e+002  5.093109e-005
 8.317000e+002  5.997301e-005
 8.323187e+002  7.240617e-005
 8.329375e+002  7.208475e-005
 8.335562e+002  7.282714e-005
 8.341750e+002  6.401178e-005
 8.347937e+002  7.208019e-005
 8.354125e+002  8.062602e-005
 8.360312e+002  6.349242e-005
 8.366500e+002  4.729597e-005
 8.372687e+002  5.695393e-005
 8.378875e+002  5.986568e-005
 8.385062e+002  5.809505e-005
 8.391250e+002  5.962829e-005
 8.397437e+002  6.293125e-005
 8.403625e+002  7.176886e-005
 8.409812e+002  7.947251e-005
 8.416000e+002  6.360714e-005
 8.422187e+002  6.595998e-005
 8.428375e+002  6.322961e-005
 8.434562e+002  7.071025e-005
 8.440750e+002  8.023690e-005
 8.446937e+002  8.351280e-005
 8.453125e+002  7.303819e-005
 8.459312e+002  6.155905e-005
 8.465500e+002  5.929066e-005
 8.471687e+002  6.292291e-005
 8.477875e+002  6.819987e-005
 8.484062e+002  6.242564e-005
 8.490250e+002  8.336089e-005
 8.496437e+002  9.373975e-005
 8.502625e+002  1.254004e-004
 8.508812e+002  9.786398e-005
 8.515000e+002  7.376243e-005
 8.521187e+002  7.032883e-005
 8.527375e+002  6.881628e-005
 8.533562e+002  8.110896e-005
 8.539750e+002  7.102814e-005
 8.545937e+002  7.104484e-005
 8.552125e+002  6.791222e-005
 8.558312e+002  6.307783e-005
 8.564500e+002  7.037888e-005
 8.570687e+002  6.197530e-005
 8.576875e+002  4.288921e-005
 8.583062e+002  6.695017e-005
 8.589250e+002  7.206851e-005
 8.595437e+002  7.650223e-005
 8.601625e+002  8.496569e-005
 8.607812e+002  6.977712e-005
 8.614000e+002  6.247620e-005
 8.620187e+002  5.555458e-005
 8.626375e+002  7.474712e-005
 8.632562e+002  7.492187e-005
 8.638750e+002  6.838502e-005
 8.644937e+002  5.122387e-005
 8.651125e+002  6.126717e-005
 8.657312e+002  6.359406e-005
 8.663500e+002  6.085533e-005
 8.669687e+002  7.176611e-005
 8.675875e+002  7.675721e-005
 8.682062e+002  7.384627e-005
 8.688250e+002  7.060610e-005
 8.694437e+002  7.379363e-005
 8.700625e+002  6.576389e-005
 8.706812e+002  5.062869e-005
 8.713000e+002  7.234057e-005
 8.719187e+002  6.369632e-005
 8.725375e+002  7.219059e-005
 8.731562e+002  8.721553e-005
 8.737750e+002  7.716388e-005
 8.743937e+002  8.169501e-005
 8.750125e+002  6.689292e-005
 8.756312e+002  5.532434e-005
 8.762500e+002  7.334358e-005
 8.768687e+002  7.155916e-005
 8.774875e+002  6.856880e-005
 8.781062e+002  6.615341e-005
 8.787250e+002  6.601017e-005
 8.793437e+002  7.195367e-005
 8.799625e+002  7.588829e-005
 8.805812e+002  7.496370e-005
 8.812000e+002  7.303360e-005
 8.818187e+002  7.339538e-005
 8.824375e+002  7.284222e-005
 8.830562e+002  4.901779e-005
 8.836750e+002  6.769082e-005
 8.842937e+002  8.091135e-005
 8.849125e+002  7.842963e-005
 8.855312e+002  6.775884e-005
 8.861500e+002  7.419493e-005
 8.867687e+002  7.530785e-005
 8.873875e+002  6.700709e-005
 8.880062e+002  5.678128e-005
 8.886250e+002  6.909075e-005
 8.892437e+002  6.823335e-005
 8.898625e+002  7.124308e-005
 8.904812e+002  6.936917e-005
 8.911000e+002  5.578265e-005
 8.917187e+002  5.591846e-005
 8.923375e+002  5.725380e-005
 8.929562e+002  5.988772e-005
 8.935750e+002  7.539371e-005
 8.941937e+002  7.378014e-005
 8.948125e+002  6.574920e-005
 8.954312e+002  6.477956e-005
 8.960500e+002  6.231267e-005
 8.966687e+002  6.530789e-005
 8.972875e+002  5.454274e-005
 8.979062e+002  5.345664e-005
 8.985250e+002  5.919822e-005
 8.991437e+002  5.066523e-005
 8.997625e+002  7.119310e-005
 9.003812e+002  8.009306e-005
 9.010000e+002  7.187633e-005
 9.016187e+002  8.178157e-005
 9.022375e+002  7.800916e-005
 9.028562e+002  6.578779e-005
 9.034750e+002  7.033076e-005
 9.040937e+002  6.756478e-005
 9.047125e+002  5.501288e-005
 9.053312e+002  6.676724e-005
 9.059500e+002  6.235340e-005
 9.065687e+002  4.957831e-005
 9.071875e+002  4.839963e-005
 9.078062e+002  6.774288e-005
 9.084250e+002  7.360390e-005
 9.090437e+002  5.867156e-005
 9.096625e+002  6.144888e-005
 9.102812e+002  7.717500e-005
 9.109000e+002  5.037645e-005
 9.115187e+002  5.038826e-005
 9.121375e+002  5.980374e-005
 9.127562e+002  6.185221e-005
 9.133750e+002  5.522133e-005
 9.139937e+002  6.952827e-005
 9.146125e+002  8.144511e-005
 9.152312e+002  6.349584e-005
 9.158500e+002  5.510508e-005
 9.164687e+002  6.659834e-005
 9.170875e+002  6.756853e-005
 9.177062e+002  6.168823e-005
 9.183250e+002  6.806103e-005
 9.189437e+002  5.866810e-005
 9.195625e+002  5.963475e-005
 9.201812e+002  5.725220e-005
 9.208000e+002  7.325823e-005
 9.214187e+002  8.745869e-005
 9.220375e+002  6.470299e-005
 9.226562e+002  6.813344e-005
 9.232750e+002  7.114064e-005
 9.238937e+002  5.398166e-005
 9.245125e+002  5.202909e-005
 9.251312e+002  5.445040e-005
 9.257500e+002  6.051329e-005
 9.263687e+002  5.161409e-005
 9.269875e+002  5.588246e-005
 9.276062e+002  6.652447e-005
 9.282250e+002  7.210784e-005
 9.288437e+002  6.568599e-005
 9.294625e+002  8.019832e-005
 9.300812e+002  9.055447e-005
 9.307000e+002  7.352752e-005
 9.313187e+002  6.542211e-005
 9.319375e+002  5.644930e-005
 9.325562e+002  5.747995e-005
 9.331750e+002  7.613684e-005
 9.337937e+002  7.345458e-005
 9.344125e+002  5.460170e-005
 9.350312e+002  5.822839e-005
 9.356500e+002  5.090649e-005
 9.362687e+002  5.697630e-005
 9.368875e+002  4.690835e-005
 9.375062e+002  5.689851e-005
 9.381250e+002  6.355363e-005
 9.387437e+002  6.743918e-005
 9.393625e+002  7.749525e-005
 9.399812e+002  8.641410e-005
 9.406000e+002  7.529845e-005
 9.412187e+002  7.513546e-005
 9.418375e+002  8.121971e-005
 9.424562e+002  6.006263e-005
 9.430750e+002  5.816903e-005
 9.436937e+002  6.823114e-005
 9.443125e+002  6.743810e-005
 9.449312e+002  5.661232e-005
 9.455500e+002  5.676627e-005
 9.461687e+002  5.515957e-005
 9.467875e+002  6.281539e-005
 9.474062e+002  6.980832e-005
 9.480250e+002  7.107331e-005
 9.486437e+002  7.537056e-005
 9.492625e+002  6.606377e-005
 9.498812e+002  7.112181e-005
 9.505000e+002  8.572724e-005
 9.511187e+002  6.763263e-005
 9.517375e+002  6.707610e-005
 9.523562e+002  7.238462e-005
 9.529750e+002  7.125762e-005
 9.535937e+002  7.069983e-005
 9.542125e+002  8.001609e-005
 9.548312e+002  7.452385e-005
 9.554500e+002  8.131022e-005
 9.560687e+002  7.875037e-005
 9.566875e+002  6.535918e-005
 9.573062e+002  4.812327e-005
 9.579250e+002  6.431054e-005
 9.585437e+002  7.802070e-005
 9.591625e+002  7.757149e-005
 9.597812e+002  7.326526e-005
 9.604000e+002  6.907039e-005
 9.610187e+002  6.564469e-005
 9.616375e+002  6.419880e-005
 9.622562e+002  7.236091e-005
 9.628750e+002  6.270959e-005
 9.634937e+002  6.108033e-005
 9.641125e+002  6.904488e-005
 9.647312e+002  7.999586e-005
 9.653500e+002  6.680353e-005
 9.659687e+002  6.776493e-005
 9.665875e+002  8.011349e-005
 9.672062e+002  6.765161e-005
 9.678250e+002  8.316303e-005
 9.684437e+002  9.259184e-005
 9.690625e+002  8.557574e-005
 9.696812e+002  7.344311e-005
 9.703000e+002  7.178565e-005
 9.709187e+002  6.251765e-005
 9.715375e+002  5.921989e-005
 9.721562e+002  6.912036e-005
 9.727750e+002  6.417547e-005
 9.733937e+002  5.955354e-005
 9.740125e+002  4.160650e-005
 9.746312e+002  5.872976e-005
 9.752500e+002  5.912770e-005
 9.758687e+002  6.831629e-005
 9.764875e+002  7.418136e-005
 9.771062e+002  6.696384e-005
 9.777250e+002  6.753416e-005
 9.783437e+002  8.124585e-005
 9.789625e+002  7.512790e-005
 9.795812e+002  6.202478e-005
 9.802000e+002  6.712197e-005
 9.808187e+002  6.312809e-005
 9.814375e+002  6.679557e-005
 9.820562e+002  6.674053e-005
 9.826750e+002  6.239616e-005
 9.832937e+002  7.480506e-005
 9.839125e+002  7.243727e-005
 9.845312e+002  7.414975e-005
 9.851500e+002  7.045439e-005
 9.857687e+002  6.995189e-005
 9.863875e+002  6.351114e-005
 9.870062e+002  6.094010e-005
 9.876250e+002  6.411547e-005
 9.882437e+002  6.089885e-005
 9.888625e+002  5.464066e-005
 9.894812e+002  6.309898e-005
 9.901000e+002  6.411120e-005
 9.907187e+002  5.715672e-005
 9.913375e+002  6.869248e-005
 9.919562e+002  5.974577e-005
 9.925750e+002  6.934862e-005
 9.931937e+002  6.393248e-005
 9.938125e+002  6.886884e-005
 9.944312e+002  7.092533e-005
 9.950500e+002  6.840577e-005
 9.956687e+002  6.905288e-005
 9.962875e+002  6.472247e-005
 9.969062e+002  6.893703e-005
 9.975250e+002  7.178443e-005
 9.981437e+002  6.386462e-005
 9.987625e+002  5.862370e-005
 9.993812e+002  5.751867e-005
 1.000000e+003  6.057213e-005
