 1.000000e+000  5.214381e-004
 1.247500e+000  4.658499e-004
 1.495000e+000  3.621708e-004
 1.742500e+000  2.651272e-004
 1.990000e+000  3.511960e-004
 2.237500e+000  3.423577e-004
 2.485000e+000  2.465708e-004
 2.732500e+000  1.885138e-004
 2.980000e+000  2.222006e-004
 3.227500e+000  2.074923e-004
 3.475000e+000  1.687903e-004
 3.722500e+000  1.768521e-004
 3.970000e+000  2.081615e-004
 4.217500e+000  1.680716e-004
 4.465000e+000  2.309881e-004
 4.712500e+000  2.296597e-004
 4.960000e+000  1.819206e-004
 5.207500e+000  1.941488e-004
 5.455000e+000  2.591189e-004
 5.702500e+000  2.878387e-004
 5.950000e+000  2.257351e-004
 6.197500e+000  1.594520e-004
 6.445000e+000  1.365316e-004
 6.692500e+000  1.445584e-004
 6.940000e+000  1.714060e-004
 7.187500e+000  2.083858e-004
 7.435000e+000  1.494125e-004
 7.682500e+000  1.107312e-004
 7.930000e+000  9.052955e-005
 8.177500e+000  1.131167e-004
 8.425000e+000  1.688338e-004
 8.672500e+000  1.718866e-004
 8.920000e+000  1.999730e-004
 9.167500e+000  1.731104e-004
 9.415000e+000  1.845591e-004
 9.662500e+000  1.635212e-004
 9.910000e+000  1.532213e-004
 1.015750e+001  1.228162e-004
 1.040500e+001  1.414471e-004
 1.065250e+001  1.853943e-004
 1.090000e+001  1.087926e-004
 1.114750e+001  1.719198e-004
 1.139500e+001  1.379747e-004
 1.164250e+001  1.473730e-004
 1.189000e+001  1.496251e-004
 1.213750e+001  1.209628e-004
 1.238500e+001  8.992618e-005
 1.263250e+001  9.856075e-005
 1.288000e+001  1.320832e-004
 1.312750e+001  1.757124e-004
 1.337500e+001  1.689717e-004
 1.362250e+001  1.111357e-004
 1.387000e+001  1.281934e-004
 1.411750e+001  1.174848e-004
 1.436500e+001  7.587621e-005
 1.461250e+001  9.477384e-005
 1.486000e+001  1.479386e-004
 1.510750e+001  9.947335e-005
 1.535500e+001  1.285253e-004
 1.560250e+001  1.637254e-004
 1.585000e+001  1.475725e-004
 1.609750e+001  1.278391e-004
 1.634500e+001  1.280654e-004
 1.659250e+001  1.061711e-004
 1.684000e+001  1.301595e-004
 1.708750e+001  9.339532e-005
 1.733500e+001  1.184783e-004
 1.758250e+001  1.347274e-004
 1.783000e+001  9.857945e-005
 1.807750e+001  9.263453e-005
 1.832500e+001  1.214667e-004
 1.857250e+001  1.585378e-004
 1.882000e+001  1.372565e-004
 1.906750e+001  1.526627e-004
 1.931500e+001  1.454693e-004
 1.956250e+001  1.495872e-004
 1.981000e+001  8.764794e-005
 2.005750e+001  9.259443e-005
 2.030500e+001  1.153268e-004
 2.055250e+001  9.784828e-005
 2.080000e+001  1.115083e-004
 2.104750e+001  1.414785e-004
 2.129500e+001  1.213622e-004
 2.154250e+001  1.032637e-004
 2.179000e+001  1.241603e-004
 2.203750e+001  8.421384e-005
 2.228500e+001  5.353948e-005
 2.253250e+001  8.131716e-005
 2.278000e+001  1.078921e-004
 2.302750e+001  1.024917e-004
 2.327500e+001  1.339237e-004
 2.352250e+001  1.380352e-004
 2.377000e+001  1.150470e-004
 2.401750e+001  1.086309e-004
 2.426500e+001  1.015668e-004
 2.451250e+001  1.142082e-004
 2.476000e+001  7.658612e-005
 2.500750e+001  1.201810e-004
 2.525500e+001  1.094590e-004
 2.550250e+001  1.062495e-004
 2.575000e+001  1.151854e-004
 2.599750e+001  1.250035e-004
 2.624500e+001  1.094567e-004
 2.649250e+001  8.894670e-005
 2.674000e+001  6.842591e-005
 2.698750e+001  6.438656e-005
 2.723500e+001  6.441928e-005
 2.748250e+001  9.282157e-005
 2.773000e+001  1.574742e-004
 2.797750e+001  1.377470e-004
 2.822500e+001  1.162443e-004
 2.847250e+001  1.054375e-004
 2.872000e+001  8.731438e-005
 2.896750e+001  1.210338e-004
 2.921500e+001  7.623549e-005
 2.946250e+001  7.585413e-005
 2.971000e+001  7.461750e-005
 2.995750e+001  8.075914e-005
 3.020500e+001  7.339083e-005
 3.045250e+001  7.495191e-005
 3.070000e+001  4.487865e-005
 3.094750e+001  9.333352e-005
 3.119500e+001  9.060679e-005
 3.144250e+001  7.825926e-005
 3.169000e+001  5.076667e-005
 3.193750e+001  7.616529e-005
 3.218500e+001  1.280154e-004
 3.243250e+001  9.115802e-005
 3.268000e+001  1.200489e-004
 3.292750e+001  1.076107e-004
 3.317500e+001  7.685747e-005
 3.342250e+001  8.899923e-005
 3.367000e+001  9.558146e-005
 3.391750e+001  9.599967e-005
 3.416500e+001  9.672531e-005
 3.441250e+001  6.235334e-005
 3.466000e+001  6.807065e-005
 3.490750e+001  9.856942e-005
 3.515500e+001  8.863815e-005
 3.540250e+001  9.800294e-005
 3.565000e+001  9.959975e-005
 3.589750e+001  1.087846e-004
 3.614500e+001  1.353734e-004
 3.639250e+001  8.011508e-005
 3.664000e+001  7.123196e-005
 3.688750e+001  8.911466e-005
 3.713500e+001  8.740982e-005
 3.738250e+001  9.584152e-005
 3.763000e+001  1.057121e-004
 3.787750e+001  9.855243e-005
 3.812500e+001  9.859946e-005
 3.837250e+001  1.059737e-004
 3.862000e+001  7.635345e-005
 3.886750e+001  8.920783e-005
 3.911500e+001  7.850023e-005
 3.936250e+001  6.316316e-005
 3.961000e+001  7.920376e-005
 3.985750e+001  7.204538e-005
 4.010500e+001  6.596032e-005
 4.035250e+001  8.719853e-005
 4.060000e+001  8.132908e-005
 4.084750e+001  9.268954e-005
 4.109500e+001  1.119013e-004
 4.134250e+001  9.803196e-005
 4.159000e+001  8.865170e-005
 4.183750e+001  1.365809e-004
 4.208500e+001  6.413660e-005
 4.233250e+001  7.929315e-005
 4.258000e+001  6.777591e-005
 4.282750e+001  8.509252e-005
 4.307500e+001  8.050361e-005
 4.332250e+001  9.758453e-005
 4.357000e+001  1.263873e-004
 4.381750e+001  1.193352e-004
 4.406500e+001  1.087250e-004
 4.431250e+001  9.378803e-005
 4.456000e+001  6.536595e-005
 4.480750e+001  7.761408e-005
 4.505500e+001  1.051782e-004
 4.530250e+001  1.044762e-004
 4.555000e+001  1.067561e-004
 4.579750e+001  8.925076e-005
 4.604500e+001  9.192225e-005
 4.629250e+001  8.132217e-005
 4.654000e+001  1.073024e-004
 4.678750e+001  1.132102e-004
 4.703500e+001  1.273007e-004
 4.728250e+001  8.264496e-005
 4.753000e+001  7.478167e-005
 4.777750e+001  9.139161e-005
 4.802500e+001  8.668527e-005
 4.827250e+001  7.272225e-005
 4.852000e+001  1.168327e-004
 4.876750e+001  1.002252e-004
 4.901500e+001  7.540928e-005
 4.926250e+001  8.823407e-005
 4.951000e+001  9.495153e-005
 4.975750e+001  1.116340e-003
 5.000500e+001  1.920384e-003
 5.025250e+001  7.708791e-004
 5.050000e+001  1.735138e-004
 5.074750e+001  1.312046e-004
 5.099500e+001  1.265539e-004
 5.124250e+001  9.574690e-005
 5.149000e+001  8.261992e-005
 5.173750e+001  1.055103e-004
 5.198500e+001  1.189305e-004
 5.223250e+001  1.251634e-004
 5.248000e+001  1.086888e-004
 5.272750e+001  1.079656e-004
 5.297500e+001  6.741177e-005
 5.322250e+001  7.628476e-005
 5.347000e+001  6.850722e-005
 5.371750e+001  7.697269e-005
 5.396500e+001  1.063217e-004
 5.421250e+001  8.327507e-005
 5.446000e+001  7.509733e-005
 5.470750e+001  1.059608e-004
 5.495500e+001  1.297985e-004
 5.520250e+001  1.372531e-004
 5.545000e+001  9.974047e-005
 5.569750e+001  7.398738e-005
 5.594500e+001  7.840747e-005
 5.619250e+001  9.238809e-005
 5.644000e+001  6.942031e-005
 5.668750e+001  7.273350e-005
 5.693500e+001  6.861339e-005
 5.718250e+001  7.715198e-005
 5.743000e+001  1.081460e-004
 5.767750e+001  9.663101e-005
 5.792500e+001  4.719831e-005
 5.817250e+001  7.878871e-005
 5.842000e+001  8.317406e-005
 5.866750e+001  9.047979e-005
 5.891500e+001  1.165437e-004
 5.916250e+001  7.695538e-005
 5.941000e+001  6.450035e-005
 5.965750e+001  9.362083e-005
 5.990500e+001  1.129823e-004
 6.015250e+001  9.858380e-005
 6.040000e+001  6.419661e-005
 6.064750e+001  6.442262e-005
 6.089500e+001  8.332625e-005
 6.114250e+001  7.879937e-005
 6.139000e+001  5.422240e-005
 6.163750e+001  7.181361e-005
 6.188500e+001  9.542248e-005
 6.213250e+001  9.173121e-005
 6.238000e+001  9.724398e-005
 6.262750e+001  7.838842e-005
 6.287500e+001  8.592005e-005
 6.312250e+001  1.109812e-004
 6.337000e+001  9.529568e-005
 6.361750e+001  1.249187e-004
 6.386500e+001  7.853762e-005
 6.411250e+001  5.092437e-005
 6.436000e+001  7.513651e-005
 6.460750e+001  9.493652e-005
 6.485500e+001  9.177303e-005
 6.510250e+001  7.819305e-005
 6.535000e+001  1.041722e-004
 6.559750e+001  8.539849e-005
 6.584500e+001  5.476354e-005
 6.609250e+001  6.374835e-005
 6.634000e+001  6.764554e-005
 6.658750e+001  6.273528e-005
 6.683500e+001  6.543876e-005
 6.708250e+001  5.513125e-005
 6.733000e+001  5.944784e-005
 6.757750e+001  7.244055e-005
 6.782500e+001  7.173525e-005
 6.807250e+001  6.108972e-005
 6.832000e+001  8.510224e-005
 6.856750e+001  1.066510e-004
 6.881500e+001  8.084877e-005
 6.906250e+001  6.520083e-005
 6.931000e+001  9.143727e-005
 6.955750e+001  7.893805e-005
 6.980500e+001  6.662164e-005
 7.005250e+001  6.459266e-005
 7.030000e+001  5.473006e-005
 7.054750e+001  5.678465e-005
 7.079500e+001  9.201163e-005
 7.104250e+001  9.997410e-005
 7.129000e+001  1.112190e-004
 7.153750e+001  9.241009e-005
 7.178500e+001  7.048375e-005
 7.203250e+001  1.003119e-004
 7.228000e+001  9.898317e-005
 7.252750e+001  7.575995e-005
 7.277500e+001  4.917082e-005
 7.302250e+001  4.299235e-005
 7.327000e+001  6.357080e-005
 7.351750e+001  9.427876e-005
 7.376500e+001  6.631618e-005
 7.401250e+001  3.867263e-005
 7.426000e+001  5.227494e-005
 7.450750e+001  6.450014e-005
 7.475500e+001  1.033399e-004
 7.500250e+001  1.021827e-004
 7.525000e+001  6.233638e-005
 7.549750e+001  4.107390e-005
 7.574500e+001  5.910547e-005
 7.599250e+001  7.148502e-005
 7.624000e+001  7.580793e-005
 7.648750e+001  7.340070e-005
 7.673500e+001  6.784794e-005
 7.698250e+001  7.018985e-005
 7.723000e+001  9.768296e-005
 7.747750e+001  1.051285e-004
 7.772500e+001  1.058277e-004
 7.797250e+001  1.121126e-004
 7.822000e+001  1.185413e-004
 7.846750e+001  1.144727e-004
 7.871500e+001  8.902095e-005
 7.896250e+001  5.823128e-005
 7.921000e+001  7.457844e-005
 7.945750e+001  9.932320e-005
 7.970500e+001  1.382927e-004
 7.995250e+001  8.830171e-005
 8.020000e+001  6.868948e-005
 8.044750e+001  9.474605e-005
 8.069500e+001  7.303416e-005
 8.094250e+001  4.496058e-005
 8.119000e+001  7.572311e-005
 8.143750e+001  6.289716e-005
 8.168500e+001  5.690481e-005
 8.193250e+001  7.803784e-005
 8.218000e+001  8.836617e-005
 8.242750e+001  8.363719e-005
 8.267500e+001  8.073746e-005
 8.292250e+001  7.687593e-005
 8.317000e+001  6.405873e-005
 8.341750e+001  3.523505e-005
 8.366500e+001  4.673952e-005
 8.391250e+001  8.228998e-005
 8.416000e+001  9.296382e-005
 8.440750e+001  1.008670e-004
 8.465500e+001  8.500180e-005
 8.490250e+001  7.289745e-005
 8.515000e+001  6.675282e-005
 8.539750e+001  4.401618e-005
 8.564500e+001  6.629258e-005
 8.589250e+001  8.981362e-005
 8.614000e+001  6.918682e-005
 8.638750e+001  9.892015e-005
 8.663500e+001  8.823862e-005
 8.688250e+001  7.264824e-005
 8.713000e+001  6.419076e-005
 8.737750e+001  5.911832e-005
 8.762500e+001  6.345601e-005
 8.787250e+001  6.383370e-005
 8.812000e+001  8.394926e-005
 8.836750e+001  9.484439e-005
 8.861500e+001  9.344567e-005
 8.886250e+001  7.845727e-005
 8.911000e+001  6.990150e-005
 8.935750e+001  9.172819e-005
 8.960500e+001  8.232878e-005
 8.985250e+001  6.234906e-005
 9.010000e+001  9.111423e-005
 9.034750e+001  6.742464e-005
 9.059500e+001  7.062657e-005
 9.084250e+001  7.326931e-005
 9.109000e+001  7.457137e-005
 9.133750e+001  7.287250e-005
 9.158500e+001  6.405944e-005
 9.183250e+001  5.689605e-005
 9.208000e+001  5.146546e-005
 9.232750e+001  8.871987e-005
 9.257500e+001  8.607022e-005
 9.282250e+001  5.457627e-005
 9.307000e+001  4.677135e-005
 9.331750e+001  6.296799e-005
 9.356500e+001  7.469885e-005
 9.381250e+001  7.699501e-005
 9.406000e+001  8.717103e-005
 9.430750e+001  1.213160e-004
 9.455500e+001  1.191389e-004
 9.480250e+001  9.896957e-005
 9.505000e+001  9.521979e-005
 9.529750e+001  6.500544e-005
 9.554500e+001  4.159151e-005
 9.579250e+001  6.740400e-005
 9.604000e+001  8.753922e-005
 9.628750e+001  6.872821e-005
 9.653500e+001  5.350832e-005
 9.678250e+001  5.142462e-005
 9.703000e+001  5.334022e-005
 9.727750e+001  7.236661e-005
 9.752500e+001  4.864912e-005
 9.777250e+001  8.290868e-005
 9.802000e+001  6.544039e-005
 9.826750e+001  5.944279e-005
 9.851500e+001  7.105251e-005
 9.876250e+001  1.040321e-004
 9.901000e+001  1.166949e-004
 9.925750e+001  1.141328e-004
 9.950500e+001  8.861660e-005
 9.975250e+001  1.158840e-004
 1.000000e+002  1.322069e-004
