 1.000000e+000  2.439429e-003
 1.247500e+000  2.212375e-003
 1.495000e+000  1.637050e-003
 1.742500e+000  1.506234e-003
 1.990000e+000  1.510005e-003
 2.237500e+000  1.263170e-003
 2.485000e+000  8.626840e-004
 2.732500e+000  6.495730e-004
 2.980000e+000  7.017238e-004
 3.227500e+000  7.247526e-004
 3.475000e+000  6.250448e-004
 3.722500e+000  8.030362e-004
 3.970000e+000  6.275577e-004
 4.217500e+000  5.447288e-004
 4.465000e+000  5.553691e-004
 4.712500e+000  4.927026e-004
 4.960000e+000  7.972756e-004
 5.207500e+000  5.853796e-004
 5.455000e+000  5.811297e-004
 5.702500e+000  6.274488e-004
 5.950000e+000  6.003078e-004
 6.197500e+000  5.884594e-004
 6.445000e+000  4.744569e-004
 6.692500e+000  4.748794e-004
 6.940000e+000  4.688683e-004
 7.187500e+000  5.558065e-004
 7.435000e+000  4.730536e-004
 7.682500e+000  3.895401e-004
 7.930000e+000  3.805740e-004
 8.177500e+000  3.573981e-004
 8.425000e+000  2.539142e-004
 8.672500e+000  4.058167e-004
 8.920000e+000  3.724703e-004
 9.167500e+000  2.482002e-004
 9.415000e+000  2.239902e-004
 9.662500e+000  2.623990e-004
 9.910000e+000  2.221308e-004
 1.015750e+001  2.169970e-004
 1.040500e+001  3.307216e-004
 1.065250e+001  3.382649e-004
 1.090000e+001  2.980609e-004
 1.114750e+001  3.878404e-004
 1.139500e+001  2.536948e-004
 1.164250e+001  2.964626e-004
 1.189000e+001  2.992879e-004
 1.213750e+001  3.665693e-004
 1.238500e+001  3.869038e-004
 1.263250e+001  2.434112e-004
 1.288000e+001  2.661712e-004
 1.312750e+001  3.817263e-004
 1.337500e+001  3.276840e-004
 1.362250e+001  3.360723e-004
 1.387000e+001  3.194182e-004
 1.411750e+001  3.580412e-004
 1.436500e+001  4.447723e-004
 1.461250e+001  3.014050e-004
 1.486000e+001  1.656517e-004
 1.510750e+001  2.394127e-004
 1.535500e+001  2.956643e-004
 1.560250e+001  2.381345e-004
 1.585000e+001  2.815518e-004
 1.609750e+001  2.403759e-004
 1.634500e+001  2.348184e-004
 1.659250e+001  3.246465e-004
 1.684000e+001  3.242310e-004
 1.708750e+001  3.659921e-004
 1.733500e+001  3.449518e-004
 1.758250e+001  2.037851e-004
 1.783000e+001  2.729200e-004
 1.807750e+001  2.693632e-004
 1.832500e+001  2.346812e-004
 1.857250e+001  2.029832e-004
 1.882000e+001  2.191052e-004
 1.906750e+001  2.190173e-004
 1.931500e+001  1.488857e-004
 1.956250e+001  1.935449e-004
 1.981000e+001  2.859910e-004
 2.005750e+001  3.381050e-004
 2.030500e+001  2.697191e-004
 2.055250e+001  2.012174e-004
 2.080000e+001  2.992017e-004
 2.104750e+001  3.768134e-004
 2.129500e+001  2.716565e-004
 2.154250e+001  2.750541e-004
 2.179000e+001  1.748703e-004
 2.203750e+001  1.148672e-004
 2.228500e+001  2.214727e-004
 2.253250e+001  2.069800e-004
 2.278000e+001  2.468169e-004
 2.302750e+001  2.237718e-004
 2.327500e+001  2.076389e-004
 2.352250e+001  2.620961e-004
 2.377000e+001  3.048065e-004
 2.401750e+001  2.366839e-004
 2.426500e+001  1.784368e-004
 2.451250e+001  2.289269e-004
 2.476000e+001  2.949007e-004
 2.500750e+001  2.641826e-004
 2.525500e+001  2.807154e-004
 2.550250e+001  2.745634e-004
 2.575000e+001  3.080197e-004
 2.599750e+001  2.298113e-004
 2.624500e+001  1.657803e-004
 2.649250e+001  2.082869e-004
 2.674000e+001  1.714087e-004
 2.698750e+001  1.971840e-004
 2.723500e+001  1.447016e-004
 2.748250e+001  1.686711e-004
 2.773000e+001  1.977726e-004
 2.797750e+001  1.824018e-004
 2.822500e+001  3.075153e-004
 2.847250e+001  2.945154e-004
 2.872000e+001  2.592432e-004
 2.896750e+001  2.403241e-004
 2.921500e+001  2.390954e-004
 2.946250e+001  2.511839e-004
 2.971000e+001  2.383347e-004
 2.995750e+001  3.104797e-004
 3.020500e+001  3.407922e-004
 3.045250e+001  2.343767e-004
 3.070000e+001  1.328169e-004
 3.094750e+001  1.426028e-004
 3.119500e+001  2.419555e-004
 3.144250e+001  2.773793e-004
 3.169000e+001  2.087080e-004
 3.193750e+001  1.654696e-004
 3.218500e+001  2.002699e-004
 3.243250e+001  3.391267e-004
 3.268000e+001  2.515885e-004
 3.292750e+001  1.205485e-004
 3.317500e+001  1.240829e-004
 3.342250e+001  1.055850e-004
 3.367000e+001  2.070572e-004
 3.391750e+001  1.281923e-004
 3.416500e+001  1.473744e-004
 3.441250e+001  1.895167e-004
 3.466000e+001  1.903864e-004
 3.490750e+001  1.738875e-004
 3.515500e+001  9.417088e-005
 3.540250e+001  2.417775e-004
 3.565000e+001  2.655849e-004
 3.589750e+001  2.190590e-004
 3.614500e+001  2.799688e-004
 3.639250e+001  2.353527e-004
 3.664000e+001  1.581885e-004
 3.688750e+001  1.783900e-004
 3.713500e+001  1.803005e-004
 3.738250e+001  1.526044e-004
 3.763000e+001  2.909133e-004
 3.787750e+001  1.305798e-004
 3.812500e+001  2.087347e-004
 3.837250e+001  1.920911e-004
 3.862000e+001  2.763267e-004
 3.886750e+001  3.267411e-004
 3.911500e+001  2.520334e-004
 3.936250e+001  2.266494e-004
 3.961000e+001  1.357070e-004
 3.985750e+001  2.182591e-004
 4.010500e+001  2.547314e-004
 4.035250e+001  2.818079e-004
 4.060000e+001  2.582932e-004
 4.084750e+001  2.052265e-004
 4.109500e+001  1.662006e-004
 4.134250e+001  2.851206e-004
 4.159000e+001  2.521550e-004
 4.183750e+001  2.620208e-004
 4.208500e+001  3.057754e-004
 4.233250e+001  2.684450e-004
 4.258000e+001  2.214703e-004
 4.282750e+001  2.506394e-004
 4.307500e+001  2.329164e-004
 4.332250e+001  1.379700e-004
 4.357000e+001  1.785022e-004
 4.381750e+001  1.537101e-004
 4.406500e+001  2.637923e-004
 4.431250e+001  2.918792e-004
 4.456000e+001  2.054242e-004
 4.480750e+001  1.645146e-004
 4.505500e+001  1.864960e-004
 4.530250e+001  2.288022e-004
 4.555000e+001  2.030896e-004
 4.579750e+001  1.059596e-004
 4.604500e+001  1.564511e-004
 4.629250e+001  1.836330e-004
 4.654000e+001  1.978691e-004
 4.678750e+001  1.777317e-004
 4.703500e+001  1.416979e-004
 4.728250e+001  1.848562e-004
 4.753000e+001  1.767853e-004
 4.777750e+001  2.068615e-004
 4.802500e+001  2.044425e-004
 4.827250e+001  1.948048e-004
 4.852000e+001  2.106408e-004
 4.876750e+001  1.881341e-004
 4.901500e+001  1.540436e-004
 4.926250e+001  1.883520e-004
 4.951000e+001  1.959247e-004
 4.975750e+001  4.728738e-003
 5.000500e+001  8.853570e-003
 5.025250e+001  4.184447e-003
 5.050000e+001  1.609441e-004
 5.074750e+001  1.920886e-004
 5.099500e+001  1.732589e-004
 5.124250e+001  1.942196e-004
 5.149000e+001  1.568966e-004
 5.173750e+001  1.776054e-004
 5.198500e+001  1.947642e-004
 5.223250e+001  2.243007e-004
 5.248000e+001  1.551237e-004
 5.272750e+001  2.068653e-004
 5.297500e+001  1.850805e-004
 5.322250e+001  1.464850e-004
 5.347000e+001  1.239784e-004
 5.371750e+001  8.168590e-005
 5.396500e+001  1.802400e-004
 5.421250e+001  1.690995e-004
 5.446000e+001  2.262871e-004
 5.470750e+001  2.352328e-004
 5.495500e+001  1.933737e-004
 5.520250e+001  1.318315e-004
 5.545000e+001  1.971108e-004
 5.569750e+001  1.768304e-004
 5.594500e+001  1.532214e-004
 5.619250e+001  1.495585e-004
 5.644000e+001  1.393015e-004
 5.668750e+001  1.151048e-004
 5.693500e+001  1.341872e-004
 5.718250e+001  2.184159e-004
 5.743000e+001  2.332458e-004
 5.767750e+001  1.875092e-004
 5.792500e+001  9.525324e-005
 5.817250e+001  1.628905e-004
 5.842000e+001  2.305934e-004
 5.866750e+001  1.670290e-004
 5.891500e+001  8.858655e-005
 5.916250e+001  1.937821e-004
 5.941000e+001  2.346639e-004
 5.965750e+001  1.910541e-004
 5.990500e+001  2.011372e-004
 6.015250e+001  1.889763e-004
 6.040000e+001  1.821521e-004
 6.064750e+001  1.787669e-004
 6.089500e+001  1.805932e-004
 6.114250e+001  1.159672e-004
 6.139000e+001  1.531829e-004
 6.163750e+001  1.446600e-004
 6.188500e+001  1.098775e-004
 6.213250e+001  8.039174e-005
 6.238000e+001  8.185410e-005
 6.262750e+001  7.302180e-005
 6.287500e+001  1.792724e-004
 6.312250e+001  2.017157e-004
 6.337000e+001  1.492418e-004
 6.361750e+001  2.261537e-004
 6.386500e+001  3.475090e-004
 6.411250e+001  3.466790e-004
 6.436000e+001  2.351806e-004
 6.460750e+001  1.711914e-004
 6.485500e+001  1.872774e-004
 6.510250e+001  2.402638e-004
 6.535000e+001  1.372866e-004
 6.559750e+001  8.360085e-005
 6.584500e+001  1.257148e-004
 6.609250e+001  2.080351e-004
 6.634000e+001  2.447909e-004
 6.658750e+001  2.098115e-004
 6.683500e+001  1.633753e-004
 6.708250e+001  8.727823e-005
 6.733000e+001  1.587672e-004
 6.757750e+001  1.070891e-004
 6.782500e+001  1.568434e-004
 6.807250e+001  1.710391e-004
 6.832000e+001  2.059497e-004
 6.856750e+001  1.751510e-004
 6.881500e+001  1.661619e-004
 6.906250e+001  1.788339e-004
 6.931000e+001  9.341859e-005
 6.955750e+001  1.391037e-004
 6.980500e+001  1.286211e-004
 7.005250e+001  1.441565e-004
 7.030000e+001  1.230074e-004
 7.054750e+001  1.472430e-004
 7.079500e+001  1.656708e-004
 7.104250e+001  1.924586e-004
 7.129000e+001  1.869032e-004
 7.153750e+001  1.409048e-004
 7.178500e+001  1.310917e-004
 7.203250e+001  1.001338e-004
 7.228000e+001  1.491717e-004
 7.252750e+001  1.193528e-004
 7.277500e+001  1.527764e-004
 7.302250e+001  1.591287e-004
 7.327000e+001  2.253316e-004
 7.351750e+001  2.259184e-004
 7.376500e+001  1.499852e-004
 7.401250e+001  1.182662e-004
 7.426000e+001  1.402417e-004
 7.450750e+001  1.139554e-004
 7.475500e+001  1.293675e-004
 7.500250e+001  1.835820e-004
 7.525000e+001  3.285131e-004
 7.549750e+001  4.186327e-004
 7.574500e+001  1.867240e-004
 7.599250e+001  6.583013e-005
 7.624000e+001  1.046116e-004
 7.648750e+001  1.883065e-004
 7.673500e+001  2.325756e-004
 7.698250e+001  1.653270e-004
 7.723000e+001  1.048655e-004
 7.747750e+001  1.381445e-004
 7.772500e+001  1.347843e-004
 7.797250e+001  1.002719e-004
 7.822000e+001  1.116062e-004
 7.846750e+001  1.514975e-004
 7.871500e+001  1.776506e-004
 7.896250e+001  1.476179e-004
 7.921000e+001  1.574849e-004
 7.945750e+001  1.884065e-004
 7.970500e+001  1.851619e-004
 7.995250e+001  1.715713e-004
 8.020000e+001  1.852812e-004
 8.044750e+001  2.140205e-004
 8.069500e+001  1.727852e-004
 8.094250e+001  1.361358e-004
 8.119000e+001  1.238727e-004
 8.143750e+001  1.098462e-004
 8.168500e+001  1.270991e-004
 8.193250e+001  2.104274e-004
 8.218000e+001  1.987492e-004
 8.242750e+001  1.344739e-004
 8.267500e+001  7.521659e-005
 8.292250e+001  1.130837e-004
 8.317000e+001  1.523279e-004
 8.341750e+001  2.034633e-004
 8.366500e+001  1.924291e-004
 8.391250e+001  1.762356e-004
 8.416000e+001  1.032161e-004
 8.440750e+001  1.433293e-004
 8.465500e+001  1.350026e-004
 8.490250e+001  9.420402e-005
 8.515000e+001  6.853270e-005
 8.539750e+001  5.577319e-005
 8.564500e+001  8.739407e-005
 8.589250e+001  9.286252e-005
 8.614000e+001  7.552802e-005
 8.638750e+001  1.314535e-004
 8.663500e+001  1.991989e-004
 8.688250e+001  1.907742e-004
 8.713000e+001  1.424022e-004
 8.737750e+001  9.683734e-005
 8.762500e+001  1.538606e-004
 8.787250e+001  1.755779e-004
 8.812000e+001  1.645471e-004
 8.836750e+001  1.781533e-004
 8.861500e+001  1.845949e-004
 8.886250e+001  1.706917e-004
 8.911000e+001  1.325128e-004
 8.935750e+001  1.492020e-004
 8.960500e+001  1.012779e-004
 8.985250e+001  1.109761e-004
 9.010000e+001  1.055326e-004
 9.034750e+001  1.158479e-004
 9.059500e+001  9.888954e-005
 9.084250e+001  1.188799e-004
 9.109000e+001  1.614461e-004
 9.133750e+001  2.025295e-004
 9.158500e+001  2.555205e-004
 9.183250e+001  1.098045e-004
 9.208000e+001  1.713422e-004
 9.232750e+001  2.025341e-004
 9.257500e+001  1.343848e-004
 9.282250e+001  1.082826e-004
 9.307000e+001  1.879297e-004
 9.331750e+001  1.884399e-004
 9.356500e+001  9.442318e-005
 9.381250e+001  1.161540e-004
 9.406000e+001  1.672515e-004
 9.430750e+001  2.139577e-004
 9.455500e+001  2.539735e-004
 9.480250e+001  2.122563e-004
 9.505000e+001  1.478386e-004
 9.529750e+001  1.814843e-004
 9.554500e+001  1.887183e-004
 9.579250e+001  1.209034e-004
 9.604000e+001  1.607680e-004
 9.628750e+001  1.907112e-004
 9.653500e+001  1.547619e-004
 9.678250e+001  1.508619e-004
 9.703000e+001  1.586261e-004
 9.727750e+001  1.419871e-004
 9.752500e+001  1.291021e-004
 9.777250e+001  1.160924e-004
 9.802000e+001  1.016967e-004
 9.826750e+001  1.132274e-004
 9.851500e+001  1.593921e-004
 9.876250e+001  1.819143e-004
 9.901000e+001  1.625099e-004
 9.925750e+001  1.526625e-004
 9.950500e+001  1.905093e-004
 9.975250e+001  3.071142e-004
 1.000000e+002  3.675081e-004
