 1.000000e+000  1.615175e-003
 1.247500e+000  1.029017e-003
 1.495000e+000  6.832721e-004
 1.742500e+000  7.432262e-004
 1.990000e+000  1.071627e-003
 2.237500e+000  9.749345e-004
 2.485000e+000  6.308094e-004
 2.732500e+000  5.451784e-004
 2.980000e+000  4.655939e-004
 3.227500e+000  3.045660e-004
 3.475000e+000  3.918167e-004
 3.722500e+000  1.491670e-004
 3.970000e+000  4.048000e-004
 4.217500e+000  4.722278e-004
 4.465000e+000  4.922979e-004
 4.712500e+000  4.602260e-004
 4.960000e+000  5.027289e-004
 5.207500e+000  4.079524e-004
 5.455000e+000  5.978912e-004
 5.702500e+000  5.390091e-004
 5.950000e+000  3.616508e-004
 6.197500e+000  4.106554e-004
 6.445000e+000  2.414898e-004
 6.692500e+000  3.295188e-004
 6.940000e+000  5.240462e-004
 7.187500e+000  4.247842e-004
 7.435000e+000  5.820977e-004
 7.682500e+000  5.055869e-004
 7.930000e+000  4.375739e-004
 8.177500e+000  2.918996e-004
 8.425000e+000  2.670249e-004
 8.672500e+000  2.706527e-004
 8.920000e+000  3.652241e-004
 9.167500e+000  4.284331e-004
 9.415000e+000  2.915142e-004
 9.662500e+000  3.785070e-004
 9.910000e+000  4.303312e-004
 1.015750e+001  4.082604e-004
 1.040500e+001  3.260864e-004
 1.065250e+001  4.172759e-004
 1.090000e+001  3.795890e-004
 1.114750e+001  2.696612e-004
 1.139500e+001  2.731851e-004
 1.164250e+001  1.564925e-004
 1.189000e+001  9.742631e-005
 1.213750e+001  1.904080e-004
 1.238500e+001  3.082982e-004
 1.263250e+001  3.361692e-004
 1.288000e+001  2.426711e-004
 1.312750e+001  2.210147e-004
 1.337500e+001  3.648563e-004
 1.362250e+001  2.883625e-004
 1.387000e+001  2.483894e-004
 1.411750e+001  1.923043e-004
 1.436500e+001  2.832777e-004
 1.461250e+001  2.811319e-004
 1.486000e+001  2.028565e-004
 1.510750e+001  2.003679e-004
 1.535500e+001  2.551608e-004
 1.560250e+001  1.810599e-004
 1.585000e+001  1.238350e-004
 1.609750e+001  1.763625e-004
 1.634500e+001  1.633008e-004
 1.659250e+001  1.893812e-004
 1.684000e+001  1.465672e-004
 1.708750e+001  2.148176e-004
 1.733500e+001  2.096915e-004
 1.758250e+001  1.267720e-004
 1.783000e+001  6.968631e-005
 1.807750e+001  1.976505e-004
 1.832500e+001  1.967948e-004
 1.857250e+001  1.806318e-004
 1.882000e+001  3.236877e-004
 1.906750e+001  3.425965e-004
 1.931500e+001  2.454550e-004
 1.956250e+001  2.540299e-004
 1.981000e+001  2.428227e-004
 2.005750e+001  1.557471e-004
 2.030500e+001  2.185901e-004
 2.055250e+001  1.975101e-004
 2.080000e+001  1.695756e-004
 2.104750e+001  2.954483e-004
 2.129500e+001  2.378586e-004
 2.154250e+001  1.947494e-004
 2.179000e+001  1.615703e-004
 2.203750e+001  1.098385e-004
 2.228500e+001  1.302611e-004
 2.253250e+001  1.522230e-004
 2.278000e+001  1.793976e-004
 2.302750e+001  1.420980e-004
 2.327500e+001  1.401472e-004
 2.352250e+001  2.160622e-004
 2.377000e+001  2.394342e-004
 2.401750e+001  1.424104e-004
 2.426500e+001  1.040894e-004
 2.451250e+001  1.296849e-004
 2.476000e+001  1.124743e-004
 2.500750e+001  1.449204e-004
 2.525500e+001  1.052473e-004
 2.550250e+001  1.470736e-004
 2.575000e+001  1.797024e-004
 2.599750e+001  1.433241e-004
 2.624500e+001  1.002525e-004
 2.649250e+001  1.414632e-004
 2.674000e+001  1.238101e-004
 2.698750e+001  1.234914e-004
 2.723500e+001  1.626625e-004
 2.748250e+001  2.079104e-004
 2.773000e+001  1.738281e-004
 2.797750e+001  1.182261e-004
 2.822500e+001  1.172239e-004
 2.847250e+001  1.330719e-004
 2.872000e+001  7.752530e-005
 2.896750e+001  8.181629e-005
 2.921500e+001  1.327618e-004
 2.946250e+001  5.469936e-005
 2.971000e+001  1.519073e-004
 2.995750e+001  1.417916e-004
 3.020500e+001  9.274186e-005
 3.045250e+001  1.264985e-004
 3.070000e+001  2.117173e-004
 3.094750e+001  1.407931e-004
 3.119500e+001  9.002134e-005
 3.144250e+001  1.217661e-004
 3.169000e+001  1.203682e-004
 3.193750e+001  1.481616e-004
 3.218500e+001  1.257938e-004
 3.243250e+001  1.664749e-004
 3.268000e+001  1.573211e-004
 3.292750e+001  1.647444e-004
 3.317500e+001  1.382827e-004
 3.342250e+001  6.486477e-005
 3.367000e+001  1.308874e-004
 3.391750e+001  1.737698e-004
 3.416500e+001  1.219791e-004
 3.441250e+001  9.965061e-005
 3.466000e+001  1.012018e-004
 3.490750e+001  7.897117e-005
 3.515500e+001  1.569433e-004
 3.540250e+001  1.061329e-004
 3.565000e+001  9.740697e-005
 3.589750e+001  1.397377e-004
 3.614500e+001  1.375498e-004
 3.639250e+001  1.152580e-004
 3.664000e+001  1.133667e-004
 3.688750e+001  7.372354e-005
 3.713500e+001  1.061907e-004
 3.738250e+001  1.577821e-004
 3.763000e+001  2.034468e-004
 3.787750e+001  1.835458e-004
 3.812500e+001  8.587689e-005
 3.837250e+001  1.519555e-004
 3.862000e+001  1.835469e-004
 3.886750e+001  1.609239e-004
 3.911500e+001  1.103506e-004
 3.936250e+001  1.650708e-004
 3.961000e+001  2.079180e-004
 3.985750e+001  1.488102e-004
 4.010500e+001  1.045954e-004
 4.035250e+001  9.408422e-005
 4.060000e+001  1.592501e-004
 4.084750e+001  1.265250e-004
 4.109500e+001  1.336196e-004
 4.134250e+001  6.676411e-005
 4.159000e+001  1.075526e-004
 4.183750e+001  8.237946e-005
 4.208500e+001  1.092691e-004
 4.233250e+001  1.122537e-004
 4.258000e+001  2.817287e-004
 4.282750e+001  2.362125e-004
 4.307500e+001  1.613393e-004
 4.332250e+001  1.377807e-004
 4.357000e+001  1.217481e-004
 4.381750e+001  1.949685e-004
 4.406500e+001  1.119975e-004
 4.431250e+001  7.218793e-005
 4.456000e+001  9.640065e-005
 4.480750e+001  1.420025e-004
 4.505500e+001  1.569265e-004
 4.530250e+001  1.079051e-004
 4.555000e+001  7.035435e-005
 4.579750e+001  1.289698e-004
 4.604500e+001  1.460770e-004
 4.629250e+001  1.479568e-004
 4.654000e+001  1.229289e-004
 4.678750e+001  6.801565e-005
 4.703500e+001  7.264372e-005
 4.728250e+001  9.925039e-005
 4.753000e+001  1.046579e-004
 4.777750e+001  1.162435e-004
 4.802500e+001  8.409915e-005
 4.827250e+001  9.933983e-005
 4.852000e+001  1.608810e-004
 4.876750e+001  1.352000e-004
 4.901500e+001  7.798256e-005
 4.926250e+001  1.341325e-004
 4.951000e+001  1.073503e-004
 4.975750e+001  5.517925e-003
 5.000500e+001  1.110988e-002
 5.025250e+001  5.580961e-003
 5.050000e+001  1.059038e-004
 5.074750e+001  1.127125e-004
 5.099500e+001  1.030220e-004
 5.124250e+001  9.727116e-005
 5.149000e+001  9.785921e-005
 5.173750e+001  1.423130e-004
 5.198500e+001  1.297547e-004
 5.223250e+001  7.062705e-005
 5.248000e+001  4.919856e-005
 5.272750e+001  1.007659e-004
 5.297500e+001  1.474994e-004
 5.322250e+001  1.004127e-004
 5.347000e+001  6.767534e-005
 5.371750e+001  1.204563e-004
 5.396500e+001  1.095739e-004
 5.421250e+001  6.317726e-005
 5.446000e+001  7.820478e-005
 5.470750e+001  1.125003e-004
 5.495500e+001  1.068219e-004
 5.520250e+001  9.916742e-005
 5.545000e+001  1.142744e-004
 5.569750e+001  7.432625e-005
 5.594500e+001  3.853994e-005
 5.619250e+001  4.735824e-005
 5.644000e+001  6.561414e-005
 5.668750e+001  1.173163e-004
 5.693500e+001  1.292430e-004
 5.718250e+001  9.152339e-005
 5.743000e+001  7.767856e-005
 5.767750e+001  5.962095e-005
 5.792500e+001  7.746384e-005
 5.817250e+001  1.244849e-004
 5.842000e+001  1.079284e-004
 5.866750e+001  8.090724e-005
 5.891500e+001  1.186788e-004
 5.916250e+001  1.214453e-004
 5.941000e+001  7.144688e-005
 5.965750e+001  7.270291e-005
 5.990500e+001  5.666512e-005
 6.015250e+001  6.563502e-005
 6.040000e+001  5.610150e-005
 6.064750e+001  4.509437e-005
 6.089500e+001  4.040819e-005
 6.114250e+001  4.582082e-005
 6.139000e+001  6.431337e-005
 6.163750e+001  7.142517e-005
 6.188500e+001  3.517975e-005
 6.213250e+001  8.143321e-005
 6.238000e+001  8.661401e-005
 6.262750e+001  1.545437e-005
 6.287500e+001  1.172073e-004
 6.312250e+001  1.204867e-004
 6.337000e+001  9.063131e-005
 6.361750e+001  8.970942e-005
 6.386500e+001  1.027718e-004
 6.411250e+001  7.613992e-005
 6.436000e+001  6.727602e-005
 6.460750e+001  8.227361e-005
 6.485500e+001  8.478589e-005
 6.510250e+001  1.042118e-004
 6.535000e+001  1.279290e-004
 6.559750e+001  1.023919e-004
 6.584500e+001  8.699749e-005
 6.609250e+001  7.356013e-005
 6.634000e+001  4.401442e-005
 6.658750e+001  5.836723e-005
 6.683500e+001  5.650871e-005
 6.708250e+001  5.900749e-005
 6.733000e+001  8.155991e-005
 6.757750e+001  6.883232e-005
 6.782500e+001  7.942716e-005
 6.807250e+001  9.550457e-005
 6.832000e+001  1.046522e-004
 6.856750e+001  1.187277e-004
 6.881500e+001  5.590370e-005
 6.906250e+001  1.126465e-004
 6.931000e+001  7.297991e-005
 6.955750e+001  5.221345e-005
 6.980500e+001  9.827161e-005
 7.005250e+001  1.106950e-004
 7.030000e+001  8.313225e-005
 7.054750e+001  1.015821e-004
 7.079500e+001  9.313384e-005
 7.104250e+001  7.691416e-005
 7.129000e+001  2.653349e-005
 7.153750e+001  3.491649e-005
 7.178500e+001  3.016517e-005
 7.203250e+001  4.995531e-005
 7.228000e+001  4.741827e-005
 7.252750e+001  7.600073e-005
 7.277500e+001  7.083801e-005
 7.302250e+001  8.110418e-005
 7.327000e+001  9.604026e-005
 7.351750e+001  1.040259e-004
 7.376500e+001  8.047677e-005
 7.401250e+001  7.073854e-005
 7.426000e+001  7.694582e-005
 7.450750e+001  7.294936e-005
 7.475500e+001  9.532604e-005
 7.500250e+001  1.397671e-004
 7.525000e+001  2.124446e-004
 7.549750e+001  1.790955e-004
 7.574500e+001  6.390646e-005
 7.599250e+001  8.503476e-005
 7.624000e+001  9.468191e-005
 7.648750e+001  5.977846e-005
 7.673500e+001  7.365173e-005
 7.698250e+001  9.812403e-005
 7.723000e+001  8.290947e-005
 7.747750e+001  5.407477e-005
 7.772500e+001  7.167439e-005
 7.797250e+001  7.999973e-005
 7.822000e+001  7.515659e-005
 7.846750e+001  9.028640e-005
 7.871500e+001  1.355563e-004
 7.896250e+001  1.007962e-004
 7.921000e+001  5.793386e-005
 7.945750e+001  2.649476e-005
 7.970500e+001  3.172796e-005
 7.995250e+001  8.247755e-005
 8.020000e+001  5.663602e-005
 8.044750e+001  4.703341e-005
 8.069500e+001  4.085288e-005
 8.094250e+001  5.127239e-005
 8.119000e+001  3.549994e-005
 8.143750e+001  3.766766e-005
 8.168500e+001  7.452729e-005
 8.193250e+001  8.101977e-005
 8.218000e+001  7.181191e-005
 8.242750e+001  4.851319e-005
 8.267500e+001  4.013795e-005
 8.292250e+001  4.835150e-005
 8.317000e+001  4.667001e-005
 8.341750e+001  6.708594e-005
 8.366500e+001  7.314355e-005
 8.391250e+001  5.384708e-005
 8.416000e+001  3.750856e-005
 8.440750e+001  6.961381e-005
 8.465500e+001  5.420512e-005
 8.490250e+001  8.923861e-005
 8.515000e+001  8.385001e-005
 8.539750e+001  8.464882e-005
 8.564500e+001  4.706515e-005
 8.589250e+001  8.220586e-005
 8.614000e+001  9.210716e-005
 8.638750e+001  8.771395e-005
 8.663500e+001  6.972325e-005
 8.688250e+001  3.198719e-005
 8.713000e+001  4.100657e-005
 8.737750e+001  5.221369e-005
 8.762500e+001  3.336677e-005
 8.787250e+001  3.308047e-005
 8.812000e+001  7.930189e-005
 8.836750e+001  7.420658e-005
 8.861500e+001  5.181732e-005
 8.886250e+001  5.337086e-005
 8.911000e+001  4.803673e-005
 8.935750e+001  6.050551e-005
 8.960500e+001  7.172204e-005
 8.985250e+001  5.310184e-005
 9.010000e+001  5.459560e-005
 9.034750e+001  6.592567e-005
 9.059500e+001  7.571635e-005
 9.084250e+001  7.605070e-005
 9.109000e+001  2.388262e-005
 9.133750e+001  1.079006e-004
 9.158500e+001  9.871115e-005
 9.183250e+001  3.370817e-005
 9.208000e+001  3.916007e-005
 9.232750e+001  6.781435e-005
 9.257500e+001  6.671962e-005
 9.282250e+001  6.652630e-005
 9.307000e+001  3.719103e-005
 9.331750e+001  4.037524e-005
 9.356500e+001  5.812092e-005
 9.381250e+001  6.406548e-005
 9.406000e+001  2.853673e-005
 9.430750e+001  4.018361e-005
 9.455500e+001  3.603248e-005
 9.480250e+001  5.107129e-005
 9.505000e+001  5.096354e-005
 9.529750e+001  5.280137e-005
 9.554500e+001  3.078195e-005
 9.579250e+001  4.480214e-005
 9.604000e+001  6.667402e-005
 9.628750e+001  3.038607e-005
 9.653500e+001  3.853107e-005
 9.678250e+001  5.208294e-005
 9.703000e+001  5.619130e-005
 9.727750e+001  6.921947e-005
 9.752500e+001  8.858504e-005
 9.777250e+001  8.058877e-005
 9.802000e+001  5.308418e-005
 9.826750e+001  6.765502e-005
 9.851500e+001  7.553701e-005
 9.876250e+001  6.680682e-005
 9.901000e+001  3.611065e-005
 9.925750e+001  5.685768e-005
 9.950500e+001  5.684234e-005
 9.975250e+001  1.213279e-004
 1.000000e+002  2.545069e-004
