 1.000000e+001  2.169802e-004
 1.061875e+001  2.084184e-004
 1.123750e+001  1.868661e-004
 1.185625e+001  1.611911e-004
 1.247500e+001  1.716968e-004
 1.309375e+001  1.827388e-004
 1.371250e+001  2.005498e-004
 1.433125e+001  1.635217e-004
 1.495000e+001  1.441736e-004
 1.556875e+001  1.246744e-004
 1.618750e+001  1.333270e-004
 1.680625e+001  1.352465e-004
 1.742500e+001  1.679690e-004
 1.804375e+001  1.990491e-004
 1.866250e+001  1.456402e-004
 1.928125e+001  1.344868e-004
 1.990000e+001  1.297530e-004
 2.051875e+001  1.390241e-004
 2.113750e+001  1.462229e-004
 2.175625e+001  1.369931e-004
 2.237500e+001  1.646902e-004
 2.299375e+001  1.808556e-004
 2.361250e+001  1.352025e-004
 2.423125e+001  1.376956e-004
 2.485000e+001  1.279187e-004
 2.546875e+001  1.748665e-004
 2.608750e+001  1.676420e-004
 2.670625e+001  1.349377e-004
 2.732500e+001  1.210270e-004
 2.794375e+001  1.434654e-004
 2.856250e+001  1.789865e-004
 2.918125e+001  1.460155e-004
 2.980000e+001  9.595042e-005
 3.041875e+001  1.083412e-004
 3.103750e+001  1.000112e-004
 3.165625e+001  1.051494e-004
 3.227500e+001  1.129398e-004
 3.289375e+001  1.170959e-004
 3.351250e+001  1.153153e-004
 3.413125e+001  1.355856e-004
 3.475000e+001  1.347185e-004
 3.536875e+001  1.260687e-004
 3.598750e+001  9.162144e-005
 3.660625e+001  1.283530e-004
 3.722500e+001  1.305088e-004
 3.784375e+001  1.387192e-004
 3.846250e+001  1.239902e-004
 3.908125e+001  1.233416e-004
 3.970000e+001  1.004887e-004
 4.031875e+001  8.800181e-005
 4.093750e+001  1.117928e-004
 4.155625e+001  1.070183e-004
 4.217500e+001  1.073433e-004
 4.279375e+001  1.302943e-004
 4.341250e+001  1.334400e-004
 4.403125e+001  1.116549e-004
 4.465000e+001  1.301313e-004
 4.526875e+001  1.055391e-004
 4.588750e+001  1.024277e-004
 4.650625e+001  1.109161e-004
 4.712500e+001  1.233777e-004
 4.774375e+001  8.165463e-005
 4.836250e+001  1.009137e-004
 4.898125e+001  2.235019e-004
 4.960000e+001  1.381707e-003
 5.021875e+001  1.610900e-003
 5.083750e+001  4.365198e-004
 5.145625e+001  1.324595e-004
 5.207500e+001  1.064207e-004
 5.269375e+001  8.207237e-005
 5.331250e+001  9.094977e-005
 5.393125e+001  1.025819e-004
 5.455000e+001  1.204363e-004
 5.516875e+001  1.025396e-004
 5.578750e+001  9.803372e-005
 5.640625e+001  9.679720e-005
 5.702500e+001  1.068810e-004
 5.764375e+001  1.146724e-004
 5.826250e+001  1.058804e-004
 5.888125e+001  9.177936e-005
 5.950000e+001  1.094713e-004
 6.011875e+001  1.002110e-004
 6.073750e+001  8.495781e-005
 6.135625e+001  1.024417e-004
 6.197500e+001  1.050611e-004
 6.259375e+001  9.729162e-005
 6.321250e+001  9.661254e-005
 6.383125e+001  9.339696e-005
 6.445000e+001  8.631084e-005
 6.506875e+001  1.017646e-004
 6.568750e+001  9.592421e-005
 6.630625e+001  8.824021e-005
 6.692500e+001  8.674520e-005
 6.754375e+001  1.102314e-004
 6.816250e+001  1.049787e-004
 6.878125e+001  1.185217e-004
 6.940000e+001  1.090751e-004
 7.001875e+001  1.074923e-004
 7.063750e+001  8.600017e-005
 7.125625e+001  8.528809e-005
 7.187500e+001  1.152844e-004
 7.249375e+001  1.297945e-004
 7.311250e+001  9.584458e-005
 7.373125e+001  7.844661e-005
 7.435000e+001  9.409618e-005
 7.496875e+001  1.326637e-004
 7.558750e+001  1.461275e-004
 7.620625e+001  1.023053e-004
 7.682500e+001  1.107057e-004
 7.744375e+001  8.952591e-005
 7.806250e+001  1.035997e-004
 7.868125e+001  1.044668e-004
 7.930000e+001  9.688944e-005
 7.991875e+001  9.581979e-005
 8.053750e+001  8.024138e-005
 8.115625e+001  9.625611e-005
 8.177500e+001  1.174316e-004
 8.239375e+001  9.217203e-005
 8.301250e+001  9.770234e-005
 8.363125e+001  9.529649e-005
 8.425000e+001  1.064421e-004
 8.486875e+001  9.326839e-005
 8.548750e+001  7.063823e-005
 8.610625e+001  8.802151e-005
 8.672500e+001  1.138876e-004
 8.734375e+001  9.658324e-005
 8.796250e+001  1.190120e-004
 8.858125e+001  9.685871e-005
 8.920000e+001  8.654079e-005
 8.981875e+001  1.026882e-004
 9.043750e+001  8.830859e-005
 9.105625e+001  9.913484e-005
 9.167500e+001  1.094984e-004
 9.229375e+001  1.091715e-004
 9.291250e+001  1.109276e-004
 9.353125e+001  9.338386e-005
 9.415000e+001  8.601315e-005
 9.476875e+001  1.027810e-004
 9.538750e+001  8.529679e-005
 9.600625e+001  8.872180e-005
 9.662500e+001  7.672110e-005
 9.724375e+001  8.166905e-005
 9.786250e+001  8.561159e-005
 9.848125e+001  8.440497e-005
 9.910000e+001  8.327789e-005
 9.971875e+001  1.401287e-004
 1.003375e+002  1.472605e-004
 1.009563e+002  8.948075e-005
 1.015750e+002  1.017526e-004
 1.021938e+002  8.806605e-005
 1.028125e+002  6.484408e-005
 1.034313e+002  8.330545e-005
 1.040500e+002  1.102365e-004
 1.046688e+002  1.121002e-004
 1.052875e+002  9.102627e-005
 1.059063e+002  8.670147e-005
 1.065250e+002  9.745973e-005
 1.071438e+002  8.277137e-005
 1.077625e+002  7.590515e-005
 1.083813e+002  9.871716e-005
 1.090000e+002  9.898273e-005
 1.096188e+002  8.581252e-005
 1.102375e+002  1.067253e-004
 1.108563e+002  8.306594e-005
 1.114750e+002  8.857498e-005
 1.120938e+002  6.643152e-005
 1.127125e+002  8.811513e-005
 1.133313e+002  1.077335e-004
 1.139500e+002  9.237006e-005
 1.145688e+002  1.256579e-004
 1.151875e+002  1.083743e-004
 1.158063e+002  9.308644e-005
 1.164250e+002  8.939334e-005
 1.170438e+002  1.054248e-004
 1.176625e+002  1.045319e-004
 1.182813e+002  9.404649e-005
 1.189000e+002  7.695903e-005
 1.195188e+002  1.007000e-004
 1.201375e+002  1.026843e-004
 1.207563e+002  6.426483e-005
 1.213750e+002  6.937822e-005
 1.219938e+002  7.830300e-005
 1.226125e+002  9.784240e-005
 1.232313e+002  9.373165e-005
 1.238500e+002  9.444617e-005
 1.244688e+002  9.776485e-005
 1.250875e+002  1.017084e-004
 1.257063e+002  9.437165e-005
 1.263250e+002  7.944172e-005
 1.269438e+002  7.831801e-005
 1.275625e+002  1.012511e-004
 1.281813e+002  9.563063e-005
 1.288000e+002  7.122899e-005
 1.294188e+002  7.616815e-005
 1.300375e+002  8.387212e-005
 1.306563e+002  1.087213e-004
 1.312750e+002  8.711712e-005
 1.318938e+002  6.102785e-005
 1.325125e+002  6.913509e-005
 1.331313e+002  8.501616e-005
 1.337500e+002  9.379288e-005
 1.343688e+002  9.440686e-005
 1.349875e+002  1.005553e-004
 1.356063e+002  1.030293e-004
 1.362250e+002  8.803545e-005
 1.368438e+002  8.868823e-005
 1.374625e+002  7.660999e-005
 1.380813e+002  4.944920e-005
 1.387000e+002  6.816811e-005
 1.393188e+002  9.257566e-005
 1.399375e+002  8.741322e-005
 1.405563e+002  8.228773e-005
 1.411750e+002  9.322704e-005
 1.417938e+002  7.461594e-005
 1.424125e+002  8.116883e-005
 1.430313e+002  6.185846e-005
 1.436500e+002  8.642811e-005
 1.442688e+002  1.107055e-004
 1.448875e+002  1.135308e-004
 1.455063e+002  1.023389e-004
 1.461250e+002  9.994031e-005
 1.467438e+002  8.787854e-005
 1.473625e+002  7.696880e-005
 1.479813e+002  8.875206e-005
 1.486000e+002  7.707567e-005
 1.492188e+002  8.929857e-004
 1.498375e+002  2.306640e-003
 1.504563e+002  1.503315e-003
 1.510750e+002  1.407457e-004
 1.516938e+002  8.342657e-005
 1.523125e+002  9.517134e-005
 1.529313e+002  5.589759e-005
 1.535500e+002  9.053952e-005
 1.541688e+002  1.286246e-004
 1.547875e+002  9.760475e-005
 1.554063e+002  9.418024e-005
 1.560250e+002  6.548424e-005
 1.566438e+002  7.242973e-005
 1.572625e+002  8.289909e-005
 1.578813e+002  1.081773e-004
 1.585000e+002  1.155681e-004
 1.591188e+002  7.655718e-005
 1.597375e+002  6.553966e-005
 1.603563e+002  7.478560e-005
 1.609750e+002  7.924670e-005
 1.615938e+002  8.057097e-005
 1.622125e+002  7.892225e-005
 1.628313e+002  9.615692e-005
 1.634500e+002  9.039903e-005
 1.640688e+002  1.047661e-004
 1.646875e+002  1.039170e-004
 1.653063e+002  1.045778e-004
 1.659250e+002  1.137341e-004
 1.665438e+002  1.101936e-004
 1.671625e+002  9.933091e-005
 1.677813e+002  9.696001e-005
 1.684000e+002  7.675802e-005
 1.690188e+002  8.446045e-005
 1.696375e+002  9.334836e-005
 1.702563e+002  7.557481e-005
 1.708750e+002  1.006700e-004
 1.714938e+002  8.700214e-005
 1.721125e+002  6.684059e-005
 1.727313e+002  9.489909e-005
 1.733500e+002  8.480627e-005
 1.739688e+002  7.776768e-005
 1.745875e+002  7.812934e-005
 1.752063e+002  8.510536e-005
 1.758250e+002  8.699896e-005
 1.764438e+002  6.992029e-005
 1.770625e+002  8.813892e-005
 1.776813e+002  8.766692e-005
 1.783000e+002  7.372901e-005
 1.789188e+002  8.044262e-005
 1.795375e+002  8.733355e-005
 1.801563e+002  8.511166e-005
 1.807750e+002  7.872809e-005
 1.813938e+002  1.070337e-004
 1.820125e+002  9.224559e-005
 1.826313e+002  7.114255e-005
 1.832500e+002  5.338555e-005
 1.838688e+002  6.559954e-005
 1.844875e+002  8.984966e-005
 1.851063e+002  7.787032e-005
 1.857250e+002  8.166776e-005
 1.863438e+002  7.821395e-005
 1.869625e+002  8.365194e-005
 1.875813e+002  8.854362e-005
 1.882000e+002  7.815168e-005
 1.888188e+002  1.000979e-004
 1.894375e+002  1.111864e-004
 1.900563e+002  1.009780e-004
 1.906750e+002  7.935339e-005
 1.912938e+002  7.992630e-005
 1.919125e+002  8.897310e-005
 1.925313e+002  9.553794e-005
 1.931500e+002  9.005409e-005
 1.937688e+002  8.649785e-005
 1.943875e+002  1.003376e-004
 1.950063e+002  7.225150e-005
 1.956250e+002  8.156729e-005
 1.962438e+002  8.679870e-005
 1.968625e+002  5.929018e-005
 1.974813e+002  9.128211e-005
 1.981000e+002  1.146885e-004
 1.987188e+002  1.265572e-004
 1.993375e+002  1.312377e-004
 1.999563e+002  1.455004e-004
 2.005750e+002  8.467799e-005
 2.011938e+002  8.116813e-005
 2.018125e+002  9.230065e-005
 2.024313e+002  8.415306e-005
 2.030500e+002  8.221697e-005
 2.036688e+002  4.795544e-005
 2.042875e+002  6.798211e-005
 2.049063e+002  7.372498e-005
 2.055250e+002  7.098990e-005
 2.061438e+002  7.256675e-005
 2.067625e+002  8.019077e-005
 2.073813e+002  6.298076e-005
 2.080000e+002  8.122132e-005
 2.086188e+002  7.384295e-005
 2.092375e+002  6.172883e-005
 2.098563e+002  5.925363e-005
 2.104750e+002  8.279873e-005
 2.110938e+002  9.582268e-005
 2.117125e+002  7.098173e-005
 2.123313e+002  7.092189e-005
 2.129500e+002  5.864762e-005
 2.135688e+002  8.713062e-005
 2.141875e+002  9.748011e-005
 2.148063e+002  8.325273e-005
 2.154250e+002  7.725078e-005
 2.160438e+002  8.874077e-005
 2.166625e+002  9.359103e-005
 2.172813e+002  7.506951e-005
 2.179000e+002  7.751078e-005
 2.185188e+002  6.135427e-005
 2.191375e+002  8.451268e-005
 2.197563e+002  7.838539e-005
 2.203750e+002  6.811204e-005
 2.209938e+002  6.898116e-005
 2.216125e+002  8.114576e-005
 2.222313e+002  7.632096e-005
 2.228500e+002  9.166679e-005
 2.234688e+002  9.123985e-005
 2.240875e+002  8.178718e-005
 2.247063e+002  8.180901e-005
 2.253250e+002  9.267668e-005
 2.259438e+002  8.372326e-005
 2.265625e+002  7.343473e-005
 2.271813e+002  9.243265e-005
 2.278000e+002  9.864728e-005
 2.284188e+002  9.326665e-005
 2.290375e+002  5.956550e-005
 2.296563e+002  5.776870e-005
 2.302750e+002  7.301480e-005
 2.308938e+002  8.392425e-005
 2.315125e+002  1.142363e-004
 2.321313e+002  1.075537e-004
 2.327500e+002  9.372224e-005
 2.333688e+002  9.003609e-005
 2.339875e+002  8.562350e-005
 2.346063e+002  7.942002e-005
 2.352250e+002  6.988980e-005
 2.358438e+002  8.109400e-005
 2.364625e+002  9.159706e-005
 2.370813e+002  8.364409e-005
 2.377000e+002  8.866361e-005
 2.383188e+002  8.086367e-005
 2.389375e+002  6.370706e-005
 2.395563e+002  7.611372e-005
 2.401750e+002  7.938667e-005
 2.407938e+002  7.696549e-005
 2.414125e+002  9.088126e-005
 2.420313e+002  8.907991e-005
 2.426500e+002  8.091444e-005
 2.432688e+002  6.596384e-005
 2.438875e+002  4.292275e-005
 2.445063e+002  6.924948e-005
 2.451250e+002  6.837271e-005
 2.457438e+002  6.216647e-005
 2.463625e+002  9.106358e-005
 2.469813e+002  1.017032e-004
 2.476000e+002  9.539783e-005
 2.482188e+002  7.800096e-005
 2.488375e+002  1.031080e-004
 2.494563e+002  5.687492e-004
 2.500750e+002  7.739866e-004
 2.506938e+002  2.686719e-004
 2.513125e+002  7.004685e-005
 2.519313e+002  7.603114e-005
 2.525500e+002  6.853839e-005
 2.531688e+002  6.722927e-005
 2.537875e+002  8.485977e-005
 2.544063e+002  1.002374e-004
 2.550250e+002  9.854479e-005
 2.556438e+002  8.710028e-005
 2.562625e+002  7.635385e-005
 2.568813e+002  7.464273e-005
 2.575000e+002  8.370410e-005
 2.581188e+002  7.033436e-005
 2.587375e+002  7.774333e-005
 2.593563e+002  9.593558e-005
 2.599750e+002  1.176085e-004
 2.605938e+002  9.854475e-005
 2.612125e+002  9.205225e-005
 2.618313e+002  9.580430e-005
 2.624500e+002  9.188850e-005
 2.630688e+002  7.681232e-005
 2.636875e+002  6.703828e-005
 2.643063e+002  8.688143e-005
 2.649250e+002  7.219309e-005
 2.655438e+002  8.276538e-005
 2.661625e+002  9.880042e-005
 2.667813e+002  9.691979e-005
 2.674000e+002  7.523047e-005
 2.680188e+002  6.993023e-005
 2.686375e+002  7.871095e-005
 2.692563e+002  9.464478e-005
 2.698750e+002  9.511222e-005
 2.704938e+002  8.026561e-005
 2.711125e+002  6.361813e-005
 2.717313e+002  6.404445e-005
 2.723500e+002  8.962524e-005
 2.729688e+002  9.359694e-005
 2.735875e+002  8.233664e-005
 2.742063e+002  9.821473e-005
 2.748250e+002  1.045222e-004
 2.754438e+002  9.047197e-005
 2.760625e+002  7.523042e-005
 2.766813e+002  6.655982e-005
 2.773000e+002  6.872884e-005
 2.779188e+002  8.260579e-005
 2.785375e+002  8.125692e-005
 2.791563e+002  8.658529e-005
 2.797750e+002  8.485990e-005
 2.803938e+002  5.965373e-005
 2.810125e+002  6.238154e-005
 2.816313e+002  7.274400e-005
 2.822500e+002  6.089574e-005
 2.828688e+002  7.659194e-005
 2.834875e+002  9.507329e-005
 2.841063e+002  8.954205e-005
 2.847250e+002  8.456730e-005
 2.853438e+002  8.165982e-005
 2.859625e+002  9.191778e-005
 2.865813e+002  8.902800e-005
 2.872000e+002  9.058126e-005
 2.878188e+002  9.372754e-005
 2.884375e+002  8.399857e-005
 2.890563e+002  8.671873e-005
 2.896750e+002  9.653235e-005
 2.902938e+002  9.374165e-005
 2.909125e+002  8.431995e-005
 2.915313e+002  7.130065e-005
 2.921500e+002  7.833871e-005
 2.927688e+002  8.611039e-005
 2.933875e+002  7.515500e-005
 2.940063e+002  7.635589e-005
 2.946250e+002  8.878068e-005
 2.952438e+002  7.593752e-005
 2.958625e+002  7.700086e-005
 2.964813e+002  5.416082e-005
 2.971000e+002  8.421706e-005
 2.977188e+002  5.797196e-005
 2.983375e+002  6.003535e-005
 2.989563e+002  7.291369e-005
 2.995750e+002  1.212900e-004
 3.001938e+002  1.326530e-004
 3.008125e+002  9.014158e-005
 3.014313e+002  5.950144e-005
 3.020500e+002  6.220057e-005
 3.026688e+002  6.912494e-005
 3.032875e+002  8.442983e-005
 3.039063e+002  8.532757e-005
 3.045250e+002  8.205174e-005
 3.051438e+002  8.341767e-005
 3.057625e+002  8.991864e-005
 3.063813e+002  8.075670e-005
 3.070000e+002  8.535760e-005
 3.076188e+002  9.349792e-005
 3.082375e+002  7.639351e-005
 3.088563e+002  7.755174e-005
 3.094750e+002  8.186578e-005
 3.100938e+002  8.751340e-005
 3.107125e+002  8.979682e-005
 3.113313e+002  8.835685e-005
 3.119500e+002  6.396611e-005
 3.125688e+002  5.415719e-005
 3.131875e+002  6.512340e-005
 3.138063e+002  7.699014e-005
 3.144250e+002  8.160005e-005
 3.150437e+002  7.834920e-005
 3.156625e+002  7.727524e-005
 3.162812e+002  8.081064e-005
 3.169000e+002  8.131028e-005
 3.175187e+002  8.890412e-005
 3.181375e+002  7.739673e-005
 3.187562e+002  7.183313e-005
 3.193750e+002  1.076584e-004
 3.199937e+002  8.947462e-005
 3.206125e+002  8.525299e-005
 3.212312e+002  1.061142e-004
 3.218500e+002  9.144793e-005
 3.224687e+002  8.028744e-005
 3.230875e+002  7.097452e-005
 3.237062e+002  7.524610e-005
 3.243250e+002  8.375550e-005
 3.249437e+002  6.022779e-005
 3.255625e+002  5.128942e-005
 3.261812e+002  7.861124e-005
 3.268000e+002  9.096522e-005
 3.274187e+002  7.519877e-005
 3.280375e+002  7.550688e-005
 3.286562e+002  7.811404e-005
 3.292750e+002  7.359972e-005
 3.298937e+002  7.283266e-005
 3.305125e+002  6.786850e-005
 3.311312e+002  6.083486e-005
 3.317500e+002  7.360384e-005
 3.323687e+002  8.150875e-005
 3.329875e+002  7.988833e-005
 3.336062e+002  7.272103e-005
 3.342250e+002  8.819788e-005
 3.348437e+002  1.059434e-004
 3.354625e+002  7.112705e-005
 3.360812e+002  7.326696e-005
 3.367000e+002  9.244168e-005
 3.373187e+002  6.760327e-005
 3.379375e+002  5.127276e-005
 3.385562e+002  6.285734e-005
 3.391750e+002  8.414330e-005
 3.397937e+002  8.806267e-005
 3.404125e+002  8.362606e-005
 3.410312e+002  7.379652e-005
 3.416500e+002  6.023394e-005
 3.422687e+002  7.738367e-005
 3.428875e+002  7.175305e-005
 3.435062e+002  8.503661e-005
 3.441250e+002  6.629355e-005
 3.447437e+002  5.162304e-005
 3.453625e+002  6.632234e-005
 3.459812e+002  8.430931e-005
 3.466000e+002  7.419647e-005
 3.472187e+002  5.944882e-005
 3.478375e+002  5.908365e-005
 3.484562e+002  5.957703e-005
 3.490750e+002  1.001729e-004
 3.496937e+002  1.372774e-004
 3.503125e+002  9.258006e-005
 3.509312e+002  7.067900e-005
 3.515500e+002  7.206025e-005
 3.521687e+002  8.367501e-005
 3.527875e+002  8.653289e-005
 3.534062e+002  6.890920e-005
 3.540250e+002  6.907615e-005
 3.546437e+002  7.886512e-005
 3.552625e+002  7.278951e-005
 3.558812e+002  7.243380e-005
 3.565000e+002  7.212049e-005
 3.571187e+002  6.596631e-005
 3.577375e+002  8.541310e-005
 3.583562e+002  7.576291e-005
 3.589750e+002  6.156111e-005
 3.595937e+002  8.745435e-005
 3.602125e+002  9.293452e-005
 3.608312e+002  7.935801e-005
 3.614500e+002  6.319814e-005
 3.620687e+002  7.483564e-005
 3.626875e+002  6.587335e-005
 3.633062e+002  6.923478e-005
 3.639250e+002  9.452010e-005
 3.645437e+002  7.437566e-005
 3.651625e+002  5.765500e-005
 3.657812e+002  7.404315e-005
 3.664000e+002  6.911489e-005
 3.670187e+002  6.590610e-005
 3.676375e+002  6.505132e-005
 3.682562e+002  7.073765e-005
 3.688750e+002  6.182012e-005
 3.694937e+002  8.404632e-005
 3.701125e+002  8.515484e-005
 3.707312e+002  8.145483e-005
 3.713500e+002  7.021860e-005
 3.719687e+002  9.524552e-005
 3.725875e+002  9.800556e-005
 3.732062e+002  8.757849e-005
 3.738250e+002  7.778909e-005
 3.744437e+002  7.292021e-005
 3.750625e+002  6.595107e-005
 3.756812e+002  6.441441e-005
 3.763000e+002  6.939473e-005
 3.769187e+002  4.964186e-005
 3.775375e+002  6.990192e-005
 3.781562e+002  8.747320e-005
 3.787750e+002  6.528755e-005
 3.793937e+002  7.109087e-005
 3.800125e+002  8.750738e-005
 3.806312e+002  8.358126e-005
 3.812500e+002  6.827830e-005
 3.818687e+002  7.386872e-005
 3.824875e+002  7.826800e-005
 3.831062e+002  6.902321e-005
 3.837250e+002  8.035480e-005
 3.843437e+002  8.560330e-005
 3.849625e+002  8.270796e-005
 3.855812e+002  9.276677e-005
 3.862000e+002  8.827550e-005
 3.868187e+002  8.436954e-005
 3.874375e+002  6.287717e-005
 3.880562e+002  6.314609e-005
 3.886750e+002  7.404585e-005
 3.892937e+002  5.750292e-005
 3.899125e+002  7.760660e-005
 3.905312e+002  8.252690e-005
 3.911500e+002  1.054410e-004
 3.917687e+002  7.848390e-005
 3.923875e+002  7.250644e-005
 3.930062e+002  9.208427e-005
 3.936250e+002  9.368605e-005
 3.942437e+002  9.830687e-005
 3.948625e+002  9.418139e-005
 3.954812e+002  7.172463e-005
 3.961000e+002  7.519789e-005
 3.967187e+002  7.929809e-005
 3.973375e+002  1.101596e-004
 3.979562e+002  8.723307e-005
 3.985750e+002  8.166179e-005
 3.991937e+002  7.377130e-005
 3.998125e+002  9.572510e-005
 4.004312e+002  6.071193e-005
 4.010500e+002  5.998834e-005
 4.016687e+002  8.054084e-005
 4.022875e+002  8.031368e-005
 4.029062e+002  6.339980e-005
 4.035250e+002  7.064210e-005
 4.041437e+002  9.438130e-005
 4.047625e+002  8.211036e-005
 4.053812e+002  9.889234e-005
 4.060000e+002  1.163133e-004
 4.066187e+002  1.206941e-004
 4.072375e+002  9.347716e-005
 4.078562e+002  8.810009e-005
 4.084750e+002  8.612255e-005
 4.090937e+002  8.309195e-005
 4.097125e+002  8.449456e-005
 4.103312e+002  7.295489e-005
 4.109500e+002  6.913156e-005
 4.115687e+002  8.181430e-005
 4.121875e+002  8.476655e-005
 4.128062e+002  8.433477e-005
 4.134250e+002  7.036374e-005
 4.140437e+002  7.967105e-005
 4.146625e+002  7.456430e-005
 4.152812e+002  5.379135e-005
 4.159000e+002  5.830809e-005
 4.165187e+002  8.230996e-005
 4.171375e+002  7.874081e-005
 4.177562e+002  8.153046e-005
 4.183750e+002  6.457272e-005
 4.189937e+002  7.775787e-005
 4.196125e+002  7.973180e-005
 4.202312e+002  1.022865e-004
 4.208500e+002  1.016870e-004
 4.214687e+002  7.364730e-005
 4.220875e+002  7.345585e-005
 4.227062e+002  8.068300e-005
 4.233250e+002  7.375909e-005
 4.239437e+002  7.221816e-005
 4.245625e+002  5.348967e-005
 4.251812e+002  8.755319e-005
 4.258000e+002  8.831013e-005
 4.264187e+002  6.429028e-005
 4.270375e+002  6.633319e-005
 4.276562e+002  8.356806e-005
 4.282750e+002  7.313244e-005
 4.288937e+002  8.262961e-005
 4.295125e+002  1.045055e-004
 4.301312e+002  8.557967e-005
 4.307500e+002  7.068710e-005
 4.313687e+002  9.146780e-005
 4.319875e+002  9.134928e-005
 4.326062e+002  9.072762e-005
 4.332250e+002  8.330507e-005
 4.338437e+002  8.414989e-005
 4.344625e+002  7.221042e-005
 4.350812e+002  7.453740e-005
 4.357000e+002  7.635785e-005
 4.363187e+002  5.159660e-005
 4.369375e+002  5.832361e-005
 4.375562e+002  4.710983e-005
 4.381750e+002  5.794092e-005
 4.387937e+002  6.740590e-005
 4.394125e+002  6.654392e-005
 4.400312e+002  6.490315e-005
 4.406500e+002  6.451837e-005
 4.412687e+002  7.850337e-005
 4.418875e+002  6.150586e-005
 4.425062e+002  7.888103e-005
 4.431250e+002  8.210794e-005
 4.437437e+002  8.668041e-005
 4.443625e+002  7.375215e-005
 4.449812e+002  5.814169e-005
 4.456000e+002  6.410933e-005
 4.462187e+002  6.589257e-005
 4.468375e+002  7.053015e-005
 4.474562e+002  7.540369e-005
 4.480750e+002  6.815671e-005
 4.486937e+002  7.378657e-005
 4.493125e+002  1.117646e-004
 4.499312e+002  1.571464e-004
 4.505500e+002  1.094095e-004
 4.511687e+002  8.845133e-005
 4.517875e+002  8.026763e-005
 4.524062e+002  6.945252e-005
 4.530250e+002  7.396513e-005
 4.536437e+002  6.794177e-005
 4.542625e+002  6.829305e-005
 4.548812e+002  9.996583e-005
 4.555000e+002  9.342395e-005
 4.561187e+002  8.185906e-005
 4.567375e+002  9.128903e-005
 4.573562e+002  9.731674e-005
 4.579750e+002  9.239922e-005
 4.585937e+002  9.009950e-005
 4.592125e+002  7.159967e-005
 4.598312e+002  7.086000e-005
 4.604500e+002  6.750787e-005
 4.610687e+002  7.572038e-005
 4.616875e+002  9.274375e-005
 4.623062e+002  8.067859e-005
 4.629250e+002  8.937930e-005
 4.635437e+002  7.686898e-005
 4.641625e+002  5.836405e-005
 4.647812e+002  8.010557e-005
 4.654000e+002  6.113229e-005
 4.660187e+002  7.825166e-005
 4.666375e+002  9.030580e-005
 4.672562e+002  9.380971e-005
 4.678750e+002  7.772705e-005
 4.684937e+002  5.545168e-005
 4.691125e+002  5.624189e-005
 4.697312e+002  9.535214e-005
 4.703500e+002  8.911056e-005
 4.709687e+002  7.094555e-005
 4.715875e+002  6.866584e-005
 4.722062e+002  7.046463e-005
 4.728250e+002  8.907701e-005
 4.734437e+002  9.239215e-005
 4.740625e+002  6.930245e-005
 4.746812e+002  8.802968e-005
 4.753000e+002  7.845766e-005
 4.759187e+002  6.851145e-005
 4.765375e+002  7.112581e-005
 4.771562e+002  7.186980e-005
 4.777750e+002  7.325434e-005
 4.783937e+002  6.798929e-005
 4.790125e+002  7.751887e-005
 4.796312e+002  8.616412e-005
 4.802500e+002  7.391351e-005
 4.808687e+002  8.448989e-005
 4.814875e+002  1.063896e-004
 4.821062e+002  8.786355e-005
 4.827250e+002  6.712197e-005
 4.833437e+002  8.326533e-005
 4.839625e+002  7.280305e-005
 4.845812e+002  7.246220e-005
 4.852000e+002  6.966046e-005
 4.858187e+002  7.393785e-005
 4.864375e+002  6.498974e-005
 4.870562e+002  6.788041e-005
 4.876750e+002  8.885469e-005
 4.882937e+002  1.016979e-004
 4.889125e+002  8.704567e-005
 4.895312e+002  8.807457e-005
 4.901500e+002  6.240250e-005
 4.907687e+002  5.690274e-005
 4.913875e+002  7.130045e-005
 4.920062e+002  4.637758e-005
 4.926250e+002  5.509203e-005
 4.932437e+002  6.506414e-005
 4.938625e+002  8.375699e-005
 4.944812e+002  7.316209e-005
 4.951000e+002  6.546856e-005
 4.957187e+002  8.633973e-005
 4.963375e+002  8.593304e-005
 4.969562e+002  8.390157e-005
 4.975750e+002  8.639527e-005
 4.981937e+002  8.921177e-005
 4.988125e+002  9.231380e-005
 4.994312e+002  1.499771e-004
 5.000500e+002  1.554015e-004
 5.006687e+002  8.965625e-005
 5.012875e+002  9.939619e-005
 5.019062e+002  9.617035e-005
 5.025250e+002  9.067359e-005
 5.031437e+002  7.201318e-005
 5.037625e+002  5.570653e-005
 5.043812e+002  5.041606e-005
 5.050000e+002  6.763425e-005
 5.056187e+002  8.249027e-005
 5.062375e+002  8.998695e-005
 5.068562e+002  7.483341e-005
 5.074750e+002  5.454459e-005
 5.080937e+002  7.365795e-005
 5.087125e+002  8.224893e-005
 5.093312e+002  6.551534e-005
 5.099500e+002  5.685504e-005
 5.105687e+002  6.808967e-005
 5.111875e+002  8.092414e-005
 5.118062e+002  7.901674e-005
 5.124250e+002  8.035806e-005
 5.130437e+002  6.862265e-005
 5.136625e+002  9.176352e-005
 5.142812e+002  9.912842e-005
 5.149000e+002  9.224650e-005
 5.155187e+002  1.009983e-004
 5.161375e+002  9.449078e-005
 5.167562e+002  7.906905e-005
 5.173750e+002  6.289231e-005
 5.179937e+002  6.230290e-005
 5.186125e+002  6.408718e-005
 5.192312e+002  5.849967e-005
 5.198500e+002  6.452883e-005
 5.204687e+002  6.667733e-005
 5.210875e+002  6.146875e-005
 5.217062e+002  6.052222e-005
 5.223250e+002  7.027361e-005
 5.229437e+002  6.216395e-005
 5.235625e+002  7.903630e-005
 5.241812e+002  9.420189e-005
 5.248000e+002  7.731738e-005
 5.254187e+002  7.151017e-005
 5.260375e+002  7.418313e-005
 5.266562e+002  8.557538e-005
 5.272750e+002  7.472304e-005
 5.278937e+002  6.758270e-005
 5.285125e+002  7.806190e-005
 5.291312e+002  9.169762e-005
 5.297500e+002  8.084349e-005
 5.303687e+002  9.083273e-005
 5.309875e+002  8.273243e-005
 5.316062e+002  6.308544e-005
 5.322250e+002  7.703715e-005
 5.328437e+002  7.797002e-005
 5.334625e+002  8.061507e-005
 5.340812e+002  7.675610e-005
 5.347000e+002  8.547871e-005
 5.353187e+002  7.085316e-005
 5.359375e+002  6.392440e-005
 5.365562e+002  6.654191e-005
 5.371750e+002  7.165929e-005
 5.377937e+002  6.773625e-005
 5.384125e+002  6.878553e-005
 5.390312e+002  7.788149e-005
 5.396500e+002  8.174391e-005
 5.402687e+002  6.834486e-005
 5.408875e+002  6.509287e-005
 5.415062e+002  6.433884e-005
 5.421250e+002  8.159616e-005
 5.427437e+002  8.587532e-005
 5.433625e+002  8.392404e-005
 5.439812e+002  7.850573e-005
 5.446000e+002  9.145364e-005
 5.452187e+002  8.086128e-005
 5.458375e+002  5.273675e-005
 5.464562e+002  5.221903e-005
 5.470750e+002  6.912957e-005
 5.476937e+002  8.525119e-005
 5.483125e+002  7.851501e-005
 5.489312e+002  1.037644e-004
 5.495500e+002  2.433118e-004
 5.501687e+002  2.206751e-004
 5.507875e+002  7.082778e-005
 5.514062e+002  7.203717e-005
 5.520250e+002  7.634167e-005
 5.526437e+002  6.112640e-005
 5.532625e+002  6.154706e-005
 5.538812e+002  6.535981e-005
 5.545000e+002  7.122522e-005
 5.551187e+002  7.716984e-005
 5.557375e+002  6.527321e-005
 5.563562e+002  9.887950e-005
 5.569750e+002  9.845638e-005
 5.575937e+002  8.074958e-005
 5.582125e+002  8.284501e-005
 5.588312e+002  7.721809e-005
 5.594500e+002  7.857750e-005
 5.600687e+002  7.942448e-005
 5.606875e+002  7.253327e-005
 5.613062e+002  7.627647e-005
 5.619250e+002  8.152540e-005
 5.625437e+002  7.248212e-005
 5.631625e+002  7.700177e-005
 5.637812e+002  7.627916e-005
 5.644000e+002  8.309442e-005
 5.650187e+002  8.715846e-005
 5.656375e+002  6.284688e-005
 5.662562e+002  6.588908e-005
 5.668750e+002  7.686019e-005
 5.674937e+002  7.837694e-005
 5.681125e+002  9.271123e-005
 5.687312e+002  8.523282e-005
 5.693500e+002  7.181010e-005
 5.699687e+002  8.245032e-005
 5.705875e+002  8.030346e-005
 5.712062e+002  6.741901e-005
 5.718250e+002  7.196748e-005
 5.724437e+002  6.882468e-005
 5.730625e+002  7.558400e-005
 5.736812e+002  7.660324e-005
 5.743000e+002  7.180757e-005
 5.749187e+002  7.340221e-005
 5.755375e+002  7.153910e-005
 5.761562e+002  7.493498e-005
 5.767750e+002  6.394176e-005
 5.773937e+002  5.782556e-005
 5.780125e+002  6.716792e-005
 5.786312e+002  8.094259e-005
 5.792500e+002  7.854787e-005
 5.798687e+002  7.915989e-005
 5.804875e+002  7.424147e-005
 5.811062e+002  6.525228e-005
 5.817250e+002  7.461597e-005
 5.823437e+002  7.702213e-005
 5.829625e+002  7.983178e-005
 5.835812e+002  8.167243e-005
 5.842000e+002  7.759890e-005
 5.848187e+002  6.356762e-005
 5.854375e+002  5.759512e-005
 5.860562e+002  5.659839e-005
 5.866750e+002  8.079960e-005
 5.872937e+002  8.189349e-005
 5.879125e+002  7.736376e-005
 5.885312e+002  8.270817e-005
 5.891500e+002  9.865868e-005
 5.897687e+002  9.549939e-005
 5.903875e+002  7.165188e-005
 5.910062e+002  6.717912e-005
 5.916250e+002  5.111793e-005
 5.922437e+002  6.373526e-005
 5.928625e+002  8.353976e-005
 5.934812e+002  7.361679e-005
 5.941000e+002  5.349629e-005
 5.947187e+002  7.387811e-005
 5.953375e+002  7.700156e-005
 5.959562e+002  6.328832e-005
 5.965750e+002  8.239583e-005
 5.971937e+002  7.801513e-005
 5.978125e+002  6.037159e-005
 5.984312e+002  6.522699e-005
 5.990500e+002  8.165861e-005
 5.996687e+002  1.021931e-004
 6.002875e+002  8.763381e-005
 6.009062e+002  7.306310e-005
 6.015250e+002  6.726914e-005
 6.021437e+002  7.421529e-005
 6.027625e+002  8.126349e-005
 6.033812e+002  8.528355e-005
 6.040000e+002  8.711269e-005
 6.046187e+002  5.518721e-005
 6.052375e+002  6.285720e-005
 6.058562e+002  6.271274e-005
 6.064750e+002  7.197218e-005
 6.070937e+002  7.702550e-005
 6.077125e+002  7.561400e-005
 6.083312e+002  8.179959e-005
 6.089500e+002  7.777116e-005
 6.095687e+002  6.612548e-005
 6.101875e+002  6.031185e-005
 6.108062e+002  8.427587e-005
 6.114250e+002  7.422359e-005
 6.120437e+002  6.916656e-005
 6.126625e+002  5.720255e-005
 6.132812e+002  7.565267e-005
 6.139000e+002  8.324038e-005
 6.145187e+002  9.149440e-005
 6.151375e+002  8.796263e-005
 6.157562e+002  7.256627e-005
 6.163750e+002  6.535622e-005
 6.169937e+002  7.982789e-005
 6.176125e+002  9.395693e-005
 6.182312e+002  8.932731e-005
 6.188500e+002  8.492312e-005
 6.194687e+002  7.871234e-005
 6.200875e+002  8.073290e-005
 6.207062e+002  6.574260e-005
 6.213250e+002  9.101361e-005
 6.219437e+002  1.199465e-004
 6.225625e+002  1.053776e-004
 6.231812e+002  9.250864e-005
 6.238000e+002  1.029430e-004
 6.244187e+002  1.034683e-004
 6.250375e+002  7.955377e-005
 6.256562e+002  5.266987e-005
 6.262750e+002  5.839408e-005
 6.268937e+002  6.965797e-005
 6.275125e+002  6.399643e-005
 6.281312e+002  7.225115e-005
 6.287500e+002  7.943416e-005
 6.293687e+002  6.081214e-005
 6.299875e+002  8.271440e-005
 6.306062e+002  8.710534e-005
 6.312250e+002  9.243923e-005
 6.318437e+002  8.145042e-005
 6.324625e+002  7.994138e-005
 6.330812e+002  8.722460e-005
 6.337000e+002  7.306979e-005
 6.343187e+002  5.420047e-005
 6.349375e+002  7.535399e-005
 6.355562e+002  7.658996e-005
 6.361750e+002  8.696969e-005
 6.367937e+002  7.372352e-005
 6.374125e+002  5.518758e-005
 6.380312e+002  6.283393e-005
 6.386500e+002  7.864705e-005
 6.392687e+002  6.569921e-005
 6.398875e+002  4.974357e-005
 6.405062e+002  7.310661e-005
 6.411250e+002  7.821654e-005
 6.417437e+002  7.854786e-005
 6.423625e+002  7.636142e-005
 6.429812e+002  8.327325e-005
 6.436000e+002  9.144133e-005
 6.442187e+002  7.511431e-005
 6.448375e+002  6.747910e-005
 6.454562e+002  1.005502e-004
 6.460750e+002  9.902247e-005
 6.466937e+002  7.219024e-005
 6.473125e+002  7.570090e-005
 6.479312e+002  5.562767e-005
 6.485500e+002  7.526654e-005
 6.491687e+002  1.706479e-004
 6.497875e+002  2.974366e-004
 6.504062e+002  1.496295e-004
 6.510250e+002  7.419360e-005
 6.516437e+002  6.694393e-005
 6.522625e+002  7.541080e-005
 6.528812e+002  8.634510e-005
 6.535000e+002  7.671408e-005
 6.541187e+002  7.091856e-005
 6.547375e+002  7.589923e-005
 6.553562e+002  8.061990e-005
 6.559750e+002  7.504979e-005
 6.565937e+002  7.179036e-005
 6.572125e+002  5.878443e-005
 6.578312e+002  7.019445e-005
 6.584500e+002  7.370382e-005
 6.590687e+002  7.952434e-005
 6.596875e+002  6.683284e-005
 6.603062e+002  9.318978e-005
 6.609250e+002  9.118224e-005
 6.615437e+002  6.602511e-005
 6.621625e+002  6.612574e-005
 6.627812e+002  8.344312e-005
 6.634000e+002  8.047864e-005
 6.640187e+002  7.775037e-005
 6.646375e+002  7.233011e-005
 6.652562e+002  7.821844e-005
 6.658750e+002  7.400713e-005
 6.664937e+002  7.201878e-005
 6.671125e+002  6.868562e-005
 6.677312e+002  9.220159e-005
 6.683500e+002  8.791444e-005
 6.689687e+002  7.872019e-005
 6.695875e+002  6.363732e-005
 6.702062e+002  7.483941e-005
 6.708250e+002  9.037820e-005
 6.714437e+002  7.781371e-005
 6.720625e+002  7.390612e-005
 6.726812e+002  9.103908e-005
 6.733000e+002  6.896412e-005
 6.739187e+002  7.824472e-005
 6.745375e+002  8.653109e-005
 6.751562e+002  7.343401e-005
 6.757750e+002  4.870137e-005
 6.763937e+002  5.556374e-005
 6.770125e+002  6.088331e-005
 6.776312e+002  6.541900e-005
 6.782500e+002  9.119262e-005
 6.788687e+002  7.730572e-005
 6.794875e+002  7.197649e-005
 6.801062e+002  6.887546e-005
 6.807250e+002  6.572414e-005
 6.813437e+002  6.001757e-005
 6.819625e+002  6.476324e-005
 6.825812e+002  6.977295e-005
 6.832000e+002  8.303890e-005
 6.838187e+002  7.544972e-005
 6.844375e+002  8.828539e-005
 6.850562e+002  6.306973e-005
 6.856750e+002  6.162873e-005
 6.862937e+002  7.970297e-005
 6.869125e+002  9.093299e-005
 6.875312e+002  7.584517e-005
 6.881500e+002  6.674357e-005
 6.887687e+002  7.053856e-005
 6.893875e+002  8.292843e-005
 6.900062e+002  6.482175e-005
 6.906250e+002  7.144398e-005
 6.912437e+002  7.326940e-005
 6.918625e+002  6.675746e-005
 6.924812e+002  8.507112e-005
 6.931000e+002  7.664904e-005
 6.937187e+002  7.171049e-005
 6.943375e+002  9.474269e-005
 6.949562e+002  8.313871e-005
 6.955750e+002  7.843721e-005
 6.961937e+002  7.780164e-005
 6.968125e+002  8.156717e-005
 6.974312e+002  7.880770e-005
 6.980500e+002  7.737820e-005
 6.986687e+002  7.677214e-005
 6.992875e+002  1.409328e-004
 6.999062e+002  1.852896e-004
 7.005250e+002  9.879343e-005
 7.011437e+002  8.191050e-005
 7.017625e+002  9.625091e-005
 7.023812e+002  8.732448e-005
 7.030000e+002  8.186738e-005
 7.036187e+002  7.915049e-005
 7.042375e+002  7.142657e-005
 7.048562e+002  8.267483e-005
 7.054750e+002  6.622981e-005
 7.060937e+002  6.972466e-005
 7.067125e+002  6.872976e-005
 7.073312e+002  6.158905e-005
 7.079500e+002  7.769880e-005
 7.085687e+002  8.132844e-005
 7.091875e+002  7.653273e-005
 7.098062e+002  6.968810e-005
 7.104250e+002  6.402270e-005
 7.110437e+002  6.161319e-005
 7.116625e+002  8.690570e-005
 7.122812e+002  8.208283e-005
 7.129000e+002  7.432762e-005
 7.135187e+002  7.618300e-005
 7.141375e+002  8.610557e-005
 7.147562e+002  9.375354e-005
 7.153750e+002  6.519015e-005
 7.159937e+002  6.739796e-005
 7.166125e+002  7.736129e-005
 7.172312e+002  7.854832e-005
 7.178500e+002  6.314739e-005
 7.184687e+002  4.075899e-005
 7.190875e+002  2.889631e-005
 7.197062e+002  5.619698e-005
 7.203250e+002  6.441933e-005
 7.209437e+002  6.102766e-005
 7.215625e+002  5.793136e-005
 7.221812e+002  8.286822e-005
 7.228000e+002  8.643339e-005
 7.234187e+002  8.636045e-005
 7.240375e+002  8.391659e-005
 7.246562e+002  6.513437e-005
 7.252750e+002  6.250157e-005
 7.258937e+002  7.869616e-005
 7.265125e+002  6.189368e-005
 7.271312e+002  5.882872e-005
 7.277500e+002  8.513739e-005
 7.283687e+002  8.942902e-005
 7.289875e+002  7.985126e-005
 7.296062e+002  7.357057e-005
 7.302250e+002  7.153800e-005
 7.308437e+002  8.711369e-005
 7.314625e+002  8.728903e-005
 7.320812e+002  6.895167e-005
 7.327000e+002  5.332856e-005
 7.333187e+002  6.310528e-005
 7.339375e+002  8.088228e-005
 7.345562e+002  8.162133e-005
 7.351750e+002  8.596085e-005
 7.357937e+002  6.894057e-005
 7.364125e+002  6.280376e-005
 7.370312e+002  4.744413e-005
 7.376500e+002  7.252657e-005
 7.382687e+002  9.100491e-005
 7.388875e+002  7.919330e-005
 7.395062e+002  7.797715e-005
 7.401250e+002  6.925176e-005
 7.407437e+002  6.713073e-005
 7.413625e+002  8.803421e-005
 7.419812e+002  8.969411e-005
 7.426000e+002  8.902269e-005
 7.432187e+002  6.126036e-005
 7.438375e+002  5.406788e-005
 7.444562e+002  8.793357e-005
 7.450750e+002  1.144918e-004
 7.456937e+002  8.659951e-005
 7.463125e+002  9.941471e-005
 7.469312e+002  7.562931e-005
 7.475500e+002  7.484967e-005
 7.481687e+002  7.083952e-005
 7.487875e+002  8.200807e-005
 7.494062e+002  1.514135e-004
 7.500250e+002  1.563317e-004
 7.506437e+002  8.208090e-005
 7.512625e+002  7.568317e-005
 7.518812e+002  7.407630e-005
 7.525000e+002  7.976864e-005
 7.531187e+002  6.833674e-005
 7.537375e+002  8.515575e-005
 7.543562e+002  9.208779e-005
 7.549750e+002  7.346570e-005
 7.555937e+002  6.617666e-005
 7.562125e+002  6.027242e-005
 7.568312e+002  5.689848e-005
 7.574500e+002  6.249448e-005
 7.580687e+002  6.686947e-005
 7.586875e+002  7.405149e-005
 7.593062e+002  9.381931e-005
 7.599250e+002  9.900824e-005
 7.605437e+002  7.975972e-005
 7.611625e+002  8.777995e-005
 7.617812e+002  7.505507e-005
 7.624000e+002  7.931390e-005
 7.630187e+002  8.514785e-005
 7.636375e+002  8.051582e-005
 7.642562e+002  9.372385e-005
 7.648750e+002  1.124183e-004
 7.654937e+002  1.080289e-004
 7.661125e+002  7.135165e-005
 7.667312e+002  6.940347e-005
 7.673500e+002  7.051337e-005
 7.679687e+002  6.327519e-005
 7.685875e+002  7.151854e-005
 7.692062e+002  8.917083e-005
 7.698250e+002  1.065313e-004
 7.704437e+002  9.135512e-005
 7.710625e+002  8.550181e-005
 7.716812e+002  9.320894e-005
 7.723000e+002  8.901328e-005
 7.729187e+002  5.273222e-005
 7.735375e+002  5.482632e-005
 7.741562e+002  6.926231e-005
 7.747750e+002  6.020557e-005
 7.753937e+002  8.954869e-005
 7.760125e+002  9.276226e-005
 7.766312e+002  7.874208e-005
 7.772500e+002  7.717843e-005
 7.778687e+002  7.631444e-005
 7.784875e+002  8.089360e-005
 7.791062e+002  6.863078e-005
 7.797250e+002  8.668665e-005
 7.803437e+002  1.029975e-004
 7.809625e+002  7.412805e-005
 7.815812e+002  8.331829e-005
 7.822000e+002  7.397373e-005
 7.828187e+002  8.960446e-005
 7.834375e+002  9.982503e-005
 7.840562e+002  7.877889e-005
 7.846750e+002  6.462169e-005
 7.852937e+002  6.293406e-005
 7.859125e+002  6.580573e-005
 7.865312e+002  8.311531e-005
 7.871500e+002  7.653355e-005
 7.877687e+002  8.322929e-005
 7.883875e+002  8.175238e-005
 7.890062e+002  7.858576e-005
 7.896250e+002  7.257335e-005
 7.902437e+002  7.428705e-005
 7.908625e+002  7.504685e-005
 7.914812e+002  7.374180e-005
 7.921000e+002  8.069729e-005
 7.927187e+002  7.221995e-005
 7.933375e+002  5.991619e-005
 7.939562e+002  9.093159e-005
 7.945750e+002  8.774357e-005
 7.951937e+002  8.926744e-005
 7.958125e+002  6.633067e-005
 7.964312e+002  7.290301e-005
 7.970500e+002  7.947538e-005
 7.976687e+002  7.621864e-005
 7.982875e+002  7.826239e-005
 7.989062e+002  7.525402e-005
 7.995250e+002  9.331420e-005
 8.001437e+002  8.512474e-005
 8.007625e+002  8.272811e-005
 8.013812e+002  7.922695e-005
 8.020000e+002  7.568412e-005
 8.026187e+002  7.871502e-005
 8.032375e+002  7.970943e-005
 8.038562e+002  9.500663e-005
 8.044750e+002  8.085670e-005
 8.050937e+002  7.601973e-005
 8.057125e+002  9.735529e-005
 8.063312e+002  9.176022e-005
 8.069500e+002  7.160757e-005
 8.075687e+002  7.971881e-005
 8.081875e+002  7.719188e-005
 8.088062e+002  9.843021e-005
 8.094250e+002  8.630128e-005
 8.100437e+002  7.213945e-005
 8.106625e+002  7.424695e-005
 8.112812e+002  7.196897e-005
 8.119000e+002  7.731418e-005
 8.125187e+002  7.710370e-005
 8.131375e+002  6.281961e-005
 8.137562e+002  5.366552e-005
 8.143750e+002  6.378511e-005
 8.149937e+002  9.135316e-005
 8.156125e+002  8.866619e-005
 8.162312e+002  6.301165e-005
 8.168500e+002  7.941699e-005
 8.174687e+002  9.009306e-005
 8.180875e+002  7.989826e-005
 8.187062e+002  7.444318e-005
 8.193250e+002  4.547010e-005
 8.199437e+002  5.443138e-005
 8.205625e+002  6.780920e-005
 8.211812e+002  7.139675e-005
 8.218000e+002  7.474943e-005
 8.224187e+002  8.732691e-005
 8.230375e+002  6.901720e-005
 8.236562e+002  7.608713e-005
 8.242750e+002  1.008300e-004
 8.248937e+002  7.304982e-005
 8.255125e+002  6.713785e-005
 8.261312e+002  7.171383e-005
 8.267500e+002  5.809594e-005
 8.273687e+002  7.599047e-005
 8.279875e+002  7.259499e-005
 8.286062e+002  7.905225e-005
 8.292250e+002  8.103916e-005
 8.298437e+002  6.097642e-005
 8.304625e+002  5.612320e-005
 8.310812e+002  8.786899e-005
 8.317000e+002  7.675465e-005
 8.323187e+002  6.944758e-005
 8.329375e+002  5.802585e-005
 8.335562e+002  7.287137e-005
 8.341750e+002  7.561007e-005
 8.347937e+002  6.919166e-005
 8.354125e+002  7.442779e-005
 8.360312e+002  7.586680e-005
 8.366500e+002  8.313569e-005
 8.372687e+002  8.257552e-005
 8.378875e+002  6.526198e-005
 8.385062e+002  6.342401e-005
 8.391250e+002  7.046203e-005
 8.397437e+002  8.902160e-005
 8.403625e+002  6.962907e-005
 8.409812e+002  5.472002e-005
 8.416000e+002  5.252196e-005
 8.422187e+002  5.501206e-005
 8.428375e+002  7.538711e-005
 8.434562e+002  7.845546e-005
 8.440750e+002  8.711953e-005
 8.446937e+002  8.882791e-005
 8.453125e+002  7.404306e-005
 8.459312e+002  5.760794e-005
 8.465500e+002  8.423508e-005
 8.471687e+002  8.118403e-005
 8.477875e+002  7.571875e-005
 8.484062e+002  8.230680e-005
 8.490250e+002  8.440043e-005
 8.496437e+002  1.953615e-004
 8.502625e+002  1.290944e-004
 8.508812e+002  7.893767e-005
 8.515000e+002  6.840449e-005
 8.521187e+002  8.079468e-005
 8.527375e+002  8.156381e-005
 8.533562e+002  8.057178e-005
 8.539750e+002  8.510272e-005
 8.545937e+002  8.216729e-005
 8.552125e+002  8.291170e-005
 8.558312e+002  6.395834e-005
 8.564500e+002  6.086230e-005
 8.570687e+002  7.633645e-005
 8.576875e+002  6.689654e-005
 8.583062e+002  7.495941e-005
 8.589250e+002  8.113462e-005
 8.595437e+002  8.852166e-005
 8.601625e+002  7.870612e-005
 8.607812e+002  7.162053e-005
 8.614000e+002  7.572248e-005
 8.620187e+002  7.324941e-005
 8.626375e+002  6.308404e-005
 8.632562e+002  7.248247e-005
 8.638750e+002  8.533772e-005
 8.644937e+002  8.641625e-005
 8.651125e+002  9.968944e-005
 8.657312e+002  8.517022e-005
 8.663500e+002  7.229845e-005
 8.669687e+002  8.014806e-005
 8.675875e+002  7.894309e-005
 8.682062e+002  6.431771e-005
 8.688250e+002  5.312083e-005
 8.694437e+002  6.410396e-005
 8.700625e+002  6.639203e-005
 8.706812e+002  8.254341e-005
 8.713000e+002  8.858316e-005
 8.719187e+002  8.737749e-005
 8.725375e+002  8.179471e-005
 8.731562e+002  6.937440e-005
 8.737750e+002  5.061342e-005
 8.743937e+002  5.969164e-005
 8.750125e+002  8.233832e-005
 8.756312e+002  9.649390e-005
 8.762500e+002  7.923124e-005
 8.768687e+002  7.738833e-005
 8.774875e+002  8.032325e-005
 8.781062e+002  7.044884e-005
 8.787250e+002  7.715801e-005
 8.793437e+002  6.730774e-005
 8.799625e+002  7.417119e-005
 8.805812e+002  5.971798e-005
 8.812000e+002  5.646947e-005
 8.818187e+002  6.929048e-005
 8.824375e+002  8.140063e-005
 8.830562e+002  6.697877e-005
 8.836750e+002  8.108536e-005
 8.842937e+002  7.582946e-005
 8.849125e+002  6.338301e-005
 8.855312e+002  5.168002e-005
 8.861500e+002  5.582706e-005
 8.867687e+002  6.034325e-005
 8.873875e+002  6.943768e-005
 8.880062e+002  9.048991e-005
 8.886250e+002  1.067495e-004
 8.892437e+002  9.840082e-005
 8.898625e+002  9.661001e-005
 8.904812e+002  1.110766e-004
 8.911000e+002  6.779730e-005
 8.917187e+002  4.675653e-005
 8.923375e+002  6.059189e-005
 8.929562e+002  9.615760e-005
 8.935750e+002  9.452168e-005
 8.941937e+002  7.701050e-005
 8.948125e+002  7.327028e-005
 8.954312e+002  7.556781e-005
 8.960500e+002  6.828075e-005
 8.966687e+002  5.666797e-005
 8.972875e+002  8.273715e-005
 8.979062e+002  9.237656e-005
 8.985250e+002  5.777730e-005
 8.991437e+002  8.012623e-005
 8.997625e+002  9.844720e-005
 9.003812e+002  9.493398e-005
 9.010000e+002  7.985278e-005
 9.016187e+002  8.372408e-005
 9.022375e+002  7.731809e-005
 9.028562e+002  7.517203e-005
 9.034750e+002  8.553457e-005
 9.040937e+002  8.000618e-005
 9.047125e+002  6.088284e-005
 9.053312e+002  6.169444e-005
 9.059500e+002  7.489393e-005
 9.065687e+002  7.709572e-005
 9.071875e+002  7.414997e-005
 9.078062e+002  6.332843e-005
 9.084250e+002  5.410699e-005
 9.090437e+002  7.263929e-005
 9.096625e+002  8.220147e-005
 9.102812e+002  7.244870e-005
 9.109000e+002  7.467315e-005
 9.115187e+002  6.962520e-005
 9.121375e+002  7.391431e-005
 9.127562e+002  6.831767e-005
 9.133750e+002  6.262465e-005
 9.139937e+002  7.406935e-005
 9.146125e+002  8.004428e-005
 9.152312e+002  9.076529e-005
 9.158500e+002  7.404137e-005
 9.164687e+002  7.313522e-005
 9.170875e+002  8.201987e-005
 9.177062e+002  7.602617e-005
 9.183250e+002  7.483415e-005
 9.189437e+002  7.970758e-005
 9.195625e+002  8.853787e-005
 9.201812e+002  9.393090e-005
 9.208000e+002  8.035585e-005
 9.214187e+002  7.927645e-005
 9.220375e+002  9.561513e-005
 9.226562e+002  7.476393e-005
 9.232750e+002  6.621423e-005
 9.238937e+002  5.064767e-005
 9.245125e+002  6.202262e-005
 9.251312e+002  7.163847e-005
 9.257500e+002  5.907746e-005
 9.263687e+002  9.164662e-005
 9.269875e+002  8.823980e-005
 9.276062e+002  7.866630e-005
 9.282250e+002  6.586214e-005
 9.288437e+002  7.418860e-005
 9.294625e+002  7.890137e-005
 9.300812e+002  5.868941e-005
 9.307000e+002  6.514701e-005
 9.313187e+002  8.752944e-005
 9.319375e+002  7.393802e-005
 9.325562e+002  5.916143e-005
 9.331750e+002  7.359503e-005
 9.337937e+002  7.192295e-005
 9.344125e+002  5.889898e-005
 9.350312e+002  6.633474e-005
 9.356500e+002  7.265631e-005
 9.362687e+002  5.528568e-005
 9.368875e+002  7.033382e-005
 9.375062e+002  1.136240e-004
 9.381250e+002  1.097195e-004
 9.387437e+002  7.998501e-005
 9.393625e+002  7.772921e-005
 9.399812e+002  7.360424e-005
 9.406000e+002  7.029700e-005
 9.412187e+002  8.747387e-005
 9.418375e+002  9.175900e-005
 9.424562e+002  6.688563e-005
 9.430750e+002  7.350722e-005
 9.436937e+002  8.053858e-005
 9.443125e+002  9.028434e-005
 9.449312e+002  7.615515e-005
 9.455500e+002  9.590018e-005
 9.461687e+002  8.126906e-005
 9.467875e+002  5.523217e-005
 9.474062e+002  6.128877e-005
 9.480250e+002  7.764751e-005
 9.486437e+002  8.003195e-005
 9.492625e+002  1.379239e-004
 9.498812e+002  1.621100e-004
 9.505000e+002  9.210966e-005
 9.511187e+002  8.470458e-005
 9.517375e+002  7.693666e-005
 9.523562e+002  8.673303e-005
 9.529750e+002  8.759853e-005
 9.535937e+002  8.440301e-005
 9.542125e+002  8.148942e-005
 9.548312e+002  7.419393e-005
 9.554500e+002  8.035549e-005
 9.560687e+002  8.083006e-005
 9.566875e+002  6.692498e-005
 9.573062e+002  6.623142e-005
 9.579250e+002  7.713550e-005
 9.585437e+002  7.614657e-005
 9.591625e+002  8.130247e-005
 9.597812e+002  7.586464e-005
 9.604000e+002  8.181354e-005
 9.610187e+002  8.539938e-005
 9.616375e+002  7.318506e-005
 9.622562e+002  8.184124e-005
 9.628750e+002  8.838200e-005
 9.634937e+002  8.060953e-005
 9.641125e+002  7.659760e-005
 9.647312e+002  7.194307e-005
 9.653500e+002  8.430523e-005
 9.659687e+002  8.909207e-005
 9.665875e+002  9.115946e-005
 9.672062e+002  8.961455e-005
 9.678250e+002  8.360502e-005
 9.684437e+002  7.754894e-005
 9.690625e+002  6.814592e-005
 9.696812e+002  6.403307e-005
 9.703000e+002  7.279183e-005
 9.709187e+002  7.114603e-005
 9.715375e+002  8.694022e-005
 9.721562e+002  8.647548e-005
 9.727750e+002  6.854464e-005
 9.733937e+002  5.698036e-005
 9.740125e+002  5.764509e-005
 9.746312e+002  6.373191e-005
 9.752500e+002  6.589111e-005
 9.758687e+002  6.700716e-005
 9.764875e+002  7.066526e-005
 9.771062e+002  9.020111e-005
 9.777250e+002  7.763616e-005
 9.783437e+002  6.975057e-005
 9.789625e+002  6.687165e-005
 9.795812e+002  6.739339e-005
 9.802000e+002  6.505976e-005
 9.808187e+002  6.472227e-005
 9.814375e+002  7.541530e-005
 9.820562e+002  7.367837e-005
 9.826750e+002  7.911148e-005
 9.832937e+002  6.646130e-005
 9.839125e+002  7.505230e-005
 9.845312e+002  9.051746e-005
 9.851500e+002  9.570409e-005
 9.857687e+002  9.059647e-005
 9.863875e+002  7.277923e-005
 9.870062e+002  7.608749e-005
 9.876250e+002  8.564419e-005
 9.882437e+002  8.726653e-005
 9.888625e+002  7.955055e-005
 9.894812e+002  8.696229e-005
 9.901000e+002  8.423148e-005
 9.907187e+002  8.870194e-005
 9.913375e+002  1.034541e-004
 9.919562e+002  9.753929e-005
 9.925750e+002  8.965016e-005
 9.931937e+002  8.968486e-005
 9.938125e+002  7.039646e-005
 9.944312e+002  5.974870e-005
 9.950500e+002  6.948977e-005
 9.956687e+002  7.705749e-005
 9.962875e+002  6.150185e-005
 9.969062e+002  7.514623e-005
 9.975250e+002  7.989451e-005
 9.981437e+002  8.499759e-005
 9.987625e+002  7.652963e-005
 9.993812e+002  8.594556e-005
 1.000000e+003  7.446809e-005
