 1.000000e+000  6.957484e-004
 1.247500e+000  8.680507e-004
 1.495000e+000  7.742837e-004
 1.742500e+000  6.974745e-004
 1.990000e+000  3.505805e-004
 2.237500e+000  3.858865e-004
 2.485000e+000  3.893774e-004
 2.732500e+000  3.351899e-004
 2.980000e+000  3.934534e-004
 3.227500e+000  4.698859e-004
 3.475000e+000  3.383329e-004
 3.722500e+000  2.908814e-004
 3.970000e+000  1.536575e-004
 4.217500e+000  3.520735e-004
 4.465000e+000  2.717258e-004
 4.712500e+000  1.283435e-004
 4.960000e+000  2.340471e-004
 5.207500e+000  2.281933e-004
 5.455000e+000  3.392907e-004
 5.702500e+000  3.405278e-004
 5.950000e+000  2.412305e-004
 6.197500e+000  1.354263e-004
 6.445000e+000  1.971664e-004
 6.692500e+000  2.911223e-004
 6.940000e+000  2.455226e-004
 7.187500e+000  1.198607e-004
 7.435000e+000  2.166801e-004
 7.682500e+000  3.088607e-004
 7.930000e+000  3.186566e-004
 8.177500e+000  1.856550e-004
 8.425000e+000  1.804281e-004
 8.672500e+000  2.165047e-004
 8.920000e+000  2.119703e-004
 9.167500e+000  1.834098e-004
 9.415000e+000  2.218560e-004
 9.662500e+000  2.560282e-004
 9.910000e+000  1.628118e-004
 1.015750e+001  2.182487e-004
 1.040500e+001  2.340605e-004
 1.065250e+001  2.004610e-004
 1.090000e+001  2.758396e-004
 1.114750e+001  2.727227e-004
 1.139500e+001  2.452997e-004
 1.164250e+001  1.975045e-004
 1.189000e+001  2.166739e-004
 1.213750e+001  1.424741e-004
 1.238500e+001  1.754842e-004
 1.263250e+001  1.866176e-004
 1.288000e+001  1.940549e-004
 1.312750e+001  1.709489e-004
 1.337500e+001  1.845391e-004
 1.362250e+001  1.696642e-004
 1.387000e+001  1.631666e-004
 1.411750e+001  9.879940e-005
 1.436500e+001  1.125121e-004
 1.461250e+001  1.286394e-004
 1.486000e+001  1.469202e-004
 1.510750e+001  1.747355e-004
 1.535500e+001  1.482683e-004
 1.560250e+001  1.318811e-004
 1.585000e+001  1.026218e-004
 1.609750e+001  1.866526e-004
 1.634500e+001  1.513971e-004
 1.659250e+001  9.006686e-005
 1.684000e+001  1.370956e-004
 1.708750e+001  1.900274e-004
 1.733500e+001  1.814124e-004
 1.758250e+001  1.788346e-004
 1.783000e+001  8.792218e-005
 1.807750e+001  1.180232e-004
 1.832500e+001  8.648860e-005
 1.857250e+001  1.749515e-004
 1.882000e+001  1.313982e-004
 1.906750e+001  1.298364e-004
 1.931500e+001  1.185655e-004
 1.956250e+001  9.845494e-005
 1.981000e+001  1.549907e-004
 2.005750e+001  1.804397e-004
 2.030500e+001  1.562295e-004
 2.055250e+001  1.144926e-004
 2.080000e+001  1.503249e-004
 2.104750e+001  2.149798e-004
 2.129500e+001  1.559447e-004
 2.154250e+001  1.745847e-004
 2.179000e+001  2.091289e-004
 2.203750e+001  1.234350e-004
 2.228500e+001  9.096581e-005
 2.253250e+001  1.454578e-004
 2.278000e+001  1.545324e-004
 2.302750e+001  2.369942e-004
 2.327500e+001  2.223305e-004
 2.352250e+001  9.544573e-005
 2.377000e+001  1.582537e-004
 2.401750e+001  1.752275e-004
 2.426500e+001  1.322652e-004
 2.451250e+001  1.271327e-004
 2.476000e+001  1.695987e-004
 2.500750e+001  2.078506e-004
 2.525500e+001  2.188832e-004
 2.550250e+001  1.275755e-004
 2.575000e+001  2.060133e-004
 2.599750e+001  2.218192e-004
 2.624500e+001  2.229148e-004
 2.649250e+001  3.083644e-004
 2.674000e+001  1.424189e-004
 2.698750e+001  2.909854e-004
 2.723500e+001  2.570620e-004
 2.748250e+001  1.763866e-004
 2.773000e+001  1.594669e-004
 2.797750e+001  1.762196e-004
 2.822500e+001  1.180387e-004
 2.847250e+001  1.755795e-004
 2.872000e+001  1.513289e-004
 2.896750e+001  1.616667e-004
 2.921500e+001  7.083353e-005
 2.946250e+001  1.277877e-004
 2.971000e+001  1.178265e-004
 2.995750e+001  9.042834e-005
 3.020500e+001  1.529701e-004
 3.045250e+001  1.422180e-004
 3.070000e+001  1.002388e-004
 3.094750e+001  1.217284e-004
 3.119500e+001  1.703386e-004
 3.144250e+001  1.568695e-004
 3.169000e+001  9.993917e-005
 3.193750e+001  1.033439e-004
 3.218500e+001  1.400849e-004
 3.243250e+001  7.194599e-005
 3.268000e+001  1.209591e-004
 3.292750e+001  1.239539e-004
 3.317500e+001  7.454883e-005
 3.342250e+001  1.101827e-004
 3.367000e+001  1.070251e-004
 3.391750e+001  1.150241e-004
 3.416500e+001  9.493021e-005
 3.441250e+001  1.014983e-004
 3.466000e+001  4.255381e-005
 3.490750e+001  8.599548e-005
 3.515500e+001  1.081363e-004
 3.540250e+001  1.077787e-004
 3.565000e+001  6.107021e-005
 3.589750e+001  5.825310e-005
 3.614500e+001  9.351084e-005
 3.639250e+001  1.285568e-004
 3.664000e+001  1.131671e-004
 3.688750e+001  9.832808e-005
 3.713500e+001  6.634046e-005
 3.738250e+001  7.289341e-005
 3.763000e+001  1.045849e-004
 3.787750e+001  9.541654e-005
 3.812500e+001  1.186808e-004
 3.837250e+001  1.430235e-004
 3.862000e+001  1.783347e-004
 3.886750e+001  1.148675e-004
 3.911500e+001  1.407922e-004
 3.936250e+001  1.030960e-004
 3.961000e+001  1.382402e-004
 3.985750e+001  1.346778e-004
 4.010500e+001  7.532834e-005
 4.035250e+001  6.762571e-005
 4.060000e+001  1.182409e-004
 4.084750e+001  9.559791e-005
 4.109500e+001  1.010461e-004
 4.134250e+001  7.553597e-005
 4.159000e+001  9.493726e-005
 4.183750e+001  9.027416e-005
 4.208500e+001  7.211337e-005
 4.233250e+001  4.668032e-005
 4.258000e+001  5.924901e-005
 4.282750e+001  9.916452e-005
 4.307500e+001  7.943974e-005
 4.332250e+001  6.305132e-005
 4.357000e+001  6.120699e-005
 4.381750e+001  7.346362e-005
 4.406500e+001  8.430674e-005
 4.431250e+001  1.342341e-004
 4.456000e+001  1.145005e-004
 4.480750e+001  5.955584e-005
 4.505500e+001  7.202726e-005
 4.530250e+001  7.492218e-005
 4.555000e+001  8.403551e-005
 4.579750e+001  1.057742e-004
 4.604500e+001  1.322105e-004
 4.629250e+001  1.117754e-004
 4.654000e+001  1.513267e-004
 4.678750e+001  1.515056e-004
 4.703500e+001  1.235586e-004
 4.728250e+001  1.067519e-004
 4.753000e+001  7.319813e-005
 4.777750e+001  1.079818e-004
 4.802500e+001  1.214674e-004
 4.827250e+001  1.021344e-004
 4.852000e+001  1.231566e-004
 4.876750e+001  1.197419e-004
 4.901500e+001  1.019481e-004
 4.926250e+001  4.782487e-005
 4.951000e+001  7.519206e-005
 4.975750e+001  1.479933e-003
 5.000500e+001  3.068493e-003
 5.025250e+001  1.597190e-003
 5.050000e+001  1.049053e-004
 5.074750e+001  1.007295e-004
 5.099500e+001  1.239565e-004
 5.124250e+001  1.133203e-004
 5.149000e+001  8.584041e-005
 5.173750e+001  1.007014e-004
 5.198500e+001  1.114942e-004
 5.223250e+001  1.688572e-004
 5.248000e+001  1.697073e-004
 5.272750e+001  1.369211e-004
 5.297500e+001  1.140372e-004
 5.322250e+001  1.121563e-004
 5.347000e+001  9.416393e-005
 5.371750e+001  1.176135e-004
 5.396500e+001  1.402393e-004
 5.421250e+001  1.341829e-004
 5.446000e+001  1.400185e-004
 5.470750e+001  8.637654e-005
 5.495500e+001  1.236539e-004
 5.520250e+001  7.907269e-005
 5.545000e+001  1.241459e-004
 5.569750e+001  1.178117e-004
 5.594500e+001  9.912594e-005
 5.619250e+001  9.164643e-005
 5.644000e+001  1.110256e-004
 5.668750e+001  1.346137e-004
 5.693500e+001  6.960216e-005
 5.718250e+001  4.778318e-005
 5.743000e+001  6.780243e-005
 5.767750e+001  1.033847e-004
 5.792500e+001  1.549096e-004
 5.817250e+001  1.266870e-004
 5.842000e+001  6.423438e-005
 5.866750e+001  9.553841e-005
 5.891500e+001  1.439124e-004
 5.916250e+001  1.405416e-004
 5.941000e+001  1.385302e-004
 5.965750e+001  5.402153e-005
 5.990500e+001  1.171740e-004
 6.015250e+001  1.191144e-004
 6.040000e+001  1.091748e-004
 6.064750e+001  1.261210e-004
 6.089500e+001  1.307239e-004
 6.114250e+001  1.105700e-004
 6.139000e+001  1.320864e-004
 6.163750e+001  9.565653e-005
 6.188500e+001  1.207317e-004
 6.213250e+001  1.138043e-004
 6.238000e+001  4.129541e-005
 6.262750e+001  6.581239e-005
 6.287500e+001  8.573073e-005
 6.312250e+001  5.185561e-005
 6.337000e+001  8.227324e-005
 6.361750e+001  1.205979e-004
 6.386500e+001  1.181965e-004
 6.411250e+001  8.807061e-005
 6.436000e+001  9.981904e-005
 6.460750e+001  1.638309e-004
 6.485500e+001  1.442768e-004
 6.510250e+001  1.131959e-004
 6.535000e+001  9.460951e-005
 6.559750e+001  8.067680e-005
 6.584500e+001  1.161042e-004
 6.609250e+001  8.082113e-005
 6.634000e+001  1.064672e-004
 6.658750e+001  1.658649e-004
 6.683500e+001  1.366840e-004
 6.708250e+001  5.182184e-005
 6.733000e+001  7.562097e-005
 6.757750e+001  5.484012e-005
 6.782500e+001  6.763277e-005
 6.807250e+001  9.203722e-005
 6.832000e+001  1.057639e-004
 6.856750e+001  1.207388e-004
 6.881500e+001  1.493156e-004
 6.906250e+001  1.296379e-004
 6.931000e+001  1.400945e-004
 6.955750e+001  1.747634e-004
 6.980500e+001  1.267290e-004
 7.005250e+001  5.104852e-005
 7.030000e+001  8.497936e-005
 7.054750e+001  9.592081e-005
 7.079500e+001  7.388877e-005
 7.104250e+001  1.110997e-004
 7.129000e+001  1.837590e-004
 7.153750e+001  1.599130e-004
 7.178500e+001  1.049332e-004
 7.203250e+001  9.526776e-005
 7.228000e+001  9.310201e-005
 7.252750e+001  8.743861e-005
 7.277500e+001  1.031627e-004
 7.302250e+001  6.822352e-005
 7.327000e+001  5.120421e-005
 7.351750e+001  4.202108e-005
 7.376500e+001  8.465720e-005
 7.401250e+001  8.451594e-005
 7.426000e+001  1.260429e-004
 7.450750e+001  1.518698e-004
 7.475500e+001  1.448232e-004
 7.500250e+001  1.312707e-004
 7.525000e+001  1.912082e-004
 7.549750e+001  1.636750e-004
 7.574500e+001  7.398020e-005
 7.599250e+001  7.518119e-005
 7.624000e+001  1.141993e-004
 7.648750e+001  1.376440e-004
 7.673500e+001  1.196921e-004
 7.698250e+001  4.840198e-005
 7.723000e+001  5.686023e-005
 7.747750e+001  8.497898e-005
 7.772500e+001  5.905179e-005
 7.797250e+001  9.628391e-005
 7.822000e+001  9.174225e-005
 7.846750e+001  1.428174e-004
 7.871500e+001  1.257838e-004
 7.896250e+001  1.043375e-004
 7.921000e+001  1.206749e-004
 7.945750e+001  1.328213e-004
 7.970500e+001  7.044016e-005
 7.995250e+001  9.056933e-005
 8.020000e+001  5.215287e-005
 8.044750e+001  5.862432e-005
 8.069500e+001  7.951162e-005
 8.094250e+001  8.432996e-005
 8.119000e+001  1.071289e-004
 8.143750e+001  9.037183e-005
 8.168500e+001  5.158373e-005
 8.193250e+001  7.779876e-005
 8.218000e+001  7.893860e-005
 8.242750e+001  7.259871e-005
 8.267500e+001  7.317621e-005
 8.292250e+001  9.145109e-005
 8.317000e+001  1.136402e-004
 8.341750e+001  5.140172e-005
 8.366500e+001  4.654969e-005
 8.391250e+001  6.445703e-005
 8.416000e+001  7.129036e-005
 8.440750e+001  8.976337e-005
 8.465500e+001  1.078686e-004
 8.490250e+001  7.560635e-005
 8.515000e+001  1.221332e-004
 8.539750e+001  1.445274e-004
 8.564500e+001  5.381773e-005
 8.589250e+001  7.725610e-005
 8.614000e+001  5.222621e-005
 8.638750e+001  7.663593e-005
 8.663500e+001  7.280524e-005
 8.688250e+001  5.778417e-005
 8.713000e+001  8.943426e-005
 8.737750e+001  9.097880e-005
 8.762500e+001  1.004515e-004
 8.787250e+001  7.064686e-005
 8.812000e+001  8.516246e-005
 8.836750e+001  9.448806e-005
 8.861500e+001  5.021601e-005
 8.886250e+001  9.558860e-005
 8.911000e+001  1.356680e-004
 8.935750e+001  9.816440e-005
 8.960500e+001  7.854451e-005
 8.985250e+001  8.512319e-005
 9.010000e+001  9.482949e-005
 9.034750e+001  8.992151e-005
 9.059500e+001  1.465080e-004
 9.084250e+001  1.202141e-004
 9.109000e+001  5.708678e-005
 9.133750e+001  1.022113e-004
 9.158500e+001  9.494532e-005
 9.183250e+001  9.881488e-005
 9.208000e+001  7.279609e-005
 9.232750e+001  4.676073e-005
 9.257500e+001  7.368528e-005
 9.282250e+001  6.027606e-005
 9.307000e+001  6.703504e-005
 9.331750e+001  7.521939e-005
 9.356500e+001  4.002916e-005
 9.381250e+001  6.575607e-005
 9.406000e+001  5.824854e-005
 9.430750e+001  9.211771e-005
 9.455500e+001  1.389268e-004
 9.480250e+001  9.793301e-005
 9.505000e+001  9.282377e-005
 9.529750e+001  7.911695e-005
 9.554500e+001  7.688304e-005
 9.579250e+001  8.053017e-005
 9.604000e+001  1.090513e-004
 9.628750e+001  1.227696e-004
 9.653500e+001  1.091775e-004
 9.678250e+001  1.089589e-004
 9.703000e+001  7.809868e-005
 9.727750e+001  1.251582e-004
 9.752500e+001  1.299906e-004
 9.777250e+001  8.593376e-005
 9.802000e+001  1.043489e-004
 9.826750e+001  1.347646e-004
 9.851500e+001  1.005858e-004
 9.876250e+001  7.521769e-005
 9.901000e+001  2.046244e-005
 9.925750e+001  2.791182e-005
 9.950500e+001  4.690075e-005
 9.975250e+001  1.751352e-004
 1.000000e+002  2.887894e-004
