 1.000000e+000  7.482784e-004
 1.247500e+000  1.144604e-003
 1.495000e+000  1.109453e-003
 1.742500e+000  8.124499e-004
 1.990000e+000  4.587257e-004
 2.237500e+000  7.772619e-004
 2.485000e+000  7.326071e-004
 2.732500e+000  4.850201e-004
 2.980000e+000  5.602845e-004
 3.227500e+000  4.850035e-004
 3.475000e+000  5.068704e-004
 3.722500e+000  4.709812e-004
 3.970000e+000  6.210189e-004
 4.217500e+000  4.109091e-004
 4.465000e+000  3.291167e-004
 4.712500e+000  5.680390e-004
 4.960000e+000  6.634257e-004
 5.207500e+000  3.332719e-004
 5.455000e+000  3.020908e-004
 5.702500e+000  4.901992e-004
 5.950000e+000  4.288097e-004
 6.197500e+000  3.320888e-004
 6.445000e+000  3.295428e-004
 6.692500e+000  3.021463e-004
 6.940000e+000  4.196408e-004
 7.187500e+000  3.042495e-004
 7.435000e+000  2.698218e-004
 7.682500e+000  3.554241e-004
 7.930000e+000  3.005286e-004
 8.177500e+000  3.360560e-004
 8.425000e+000  2.515359e-004
 8.672500e+000  2.525446e-004
 8.920000e+000  1.644297e-004
 9.167500e+000  2.431409e-004
 9.415000e+000  2.945154e-004
 9.662500e+000  1.360718e-004
 9.910000e+000  2.200296e-004
 1.015750e+001  2.234682e-004
 1.040500e+001  2.106139e-004
 1.065250e+001  2.391078e-004
 1.090000e+001  2.733862e-004
 1.114750e+001  2.533886e-004
 1.139500e+001  2.556427e-004
 1.164250e+001  2.092041e-004
 1.189000e+001  1.749468e-004
 1.213750e+001  2.606708e-004
 1.238500e+001  1.445128e-004
 1.263250e+001  1.614681e-004
 1.288000e+001  1.303893e-004
 1.312750e+001  1.991012e-004
 1.337500e+001  2.446821e-004
 1.362250e+001  2.332122e-004
 1.387000e+001  2.926081e-004
 1.411750e+001  1.694188e-004
 1.436500e+001  1.780819e-004
 1.461250e+001  1.848792e-004
 1.486000e+001  3.144863e-004
 1.510750e+001  3.074511e-004
 1.535500e+001  2.900158e-004
 1.560250e+001  4.107989e-004
 1.585000e+001  2.244080e-004
 1.609750e+001  1.513059e-004
 1.634500e+001  2.229294e-004
 1.659250e+001  2.686901e-004
 1.684000e+001  2.089850e-004
 1.708750e+001  1.405921e-004
 1.733500e+001  1.579239e-004
 1.758250e+001  1.712521e-004
 1.783000e+001  1.762044e-004
 1.807750e+001  1.704581e-004
 1.832500e+001  2.614379e-004
 1.857250e+001  1.936964e-004
 1.882000e+001  1.768626e-004
 1.906750e+001  1.022840e-004
 1.931500e+001  2.043421e-004
 1.956250e+001  1.979694e-004
 1.981000e+001  2.257861e-004
 2.005750e+001  1.806710e-004
 2.030500e+001  1.746395e-004
 2.055250e+001  2.073954e-004
 2.080000e+001  1.333120e-004
 2.104750e+001  1.301917e-004
 2.129500e+001  1.402610e-004
 2.154250e+001  1.359858e-004
 2.179000e+001  1.717906e-004
 2.203750e+001  2.166610e-004
 2.228500e+001  2.120837e-004
 2.253250e+001  1.419651e-004
 2.278000e+001  1.070854e-004
 2.302750e+001  1.512378e-004
 2.327500e+001  1.293212e-004
 2.352250e+001  1.614682e-004
 2.377000e+001  2.048464e-004
 2.401750e+001  1.996109e-004
 2.426500e+001  1.868488e-004
 2.451250e+001  1.832829e-004
 2.476000e+001  1.769050e-004
 2.500750e+001  1.069344e-004
 2.525500e+001  1.374372e-004
 2.550250e+001  1.721075e-004
 2.575000e+001  1.696364e-004
 2.599750e+001  1.741627e-004
 2.624500e+001  1.672999e-004
 2.649250e+001  1.420114e-004
 2.674000e+001  1.850137e-004
 2.698750e+001  1.120065e-004
 2.723500e+001  1.138814e-004
 2.748250e+001  1.513166e-004
 2.773000e+001  1.466918e-004
 2.797750e+001  1.394411e-004
 2.822500e+001  1.478590e-004
 2.847250e+001  1.559614e-004
 2.872000e+001  1.357984e-004
 2.896750e+001  1.252373e-004
 2.921500e+001  1.053150e-004
 2.946250e+001  1.135760e-004
 2.971000e+001  1.356725e-004
 2.995750e+001  9.670618e-005
 3.020500e+001  1.055612e-004
 3.045250e+001  1.578999e-004
 3.070000e+001  6.411660e-005
 3.094750e+001  1.061323e-004
 3.119500e+001  1.204102e-004
 3.144250e+001  1.468793e-004
 3.169000e+001  1.258560e-004
 3.193750e+001  1.148504e-004
 3.218500e+001  1.158495e-004
 3.243250e+001  1.293496e-004
 3.268000e+001  1.345087e-004
 3.292750e+001  1.593247e-004
 3.317500e+001  1.071692e-004
 3.342250e+001  1.495931e-004
 3.367000e+001  1.569071e-004
 3.391750e+001  1.298223e-004
 3.416500e+001  8.388272e-005
 3.441250e+001  9.469651e-005
 3.466000e+001  9.525808e-005
 3.490750e+001  9.524784e-005
 3.515500e+001  1.200566e-004
 3.540250e+001  1.350180e-004
 3.565000e+001  1.246568e-004
 3.589750e+001  9.742111e-005
 3.614500e+001  1.155870e-004
 3.639250e+001  1.340398e-004
 3.664000e+001  1.358310e-004
 3.688750e+001  1.337042e-004
 3.713500e+001  1.296846e-004
 3.738250e+001  1.306157e-004
 3.763000e+001  9.070752e-005
 3.787750e+001  1.126390e-004
 3.812500e+001  1.134685e-004
 3.837250e+001  9.022709e-005
 3.862000e+001  1.617544e-004
 3.886750e+001  1.906231e-004
 3.911500e+001  1.186736e-004
 3.936250e+001  1.050665e-004
 3.961000e+001  1.273484e-004
 3.985750e+001  1.213411e-004
 4.010500e+001  1.113055e-004
 4.035250e+001  8.703473e-005
 4.060000e+001  1.078945e-004
 4.084750e+001  1.471861e-004
 4.109500e+001  1.222810e-004
 4.134250e+001  6.804391e-005
 4.159000e+001  9.471187e-005
 4.183750e+001  9.464104e-005
 4.208500e+001  8.773318e-005
 4.233250e+001  7.567645e-005
 4.258000e+001  1.416878e-004
 4.282750e+001  1.241569e-004
 4.307500e+001  8.504251e-005
 4.332250e+001  7.967612e-005
 4.357000e+001  1.283353e-004
 4.381750e+001  1.674148e-004
 4.406500e+001  1.332395e-004
 4.431250e+001  1.577722e-004
 4.456000e+001  1.413740e-004
 4.480750e+001  1.467016e-004
 4.505500e+001  8.853053e-005
 4.530250e+001  9.353369e-005
 4.555000e+001  8.802367e-005
 4.579750e+001  5.930494e-005
 4.604500e+001  8.123221e-005
 4.629250e+001  1.213499e-004
 4.654000e+001  1.213585e-004
 4.678750e+001  1.095926e-004
 4.703500e+001  1.211074e-004
 4.728250e+001  8.522239e-005
 4.753000e+001  7.591439e-005
 4.777750e+001  1.206888e-004
 4.802500e+001  8.330099e-005
 4.827250e+001  5.502718e-005
 4.852000e+001  7.439854e-005
 4.876750e+001  1.175923e-004
 4.901500e+001  9.922685e-005
 4.926250e+001  1.333629e-004
 4.951000e+001  2.209380e-004
 4.975750e+001  4.371498e-003
 5.000500e+001  1.103759e-002
 5.025250e+001  6.919060e-003
 5.050000e+001  4.364853e-004
 5.074750e+001  1.077302e-004
 5.099500e+001  1.068964e-004
 5.124250e+001  1.188123e-004
 5.149000e+001  7.762236e-005
 5.173750e+001  9.183428e-005
 5.198500e+001  6.701371e-005
 5.223250e+001  1.179436e-004
 5.248000e+001  1.265854e-004
 5.272750e+001  6.837515e-005
 5.297500e+001  6.955840e-005
 5.322250e+001  1.146166e-004
 5.347000e+001  1.244542e-004
 5.371750e+001  1.002152e-004
 5.396500e+001  8.358405e-005
 5.421250e+001  8.281679e-005
 5.446000e+001  8.053594e-005
 5.470750e+001  8.849812e-005
 5.495500e+001  7.711747e-005
 5.520250e+001  8.494962e-005
 5.545000e+001  6.231294e-005
 5.569750e+001  1.105401e-004
 5.594500e+001  1.184245e-004
 5.619250e+001  4.575956e-005
 5.644000e+001  6.860425e-005
 5.668750e+001  5.986910e-005
 5.693500e+001  7.231776e-005
 5.718250e+001  1.122302e-004
 5.743000e+001  1.466141e-004
 5.767750e+001  1.329964e-004
 5.792500e+001  7.947968e-005
 5.817250e+001  9.230169e-005
 5.842000e+001  6.970309e-005
 5.866750e+001  6.775930e-005
 5.891500e+001  7.673327e-005
 5.916250e+001  4.313790e-005
 5.941000e+001  5.438753e-005
 5.965750e+001  3.893518e-005
 5.990500e+001  4.333484e-005
 6.015250e+001  8.200991e-005
 6.040000e+001  1.018458e-004
 6.064750e+001  1.023284e-004
 6.089500e+001  9.326934e-005
 6.114250e+001  8.144435e-005
 6.139000e+001  7.377079e-005
 6.163750e+001  7.830036e-005
 6.188500e+001  8.276473e-005
 6.213250e+001  5.956692e-005
 6.238000e+001  8.819796e-005
 6.262750e+001  1.094611e-004
 6.287500e+001  9.278465e-005
 6.312250e+001  7.416307e-005
 6.337000e+001  8.145900e-005
 6.361750e+001  6.983101e-005
 6.386500e+001  8.454692e-005
 6.411250e+001  9.781070e-005
 6.436000e+001  1.085124e-004
 6.460750e+001  6.110041e-005
 6.485500e+001  6.142965e-005
 6.510250e+001  7.463714e-005
 6.535000e+001  9.233325e-005
 6.559750e+001  1.124084e-004
 6.584500e+001  9.929615e-005
 6.609250e+001  5.631905e-005
 6.634000e+001  5.681330e-005
 6.658750e+001  7.143351e-005
 6.683500e+001  5.957456e-005
 6.708250e+001  6.482229e-005
 6.733000e+001  9.854232e-005
 6.757750e+001  9.889422e-005
 6.782500e+001  9.945370e-005
 6.807250e+001  8.514375e-005
 6.832000e+001  1.033283e-004
 6.856750e+001  1.190803e-004
 6.881500e+001  1.027263e-004
 6.906250e+001  7.011850e-005
 6.931000e+001  7.277352e-005
 6.955750e+001  8.690839e-005
 6.980500e+001  5.581062e-005
 7.005250e+001  4.881910e-005
 7.030000e+001  7.290408e-005
 7.054750e+001  7.858378e-005
 7.079500e+001  7.034141e-005
 7.104250e+001  7.374730e-005
 7.129000e+001  6.836873e-005
 7.153750e+001  8.276108e-005
 7.178500e+001  9.924466e-005
 7.203250e+001  7.988140e-005
 7.228000e+001  7.506068e-005
 7.252750e+001  7.957223e-005
 7.277500e+001  5.931640e-005
 7.302250e+001  5.775038e-005
 7.327000e+001  5.799209e-005
 7.351750e+001  6.563853e-005
 7.376500e+001  6.841655e-005
 7.401250e+001  6.239961e-005
 7.426000e+001  8.608155e-005
 7.450750e+001  7.559827e-005
 7.475500e+001  5.203355e-005
 7.500250e+001  9.213164e-005
 7.525000e+001  1.142143e-004
 7.549750e+001  1.065811e-004
 7.574500e+001  3.941145e-005
 7.599250e+001  7.151236e-005
 7.624000e+001  9.930077e-005
 7.648750e+001  8.146729e-005
 7.673500e+001  6.506094e-005
 7.698250e+001  9.116420e-005
 7.723000e+001  4.247904e-005
 7.747750e+001  6.136325e-005
 7.772500e+001  7.764714e-005
 7.797250e+001  5.492516e-005
 7.822000e+001  1.021124e-004
 7.846750e+001  1.013911e-004
 7.871500e+001  6.513699e-005
 7.896250e+001  7.414070e-005
 7.921000e+001  3.971172e-005
 7.945750e+001  4.940333e-005
 7.970500e+001  7.387375e-005
 7.995250e+001  8.402526e-005
 8.020000e+001  6.162928e-005
 8.044750e+001  4.132709e-005
 8.069500e+001  4.948182e-005
 8.094250e+001  8.820115e-005
 8.119000e+001  6.670197e-005
 8.143750e+001  7.480081e-005
 8.168500e+001  9.024417e-005
 8.193250e+001  8.288767e-005
 8.218000e+001  6.357301e-005
 8.242750e+001  5.137920e-005
 8.267500e+001  6.533148e-005
 8.292250e+001  6.150029e-005
 8.317000e+001  6.057001e-005
 8.341750e+001  5.181898e-005
 8.366500e+001  5.472348e-005
 8.391250e+001  7.127657e-005
 8.416000e+001  6.884618e-005
 8.440750e+001  6.105808e-005
 8.465500e+001  5.454616e-005
 8.490250e+001  3.756555e-005
 8.515000e+001  4.155957e-005
 8.539750e+001  3.132293e-005
 8.564500e+001  4.379809e-005
 8.589250e+001  4.149715e-005
 8.614000e+001  4.089543e-005
 8.638750e+001  6.318745e-005
 8.663500e+001  6.212712e-005
 8.688250e+001  4.671011e-005
 8.713000e+001  2.800581e-005
 8.737750e+001  2.717862e-005
 8.762500e+001  3.738633e-005
 8.787250e+001  6.178284e-005
 8.812000e+001  8.825264e-005
 8.836750e+001  6.492435e-005
 8.861500e+001  5.163802e-005
 8.886250e+001  4.737503e-005
 8.911000e+001  5.018090e-005
 8.935750e+001  7.116702e-005
 8.960500e+001  6.843666e-005
 8.985250e+001  4.045413e-005
 9.010000e+001  5.767189e-005
 9.034750e+001  6.022963e-005
 9.059500e+001  6.877594e-005
 9.084250e+001  7.519062e-005
 9.109000e+001  8.156612e-005
 9.133750e+001  1.167532e-004
 9.158500e+001  6.507311e-005
 9.183250e+001  3.548731e-005
 9.208000e+001  3.599914e-005
 9.232750e+001  7.118610e-005
 9.257500e+001  6.481989e-005
 9.282250e+001  6.059340e-005
 9.307000e+001  7.485596e-005
 9.331750e+001  7.690669e-005
 9.356500e+001  7.782379e-005
 9.381250e+001  7.105243e-005
 9.406000e+001  6.867273e-005
 9.430750e+001  7.466308e-005
 9.455500e+001  6.001589e-005
 9.480250e+001  4.298404e-005
 9.505000e+001  5.218079e-005
 9.529750e+001  5.818176e-005
 9.554500e+001  4.285352e-005
 9.579250e+001  4.352914e-005
 9.604000e+001  3.589932e-005
 9.628750e+001  3.198565e-005
 9.653500e+001  3.068971e-005
 9.678250e+001  3.108809e-005
 9.703000e+001  4.029680e-005
 9.727750e+001  5.246989e-005
 9.752500e+001  6.924631e-005
 9.777250e+001  4.353308e-005
 9.802000e+001  5.400388e-005
 9.826750e+001  5.219019e-005
 9.851500e+001  7.493599e-005
 9.876250e+001  8.056735e-005
 9.901000e+001  5.848586e-005
 9.925750e+001  4.971697e-005
 9.950500e+001  5.608902e-005
 9.975250e+001  7.152611e-005
 1.000000e+002  2.208500e-004
