 1.000000e+000  1.326943e-004
 1.247500e+000  4.841922e-005
 1.495000e+000  8.187730e-005
 1.742500e+000  9.401542e-005
 1.990000e+000  4.957090e-005
 2.237500e+000  4.461655e-005
 2.485000e+000  6.579499e-005
 2.732500e+000  6.337897e-005
 2.980000e+000  5.145372e-005
 3.227500e+000  2.743214e-005
 3.475000e+000  2.816755e-005
 3.722500e+000  4.618063e-005
 3.970000e+000  4.286805e-005
 4.217500e+000  5.285581e-005
 4.465000e+000  3.882106e-005
 4.712500e+000  3.598280e-005
 4.960000e+000  3.681123e-005
 5.207500e+000  2.997094e-005
 5.455000e+000  4.286337e-005
 5.702500e+000  4.838873e-005
 5.950000e+000  4.042954e-005
 6.197500e+000  2.537403e-005
 6.445000e+000  3.434104e-005
 6.692500e+000  4.206960e-005
 6.940000e+000  3.068848e-005
 7.187500e+000  3.537924e-005
 7.435000e+000  2.369742e-005
 7.682500e+000  2.740790e-005
 7.930000e+000  2.927749e-005
 8.177500e+000  2.971867e-005
 8.425000e+000  2.783396e-005
 8.672500e+000  3.465100e-005
 8.920000e+000  3.735430e-005
 9.167500e+000  2.911309e-005
 9.415000e+000  1.632863e-005
 9.662500e+000  2.217576e-005
 9.910000e+000  3.128005e-005
 1.015750e+001  2.656105e-005
 1.040500e+001  2.638011e-005
 1.065250e+001  3.505570e-005
 1.090000e+001  2.764196e-005
 1.114750e+001  3.392706e-005
 1.139500e+001  3.223538e-005
 1.164250e+001  2.349138e-005
 1.189000e+001  2.089989e-005
 1.213750e+001  2.695720e-005
 1.238500e+001  2.737210e-005
 1.263250e+001  1.958434e-005
 1.288000e+001  2.022664e-005
 1.312750e+001  2.334107e-005
 1.337500e+001  2.149485e-005
 1.362250e+001  3.200159e-005
 1.387000e+001  2.726042e-005
 1.411750e+001  1.844274e-005
 1.436500e+001  1.713516e-005
 1.461250e+001  1.934846e-005
 1.486000e+001  2.696272e-005
 1.510750e+001  1.986703e-005
 1.535500e+001  2.133462e-005
 1.560250e+001  1.805001e-005
 1.585000e+001  8.411968e-006
 1.609750e+001  1.819199e-005
 1.634500e+001  2.286503e-005
 1.659250e+001  2.422366e-005
 1.684000e+001  1.451428e-005
 1.708750e+001  2.738906e-005
 1.733500e+001  2.820571e-005
 1.758250e+001  1.885332e-005
 1.783000e+001  2.387487e-005
 1.807750e+001  1.888203e-005
 1.832500e+001  1.945659e-005
 1.857250e+001  2.085297e-005
 1.882000e+001  3.169288e-005
 1.906750e+001  2.381230e-005
 1.931500e+001  1.560392e-005
 1.956250e+001  2.195018e-005
 1.981000e+001  3.036887e-005
 2.005750e+001  3.683786e-005
 2.030500e+001  1.695875e-005
 2.055250e+001  2.155653e-005
 2.080000e+001  1.844915e-005
 2.104750e+001  2.277595e-005
 2.129500e+001  1.941345e-005
 2.154250e+001  1.255066e-005
 2.179000e+001  1.662066e-005
 2.203750e+001  1.788006e-005
 2.228500e+001  2.629205e-005
 2.253250e+001  2.154557e-005
 2.278000e+001  1.512073e-005
 2.302750e+001  1.830736e-005
 2.327500e+001  1.371022e-005
 2.352250e+001  2.465784e-005
 2.377000e+001  2.231087e-005
 2.401750e+001  1.659797e-005
 2.426500e+001  1.883853e-005
 2.451250e+001  2.633438e-005
 2.476000e+001  2.082587e-005
 2.500750e+001  1.928299e-005
 2.525500e+001  2.226330e-005
 2.550250e+001  2.397090e-005
 2.575000e+001  2.572668e-005
 2.599750e+001  2.092614e-005
 2.624500e+001  2.272308e-005
 2.649250e+001  3.058079e-005
 2.674000e+001  2.478330e-005
 2.698750e+001  2.077140e-005
 2.723500e+001  2.118580e-005
 2.748250e+001  2.013309e-005
 2.773000e+001  1.888905e-005
 2.797750e+001  2.073163e-005
 2.822500e+001  1.725372e-005
 2.847250e+001  1.682796e-005
 2.872000e+001  1.998071e-005
 2.896750e+001  2.067631e-005
 2.921500e+001  1.561555e-005
 2.946250e+001  1.748298e-005
 2.971000e+001  2.209027e-005
 2.995750e+001  1.987668e-005
 3.020500e+001  2.058367e-005
 3.045250e+001  1.554056e-005
 3.070000e+001  1.949969e-005
 3.094750e+001  2.132458e-005
 3.119500e+001  2.007041e-005
 3.144250e+001  2.129089e-005
 3.169000e+001  2.114649e-005
 3.193750e+001  2.347061e-005
 3.218500e+001  1.993035e-005
 3.243250e+001  1.544132e-005
 3.268000e+001  2.173591e-005
 3.292750e+001  2.431354e-005
 3.317500e+001  2.854396e-005
 3.342250e+001  2.441914e-005
 3.367000e+001  1.498316e-005
 3.391750e+001  1.753148e-005
 3.416500e+001  2.694353e-005
 3.441250e+001  2.011036e-005
 3.466000e+001  1.861311e-005
 3.490750e+001  2.403194e-005
 3.515500e+001  1.927886e-005
 3.540250e+001  1.763908e-005
 3.565000e+001  8.526548e-006
 3.589750e+001  1.723075e-005
 3.614500e+001  2.750705e-005
 3.639250e+001  2.885824e-005
 3.664000e+001  2.356817e-005
 3.688750e+001  2.135394e-005
 3.713500e+001  2.091117e-005
 3.738250e+001  1.396104e-005
 3.763000e+001  1.073013e-005
 3.787750e+001  3.065706e-006
 3.812500e+001  7.981218e-006
 3.837250e+001  9.439923e-006
 3.862000e+001  1.093124e-005
 3.886750e+001  1.729396e-005
 3.911500e+001  1.780262e-005
 3.936250e+001  1.557297e-005
 3.961000e+001  1.911597e-005
 3.985750e+001  1.478000e-005
 4.010500e+001  1.522069e-005
 4.035250e+001  2.059430e-005
 4.060000e+001  2.473060e-005
 4.084750e+001  2.046000e-005
 4.109500e+001  1.825734e-005
 4.134250e+001  1.508360e-005
 4.159000e+001  1.924761e-005
 4.183750e+001  2.115731e-005
 4.208500e+001  1.721873e-005
 4.233250e+001  1.364122e-005
 4.258000e+001  1.277745e-005
 4.282750e+001  1.471740e-005
 4.307500e+001  1.792482e-005
 4.332250e+001  1.659107e-005
 4.357000e+001  1.301093e-005
 4.381750e+001  1.599373e-005
 4.406500e+001  2.608704e-005
 4.431250e+001  2.422651e-005
 4.456000e+001  1.717297e-005
 4.480750e+001  1.691153e-005
 4.505500e+001  1.955247e-005
 4.530250e+001  2.015570e-005
 4.555000e+001  2.221897e-005
 4.579750e+001  2.067470e-005
 4.604500e+001  1.926632e-005
 4.629250e+001  1.283634e-005
 4.654000e+001  1.458563e-005
 4.678750e+001  1.266930e-005
 4.703500e+001  2.150352e-005
 4.728250e+001  2.223236e-005
 4.753000e+001  1.994421e-005
 4.777750e+001  1.885637e-005
 4.802500e+001  2.155354e-005
 4.827250e+001  2.038359e-005
 4.852000e+001  1.358358e-005
 4.876750e+001  1.315560e-005
 4.901500e+001  1.013434e-005
 4.926250e+001  1.801372e-005
 4.951000e+001  1.878021e-005
 4.975750e+001  1.506235e-004
 5.000500e+001  3.302241e-004
 5.025250e+001  1.840422e-004
 5.050000e+001  1.240643e-005
 5.074750e+001  2.071853e-005
 5.099500e+001  2.088330e-005
 5.124250e+001  1.472666e-005
 5.149000e+001  1.437596e-005
 5.173750e+001  1.867807e-005
 5.198500e+001  1.845896e-005
 5.223250e+001  1.592812e-005
 5.248000e+001  1.622887e-005
 5.272750e+001  2.082788e-005
 5.297500e+001  1.515255e-005
 5.322250e+001  5.228522e-006
 5.347000e+001  1.544704e-005
 5.371750e+001  1.550508e-005
 5.396500e+001  1.264429e-005
 5.421250e+001  2.024572e-005
 5.446000e+001  2.744249e-005
 5.470750e+001  1.816515e-005
 5.495500e+001  1.203330e-005
 5.520250e+001  1.271239e-005
 5.545000e+001  1.624253e-005
 5.569750e+001  2.015714e-005
 5.594500e+001  1.919691e-005
 5.619250e+001  1.475405e-005
 5.644000e+001  1.388316e-005
 5.668750e+001  1.643682e-005
 5.693500e+001  1.712530e-005
 5.718250e+001  1.683121e-005
 5.743000e+001  1.920737e-005
 5.767750e+001  2.007592e-005
 5.792500e+001  9.994226e-006
 5.817250e+001  1.181895e-005
 5.842000e+001  1.370423e-005
 5.866750e+001  7.358172e-006
 5.891500e+001  8.041021e-006
 5.916250e+001  9.813532e-006
 5.941000e+001  1.276563e-005
 5.965750e+001  1.422243e-005
 5.990500e+001  1.973169e-005
 6.015250e+001  2.174398e-005
 6.040000e+001  1.364257e-005
 6.064750e+001  1.208706e-005
 6.089500e+001  1.981430e-005
 6.114250e+001  2.137957e-005
 6.139000e+001  1.786643e-005
 6.163750e+001  2.077106e-005
 6.188500e+001  1.685862e-005
 6.213250e+001  1.169075e-005
 6.238000e+001  1.107846e-005
 6.262750e+001  1.009261e-005
 6.287500e+001  7.613590e-006
 6.312250e+001  1.443438e-005
 6.337000e+001  1.424283e-005
 6.361750e+001  1.241330e-005
 6.386500e+001  1.332883e-005
 6.411250e+001  1.579065e-005
 6.436000e+001  1.205700e-005
 6.460750e+001  1.309767e-005
 6.485500e+001  1.895076e-005
 6.510250e+001  1.819591e-005
 6.535000e+001  1.980970e-005
 6.559750e+001  1.437106e-005
 6.584500e+001  1.437944e-005
 6.609250e+001  1.673383e-005
 6.634000e+001  1.199136e-005
 6.658750e+001  1.416495e-005
 6.683500e+001  1.718735e-005
 6.708250e+001  1.878502e-005
 6.733000e+001  1.610196e-005
 6.757750e+001  1.386247e-005
 6.782500e+001  1.264150e-005
 6.807250e+001  1.641713e-005
 6.832000e+001  1.903684e-005
 6.856750e+001  1.491587e-005
 6.881500e+001  1.389408e-005
 6.906250e+001  1.574379e-005
 6.931000e+001  1.551102e-005
 6.955750e+001  1.204011e-005
 6.980500e+001  1.015243e-005
 7.005250e+001  1.056824e-005
 7.030000e+001  1.544644e-005
 7.054750e+001  1.439240e-005
 7.079500e+001  8.518350e-006
 7.104250e+001  1.448173e-005
 7.129000e+001  1.771719e-005
 7.153750e+001  2.170102e-005
 7.178500e+001  2.081542e-005
 7.203250e+001  1.352935e-005
 7.228000e+001  1.349735e-005
 7.252750e+001  1.459116e-005
 7.277500e+001  1.105981e-005
 7.302250e+001  1.063974e-005
 7.327000e+001  1.465103e-005
 7.351750e+001  1.719556e-005
 7.376500e+001  1.742752e-005
 7.401250e+001  2.166683e-005
 7.426000e+001  1.598454e-005
 7.450750e+001  9.620782e-006
 7.475500e+001  1.217233e-005
 7.500250e+001  1.359037e-005
 7.525000e+001  1.932798e-005
 7.549750e+001  2.374614e-005
 7.574500e+001  1.426935e-005
 7.599250e+001  1.605881e-005
 7.624000e+001  1.515040e-005
 7.648750e+001  1.603233e-005
 7.673500e+001  2.184155e-005
 7.698250e+001  2.166424e-005
 7.723000e+001  2.043138e-005
 7.747750e+001  1.908249e-005
 7.772500e+001  1.776087e-005
 7.797250e+001  1.166103e-005
 7.822000e+001  2.102482e-005
 7.846750e+001  1.836773e-005
 7.871500e+001  1.361890e-005
 7.896250e+001  1.438893e-005
 7.921000e+001  8.767797e-006
 7.945750e+001  1.241310e-005
 7.970500e+001  1.539550e-005
 7.995250e+001  1.632066e-005
 8.020000e+001  1.413861e-005
 8.044750e+001  1.988551e-005
 8.069500e+001  1.727830e-005
 8.094250e+001  1.625537e-005
 8.119000e+001  9.802569e-006
 8.143750e+001  1.759961e-005
 8.168500e+001  1.306242e-005
 8.193250e+001  5.288873e-006
 8.218000e+001  1.072813e-005
 8.242750e+001  1.767704e-005
 8.267500e+001  1.704718e-005
 8.292250e+001  2.020141e-005
 8.317000e+001  1.420431e-005
 8.341750e+001  1.236403e-005
 8.366500e+001  1.564179e-005
 8.391250e+001  1.491401e-005
 8.416000e+001  1.400573e-005
 8.440750e+001  1.370932e-005
 8.465500e+001  1.369697e-005
 8.490250e+001  1.827264e-005
 8.515000e+001  1.540094e-005
 8.539750e+001  1.418492e-005
 8.564500e+001  1.341340e-005
 8.589250e+001  1.123054e-005
 8.614000e+001  9.663736e-006
 8.638750e+001  1.382896e-005
 8.663500e+001  1.334335e-005
 8.688250e+001  7.021976e-006
 8.713000e+001  8.319835e-006
 8.737750e+001  8.201998e-006
 8.762500e+001  7.617813e-006
 8.787250e+001  1.449689e-005
 8.812000e+001  1.738492e-005
 8.836750e+001  1.410515e-005
 8.861500e+001  1.362744e-005
 8.886250e+001  1.506123e-005
 8.911000e+001  1.663241e-005
 8.935750e+001  1.612524e-005
 8.960500e+001  1.536340e-005
 8.985250e+001  1.760891e-005
 9.010000e+001  1.557768e-005
 9.034750e+001  1.668855e-005
 9.059500e+001  1.056362e-005
 9.084250e+001  1.349047e-005
 9.109000e+001  1.221394e-005
 9.133750e+001  1.075076e-005
 9.158500e+001  1.002661e-005
 9.183250e+001  8.324736e-006
 9.208000e+001  1.026647e-005
 9.232750e+001  1.381380e-005
 9.257500e+001  2.230569e-005
 9.282250e+001  1.604743e-005
 9.307000e+001  1.772709e-005
 9.331750e+001  1.931797e-005
 9.356500e+001  1.553997e-005
 9.381250e+001  1.186983e-005
 9.406000e+001  9.217874e-006
 9.430750e+001  1.113318e-005
 9.455500e+001  1.501592e-005
 9.480250e+001  1.825095e-005
 9.505000e+001  1.817024e-005
 9.529750e+001  9.954503e-006
 9.554500e+001  1.163060e-005
 9.579250e+001  1.694602e-005
 9.604000e+001  1.186721e-005
 9.628750e+001  1.111896e-005
 9.653500e+001  1.336219e-005
 9.678250e+001  8.605465e-006
 9.703000e+001  9.766706e-006
 9.727750e+001  1.514850e-005
 9.752500e+001  1.860932e-005
 9.777250e+001  1.375890e-005
 9.802000e+001  1.428284e-005
 9.826750e+001  7.747097e-006
 9.851500e+001  1.010237e-005
 9.876250e+001  1.078966e-005
 9.901000e+001  1.329083e-005
 9.925750e+001  1.568620e-005
 9.950500e+001  1.901064e-005
 9.975250e+001  1.835317e-005
 1.000000e+002  2.132682e-005
