 1.000000e+000  1.071344e-002
 1.247500e+000  5.680700e-003
 1.495000e+000  6.090426e-003
 1.742500e+000  4.404624e-003
 1.990000e+000  4.789665e-003
 2.237500e+000  5.463392e-003
 2.485000e+000  5.989420e-003
 2.732500e+000  5.793959e-003
 2.980000e+000  4.750036e-003
 3.227500e+000  3.656932e-003
 3.475000e+000  4.583069e-003
 3.722500e+000  6.701712e-003
 3.970000e+000  6.489450e-003
 4.217500e+000  3.275042e-003
 4.465000e+000  2.120386e-003
 4.712500e+000  1.467682e-003
 4.960000e+000  3.209765e-003
 5.207500e+000  3.430014e-003
 5.455000e+000  2.874310e-003
 5.702500e+000  3.917685e-003
 5.950000e+000  3.168458e-003
 6.197500e+000  3.204982e-003
 6.445000e+000  2.760527e-003
 6.692500e+000  1.895259e-003
 6.940000e+000  2.427082e-003
 7.187500e+000  2.219091e-003
 7.435000e+000  2.155430e-003
 7.682500e+000  3.409109e-003
 7.930000e+000  3.850891e-003
 8.177500e+000  3.351894e-003
 8.425000e+000  3.087963e-003
 8.672500e+000  3.264906e-003
 8.920000e+000  3.196613e-003
 9.167500e+000  2.507356e-003
 9.415000e+000  2.261691e-003
 9.662500e+000  2.007179e-003
 9.910000e+000  1.802973e-003
 1.015750e+001  1.857488e-003
 1.040500e+001  2.194998e-003
 1.065250e+001  2.619018e-003
 1.090000e+001  2.230113e-003
 1.114750e+001  2.278589e-003
 1.139500e+001  2.897245e-003
 1.164250e+001  2.692285e-003
 1.189000e+001  2.969547e-003
 1.213750e+001  2.694417e-003
 1.238500e+001  1.244078e-003
 1.263250e+001  1.220395e-003
 1.288000e+001  2.028386e-003
 1.312750e+001  2.255097e-003
 1.337500e+001  2.057594e-003
 1.362250e+001  1.821815e-003
 1.387000e+001  1.235260e-003
 1.411750e+001  1.111109e-003
 1.436500e+001  1.988033e-003
 1.461250e+001  1.998004e-003
 1.486000e+001  1.906449e-003
 1.510750e+001  1.684680e-003
 1.535500e+001  2.042222e-003
 1.560250e+001  1.886261e-003
 1.585000e+001  1.850056e-003
 1.609750e+001  2.361892e-003
 1.634500e+001  1.439366e-003
 1.659250e+001  1.685811e-003
 1.684000e+001  1.849069e-003
 1.708750e+001  1.060207e-003
 1.733500e+001  1.421957e-003
 1.758250e+001  1.416057e-003
 1.783000e+001  1.282779e-003
 1.807750e+001  1.622748e-003
 1.832500e+001  1.865353e-003
 1.857250e+001  1.544677e-003
 1.882000e+001  2.173368e-003
 1.906750e+001  1.923493e-003
 1.931500e+001  1.693584e-003
 1.956250e+001  1.250002e-003
 1.981000e+001  1.038548e-003
 2.005750e+001  1.691568e-003
 2.030500e+001  2.251085e-003
 2.055250e+001  1.516842e-003
 2.080000e+001  1.331394e-003
 2.104750e+001  1.347613e-003
 2.129500e+001  5.700009e-004
 2.154250e+001  1.429895e-003
 2.179000e+001  1.473592e-003
 2.203750e+001  1.595026e-003
 2.228500e+001  1.409546e-003
 2.253250e+001  1.218040e-003
 2.278000e+001  1.786015e-003
 2.302750e+001  2.033675e-003
 2.327500e+001  1.646460e-003
 2.352250e+001  1.453170e-003
 2.377000e+001  2.242250e-003
 2.401750e+001  1.873828e-003
 2.426500e+001  1.233233e-003
 2.451250e+001  4.987940e-004
 2.476000e+001  1.814266e-003
 2.500750e+001  1.591582e-003
 2.525500e+001  1.061932e-003
 2.550250e+001  1.101435e-003
 2.575000e+001  3.857893e-004
 2.599750e+001  1.095333e-003
 2.624500e+001  1.570317e-003
 2.649250e+001  1.195751e-003
 2.674000e+001  1.086493e-003
 2.698750e+001  1.088081e-003
 2.723500e+001  1.584363e-003
 2.748250e+001  1.958244e-003
 2.773000e+001  1.997489e-003
 2.797750e+001  1.155265e-003
 2.822500e+001  8.575213e-004
 2.847250e+001  6.312094e-004
 2.872000e+001  5.831241e-004
 2.896750e+001  9.022767e-004
 2.921500e+001  1.281992e-003
 2.946250e+001  1.675907e-003
 2.971000e+001  1.647661e-003
 2.995750e+001  1.800888e-003
 3.020500e+001  1.525085e-003
 3.045250e+001  1.006082e-003
 3.070000e+001  1.795204e-003
 3.094750e+001  1.955024e-003
 3.119500e+001  1.927907e-003
 3.144250e+001  2.056983e-003
 3.169000e+001  2.001816e-003
 3.193750e+001  9.906226e-004
 3.218500e+001  5.373025e-004
 3.243250e+001  1.084830e-003
 3.268000e+001  1.501653e-003
 3.292750e+001  1.184107e-003
 3.317500e+001  1.641892e-003
 3.342250e+001  1.284930e-003
 3.367000e+001  1.552416e-003
 3.391750e+001  1.489210e-003
 3.416500e+001  1.070217e-003
 3.441250e+001  1.322957e-003
 3.466000e+001  2.122855e-003
 3.490750e+001  1.898173e-003
 3.515500e+001  1.030151e-003
 3.540250e+001  8.747662e-004
 3.565000e+001  1.669800e-003
 3.589750e+001  1.754575e-003
 3.614500e+001  8.178429e-004
 3.639250e+001  8.077995e-004
 3.664000e+001  1.135948e-003
 3.688750e+001  8.463381e-004
 3.713500e+001  1.077590e-003
 3.738250e+001  1.228690e-003
 3.763000e+001  1.105853e-003
 3.787750e+001  1.363978e-003
 3.812500e+001  1.127741e-003
 3.837250e+001  9.793408e-004
 3.862000e+001  1.021237e-003
 3.886750e+001  1.335918e-003
 3.911500e+001  9.652846e-004
 3.936250e+001  1.637833e-003
 3.961000e+001  1.650276e-003
 3.985750e+001  1.056221e-003
 4.010500e+001  1.571933e-003
 4.035250e+001  1.291771e-003
 4.060000e+001  3.260186e-004
 4.084750e+001  1.528647e-003
 4.109500e+001  1.975152e-003
 4.134250e+001  1.555897e-003
 4.159000e+001  1.085610e-003
 4.183750e+001  1.190861e-003
 4.208500e+001  1.280892e-003
 4.233250e+001  1.074079e-003
 4.258000e+001  1.276094e-003
 4.282750e+001  1.089752e-003
 4.307500e+001  1.029557e-003
 4.332250e+001  9.278998e-004
 4.357000e+001  1.094771e-003
 4.381750e+001  8.338895e-004
 4.406500e+001  1.400906e-003
 4.431250e+001  5.065012e-004
 4.456000e+001  7.304517e-004
 4.480750e+001  7.980134e-004
 4.505500e+001  9.227617e-004
 4.530250e+001  9.912005e-004
 4.555000e+001  8.987990e-004
 4.579750e+001  8.409483e-004
 4.604500e+001  1.535538e-003
 4.629250e+001  1.409072e-003
 4.654000e+001  1.155299e-003
 4.678750e+001  9.463212e-004
 4.703500e+001  1.177147e-003
 4.728250e+001  9.790209e-004
 4.753000e+001  1.114552e-003
 4.777750e+001  9.682260e-004
 4.802500e+001  7.907700e-004
 4.827250e+001  1.012153e-003
 4.852000e+001  5.313379e-004
 4.876750e+001  1.231370e-003
 4.901500e+001  9.710632e-004
 4.926250e+001  7.619260e-004
 4.951000e+001  9.111887e-004
 4.975750e+001  6.919577e-003
 5.000500e+001  1.446462e-002
 5.025250e+001  7.728698e-003
 5.050000e+001  8.777626e-004
 5.074750e+001  5.981688e-004
 5.099500e+001  4.954094e-004
 5.124250e+001  1.080215e-003
 5.149000e+001  1.424562e-003
 5.173750e+001  1.349015e-003
 5.198500e+001  1.227828e-003
 5.223250e+001  6.581232e-004
 5.248000e+001  3.634696e-004
 5.272750e+001  7.624735e-004
 5.297500e+001  8.476933e-004
 5.322250e+001  1.458442e-003
 5.347000e+001  1.191525e-003
 5.371750e+001  9.493129e-004
 5.396500e+001  1.172275e-003
 5.421250e+001  8.886020e-004
 5.446000e+001  8.758182e-004
 5.470750e+001  1.301896e-003
 5.495500e+001  1.328589e-003
 5.520250e+001  1.723862e-003
 5.545000e+001  1.385400e-003
 5.569750e+001  1.197113e-003
 5.594500e+001  8.067512e-004
 5.619250e+001  8.113731e-004
 5.644000e+001  9.893676e-004
 5.668750e+001  1.098487e-003
 5.693500e+001  1.290558e-003
 5.718250e+001  1.072572e-003
 5.743000e+001  1.076606e-003
 5.767750e+001  1.141999e-003
 5.792500e+001  8.745967e-004
 5.817250e+001  1.606081e-003
 5.842000e+001  1.493978e-003
 5.866750e+001  7.033444e-004
 5.891500e+001  7.972405e-004
 5.916250e+001  1.032286e-003
 5.941000e+001  9.374609e-004
 5.965750e+001  1.348698e-003
 5.990500e+001  1.262196e-003
 6.015250e+001  1.076380e-003
 6.040000e+001  8.877978e-004
 6.064750e+001  8.605007e-004
 6.089500e+001  8.757865e-004
 6.114250e+001  1.078105e-003
 6.139000e+001  1.412984e-003
 6.163750e+001  1.547583e-003
 6.188500e+001  1.155666e-003
 6.213250e+001  1.147124e-003
 6.238000e+001  1.278596e-003
 6.262750e+001  7.896037e-004
 6.287500e+001  5.511509e-004
 6.312250e+001  1.016159e-003
 6.337000e+001  1.056096e-003
 6.361750e+001  4.790789e-004
 6.386500e+001  6.647615e-004
 6.411250e+001  7.796357e-004
 6.436000e+001  9.970084e-004
 6.460750e+001  1.248826e-003
 6.485500e+001  8.715288e-004
 6.510250e+001  8.646975e-004
 6.535000e+001  1.160650e-003
 6.559750e+001  1.269089e-003
 6.584500e+001  1.238687e-003
 6.609250e+001  8.581055e-004
 6.634000e+001  1.102570e-003
 6.658750e+001  9.357548e-004
 6.683500e+001  5.485535e-004
 6.708250e+001  6.975602e-004
 6.733000e+001  6.751166e-004
 6.757750e+001  4.352604e-004
 6.782500e+001  8.920610e-004
 6.807250e+001  1.132863e-003
 6.832000e+001  7.121742e-004
 6.856750e+001  5.534586e-004
 6.881500e+001  1.074018e-003
 6.906250e+001  1.158658e-003
 6.931000e+001  1.506251e-003
 6.955750e+001  1.507833e-003
 6.980500e+001  6.858092e-004
 7.005250e+001  1.047158e-003
 7.030000e+001  1.041330e-003
 7.054750e+001  6.125378e-004
 7.079500e+001  9.912405e-004
 7.104250e+001  1.100729e-003
 7.129000e+001  8.217191e-004
 7.153750e+001  8.762493e-004
 7.178500e+001  8.071409e-004
 7.203250e+001  8.264861e-004
 7.228000e+001  1.141348e-003
 7.252750e+001  6.599137e-004
 7.277500e+001  3.953031e-004
 7.302250e+001  3.169311e-004
 7.327000e+001  9.594763e-004
 7.351750e+001  1.506629e-003
 7.376500e+001  8.868902e-004
 7.401250e+001  1.149484e-003
 7.426000e+001  1.286422e-003
 7.450750e+001  8.675096e-004
 7.475500e+001  9.314250e-004
 7.500250e+001  1.129590e-003
 7.525000e+001  1.308455e-003
 7.549750e+001  1.505829e-003
 7.574500e+001  1.183674e-003
 7.599250e+001  8.840693e-004
 7.624000e+001  8.152295e-004
 7.648750e+001  9.843799e-004
 7.673500e+001  1.231271e-003
 7.698250e+001  1.151872e-003
 7.723000e+001  1.067312e-003
 7.747750e+001  8.535487e-004
 7.772500e+001  5.019647e-004
 7.797250e+001  6.355059e-004
 7.822000e+001  8.277249e-004
 7.846750e+001  1.191372e-003
 7.871500e+001  6.792897e-004
 7.896250e+001  4.823153e-004
 7.921000e+001  6.800459e-004
 7.945750e+001  4.520404e-004
 7.970500e+001  6.266809e-004
 7.995250e+001  9.073760e-004
 8.020000e+001  1.200450e-003
 8.044750e+001  8.458972e-004
 8.069500e+001  7.260683e-004
 8.094250e+001  6.202186e-004
 8.119000e+001  9.118024e-004
 8.143750e+001  1.073691e-003
 8.168500e+001  4.944572e-004
 8.193250e+001  8.170037e-004
 8.218000e+001  1.081453e-003
 8.242750e+001  9.021196e-004
 8.267500e+001  5.746007e-004
 8.292250e+001  1.094674e-003
 8.317000e+001  1.106108e-003
 8.341750e+001  1.091065e-003
 8.366500e+001  8.238993e-004
 8.391250e+001  8.979833e-004
 8.416000e+001  1.112185e-003
 8.440750e+001  1.363391e-003
 8.465500e+001  9.535532e-004
 8.490250e+001  3.581766e-004
 8.515000e+001  6.349120e-004
 8.539750e+001  1.034607e-003
 8.564500e+001  1.197296e-003
 8.589250e+001  1.009294e-003
 8.614000e+001  1.018757e-003
 8.638750e+001  1.082313e-003
 8.663500e+001  7.941362e-004
 8.688250e+001  1.286319e-003
 8.713000e+001  8.934351e-004
 8.737750e+001  4.072592e-004
 8.762500e+001  4.163419e-004
 8.787250e+001  8.150784e-004
 8.812000e+001  9.808174e-004
 8.836750e+001  8.695086e-004
 8.861500e+001  8.072981e-004
 8.886250e+001  5.234283e-004
 8.911000e+001  6.817431e-004
 8.935750e+001  1.136011e-003
 8.960500e+001  6.241272e-004
 8.985250e+001  4.338596e-004
 9.010000e+001  8.931805e-004
 9.034750e+001  8.407928e-004
 9.059500e+001  7.413050e-004
 9.084250e+001  7.851320e-004
 9.109000e+001  6.404352e-004
 9.133750e+001  8.267705e-004
 9.158500e+001  9.527204e-004
 9.183250e+001  4.729202e-004
 9.208000e+001  8.266381e-004
 9.232750e+001  4.760535e-004
 9.257500e+001  4.942118e-004
 9.282250e+001  4.431968e-004
 9.307000e+001  3.651863e-004
 9.331750e+001  4.482296e-004
 9.356500e+001  6.936318e-004
 9.381250e+001  7.012073e-004
 9.406000e+001  5.501660e-004
 9.430750e+001  3.933369e-004
 9.455500e+001  5.881248e-004
 9.480250e+001  3.203050e-004
 9.505000e+001  4.838822e-004
 9.529750e+001  7.977990e-004
 9.554500e+001  1.043996e-003
 9.579250e+001  8.699536e-004
 9.604000e+001  4.432020e-004
 9.628750e+001  6.781190e-004
 9.653500e+001  8.673120e-004
 9.678250e+001  5.373519e-004
 9.703000e+001  4.988048e-004
 9.727750e+001  3.338038e-004
 9.752500e+001  6.907970e-004
 9.777250e+001  9.384257e-004
 9.802000e+001  9.027555e-004
 9.826750e+001  7.512142e-004
 9.851500e+001  4.480763e-004
 9.876250e+001  4.990740e-004
 9.901000e+001  7.767436e-004
 9.925750e+001  7.802350e-004
 9.950500e+001  6.017371e-004
 9.975250e+001  1.010112e-003
 1.000000e+002  1.182284e-003
