 1.000000e+001  2.723523e-004
 1.061875e+001  2.541946e-004
 1.123750e+001  1.834760e-004
 1.185625e+001  2.080392e-004
 1.247500e+001  2.018977e-004
 1.309375e+001  2.513942e-004
 1.371250e+001  2.287959e-004
 1.433125e+001  1.937594e-004
 1.495000e+001  1.971100e-004
 1.556875e+001  1.993206e-004
 1.618750e+001  1.707723e-004
 1.680625e+001  2.055071e-004
 1.742500e+001  1.923351e-004
 1.804375e+001  1.242522e-004
 1.866250e+001  1.559184e-004
 1.928125e+001  1.946308e-004
 1.990000e+001  2.274906e-004
 2.051875e+001  1.944478e-004
 2.113750e+001  1.885893e-004
 2.175625e+001  1.643054e-004
 2.237500e+001  1.328679e-004
 2.299375e+001  1.101485e-004
 2.361250e+001  1.499103e-004
 2.423125e+001  1.875321e-004
 2.485000e+001  1.726021e-004
 2.546875e+001  1.452604e-004
 2.608750e+001  1.476365e-004
 2.670625e+001  1.628032e-004
 2.732500e+001  1.684623e-004
 2.794375e+001  1.284906e-004
 2.856250e+001  1.372588e-004
 2.918125e+001  1.332579e-004
 2.980000e+001  1.295545e-004
 3.041875e+001  1.506310e-004
 3.103750e+001  1.258085e-004
 3.165625e+001  1.309097e-004
 3.227500e+001  1.404246e-004
 3.289375e+001  1.259428e-004
 3.351250e+001  1.194391e-004
 3.413125e+001  1.506825e-004
 3.475000e+001  1.390393e-004
 3.536875e+001  1.068325e-004
 3.598750e+001  1.156091e-004
 3.660625e+001  1.222944e-004
 3.722500e+001  1.274792e-004
 3.784375e+001  1.051086e-004
 3.846250e+001  9.722315e-005
 3.908125e+001  1.054509e-004
 3.970000e+001  1.183105e-004
 4.031875e+001  8.613484e-005
 4.093750e+001  1.001201e-004
 4.155625e+001  9.993288e-005
 4.217500e+001  1.254199e-004
 4.279375e+001  1.550623e-004
 4.341250e+001  1.319805e-004
 4.403125e+001  1.215430e-004
 4.465000e+001  1.127398e-004
 4.526875e+001  1.174966e-004
 4.588750e+001  1.066647e-004
 4.650625e+001  1.167468e-004
 4.712500e+001  1.310101e-004
 4.774375e+001  1.420326e-004
 4.836250e+001  1.951308e-004
 4.898125e+001  9.111666e-004
 4.960000e+001  6.897669e-003
 5.021875e+001  8.419412e-003
 5.083750e+001  2.345228e-003
 5.145625e+001  2.309152e-004
 5.207500e+001  1.347408e-004
 5.269375e+001  1.079489e-004
 5.331250e+001  9.731101e-005
 5.393125e+001  9.705830e-005
 5.455000e+001  7.653780e-005
 5.516875e+001  8.078356e-005
 5.578750e+001  9.811279e-005
 5.640625e+001  1.226880e-004
 5.702500e+001  1.000782e-004
 5.764375e+001  6.873976e-005
 5.826250e+001  8.245567e-005
 5.888125e+001  9.291291e-005
 5.950000e+001  8.702691e-005
 6.011875e+001  1.027094e-004
 6.073750e+001  1.108240e-004
 6.135625e+001  8.575894e-005
 6.197500e+001  7.886298e-005
 6.259375e+001  9.404728e-005
 6.321250e+001  7.564792e-005
 6.383125e+001  7.742945e-005
 6.445000e+001  9.448278e-005
 6.506875e+001  7.785370e-005
 6.568750e+001  6.222730e-005
 6.630625e+001  7.193054e-005
 6.692500e+001  9.313291e-005
 6.754375e+001  8.471066e-005
 6.816250e+001  6.580194e-005
 6.878125e+001  7.308307e-005
 6.940000e+001  6.138676e-005
 7.001875e+001  6.564165e-005
 7.063750e+001  6.360209e-005
 7.125625e+001  7.400829e-005
 7.187500e+001  6.770033e-005
 7.249375e+001  6.843353e-005
 7.311250e+001  6.802567e-005
 7.373125e+001  7.510484e-005
 7.435000e+001  6.690452e-005
 7.496875e+001  1.011300e-004
 7.558750e+001  1.364170e-004
 7.620625e+001  8.152641e-005
 7.682500e+001  5.460282e-005
 7.744375e+001  5.892340e-005
 7.806250e+001  7.559096e-005
 7.868125e+001  7.947201e-005
 7.930000e+001  7.755651e-005
 7.991875e+001  9.835930e-005
 8.053750e+001  6.841689e-005
 8.115625e+001  6.924716e-005
 8.177500e+001  7.472687e-005
 8.239375e+001  6.737063e-005
 8.301250e+001  5.709896e-005
 8.363125e+001  4.618271e-005
 8.425000e+001  5.706557e-005
 8.486875e+001  6.829191e-005
 8.548750e+001  7.513619e-005
 8.610625e+001  6.890380e-005
 8.672500e+001  6.180459e-005
 8.734375e+001  5.534393e-005
 8.796250e+001  5.381975e-005
 8.858125e+001  5.851839e-005
 8.920000e+001  5.881962e-005
 8.981875e+001  6.537407e-005
 9.043750e+001  6.319925e-005
 9.105625e+001  6.006180e-005
 9.167500e+001  9.787868e-005
 9.229375e+001  8.746988e-005
 9.291250e+001  6.006069e-005
 9.353125e+001  4.627619e-005
 9.415000e+001  6.460528e-005
 9.476875e+001  6.321614e-005
 9.538750e+001  5.016279e-005
 9.600625e+001  4.008680e-005
 9.662500e+001  4.510759e-005
 9.724375e+001  4.966748e-005
 9.786250e+001  5.306607e-005
 9.848125e+001  5.350612e-005
 9.910000e+001  1.327326e-004
 9.971875e+001  5.330895e-004
 1.003375e+002  4.944384e-004
 1.009563e+002  1.010960e-004
 1.015750e+002  5.667132e-005
 1.021938e+002  4.148284e-005
 1.028125e+002  4.706078e-005
 1.034313e+002  4.465344e-005
 1.040500e+002  4.326963e-005
 1.046688e+002  6.534423e-005
 1.052875e+002  5.925600e-005
 1.059063e+002  5.316086e-005
 1.065250e+002  4.756282e-005
 1.071438e+002  4.852768e-005
 1.077625e+002  5.122726e-005
 1.083813e+002  5.460502e-005
 1.090000e+002  4.220441e-005
 1.096188e+002  4.056599e-005
 1.102375e+002  5.433757e-005
 1.108563e+002  5.064933e-005
 1.114750e+002  3.891465e-005
 1.120938e+002  4.465168e-005
 1.127125e+002  3.833779e-005
 1.133313e+002  3.809547e-005
 1.139500e+002  5.065755e-005
 1.145688e+002  5.233563e-005
 1.151875e+002  5.461332e-005
 1.158063e+002  4.930146e-005
 1.164250e+002  4.275286e-005
 1.170438e+002  5.078675e-005
 1.176625e+002  5.145298e-005
 1.182813e+002  4.893586e-005
 1.189000e+002  4.579880e-005
 1.195188e+002  4.567685e-005
 1.201375e+002  3.383910e-005
 1.207563e+002  3.707246e-005
 1.213750e+002  3.830986e-005
 1.219938e+002  4.163401e-005
 1.226125e+002  4.454590e-005
 1.232313e+002  3.619802e-005
 1.238500e+002  3.661220e-005
 1.244688e+002  3.762306e-005
 1.250875e+002  4.184271e-005
 1.257063e+002  4.815896e-005
 1.263250e+002  5.180083e-005
 1.269438e+002  4.429806e-005
 1.275625e+002  3.391185e-005
 1.281813e+002  3.778967e-005
 1.288000e+002  3.346267e-005
 1.294188e+002  3.512008e-005
 1.300375e+002  4.268027e-005
 1.306563e+002  4.089658e-005
 1.312750e+002  3.355393e-005
 1.318938e+002  3.605577e-005
 1.325125e+002  3.997132e-005
 1.331313e+002  3.217273e-005
 1.337500e+002  3.988988e-005
 1.343688e+002  3.175874e-005
 1.349875e+002  3.824681e-005
 1.356063e+002  4.661297e-005
 1.362250e+002  4.720669e-005
 1.368438e+002  4.262679e-005
 1.374625e+002  3.910967e-005
 1.380813e+002  3.221272e-005
 1.387000e+002  3.697711e-005
 1.393188e+002  3.619381e-005
 1.399375e+002  3.146203e-005
 1.405563e+002  3.218656e-005
 1.411750e+002  3.363772e-005
 1.417938e+002  3.755066e-005
 1.424125e+002  3.400669e-005
 1.430313e+002  3.780434e-005
 1.436500e+002  3.524403e-005
 1.442688e+002  2.825023e-005
 1.448875e+002  3.838990e-005
 1.455063e+002  4.181637e-005
 1.461250e+002  3.879520e-005
 1.467438e+002  4.194999e-005
 1.473625e+002  4.091750e-005
 1.479813e+002  6.450858e-005
 1.486000e+002  1.546590e-004
 1.492188e+002  1.893873e-003
 1.498375e+002  5.876509e-003
 1.504563e+002  4.313810e-003
 1.510750e+002  4.289738e-004
 1.516938e+002  9.331994e-005
 1.523125e+002  3.506883e-005
 1.529313e+002  3.502217e-005
 1.535500e+002  3.685990e-005
 1.541688e+002  3.226993e-005
 1.547875e+002  3.728150e-005
 1.554063e+002  3.639995e-005
 1.560250e+002  3.359601e-005
 1.566438e+002  3.958549e-005
 1.572625e+002  3.202775e-005
 1.578813e+002  2.836859e-005
 1.585000e+002  3.619899e-005
 1.591188e+002  3.863618e-005
 1.597375e+002  2.814298e-005
 1.603563e+002  2.768194e-005
 1.609750e+002  2.226102e-005
 1.615938e+002  2.646016e-005
 1.622125e+002  2.810215e-005
 1.628313e+002  3.611312e-005
 1.634500e+002  2.811392e-005
 1.640688e+002  2.873755e-005
 1.646875e+002  3.069584e-005
 1.653063e+002  3.107701e-005
 1.659250e+002  3.100142e-005
 1.665438e+002  3.029234e-005
 1.671625e+002  2.504344e-005
 1.677813e+002  3.036066e-005
 1.684000e+002  2.761157e-005
 1.690188e+002  2.273220e-005
 1.696375e+002  2.554937e-005
 1.702563e+002  2.610210e-005
 1.708750e+002  2.551419e-005
 1.714938e+002  3.040656e-005
 1.721125e+002  2.864408e-005
 1.727313e+002  2.849571e-005
 1.733500e+002  3.332299e-005
 1.739688e+002  3.334607e-005
 1.745875e+002  3.159203e-005
 1.752063e+002  2.774056e-005
 1.758250e+002  3.459170e-005
 1.764438e+002  2.873948e-005
 1.770625e+002  3.034709e-005
 1.776813e+002  3.155515e-005
 1.783000e+002  2.875824e-005
 1.789188e+002  2.659687e-005
 1.795375e+002  3.103645e-005
 1.801563e+002  2.777895e-005
 1.807750e+002  2.218586e-005
 1.813938e+002  2.537388e-005
 1.820125e+002  3.204060e-005
 1.826313e+002  3.087861e-005
 1.832500e+002  2.829779e-005
 1.838688e+002  2.538446e-005
 1.844875e+002  3.068531e-005
 1.851063e+002  3.157395e-005
 1.857250e+002  2.840842e-005
 1.863438e+002  2.880731e-005
 1.869625e+002  2.744613e-005
 1.875813e+002  2.799842e-005
 1.882000e+002  3.194881e-005
 1.888188e+002  2.673946e-005
 1.894375e+002  2.494136e-005
 1.900563e+002  2.477601e-005
 1.906750e+002  2.463080e-005
 1.912938e+002  3.300354e-005
 1.919125e+002  3.183678e-005
 1.925313e+002  2.164832e-005
 1.931500e+002  2.557720e-005
 1.937688e+002  2.271555e-005
 1.943875e+002  2.222075e-005
 1.950063e+002  2.418145e-005
 1.956250e+002  2.583003e-005
 1.962438e+002  2.462548e-005
 1.968625e+002  2.852478e-005
 1.974813e+002  3.173547e-005
 1.981000e+002  2.961158e-005
 1.987188e+002  2.051994e-005
 1.993375e+002  1.430942e-004
 1.999563e+002  3.208456e-004
 2.005750e+002  1.902035e-004
 2.011938e+002  3.046189e-005
 2.018125e+002  2.775054e-005
 2.024313e+002  2.567367e-005
 2.030500e+002  2.409551e-005
 2.036688e+002  2.502194e-005
 2.042875e+002  2.604514e-005
 2.049063e+002  2.831019e-005
 2.055250e+002  2.184786e-005
 2.061438e+002  3.030042e-005
 2.067625e+002  2.924571e-005
 2.073813e+002  2.494207e-005
 2.080000e+002  2.219685e-005
 2.086188e+002  2.281107e-005
 2.092375e+002  2.486794e-005
 2.098563e+002  2.461569e-005
 2.104750e+002  2.536457e-005
 2.110938e+002  2.344249e-005
 2.117125e+002  2.518010e-005
 2.123313e+002  2.762800e-005
 2.129500e+002  2.288802e-005
 2.135688e+002  2.270664e-005
 2.141875e+002  2.371640e-005
 2.148063e+002  1.964905e-005
 2.154250e+002  1.848854e-005
 2.160438e+002  2.287129e-005
 2.166625e+002  1.820817e-005
 2.172813e+002  2.552364e-005
 2.179000e+002  2.119585e-005
 2.185188e+002  2.455126e-005
 2.191375e+002  2.324727e-005
 2.197563e+002  2.519214e-005
 2.203750e+002  2.948787e-005
 2.209938e+002  2.593448e-005
 2.216125e+002  2.458431e-005
 2.222313e+002  2.901772e-005
 2.228500e+002  2.811920e-005
 2.234688e+002  2.309821e-005
 2.240875e+002  1.893605e-005
 2.247063e+002  1.980618e-005
 2.253250e+002  1.994963e-005
 2.259438e+002  2.797788e-005
 2.265625e+002  2.950811e-005
 2.271813e+002  2.578938e-005
 2.278000e+002  2.481768e-005
 2.284188e+002  1.994187e-005
 2.290375e+002  1.880075e-005
 2.296563e+002  2.088614e-005
 2.302750e+002  2.285094e-005
 2.308938e+002  2.891896e-005
 2.315125e+002  3.220598e-005
 2.321313e+002  2.220804e-005
 2.327500e+002  1.831328e-005
 2.333688e+002  2.012987e-005
 2.339875e+002  2.081296e-005
 2.346063e+002  2.150413e-005
 2.352250e+002  2.455375e-005
 2.358438e+002  2.505994e-005
 2.364625e+002  2.624120e-005
 2.370813e+002  2.694174e-005
 2.377000e+002  2.165369e-005
 2.383188e+002  1.518235e-005
 2.389375e+002  2.158863e-005
 2.395563e+002  2.937267e-005
 2.401750e+002  2.968413e-005
 2.407938e+002  2.743214e-005
 2.414125e+002  1.903789e-005
 2.420313e+002  1.841642e-005
 2.426500e+002  2.206915e-005
 2.432688e+002  2.291350e-005
 2.438875e+002  2.163577e-005
 2.445063e+002  2.159301e-005
 2.451250e+002  1.974961e-005
 2.457438e+002  1.904249e-005
 2.463625e+002  1.905087e-005
 2.469813e+002  2.199914e-005
 2.476000e+002  2.390835e-005
 2.482188e+002  2.003048e-005
 2.488375e+002  3.395745e-005
 2.494563e+002  6.725205e-004
 2.500750e+002  1.147705e-003
 2.506938e+002  4.805675e-004
 2.513125e+002  3.759130e-005
 2.519313e+002  2.862801e-005
 2.525500e+002  2.213648e-005
 2.531688e+002  2.501687e-005
 2.537875e+002  2.420172e-005
 2.544063e+002  2.065385e-005
 2.550250e+002  2.064011e-005
 2.556438e+002  2.061560e-005
 2.562625e+002  2.329768e-005
 2.568813e+002  2.134834e-005
 2.575000e+002  1.893835e-005
 2.581188e+002  2.553482e-005
 2.587375e+002  2.968914e-005
 2.593563e+002  2.970223e-005
 2.599750e+002  2.340152e-005
 2.605938e+002  2.418153e-005
 2.612125e+002  3.235316e-005
 2.618313e+002  2.854440e-005
 2.624500e+002  2.772463e-005
 2.630688e+002  2.708509e-005
 2.636875e+002  2.218696e-005
 2.643063e+002  2.353667e-005
 2.649250e+002  2.299444e-005
 2.655438e+002  2.153270e-005
 2.661625e+002  2.419834e-005
 2.667813e+002  2.541896e-005
 2.674000e+002  3.181124e-005
 2.680188e+002  2.852026e-005
 2.686375e+002  2.378477e-005
 2.692563e+002  2.466104e-005
 2.698750e+002  2.180003e-005
 2.704938e+002  2.304286e-005
 2.711125e+002  2.216972e-005
 2.717313e+002  2.229024e-005
 2.723500e+002  2.134169e-005
 2.729688e+002  1.983530e-005
 2.735875e+002  2.424566e-005
 2.742063e+002  3.065312e-005
 2.748250e+002  2.682683e-005
 2.754438e+002  2.032163e-005
 2.760625e+002  2.708219e-005
 2.766813e+002  2.568415e-005
 2.773000e+002  2.446762e-005
 2.779188e+002  2.391426e-005
 2.785375e+002  2.393740e-005
 2.791563e+002  2.026626e-005
 2.797750e+002  1.538191e-005
 2.803938e+002  2.214872e-005
 2.810125e+002  2.238344e-005
 2.816313e+002  1.930527e-005
 2.822500e+002  2.269956e-005
 2.828688e+002  2.583492e-005
 2.834875e+002  2.215451e-005
 2.841063e+002  2.071244e-005
 2.847250e+002  2.580367e-005
 2.853438e+002  2.694901e-005
 2.859625e+002  2.234336e-005
 2.865813e+002  1.701018e-005
 2.872000e+002  1.955354e-005
 2.878188e+002  2.254335e-005
 2.884375e+002  2.428950e-005
 2.890563e+002  2.365603e-005
 2.896750e+002  2.085417e-005
 2.902938e+002  2.669797e-005
 2.909125e+002  2.550651e-005
 2.915313e+002  2.784476e-005
 2.921500e+002  2.782104e-005
 2.927688e+002  2.852993e-005
 2.933875e+002  2.670500e-005
 2.940063e+002  2.571491e-005
 2.946250e+002  2.366485e-005
 2.952438e+002  2.049027e-005
 2.958625e+002  2.005288e-005
 2.964813e+002  2.294934e-005
 2.971000e+002  2.007314e-005
 2.977188e+002  2.053779e-005
 2.983375e+002  2.451596e-005
 2.989563e+002  2.915628e-005
 2.995750e+002  2.256242e-004
 3.001938e+002  2.995125e-004
 3.008125e+002  9.722472e-005
 3.014313e+002  2.697094e-005
 3.020500e+002  2.658409e-005
 3.026688e+002  2.266381e-005
 3.032875e+002  2.305206e-005
 3.039063e+002  2.463568e-005
 3.045250e+002  2.024966e-005
 3.051438e+002  1.821196e-005
 3.057625e+002  1.935824e-005
 3.063813e+002  2.486723e-005
 3.070000e+002  2.422288e-005
 3.076188e+002  1.868988e-005
 3.082375e+002  2.424210e-005
 3.088563e+002  2.502447e-005
 3.094750e+002  2.575274e-005
 3.100938e+002  1.853817e-005
 3.107125e+002  1.945105e-005
 3.113313e+002  1.901655e-005
 3.119500e+002  1.741053e-005
 3.125688e+002  2.268189e-005
 3.131875e+002  2.416689e-005
 3.138063e+002  2.284424e-005
 3.144250e+002  2.322781e-005
 3.150437e+002  2.306801e-005
 3.156625e+002  2.069632e-005
 3.162812e+002  2.753771e-005
 3.169000e+002  2.929896e-005
 3.175187e+002  1.941728e-005
 3.181375e+002  1.810129e-005
 3.187562e+002  1.982080e-005
 3.193750e+002  2.248151e-005
 3.199937e+002  2.204301e-005
 3.206125e+002  2.058429e-005
 3.212312e+002  2.345413e-005
 3.218500e+002  2.681952e-005
 3.224687e+002  2.791091e-005
 3.230875e+002  2.672372e-005
 3.237062e+002  2.101661e-005
 3.243250e+002  2.020966e-005
 3.249437e+002  2.533325e-005
 3.255625e+002  2.470939e-005
 3.261812e+002  2.183275e-005
 3.268000e+002  2.170785e-005
 3.274187e+002  2.606558e-005
 3.280375e+002  2.452378e-005
 3.286562e+002  2.062474e-005
 3.292750e+002  2.297851e-005
 3.298937e+002  2.448452e-005
 3.305125e+002  2.256379e-005
 3.311312e+002  2.383410e-005
 3.317500e+002  2.926048e-005
 3.323687e+002  2.524938e-005
 3.329875e+002  2.282410e-005
 3.336062e+002  2.407672e-005
 3.342250e+002  2.255158e-005
 3.348437e+002  2.333633e-005
 3.354625e+002  2.361111e-005
 3.360812e+002  2.113321e-005
 3.367000e+002  1.614196e-005
 3.373187e+002  2.116718e-005
 3.379375e+002  2.269729e-005
 3.385562e+002  2.107402e-005
 3.391750e+002  2.107085e-005
 3.397937e+002  2.034721e-005
 3.404125e+002  2.076232e-005
 3.410312e+002  2.114858e-005
 3.416500e+002  1.848199e-005
 3.422687e+002  2.140466e-005
 3.428875e+002  2.213962e-005
 3.435062e+002  2.022335e-005
 3.441250e+002  2.022764e-005
 3.447437e+002  1.813262e-005
 3.453625e+002  2.115128e-005
 3.459812e+002  2.276937e-005
 3.466000e+002  2.434386e-005
 3.472187e+002  2.194088e-005
 3.478375e+002  2.390293e-005
 3.484562e+002  2.688426e-005
 3.490750e+002  1.115721e-004
 3.496937e+002  5.300796e-004
 3.503125e+002  5.349139e-004
 3.509312e+002  1.111274e-004
 3.515500e+002  2.961295e-005
 3.521687e+002  2.120884e-005
 3.527875e+002  2.085451e-005
 3.534062e+002  2.242461e-005
 3.540250e+002  2.147342e-005
 3.546437e+002  1.654035e-005
 3.552625e+002  2.310977e-005
 3.558812e+002  2.241359e-005
 3.565000e+002  2.505644e-005
 3.571187e+002  1.891126e-005
 3.577375e+002  1.924242e-005
 3.583562e+002  2.251238e-005
 3.589750e+002  2.177275e-005
 3.595937e+002  2.577524e-005
 3.602125e+002  2.589153e-005
 3.608312e+002  2.149882e-005
 3.614500e+002  2.124932e-005
 3.620687e+002  2.074122e-005
 3.626875e+002  1.722696e-005
 3.633062e+002  1.461243e-005
 3.639250e+002  1.644373e-005
 3.645437e+002  1.972078e-005
 3.651625e+002  2.107626e-005
 3.657812e+002  2.551826e-005
 3.664000e+002  2.346822e-005
 3.670187e+002  2.294920e-005
 3.676375e+002  2.231875e-005
 3.682562e+002  2.076628e-005
 3.688750e+002  2.056680e-005
 3.694937e+002  1.936643e-005
 3.701125e+002  2.004370e-005
 3.707312e+002  2.066554e-005
 3.713500e+002  2.057086e-005
 3.719687e+002  2.157359e-005
 3.725875e+002  2.199613e-005
 3.732062e+002  2.020576e-005
 3.738250e+002  2.031930e-005
 3.744437e+002  1.987336e-005
 3.750625e+002  1.781802e-005
 3.756812e+002  1.893922e-005
 3.763000e+002  2.470432e-005
 3.769187e+002  2.185145e-005
 3.775375e+002  2.139159e-005
 3.781562e+002  2.538381e-005
 3.787750e+002  2.467592e-005
 3.793937e+002  1.794843e-005
 3.800125e+002  2.003436e-005
 3.806312e+002  2.023266e-005
 3.812500e+002  1.683299e-005
 3.818687e+002  1.653914e-005
 3.824875e+002  1.544244e-005
 3.831062e+002  1.708761e-005
 3.837250e+002  2.034218e-005
 3.843437e+002  2.031036e-005
 3.849625e+002  2.058335e-005
 3.855812e+002  2.394807e-005
 3.862000e+002  2.190396e-005
 3.868187e+002  2.380429e-005
 3.874375e+002  2.546525e-005
 3.880562e+002  2.224948e-005
 3.886750e+002  2.389268e-005
 3.892937e+002  2.237352e-005
 3.899125e+002  1.914824e-005
 3.905312e+002  1.905901e-005
 3.911500e+002  1.778031e-005
 3.917687e+002  2.045138e-005
 3.923875e+002  2.185059e-005
 3.930062e+002  2.112838e-005
 3.936250e+002  2.359208e-005
 3.942437e+002  2.256369e-005
 3.948625e+002  2.122326e-005
 3.954812e+002  2.169155e-005
 3.961000e+002  2.636266e-005
 3.967187e+002  2.019487e-005
 3.973375e+002  1.991902e-005
 3.979562e+002  2.199874e-005
 3.985750e+002  2.070960e-005
 3.991937e+002  8.327168e-005
 3.998125e+002  2.762668e-004
 4.004312e+002  2.155473e-004
 4.010500e+002  3.442732e-005
 4.016687e+002  1.821539e-005
 4.022875e+002  2.140605e-005
 4.029062e+002  2.383380e-005
 4.035250e+002  2.374231e-005
 4.041437e+002  2.194194e-005
 4.047625e+002  1.877460e-005
 4.053812e+002  1.808399e-005
 4.060000e+002  1.573156e-005
 4.066187e+002  1.645916e-005
 4.072375e+002  2.250144e-005
 4.078562e+002  2.205453e-005
 4.084750e+002  2.280461e-005
 4.090937e+002  2.422960e-005
 4.097125e+002  2.150545e-005
 4.103312e+002  2.242442e-005
 4.109500e+002  1.956131e-005
 4.115687e+002  1.739803e-005
 4.121875e+002  1.904748e-005
 4.128062e+002  1.806740e-005
 4.134250e+002  2.276319e-005
 4.140437e+002  2.469416e-005
 4.146625e+002  2.071933e-005
 4.152812e+002  2.176213e-005
 4.159000e+002  2.158947e-005
 4.165187e+002  2.297646e-005
 4.171375e+002  2.099998e-005
 4.177562e+002  2.187909e-005
 4.183750e+002  2.418257e-005
 4.189937e+002  2.269843e-005
 4.196125e+002  1.876545e-005
 4.202312e+002  2.140523e-005
 4.208500e+002  2.071555e-005
 4.214687e+002  2.100812e-005
 4.220875e+002  1.979311e-005
 4.227062e+002  1.844809e-005
 4.233250e+002  1.787455e-005
 4.239437e+002  1.922908e-005
 4.245625e+002  1.826468e-005
 4.251812e+002  1.634197e-005
 4.258000e+002  1.517807e-005
 4.264187e+002  1.836145e-005
 4.270375e+002  1.564900e-005
 4.276562e+002  2.227927e-005
 4.282750e+002  2.362965e-005
 4.288937e+002  2.261851e-005
 4.295125e+002  1.539801e-005
 4.301312e+002  1.832773e-005
 4.307500e+002  1.758332e-005
 4.313687e+002  1.723616e-005
 4.319875e+002  1.827223e-005
 4.326062e+002  2.045136e-005
 4.332250e+002  2.195151e-005
 4.338437e+002  2.214736e-005
 4.344625e+002  2.225544e-005
 4.350812e+002  2.169987e-005
 4.357000e+002  1.930233e-005
 4.363187e+002  2.098687e-005
 4.369375e+002  2.044155e-005
 4.375562e+002  2.134452e-005
 4.381750e+002  1.953709e-005
 4.387937e+002  1.710792e-005
 4.394125e+002  1.941913e-005
 4.400312e+002  1.986364e-005
 4.406500e+002  2.023350e-005
 4.412687e+002  1.736499e-005
 4.418875e+002  1.759856e-005
 4.425062e+002  2.003857e-005
 4.431250e+002  2.321099e-005
 4.437437e+002  2.190851e-005
 4.443625e+002  2.188772e-005
 4.449812e+002  2.292471e-005
 4.456000e+002  2.182138e-005
 4.462187e+002  2.303014e-005
 4.468375e+002  2.157251e-005
 4.474562e+002  1.803849e-005
 4.480750e+002  1.759419e-005
 4.486937e+002  2.116841e-005
 4.493125e+002  8.036480e-005
 4.499312e+002  1.946386e-004
 4.505500e+002  1.167083e-004
 4.511687e+002  1.758433e-005
 4.517875e+002  2.014283e-005
 4.524062e+002  2.359174e-005
 4.530250e+002  2.154007e-005
 4.536437e+002  1.798733e-005
 4.542625e+002  2.092832e-005
 4.548812e+002  1.741564e-005
 4.555000e+002  1.935728e-005
 4.561187e+002  1.832388e-005
 4.567375e+002  1.528509e-005
 4.573562e+002  1.897399e-005
 4.579750e+002  2.056690e-005
 4.585937e+002  1.812310e-005
 4.592125e+002  1.790602e-005
 4.598312e+002  1.939579e-005
 4.604500e+002  1.688256e-005
 4.610687e+002  1.727386e-005
 4.616875e+002  1.781008e-005
 4.623062e+002  1.630719e-005
 4.629250e+002  1.846139e-005
 4.635437e+002  2.228481e-005
 4.641625e+002  2.297585e-005
 4.647812e+002  1.921854e-005
 4.654000e+002  1.775880e-005
 4.660187e+002  2.217241e-005
 4.666375e+002  1.993622e-005
 4.672562e+002  2.073627e-005
 4.678750e+002  2.657801e-005
 4.684937e+002  2.113754e-005
 4.691125e+002  1.759669e-005
 4.697312e+002  1.805679e-005
 4.703500e+002  1.908889e-005
 4.709687e+002  1.613676e-005
 4.715875e+002  2.079865e-005
 4.722062e+002  2.169340e-005
 4.728250e+002  1.886636e-005
 4.734437e+002  2.220057e-005
 4.740625e+002  2.172941e-005
 4.746812e+002  2.028172e-005
 4.753000e+002  2.234207e-005
 4.759187e+002  2.127642e-005
 4.765375e+002  1.749183e-005
 4.771562e+002  1.724418e-005
 4.777750e+002  1.713717e-005
 4.783937e+002  1.984379e-005
 4.790125e+002  2.121705e-005
 4.796312e+002  1.996924e-005
 4.802500e+002  2.520721e-005
 4.808687e+002  1.940698e-005
 4.814875e+002  1.544667e-005
 4.821062e+002  1.206520e-005
 4.827250e+002  1.218338e-005
 4.833437e+002  1.362960e-005
 4.839625e+002  1.924876e-005
 4.845812e+002  2.310492e-005
 4.852000e+002  2.552158e-005
 4.858187e+002  1.987026e-005
 4.864375e+002  1.758166e-005
 4.870562e+002  1.709537e-005
 4.876750e+002  2.140362e-005
 4.882937e+002  2.460714e-005
 4.889125e+002  1.791546e-005
 4.895312e+002  1.667452e-005
 4.901500e+002  1.788363e-005
 4.907687e+002  1.454413e-005
 4.913875e+002  1.499281e-005
 4.920062e+002  1.816688e-005
 4.926250e+002  1.783265e-005
 4.932437e+002  2.257804e-005
 4.938625e+002  2.409536e-005
 4.944812e+002  1.804966e-005
 4.951000e+002  1.529989e-005
 4.957187e+002  1.958679e-005
 4.963375e+002  2.239617e-005
 4.969562e+002  1.828659e-005
 4.975750e+002  1.484246e-005
 4.981937e+002  1.748788e-005
 4.988125e+002  1.911135e-005
 4.994312e+002  1.476075e-004
 5.000500e+002  2.675638e-004
 5.006687e+002  1.304365e-004
 5.012875e+002  1.634655e-005
 5.019062e+002  1.883105e-005
 5.025250e+002  1.881140e-005
 5.031437e+002  1.819493e-005
 5.037625e+002  1.821847e-005
 5.043812e+002  2.223921e-005
 5.050000e+002  1.835743e-005
 5.056187e+002  1.864458e-005
 5.062375e+002  2.047596e-005
 5.068562e+002  2.408223e-005
 5.074750e+002  2.530269e-005
 5.080937e+002  1.943811e-005
 5.087125e+002  1.911381e-005
 5.093312e+002  2.242718e-005
 5.099500e+002  2.185729e-005
 5.105687e+002  2.230540e-005
 5.111875e+002  2.199830e-005
 5.118062e+002  2.151101e-005
 5.124250e+002  2.085819e-005
 5.130437e+002  1.596815e-005
 5.136625e+002  1.748089e-005
 5.142812e+002  1.978283e-005
 5.149000e+002  1.543070e-005
 5.155187e+002  1.627156e-005
 5.161375e+002  1.651007e-005
 5.167562e+002  2.032632e-005
 5.173750e+002  2.039660e-005
 5.179937e+002  1.587861e-005
 5.186125e+002  1.749767e-005
 5.192312e+002  2.045368e-005
 5.198500e+002  2.372185e-005
 5.204687e+002  1.634467e-005
 5.210875e+002  1.609453e-005
 5.217062e+002  1.729703e-005
 5.223250e+002  2.182745e-005
 5.229437e+002  2.127603e-005
 5.235625e+002  1.665346e-005
 5.241812e+002  1.698242e-005
 5.248000e+002  1.890125e-005
 5.254187e+002  2.278792e-005
 5.260375e+002  2.323053e-005
 5.266562e+002  2.369383e-005
 5.272750e+002  2.205560e-005
 5.278937e+002  2.360223e-005
 5.285125e+002  2.525797e-005
 5.291312e+002  2.292852e-005
 5.297500e+002  2.257158e-005
 5.303687e+002  2.281666e-005
 5.309875e+002  2.169582e-005
 5.316062e+002  2.045139e-005
 5.322250e+002  2.292810e-005
 5.328437e+002  2.399725e-005
 5.334625e+002  2.497928e-005
 5.340812e+002  2.399554e-005
 5.347000e+002  2.412873e-005
 5.353187e+002  1.769327e-005
 5.359375e+002  1.789206e-005
 5.365562e+002  1.754863e-005
 5.371750e+002  1.553421e-005
 5.377937e+002  1.635125e-005
 5.384125e+002  1.870533e-005
 5.390312e+002  1.949419e-005
 5.396500e+002  2.258084e-005
 5.402687e+002  2.075270e-005
 5.408875e+002  1.656973e-005
 5.415062e+002  1.640451e-005
 5.421250e+002  2.208098e-005
 5.427437e+002  1.944588e-005
 5.433625e+002  1.856660e-005
 5.439812e+002  2.194981e-005
 5.446000e+002  2.447597e-005
 5.452187e+002  1.990226e-005
 5.458375e+002  2.027938e-005
 5.464562e+002  1.921781e-005
 5.470750e+002  1.928098e-005
 5.476937e+002  2.012773e-005
 5.483125e+002  1.739282e-005
 5.489312e+002  3.285282e-005
 5.495500e+002  3.638203e-004
 5.501687e+002  5.203983e-004
 5.507875e+002  1.813695e-004
 5.514062e+002  2.403863e-005
 5.520250e+002  1.659248e-005
 5.526437e+002  2.310033e-005
 5.532625e+002  2.478669e-005
 5.538812e+002  2.411013e-005
 5.545000e+002  2.231902e-005
 5.551187e+002  2.455155e-005
 5.557375e+002  1.935820e-005
 5.563562e+002  1.552641e-005
 5.569750e+002  1.540496e-005
 5.575937e+002  2.386799e-005
 5.582125e+002  2.049535e-005
 5.588312e+002  1.887868e-005
 5.594500e+002  1.851674e-005
 5.600687e+002  1.777846e-005
 5.606875e+002  1.810199e-005
 5.613062e+002  2.274752e-005
 5.619250e+002  2.116351e-005
 5.625437e+002  2.228428e-005
 5.631625e+002  1.814080e-005
 5.637812e+002  1.599819e-005
 5.644000e+002  2.033792e-005
 5.650187e+002  2.208590e-005
 5.656375e+002  2.484090e-005
 5.662562e+002  2.411091e-005
 5.668750e+002  2.167957e-005
 5.674937e+002  2.114388e-005
 5.681125e+002  1.864532e-005
 5.687312e+002  1.767129e-005
 5.693500e+002  1.481846e-005
 5.699687e+002  1.832154e-005
 5.705875e+002  1.911796e-005
 5.712062e+002  1.942311e-005
 5.718250e+002  2.282982e-005
 5.724437e+002  2.285587e-005
 5.730625e+002  1.942039e-005
 5.736812e+002  1.713547e-005
 5.743000e+002  1.974115e-005
 5.749187e+002  1.655037e-005
 5.755375e+002  2.043600e-005
 5.761562e+002  2.099693e-005
 5.767750e+002  2.192315e-005
 5.773937e+002  1.780414e-005
 5.780125e+002  1.405792e-005
 5.786312e+002  1.859615e-005
 5.792500e+002  2.506679e-005
 5.798687e+002  2.523872e-005
 5.804875e+002  1.736070e-005
 5.811062e+002  1.782804e-005
 5.817250e+002  1.915328e-005
 5.823437e+002  2.291227e-005
 5.829625e+002  2.330892e-005
 5.835812e+002  1.749222e-005
 5.842000e+002  1.668707e-005
 5.848187e+002  1.897372e-005
 5.854375e+002  2.342548e-005
 5.860562e+002  2.409181e-005
 5.866750e+002  2.334047e-005
 5.872937e+002  2.132460e-005
 5.879125e+002  1.436032e-005
 5.885312e+002  1.565046e-005
 5.891500e+002  2.314896e-005
 5.897687e+002  1.798986e-005
 5.903875e+002  1.727076e-005
 5.910062e+002  1.740314e-005
 5.916250e+002  1.935389e-005
 5.922437e+002  1.857158e-005
 5.928625e+002  2.291898e-005
 5.934812e+002  2.516083e-005
 5.941000e+002  2.466458e-005
 5.947187e+002  2.354141e-005
 5.953375e+002  1.578985e-005
 5.959562e+002  1.622378e-005
 5.965750e+002  1.831752e-005
 5.971937e+002  1.943549e-005
 5.978125e+002  1.938237e-005
 5.984312e+002  2.045895e-005
 5.990500e+002  3.402306e-005
 5.996687e+002  1.512891e-004
 6.002875e+002  1.660988e-004
 6.009062e+002  4.229238e-005
 6.015250e+002  1.911920e-005
 6.021437e+002  2.065089e-005
 6.027625e+002  1.727831e-005
 6.033812e+002  1.903469e-005
 6.040000e+002  1.877223e-005
 6.046187e+002  1.709897e-005
 6.052375e+002  2.758637e-005
 6.058562e+002  2.862431e-005
 6.064750e+002  1.748023e-005
 6.070937e+002  1.729360e-005
 6.077125e+002  1.680188e-005
 6.083312e+002  2.143886e-005
 6.089500e+002  2.156323e-005
 6.095687e+002  1.881168e-005
 6.101875e+002  2.316183e-005
 6.108062e+002  2.134853e-005
 6.114250e+002  1.837231e-005
 6.120437e+002  1.901889e-005
 6.126625e+002  1.891074e-005
 6.132812e+002  1.924789e-005
 6.139000e+002  2.011157e-005
 6.145187e+002  1.966023e-005
 6.151375e+002  2.195177e-005
 6.157562e+002  2.379722e-005
 6.163750e+002  2.002677e-005
 6.169937e+002  1.948808e-005
 6.176125e+002  1.940525e-005
 6.182312e+002  2.130919e-005
 6.188500e+002  1.701686e-005
 6.194687e+002  1.740301e-005
 6.200875e+002  1.990400e-005
 6.207062e+002  1.858789e-005
 6.213250e+002  1.739751e-005
 6.219437e+002  1.791169e-005
 6.225625e+002  1.985139e-005
 6.231812e+002  2.034279e-005
 6.238000e+002  1.838767e-005
 6.244187e+002  1.799803e-005
 6.250375e+002  1.642920e-005
 6.256562e+002  1.779719e-005
 6.262750e+002  1.998068e-005
 6.268937e+002  2.175318e-005
 6.275125e+002  2.136931e-005
 6.281312e+002  1.906625e-005
 6.287500e+002  1.771265e-005
 6.293687e+002  2.267598e-005
 6.299875e+002  2.151549e-005
 6.306062e+002  1.778715e-005
 6.312250e+002  2.015004e-005
 6.318437e+002  1.899517e-005
 6.324625e+002  2.097903e-005
 6.330812e+002  1.866988e-005
 6.337000e+002  1.753363e-005
 6.343187e+002  1.885563e-005
 6.349375e+002  1.907020e-005
 6.355562e+002  2.051298e-005
 6.361750e+002  1.685589e-005
 6.367937e+002  1.803945e-005
 6.374125e+002  1.739474e-005
 6.380312e+002  1.935721e-005
 6.386500e+002  2.037046e-005
 6.392687e+002  2.064687e-005
 6.398875e+002  1.831286e-005
 6.405062e+002  1.532045e-005
 6.411250e+002  1.674146e-005
 6.417437e+002  1.731004e-005
 6.423625e+002  2.165486e-005
 6.429812e+002  1.593418e-005
 6.436000e+002  1.620605e-005
 6.442187e+002  2.084215e-005
 6.448375e+002  1.765845e-005
 6.454562e+002  1.740777e-005
 6.460750e+002  1.912040e-005
 6.466937e+002  2.063809e-005
 6.473125e+002  1.873233e-005
 6.479312e+002  1.897867e-005
 6.485500e+002  2.347162e-005
 6.491687e+002  1.258605e-004
 6.497875e+002  4.608422e-004
 6.504062e+002  3.938035e-004
 6.510250e+002  6.287301e-005
 6.516437e+002  2.882150e-005
 6.522625e+002  2.394319e-005
 6.528812e+002  2.035738e-005
 6.535000e+002  1.531710e-005
 6.541187e+002  1.875551e-005
 6.547375e+002  2.444713e-005
 6.553562e+002  2.316825e-005
 6.559750e+002  1.895003e-005
 6.565937e+002  1.787191e-005
 6.572125e+002  2.021932e-005
 6.578312e+002  1.859030e-005
 6.584500e+002  1.857712e-005
 6.590687e+002  1.944225e-005
 6.596875e+002  1.846041e-005
 6.603062e+002  2.087421e-005
 6.609250e+002  2.302434e-005
 6.615437e+002  1.943319e-005
 6.621625e+002  1.726241e-005
 6.627812e+002  1.910225e-005
 6.634000e+002  1.909788e-005
 6.640187e+002  1.791058e-005
 6.646375e+002  2.224445e-005
 6.652562e+002  2.424188e-005
 6.658750e+002  1.876428e-005
 6.664937e+002  1.954435e-005
 6.671125e+002  2.266903e-005
 6.677312e+002  2.208997e-005
 6.683500e+002  1.865296e-005
 6.689687e+002  1.995653e-005
 6.695875e+002  1.889892e-005
 6.702062e+002  1.990705e-005
 6.708250e+002  2.022867e-005
 6.714437e+002  1.767141e-005
 6.720625e+002  1.733608e-005
 6.726812e+002  2.125904e-005
 6.733000e+002  2.491723e-005
 6.739187e+002  1.570339e-005
 6.745375e+002  1.736327e-005
 6.751562e+002  2.042536e-005
 6.757750e+002  2.147420e-005
 6.763937e+002  2.115123e-005
 6.770125e+002  1.489125e-005
 6.776312e+002  1.675657e-005
 6.782500e+002  1.816186e-005
 6.788687e+002  2.313162e-005
 6.794875e+002  1.977528e-005
 6.801062e+002  2.268272e-005
 6.807250e+002  2.317306e-005
 6.813437e+002  2.010815e-005
 6.819625e+002  1.809670e-005
 6.825812e+002  1.844806e-005
 6.832000e+002  2.130082e-005
 6.838187e+002  2.100284e-005
 6.844375e+002  2.203512e-005
 6.850562e+002  2.219133e-005
 6.856750e+002  1.667491e-005
 6.862937e+002  2.234576e-005
 6.869125e+002  1.933439e-005
 6.875312e+002  1.779365e-005
 6.881500e+002  2.008813e-005
 6.887687e+002  2.248465e-005
 6.893875e+002  1.900416e-005
 6.900062e+002  1.734715e-005
 6.906250e+002  2.186845e-005
 6.912437e+002  2.121228e-005
 6.918625e+002  2.202626e-005
 6.924812e+002  2.052172e-005
 6.931000e+002  1.958009e-005
 6.937187e+002  1.981610e-005
 6.943375e+002  1.880030e-005
 6.949562e+002  1.639984e-005
 6.955750e+002  1.470370e-005
 6.961937e+002  1.648046e-005
 6.968125e+002  1.815038e-005
 6.974312e+002  1.759964e-005
 6.980500e+002  2.034962e-005
 6.986687e+002  2.315720e-005
 6.992875e+002  8.122376e-005
 6.999062e+002  2.158797e-004
 7.005250e+002  1.453572e-004
 7.011437e+002  1.953474e-005
 7.017625e+002  1.501370e-005
 7.023812e+002  1.524005e-005
 7.030000e+002  1.991183e-005
 7.036187e+002  1.944418e-005
 7.042375e+002  1.475776e-005
 7.048562e+002  1.752683e-005
 7.054750e+002  1.843941e-005
 7.060937e+002  1.959022e-005
 7.067125e+002  2.118781e-005
 7.073312e+002  1.891681e-005
 7.079500e+002  2.001317e-005
 7.085687e+002  2.220734e-005
 7.091875e+002  1.902534e-005
 7.098062e+002  1.973637e-005
 7.104250e+002  1.788554e-005
 7.110437e+002  1.432436e-005
 7.116625e+002  1.677304e-005
 7.122812e+002  2.378372e-005
 7.129000e+002  2.227098e-005
 7.135187e+002  1.953354e-005
 7.141375e+002  2.121567e-005
 7.147562e+002  2.002510e-005
 7.153750e+002  1.848044e-005
 7.159937e+002  2.347462e-005
 7.166125e+002  1.835992e-005
 7.172312e+002  1.454966e-005
 7.178500e+002  1.583765e-005
 7.184687e+002  1.545428e-005
 7.190875e+002  1.744230e-005
 7.197062e+002  2.029185e-005
 7.203250e+002  2.110967e-005
 7.209437e+002  2.263486e-005
 7.215625e+002  2.084084e-005
 7.221812e+002  2.216742e-005
 7.228000e+002  2.342358e-005
 7.234187e+002  2.146632e-005
 7.240375e+002  1.641007e-005
 7.246562e+002  1.818021e-005
 7.252750e+002  1.648165e-005
 7.258937e+002  2.144727e-005
 7.265125e+002  1.929561e-005
 7.271312e+002  1.955132e-005
 7.277500e+002  1.800636e-005
 7.283687e+002  1.766112e-005
 7.289875e+002  2.399643e-005
 7.296062e+002  2.388347e-005
 7.302250e+002  2.134658e-005
 7.308437e+002  2.053232e-005
 7.314625e+002  2.306209e-005
 7.320812e+002  2.164700e-005
 7.327000e+002  1.863435e-005
 7.333187e+002  2.159433e-005
 7.339375e+002  2.468321e-005
 7.345562e+002  2.372744e-005
 7.351750e+002  2.255569e-005
 7.357937e+002  1.926663e-005
 7.364125e+002  2.400871e-005
 7.370312e+002  2.244054e-005
 7.376500e+002  1.860923e-005
 7.382687e+002  1.729999e-005
 7.388875e+002  1.608520e-005
 7.395062e+002  1.991589e-005
 7.401250e+002  2.107449e-005
 7.407437e+002  1.672676e-005
 7.413625e+002  1.856068e-005
 7.419812e+002  2.022711e-005
 7.426000e+002  2.251090e-005
 7.432187e+002  2.151796e-005
 7.438375e+002  1.889124e-005
 7.444562e+002  1.713061e-005
 7.450750e+002  1.929965e-005
 7.456937e+002  1.793740e-005
 7.463125e+002  1.791364e-005
 7.469312e+002  1.831257e-005
 7.475500e+002  1.965977e-005
 7.481687e+002  1.797061e-005
 7.487875e+002  1.946014e-005
 7.494062e+002  1.356378e-004
 7.500250e+002  2.598716e-004
 7.506437e+002  1.358910e-004
 7.512625e+002  2.074740e-005
 7.518812e+002  1.865171e-005
 7.525000e+002  1.412933e-005
 7.531187e+002  2.085944e-005
 7.537375e+002  2.119224e-005
 7.543562e+002  2.034357e-005
 7.549750e+002  1.767780e-005
 7.555937e+002  1.763312e-005
 7.562125e+002  1.886509e-005
 7.568312e+002  2.363673e-005
 7.574500e+002  2.198740e-005
 7.580687e+002  1.597407e-005
 7.586875e+002  1.751858e-005
 7.593062e+002  2.010473e-005
 7.599250e+002  2.085781e-005
 7.605437e+002  1.717922e-005
 7.611625e+002  1.425348e-005
 7.617812e+002  1.855854e-005
 7.624000e+002  1.997127e-005
 7.630187e+002  1.773209e-005
 7.636375e+002  1.580913e-005
 7.642562e+002  1.721361e-005
 7.648750e+002  1.833048e-005
 7.654937e+002  2.146987e-005
 7.661125e+002  2.264782e-005
 7.667312e+002  1.903065e-005
 7.673500e+002  1.865070e-005
 7.679687e+002  2.286448e-005
 7.685875e+002  2.420376e-005
 7.692062e+002  2.047346e-005
 7.698250e+002  1.992815e-005
 7.704437e+002  1.725289e-005
 7.710625e+002  1.663027e-005
 7.716812e+002  1.747273e-005
 7.723000e+002  1.909683e-005
 7.729187e+002  1.708203e-005
 7.735375e+002  1.881049e-005
 7.741562e+002  1.647619e-005
 7.747750e+002  2.029006e-005
 7.753937e+002  2.320827e-005
 7.760125e+002  1.737249e-005
 7.766312e+002  1.798248e-005
 7.772500e+002  2.023544e-005
 7.778687e+002  1.894075e-005
 7.784875e+002  1.963083e-005
 7.791062e+002  1.673085e-005
 7.797250e+002  2.078215e-005
 7.803437e+002  2.387236e-005
 7.809625e+002  2.015372e-005
 7.815812e+002  1.853237e-005
 7.822000e+002  1.818145e-005
 7.828187e+002  1.897084e-005
 7.834375e+002  1.550336e-005
 7.840562e+002  1.922135e-005
 7.846750e+002  1.465423e-005
 7.852937e+002  1.894505e-005
 7.859125e+002  2.410533e-005
 7.865312e+002  2.632206e-005
 7.871500e+002  2.153569e-005
 7.877687e+002  1.942721e-005
 7.883875e+002  1.906541e-005
 7.890062e+002  1.986519e-005
 7.896250e+002  1.776882e-005
 7.902437e+002  1.855378e-005
 7.908625e+002  1.620976e-005
 7.914812e+002  1.483558e-005
 7.921000e+002  1.950542e-005
 7.927187e+002  2.028037e-005
 7.933375e+002  1.570454e-005
 7.939562e+002  1.651571e-005
 7.945750e+002  1.743503e-005
 7.951937e+002  1.661194e-005
 7.958125e+002  2.454237e-005
 7.964312e+002  2.817274e-005
 7.970500e+002  2.477953e-005
 7.976687e+002  2.227500e-005
 7.982875e+002  2.271830e-005
 7.989062e+002  2.770885e-005
 7.995250e+002  9.463183e-005
 8.001437e+002  1.368895e-004
 8.007625e+002  5.341887e-005
 8.013812e+002  1.682407e-005
 8.020000e+002  1.938732e-005
 8.026187e+002  1.927053e-005
 8.032375e+002  1.954070e-005
 8.038562e+002  2.326371e-005
 8.044750e+002  2.180092e-005
 8.050937e+002  2.202243e-005
 8.057125e+002  2.216628e-005
 8.063312e+002  1.849600e-005
 8.069500e+002  1.522313e-005
 8.075687e+002  1.828952e-005
 8.081875e+002  1.731771e-005
 8.088062e+002  1.634516e-005
 8.094250e+002  1.603793e-005
 8.100437e+002  1.229061e-005
 8.106625e+002  1.194725e-005
 8.112812e+002  1.837267e-005
 8.119000e+002  2.057588e-005
 8.125187e+002  1.841763e-005
 8.131375e+002  2.063595e-005
 8.137562e+002  1.930227e-005
 8.143750e+002  1.982175e-005
 8.149937e+002  1.786895e-005
 8.156125e+002  1.889914e-005
 8.162312e+002  1.919366e-005
 8.168500e+002  1.906232e-005
 8.174687e+002  1.838947e-005
 8.180875e+002  2.179598e-005
 8.187062e+002  2.287554e-005
 8.193250e+002  2.093290e-005
 8.199437e+002  1.766772e-005
 8.205625e+002  1.431032e-005
 8.211812e+002  1.702644e-005
 8.218000e+002  2.202775e-005
 8.224187e+002  2.176550e-005
 8.230375e+002  1.605112e-005
 8.236562e+002  1.563293e-005
 8.242750e+002  1.877663e-005
 8.248937e+002  1.999893e-005
 8.255125e+002  2.215538e-005
 8.261312e+002  1.830700e-005
 8.267500e+002  2.269051e-005
 8.273687e+002  2.264708e-005
 8.279875e+002  1.846634e-005
 8.286062e+002  1.590962e-005
 8.292250e+002  2.077778e-005
 8.298437e+002  1.981018e-005
 8.304625e+002  1.821631e-005
 8.310812e+002  2.060680e-005
 8.317000e+002  1.467106e-005
 8.323187e+002  1.657072e-005
 8.329375e+002  1.437400e-005
 8.335562e+002  1.794835e-005
 8.341750e+002  1.964780e-005
 8.347937e+002  1.858987e-005
 8.354125e+002  1.891129e-005
 8.360312e+002  1.734069e-005
 8.366500e+002  1.516440e-005
 8.372687e+002  1.985627e-005
 8.378875e+002  1.640832e-005
 8.385062e+002  1.801910e-005
 8.391250e+002  1.786287e-005
 8.397437e+002  1.796008e-005
 8.403625e+002  1.926058e-005
 8.409812e+002  2.437224e-005
 8.416000e+002  2.177357e-005
 8.422187e+002  1.779488e-005
 8.428375e+002  1.734996e-005
 8.434562e+002  1.958731e-005
 8.440750e+002  1.546693e-005
 8.446937e+002  1.737963e-005
 8.453125e+002  2.002736e-005
 8.459312e+002  1.878778e-005
 8.465500e+002  1.665988e-005
 8.471687e+002  1.265434e-005
 8.477875e+002  1.546393e-005
 8.484062e+002  2.183658e-005
 8.490250e+002  3.839987e-005
 8.496437e+002  2.085489e-004
 8.502625e+002  2.428437e-004
 8.508812e+002  6.718819e-005
 8.515000e+002  1.923675e-005
 8.521187e+002  1.722622e-005
 8.527375e+002  1.665198e-005
 8.533562e+002  2.077076e-005
 8.539750e+002  1.658255e-005
 8.545937e+002  1.839818e-005
 8.552125e+002  1.904375e-005
 8.558312e+002  1.675542e-005
 8.564500e+002  1.937817e-005
 8.570687e+002  2.242225e-005
 8.576875e+002  2.146443e-005
 8.583062e+002  2.061881e-005
 8.589250e+002  1.958695e-005
 8.595437e+002  2.191191e-005
 8.601625e+002  1.994869e-005
 8.607812e+002  2.024464e-005
 8.614000e+002  1.988008e-005
 8.620187e+002  2.162156e-005
 8.626375e+002  1.892350e-005
 8.632562e+002  1.577948e-005
 8.638750e+002  1.515736e-005
 8.644937e+002  1.732023e-005
 8.651125e+002  1.771240e-005
 8.657312e+002  1.669324e-005
 8.663500e+002  1.522563e-005
 8.669687e+002  1.857052e-005
 8.675875e+002  1.988486e-005
 8.682062e+002  1.959212e-005
 8.688250e+002  2.090233e-005
 8.694437e+002  2.384424e-005
 8.700625e+002  2.341261e-005
 8.706812e+002  2.521573e-005
 8.713000e+002  2.168255e-005
 8.719187e+002  1.669323e-005
 8.725375e+002  1.911848e-005
 8.731562e+002  1.967573e-005
 8.737750e+002  1.885272e-005
 8.743937e+002  1.678771e-005
 8.750125e+002  2.034743e-005
 8.756312e+002  2.311514e-005
 8.762500e+002  2.358061e-005
 8.768687e+002  2.132793e-005
 8.774875e+002  1.963564e-005
 8.781062e+002  2.061282e-005
 8.787250e+002  1.913460e-005
 8.793437e+002  2.148801e-005
 8.799625e+002  1.593355e-005
 8.805812e+002  1.371283e-005
 8.812000e+002  1.772428e-005
 8.818187e+002  1.634775e-005
 8.824375e+002  2.053828e-005
 8.830562e+002  2.081462e-005
 8.836750e+002  1.937728e-005
 8.842937e+002  1.863099e-005
 8.849125e+002  2.027397e-005
 8.855312e+002  1.695490e-005
 8.861500e+002  1.586024e-005
 8.867687e+002  1.738607e-005
 8.873875e+002  1.749356e-005
 8.880062e+002  1.570056e-005
 8.886250e+002  2.139741e-005
 8.892437e+002  2.236660e-005
 8.898625e+002  2.121906e-005
 8.904812e+002  2.106232e-005
 8.911000e+002  1.915956e-005
 8.917187e+002  1.922801e-005
 8.923375e+002  1.985266e-005
 8.929562e+002  1.926680e-005
 8.935750e+002  1.707198e-005
 8.941937e+002  1.701185e-005
 8.948125e+002  2.134157e-005
 8.954312e+002  2.141704e-005
 8.960500e+002  2.066493e-005
 8.966687e+002  2.057935e-005
 8.972875e+002  1.981429e-005
 8.979062e+002  1.661363e-005
 8.985250e+002  1.928133e-005
 8.991437e+002  4.301458e-005
 8.997625e+002  1.479426e-004
 9.003812e+002  1.328747e-004
 9.010000e+002  3.161691e-005
 9.016187e+002  2.077275e-005
 9.022375e+002  1.605645e-005
 9.028562e+002  2.244249e-005
 9.034750e+002  2.336714e-005
 9.040937e+002  2.356943e-005
 9.047125e+002  1.814218e-005
 9.053312e+002  2.184633e-005
 9.059500e+002  2.011341e-005
 9.065687e+002  1.650412e-005
 9.071875e+002  1.908321e-005
 9.078062e+002  1.924479e-005
 9.084250e+002  1.881703e-005
 9.090437e+002  1.899116e-005
 9.096625e+002  2.347329e-005
 9.102812e+002  2.217208e-005
 9.109000e+002  1.780842e-005
 9.115187e+002  2.167051e-005
 9.121375e+002  2.179372e-005
 9.127562e+002  2.144944e-005
 9.133750e+002  1.801367e-005
 9.139937e+002  1.727674e-005
 9.146125e+002  1.753432e-005
 9.152312e+002  1.411376e-005
 9.158500e+002  2.024691e-005
 9.164687e+002  2.203686e-005
 9.170875e+002  2.128318e-005
 9.177062e+002  2.294447e-005
 9.183250e+002  1.937490e-005
 9.189437e+002  1.657279e-005
 9.195625e+002  1.762424e-005
 9.201812e+002  1.590713e-005
 9.208000e+002  2.061818e-005
 9.214187e+002  2.377117e-005
 9.220375e+002  1.824413e-005
 9.226562e+002  1.771665e-005
 9.232750e+002  2.128107e-005
 9.238937e+002  1.799316e-005
 9.245125e+002  1.761117e-005
 9.251312e+002  1.892048e-005
 9.257500e+002  2.020882e-005
 9.263687e+002  1.828185e-005
 9.269875e+002  1.733986e-005
 9.276062e+002  1.127868e-005
 9.282250e+002  1.697882e-005
 9.288437e+002  2.367840e-005
 9.294625e+002  2.307178e-005
 9.300812e+002  1.854195e-005
 9.307000e+002  1.981938e-005
 9.313187e+002  1.942746e-005
 9.319375e+002  1.677948e-005
 9.325562e+002  1.574083e-005
 9.331750e+002  1.767872e-005
 9.337937e+002  1.772716e-005
 9.344125e+002  1.528684e-005
 9.350312e+002  1.804683e-005
 9.356500e+002  1.801452e-005
 9.362687e+002  1.719565e-005
 9.368875e+002  2.030217e-005
 9.375062e+002  2.149823e-005
 9.381250e+002  2.287438e-005
 9.387437e+002  1.411423e-005
 9.393625e+002  1.561862e-005
 9.399812e+002  1.902566e-005
 9.406000e+002  2.179773e-005
 9.412187e+002  2.160986e-005
 9.418375e+002  2.504176e-005
 9.424562e+002  2.582766e-005
 9.430750e+002  1.641530e-005
 9.436937e+002  1.700616e-005
 9.443125e+002  1.996063e-005
 9.449312e+002  2.067384e-005
 9.455500e+002  1.954057e-005
 9.461687e+002  1.530939e-005
 9.467875e+002  1.812774e-005
 9.474062e+002  1.691420e-005
 9.480250e+002  1.532293e-005
 9.486437e+002  1.570812e-005
 9.492625e+002  1.057700e-004
 9.498812e+002  2.855810e-004
 9.505000e+002  2.069600e-004
 9.511187e+002  2.970541e-005
 9.517375e+002  1.540324e-005
 9.523562e+002  1.608506e-005
 9.529750e+002  2.103431e-005
 9.535937e+002  2.234540e-005
 9.542125e+002  1.860916e-005
 9.548312e+002  1.846923e-005
 9.554500e+002  2.003492e-005
 9.560687e+002  2.194885e-005
 9.566875e+002  2.124205e-005
 9.573062e+002  1.862084e-005
 9.579250e+002  1.627570e-005
 9.585437e+002  1.883253e-005
 9.591625e+002  2.145111e-005
 9.597812e+002  2.347169e-005
 9.604000e+002  2.255684e-005
 9.610187e+002  1.904568e-005
 9.616375e+002  1.856917e-005
 9.622562e+002  1.528561e-005
 9.628750e+002  1.784946e-005
 9.634937e+002  1.744474e-005
 9.641125e+002  1.778851e-005
 9.647312e+002  1.930192e-005
 9.653500e+002  1.613462e-005
 9.659687e+002  1.706322e-005
 9.665875e+002  1.550106e-005
 9.672062e+002  2.031839e-005
 9.678250e+002  2.274220e-005
 9.684437e+002  1.952289e-005
 9.690625e+002  2.018623e-005
 9.696812e+002  1.922837e-005
 9.703000e+002  2.038107e-005
 9.709187e+002  1.986915e-005
 9.715375e+002  1.524788e-005
 9.721562e+002  1.822061e-005
 9.727750e+002  1.983750e-005
 9.733937e+002  2.128158e-005
 9.740125e+002  2.338937e-005
 9.746312e+002  2.131667e-005
 9.752500e+002  2.191715e-005
 9.758687e+002  1.882492e-005
 9.764875e+002  1.851468e-005
 9.771062e+002  2.018871e-005
 9.777250e+002  1.868319e-005
 9.783437e+002  1.857399e-005
 9.789625e+002  1.583933e-005
 9.795812e+002  1.880483e-005
 9.802000e+002  1.743449e-005
 9.808187e+002  1.722123e-005
 9.814375e+002  2.205498e-005
 9.820562e+002  2.338074e-005
 9.826750e+002  1.980091e-005
 9.832937e+002  1.671681e-005
 9.839125e+002  2.239771e-005
 9.845312e+002  2.086767e-005
 9.851500e+002  2.172684e-005
 9.857687e+002  2.508198e-005
 9.863875e+002  2.119575e-005
 9.870062e+002  2.064766e-005
 9.876250e+002  1.975680e-005
 9.882437e+002  2.067956e-005
 9.888625e+002  2.000713e-005
 9.894812e+002  2.025557e-005
 9.901000e+002  2.278621e-005
 9.907187e+002  2.086435e-005
 9.913375e+002  1.742916e-005
 9.919562e+002  1.895409e-005
 9.925750e+002  1.712260e-005
 9.931937e+002  1.622999e-005
 9.938125e+002  1.734282e-005
 9.944312e+002  1.530967e-005
 9.950500e+002  1.291006e-005
 9.956687e+002  1.737545e-005
 9.962875e+002  1.955897e-005
 9.969062e+002  1.473465e-005
 9.975250e+002  1.875092e-005
 9.981437e+002  1.942760e-005
 9.987625e+002  1.912528e-005
 9.993812e+002  5.457045e-005
 1.000000e+003  1.173024e-004
