 1.000000e+000  1.206572e-003
 1.061875e+000  1.283423e-003
 1.123750e+000  1.016148e-003
 1.185625e+000  8.079637e-004
 1.247500e+000  1.543711e-003
 1.309375e+000  8.471970e-004
 1.371250e+000  8.355148e-004
 1.433125e+000  1.288667e-003
 1.495000e+000  9.597523e-004
 1.556875e+000  8.940901e-004
 1.618750e+000  8.579929e-004
 1.680625e+000  1.052164e-003
 1.742500e+000  9.367224e-004
 1.804375e+000  6.720944e-004
 1.866250e+000  8.359661e-004
 1.928125e+000  7.446885e-004
 1.990000e+000  7.710709e-004
 2.051875e+000  8.422084e-004
 2.113750e+000  6.641450e-004
 2.175625e+000  6.641987e-004
 2.237500e+000  6.455442e-004
 2.299375e+000  3.565215e-004
 2.361250e+000  6.266217e-004
 2.423125e+000  6.608556e-004
 2.485000e+000  3.685493e-004
 2.546875e+000  6.601989e-004
 2.608750e+000  7.161991e-004
 2.670625e+000  6.778471e-004
 2.732500e+000  8.490822e-004
 2.794375e+000  7.719264e-004
 2.856250e+000  5.723098e-004
 2.918125e+000  7.819661e-004
 2.980000e+000  5.129642e-004
 3.041875e+000  1.876906e-004
 3.103750e+000  3.274320e-004
 3.165625e+000  1.256881e-004
 3.227500e+000  3.913922e-004
 3.289375e+000  3.925575e-004
 3.351250e+000  2.934591e-004
 3.413125e+000  7.462497e-004
 3.475000e+000  5.715162e-004
 3.536875e+000  4.344984e-004
 3.598750e+000  2.439390e-004
 3.660625e+000  2.892545e-004
 3.722500e+000  5.676589e-004
 3.784375e+000  4.270554e-004
 3.846250e+000  5.097848e-004
 3.908125e+000  5.138952e-004
 3.970000e+000  2.646937e-004
 4.031875e+000  3.442323e-004
 4.093750e+000  5.112128e-004
 4.155625e+000  4.852240e-004
 4.217500e+000  3.593863e-004
 4.279375e+000  3.894243e-004
 4.341250e+000  2.402916e-004
 4.403125e+000  4.684297e-004
 4.465000e+000  7.686409e-004
 4.526875e+000  6.285106e-004
 4.588750e+000  3.362495e-004
 4.650625e+000  3.432604e-004
 4.712500e+000  2.110108e-004
 4.774375e+000  3.806934e-004
 4.836250e+000  2.829408e-004
 4.898125e+000  4.443807e-004
 4.960000e+000  3.685232e-004
 5.021875e+000  3.453643e-004
 5.083750e+000  4.364152e-004
 5.145625e+000  2.609338e-004
 5.207500e+000  2.011370e-004
 5.269375e+000  1.098336e-004
 5.331250e+000  1.950309e-004
 5.393125e+000  3.240827e-004
 5.455000e+000  4.433218e-004
 5.516875e+000  4.416586e-004
 5.578750e+000  4.111111e-004
 5.640625e+000  2.793099e-004
 5.702500e+000  2.397302e-004
 5.764375e+000  4.777465e-004
 5.826250e+000  5.837749e-004
 5.888125e+000  3.405462e-004
 5.950000e+000  3.555864e-004
 6.011875e+000  2.816860e-004
 6.073750e+000  4.373583e-004
 6.135625e+000  4.127649e-004
 6.197500e+000  2.900244e-004
 6.259375e+000  1.756356e-004
 6.321250e+000  2.620348e-004
 6.383125e+000  2.365193e-004
 6.445000e+000  1.242175e-004
 6.506875e+000  2.366135e-004
 6.568750e+000  2.866950e-004
 6.630625e+000  3.040216e-004
 6.692500e+000  1.427144e-004
 6.754375e+000  1.273093e-004
 6.816250e+000  1.667632e-004
 6.878125e+000  2.060263e-004
 6.940000e+000  2.335151e-004
 7.001875e+000  2.195463e-004
 7.063750e+000  3.014611e-004
 7.125625e+000  3.593836e-004
 7.187500e+000  2.368203e-004
 7.249375e+000  1.995507e-004
 7.311250e+000  1.884453e-004
 7.373125e+000  1.945591e-004
 7.435000e+000  2.298624e-004
 7.496875e+000  3.096283e-004
 7.558750e+000  2.847835e-004
 7.620625e+000  2.330993e-004
 7.682500e+000  2.035836e-004
 7.744375e+000  2.892730e-004
 7.806250e+000  2.026718e-004
 7.868125e+000  8.320666e-005
 7.930000e+000  2.063346e-004
 7.991875e+000  3.998610e-004
 8.053750e+000  4.064157e-004
 8.115625e+000  2.888515e-004
 8.177500e+000  1.844011e-004
 8.239375e+000  1.024858e-004
 8.301250e+000  1.762373e-004
 8.363125e+000  2.616466e-004
 8.425000e+000  2.814010e-004
 8.486875e+000  2.988519e-004
 8.548750e+000  2.573931e-004
 8.610625e+000  1.898959e-004
 8.672500e+000  9.252221e-005
 8.734375e+000  9.702869e-005
 8.796250e+000  2.299502e-004
 8.858125e+000  3.112024e-004
 8.920000e+000  2.245337e-004
 8.981875e+000  2.387749e-004
 9.043750e+000  1.628802e-004
 9.105625e+000  2.609131e-004
 9.167500e+000  2.889827e-004
 9.229375e+000  9.000983e-005
 9.291250e+000  1.829889e-004
 9.353125e+000  1.808008e-004
 9.415000e+000  7.511388e-005
 9.476875e+000  2.372907e-004
 9.538750e+000  2.897791e-004
 9.600625e+000  2.129414e-004
 9.662500e+000  9.198927e-005
 9.724375e+000  1.829963e-004
 9.786250e+000  2.801742e-004
 9.848125e+000  1.856739e-004
 9.910000e+000  2.008594e-004
 9.971875e+000  1.139674e-004
 1.003375e+001  2.513768e-004
 1.009563e+001  1.906848e-004
 1.015750e+001  1.431992e-004
 1.021938e+001  1.090293e-004
 1.028125e+001  1.997719e-004
 1.034313e+001  2.554679e-004
 1.040500e+001  2.714926e-004
 1.046688e+001  2.892471e-004
 1.052875e+001  1.916318e-004
 1.059063e+001  2.078463e-004
 1.065250e+001  2.713571e-004
 1.071438e+001  2.256964e-004
 1.077625e+001  1.835960e-004
 1.083813e+001  2.067719e-004
 1.090000e+001  2.574404e-004
 1.096188e+001  2.215592e-004
 1.102375e+001  2.528147e-004
 1.108563e+001  1.996399e-004
 1.114750e+001  1.124221e-004
 1.120938e+001  2.527676e-004
 1.127125e+001  2.924561e-004
 1.133313e+001  2.504784e-004
 1.139500e+001  2.070677e-004
 1.145688e+001  1.694554e-004
 1.151875e+001  1.625897e-004
 1.158063e+001  1.539318e-004
 1.164250e+001  2.442160e-004
 1.170438e+001  2.380191e-004
 1.176625e+001  1.161249e-004
 1.182813e+001  1.442853e-004
 1.189000e+001  2.319701e-004
 1.195188e+001  2.731709e-004
 1.201375e+001  2.528956e-004
 1.207563e+001  1.743738e-004
 1.213750e+001  1.232736e-004
 1.219938e+001  1.807129e-004
 1.226125e+001  2.660279e-004
 1.232313e+001  3.165429e-004
 1.238500e+001  2.591335e-004
 1.244688e+001  2.972352e-004
 1.250875e+001  2.447479e-004
 1.257063e+001  2.022919e-004
 1.263250e+001  2.228272e-004
 1.269438e+001  2.153731e-004
 1.275625e+001  1.713737e-004
 1.281813e+001  2.161594e-004
 1.288000e+001  1.623427e-004
 1.294188e+001  2.056454e-004
 1.300375e+001  2.758068e-004
 1.306563e+001  2.687198e-004
 1.312750e+001  1.160588e-004
 1.318938e+001  1.992736e-004
 1.325125e+001  2.454437e-004
 1.331313e+001  2.852662e-004
 1.337500e+001  1.257531e-004
 1.343688e+001  5.934748e-005
 1.349875e+001  1.127463e-004
 1.356063e+001  1.642448e-004
 1.362250e+001  1.824888e-004
 1.368438e+001  1.445081e-004
 1.374625e+001  2.277495e-004
 1.380813e+001  2.361644e-004
 1.387000e+001  1.874660e-004
 1.393188e+001  1.505368e-004
 1.399375e+001  1.745521e-004
 1.405563e+001  1.969871e-004
 1.411750e+001  1.187211e-004
 1.417938e+001  1.290928e-004
 1.424125e+001  7.862871e-005
 1.430313e+001  8.951154e-005
 1.436500e+001  1.129095e-004
 1.442688e+001  1.129552e-004
 1.448875e+001  1.332064e-004
 1.455063e+001  2.082774e-004
 1.461250e+001  1.559123e-004
 1.467438e+001  1.246121e-004
 1.473625e+001  1.702966e-004
 1.479813e+001  1.126451e-004
 1.486000e+001  1.916487e-004
 1.492188e+001  2.152238e-004
 1.498375e+001  2.558117e-004
 1.504563e+001  1.427608e-004
 1.510750e+001  7.977831e-005
 1.516938e+001  9.600037e-005
 1.523125e+001  1.654047e-004
 1.529313e+001  2.000737e-004
 1.535500e+001  1.798162e-004
 1.541688e+001  2.527964e-004
 1.547875e+001  2.275213e-004
 1.554063e+001  2.353464e-004
 1.560250e+001  1.717187e-004
 1.566438e+001  1.691029e-004
 1.572625e+001  1.965126e-004
 1.578813e+001  1.860581e-004
 1.585000e+001  1.155355e-004
 1.591188e+001  1.413990e-004
 1.597375e+001  1.933488e-004
 1.603563e+001  1.317769e-004
 1.609750e+001  1.623101e-004
 1.615938e+001  1.916020e-004
 1.622125e+001  1.009773e-004
 1.628313e+001  1.455812e-004
 1.634500e+001  1.535226e-004
 1.640688e+001  1.152385e-004
 1.646875e+001  9.341304e-005
 1.653063e+001  8.268360e-005
 1.659250e+001  7.676701e-005
 1.665438e+001  1.274378e-004
 1.671625e+001  1.581513e-004
 1.677813e+001  9.130565e-005
 1.684000e+001  8.789910e-005
 1.690188e+001  1.423072e-004
 1.696375e+001  1.634068e-004
 1.702563e+001  1.492972e-004
 1.708750e+001  1.783136e-004
 1.714938e+001  1.083535e-004
 1.721125e+001  1.229750e-004
 1.727313e+001  1.279096e-004
 1.733500e+001  1.407608e-004
 1.739688e+001  1.558581e-004
 1.745875e+001  2.690052e-004
 1.752063e+001  2.157907e-004
 1.758250e+001  1.293399e-004
 1.764438e+001  9.419671e-005
 1.770625e+001  8.228996e-005
 1.776813e+001  1.202733e-004
 1.783000e+001  1.068596e-004
 1.789188e+001  1.534421e-004
 1.795375e+001  1.378841e-004
 1.801563e+001  1.264582e-004
 1.807750e+001  1.108618e-004
 1.813938e+001  1.306037e-004
 1.820125e+001  1.019696e-004
 1.826313e+001  2.006644e-004
 1.832500e+001  2.038637e-004
 1.838688e+001  1.645915e-004
 1.844875e+001  1.221180e-004
 1.851063e+001  2.556690e-004
 1.857250e+001  2.613760e-004
 1.863438e+001  1.132683e-004
 1.869625e+001  1.123604e-004
 1.875813e+001  9.117903e-005
 1.882000e+001  1.072880e-004
 1.888188e+001  1.642837e-004
 1.894375e+001  2.252266e-004
 1.900563e+001  1.685480e-004
 1.906750e+001  1.095504e-004
 1.912938e+001  1.725521e-004
 1.919125e+001  2.005996e-004
 1.925313e+001  9.620863e-005
 1.931500e+001  9.466771e-005
 1.937688e+001  1.306334e-004
 1.943875e+001  1.202998e-004
 1.950063e+001  1.240636e-004
 1.956250e+001  1.159125e-004
 1.962438e+001  1.887449e-004
 1.968625e+001  1.698340e-004
 1.974813e+001  9.603034e-005
 1.981000e+001  8.246320e-005
 1.987188e+001  1.837926e-004
 1.993375e+001  1.464819e-004
 1.999563e+001  1.427752e-004
 2.005750e+001  1.593785e-004
 2.011938e+001  1.348285e-004
 2.018125e+001  8.720461e-005
 2.024313e+001  1.908545e-004
 2.030500e+001  2.125606e-004
 2.036688e+001  1.008205e-004
 2.042875e+001  1.688709e-004
 2.049063e+001  2.514608e-004
 2.055250e+001  1.225090e-004
 2.061438e+001  1.416406e-004
 2.067625e+001  2.015575e-004
 2.073813e+001  7.874847e-005
 2.080000e+001  6.446275e-005
 2.086188e+001  1.600860e-004
 2.092375e+001  2.439473e-004
 2.098563e+001  1.961027e-004
 2.104750e+001  1.201834e-004
 2.110938e+001  1.286537e-004
 2.117125e+001  6.104709e-005
 2.123313e+001  1.446130e-004
 2.129500e+001  1.558594e-004
 2.135688e+001  8.927346e-005
 2.141875e+001  1.649342e-004
 2.148063e+001  1.948337e-004
 2.154250e+001  2.527978e-004
 2.160438e+001  2.100082e-004
 2.166625e+001  2.302560e-004
 2.172813e+001  1.751274e-004
 2.179000e+001  1.108591e-004
 2.185188e+001  1.058950e-004
 2.191375e+001  6.646544e-005
 2.197563e+001  5.693135e-005
 2.203750e+001  1.487662e-004
 2.209938e+001  1.099502e-004
 2.216125e+001  1.693753e-004
 2.222313e+001  2.311502e-004
 2.228500e+001  1.505332e-004
 2.234688e+001  7.876326e-005
 2.240875e+001  1.400758e-004
 2.247063e+001  9.695483e-005
 2.253250e+001  1.843117e-004
 2.259438e+001  2.350633e-004
 2.265625e+001  2.064055e-004
 2.271813e+001  1.846776e-004
 2.278000e+001  1.789190e-004
 2.284188e+001  1.795599e-004
 2.290375e+001  1.703643e-004
 2.296563e+001  1.683494e-004
 2.302750e+001  9.523726e-005
 2.308938e+001  4.449456e-005
 2.315125e+001  1.239565e-004
 2.321313e+001  1.804556e-004
 2.327500e+001  1.017469e-004
 2.333688e+001  1.001667e-004
 2.339875e+001  6.662340e-005
 2.346063e+001  1.269919e-004
 2.352250e+001  1.032032e-004
 2.358438e+001  1.212864e-004
 2.364625e+001  8.533211e-005
 2.370813e+001  1.697783e-004
 2.377000e+001  2.776381e-004
 2.383188e+001  2.575689e-004
 2.389375e+001  1.546294e-004
 2.395563e+001  1.178446e-004
 2.401750e+001  1.675061e-004
 2.407938e+001  9.767189e-005
 2.414125e+001  3.937065e-005
 2.420313e+001  1.018510e-004
 2.426500e+001  1.396505e-004
 2.432688e+001  1.626500e-004
 2.438875e+001  1.570263e-004
 2.445063e+001  1.612600e-004
 2.451250e+001  2.071535e-004
 2.457438e+001  2.063030e-004
 2.463625e+001  1.516516e-004
 2.469813e+001  2.261652e-004
 2.476000e+001  1.914669e-004
 2.482188e+001  5.105514e-005
 2.488375e+001  1.382073e-004
 2.494563e+001  1.230220e-004
 2.500750e+001  3.467348e-005
 2.506938e+001  9.320650e-005
 2.513125e+001  1.229000e-004
 2.519313e+001  1.558611e-004
 2.525500e+001  1.514371e-004
 2.531688e+001  1.021316e-004
 2.537875e+001  1.511794e-004
 2.544063e+001  1.045035e-004
 2.550250e+001  1.555611e-004
 2.556438e+001  5.512190e-005
 2.562625e+001  9.602895e-005
 2.568813e+001  1.104371e-004
 2.575000e+001  7.313814e-005
 2.581188e+001  6.959676e-005
 2.587375e+001  1.830596e-004
 2.593563e+001  1.269170e-004
 2.599750e+001  8.701071e-005
 2.605938e+001  1.906346e-004
 2.612125e+001  1.742455e-004
 2.618313e+001  6.988152e-005
 2.624500e+001  1.065899e-004
 2.630688e+001  8.939831e-005
 2.636875e+001  1.322554e-004
 2.643063e+001  9.113438e-005
 2.649250e+001  7.515999e-005
 2.655438e+001  1.452872e-004
 2.661625e+001  1.494581e-004
 2.667813e+001  4.862564e-005
 2.674000e+001  1.869752e-004
 2.680188e+001  1.003305e-004
 2.686375e+001  7.627081e-005
 2.692563e+001  8.964839e-005
 2.698750e+001  1.253275e-004
 2.704938e+001  1.564472e-004
 2.711125e+001  1.520555e-004
 2.717313e+001  1.219861e-004
 2.723500e+001  7.152307e-005
 2.729688e+001  1.422486e-004
 2.735875e+001  1.379934e-004
 2.742063e+001  1.833710e-004
 2.748250e+001  1.564901e-004
 2.754438e+001  1.488372e-004
 2.760625e+001  1.788235e-004
 2.766813e+001  1.223326e-004
 2.773000e+001  9.378681e-005
 2.779188e+001  1.480971e-004
 2.785375e+001  1.128793e-004
 2.791563e+001  8.720285e-005
 2.797750e+001  1.248634e-004
 2.803938e+001  1.010027e-004
 2.810125e+001  7.702395e-005
 2.816313e+001  3.795088e-005
 2.822500e+001  5.845201e-005
 2.828688e+001  1.427796e-004
 2.834875e+001  1.696168e-004
 2.841063e+001  1.173466e-004
 2.847250e+001  1.632175e-004
 2.853438e+001  2.441431e-004
 2.859625e+001  1.961557e-004
 2.865813e+001  1.573387e-004
 2.872000e+001  1.385482e-004
 2.878188e+001  1.347672e-004
 2.884375e+001  1.112126e-004
 2.890563e+001  1.032181e-004
 2.896750e+001  9.312694e-005
 2.902938e+001  6.801145e-005
 2.909125e+001  5.251257e-005
 2.915313e+001  9.054341e-005
 2.921500e+001  7.029204e-005
 2.927688e+001  8.722511e-005
 2.933875e+001  7.385532e-005
 2.940063e+001  1.405577e-004
 2.946250e+001  1.031086e-004
 2.952438e+001  2.040181e-004
 2.958625e+001  1.866548e-004
 2.964813e+001  7.282348e-005
 2.971000e+001  1.190252e-004
 2.977188e+001  5.248868e-005
 2.983375e+001  1.137799e-004
 2.989563e+001  1.413324e-004
 2.995750e+001  7.134891e-005
 3.001938e+001  1.709212e-004
 3.008125e+001  1.182071e-004
 3.014313e+001  5.681099e-005
 3.020500e+001  1.031409e-004
 3.026688e+001  6.148274e-005
 3.032875e+001  1.429703e-004
 3.039063e+001  1.214865e-004
 3.045250e+001  1.678619e-004
 3.051438e+001  2.165517e-004
 3.057625e+001  2.106620e-004
 3.063813e+001  1.262714e-004
 3.070000e+001  1.506997e-004
 3.076188e+001  1.674868e-004
 3.082375e+001  1.128435e-004
 3.088563e+001  1.626275e-004
 3.094750e+001  2.086907e-004
 3.100938e+001  2.050994e-004
 3.107125e+001  1.568195e-004
 3.113313e+001  1.670193e-004
 3.119500e+001  1.552046e-004
 3.125688e+001  1.329883e-004
 3.131875e+001  1.488294e-004
 3.138063e+001  1.218023e-004
 3.144250e+001  4.880364e-005
 3.150438e+001  9.363956e-005
 3.156625e+001  1.519650e-004
 3.162813e+001  1.651008e-004
 3.169000e+001  1.776349e-004
 3.175188e+001  1.876199e-004
 3.181375e+001  1.800087e-004
 3.187563e+001  1.238556e-004
 3.193750e+001  8.621399e-005
 3.199938e+001  8.019710e-005
 3.206125e+001  1.879503e-004
 3.212313e+001  2.012317e-004
 3.218500e+001  1.626111e-004
 3.224688e+001  1.618065e-004
 3.230875e+001  1.199837e-004
 3.237063e+001  1.073342e-004
 3.243250e+001  5.294129e-005
 3.249438e+001  1.026445e-004
 3.255625e+001  9.003301e-005
 3.261813e+001  1.357212e-004
 3.268000e+001  1.026054e-004
 3.274188e+001  2.191981e-004
 3.280375e+001  1.947107e-004
 3.286563e+001  4.366530e-005
 3.292750e+001  1.447690e-004
 3.298938e+001  1.297894e-004
 3.305125e+001  6.463824e-005
 3.311313e+001  8.475464e-005
 3.317500e+001  1.200209e-004
 3.323688e+001  3.559338e-005
 3.329875e+001  1.632340e-004
 3.336063e+001  8.394915e-005
 3.342250e+001  1.734851e-004
 3.348438e+001  1.310050e-004
 3.354625e+001  4.000246e-005
 3.360813e+001  5.595079e-005
 3.367000e+001  1.387444e-004
 3.373188e+001  1.343558e-004
 3.379375e+001  8.098201e-005
 3.385563e+001  1.693209e-004
 3.391750e+001  1.385656e-004
 3.397938e+001  2.126855e-005
 3.404125e+001  1.409836e-004
 3.410313e+001  1.879898e-004
 3.416500e+001  1.479257e-004
 3.422688e+001  1.071368e-004
 3.428875e+001  5.629794e-005
 3.435063e+001  8.592903e-005
 3.441250e+001  1.137235e-004
 3.447438e+001  1.046055e-004
 3.453625e+001  1.347890e-004
 3.459813e+001  1.712867e-004
 3.466000e+001  2.148264e-004
 3.472188e+001  2.079116e-004
 3.478375e+001  3.369343e-005
 3.484563e+001  1.849618e-004
 3.490750e+001  1.861294e-004
 3.496938e+001  1.266597e-004
 3.503125e+001  8.875852e-005
 3.509313e+001  1.337927e-004
 3.515500e+001  1.208484e-004
 3.521688e+001  1.108555e-004
 3.527875e+001  1.253091e-004
 3.534063e+001  1.928891e-004
 3.540250e+001  1.654233e-004
 3.546438e+001  1.449163e-004
 3.552625e+001  1.060754e-004
 3.558813e+001  5.531687e-005
 3.565000e+001  8.361613e-005
 3.571188e+001  8.295575e-005
 3.577375e+001  1.069839e-004
 3.583563e+001  1.473210e-004
 3.589750e+001  1.421819e-004
 3.595938e+001  1.274226e-004
 3.602125e+001  5.540415e-005
 3.608313e+001  1.016038e-004
 3.614500e+001  1.608691e-004
 3.620688e+001  2.084126e-004
 3.626875e+001  1.794055e-004
 3.633063e+001  1.474473e-004
 3.639250e+001  1.524078e-004
 3.645438e+001  8.649321e-005
 3.651625e+001  9.613727e-005
 3.657813e+001  1.314550e-004
 3.664000e+001  1.001538e-004
 3.670188e+001  1.413556e-004
 3.676375e+001  9.654884e-005
 3.682563e+001  9.547006e-005
 3.688750e+001  1.221404e-004
 3.694938e+001  1.677892e-004
 3.701125e+001  2.024364e-004
 3.707313e+001  1.496127e-004
 3.713500e+001  7.895595e-005
 3.719688e+001  9.000558e-005
 3.725875e+001  8.910950e-005
 3.732063e+001  9.776528e-005
 3.738250e+001  1.400764e-004
 3.744438e+001  5.343577e-005
 3.750625e+001  1.007570e-004
 3.756813e+001  3.942055e-005
 3.763000e+001  9.616271e-005
 3.769188e+001  1.375147e-004
 3.775375e+001  2.069600e-004
 3.781563e+001  1.746583e-004
 3.787750e+001  1.541330e-004
 3.793938e+001  1.899621e-004
 3.800125e+001  1.184747e-004
 3.806313e+001  1.051990e-004
 3.812500e+001  1.325737e-004
 3.818688e+001  1.115745e-004
 3.824875e+001  4.029676e-005
 3.831063e+001  5.279768e-005
 3.837250e+001  1.459173e-004
 3.843438e+001  1.244233e-004
 3.849625e+001  9.142144e-005
 3.855813e+001  1.018870e-004
 3.862000e+001  7.527554e-005
 3.868188e+001  7.498845e-005
 3.874375e+001  6.575236e-005
 3.880563e+001  1.024111e-004
 3.886750e+001  1.408820e-004
 3.892938e+001  1.739253e-004
 3.899125e+001  1.380996e-004
 3.905313e+001  7.815187e-005
 3.911500e+001  2.717034e-005
 3.917688e+001  3.327955e-005
 3.923875e+001  1.042025e-004
 3.930063e+001  9.519420e-005
 3.936250e+001  8.821887e-005
 3.942438e+001  1.220727e-004
 3.948625e+001  1.180224e-004
 3.954813e+001  7.086243e-005
 3.961000e+001  7.642217e-005
 3.967188e+001  1.147066e-004
 3.973375e+001  1.522037e-004
 3.979563e+001  5.575980e-005
 3.985750e+001  8.721251e-005
 3.991938e+001  9.594410e-005
 3.998125e+001  1.344729e-004
 4.004313e+001  1.326370e-004
 4.010500e+001  8.120641e-005
 4.016688e+001  9.985560e-005
 4.022875e+001  9.579264e-005
 4.029063e+001  7.910048e-005
 4.035250e+001  9.487811e-005
 4.041438e+001  1.344747e-004
 4.047625e+001  1.349055e-004
 4.053813e+001  7.650452e-005
 4.060000e+001  1.182866e-004
 4.066188e+001  1.149109e-004
 4.072375e+001  7.962479e-005
 4.078563e+001  1.081517e-004
 4.084750e+001  9.446067e-005
 4.090938e+001  7.623614e-005
 4.097125e+001  1.221475e-004
 4.103313e+001  1.186845e-004
 4.109500e+001  9.432953e-005
 4.115688e+001  1.161895e-004
 4.121875e+001  1.078583e-004
 4.128063e+001  8.777241e-005
 4.134250e+001  1.125455e-004
 4.140438e+001  1.383323e-004
 4.146625e+001  9.928118e-005
 4.152813e+001  9.939453e-005
 4.159000e+001  1.040618e-004
 4.165188e+001  1.037818e-004
 4.171375e+001  1.244580e-004
 4.177563e+001  1.378208e-004
 4.183750e+001  1.558843e-004
 4.189938e+001  1.097490e-004
 4.196125e+001  1.529930e-005
 4.202313e+001  5.852978e-005
 4.208500e+001  4.558357e-005
 4.214688e+001  1.064546e-004
 4.220875e+001  1.506385e-004
 4.227063e+001  1.337290e-004
 4.233250e+001  1.482907e-004
 4.239438e+001  1.872131e-004
 4.245625e+001  1.132476e-004
 4.251813e+001  5.403003e-005
 4.258000e+001  1.059527e-004
 4.264188e+001  2.470046e-004
 4.270375e+001  2.011860e-004
 4.276563e+001  9.827046e-005
 4.282750e+001  9.601472e-005
 4.288938e+001  1.113041e-004
 4.295125e+001  8.636766e-005
 4.301313e+001  1.372141e-004
 4.307500e+001  1.147663e-004
 4.313688e+001  1.636089e-004
 4.319875e+001  1.041774e-004
 4.326063e+001  5.161052e-005
 4.332250e+001  1.437985e-004
 4.338438e+001  1.623429e-004
 4.344625e+001  1.382340e-004
 4.350813e+001  1.112152e-004
 4.357000e+001  7.634573e-005
 4.363188e+001  1.301610e-004
 4.369375e+001  7.710770e-005
 4.375563e+001  6.591369e-005
 4.381750e+001  3.873350e-005
 4.387938e+001  6.916159e-005
 4.394125e+001  6.016893e-005
 4.400313e+001  1.602306e-004
 4.406500e+001  1.672639e-004
 4.412688e+001  1.631672e-004
 4.418875e+001  1.662734e-004
 4.425063e+001  1.526325e-004
 4.431250e+001  1.104388e-004
 4.437438e+001  1.043553e-004
 4.443625e+001  1.356940e-004
 4.449813e+001  1.775968e-004
 4.456000e+001  1.516865e-004
 4.462188e+001  1.012125e-004
 4.468375e+001  1.054181e-004
 4.474563e+001  1.322727e-004
 4.480750e+001  9.654562e-005
 4.486938e+001  6.459795e-005
 4.493125e+001  7.529901e-005
 4.499313e+001  8.986092e-005
 4.505500e+001  1.585189e-004
 4.511688e+001  1.255966e-004
 4.517875e+001  7.039606e-005
 4.524063e+001  1.141014e-004
 4.530250e+001  1.370719e-004
 4.536438e+001  1.422240e-004
 4.542625e+001  1.835444e-004
 4.548813e+001  1.666584e-004
 4.555000e+001  1.179493e-004
 4.561188e+001  1.659765e-004
 4.567375e+001  5.192770e-005
 4.573563e+001  9.081370e-005
 4.579750e+001  6.179079e-005
 4.585938e+001  5.668838e-005
 4.592125e+001  1.014266e-004
 4.598313e+001  9.900589e-005
 4.604500e+001  9.052958e-005
 4.610688e+001  1.197287e-004
 4.616875e+001  1.749481e-004
 4.623063e+001  1.604658e-004
 4.629250e+001  9.780042e-005
 4.635438e+001  1.394109e-004
 4.641625e+001  8.983297e-005
 4.647813e+001  5.685866e-005
 4.654000e+001  5.952344e-005
 4.660188e+001  7.766191e-005
 4.666375e+001  1.517482e-004
 4.672563e+001  1.592402e-004
 4.678750e+001  1.567779e-004
 4.684938e+001  1.140194e-004
 4.691125e+001  1.040515e-004
 4.697313e+001  1.049284e-004
 4.703500e+001  1.134171e-004
 4.709688e+001  8.317876e-005
 4.715875e+001  7.528736e-005
 4.722063e+001  1.411947e-004
 4.728250e+001  1.670840e-004
 4.734438e+001  4.829380e-005
 4.740625e+001  8.191273e-005
 4.746813e+001  8.148297e-005
 4.753000e+001  5.586406e-005
 4.759188e+001  7.112162e-005
 4.765375e+001  7.952824e-005
 4.771563e+001  4.880661e-005
 4.777750e+001  4.326421e-005
 4.783938e+001  9.691121e-005
 4.790125e+001  3.543607e-005
 4.796313e+001  8.833299e-005
 4.802500e+001  9.265800e-005
 4.808688e+001  9.784622e-005
 4.814875e+001  9.063791e-005
 4.821063e+001  1.085216e-004
 4.827250e+001  9.530967e-005
 4.833438e+001  8.026275e-005
 4.839625e+001  5.352889e-005
 4.845813e+001  7.428012e-005
 4.852000e+001  7.588070e-005
 4.858188e+001  1.317947e-004
 4.864375e+001  1.194129e-004
 4.870563e+001  1.473642e-004
 4.876750e+001  1.254074e-004
 4.882938e+001  4.452343e-005
 4.889125e+001  7.547215e-005
 4.895313e+001  1.856450e-004
 4.901500e+001  1.461935e-004
 4.907688e+001  8.799293e-005
 4.913875e+001  6.873924e-005
 4.920063e+001  6.816912e-005
 4.926250e+001  3.631639e-005
 4.932438e+001  8.722329e-005
 4.938625e+001  1.306753e-004
 4.944813e+001  1.187110e-004
 4.951000e+001  9.353605e-005
 4.957188e+001  6.195095e-005
 4.963375e+001  5.559627e-005
 4.969563e+001  3.849976e-005
 4.975750e+001  5.833280e-005
 4.981938e+001  1.082051e-004
 4.988125e+001  4.321244e-004
 4.994313e+001  1.368025e-002
 5.000500e+001  2.871642e-002
 5.006688e+001  1.513998e-002
 5.012875e+001  4.136612e-004
 5.019063e+001  1.222169e-004
 5.025250e+001  1.263497e-004
 5.031438e+001  1.380383e-004
 5.037625e+001  1.810010e-004
 5.043813e+001  1.455435e-004
 5.050000e+001  9.158567e-005
 5.056188e+001  7.432999e-005
 5.062375e+001  9.012755e-005
 5.068563e+001  1.281714e-004
 5.074750e+001  1.074617e-004
 5.080938e+001  9.858401e-005
 5.087125e+001  7.110638e-005
 5.093313e+001  8.942528e-005
 5.099500e+001  1.386587e-004
 5.105688e+001  1.274108e-004
 5.111875e+001  9.334631e-005
 5.118063e+001  4.638989e-005
 5.124250e+001  1.061747e-004
 5.130438e+001  1.471034e-004
 5.136625e+001  1.382408e-004
 5.142813e+001  1.100630e-004
 5.149000e+001  8.537461e-005
 5.155188e+001  7.356920e-005
 5.161375e+001  6.711822e-005
 5.167563e+001  1.051914e-004
 5.173750e+001  3.136177e-005
 5.179938e+001  9.069618e-005
 5.186125e+001  8.214636e-005
 5.192313e+001  9.925836e-005
 5.198500e+001  1.054601e-004
 5.204688e+001  1.166978e-004
 5.210875e+001  7.623297e-005
 5.217063e+001  7.201785e-005
 5.223250e+001  6.454056e-005
 5.229438e+001  9.725201e-005
 5.235625e+001  1.338296e-004
 5.241813e+001  1.274198e-004
 5.248000e+001  1.031238e-004
 5.254188e+001  6.479850e-005
 5.260375e+001  2.599746e-005
 5.266563e+001  4.698543e-005
 5.272750e+001  4.642587e-005
 5.278938e+001  1.025137e-004
 5.285125e+001  3.907101e-005
 5.291313e+001  5.257957e-005
 5.297500e+001  1.436149e-004
 5.303688e+001  2.143973e-004
 5.309875e+001  1.834811e-004
 5.316063e+001  6.534915e-005
 5.322250e+001  8.296964e-005
 5.328438e+001  4.647299e-005
 5.334625e+001  3.395842e-005
 5.340813e+001  5.119748e-005
 5.347000e+001  7.905801e-005
 5.353188e+001  6.572610e-005
 5.359375e+001  9.898856e-005
 5.365563e+001  1.290408e-004
 5.371750e+001  1.579325e-004
 5.377938e+001  1.670653e-004
 5.384125e+001  1.090738e-004
 5.390313e+001  9.085926e-005
 5.396500e+001  1.150387e-004
 5.402688e+001  9.240370e-005
 5.408875e+001  1.088367e-004
 5.415063e+001  4.590652e-005
 5.421250e+001  1.185423e-004
 5.427438e+001  1.209534e-004
 5.433625e+001  1.089733e-004
 5.439813e+001  9.707923e-005
 5.446000e+001  3.790776e-005
 5.452188e+001  6.575552e-005
 5.458375e+001  8.071386e-005
 5.464563e+001  1.257497e-004
 5.470750e+001  1.258935e-004
 5.476938e+001  6.901674e-005
 5.483125e+001  3.593866e-005
 5.489313e+001  3.306840e-005
 5.495500e+001  2.759410e-005
 5.501688e+001  5.783760e-005
 5.507875e+001  8.396295e-005
 5.514063e+001  9.089576e-005
 5.520250e+001  1.249444e-004
 5.526438e+001  7.967244e-005
 5.532625e+001  1.517177e-004
 5.538813e+001  8.981360e-005
 5.545000e+001  1.003880e-004
 5.551188e+001  1.029190e-004
 5.557375e+001  1.192862e-004
 5.563563e+001  8.416538e-005
 5.569750e+001  9.984388e-005
 5.575938e+001  8.671478e-005
 5.582125e+001  5.772077e-005
 5.588313e+001  5.557617e-005
 5.594500e+001  3.118869e-005
 5.600688e+001  4.362817e-005
 5.606875e+001  5.864227e-005
 5.613063e+001  7.062737e-005
 5.619250e+001  6.924116e-005
 5.625438e+001  8.530638e-005
 5.631625e+001  8.910017e-005
 5.637813e+001  5.509308e-005
 5.644000e+001  7.745064e-005
 5.650188e+001  7.841580e-005
 5.656375e+001  5.171511e-005
 5.662563e+001  8.624173e-005
 5.668750e+001  7.739274e-005
 5.674938e+001  1.161750e-004
 5.681125e+001  1.189861e-004
 5.687313e+001  9.757016e-005
 5.693500e+001  9.660478e-005
 5.699688e+001  7.770433e-005
 5.705875e+001  8.010417e-005
 5.712063e+001  1.358023e-004
 5.718250e+001  1.310681e-004
 5.724438e+001  9.647388e-005
 5.730625e+001  8.304410e-005
 5.736813e+001  4.695304e-005
 5.743000e+001  5.367574e-005
 5.749188e+001  9.061886e-005
 5.755375e+001  7.446910e-005
 5.761563e+001  7.008276e-005
 5.767750e+001  4.296498e-005
 5.773938e+001  6.705142e-005
 5.780125e+001  8.703852e-005
 5.786313e+001  8.156764e-005
 5.792500e+001  4.497072e-005
 5.798688e+001  4.200800e-005
 5.804875e+001  3.006955e-005
 5.811063e+001  5.713152e-005
 5.817250e+001  8.414934e-005
 5.823438e+001  7.400738e-005
 5.829625e+001  6.301841e-005
 5.835813e+001  4.223161e-005
 5.842000e+001  5.551541e-005
 5.848188e+001  1.195222e-004
 5.854375e+001  1.397291e-004
 5.860563e+001  7.657956e-005
 5.866750e+001  7.323718e-005
 5.872938e+001  2.763060e-005
 5.879125e+001  6.244367e-005
 5.885313e+001  9.597042e-005
 5.891500e+001  4.629869e-005
 5.897688e+001  4.962478e-005
 5.903875e+001  7.689176e-005
 5.910063e+001  9.060347e-005
 5.916250e+001  8.662368e-005
 5.922438e+001  7.367286e-005
 5.928625e+001  6.465814e-005
 5.934813e+001  8.495943e-005
 5.941000e+001  1.020101e-004
 5.947188e+001  1.504264e-004
 5.953375e+001  1.390108e-004
 5.959563e+001  7.160087e-005
 5.965750e+001  8.574367e-005
 5.971938e+001  9.298483e-005
 5.978125e+001  8.018098e-005
 5.984313e+001  1.045482e-004
 5.990500e+001  1.286108e-004
 5.996688e+001  1.009931e-004
 6.002875e+001  8.445874e-005
 6.009063e+001  7.915017e-005
 6.015250e+001  5.358909e-005
 6.021438e+001  4.998670e-005
 6.027625e+001  6.294152e-005
 6.033813e+001  6.366487e-005
 6.040000e+001  7.152745e-005
 6.046188e+001  6.847353e-005
 6.052375e+001  1.156228e-004
 6.058563e+001  9.928775e-005
 6.064750e+001  4.437459e-005
 6.070938e+001  1.060993e-004
 6.077125e+001  1.374873e-004
 6.083313e+001  6.272480e-005
 6.089500e+001  4.037708e-005
 6.095688e+001  3.450348e-005
 6.101875e+001  7.253801e-005
 6.108063e+001  8.736043e-005
 6.114250e+001  5.370953e-005
 6.120438e+001  7.091136e-005
 6.126625e+001  7.965426e-005
 6.132813e+001  7.508309e-005
 6.139000e+001  4.751024e-005
 6.145188e+001  1.449355e-005
 6.151375e+001  4.265263e-005
 6.157563e+001  8.803493e-005
 6.163750e+001  7.476190e-005
 6.169938e+001  1.080127e-004
 6.176125e+001  1.110690e-004
 6.182313e+001  4.665990e-005
 6.188500e+001  9.834361e-005
 6.194688e+001  5.103020e-005
 6.200875e+001  8.182633e-005
 6.207063e+001  8.737082e-005
 6.213250e+001  9.466275e-005
 6.219438e+001  1.125005e-004
 6.225625e+001  1.116873e-004
 6.231813e+001  1.017656e-004
 6.238000e+001  5.147872e-005
 6.244188e+001  1.159290e-004
 6.250375e+001  1.774013e-004
 6.256563e+001  1.036036e-004
 6.262750e+001  9.712335e-005
 6.268938e+001  8.845648e-005
 6.275125e+001  7.751438e-005
 6.281313e+001  9.090905e-005
 6.287500e+001  1.349616e-004
 6.293688e+001  1.123340e-004
 6.299875e+001  7.334475e-005
 6.306063e+001  1.056832e-004
 6.312250e+001  1.527014e-004
 6.318438e+001  1.421500e-004
 6.324625e+001  1.139465e-004
 6.330813e+001  1.230664e-004
 6.337000e+001  7.021477e-005
 6.343188e+001  5.955167e-005
 6.349375e+001  8.682631e-005
 6.355563e+001  8.176115e-005
 6.361750e+001  9.004416e-005
 6.367938e+001  1.360119e-004
 6.374125e+001  8.701779e-005
 6.380313e+001  5.127636e-005
 6.386500e+001  7.246742e-005
 6.392688e+001  6.740310e-005
 6.398875e+001  3.464561e-005
 6.405063e+001  5.378856e-005
 6.411250e+001  4.213909e-005
 6.417438e+001  8.858460e-005
 6.423625e+001  1.191456e-004
 6.429813e+001  1.029252e-004
 6.436000e+001  9.191604e-005
 6.442188e+001  5.182296e-005
 6.448375e+001  4.519442e-005
 6.454563e+001  6.387485e-005
 6.460750e+001  8.044748e-005
 6.466938e+001  7.500263e-005
 6.473125e+001  3.403576e-005
 6.479313e+001  4.885058e-005
 6.485500e+001  7.965705e-005
 6.491688e+001  1.115815e-004
 6.497875e+001  7.161705e-005
 6.504063e+001  7.164429e-005
 6.510250e+001  5.358054e-005
 6.516438e+001  1.059823e-004
 6.522625e+001  6.446536e-005
 6.528813e+001  1.102907e-004
 6.535000e+001  8.089244e-005
 6.541188e+001  5.350714e-005
 6.547375e+001  4.914385e-005
 6.553563e+001  7.697636e-005
 6.559750e+001  7.949576e-005
 6.565938e+001  8.144623e-005
 6.572125e+001  1.368500e-004
 6.578313e+001  9.440370e-005
 6.584500e+001  4.026248e-005
 6.590688e+001  3.505813e-005
 6.596875e+001  8.817636e-005
 6.603063e+001  9.912648e-005
 6.609250e+001  9.628881e-005
 6.615438e+001  1.389430e-004
 6.621625e+001  1.599071e-004
 6.627813e+001  9.301786e-005
 6.634000e+001  5.154513e-005
 6.640188e+001  9.048843e-005
 6.646375e+001  8.655127e-005
 6.652563e+001  8.661189e-005
 6.658750e+001  7.604229e-005
 6.664938e+001  6.760477e-005
 6.671125e+001  1.046231e-004
 6.677313e+001  7.158094e-005
 6.683500e+001  9.573659e-005
 6.689688e+001  4.809480e-005
 6.695875e+001  2.368141e-005
 6.702063e+001  3.463010e-005
 6.708250e+001  9.645776e-005
 6.714438e+001  9.550220e-005
 6.720625e+001  6.517691e-005
 6.726813e+001  7.655565e-005
 6.733000e+001  7.087661e-005
 6.739188e+001  6.080510e-005
 6.745375e+001  9.110848e-005
 6.751563e+001  9.995018e-005
 6.757750e+001  6.940721e-005
 6.763938e+001  8.771315e-005
 6.770125e+001  8.253879e-005
 6.776313e+001  7.492966e-005
 6.782500e+001  5.000435e-005
 6.788688e+001  4.167624e-005
 6.794875e+001  6.902647e-005
 6.801063e+001  4.337961e-005
 6.807250e+001  2.800107e-005
 6.813438e+001  7.490481e-005
 6.819625e+001  7.216698e-005
 6.825813e+001  9.998148e-005
 6.832000e+001  7.303954e-005
 6.838188e+001  3.922852e-005
 6.844375e+001  8.310337e-005
 6.850563e+001  1.007607e-004
 6.856750e+001  8.749095e-005
 6.862938e+001  3.849161e-005
 6.869125e+001  5.162979e-005
 6.875313e+001  4.399794e-005
 6.881500e+001  4.532012e-005
 6.887688e+001  3.468123e-005
 6.893875e+001  8.405817e-005
 6.900063e+001  1.235678e-004
 6.906250e+001  9.307932e-005
 6.912438e+001  6.556660e-005
 6.918625e+001  6.835394e-005
 6.924813e+001  8.527858e-005
 6.931000e+001  1.001318e-004
 6.937188e+001  1.109563e-004
 6.943375e+001  5.218023e-005
 6.949563e+001  5.224441e-005
 6.955750e+001  8.975900e-005
 6.961938e+001  8.232919e-005
 6.968125e+001  9.463274e-005
 6.974313e+001  7.415464e-005
 6.980500e+001  2.243604e-005
 6.986688e+001  6.719181e-005
 6.992875e+001  1.357618e-004
 6.999063e+001  1.430870e-004
 7.005250e+001  1.237650e-004
 7.011438e+001  1.278468e-004
 7.017625e+001  8.587869e-005
 7.023813e+001  1.000557e-004
 7.030000e+001  8.675105e-005
 7.036188e+001  3.858756e-005
 7.042375e+001  6.368555e-005
 7.048563e+001  6.210431e-005
 7.054750e+001  6.792980e-005
 7.060938e+001  6.282099e-005
 7.067125e+001  5.777658e-005
 7.073313e+001  2.365636e-005
 7.079500e+001  4.618005e-005
 7.085688e+001  2.850488e-005
 7.091875e+001  7.920366e-005
 7.098063e+001  1.269565e-004
 7.104250e+001  8.743125e-005
 7.110438e+001  5.828368e-005
 7.116625e+001  5.734078e-005
 7.122813e+001  6.858012e-005
 7.129000e+001  8.022900e-005
 7.135188e+001  5.387808e-005
 7.141375e+001  4.902880e-005
 7.147563e+001  4.614304e-005
 7.153750e+001  5.872920e-005
 7.159938e+001  6.992847e-005
 7.166125e+001  8.343243e-005
 7.172313e+001  3.414574e-005
 7.178500e+001  7.810371e-005
 7.184688e+001  8.850921e-005
 7.190875e+001  6.036163e-005
 7.197063e+001  6.816406e-005
 7.203250e+001  7.737114e-005
 7.209438e+001  7.557224e-005
 7.215625e+001  1.026504e-004
 7.221813e+001  6.320679e-005
 7.228000e+001  5.589246e-005
 7.234188e+001  5.271552e-005
 7.240375e+001  6.616895e-005
 7.246563e+001  7.453069e-005
 7.252750e+001  9.257995e-005
 7.258938e+001  3.796387e-005
 7.265125e+001  7.057317e-005
 7.271313e+001  1.249075e-004
 7.277500e+001  1.109930e-004
 7.283688e+001  7.797900e-005
 7.289875e+001  9.103856e-005
 7.296063e+001  9.945272e-005
 7.302250e+001  8.735271e-005
 7.308438e+001  7.792678e-005
 7.314625e+001  5.431255e-005
 7.320813e+001  5.945453e-005
 7.327000e+001  9.436655e-005
 7.333188e+001  8.765696e-005
 7.339375e+001  2.332576e-005
 7.345563e+001  8.455532e-005
 7.351750e+001  1.050782e-004
 7.357938e+001  1.129989e-004
 7.364125e+001  9.713059e-005
 7.370313e+001  5.575825e-005
 7.376500e+001  4.624143e-005
 7.382688e+001  5.479151e-005
 7.388875e+001  1.125372e-004
 7.395063e+001  1.285594e-004
 7.401250e+001  1.053666e-004
 7.407438e+001  9.771094e-005
 7.413625e+001  7.523001e-005
 7.419813e+001  5.490459e-005
 7.426000e+001  6.378499e-005
 7.432188e+001  5.292392e-005
 7.438375e+001  4.573614e-005
 7.444563e+001  3.570041e-005
 7.450750e+001  7.970697e-005
 7.456938e+001  1.082145e-004
 7.463125e+001  9.074142e-005
 7.469313e+001  4.616673e-005
 7.475500e+001  5.465915e-005
 7.481688e+001  5.051184e-005
 7.487875e+001  6.095342e-005
 7.494063e+001  6.812116e-005
 7.500250e+001  5.104992e-005
 7.506438e+001  6.847413e-005
 7.512625e+001  5.694159e-005
 7.518813e+001  6.632705e-005
 7.525000e+001  7.076611e-005
 7.531188e+001  1.790997e-004
 7.537375e+001  3.816591e-004
 7.543563e+001  3.288773e-004
 7.549750e+001  9.109975e-005
 7.555938e+001  5.423785e-005
 7.562125e+001  9.964608e-005
 7.568313e+001  5.141021e-005
 7.574500e+001  6.654161e-005
 7.580688e+001  9.972307e-005
 7.586875e+001  5.760346e-005
 7.593063e+001  3.174511e-005
 7.599250e+001  5.054128e-005
 7.605438e+001  5.848579e-005
 7.611625e+001  1.247328e-004
 7.617813e+001  1.059013e-004
 7.624000e+001  4.367345e-005
 7.630188e+001  5.587472e-005
 7.636375e+001  4.855953e-005
 7.642563e+001  5.680768e-005
 7.648750e+001  9.501660e-005
 7.654938e+001  5.160206e-005
 7.661125e+001  6.689222e-005
 7.667313e+001  9.009042e-005
 7.673500e+001  7.336933e-005
 7.679688e+001  5.123263e-005
 7.685875e+001  6.485080e-005
 7.692063e+001  5.657495e-005
 7.698250e+001  4.448303e-005
 7.704438e+001  3.197102e-005
 7.710625e+001  4.592106e-005
 7.716813e+001  3.612098e-005
 7.723000e+001  4.736499e-005
 7.729188e+001  5.164636e-005
 7.735375e+001  2.959276e-005
 7.741563e+001  3.864957e-005
 7.747750e+001  4.241426e-005
 7.753938e+001  5.514001e-005
 7.760125e+001  5.448611e-005
 7.766313e+001  5.306442e-005
 7.772500e+001  6.767175e-005
 7.778688e+001  6.397050e-005
 7.784875e+001  4.338429e-005
 7.791063e+001  4.289944e-005
 7.797250e+001  7.168903e-005
 7.803438e+001  6.656911e-005
 7.809625e+001  6.049299e-005
 7.815813e+001  9.042230e-005
 7.822000e+001  4.384134e-005
 7.828188e+001  8.783394e-005
 7.834375e+001  8.841528e-005
 7.840563e+001  2.987836e-005
 7.846750e+001  8.279503e-005
 7.852938e+001  7.117677e-005
 7.859125e+001  6.792235e-005
 7.865313e+001  9.878643e-005
 7.871500e+001  1.167757e-004
 7.877688e+001  8.251247e-005
 7.883875e+001  9.025134e-005
 7.890063e+001  1.047751e-004
 7.896250e+001  1.075990e-004
 7.902438e+001  1.093173e-004
 7.908625e+001  1.046529e-004
 7.914813e+001  1.100409e-004
 7.921000e+001  1.066157e-004
 7.927188e+001  5.395661e-005
 7.933375e+001  1.111437e-004
 7.939563e+001  1.252389e-004
 7.945750e+001  1.182492e-004
 7.951938e+001  7.511583e-005
 7.958125e+001  4.018001e-005
 7.964313e+001  3.924736e-005
 7.970500e+001  5.821726e-005
 7.976688e+001  9.487993e-005
 7.982875e+001  4.518806e-005
 7.989063e+001  5.318888e-005
 7.995250e+001  6.409867e-005
 8.001438e+001  9.498311e-005
 8.007625e+001  1.111203e-004
 8.013813e+001  4.663004e-005
 8.020000e+001  7.097574e-005
 8.026188e+001  7.220776e-005
 8.032375e+001  3.742567e-005
 8.038563e+001  3.803374e-005
 8.044750e+001  6.717312e-005
 8.050938e+001  5.488867e-005
 8.057125e+001  3.275765e-005
 8.063313e+001  6.100988e-005
 8.069500e+001  7.252386e-005
 8.075688e+001  5.682327e-005
 8.081875e+001  2.461963e-005
 8.088063e+001  6.087059e-005
 8.094250e+001  5.391716e-005
 8.100438e+001  4.925224e-005
 8.106625e+001  4.349047e-005
 8.112813e+001  6.753993e-005
 8.119000e+001  8.964519e-005
 8.125188e+001  9.353874e-005
 8.131375e+001  9.027975e-005
 8.137563e+001  8.334943e-005
 8.143750e+001  7.093719e-005
 8.149938e+001  6.967704e-005
 8.156125e+001  4.817785e-005
 8.162313e+001  4.564223e-005
 8.168500e+001  5.555705e-005
 8.174688e+001  4.388802e-005
 8.180875e+001  5.263534e-005
 8.187063e+001  6.994105e-005
 8.193250e+001  4.213743e-005
 8.199438e+001  3.164673e-005
 8.205625e+001  5.169785e-005
 8.211813e+001  5.775830e-005
 8.218000e+001  4.574392e-005
 8.224188e+001  2.879218e-005
 8.230375e+001  3.875901e-005
 8.236563e+001  7.456260e-005
 8.242750e+001  5.781816e-005
 8.248938e+001  8.061444e-005
 8.255125e+001  6.787321e-005
 8.261313e+001  6.730101e-005
 8.267500e+001  5.597408e-005
 8.273688e+001  1.016908e-004
 8.279875e+001  9.298063e-005
 8.286063e+001  7.038158e-005
 8.292250e+001  7.240835e-005
 8.298438e+001  5.537385e-005
 8.304625e+001  4.273657e-005
 8.310813e+001  3.704122e-005
 8.317000e+001  7.498789e-005
 8.323188e+001  8.105842e-005
 8.329375e+001  6.583287e-005
 8.335563e+001  3.429824e-005
 8.341750e+001  2.805590e-005
 8.347938e+001  3.194560e-005
 8.354125e+001  8.356768e-005
 8.360313e+001  4.872789e-005
 8.366500e+001  7.933429e-005
 8.372688e+001  5.979351e-005
 8.378875e+001  5.592627e-005
 8.385063e+001  9.646697e-005
 8.391250e+001  1.133847e-004
 8.397438e+001  4.495347e-005
 8.403625e+001  1.208890e-004
 8.409813e+001  1.381669e-004
 8.416000e+001  6.909218e-005
 8.422188e+001  3.577010e-005
 8.428375e+001  4.473073e-005
 8.434563e+001  3.845799e-005
 8.440750e+001  5.962456e-005
 8.446938e+001  5.630891e-005
 8.453125e+001  5.609727e-005
 8.459313e+001  7.157908e-005
 8.465500e+001  5.480491e-005
 8.471688e+001  6.010614e-005
 8.477875e+001  4.571681e-005
 8.484063e+001  7.664998e-005
 8.490250e+001  9.461822e-005
 8.496438e+001  8.115810e-005
 8.502625e+001  7.519799e-005
 8.508813e+001  3.932331e-005
 8.515000e+001  5.278047e-005
 8.521188e+001  7.355396e-005
 8.527375e+001  7.426517e-005
 8.533563e+001  4.006059e-005
 8.539750e+001  2.041035e-005
 8.545938e+001  8.968181e-005
 8.552125e+001  1.231441e-004
 8.558313e+001  6.976103e-005
 8.564500e+001  3.950686e-005
 8.570688e+001  2.430297e-005
 8.576875e+001  9.161822e-005
 8.583063e+001  1.125190e-004
 8.589250e+001  1.033443e-004
 8.595438e+001  8.642478e-005
 8.601625e+001  7.931075e-005
 8.607813e+001  6.998373e-005
 8.614000e+001  3.951554e-005
 8.620188e+001  2.639199e-005
 8.626375e+001  2.886750e-005
 8.632563e+001  4.970953e-005
 8.638750e+001  6.703610e-005
 8.644938e+001  5.748067e-005
 8.651125e+001  5.899513e-005
 8.657313e+001  6.893885e-005
 8.663500e+001  8.402855e-005
 8.669688e+001  1.039020e-004
 8.675875e+001  6.106813e-005
 8.682063e+001  5.323616e-005
 8.688250e+001  4.690877e-005
 8.694438e+001  6.336357e-005
 8.700625e+001  2.516272e-005
 8.706813e+001  3.545231e-005
 8.713000e+001  4.254467e-005
 8.719188e+001  4.427206e-005
 8.725375e+001  1.168398e-005
 8.731563e+001  5.728278e-005
 8.737750e+001  7.422491e-005
 8.743938e+001  5.089584e-005
 8.750125e+001  8.088693e-005
 8.756313e+001  9.755172e-005
 8.762500e+001  7.896801e-005
 8.768688e+001  4.677483e-005
 8.774875e+001  5.474812e-005
 8.781063e+001  6.462137e-005
 8.787250e+001  7.309989e-005
 8.793438e+001  6.696494e-005
 8.799625e+001  5.333536e-005
 8.805813e+001  6.201427e-005
 8.812000e+001  7.183648e-005
 8.818188e+001  6.568972e-005
 8.824375e+001  6.634477e-005
 8.830563e+001  8.881178e-005
 8.836750e+001  8.052482e-005
 8.842938e+001  6.311037e-005
 8.849125e+001  3.711203e-005
 8.855313e+001  4.370974e-005
 8.861500e+001  4.822060e-005
 8.867688e+001  4.926713e-005
 8.873875e+001  7.202420e-005
 8.880063e+001  3.462035e-005
 8.886250e+001  4.708791e-005
 8.892438e+001  6.561791e-005
 8.898625e+001  4.323522e-005
 8.904813e+001  4.550733e-005
 8.911000e+001  4.021340e-005
 8.917188e+001  6.371903e-005
 8.923375e+001  6.331736e-005
 8.929563e+001  3.749670e-005
 8.935750e+001  4.460373e-005
 8.941938e+001  7.230694e-005
 8.948125e+001  5.857214e-005
 8.954313e+001  3.467099e-005
 8.960500e+001  5.769690e-005
 8.966688e+001  6.436801e-005
 8.972875e+001  7.076296e-005
 8.979063e+001  6.048754e-005
 8.985250e+001  6.720288e-005
 8.991438e+001  5.211713e-005
 8.997625e+001  7.674360e-005
 9.003813e+001  8.613900e-005
 9.010000e+001  6.395591e-005
 9.016188e+001  6.031597e-005
 9.022375e+001  6.576547e-005
 9.028563e+001  3.979331e-005
 9.034750e+001  5.196398e-005
 9.040938e+001  5.286358e-005
 9.047125e+001  5.536205e-005
 9.053313e+001  4.337952e-005
 9.059500e+001  4.187992e-005
 9.065688e+001  3.375494e-005
 9.071875e+001  1.772998e-005
 9.078063e+001  3.713894e-005
 9.084250e+001  4.784827e-005
 9.090438e+001  6.186998e-005
 9.096625e+001  5.342161e-005
 9.102813e+001  4.469256e-005
 9.109000e+001  4.217121e-005
 9.115188e+001  4.749016e-005
 9.121375e+001  7.523507e-005
 9.127563e+001  7.275023e-005
 9.133750e+001  3.692417e-005
 9.139938e+001  3.473741e-005
 9.146125e+001  3.773941e-005
 9.152313e+001  5.326771e-005
 9.158500e+001  6.150822e-005
 9.164688e+001  2.954870e-005
 9.170875e+001  5.621856e-005
 9.177063e+001  8.257735e-005
 9.183250e+001  2.138236e-004
 9.189438e+001  3.207211e-004
 9.195625e+001  1.568321e-004
 9.201813e+001  5.310238e-005
 9.208000e+001  4.945290e-005
 9.214188e+001  5.758845e-005
 9.220375e+001  4.698719e-005
 9.226563e+001  3.341704e-005
 9.232750e+001  2.322286e-005
 9.238938e+001  3.378868e-005
 9.245125e+001  4.501863e-005
 9.251313e+001  3.820842e-005
 9.257500e+001  5.058246e-005
 9.263688e+001  4.341163e-005
 9.269875e+001  3.533720e-005
 9.276063e+001  4.492601e-005
 9.282250e+001  5.547393e-005
 9.288438e+001  5.968638e-005
 9.294625e+001  2.797727e-005
 9.300813e+001  3.743210e-005
 9.307000e+001  4.182721e-005
 9.313188e+001  5.977376e-005
 9.319375e+001  6.800582e-005
 9.325563e+001  5.117174e-005
 9.331750e+001  7.333056e-005
 9.337938e+001  4.500480e-005
 9.344125e+001  5.683251e-005
 9.350313e+001  3.647914e-005
 9.356500e+001  3.557524e-005
 9.362688e+001  7.211002e-005
 9.368875e+001  6.894642e-005
 9.375063e+001  6.678567e-005
 9.381250e+001  9.236054e-005
 9.387438e+001  7.515888e-005
 9.393625e+001  3.561716e-005
 9.399813e+001  7.606381e-005
 9.406000e+001  8.489666e-005
 9.412188e+001  4.328318e-005
 9.418375e+001  4.061122e-005
 9.424563e+001  5.414532e-005
 9.430750e+001  5.872044e-005
 9.436938e+001  4.567631e-005
 9.443125e+001  4.791468e-005
 9.449313e+001  4.309067e-005
 9.455500e+001  7.899848e-005
 9.461688e+001  8.550468e-005
 9.467875e+001  7.246616e-005
 9.474063e+001  3.363830e-005
 9.480250e+001  4.785154e-005
 9.486438e+001  3.822446e-005
 9.492625e+001  3.362018e-005
 9.498813e+001  4.951244e-005
 9.505000e+001  6.168190e-005
 9.511188e+001  6.360184e-005
 9.517375e+001  5.304271e-005
 9.523563e+001  2.901613e-005
 9.529750e+001  5.716272e-005
 9.535938e+001  8.110946e-005
 9.542125e+001  6.092854e-005
 9.548313e+001  4.273917e-005
 9.554500e+001  1.741064e-005
 9.560688e+001  5.576159e-005
 9.566875e+001  4.510919e-005
 9.573063e+001  5.401258e-005
 9.579250e+001  7.214129e-005
 9.585438e+001  6.019821e-005
 9.591625e+001  3.512325e-005
 9.597813e+001  3.761359e-005
 9.604000e+001  5.150060e-005
 9.610188e+001  7.099603e-005
 9.616375e+001  4.091555e-005
 9.622563e+001  2.054492e-005
 9.628750e+001  3.252077e-005
 9.634938e+001  5.594188e-005
 9.641125e+001  5.151286e-005
 9.647313e+001  4.898186e-005
 9.653500e+001  3.508213e-005
 9.659688e+001  3.617197e-005
 9.665875e+001  5.804942e-005
 9.672063e+001  5.479606e-005
 9.678250e+001  4.136027e-005
 9.684438e+001  5.832538e-005
 9.690625e+001  4.817817e-005
 9.696813e+001  2.421698e-005
 9.703000e+001  5.822504e-005
 9.709188e+001  6.499770e-005
 9.715375e+001  5.785197e-005
 9.721563e+001  4.497469e-005
 9.727750e+001  3.756567e-005
 9.733938e+001  4.839411e-005
 9.740125e+001  4.692728e-005
 9.746313e+001  5.129036e-005
 9.752500e+001  5.848844e-005
 9.758688e+001  4.755666e-005
 9.764875e+001  5.250367e-005
 9.771063e+001  4.210356e-005
 9.777250e+001  5.944221e-005
 9.783438e+001  6.223279e-005
 9.789625e+001  4.249936e-005
 9.795813e+001  3.401790e-005
 9.802000e+001  4.910962e-005
 9.808188e+001  5.836832e-005
 9.814375e+001  6.683570e-005
 9.820563e+001  8.040866e-005
 9.826750e+001  8.999721e-005
 9.832938e+001  7.010280e-005
 9.839125e+001  4.433456e-005
 9.845313e+001  6.151754e-005
 9.851500e+001  6.794562e-005
 9.857688e+001  4.267143e-005
 9.863875e+001  3.801673e-005
 9.870063e+001  2.907381e-005
 9.876250e+001  4.374176e-005
 9.882438e+001  7.643348e-005
 9.888625e+001  9.084968e-005
 9.894813e+001  6.575939e-005
 9.901000e+001  5.110503e-005
 9.907188e+001  6.035625e-005
 9.913375e+001  7.973520e-005
 9.919563e+001  2.930041e-005
 9.925750e+001  3.537374e-005
 9.931938e+001  6.489185e-005
 9.938125e+001  8.713998e-005
 9.944313e+001  5.459463e-005
 9.950500e+001  5.382913e-005
 9.956688e+001  8.218554e-005
 9.962875e+001  4.240243e-005
 9.969063e+001  3.481551e-005
 9.975250e+001  4.556315e-005
 9.981438e+001  4.419137e-005
 9.987625e+001  8.890626e-005
 9.993813e+001  6.130957e-004
 1.000000e+002  1.727079e-003
