 1.000000e+000  5.063794e-004
 1.061875e+000  5.221133e-004
 1.123750e+000  3.683625e-004
 1.185625e+000  2.671682e-004
 1.247500e+000  3.425869e-004
 1.309375e+000  4.527502e-004
 1.371250e+000  3.302633e-004
 1.433125e+000  3.417991e-004
 1.495000e+000  1.526149e-004
 1.556875e+000  9.571963e-005
 1.618750e+000  2.168751e-004
 1.680625e+000  4.757173e-004
 1.742500e+000  3.962299e-004
 1.804375e+000  2.436605e-004
 1.866250e+000  2.476949e-004
 1.928125e+000  1.530596e-004
 1.990000e+000  2.814724e-004
 2.051875e+000  3.262750e-004
 2.113750e+000  2.828704e-004
 2.175625e+000  2.797740e-004
 2.237500e+000  3.186789e-004
 2.299375e+000  1.962439e-004
 2.361250e+000  1.983103e-004
 2.423125e+000  1.482865e-004
 2.485000e+000  1.138524e-004
 2.546875e+000  1.300191e-004
 2.608750e+000  3.165478e-004
 2.670625e+000  3.273161e-004
 2.732500e+000  2.273840e-004
 2.794375e+000  1.155970e-004
 2.856250e+000  8.523840e-005
 2.918125e+000  9.743458e-005
 2.980000e+000  1.227099e-004
 3.041875e+000  1.202992e-004
 3.103750e+000  1.325405e-004
 3.165625e+000  2.078315e-004
 3.227500e+000  2.264000e-004
 3.289375e+000  2.274527e-004
 3.351250e+000  2.869718e-004
 3.413125e+000  1.114409e-004
 3.475000e+000  1.177215e-004
 3.536875e+000  2.843331e-004
 3.598750e+000  2.157993e-004
 3.660625e+000  1.757457e-004
 3.722500e+000  9.102295e-005
 3.784375e+000  2.144637e-004
 3.846250e+000  2.580243e-004
 3.908125e+000  2.400778e-004
 3.970000e+000  1.532854e-004
 4.031875e+000  2.133086e-004
 4.093750e+000  2.779373e-004
 4.155625e+000  1.377307e-004
 4.217500e+000  1.430104e-004
 4.279375e+000  1.758252e-004
 4.341250e+000  1.204466e-004
 4.403125e+000  2.402405e-004
 4.465000e+000  2.136107e-004
 4.526875e+000  1.269445e-004
 4.588750e+000  1.391504e-004
 4.650625e+000  1.040000e-004
 4.712500e+000  1.200287e-004
 4.774375e+000  1.140660e-004
 4.836250e+000  1.453764e-004
 4.898125e+000  1.542142e-004
 4.960000e+000  1.325107e-004
 5.021875e+000  1.581597e-004
 5.083750e+000  1.528630e-004
 5.145625e+000  2.601762e-005
 5.207500e+000  1.352145e-004
 5.269375e+000  2.447025e-004
 5.331250e+000  2.120449e-004
 5.393125e+000  1.306114e-004
 5.455000e+000  1.551082e-004
 5.516875e+000  1.168252e-004
 5.578750e+000  1.574900e-004
 5.640625e+000  1.360068e-004
 5.702500e+000  1.479021e-004
 5.764375e+000  1.618019e-004
 5.826250e+000  1.780186e-004
 5.888125e+000  1.634451e-004
 5.950000e+000  9.817777e-005
 6.011875e+000  3.542271e-005
 6.073750e+000  1.211938e-004
 6.135625e+000  8.313828e-005
 6.197500e+000  9.730687e-005
 6.259375e+000  8.689439e-005
 6.321250e+000  1.286898e-004
 6.383125e+000  1.605468e-004
 6.445000e+000  1.577905e-004
 6.506875e+000  1.558530e-004
 6.568750e+000  1.629762e-004
 6.630625e+000  1.467259e-004
 6.692500e+000  2.092192e-004
 6.754375e+000  2.317562e-004
 6.816250e+000  1.068956e-004
 6.878125e+000  2.434256e-004
 6.940000e+000  2.264039e-004
 7.001875e+000  1.679172e-004
 7.063750e+000  1.686028e-004
 7.125625e+000  2.049277e-004
 7.187500e+000  2.160833e-004
 7.249375e+000  2.042521e-004
 7.311250e+000  2.010528e-004
 7.373125e+000  1.727344e-004
 7.435000e+000  8.666768e-005
 7.496875e+000  1.087734e-004
 7.558750e+000  1.065803e-004
 7.620625e+000  6.442551e-005
 7.682500e+000  1.388974e-004
 7.744375e+000  2.495977e-004
 7.806250e+000  2.594770e-004
 7.868125e+000  1.378492e-004
 7.930000e+000  1.345975e-004
 7.991875e+000  9.793670e-005
 8.053750e+000  9.032625e-005
 8.115625e+000  1.832495e-004
 8.177500e+000  1.741554e-004
 8.239375e+000  9.064570e-005
 8.301250e+000  1.811512e-004
 8.363125e+000  2.153520e-004
 8.425000e+000  1.884617e-004
 8.486875e+000  1.214929e-004
 8.548750e+000  1.427614e-004
 8.610625e+000  1.813793e-004
 8.672500e+000  2.324692e-004
 8.734375e+000  2.231152e-004
 8.796250e+000  1.043899e-004
 8.858125e+000  8.167586e-005
 8.920000e+000  1.215988e-004
 8.981875e+000  2.196793e-004
 9.043750e+000  2.397580e-004
 9.105625e+000  1.974763e-004
 9.167500e+000  2.338312e-004
 9.229375e+000  2.574363e-004
 9.291250e+000  2.171274e-004
 9.353125e+000  1.399231e-004
 9.415000e+000  1.257836e-004
 9.476875e+000  1.564299e-004
 9.538750e+000  1.547702e-004
 9.600625e+000  1.206162e-004
 9.662500e+000  7.199455e-005
 9.724375e+000  1.176273e-004
 9.786250e+000  1.588930e-004
 9.848125e+000  1.609941e-004
 9.910000e+000  1.384838e-004
 9.971875e+000  1.609581e-004
 1.003375e+001  1.810512e-004
 1.009563e+001  1.276432e-004
 1.015750e+001  1.039046e-004
 1.021938e+001  1.485387e-004
 1.028125e+001  1.582513e-004
 1.034313e+001  1.674268e-004
 1.040500e+001  1.622718e-004
 1.046688e+001  9.291777e-005
 1.052875e+001  1.062839e-004
 1.059063e+001  8.546530e-005
 1.065250e+001  1.193029e-004
 1.071438e+001  7.920073e-005
 1.077625e+001  8.280506e-005
 1.083813e+001  8.654659e-005
 1.090000e+001  1.514045e-004
 1.096188e+001  2.202353e-004
 1.102375e+001  1.166284e-004
 1.108563e+001  1.123751e-004
 1.114750e+001  1.737489e-004
 1.120938e+001  1.785257e-004
 1.127125e+001  1.001339e-004
 1.133313e+001  1.449920e-004
 1.139500e+001  8.346718e-005
 1.145688e+001  1.281089e-004
 1.151875e+001  1.702230e-004
 1.158063e+001  7.808633e-005
 1.164250e+001  4.749533e-005
 1.170438e+001  4.286254e-005
 1.176625e+001  6.114212e-005
 1.182813e+001  5.153986e-005
 1.189000e+001  1.146848e-004
 1.195188e+001  1.664191e-004
 1.201375e+001  1.305845e-004
 1.207563e+001  1.171637e-004
 1.213750e+001  8.867999e-005
 1.219938e+001  1.037160e-004
 1.226125e+001  1.402053e-004
 1.232313e+001  1.331900e-004
 1.238500e+001  9.453860e-005
 1.244688e+001  1.354640e-004
 1.250875e+001  9.475304e-005
 1.257063e+001  8.806773e-005
 1.263250e+001  1.107084e-004
 1.269438e+001  7.462041e-005
 1.275625e+001  7.464617e-005
 1.281813e+001  1.153760e-004
 1.288000e+001  1.046409e-004
 1.294188e+001  2.036587e-004
 1.300375e+001  2.081769e-004
 1.306563e+001  1.587980e-004
 1.312750e+001  1.369378e-004
 1.318938e+001  1.366247e-004
 1.325125e+001  9.057489e-005
 1.331313e+001  7.546679e-005
 1.337500e+001  5.682860e-005
 1.343688e+001  5.347855e-005
 1.349875e+001  7.820630e-005
 1.356063e+001  9.231821e-005
 1.362250e+001  9.847885e-005
 1.368438e+001  7.230803e-005
 1.374625e+001  3.164725e-005
 1.380813e+001  1.186991e-004
 1.387000e+001  2.059844e-004
 1.393188e+001  1.530573e-004
 1.399375e+001  1.501700e-004
 1.405563e+001  1.595479e-004
 1.411750e+001  1.370360e-004
 1.417938e+001  7.578172e-005
 1.424125e+001  9.029761e-005
 1.430313e+001  7.035425e-005
 1.436500e+001  9.840342e-005
 1.442688e+001  1.208463e-004
 1.448875e+001  1.403261e-004
 1.455063e+001  1.168096e-004
 1.461250e+001  1.454746e-004
 1.467438e+001  1.389778e-004
 1.473625e+001  1.410348e-004
 1.479813e+001  1.067099e-004
 1.486000e+001  1.660920e-004
 1.492188e+001  1.025746e-004
 1.498375e+001  1.148763e-004
 1.504563e+001  1.625694e-004
 1.510750e+001  9.232630e-005
 1.516938e+001  4.249792e-005
 1.523125e+001  1.208426e-004
 1.529313e+001  1.449415e-004
 1.535500e+001  1.563763e-004
 1.541688e+001  1.582427e-004
 1.547875e+001  1.739286e-004
 1.554063e+001  1.415217e-004
 1.560250e+001  8.646419e-005
 1.566438e+001  7.825083e-005
 1.572625e+001  5.617944e-005
 1.578813e+001  3.317211e-005
 1.585000e+001  7.307081e-005
 1.591188e+001  1.146948e-004
 1.597375e+001  1.167977e-004
 1.603563e+001  8.672874e-005
 1.609750e+001  7.985477e-005
 1.615938e+001  1.072865e-004
 1.622125e+001  1.310332e-004
 1.628313e+001  7.750910e-005
 1.634500e+001  1.208049e-004
 1.640688e+001  1.691228e-004
 1.646875e+001  1.154339e-004
 1.653063e+001  1.182540e-004
 1.659250e+001  6.686591e-005
 1.665438e+001  1.538598e-004
 1.671625e+001  1.501145e-004
 1.677813e+001  1.465763e-004
 1.684000e+001  9.401820e-005
 1.690188e+001  6.241231e-005
 1.696375e+001  1.090056e-004
 1.702563e+001  6.307033e-005
 1.708750e+001  9.880950e-005
 1.714938e+001  1.180572e-004
 1.721125e+001  1.397111e-004
 1.727313e+001  7.283281e-005
 1.733500e+001  6.450931e-005
 1.739688e+001  9.311637e-005
 1.745875e+001  8.197772e-005
 1.752063e+001  1.945227e-004
 1.758250e+001  1.169099e-004
 1.764438e+001  1.049298e-004
 1.770625e+001  1.502824e-004
 1.776813e+001  1.090597e-004
 1.783000e+001  9.903024e-005
 1.789188e+001  1.237442e-004
 1.795375e+001  1.026959e-004
 1.801563e+001  1.127491e-004
 1.807750e+001  1.002679e-004
 1.813938e+001  4.853930e-005
 1.820125e+001  5.472370e-005
 1.826313e+001  1.150249e-004
 1.832500e+001  8.577307e-005
 1.838688e+001  6.731566e-005
 1.844875e+001  1.490090e-004
 1.851063e+001  1.818203e-004
 1.857250e+001  8.886547e-005
 1.863438e+001  8.032905e-005
 1.869625e+001  4.929880e-005
 1.875813e+001  1.103686e-004
 1.882000e+001  6.454699e-005
 1.888188e+001  6.833916e-005
 1.894375e+001  1.241247e-004
 1.900563e+001  1.489256e-004
 1.906750e+001  1.940768e-004
 1.912938e+001  1.257101e-004
 1.919125e+001  7.211804e-005
 1.925313e+001  4.889628e-005
 1.931500e+001  5.421719e-005
 1.937688e+001  7.056500e-005
 1.943875e+001  7.335264e-005
 1.950063e+001  3.885115e-005
 1.956250e+001  8.821521e-005
 1.962438e+001  1.144676e-004
 1.968625e+001  1.061410e-004
 1.974813e+001  9.477994e-005
 1.981000e+001  7.333324e-005
 1.987188e+001  7.105241e-005
 1.993375e+001  1.250846e-004
 1.999563e+001  1.337790e-004
 2.005750e+001  7.448569e-005
 2.011938e+001  3.690685e-005
 2.018125e+001  6.861011e-005
 2.024313e+001  1.230183e-004
 2.030500e+001  1.198818e-004
 2.036688e+001  6.959859e-005
 2.042875e+001  1.477487e-004
 2.049063e+001  1.426369e-004
 2.055250e+001  1.190358e-004
 2.061438e+001  1.162502e-004
 2.067625e+001  1.660650e-005
 2.073813e+001  1.083366e-004
 2.080000e+001  8.337215e-005
 2.086188e+001  8.880615e-005
 2.092375e+001  8.337538e-005
 2.098563e+001  6.490506e-005
 2.104750e+001  7.587964e-005
 2.110938e+001  6.526768e-005
 2.117125e+001  9.818637e-005
 2.123313e+001  8.738792e-005
 2.129500e+001  6.838437e-005
 2.135688e+001  6.879402e-005
 2.141875e+001  5.687444e-005
 2.148063e+001  9.505515e-005
 2.154250e+001  1.135918e-004
 2.160438e+001  7.186630e-005
 2.166625e+001  8.065457e-005
 2.172813e+001  9.124246e-005
 2.179000e+001  9.044825e-005
 2.185188e+001  4.489367e-005
 2.191375e+001  1.139296e-004
 2.197563e+001  9.671082e-005
 2.203750e+001  5.950404e-005
 2.209938e+001  1.149780e-004
 2.216125e+001  1.128935e-004
 2.222313e+001  8.927955e-005
 2.228500e+001  4.940459e-005
 2.234688e+001  9.431615e-005
 2.240875e+001  1.038783e-004
 2.247063e+001  2.152489e-005
 2.253250e+001  1.062225e-004
 2.259438e+001  1.322923e-004
 2.265625e+001  1.248932e-004
 2.271813e+001  6.576726e-005
 2.278000e+001  9.459898e-005
 2.284188e+001  1.080585e-004
 2.290375e+001  7.722492e-005
 2.296563e+001  7.381518e-005
 2.302750e+001  5.588795e-005
 2.308938e+001  3.719227e-005
 2.315125e+001  9.056672e-005
 2.321313e+001  9.833333e-005
 2.327500e+001  1.289322e-004
 2.333688e+001  1.041773e-004
 2.339875e+001  9.436627e-005
 2.346063e+001  1.261118e-004
 2.352250e+001  7.486138e-005
 2.358438e+001  5.811021e-005
 2.364625e+001  7.536082e-005
 2.370813e+001  9.548251e-005
 2.377000e+001  8.848795e-005
 2.383188e+001  5.895944e-005
 2.389375e+001  1.132719e-004
 2.395563e+001  1.759034e-004
 2.401750e+001  1.342746e-004
 2.407938e+001  6.779476e-005
 2.414125e+001  5.987414e-005
 2.420313e+001  9.497148e-005
 2.426500e+001  7.589612e-005
 2.432688e+001  3.945323e-005
 2.438875e+001  4.766698e-005
 2.445063e+001  9.477647e-005
 2.451250e+001  1.394759e-004
 2.457438e+001  6.429058e-005
 2.463625e+001  7.323649e-005
 2.469813e+001  1.036953e-004
 2.476000e+001  9.049609e-005
 2.482188e+001  6.895601e-005
 2.488375e+001  7.381511e-005
 2.494563e+001  1.135273e-004
 2.500750e+001  1.283012e-004
 2.506938e+001  1.142843e-004
 2.513125e+001  9.832540e-005
 2.519313e+001  1.045728e-004
 2.525500e+001  1.248320e-004
 2.531688e+001  6.693165e-005
 2.537875e+001  7.675422e-005
 2.544063e+001  1.286101e-004
 2.550250e+001  1.588993e-004
 2.556438e+001  1.281543e-004
 2.562625e+001  1.310964e-004
 2.568813e+001  8.992156e-005
 2.575000e+001  8.419672e-005
 2.581188e+001  6.200230e-005
 2.587375e+001  6.313359e-005
 2.593563e+001  3.621844e-005
 2.599750e+001  1.046587e-004
 2.605938e+001  1.142309e-004
 2.612125e+001  5.640500e-005
 2.618313e+001  7.982406e-005
 2.624500e+001  7.791763e-005
 2.630688e+001  7.330026e-005
 2.636875e+001  9.139626e-005
 2.643063e+001  1.052494e-004
 2.649250e+001  8.499294e-005
 2.655438e+001  9.496305e-005
 2.661625e+001  9.468004e-005
 2.667813e+001  1.176148e-004
 2.674000e+001  1.335278e-004
 2.680188e+001  7.788394e-005
 2.686375e+001  1.320989e-004
 2.692563e+001  1.190136e-004
 2.698750e+001  6.629510e-005
 2.704938e+001  7.426524e-005
 2.711125e+001  6.199156e-005
 2.717313e+001  1.012121e-004
 2.723500e+001  8.822751e-005
 2.729688e+001  8.831634e-005
 2.735875e+001  9.392515e-005
 2.742063e+001  8.751154e-005
 2.748250e+001  9.107309e-005
 2.754438e+001  1.002334e-004
 2.760625e+001  7.746879e-005
 2.766813e+001  2.759994e-005
 2.773000e+001  8.653041e-005
 2.779188e+001  9.342400e-005
 2.785375e+001  8.542855e-005
 2.791563e+001  7.579423e-005
 2.797750e+001  1.159966e-004
 2.803938e+001  1.206549e-004
 2.810125e+001  7.860520e-005
 2.816313e+001  7.079816e-005
 2.822500e+001  1.164863e-004
 2.828688e+001  1.134817e-004
 2.834875e+001  6.341759e-005
 2.841063e+001  9.470986e-005
 2.847250e+001  8.968093e-005
 2.853438e+001  1.004792e-004
 2.859625e+001  1.174084e-004
 2.865813e+001  9.961659e-005
 2.872000e+001  9.208135e-005
 2.878188e+001  5.360059e-005
 2.884375e+001  6.689667e-005
 2.890563e+001  1.205683e-004
 2.896750e+001  1.078572e-004
 2.902938e+001  1.345834e-004
 2.909125e+001  9.809703e-005
 2.915313e+001  5.880953e-005
 2.921500e+001  5.956669e-005
 2.927688e+001  3.662921e-005
 2.933875e+001  6.867720e-005
 2.940063e+001  9.311259e-005
 2.946250e+001  8.831828e-005
 2.952438e+001  1.189128e-004
 2.958625e+001  1.616351e-004
 2.964813e+001  4.786115e-005
 2.971000e+001  4.104766e-005
 2.977188e+001  9.159304e-005
 2.983375e+001  7.434432e-005
 2.989563e+001  1.045736e-004
 2.995750e+001  1.032077e-004
 3.001938e+001  1.289262e-004
 3.008125e+001  9.690677e-005
 3.014313e+001  6.286132e-005
 3.020500e+001  6.252781e-005
 3.026688e+001  3.178642e-005
 3.032875e+001  3.627833e-005
 3.039063e+001  1.119566e-004
 3.045250e+001  1.375159e-004
 3.051438e+001  1.049560e-004
 3.057625e+001  8.263460e-005
 3.063813e+001  6.280654e-005
 3.070000e+001  6.742140e-005
 3.076188e+001  5.133878e-005
 3.082375e+001  2.120172e-005
 3.088563e+001  4.502456e-005
 3.094750e+001  6.899401e-005
 3.100938e+001  1.458131e-004
 3.107125e+001  1.179756e-004
 3.113313e+001  7.643595e-005
 3.119500e+001  3.233522e-005
 3.125688e+001  6.480919e-005
 3.131875e+001  9.718403e-005
 3.138063e+001  8.295205e-005
 3.144250e+001  8.743881e-005
 3.150438e+001  1.199520e-004
 3.156625e+001  1.182638e-004
 3.162813e+001  1.160014e-004
 3.169000e+001  1.008925e-004
 3.175188e+001  1.363970e-004
 3.181375e+001  1.258762e-004
 3.187563e+001  9.440395e-005
 3.193750e+001  8.835271e-005
 3.199938e+001  6.387926e-005
 3.206125e+001  7.312501e-005
 3.212313e+001  6.712565e-005
 3.218500e+001  5.178517e-005
 3.224688e+001  7.357015e-005
 3.230875e+001  9.342425e-005
 3.237063e+001  1.056965e-004
 3.243250e+001  9.407085e-005
 3.249438e+001  1.111486e-004
 3.255625e+001  9.676461e-005
 3.261813e+001  5.415351e-005
 3.268000e+001  6.270962e-005
 3.274188e+001  7.305931e-005
 3.280375e+001  3.038706e-005
 3.286563e+001  7.616422e-005
 3.292750e+001  1.029447e-004
 3.298938e+001  8.249517e-005
 3.305125e+001  5.198637e-005
 3.311313e+001  4.635334e-005
 3.317500e+001  3.099517e-005
 3.323688e+001  4.096609e-005
 3.329875e+001  3.407480e-005
 3.336063e+001  1.159348e-004
 3.342250e+001  1.346128e-004
 3.348438e+001  8.981238e-005
 3.354625e+001  3.441566e-005
 3.360813e+001  3.664863e-005
 3.367000e+001  9.095957e-005
 3.373188e+001  9.009143e-005
 3.379375e+001  9.212099e-005
 3.385563e+001  1.987241e-005
 3.391750e+001  7.997782e-005
 3.397938e+001  1.428554e-004
 3.404125e+001  9.829686e-005
 3.410313e+001  2.333274e-005
 3.416500e+001  5.040192e-005
 3.422688e+001  4.665756e-005
 3.428875e+001  7.081835e-005
 3.435063e+001  1.407148e-004
 3.441250e+001  1.496610e-004
 3.447438e+001  7.415973e-005
 3.453625e+001  7.815190e-005
 3.459813e+001  5.304567e-005
 3.466000e+001  1.413071e-004
 3.472188e+001  1.611097e-004
 3.478375e+001  1.131993e-004
 3.484563e+001  8.168221e-005
 3.490750e+001  9.496552e-005
 3.496938e+001  1.497232e-004
 3.503125e+001  1.421184e-004
 3.509313e+001  1.130160e-004
 3.515500e+001  4.636940e-005
 3.521688e+001  8.669301e-005
 3.527875e+001  1.029567e-004
 3.534063e+001  9.093813e-005
 3.540250e+001  6.546938e-005
 3.546438e+001  9.583389e-005
 3.552625e+001  9.353081e-005
 3.558813e+001  8.249237e-005
 3.565000e+001  7.500377e-005
 3.571188e+001  7.589135e-005
 3.577375e+001  6.546604e-005
 3.583563e+001  5.353594e-005
 3.589750e+001  5.601807e-005
 3.595938e+001  7.212281e-005
 3.602125e+001  8.694187e-005
 3.608313e+001  7.600569e-005
 3.614500e+001  5.014951e-005
 3.620688e+001  7.161977e-005
 3.626875e+001  1.287734e-004
 3.633063e+001  1.494616e-004
 3.639250e+001  9.159083e-005
 3.645438e+001  5.425287e-005
 3.651625e+001  5.248441e-005
 3.657813e+001  7.004772e-005
 3.664000e+001  6.362791e-005
 3.670188e+001  9.830863e-005
 3.676375e+001  1.043015e-004
 3.682563e+001  9.923080e-005
 3.688750e+001  9.490625e-005
 3.694938e+001  7.052181e-005
 3.701125e+001  7.057447e-005
 3.707313e+001  9.386336e-005
 3.713500e+001  6.230223e-005
 3.719688e+001  6.387412e-005
 3.725875e+001  6.650401e-005
 3.732063e+001  4.282445e-005
 3.738250e+001  7.813240e-005
 3.744438e+001  4.256862e-005
 3.750625e+001  5.776585e-005
 3.756813e+001  1.079437e-004
 3.763000e+001  1.067394e-004
 3.769188e+001  9.833934e-005
 3.775375e+001  6.839186e-005
 3.781563e+001  8.099408e-005
 3.787750e+001  1.020358e-004
 3.793938e+001  1.260385e-004
 3.800125e+001  1.215130e-004
 3.806313e+001  6.429689e-005
 3.812500e+001  5.593813e-005
 3.818688e+001  8.040821e-005
 3.824875e+001  7.262433e-005
 3.831063e+001  5.873199e-005
 3.837250e+001  8.142157e-005
 3.843438e+001  9.305703e-005
 3.849625e+001  8.114022e-005
 3.855813e+001  1.206825e-004
 3.862000e+001  1.501928e-004
 3.868188e+001  8.618705e-005
 3.874375e+001  4.874947e-005
 3.880563e+001  2.120103e-005
 3.886750e+001  6.046806e-005
 3.892938e+001  7.928762e-005
 3.899125e+001  4.687477e-005
 3.905313e+001  8.943645e-005
 3.911500e+001  1.008420e-004
 3.917688e+001  8.228934e-005
 3.923875e+001  1.203504e-004
 3.930063e+001  1.321643e-004
 3.936250e+001  4.059098e-005
 3.942438e+001  1.019810e-004
 3.948625e+001  1.126382e-004
 3.954813e+001  8.329608e-005
 3.961000e+001  6.334338e-005
 3.967188e+001  9.460819e-005
 3.973375e+001  7.901301e-005
 3.979563e+001  2.800005e-005
 3.985750e+001  5.002539e-005
 3.991938e+001  4.504252e-005
 3.998125e+001  9.842373e-005
 4.004313e+001  1.199542e-004
 4.010500e+001  7.079295e-005
 4.016688e+001  1.122481e-004
 4.022875e+001  7.613761e-005
 4.029063e+001  1.076345e-004
 4.035250e+001  1.248080e-004
 4.041438e+001  1.140480e-004
 4.047625e+001  9.380728e-005
 4.053813e+001  1.065335e-004
 4.060000e+001  9.343769e-005
 4.066188e+001  6.467829e-005
 4.072375e+001  3.037499e-005
 4.078563e+001  3.959988e-005
 4.084750e+001  7.486044e-005
 4.090938e+001  1.005892e-004
 4.097125e+001  9.817030e-005
 4.103313e+001  1.271028e-004
 4.109500e+001  8.494964e-005
 4.115688e+001  6.742231e-005
 4.121875e+001  1.510949e-005
 4.128063e+001  7.915645e-005
 4.134250e+001  9.196111e-005
 4.140438e+001  1.011379e-004
 4.146625e+001  1.026215e-004
 4.152813e+001  5.746790e-005
 4.159000e+001  7.862343e-005
 4.165188e+001  9.421817e-005
 4.171375e+001  4.105289e-005
 4.177563e+001  9.656997e-005
 4.183750e+001  9.870193e-005
 4.189938e+001  5.088195e-005
 4.196125e+001  4.660111e-005
 4.202313e+001  9.066426e-005
 4.208500e+001  1.078957e-004
 4.214688e+001  1.223310e-004
 4.220875e+001  9.201527e-005
 4.227063e+001  6.146691e-005
 4.233250e+001  7.163189e-005
 4.239438e+001  8.930541e-005
 4.245625e+001  8.444342e-005
 4.251813e+001  9.160832e-005
 4.258000e+001  6.901059e-005
 4.264188e+001  1.010919e-004
 4.270375e+001  1.342341e-004
 4.276563e+001  1.788978e-004
 4.282750e+001  1.542162e-004
 4.288938e+001  9.267665e-005
 4.295125e+001  1.003648e-004
 4.301313e+001  8.322472e-005
 4.307500e+001  5.531130e-005
 4.313688e+001  7.837827e-005
 4.319875e+001  8.108872e-005
 4.326063e+001  1.086468e-004
 4.332250e+001  1.060235e-004
 4.338438e+001  1.029142e-004
 4.344625e+001  9.924407e-005
 4.350813e+001  1.245489e-004
 4.357000e+001  7.980898e-005
 4.363188e+001  1.174615e-004
 4.369375e+001  1.893412e-004
 4.375563e+001  1.880459e-004
 4.381750e+001  1.242962e-004
 4.387938e+001  5.187492e-005
 4.394125e+001  9.597511e-005
 4.400313e+001  2.068877e-004
 4.406500e+001  1.158233e-004
 4.412688e+001  7.616817e-005
 4.418875e+001  8.279199e-005
 4.425063e+001  6.505936e-005
 4.431250e+001  4.078928e-005
 4.437438e+001  5.526745e-005
 4.443625e+001  7.119327e-005
 4.449813e+001  4.810835e-005
 4.456000e+001  4.321711e-005
 4.462188e+001  7.365476e-005
 4.468375e+001  6.176017e-005
 4.474563e+001  9.603045e-005
 4.480750e+001  6.306598e-005
 4.486938e+001  7.288535e-005
 4.493125e+001  1.328049e-004
 4.499313e+001  1.256714e-004
 4.505500e+001  1.038645e-004
 4.511688e+001  1.043018e-004
 4.517875e+001  4.209324e-005
 4.524063e+001  1.015050e-004
 4.530250e+001  6.927838e-005
 4.536438e+001  9.833561e-005
 4.542625e+001  1.025461e-004
 4.548813e+001  9.123736e-005
 4.555000e+001  6.288261e-005
 4.561188e+001  4.516701e-005
 4.567375e+001  4.472472e-005
 4.573563e+001  1.252533e-004
 4.579750e+001  1.281099e-004
 4.585938e+001  1.016922e-004
 4.592125e+001  8.781790e-005
 4.598313e+001  9.015737e-005
 4.604500e+001  1.213357e-004
 4.610688e+001  1.232567e-004
 4.616875e+001  7.445899e-005
 4.623063e+001  5.791113e-005
 4.629250e+001  4.733983e-005
 4.635438e+001  6.519833e-005
 4.641625e+001  8.733657e-005
 4.647813e+001  7.672879e-005
 4.654000e+001  9.019259e-005
 4.660188e+001  6.491602e-005
 4.666375e+001  6.672878e-005
 4.672563e+001  7.993611e-005
 4.678750e+001  4.881811e-005
 4.684938e+001  6.937686e-005
 4.691125e+001  7.064029e-005
 4.697313e+001  3.987795e-005
 4.703500e+001  1.167816e-004
 4.709688e+001  8.702617e-005
 4.715875e+001  2.831155e-005
 4.722063e+001  8.728186e-005
 4.728250e+001  9.763959e-005
 4.734438e+001  9.114275e-005
 4.740625e+001  5.707556e-005
 4.746813e+001  1.074081e-004
 4.753000e+001  6.320444e-005
 4.759188e+001  6.522463e-005
 4.765375e+001  4.322303e-005
 4.771563e+001  7.430119e-005
 4.777750e+001  9.987038e-005
 4.783938e+001  1.326735e-004
 4.790125e+001  8.543825e-005
 4.796313e+001  1.431331e-004
 4.802500e+001  2.344703e-004
 4.808688e+001  1.250085e-004
 4.814875e+001  7.813109e-005
 4.821063e+001  9.658846e-005
 4.827250e+001  7.811218e-005
 4.833438e+001  8.404540e-005
 4.839625e+001  1.019736e-004
 4.845813e+001  5.883066e-005
 4.852000e+001  4.720894e-005
 4.858188e+001  7.098877e-005
 4.864375e+001  3.215946e-005
 4.870563e+001  6.292289e-005
 4.876750e+001  7.700406e-005
 4.882938e+001  1.925253e-004
 4.889125e+001  1.443339e-004
 4.895313e+001  2.341218e-004
 4.901500e+001  3.951250e-004
 4.907688e+001  1.881725e-004
 4.913875e+001  1.131524e-004
 4.920063e+001  9.410203e-005
 4.926250e+001  8.183904e-005
 4.932438e+001  7.269146e-005
 4.938625e+001  1.042656e-004
 4.944813e+001  7.642091e-005
 4.951000e+001  1.633902e-004
 4.957188e+001  2.244991e-004
 4.963375e+001  1.258982e-004
 4.969563e+001  3.492374e-005
 4.975750e+001  1.069736e-004
 4.981938e+001  1.445691e-004
 4.988125e+001  4.528046e-004
 4.994313e+001  1.251151e-002
 5.000500e+001  2.149951e-002
 5.006688e+001  9.229625e-003
 5.012875e+001  2.579362e-004
 5.019063e+001  1.443198e-004
 5.025250e+001  1.032224e-004
 5.031438e+001  7.757869e-005
 5.037625e+001  1.121867e-004
 5.043813e+001  1.038174e-004
 5.050000e+001  8.423147e-005
 5.056188e+001  1.015683e-004
 5.062375e+001  8.163015e-005
 5.068563e+001  9.296298e-005
 5.074750e+001  1.463076e-004
 5.080938e+001  1.412131e-004
 5.087125e+001  1.488203e-004
 5.093313e+001  3.130720e-004
 5.099500e+001  4.886095e-004
 5.105688e+001  2.676348e-004
 5.111875e+001  8.345046e-005
 5.118063e+001  1.213220e-004
 5.124250e+001  1.374457e-004
 5.130438e+001  1.264449e-004
 5.136625e+001  7.997833e-005
 5.142813e+001  6.664800e-005
 5.149000e+001  8.523961e-005
 5.155188e+001  1.170984e-004
 5.161375e+001  9.764480e-005
 5.167563e+001  5.807147e-005
 5.173750e+001  3.858143e-005
 5.179938e+001  4.272504e-005
 5.186125e+001  4.470366e-005
 5.192313e+001  1.738248e-004
 5.198500e+001  3.107485e-004
 5.204688e+001  1.592167e-004
 5.210875e+001  5.121585e-005
 5.217063e+001  4.417673e-005
 5.223250e+001  9.282862e-005
 5.229438e+001  7.682067e-005
 5.235625e+001  3.221847e-005
 5.241813e+001  6.079122e-005
 5.248000e+001  6.437157e-005
 5.254188e+001  1.195116e-004
 5.260375e+001  1.460730e-004
 5.266563e+001  6.934174e-005
 5.272750e+001  7.672611e-005
 5.278938e+001  4.221638e-005
 5.285125e+001  7.287367e-005
 5.291313e+001  7.849359e-005
 5.297500e+001  1.203290e-004
 5.303688e+001  2.424463e-005
 5.309875e+001  7.442291e-005
 5.316063e+001  3.196318e-005
 5.322250e+001  8.714251e-005
 5.328438e+001  1.100150e-004
 5.334625e+001  9.464214e-005
 5.340813e+001  1.727786e-004
 5.347000e+001  2.448394e-004
 5.353188e+001  1.131854e-004
 5.359375e+001  4.911991e-005
 5.365563e+001  8.970629e-005
 5.371750e+001  8.079288e-005
 5.377938e+001  6.726283e-005
 5.384125e+001  1.061225e-004
 5.390313e+001  1.020878e-004
 5.396500e+001  5.757844e-005
 5.402688e+001  7.185166e-005
 5.408875e+001  6.964831e-005
 5.415063e+001  7.377198e-005
 5.421250e+001  5.000959e-005
 5.427438e+001  1.041235e-004
 5.433625e+001  1.529446e-004
 5.439813e+001  1.345383e-004
 5.446000e+001  7.852913e-005
 5.452188e+001  8.637317e-005
 5.458375e+001  6.229152e-005
 5.464563e+001  6.050433e-005
 5.470750e+001  2.212017e-005
 5.476938e+001  6.014594e-005
 5.483125e+001  5.960376e-005
 5.489313e+001  6.068978e-005
 5.495500e+001  6.748457e-005
 5.501688e+001  9.283366e-005
 5.507875e+001  4.202937e-005
 5.514063e+001  6.713894e-005
 5.520250e+001  8.316535e-005
 5.526438e+001  5.413342e-005
 5.532625e+001  1.025814e-004
 5.538813e+001  4.787093e-005
 5.545000e+001  1.039885e-004
 5.551188e+001  1.117164e-004
 5.557375e+001  6.115265e-005
 5.563563e+001  7.114575e-005
 5.569750e+001  6.812097e-005
 5.575938e+001  4.131348e-005
 5.582125e+001  6.884365e-005
 5.588313e+001  9.209819e-005
 5.594500e+001  8.718624e-005
 5.600688e+001  1.174130e-004
 5.606875e+001  1.182742e-004
 5.613063e+001  8.558211e-005
 5.619250e+001  4.092832e-005
 5.625438e+001  2.893739e-005
 5.631625e+001  4.877199e-005
 5.637813e+001  7.288208e-005
 5.644000e+001  5.416838e-005
 5.650188e+001  8.247452e-005
 5.656375e+001  8.910675e-005
 5.662563e+001  9.053779e-005
 5.668750e+001  6.298556e-005
 5.674938e+001  5.101666e-005
 5.681125e+001  7.826738e-005
 5.687313e+001  6.169491e-005
 5.693500e+001  6.917528e-005
 5.699688e+001  9.363949e-005
 5.705875e+001  5.626596e-005
 5.712063e+001  3.851481e-005
 5.718250e+001  4.742674e-005
 5.724438e+001  7.340237e-005
 5.730625e+001  6.050044e-005
 5.736813e+001  7.854491e-005
 5.743000e+001  9.635348e-005
 5.749188e+001  3.962626e-005
 5.755375e+001  5.075510e-005
 5.761563e+001  7.058965e-005
 5.767750e+001  4.693276e-005
 5.773938e+001  9.756345e-005
 5.780125e+001  7.657948e-005
 5.786313e+001  4.624331e-005
 5.792500e+001  5.536887e-005
 5.798688e+001  1.625818e-004
 5.804875e+001  1.649246e-004
 5.811063e+001  1.083567e-004
 5.817250e+001  1.096662e-004
 5.823438e+001  1.036807e-004
 5.829625e+001  6.798020e-005
 5.835813e+001  9.847900e-005
 5.842000e+001  1.049794e-004
 5.848188e+001  1.043189e-004
 5.854375e+001  9.927549e-005
 5.860563e+001  6.519266e-005
 5.866750e+001  5.114777e-005
 5.872938e+001  8.033099e-005
 5.879125e+001  1.127171e-004
 5.885313e+001  1.016842e-004
 5.891500e+001  7.196552e-005
 5.897688e+001  7.683928e-005
 5.903875e+001  8.773351e-005
 5.910063e+001  9.561969e-005
 5.916250e+001  4.372536e-005
 5.922438e+001  7.233328e-005
 5.928625e+001  6.569120e-005
 5.934813e+001  7.121093e-005
 5.941000e+001  1.179475e-004
 5.947188e+001  6.381066e-005
 5.953375e+001  5.250170e-005
 5.959563e+001  8.791452e-005
 5.965750e+001  1.365658e-004
 5.971938e+001  1.314830e-004
 5.978125e+001  1.069512e-004
 5.984313e+001  6.827690e-005
 5.990500e+001  6.289421e-005
 5.996688e+001  1.939564e-004
 6.002875e+001  2.167561e-004
 6.009063e+001  9.204637e-005
 6.015250e+001  4.820679e-005
 6.021438e+001  8.362787e-005
 6.027625e+001  5.985251e-005
 6.033813e+001  5.468120e-005
 6.040000e+001  6.112524e-005
 6.046188e+001  6.042190e-005
 6.052375e+001  7.582768e-005
 6.058563e+001  8.186784e-005
 6.064750e+001  1.327187e-004
 6.070938e+001  1.181071e-004
 6.077125e+001  7.159552e-005
 6.083313e+001  6.082208e-005
 6.089500e+001  7.851392e-005
 6.095688e+001  9.573111e-005
 6.101875e+001  8.838412e-005
 6.108063e+001  8.575491e-005
 6.114250e+001  9.128971e-005
 6.120438e+001  8.830435e-005
 6.126625e+001  7.437536e-005
 6.132813e+001  9.417952e-005
 6.139000e+001  6.657927e-005
 6.145188e+001  9.008000e-005
 6.151375e+001  6.823347e-005
 6.157563e+001  7.414903e-005
 6.163750e+001  7.324964e-005
 6.169938e+001  1.120044e-004
 6.176125e+001  1.398815e-004
 6.182313e+001  9.211611e-005
 6.188500e+001  4.158940e-005
 6.194688e+001  2.881300e-005
 6.200875e+001  5.556836e-005
 6.207063e+001  9.035970e-005
 6.213250e+001  6.130750e-005
 6.219438e+001  8.402218e-005
 6.225625e+001  1.069157e-004
 6.231813e+001  9.727663e-005
 6.238000e+001  7.024831e-005
 6.244188e+001  7.591698e-005
 6.250375e+001  5.181356e-005
 6.256563e+001  3.607421e-005
 6.262750e+001  5.793010e-005
 6.268938e+001  7.114999e-005
 6.275125e+001  1.019000e-004
 6.281313e+001  9.416951e-005
 6.287500e+001  1.006907e-004
 6.293688e+001  5.868819e-005
 6.299875e+001  7.749048e-005
 6.306063e+001  4.043423e-005
 6.312250e+001  9.079817e-005
 6.318438e+001  1.006484e-004
 6.324625e+001  4.784111e-005
 6.330813e+001  1.066605e-004
 6.337000e+001  7.747249e-005
 6.343188e+001  5.838203e-005
 6.349375e+001  3.533878e-005
 6.355563e+001  4.856742e-005
 6.361750e+001  7.123807e-005
 6.367938e+001  1.153213e-004
 6.374125e+001  1.208078e-004
 6.380313e+001  8.626701e-005
 6.386500e+001  3.263282e-005
 6.392688e+001  4.698664e-005
 6.398875e+001  9.418062e-005
 6.405063e+001  1.389192e-004
 6.411250e+001  1.569371e-004
 6.417438e+001  1.113785e-004
 6.423625e+001  9.730370e-005
 6.429813e+001  8.173225e-005
 6.436000e+001  4.052687e-005
 6.442188e+001  1.142270e-004
 6.448375e+001  9.150189e-005
 6.454563e+001  4.704698e-005
 6.460750e+001  5.936002e-005
 6.466938e+001  6.431271e-005
 6.473125e+001  6.119919e-005
 6.479313e+001  9.935493e-005
 6.485500e+001  1.255808e-004
 6.491688e+001  8.719998e-005
 6.497875e+001  8.602459e-005
 6.504063e+001  8.998487e-005
 6.510250e+001  8.410009e-005
 6.516438e+001  1.045181e-004
 6.522625e+001  9.681627e-005
 6.528813e+001  6.769280e-005
 6.535000e+001  6.975177e-005
 6.541188e+001  9.894250e-005
 6.547375e+001  9.167588e-005
 6.553563e+001  6.806325e-005
 6.559750e+001  8.427478e-005
 6.565938e+001  1.052539e-004
 6.572125e+001  9.849146e-005
 6.578313e+001  7.361690e-005
 6.584500e+001  6.420547e-005
 6.590688e+001  7.703299e-005
 6.596875e+001  3.844617e-005
 6.603063e+001  6.772832e-005
 6.609250e+001  4.519000e-005
 6.615438e+001  8.280242e-005
 6.621625e+001  9.741385e-005
 6.627813e+001  1.039858e-004
 6.634000e+001  1.174678e-004
 6.640188e+001  7.310733e-005
 6.646375e+001  4.237092e-005
 6.652563e+001  4.837914e-005
 6.658750e+001  3.796275e-005
 6.664938e+001  5.399830e-005
 6.671125e+001  2.271822e-005
 6.677313e+001  3.656584e-005
 6.683500e+001  4.625225e-005
 6.689688e+001  4.766228e-005
 6.695875e+001  4.475098e-005
 6.702063e+001  3.465536e-005
 6.708250e+001  6.728262e-005
 6.714438e+001  1.038031e-004
 6.720625e+001  6.414095e-005
 6.726813e+001  5.869087e-005
 6.733000e+001  1.074875e-004
 6.739188e+001  9.104245e-005
 6.745375e+001  8.248404e-005
 6.751563e+001  9.234680e-005
 6.757750e+001  7.794750e-005
 6.763938e+001  5.767863e-005
 6.770125e+001  5.351811e-005
 6.776313e+001  2.460142e-005
 6.782500e+001  2.639904e-005
 6.788688e+001  8.000188e-005
 6.794875e+001  8.598054e-005
 6.801063e+001  9.029665e-005
 6.807250e+001  7.355083e-005
 6.813438e+001  7.771041e-005
 6.819625e+001  8.894311e-005
 6.825813e+001  8.831759e-005
 6.832000e+001  7.508677e-005
 6.838188e+001  5.409187e-005
 6.844375e+001  7.174015e-005
 6.850563e+001  5.057920e-005
 6.856750e+001  3.378359e-005
 6.862938e+001  2.015721e-005
 6.869125e+001  6.174413e-005
 6.875313e+001  5.407295e-005
 6.881500e+001  3.965153e-005
 6.887688e+001  2.908221e-005
 6.893875e+001  8.644331e-005
 6.900063e+001  6.921426e-005
 6.906250e+001  7.161935e-005
 6.912438e+001  9.767155e-005
 6.918625e+001  8.277812e-005
 6.924813e+001  4.217787e-005
 6.931000e+001  6.346993e-005
 6.937188e+001  4.323552e-005
 6.943375e+001  8.545174e-005
 6.949563e+001  7.827256e-005
 6.955750e+001  3.226795e-005
 6.961938e+001  5.245564e-005
 6.968125e+001  5.567798e-005
 6.974313e+001  2.438951e-005
 6.980500e+001  4.531776e-005
 6.986688e+001  1.009755e-004
 6.992875e+001  1.278239e-004
 6.999063e+001  1.203303e-004
 7.005250e+001  9.441644e-005
 7.011438e+001  8.596173e-005
 7.017625e+001  8.330847e-005
 7.023813e+001  8.604304e-005
 7.030000e+001  6.758611e-005
 7.036188e+001  7.996286e-005
 7.042375e+001  6.052568e-005
 7.048563e+001  5.955559e-005
 7.054750e+001  8.752998e-005
 7.060938e+001  6.317761e-005
 7.067125e+001  7.610418e-005
 7.073313e+001  6.850839e-005
 7.079500e+001  3.983511e-005
 7.085688e+001  5.671382e-005
 7.091875e+001  6.562913e-005
 7.098063e+001  3.066833e-005
 7.104250e+001  5.490699e-005
 7.110438e+001  1.025086e-004
 7.116625e+001  1.103144e-004
 7.122813e+001  4.670661e-005
 7.129000e+001  7.896071e-005
 7.135188e+001  1.012303e-004
 7.141375e+001  4.814595e-005
 7.147563e+001  8.282281e-005
 7.153750e+001  8.386901e-005
 7.159938e+001  1.031799e-004
 7.166125e+001  8.038428e-005
 7.172313e+001  6.597514e-005
 7.178500e+001  4.974764e-005
 7.184688e+001  1.022227e-004
 7.190875e+001  1.133765e-004
 7.197063e+001  8.785876e-005
 7.203250e+001  8.102498e-005
 7.209438e+001  6.003072e-005
 7.215625e+001  3.824222e-005
 7.221813e+001  5.192335e-005
 7.228000e+001  5.931620e-005
 7.234188e+001  5.698924e-005
 7.240375e+001  4.286057e-005
 7.246563e+001  3.407542e-005
 7.252750e+001  5.360225e-005
 7.258938e+001  4.205225e-005
 7.265125e+001  4.764050e-005
 7.271313e+001  8.435905e-005
 7.277500e+001  1.130243e-004
 7.283688e+001  8.544779e-005
 7.289875e+001  4.845977e-005
 7.296063e+001  6.254612e-005
 7.302250e+001  5.545675e-005
 7.308438e+001  4.672975e-005
 7.314625e+001  8.022101e-005
 7.320813e+001  8.815564e-005
 7.327000e+001  4.799558e-005
 7.333188e+001  4.306495e-005
 7.339375e+001  9.887218e-005
 7.345563e+001  1.404532e-004
 7.351750e+001  1.257066e-004
 7.357938e+001  8.579561e-005
 7.364125e+001  2.876282e-005
 7.370313e+001  4.693466e-005
 7.376500e+001  8.429560e-005
 7.382688e+001  8.868674e-005
 7.388875e+001  1.020183e-004
 7.395063e+001  1.091805e-004
 7.401250e+001  1.111510e-004
 7.407438e+001  9.165255e-005
 7.413625e+001  5.105564e-005
 7.419813e+001  1.967964e-005
 7.426000e+001  6.244232e-005
 7.432188e+001  7.458351e-005
 7.438375e+001  7.222112e-005
 7.444563e+001  6.099027e-005
 7.450750e+001  9.114232e-005
 7.456938e+001  8.728562e-005
 7.463125e+001  1.164043e-004
 7.469313e+001  7.325682e-005
 7.475500e+001  1.203846e-004
 7.481688e+001  7.125597e-005
 7.487875e+001  9.124263e-005
 7.494063e+001  8.179231e-005
 7.500250e+001  7.373606e-005
 7.506438e+001  7.065494e-005
 7.512625e+001  2.637860e-005
 7.518813e+001  4.482859e-005
 7.525000e+001  4.374040e-005
 7.531188e+001  1.033917e-004
 7.537375e+001  1.126533e-004
 7.543563e+001  9.843176e-005
 7.549750e+001  6.551654e-005
 7.555938e+001  6.650251e-005
 7.562125e+001  6.054402e-005
 7.568313e+001  4.813399e-005
 7.574500e+001  5.354610e-005
 7.580688e+001  7.800286e-005
 7.586875e+001  4.367986e-005
 7.593063e+001  6.286989e-005
 7.599250e+001  5.703653e-005
 7.605438e+001  5.196337e-005
 7.611625e+001  4.997294e-005
 7.617813e+001  8.170063e-005
 7.624000e+001  4.865886e-005
 7.630188e+001  2.306487e-005
 7.636375e+001  7.356919e-005
 7.642563e+001  1.061079e-004
 7.648750e+001  8.143621e-005
 7.654938e+001  8.496711e-005
 7.661125e+001  7.130752e-005
 7.667313e+001  5.148605e-005
 7.673500e+001  5.557677e-005
 7.679688e+001  5.984824e-005
 7.685875e+001  5.316676e-005
 7.692063e+001  8.126445e-005
 7.698250e+001  9.762232e-005
 7.704438e+001  1.048067e-004
 7.710625e+001  5.268829e-005
 7.716813e+001  5.869445e-005
 7.723000e+001  5.450577e-005
 7.729188e+001  6.431378e-005
 7.735375e+001  8.865016e-005
 7.741563e+001  1.242436e-004
 7.747750e+001  1.144882e-004
 7.753938e+001  1.077507e-004
 7.760125e+001  9.100896e-005
 7.766313e+001  9.558447e-005
 7.772500e+001  1.220569e-004
 7.778688e+001  4.014416e-005
 7.784875e+001  4.242515e-005
 7.791063e+001  6.711550e-005
 7.797250e+001  1.149515e-004
 7.803438e+001  1.265156e-004
 7.809625e+001  1.167247e-004
 7.815813e+001  9.443484e-005
 7.822000e+001  6.484418e-005
 7.828188e+001  6.024258e-005
 7.834375e+001  6.258544e-005
 7.840563e+001  2.792839e-005
 7.846750e+001  5.065198e-005
 7.852938e+001  9.401026e-005
 7.859125e+001  8.239621e-005
 7.865313e+001  4.581106e-005
 7.871500e+001  7.309143e-005
 7.877688e+001  8.930208e-005
 7.883875e+001  4.977106e-005
 7.890063e+001  4.795732e-005
 7.896250e+001  7.975964e-005
 7.902438e+001  7.570709e-005
 7.908625e+001  5.222269e-005
 7.914813e+001  2.284091e-005
 7.921000e+001  7.707472e-005
 7.927188e+001  8.813242e-005
 7.933375e+001  3.455109e-005
 7.939563e+001  3.161262e-005
 7.945750e+001  7.160659e-005
 7.951938e+001  7.738392e-005
 7.958125e+001  2.557503e-005
 7.964313e+001  7.700194e-005
 7.970500e+001  1.064201e-004
 7.976688e+001  9.537854e-005
 7.982875e+001  6.080837e-005
 7.989063e+001  6.036357e-005
 7.995250e+001  7.523178e-005
 8.001438e+001  9.888708e-005
 8.007625e+001  7.843007e-005
 8.013813e+001  5.244774e-005
 8.020000e+001  8.571647e-005
 8.026188e+001  8.065424e-005
 8.032375e+001  5.784150e-005
 8.038563e+001  8.437882e-005
 8.044750e+001  8.090723e-005
 8.050938e+001  7.386929e-005
 8.057125e+001  4.934110e-005
 8.063313e+001  3.137913e-005
 8.069500e+001  6.206859e-005
 8.075688e+001  8.837080e-005
 8.081875e+001  6.023459e-005
 8.088063e+001  3.071117e-005
 8.094250e+001  6.034173e-005
 8.100438e+001  4.150397e-005
 8.106625e+001  5.897743e-005
 8.112813e+001  4.194979e-005
 8.119000e+001  5.238729e-005
 8.125188e+001  6.064356e-005
 8.131375e+001  6.992583e-005
 8.137563e+001  6.388122e-005
 8.143750e+001  5.535018e-005
 8.149938e+001  1.133965e-004
 8.156125e+001  7.793438e-005
 8.162313e+001  5.301916e-005
 8.168500e+001  1.037995e-004
 8.174688e+001  1.391959e-004
 8.180875e+001  4.712549e-005
 8.187063e+001  7.896463e-005
 8.193250e+001  6.327840e-005
 8.199438e+001  8.040514e-005
 8.205625e+001  9.323891e-005
 8.211813e+001  6.933974e-005
 8.218000e+001  1.701519e-005
 8.224188e+001  6.027578e-005
 8.230375e+001  7.590665e-005
 8.236563e+001  5.674280e-005
 8.242750e+001  6.665436e-005
 8.248938e+001  7.022190e-005
 8.255125e+001  7.257316e-005
 8.261313e+001  5.646486e-005
 8.267500e+001  4.987007e-005
 8.273688e+001  4.121279e-005
 8.279875e+001  3.264390e-005
 8.286063e+001  5.732893e-005
 8.292250e+001  7.582971e-005
 8.298438e+001  8.808301e-005
 8.304625e+001  7.727669e-005
 8.310813e+001  1.008628e-004
 8.317000e+001  6.446584e-005
 8.323188e+001  5.544703e-005
 8.329375e+001  8.794880e-005
 8.335563e+001  5.209521e-005
 8.341750e+001  2.376359e-005
 8.347938e+001  4.235570e-005
 8.354125e+001  3.805917e-005
 8.360313e+001  2.686571e-005
 8.366500e+001  3.281690e-005
 8.372688e+001  4.865449e-005
 8.378875e+001  6.737259e-005
 8.385063e+001  8.667398e-005
 8.391250e+001  1.015444e-004
 8.397438e+001  6.641352e-005
 8.403625e+001  3.541968e-005
 8.409813e+001  4.444655e-005
 8.416000e+001  6.399246e-005
 8.422188e+001  9.858684e-005
 8.428375e+001  1.177993e-004
 8.434563e+001  1.340274e-004
 8.440750e+001  7.908233e-005
 8.446938e+001  3.345383e-005
 8.453125e+001  4.628739e-005
 8.459313e+001  7.252201e-005
 8.465500e+001  2.894260e-005
 8.471688e+001  8.242162e-005
 8.477875e+001  3.881119e-005
 8.484063e+001  6.740946e-005
 8.490250e+001  5.494512e-005
 8.496438e+001  6.091395e-005
 8.502625e+001  1.155158e-004
 8.508813e+001  8.644911e-005
 8.515000e+001  8.171756e-005
 8.521188e+001  7.293811e-005
 8.527375e+001  4.525178e-005
 8.533563e+001  1.147348e-004
 8.539750e+001  1.177647e-004
 8.545938e+001  6.752251e-005
 8.552125e+001  3.172834e-005
 8.558313e+001  8.922123e-005
 8.564500e+001  1.117577e-004
 8.570688e+001  6.894189e-005
 8.576875e+001  2.817852e-005
 8.583063e+001  3.811366e-005
 8.589250e+001  8.388152e-005
 8.595438e+001  8.171903e-005
 8.601625e+001  8.849750e-005
 8.607813e+001  3.575901e-005
 8.614000e+001  1.945776e-005
 8.620188e+001  6.136424e-005
 8.626375e+001  9.176600e-005
 8.632563e+001  7.322887e-005
 8.638750e+001  3.867440e-005
 8.644938e+001  3.448770e-005
 8.651125e+001  8.392946e-005
 8.657313e+001  1.107735e-004
 8.663500e+001  7.575832e-005
 8.669688e+001  2.247645e-005
 8.675875e+001  5.310879e-005
 8.682063e+001  4.135884e-005
 8.688250e+001  4.484606e-005
 8.694438e+001  7.136175e-005
 8.700625e+001  7.393456e-005
 8.706813e+001  5.334890e-005
 8.713000e+001  2.486407e-005
 8.719188e+001  6.614317e-005
 8.725375e+001  9.854084e-005
 8.731563e+001  1.181388e-004
 8.737750e+001  8.952865e-005
 8.743938e+001  3.417586e-005
 8.750125e+001  3.697830e-005
 8.756313e+001  4.499967e-005
 8.762500e+001  5.731491e-005
 8.768688e+001  5.708580e-005
 8.774875e+001  4.545695e-005
 8.781063e+001  8.971897e-005
 8.787250e+001  5.129752e-005
 8.793438e+001  4.293410e-005
 8.799625e+001  9.322883e-005
 8.805813e+001  7.038384e-005
 8.812000e+001  4.723211e-005
 8.818188e+001  6.112514e-005
 8.824375e+001  9.459305e-005
 8.830563e+001  1.052858e-004
 8.836750e+001  9.479319e-005
 8.842938e+001  8.406408e-005
 8.849125e+001  4.684701e-005
 8.855313e+001  4.037343e-005
 8.861500e+001  3.693845e-005
 8.867688e+001  3.289338e-005
 8.873875e+001  6.487928e-005
 8.880063e+001  4.213025e-005
 8.886250e+001  4.854942e-005
 8.892438e+001  4.239467e-005
 8.898625e+001  4.988571e-005
 8.904813e+001  8.976280e-005
 8.911000e+001  8.818829e-005
 8.917188e+001  7.267030e-005
 8.923375e+001  7.715185e-005
 8.929563e+001  5.617537e-005
 8.935750e+001  7.029595e-005
 8.941938e+001  6.430518e-005
 8.948125e+001  5.507521e-005
 8.954313e+001  2.865247e-005
 8.960500e+001  4.650070e-005
 8.966688e+001  9.738860e-005
 8.972875e+001  8.366971e-005
 8.979063e+001  6.784086e-005
 8.985250e+001  9.486676e-005
 8.991438e+001  1.223239e-004
 8.997625e+001  1.316269e-004
 9.003813e+001  7.641050e-005
 9.010000e+001  4.351352e-005
 9.016188e+001  3.892343e-005
 9.022375e+001  3.037624e-005
 9.028563e+001  3.615692e-005
 9.034750e+001  7.166077e-005
 9.040938e+001  3.126719e-005
 9.047125e+001  7.526646e-005
 9.053313e+001  1.003077e-004
 9.059500e+001  7.300672e-005
 9.065688e+001  6.014734e-005
 9.071875e+001  3.884918e-005
 9.078063e+001  4.277275e-005
 9.084250e+001  2.426406e-005
 9.090438e+001  5.575076e-005
 9.096625e+001  9.716706e-005
 9.102813e+001  7.946284e-005
 9.109000e+001  5.726272e-005
 9.115188e+001  4.869298e-005
 9.121375e+001  4.223315e-005
 9.127563e+001  6.475722e-005
 9.133750e+001  1.368927e-004
 9.139938e+001  8.861935e-005
 9.146125e+001  4.301775e-005
 9.152313e+001  9.674648e-005
 9.158500e+001  9.083201e-005
 9.164688e+001  7.406416e-005
 9.170875e+001  5.534937e-005
 9.177063e+001  4.937497e-005
 9.183250e+001  2.526993e-005
 9.189438e+001  6.339513e-005
 9.195625e+001  5.289340e-005
 9.201813e+001  5.261784e-005
 9.208000e+001  8.086938e-005
 9.214188e+001  9.970153e-005
 9.220375e+001  8.326253e-005
 9.226563e+001  8.495253e-005
 9.232750e+001  3.709576e-005
 9.238938e+001  5.163521e-005
 9.245125e+001  9.352033e-005
 9.251313e+001  5.628556e-005
 9.257500e+001  5.913247e-005
 9.263688e+001  9.697362e-005
 9.269875e+001  6.931089e-005
 9.276063e+001  5.389495e-005
 9.282250e+001  9.149111e-005
 9.288438e+001  9.730897e-005
 9.294625e+001  1.068087e-004
 9.300813e+001  1.312164e-004
 9.307000e+001  7.833128e-005
 9.313188e+001  4.214736e-005
 9.319375e+001  4.065533e-005
 9.325563e+001  6.399349e-005
 9.331750e+001  8.351130e-005
 9.337938e+001  8.206486e-005
 9.344125e+001  7.475193e-005
 9.350313e+001  1.031674e-004
 9.356500e+001  1.269078e-004
 9.362688e+001  8.347615e-005
 9.368875e+001  5.318155e-005
 9.375063e+001  7.655017e-005
 9.381250e+001  6.976512e-005
 9.387438e+001  4.227110e-005
 9.393625e+001  2.892917e-005
 9.399813e+001  3.887686e-005
 9.406000e+001  3.813058e-005
 9.412188e+001  5.501393e-005
 9.418375e+001  5.653666e-005
 9.424563e+001  1.065383e-004
 9.430750e+001  1.012018e-004
 9.436938e+001  7.316014e-005
 9.443125e+001  9.958345e-005
 9.449313e+001  5.056414e-005
 9.455500e+001  7.341222e-005
 9.461688e+001  1.329487e-004
 9.467875e+001  9.259322e-005
 9.474063e+001  3.440907e-005
 9.480250e+001  4.653173e-005
 9.486438e+001  6.372265e-005
 9.492625e+001  1.134809e-004
 9.498813e+001  7.634316e-005
 9.505000e+001  8.970875e-005
 9.511188e+001  6.540462e-005
 9.517375e+001  7.550412e-005
 9.523563e+001  7.774178e-005
 9.529750e+001  1.724074e-005
 9.535938e+001  2.533873e-005
 9.542125e+001  4.593113e-005
 9.548313e+001  3.488703e-005
 9.554500e+001  5.942080e-005
 9.560688e+001  5.718061e-005
 9.566875e+001  4.642790e-005
 9.573063e+001  5.557346e-005
 9.579250e+001  3.539315e-005
 9.585438e+001  5.083252e-005
 9.591625e+001  9.405635e-005
 9.597813e+001  1.070324e-004
 9.604000e+001  7.426788e-005
 9.610188e+001  6.753198e-005
 9.616375e+001  5.471517e-005
 9.622563e+001  4.026318e-005
 9.628750e+001  9.227431e-005
 9.634938e+001  9.635252e-005
 9.641125e+001  8.291038e-005
 9.647313e+001  5.792456e-005
 9.653500e+001  7.759735e-005
 9.659688e+001  1.155904e-004
 9.665875e+001  7.234030e-005
 9.672063e+001  3.995807e-005
 9.678250e+001  6.436904e-005
 9.684438e+001  8.988267e-005
 9.690625e+001  5.457366e-005
 9.696813e+001  7.158609e-005
 9.703000e+001  6.424394e-005
 9.709188e+001  7.438296e-005
 9.715375e+001  7.574446e-005
 9.721563e+001  7.457368e-005
 9.727750e+001  6.445583e-005
 9.733938e+001  6.442466e-005
 9.740125e+001  8.723437e-005
 9.746313e+001  1.001868e-004
 9.752500e+001  5.807251e-005
 9.758688e+001  3.618518e-005
 9.764875e+001  4.295850e-005
 9.771063e+001  7.520603e-005
 9.777250e+001  2.262941e-005
 9.783438e+001  8.311668e-005
 9.789625e+001  9.193167e-005
 9.795813e+001  1.094459e-004
 9.802000e+001  8.045628e-005
 9.808188e+001  7.230798e-005
 9.814375e+001  1.682882e-004
 9.820563e+001  1.757819e-004
 9.826750e+001  1.014008e-004
 9.832938e+001  2.053375e-004
 9.839125e+001  2.404024e-004
 9.845313e+001  1.835227e-004
 9.851500e+001  7.218834e-005
 9.857688e+001  7.620850e-005
 9.863875e+001  8.355817e-005
 9.870063e+001  1.171010e-004
 9.876250e+001  1.007439e-004
 9.882438e+001  7.910892e-005
 9.888625e+001  6.159372e-005
 9.894813e+001  8.254846e-005
 9.901000e+001  8.706576e-005
 9.907188e+001  7.371563e-005
 9.913375e+001  6.674570e-005
 9.919563e+001  9.582399e-005
 9.925750e+001  1.013065e-004
 9.931938e+001  1.101138e-004
 9.938125e+001  5.777418e-005
 9.944313e+001  6.031692e-005
 9.950500e+001  5.406709e-005
 9.956688e+001  7.462249e-005
 9.962875e+001  1.323954e-004
 9.969063e+001  1.204024e-004
 9.975250e+001  1.076602e-004
 9.981438e+001  1.161503e-004
 9.987625e+001  9.853791e-005
 9.993813e+001  2.226074e-004
 1.000000e+002  3.348677e-004
