 1.000000e+001  2.254060e-004
 1.061875e+001  2.222387e-004
 1.123750e+001  2.370399e-004
 1.185625e+001  2.358252e-004
 1.247500e+001  2.157774e-004
 1.309375e+001  2.022592e-004
 1.371250e+001  2.125631e-004
 1.433125e+001  2.074808e-004
 1.495000e+001  1.999999e-004
 1.556875e+001  1.988391e-004
 1.618750e+001  1.974173e-004
 1.680625e+001  1.730506e-004
 1.742500e+001  1.822496e-004
 1.804375e+001  1.920110e-004
 1.866250e+001  1.939710e-004
 1.928125e+001  1.791967e-004
 1.990000e+001  1.666450e-004
 2.051875e+001  1.740070e-004
 2.113750e+001  1.864692e-004
 2.175625e+001  1.697775e-004
 2.237500e+001  1.707728e-004
 2.299375e+001  1.723450e-004
 2.361250e+001  1.728768e-004
 2.423125e+001  1.703825e-004
 2.485000e+001  1.655950e-004
 2.546875e+001  1.611643e-004
 2.608750e+001  1.543728e-004
 2.670625e+001  1.722076e-004
 2.732500e+001  1.661132e-004
 2.794375e+001  1.698325e-004
 2.856250e+001  1.777252e-004
 2.918125e+001  1.696346e-004
 2.980000e+001  1.540480e-004
 3.041875e+001  1.448478e-004
 3.103750e+001  1.430407e-004
 3.165625e+001  1.448357e-004
 3.227500e+001  1.562135e-004
 3.289375e+001  1.470854e-004
 3.351250e+001  1.297181e-004
 3.413125e+001  1.226695e-004
 3.475000e+001  1.253617e-004
 3.536875e+001  1.435806e-004
 3.598750e+001  1.479920e-004
 3.660625e+001  1.457915e-004
 3.722500e+001  1.392693e-004
 3.784375e+001  1.383591e-004
 3.846250e+001  1.470659e-004
 3.908125e+001  1.395598e-004
 3.970000e+001  1.410887e-004
 4.031875e+001  1.490280e-004
 4.093750e+001  1.334380e-004
 4.155625e+001  1.239040e-004
 4.217500e+001  1.231178e-004
 4.279375e+001  1.257903e-004
 4.341250e+001  1.165612e-004
 4.403125e+001  1.109812e-004
 4.465000e+001  1.090130e-004
 4.526875e+001  1.098577e-004
 4.588750e+001  1.094663e-004
 4.650625e+001  1.132724e-004
 4.712500e+001  1.328533e-004
 4.774375e+001  1.379722e-004
 4.836250e+001  2.258403e-004
 4.898125e+001  1.182825e-003
 4.960000e+001  8.946786e-003
 5.021875e+001  1.099581e-002
 5.083750e+001  3.061442e-003
 5.145625e+001  3.486083e-004
 5.207500e+001  1.424199e-004
 5.269375e+001  1.142305e-004
 5.331250e+001  1.055160e-004
 5.393125e+001  9.100662e-005
 5.455000e+001  8.976043e-005
 5.516875e+001  1.054286e-004
 5.578750e+001  1.089960e-004
 5.640625e+001  1.033645e-004
 5.702500e+001  9.297494e-005
 5.764375e+001  9.907556e-005
 5.826250e+001  8.831733e-005
 5.888125e+001  8.918918e-005
 5.950000e+001  9.173643e-005
 6.011875e+001  9.455794e-005
 6.073750e+001  9.796913e-005
 6.135625e+001  9.434777e-005
 6.197500e+001  1.043948e-004
 6.259375e+001  1.056476e-004
 6.321250e+001  1.005202e-004
 6.383125e+001  8.703101e-005
 6.445000e+001  8.536633e-005
 6.506875e+001  9.250970e-005
 6.568750e+001  8.676530e-005
 6.630625e+001  7.644824e-005
 6.692500e+001  7.478188e-005
 6.754375e+001  8.339769e-005
 6.816250e+001  8.710530e-005
 6.878125e+001  8.238184e-005
 6.940000e+001  8.030872e-005
 7.001875e+001  7.870170e-005
 7.063750e+001  8.096937e-005
 7.125625e+001  9.203424e-005
 7.187500e+001  8.939308e-005
 7.249375e+001  9.080693e-005
 7.311250e+001  8.393371e-005
 7.373125e+001  7.934324e-005
 7.435000e+001  7.208925e-005
 7.496875e+001  7.696285e-005
 7.558750e+001  7.452656e-005
 7.620625e+001  7.320214e-005
 7.682500e+001  7.962577e-005
 7.744375e+001  1.022472e-004
 7.806250e+001  9.699654e-005
 7.868125e+001  6.969871e-005
 7.930000e+001  6.373616e-005
 7.991875e+001  6.567298e-005
 8.053750e+001  6.722212e-005
 8.115625e+001  7.150348e-005
 8.177500e+001  7.139537e-005
 8.239375e+001  7.188462e-005
 8.301250e+001  6.878697e-005
 8.363125e+001  6.823147e-005
 8.425000e+001  7.246218e-005
 8.486875e+001  6.843836e-005
 8.548750e+001  6.496390e-005
 8.610625e+001  6.737276e-005
 8.672500e+001  6.676459e-005
 8.734375e+001  6.769317e-005
 8.796250e+001  6.485523e-005
 8.858125e+001  5.977770e-005
 8.920000e+001  6.047980e-005
 8.981875e+001  5.964142e-005
 9.043750e+001  6.326771e-005
 9.105625e+001  5.999334e-005
 9.167500e+001  5.866660e-005
 9.229375e+001  5.939173e-005
 9.291250e+001  5.624418e-005
 9.353125e+001  5.644840e-005
 9.415000e+001  5.477482e-005
 9.476875e+001  6.006539e-005
 9.538750e+001  6.004118e-005
 9.600625e+001  5.634470e-005
 9.662500e+001  5.383970e-005
 9.724375e+001  5.481286e-005
 9.786250e+001  6.037490e-005
 9.848125e+001  5.723346e-005
 9.910000e+001  1.485016e-004
 9.971875e+001  6.270027e-004
 1.003375e+002  6.067221e-004
 1.009563e+002  1.302716e-004
 1.015750e+002  5.506630e-005
 1.021938e+002  5.759445e-005
 1.028125e+002  5.515629e-005
 1.034313e+002  5.541980e-005
 1.040500e+002  5.202644e-005
 1.046688e+002  5.021521e-005
 1.052875e+002  4.703829e-005
 1.059063e+002  5.192876e-005
 1.065250e+002  5.645548e-005
 1.071438e+002  5.048531e-005
 1.077625e+002  4.768909e-005
 1.083813e+002  4.851902e-005
 1.090000e+002  5.123239e-005
 1.096188e+002  5.190985e-005
 1.102375e+002  4.921354e-005
 1.108563e+002  5.153845e-005
 1.114750e+002  5.466921e-005
 1.120938e+002  5.268172e-005
 1.127125e+002  4.702092e-005
 1.133313e+002  5.056507e-005
 1.139500e+002  5.097954e-005
 1.145688e+002  4.828843e-005
 1.151875e+002  4.764313e-005
 1.158063e+002  4.775370e-005
 1.164250e+002  4.974499e-005
 1.170438e+002  5.131771e-005
 1.176625e+002  5.001166e-005
 1.182813e+002  4.875050e-005
 1.189000e+002  4.948360e-005
 1.195188e+002  5.282824e-005
 1.201375e+002  5.359090e-005
 1.207563e+002  4.307897e-005
 1.213750e+002  4.252597e-005
 1.219938e+002  4.230750e-005
 1.226125e+002  3.948069e-005
 1.232313e+002  4.650711e-005
 1.238500e+002  5.414425e-005
 1.244688e+002  4.801893e-005
 1.250875e+002  4.432585e-005
 1.257063e+002  4.891436e-005
 1.263250e+002  4.485188e-005
 1.269438e+002  4.308432e-005
 1.275625e+002  4.240113e-005
 1.281813e+002  4.505815e-005
 1.288000e+002  4.529255e-005
 1.294188e+002  4.568390e-005
 1.300375e+002  4.548553e-005
 1.306563e+002  4.065034e-005
 1.312750e+002  3.843303e-005
 1.318938e+002  4.141276e-005
 1.325125e+002  3.903892e-005
 1.331313e+002  3.821349e-005
 1.337500e+002  4.202946e-005
 1.343688e+002  4.381238e-005
 1.349875e+002  4.013747e-005
 1.356063e+002  3.850371e-005
 1.362250e+002  3.678423e-005
 1.368438e+002  3.885645e-005
 1.374625e+002  3.987643e-005
 1.380813e+002  4.330275e-005
 1.387000e+002  4.159554e-005
 1.393188e+002  4.086501e-005
 1.399375e+002  4.029352e-005
 1.405563e+002  4.128820e-005
 1.411750e+002  4.100722e-005
 1.417938e+002  3.955931e-005
 1.424125e+002  3.662003e-005
 1.430313e+002  3.948096e-005
 1.436500e+002  3.695388e-005
 1.442688e+002  3.634818e-005
 1.448875e+002  3.935163e-005
 1.455063e+002  3.885836e-005
 1.461250e+002  4.373573e-005
 1.467438e+002  4.252631e-005
 1.473625e+002  4.941470e-005
 1.479813e+002  7.828513e-005
 1.486000e+002  2.172633e-004
 1.492188e+002  2.523929e-003
 1.498375e+002  8.087053e-003
 1.504563e+002  6.116261e-003
 1.510750e+002  6.801779e-004
 1.516938e+002  1.302278e-004
 1.523125e+002  6.102560e-005
 1.529313e+002  4.348420e-005
 1.535500e+002  3.792093e-005
 1.541688e+002  3.549946e-005
 1.547875e+002  4.018497e-005
 1.554063e+002  3.697859e-005
 1.560250e+002  3.474046e-005
 1.566438e+002  3.587927e-005
 1.572625e+002  3.665761e-005
 1.578813e+002  3.394251e-005
 1.585000e+002  3.796549e-005
 1.591188e+002  3.888404e-005
 1.597375e+002  3.849852e-005
 1.603563e+002  3.585098e-005
 1.609750e+002  3.479806e-005
 1.615938e+002  3.435690e-005
 1.622125e+002  3.613725e-005
 1.628313e+002  3.503844e-005
 1.634500e+002  3.439799e-005
 1.640688e+002  3.059793e-005
 1.646875e+002  3.205045e-005
 1.653063e+002  3.352254e-005
 1.659250e+002  3.398183e-005
 1.665438e+002  3.505410e-005
 1.671625e+002  3.672833e-005
 1.677813e+002  3.872637e-005
 1.684000e+002  3.368660e-005
 1.690188e+002  3.303933e-005
 1.696375e+002  3.185494e-005
 1.702563e+002  3.373749e-005
 1.708750e+002  3.646116e-005
 1.714938e+002  3.565163e-005
 1.721125e+002  3.329268e-005
 1.727313e+002  3.185289e-005
 1.733500e+002  3.639179e-005
 1.739688e+002  3.756508e-005
 1.745875e+002  3.175902e-005
 1.752063e+002  3.009731e-005
 1.758250e+002  3.110010e-005
 1.764438e+002  3.065750e-005
 1.770625e+002  3.285737e-005
 1.776813e+002  3.232150e-005
 1.783000e+002  3.375927e-005
 1.789188e+002  3.704616e-005
 1.795375e+002  3.568561e-005
 1.801563e+002  3.628540e-005
 1.807750e+002  3.358273e-005
 1.813938e+002  3.077170e-005
 1.820125e+002  3.029395e-005
 1.826313e+002  3.271009e-005
 1.832500e+002  3.242234e-005
 1.838688e+002  3.402676e-005
 1.844875e+002  3.183024e-005
 1.851063e+002  2.764743e-005
 1.857250e+002  2.779488e-005
 1.863438e+002  3.180252e-005
 1.869625e+002  3.172829e-005
 1.875813e+002  3.090053e-005
 1.882000e+002  3.238082e-005
 1.888188e+002  3.099130e-005
 1.894375e+002  3.157253e-005
 1.900563e+002  3.313057e-005
 1.906750e+002  3.096136e-005
 1.912938e+002  3.164260e-005
 1.919125e+002  3.177688e-005
 1.925313e+002  2.604796e-005
 1.931500e+002  2.927226e-005
 1.937688e+002  3.075940e-005
 1.943875e+002  2.919538e-005
 1.950063e+002  2.707582e-005
 1.956250e+002  2.932145e-005
 1.962438e+002  3.032249e-005
 1.968625e+002  3.253730e-005
 1.974813e+002  3.072949e-005
 1.981000e+002  2.709971e-005
 1.987188e+002  2.978077e-005
 1.993375e+002  1.603633e-004
 1.999563e+002  3.815589e-004
 2.005750e+002  2.309868e-004
 2.011938e+002  3.255153e-005
 2.018125e+002  2.880368e-005
 2.024313e+002  2.615062e-005
 2.030500e+002  2.798032e-005
 2.036688e+002  3.192646e-005
 2.042875e+002  2.926352e-005
 2.049063e+002  3.040572e-005
 2.055250e+002  3.074931e-005
 2.061438e+002  2.857154e-005
 2.067625e+002  2.934163e-005
 2.073813e+002  3.166808e-005
 2.080000e+002  3.239664e-005
 2.086188e+002  3.008884e-005
 2.092375e+002  2.978714e-005
 2.098563e+002  3.040596e-005
 2.104750e+002  2.867052e-005
 2.110938e+002  2.739028e-005
 2.117125e+002  2.837985e-005
 2.123313e+002  2.759844e-005
 2.129500e+002  2.987999e-005
 2.135688e+002  3.157525e-005
 2.141875e+002  2.984482e-005
 2.148063e+002  2.716318e-005
 2.154250e+002  2.978574e-005
 2.160438e+002  2.840438e-005
 2.166625e+002  2.877146e-005
 2.172813e+002  2.934393e-005
 2.179000e+002  2.734741e-005
 2.185188e+002  2.797782e-005
 2.191375e+002  2.920974e-005
 2.197563e+002  2.936199e-005
 2.203750e+002  2.986846e-005
 2.209938e+002  2.822092e-005
 2.216125e+002  2.805220e-005
 2.222313e+002  2.707644e-005
 2.228500e+002  2.791635e-005
 2.234688e+002  2.700925e-005
 2.240875e+002  2.777033e-005
 2.247063e+002  2.953827e-005
 2.253250e+002  3.093765e-005
 2.259438e+002  2.879541e-005
 2.265625e+002  2.927895e-005
 2.271813e+002  2.969376e-005
 2.278000e+002  2.732172e-005
 2.284188e+002  2.708944e-005
 2.290375e+002  3.091969e-005
 2.296563e+002  3.168852e-005
 2.302750e+002  2.790923e-005
 2.308938e+002  2.888398e-005
 2.315125e+002  3.071283e-005
 2.321313e+002  3.554839e-005
 2.327500e+002  3.467397e-005
 2.333688e+002  3.311174e-005
 2.339875e+002  3.050876e-005
 2.346063e+002  2.680232e-005
 2.352250e+002  2.573519e-005
 2.358438e+002  2.909026e-005
 2.364625e+002  3.047207e-005
 2.370813e+002  2.839469e-005
 2.377000e+002  2.599702e-005
 2.383188e+002  2.724543e-005
 2.389375e+002  2.780074e-005
 2.395563e+002  2.733645e-005
 2.401750e+002  2.932620e-005
 2.407938e+002  2.930379e-005
 2.414125e+002  2.797340e-005
 2.420313e+002  2.739861e-005
 2.426500e+002  2.583936e-005
 2.432688e+002  2.824020e-005
 2.438875e+002  3.024785e-005
 2.445063e+002  2.832220e-005
 2.451250e+002  2.549464e-005
 2.457438e+002  2.672673e-005
 2.463625e+002  2.946005e-005
 2.469813e+002  2.855377e-005
 2.476000e+002  2.303462e-005
 2.482188e+002  2.531025e-005
 2.488375e+002  5.228381e-005
 2.494563e+002  1.104509e-003
 2.500750e+002  1.965983e-003
 2.506938e+002  8.901343e-004
 2.513125e+002  4.130486e-005
 2.519313e+002  3.043696e-005
 2.525500e+002  2.828185e-005
 2.531688e+002  2.973059e-005
 2.537875e+002  3.070910e-005
 2.544063e+002  2.821030e-005
 2.550250e+002  2.437606e-005
 2.556438e+002  2.504445e-005
 2.562625e+002  2.802359e-005
 2.568813e+002  2.820583e-005
 2.575000e+002  2.860053e-005
 2.581188e+002  2.659714e-005
 2.587375e+002  2.563557e-005
 2.593563e+002  2.615907e-005
 2.599750e+002  2.663588e-005
 2.605938e+002  2.549739e-005
 2.612125e+002  2.519597e-005
 2.618313e+002  2.721865e-005
 2.624500e+002  2.593125e-005
 2.630688e+002  2.566199e-005
 2.636875e+002  2.819579e-005
 2.643063e+002  2.863642e-005
 2.649250e+002  2.627775e-005
 2.655438e+002  2.687137e-005
 2.661625e+002  2.621294e-005
 2.667813e+002  2.662660e-005
 2.674000e+002  2.827967e-005
 2.680188e+002  2.802660e-005
 2.686375e+002  2.645812e-005
 2.692563e+002  2.566457e-005
 2.698750e+002  2.333722e-005
 2.704938e+002  2.746917e-005
 2.711125e+002  2.864333e-005
 2.717313e+002  2.730926e-005
 2.723500e+002  2.815033e-005
 2.729688e+002  2.566894e-005
 2.735875e+002  2.533789e-005
 2.742063e+002  2.627672e-005
 2.748250e+002  2.701339e-005
 2.754438e+002  2.720115e-005
 2.760625e+002  2.564411e-005
 2.766813e+002  2.432262e-005
 2.773000e+002  2.534680e-005
 2.779188e+002  2.539616e-005
 2.785375e+002  2.779511e-005
 2.791563e+002  2.839580e-005
 2.797750e+002  2.882561e-005
 2.803938e+002  2.623084e-005
 2.810125e+002  2.627037e-005
 2.816313e+002  2.831204e-005
 2.822500e+002  2.946456e-005
 2.828688e+002  2.604291e-005
 2.834875e+002  2.794421e-005
 2.841063e+002  2.712280e-005
 2.847250e+002  2.612112e-005
 2.853438e+002  2.396308e-005
 2.859625e+002  2.521660e-005
 2.865813e+002  2.755046e-005
 2.872000e+002  2.572242e-005
 2.878188e+002  2.481953e-005
 2.884375e+002  2.680149e-005
 2.890563e+002  2.608708e-005
 2.896750e+002  2.309002e-005
 2.902938e+002  2.539437e-005
 2.909125e+002  2.641012e-005
 2.915313e+002  2.885073e-005
 2.921500e+002  2.886406e-005
 2.927688e+002  2.737299e-005
 2.933875e+002  2.650370e-005
 2.940063e+002  2.563099e-005
 2.946250e+002  2.586804e-005
 2.952438e+002  2.796333e-005
 2.958625e+002  2.621935e-005
 2.964813e+002  2.514033e-005
 2.971000e+002  2.321940e-005
 2.977188e+002  2.330511e-005
 2.983375e+002  2.518502e-005
 2.989563e+002  3.520223e-005
 2.995750e+002  2.455578e-004
 3.001938e+002  3.381563e-004
 3.008125e+002  1.180576e-004
 3.014313e+002  2.477503e-005
 3.020500e+002  2.275422e-005
 3.026688e+002  2.576083e-005
 3.032875e+002  2.680537e-005
 3.039063e+002  2.580184e-005
 3.045250e+002  2.491081e-005
 3.051438e+002  2.463953e-005
 3.057625e+002  2.491583e-005
 3.063813e+002  2.429832e-005
 3.070000e+002  2.561857e-005
 3.076188e+002  2.603137e-005
 3.082375e+002  2.589564e-005
 3.088563e+002  2.594190e-005
 3.094750e+002  2.657697e-005
 3.100938e+002  2.786295e-005
 3.107125e+002  2.961802e-005
 3.113313e+002  3.115093e-005
 3.119500e+002  2.815074e-005
 3.125688e+002  2.337579e-005
 3.131875e+002  2.469750e-005
 3.138063e+002  2.609229e-005
 3.144250e+002  2.757965e-005
 3.150437e+002  2.595817e-005
 3.156625e+002  2.324185e-005
 3.162812e+002  2.305217e-005
 3.169000e+002  2.487994e-005
 3.175187e+002  2.529629e-005
 3.181375e+002  2.453503e-005
 3.187562e+002  2.400916e-005
 3.193750e+002  2.505469e-005
 3.199937e+002  2.584787e-005
 3.206125e+002  2.308985e-005
 3.212312e+002  2.566116e-005
 3.218500e+002  2.475961e-005
 3.224687e+002  2.254482e-005
 3.230875e+002  2.271827e-005
 3.237062e+002  2.332067e-005
 3.243250e+002  2.528046e-005
 3.249437e+002  2.528357e-005
 3.255625e+002  2.509528e-005
 3.261812e+002  2.498804e-005
 3.268000e+002  2.500359e-005
 3.274187e+002  2.415307e-005
 3.280375e+002  2.550880e-005
 3.286562e+002  2.429973e-005
 3.292750e+002  2.439554e-005
 3.298937e+002  2.562266e-005
 3.305125e+002  2.454149e-005
 3.311312e+002  2.484098e-005
 3.317500e+002  2.421309e-005
 3.323687e+002  2.457022e-005
 3.329875e+002  2.469065e-005
 3.336062e+002  2.346289e-005
 3.342250e+002  2.224763e-005
 3.348437e+002  2.310202e-005
 3.354625e+002  2.322206e-005
 3.360812e+002  2.316356e-005
 3.367000e+002  2.109543e-005
 3.373187e+002  2.576644e-005
 3.379375e+002  2.555975e-005
 3.385562e+002  2.498113e-005
 3.391750e+002  2.533737e-005
 3.397937e+002  2.390603e-005
 3.404125e+002  2.498845e-005
 3.410312e+002  2.509043e-005
 3.416500e+002  2.419697e-005
 3.422687e+002  2.367591e-005
 3.428875e+002  2.106165e-005
 3.435062e+002  2.170854e-005
 3.441250e+002  2.218508e-005
 3.447437e+002  2.335063e-005
 3.453625e+002  2.650372e-005
 3.459812e+002  2.633372e-005
 3.466000e+002  2.439095e-005
 3.472187e+002  2.299372e-005
 3.478375e+002  2.378177e-005
 3.484562e+002  2.653977e-005
 3.490750e+002  6.569494e-005
 3.496937e+002  3.333708e-004
 3.503125e+002  3.617012e-004
 3.509312e+002  9.258860e-005
 3.515500e+002  2.543306e-005
 3.521687e+002  2.438669e-005
 3.527875e+002  2.421113e-005
 3.534062e+002  2.614524e-005
 3.540250e+002  2.710928e-005
 3.546437e+002  2.391494e-005
 3.552625e+002  2.164568e-005
 3.558812e+002  2.352851e-005
 3.565000e+002  2.633150e-005
 3.571187e+002  2.544691e-005
 3.577375e+002  2.563739e-005
 3.583562e+002  2.410796e-005
 3.589750e+002  2.198649e-005
 3.595937e+002  2.370859e-005
 3.602125e+002  2.499024e-005
 3.608312e+002  2.356612e-005
 3.614500e+002  2.383680e-005
 3.620687e+002  2.395820e-005
 3.626875e+002  2.286833e-005
 3.633062e+002  2.538345e-005
 3.639250e+002  2.398421e-005
 3.645437e+002  2.368872e-005
 3.651625e+002  2.323924e-005
 3.657812e+002  2.496085e-005
 3.664000e+002  2.660517e-005
 3.670187e+002  2.455726e-005
 3.676375e+002  2.348910e-005
 3.682562e+002  2.382081e-005
 3.688750e+002  2.285805e-005
 3.694937e+002  2.249466e-005
 3.701125e+002  2.079915e-005
 3.707312e+002  2.123191e-005
 3.713500e+002  2.291255e-005
 3.719687e+002  2.597310e-005
 3.725875e+002  2.725200e-005
 3.732062e+002  2.423824e-005
 3.738250e+002  2.232666e-005
 3.744437e+002  2.371821e-005
 3.750625e+002  2.269855e-005
 3.756812e+002  2.257305e-005
 3.763000e+002  2.260416e-005
 3.769187e+002  2.377231e-005
 3.775375e+002  2.495479e-005
 3.781562e+002  2.381281e-005
 3.787750e+002  2.361144e-005
 3.793937e+002  2.564028e-005
 3.800125e+002  2.547562e-005
 3.806312e+002  2.432019e-005
 3.812500e+002  2.353932e-005
 3.818687e+002  2.153810e-005
 3.824875e+002  2.256287e-005
 3.831062e+002  2.332806e-005
 3.837250e+002  2.264975e-005
 3.843437e+002  2.395992e-005
 3.849625e+002  2.468537e-005
 3.855812e+002  2.354734e-005
 3.862000e+002  2.174013e-005
 3.868187e+002  2.609975e-005
 3.874375e+002  2.589597e-005
 3.880562e+002  2.243554e-005
 3.886750e+002  2.414443e-005
 3.892937e+002  2.529994e-005
 3.899125e+002  2.599705e-005
 3.905312e+002  2.351052e-005
 3.911500e+002  2.307894e-005
 3.917687e+002  2.233667e-005
 3.923875e+002  2.369356e-005
 3.930062e+002  2.428983e-005
 3.936250e+002  2.191302e-005
 3.942437e+002  2.111096e-005
 3.948625e+002  2.244021e-005
 3.954812e+002  2.420360e-005
 3.961000e+002  2.369715e-005
 3.967187e+002  2.319853e-005
 3.973375e+002  2.289141e-005
 3.979562e+002  2.363129e-005
 3.985750e+002  2.447978e-005
 3.991937e+002  6.642203e-005
 3.998125e+002  2.295600e-004
 4.004312e+002  1.962513e-004
 4.010500e+002  3.812513e-005
 4.016687e+002  2.303194e-005
 4.022875e+002  2.147437e-005
 4.029062e+002  2.256596e-005
 4.035250e+002  2.418790e-005
 4.041437e+002  2.466125e-005
 4.047625e+002  2.472771e-005
 4.053812e+002  2.385266e-005
 4.060000e+002  2.388936e-005
 4.066187e+002  2.541262e-005
 4.072375e+002  2.453097e-005
 4.078562e+002  2.330076e-005
 4.084750e+002  2.315680e-005
 4.090937e+002  2.443301e-005
 4.097125e+002  2.321960e-005
 4.103312e+002  2.275526e-005
 4.109500e+002  2.361493e-005
 4.115687e+002  2.302074e-005
 4.121875e+002  2.344339e-005
 4.128062e+002  2.172188e-005
 4.134250e+002  2.158107e-005
 4.140437e+002  2.293455e-005
 4.146625e+002  2.310510e-005
 4.152812e+002  2.304146e-005
 4.159000e+002  2.326785e-005
 4.165187e+002  2.378300e-005
 4.171375e+002  2.420884e-005
 4.177562e+002  2.481764e-005
 4.183750e+002  2.219044e-005
 4.189937e+002  2.232862e-005
 4.196125e+002  2.399966e-005
 4.202312e+002  2.282352e-005
 4.208500e+002  2.153055e-005
 4.214687e+002  2.192195e-005
 4.220875e+002  2.279486e-005
 4.227062e+002  2.379540e-005
 4.233250e+002  2.547028e-005
 4.239437e+002  2.236306e-005
 4.245625e+002  2.181661e-005
 4.251812e+002  2.415973e-005
 4.258000e+002  2.502056e-005
 4.264187e+002  2.336675e-005
 4.270375e+002  2.337042e-005
 4.276562e+002  2.342380e-005
 4.282750e+002  2.349770e-005
 4.288937e+002  2.374443e-005
 4.295125e+002  2.330903e-005
 4.301312e+002  2.437505e-005
 4.307500e+002  2.193500e-005
 4.313687e+002  2.281037e-005
 4.319875e+002  2.371527e-005
 4.326062e+002  2.254266e-005
 4.332250e+002  2.160927e-005
 4.338437e+002  1.853273e-005
 4.344625e+002  2.056953e-005
 4.350812e+002  2.153557e-005
 4.357000e+002  2.272472e-005
 4.363187e+002  2.189872e-005
 4.369375e+002  2.144241e-005
 4.375562e+002  2.201522e-005
 4.381750e+002  2.317164e-005
 4.387937e+002  2.410159e-005
 4.394125e+002  2.265352e-005
 4.400312e+002  2.248113e-005
 4.406500e+002  2.313189e-005
 4.412687e+002  2.307161e-005
 4.418875e+002  2.322119e-005
 4.425062e+002  2.326793e-005
 4.431250e+002  2.185679e-005
 4.437437e+002  2.168857e-005
 4.443625e+002  2.264897e-005
 4.449812e+002  2.118411e-005
 4.456000e+002  1.940089e-005
 4.462187e+002  2.160915e-005
 4.468375e+002  2.319647e-005
 4.474562e+002  2.276297e-005
 4.480750e+002  2.163678e-005
 4.486937e+002  2.384727e-005
 4.493125e+002  1.599351e-004
 4.499312e+002  4.206015e-004
 4.505500e+002  2.838463e-004
 4.511687e+002  3.562105e-005
 4.517875e+002  2.516525e-005
 4.524062e+002  2.259792e-005
 4.530250e+002  2.430044e-005
 4.536437e+002  2.225599e-005
 4.542625e+002  2.054140e-005
 4.548812e+002  1.936634e-005
 4.555000e+002  2.246012e-005
 4.561187e+002  2.264799e-005
 4.567375e+002  2.244511e-005
 4.573562e+002  2.269818e-005
 4.579750e+002  2.178923e-005
 4.585937e+002  2.295818e-005
 4.592125e+002  2.309302e-005
 4.598312e+002  2.095120e-005
 4.604500e+002  2.053939e-005
 4.610687e+002  2.229658e-005
 4.616875e+002  2.234889e-005
 4.623062e+002  2.389290e-005
 4.629250e+002  2.246828e-005
 4.635437e+002  2.153147e-005
 4.641625e+002  2.119545e-005
 4.647812e+002  2.358670e-005
 4.654000e+002  2.403215e-005
 4.660187e+002  2.222228e-005
 4.666375e+002  2.045217e-005
 4.672562e+002  2.180556e-005
 4.678750e+002  2.174652e-005
 4.684937e+002  2.091151e-005
 4.691125e+002  2.045261e-005
 4.697312e+002  1.906861e-005
 4.703500e+002  2.097662e-005
 4.709687e+002  2.272104e-005
 4.715875e+002  2.510975e-005
 4.722062e+002  2.237997e-005
 4.728250e+002  2.129075e-005
 4.734437e+002  2.252592e-005
 4.740625e+002  2.209118e-005
 4.746812e+002  2.510546e-005
 4.753000e+002  2.271632e-005
 4.759187e+002  2.001500e-005
 4.765375e+002  2.156291e-005
 4.771562e+002  2.141312e-005
 4.777750e+002  2.102877e-005
 4.783937e+002  2.253989e-005
 4.790125e+002  2.240844e-005
 4.796312e+002  2.215520e-005
 4.802500e+002  2.243734e-005
 4.808687e+002  2.304880e-005
 4.814875e+002  2.394647e-005
 4.821062e+002  2.251095e-005
 4.827250e+002  2.059031e-005
 4.833437e+002  2.281884e-005
 4.839625e+002  2.179875e-005
 4.845812e+002  2.197699e-005
 4.852000e+002  2.365730e-005
 4.858187e+002  2.303593e-005
 4.864375e+002  2.149411e-005
 4.870562e+002  2.155334e-005
 4.876750e+002  2.278581e-005
 4.882937e+002  2.133065e-005
 4.889125e+002  2.109076e-005
 4.895312e+002  2.309646e-005
 4.901500e+002  2.260039e-005
 4.907687e+002  2.260831e-005
 4.913875e+002  2.252245e-005
 4.920062e+002  2.080852e-005
 4.926250e+002  2.148609e-005
 4.932437e+002  2.291299e-005
 4.938625e+002  2.238153e-005
 4.944812e+002  2.021140e-005
 4.951000e+002  2.052810e-005
 4.957187e+002  2.217225e-005
 4.963375e+002  2.376553e-005
 4.969562e+002  2.318691e-005
 4.975750e+002  2.388204e-005
 4.981937e+002  2.393080e-005
 4.988125e+002  2.223034e-005
 4.994312e+002  1.223955e-004
 5.000500e+002  2.374485e-004
 5.006687e+002  1.271551e-004
 5.012875e+002  2.491964e-005
 5.019062e+002  2.366606e-005
 5.025250e+002  2.358616e-005
 5.031437e+002  2.234108e-005
 5.037625e+002  2.075186e-005
 5.043812e+002  2.295570e-005
 5.050000e+002  2.516989e-005
 5.056187e+002  2.172237e-005
 5.062375e+002  1.961915e-005
 5.068562e+002  2.382873e-005
 5.074750e+002  2.307097e-005
 5.080937e+002  2.067055e-005
 5.087125e+002  2.010292e-005
 5.093312e+002  2.019549e-005
 5.099500e+002  1.982599e-005
 5.105687e+002  2.117634e-005
 5.111875e+002  2.037142e-005
 5.118062e+002  2.264950e-005
 5.124250e+002  2.268279e-005
 5.130437e+002  2.111228e-005
 5.136625e+002  2.084164e-005
 5.142812e+002  2.193463e-005
 5.149000e+002  2.106630e-005
 5.155187e+002  2.150180e-005
 5.161375e+002  2.592691e-005
 5.167562e+002  2.342846e-005
 5.173750e+002  2.178607e-005
 5.179937e+002  2.280697e-005
 5.186125e+002  2.164636e-005
 5.192312e+002  2.217239e-005
 5.198500e+002  2.141722e-005
 5.204687e+002  2.097622e-005
 5.210875e+002  2.112470e-005
 5.217062e+002  1.997518e-005
 5.223250e+002  2.267629e-005
 5.229437e+002  2.257482e-005
 5.235625e+002  2.167957e-005
 5.241812e+002  2.102001e-005
 5.248000e+002  2.089817e-005
 5.254187e+002  2.111271e-005
 5.260375e+002  2.105549e-005
 5.266562e+002  2.016090e-005
 5.272750e+002  1.952737e-005
 5.278937e+002  2.156155e-005
 5.285125e+002  2.084435e-005
 5.291312e+002  2.121401e-005
 5.297500e+002  2.196889e-005
 5.303687e+002  2.334755e-005
 5.309875e+002  2.391074e-005
 5.316062e+002  2.292406e-005
 5.322250e+002  2.316688e-005
 5.328437e+002  2.327775e-005
 5.334625e+002  2.205832e-005
 5.340812e+002  2.301785e-005
 5.347000e+002  2.175866e-005
 5.353187e+002  2.188335e-005
 5.359375e+002  2.269784e-005
 5.365562e+002  2.399232e-005
 5.371750e+002  2.459421e-005
 5.377937e+002  2.293175e-005
 5.384125e+002  2.184497e-005
 5.390312e+002  2.007582e-005
 5.396500e+002  2.148270e-005
 5.402687e+002  2.384394e-005
 5.408875e+002  2.179117e-005
 5.415062e+002  2.218910e-005
 5.421250e+002  2.152002e-005
 5.427437e+002  2.248044e-005
 5.433625e+002  2.450272e-005
 5.439812e+002  2.257115e-005
 5.446000e+002  2.208319e-005
 5.452187e+002  2.310719e-005
 5.458375e+002  2.221439e-005
 5.464562e+002  2.084022e-005
 5.470750e+002  1.926456e-005
 5.476937e+002  2.280932e-005
 5.483125e+002  2.482031e-005
 5.489312e+002  4.476506e-005
 5.495500e+002  3.716151e-004
 5.501687e+002  5.653710e-004
 5.507875e+002  2.330101e-004
 5.514062e+002  2.494696e-005
 5.520250e+002  2.031712e-005
 5.526437e+002  2.246416e-005
 5.532625e+002  2.327371e-005
 5.538812e+002  2.248204e-005
 5.545000e+002  2.176199e-005
 5.551187e+002  2.060367e-005
 5.557375e+002  2.118149e-005
 5.563562e+002  2.216321e-005
 5.569750e+002  2.223558e-005
 5.575937e+002  2.240926e-005
 5.582125e+002  2.064777e-005
 5.588312e+002  2.137543e-005
 5.594500e+002  2.027664e-005
 5.600687e+002  2.018703e-005
 5.606875e+002  1.922184e-005
 5.613062e+002  1.920260e-005
 5.619250e+002  2.067227e-005
 5.625437e+002  2.216457e-005
 5.631625e+002  2.350199e-005
 5.637812e+002  2.387533e-005
 5.644000e+002  2.100584e-005
 5.650187e+002  2.095144e-005
 5.656375e+002  2.150124e-005
 5.662562e+002  1.961728e-005
 5.668750e+002  2.062347e-005
 5.674937e+002  2.118640e-005
 5.681125e+002  2.121869e-005
 5.687312e+002  2.069409e-005
 5.693500e+002  2.136122e-005
 5.699687e+002  2.337089e-005
 5.705875e+002  2.152822e-005
 5.712062e+002  2.030557e-005
 5.718250e+002  2.030241e-005
 5.724437e+002  2.130228e-005
 5.730625e+002  1.982550e-005
 5.736812e+002  2.194292e-005
 5.743000e+002  2.553762e-005
 5.749187e+002  2.210279e-005
 5.755375e+002  1.986837e-005
 5.761562e+002  2.109014e-005
 5.767750e+002  1.981248e-005
 5.773937e+002  2.085157e-005
 5.780125e+002  2.238242e-005
 5.786312e+002  2.021043e-005
 5.792500e+002  2.038002e-005
 5.798687e+002  2.113922e-005
 5.804875e+002  2.146728e-005
 5.811062e+002  1.872804e-005
 5.817250e+002  1.900958e-005
 5.823437e+002  2.177772e-005
 5.829625e+002  2.272844e-005
 5.835812e+002  2.147596e-005
 5.842000e+002  2.209427e-005
 5.848187e+002  2.419503e-005
 5.854375e+002  2.090480e-005
 5.860562e+002  2.161152e-005
 5.866750e+002  2.259885e-005
 5.872937e+002  2.243413e-005
 5.879125e+002  2.054017e-005
 5.885312e+002  2.192938e-005
 5.891500e+002  2.060797e-005
 5.897687e+002  1.957917e-005
 5.903875e+002  2.183183e-005
 5.910062e+002  2.294429e-005
 5.916250e+002  2.044250e-005
 5.922437e+002  2.077874e-005
 5.928625e+002  2.055159e-005
 5.934812e+002  2.101813e-005
 5.941000e+002  2.125742e-005
 5.947187e+002  2.005293e-005
 5.953375e+002  1.998664e-005
 5.959562e+002  2.025254e-005
 5.965750e+002  2.151546e-005
 5.971937e+002  2.087029e-005
 5.978125e+002  2.142715e-005
 5.984312e+002  2.112140e-005
 5.990500e+002  3.238960e-005
 5.996687e+002  1.407341e-004
 6.002875e+002  1.676859e-004
 6.009062e+002  5.646350e-005
 6.015250e+002  2.019019e-005
 6.021437e+002  2.178568e-005
 6.027625e+002  2.190555e-005
 6.033812e+002  2.294432e-005
 6.040000e+002  2.034454e-005
 6.046187e+002  2.070104e-005
 6.052375e+002  2.200781e-005
 6.058562e+002  2.361574e-005
 6.064750e+002  2.144931e-005
 6.070937e+002  2.089611e-005
 6.077125e+002  2.094589e-005
 6.083312e+002  2.152757e-005
 6.089500e+002  2.335974e-005
 6.095687e+002  2.262583e-005
 6.101875e+002  2.292077e-005
 6.108062e+002  2.196470e-005
 6.114250e+002  2.169535e-005
 6.120437e+002  2.158953e-005
 6.126625e+002  2.038544e-005
 6.132812e+002  2.260522e-005
 6.139000e+002  1.993680e-005
 6.145187e+002  1.984431e-005
 6.151375e+002  1.999174e-005
 6.157562e+002  2.167744e-005
 6.163750e+002  2.072165e-005
 6.169937e+002  1.898765e-005
 6.176125e+002  1.996208e-005
 6.182312e+002  2.052372e-005
 6.188500e+002  2.252661e-005
 6.194687e+002  2.157990e-005
 6.200875e+002  2.197611e-005
 6.207062e+002  2.324699e-005
 6.213250e+002  2.214590e-005
 6.219437e+002  2.193829e-005
 6.225625e+002  2.088970e-005
 6.231812e+002  2.202269e-005
 6.238000e+002  2.339968e-005
 6.244187e+002  2.386174e-005
 6.250375e+002  2.367858e-005
 6.256562e+002  2.195214e-005
 6.262750e+002  2.012529e-005
 6.268937e+002  2.063091e-005
 6.275125e+002  1.999027e-005
 6.281312e+002  2.200014e-005
 6.287500e+002  2.253815e-005
 6.293687e+002  2.264102e-005
 6.299875e+002  2.252957e-005
 6.306062e+002  2.052425e-005
 6.312250e+002  2.202265e-005
 6.318437e+002  2.192830e-005
 6.324625e+002  2.160730e-005
 6.330812e+002  2.146950e-005
 6.337000e+002  2.126702e-005
 6.343187e+002  2.154066e-005
 6.349375e+002  2.178804e-005
 6.355562e+002  2.106369e-005
 6.361750e+002  2.079469e-005
 6.367937e+002  2.157212e-005
 6.374125e+002  2.238516e-005
 6.380312e+002  2.051535e-005
 6.386500e+002  2.076064e-005
 6.392687e+002  2.095690e-005
 6.398875e+002  2.277406e-005
 6.405062e+002  2.045951e-005
 6.411250e+002  2.057677e-005
 6.417437e+002  2.215866e-005
 6.423625e+002  2.034670e-005
 6.429812e+002  2.026450e-005
 6.436000e+002  2.066002e-005
 6.442187e+002  2.153705e-005
 6.448375e+002  2.210188e-005
 6.454562e+002  2.186546e-005
 6.460750e+002  2.041412e-005
 6.466937e+002  1.938771e-005
 6.473125e+002  2.063384e-005
 6.479312e+002  2.151048e-005
 6.485500e+002  2.290076e-005
 6.491687e+002  7.750588e-005
 6.497875e+002  2.905364e-004
 6.504062e+002  2.803085e-004
 6.510250e+002  6.866287e-005
 6.516437e+002  2.306627e-005
 6.522625e+002  2.178029e-005
 6.528812e+002  2.163554e-005
 6.535000e+002  2.127320e-005
 6.541187e+002  2.046967e-005
 6.547375e+002  2.065267e-005
 6.553562e+002  2.386319e-005
 6.559750e+002  2.259543e-005
 6.565937e+002  2.117256e-005
 6.572125e+002  2.016586e-005
 6.578312e+002  2.233670e-005
 6.584500e+002  2.051417e-005
 6.590687e+002  1.889562e-005
 6.596875e+002  2.062586e-005
 6.603062e+002  2.189135e-005
 6.609250e+002  2.140662e-005
 6.615437e+002  2.164647e-005
 6.621625e+002  2.118834e-005
 6.627812e+002  2.189838e-005
 6.634000e+002  2.232045e-005
 6.640187e+002  2.161788e-005
 6.646375e+002  2.153187e-005
 6.652562e+002  2.240770e-005
 6.658750e+002  2.102118e-005
 6.664937e+002  2.272513e-005
 6.671125e+002  2.300803e-005
 6.677312e+002  2.200695e-005
 6.683500e+002  2.172545e-005
 6.689687e+002  2.061342e-005
 6.695875e+002  2.072399e-005
 6.702062e+002  1.971194e-005
 6.708250e+002  1.970862e-005
 6.714437e+002  2.121593e-005
 6.720625e+002  2.136940e-005
 6.726812e+002  2.037865e-005
 6.733000e+002  1.948246e-005
 6.739187e+002  2.103089e-005
 6.745375e+002  2.311934e-005
 6.751562e+002  2.113846e-005
 6.757750e+002  1.902303e-005
 6.763937e+002  2.278961e-005
 6.770125e+002  2.468870e-005
 6.776312e+002  2.117490e-005
 6.782500e+002  1.985888e-005
 6.788687e+002  2.255308e-005
 6.794875e+002  2.276166e-005
 6.801062e+002  2.025101e-005
 6.807250e+002  2.229581e-005
 6.813437e+002  1.988170e-005
 6.819625e+002  2.061491e-005
 6.825812e+002  2.123638e-005
 6.832000e+002  2.166256e-005
 6.838187e+002  1.945226e-005
 6.844375e+002  2.150784e-005
 6.850562e+002  2.188365e-005
 6.856750e+002  2.027324e-005
 6.862937e+002  2.057264e-005
 6.869125e+002  2.222451e-005
 6.875312e+002  2.107367e-005
 6.881500e+002  2.209790e-005
 6.887687e+002  2.274699e-005
 6.893875e+002  2.018312e-005
 6.900062e+002  1.970521e-005
 6.906250e+002  2.051201e-005
 6.912437e+002  2.020308e-005
 6.918625e+002  2.173173e-005
 6.924812e+002  2.313415e-005
 6.931000e+002  2.167222e-005
 6.937187e+002  1.799932e-005
 6.943375e+002  1.666576e-005
 6.949562e+002  1.945715e-005
 6.955750e+002  2.093513e-005
 6.961937e+002  2.276116e-005
 6.968125e+002  2.270982e-005
 6.974312e+002  2.378564e-005
 6.980500e+002  2.261816e-005
 6.986687e+002  1.962748e-005
 6.992875e+002  6.429765e-005
 6.999062e+002  1.680216e-004
 7.005250e+002  1.287478e-004
 7.011437e+002  2.901617e-005
 7.017625e+002  1.940921e-005
 7.023812e+002  2.005050e-005
 7.030000e+002  2.088248e-005
 7.036187e+002  2.181861e-005
 7.042375e+002  2.339088e-005
 7.048562e+002  2.149588e-005
 7.054750e+002  2.043864e-005
 7.060937e+002  2.182812e-005
 7.067125e+002  2.127252e-005
 7.073312e+002  2.096303e-005
 7.079500e+002  2.059507e-005
 7.085687e+002  2.199193e-005
 7.091875e+002  2.346465e-005
 7.098062e+002  2.270922e-005
 7.104250e+002  2.341286e-005
 7.110437e+002  2.470547e-005
 7.116625e+002  2.199786e-005
 7.122812e+002  2.188712e-005
 7.129000e+002  2.112920e-005
 7.135187e+002  2.025925e-005
 7.141375e+002  2.228980e-005
 7.147562e+002  2.022551e-005
 7.153750e+002  2.054065e-005
 7.159937e+002  2.209838e-005
 7.166125e+002  2.079414e-005
 7.172312e+002  2.114565e-005
 7.178500e+002  2.064117e-005
 7.184687e+002  1.983799e-005
 7.190875e+002  2.018490e-005
 7.197062e+002  2.043278e-005
 7.203250e+002  2.025293e-005
 7.209437e+002  2.061136e-005
 7.215625e+002  1.988165e-005
 7.221812e+002  2.143113e-005
 7.228000e+002  2.072413e-005
 7.234187e+002  2.011779e-005
 7.240375e+002  2.171216e-005
 7.246562e+002  1.767726e-005
 7.252750e+002  1.854112e-005
 7.258937e+002  1.806738e-005
 7.265125e+002  2.040111e-005
 7.271312e+002  2.075125e-005
 7.277500e+002  2.139989e-005
 7.283687e+002  2.059400e-005
 7.289875e+002  2.115652e-005
 7.296062e+002  2.137892e-005
 7.302250e+002  2.004889e-005
 7.308437e+002  1.868413e-005
 7.314625e+002  2.339517e-005
 7.320812e+002  2.172427e-005
 7.327000e+002  2.097827e-005
 7.333187e+002  2.199918e-005
 7.339375e+002  2.139789e-005
 7.345562e+002  1.985305e-005
 7.351750e+002  2.142753e-005
 7.357937e+002  2.189985e-005
 7.364125e+002  2.116676e-005
 7.370312e+002  1.957963e-005
 7.376500e+002  1.844548e-005
 7.382687e+002  2.066555e-005
 7.388875e+002  2.149594e-005
 7.395062e+002  1.995409e-005
 7.401250e+002  2.131652e-005
 7.407437e+002  2.092210e-005
 7.413625e+002  2.042032e-005
 7.419812e+002  2.018590e-005
 7.426000e+002  2.228677e-005
 7.432187e+002  2.241140e-005
 7.438375e+002  2.144261e-005
 7.444562e+002  2.162828e-005
 7.450750e+002  2.189372e-005
 7.456937e+002  2.233964e-005
 7.463125e+002  2.083699e-005
 7.469312e+002  2.113131e-005
 7.475500e+002  2.092518e-005
 7.481687e+002  2.126916e-005
 7.487875e+002  2.232489e-005
 7.494062e+002  1.201193e-004
 7.500250e+002  2.458356e-004
 7.506437e+002  1.528867e-004
 7.512625e+002  2.915603e-005
 7.518812e+002  2.022733e-005
 7.525000e+002  2.132626e-005
 7.531187e+002  2.202697e-005
 7.537375e+002  2.203218e-005
 7.543562e+002  2.178146e-005
 7.549750e+002  2.114480e-005
 7.555937e+002  2.091372e-005
 7.562125e+002  2.029400e-005
 7.568312e+002  1.989937e-005
 7.574500e+002  2.042875e-005
 7.580687e+002  2.055813e-005
 7.586875e+002  2.124633e-005
 7.593062e+002  2.126790e-005
 7.599250e+002  2.220204e-005
 7.605437e+002  2.229956e-005
 7.611625e+002  1.975424e-005
 7.617812e+002  2.148531e-005
 7.624000e+002  2.159935e-005
 7.630187e+002  2.111467e-005
 7.636375e+002  2.104262e-005
 7.642562e+002  1.950215e-005
 7.648750e+002  1.983631e-005
 7.654937e+002  2.154271e-005
 7.661125e+002  2.016212e-005
 7.667312e+002  1.944559e-005
 7.673500e+002  1.967770e-005
 7.679687e+002  2.046051e-005
 7.685875e+002  2.288747e-005
 7.692062e+002  2.167674e-005
 7.698250e+002  1.946094e-005
 7.704437e+002  1.821048e-005
 7.710625e+002  2.052461e-005
 7.716812e+002  1.908922e-005
 7.723000e+002  2.098961e-005
 7.729187e+002  2.076865e-005
 7.735375e+002  2.079295e-005
 7.741562e+002  2.064106e-005
 7.747750e+002  2.078321e-005
 7.753937e+002  2.027350e-005
 7.760125e+002  2.013509e-005
 7.766312e+002  2.213466e-005
 7.772500e+002  2.100458e-005
 7.778687e+002  1.798378e-005
 7.784875e+002  1.806947e-005
 7.791062e+002  1.984529e-005
 7.797250e+002  2.028743e-005
 7.803437e+002  2.171414e-005
 7.809625e+002  2.138389e-005
 7.815812e+002  2.020238e-005
 7.822000e+002  2.141543e-005
 7.828187e+002  2.021301e-005
 7.834375e+002  1.982525e-005
 7.840562e+002  1.993903e-005
 7.846750e+002  2.107741e-005
 7.852937e+002  1.979547e-005
 7.859125e+002  2.053105e-005
 7.865312e+002  2.124238e-005
 7.871500e+002  2.175798e-005
 7.877687e+002  2.143692e-005
 7.883875e+002  2.054651e-005
 7.890062e+002  1.862711e-005
 7.896250e+002  1.823878e-005
 7.902437e+002  1.877680e-005
 7.908625e+002  2.045754e-005
 7.914812e+002  2.130804e-005
 7.921000e+002  2.018037e-005
 7.927187e+002  2.058281e-005
 7.933375e+002  1.974012e-005
 7.939562e+002  2.092730e-005
 7.945750e+002  2.100185e-005
 7.951937e+002  2.299458e-005
 7.958125e+002  2.183708e-005
 7.964312e+002  2.112482e-005
 7.970500e+002  2.063371e-005
 7.976687e+002  2.215915e-005
 7.982875e+002  2.211325e-005
 7.989062e+002  2.265644e-005
 7.995250e+002  9.056603e-005
 8.001437e+002  1.449044e-004
 8.007625e+002  7.230568e-005
 8.013812e+002  2.164271e-005
 8.020000e+002  2.080595e-005
 8.026187e+002  1.975847e-005
 8.032375e+002  2.055819e-005
 8.038562e+002  1.881162e-005
 8.044750e+002  1.935847e-005
 8.050937e+002  2.104325e-005
 8.057125e+002  2.068983e-005
 8.063312e+002  2.070147e-005
 8.069500e+002  2.015808e-005
 8.075687e+002  1.827389e-005
 8.081875e+002  1.866795e-005
 8.088062e+002  2.077496e-005
 8.094250e+002  2.021051e-005
 8.100437e+002  1.998042e-005
 8.106625e+002  1.958272e-005
 8.112812e+002  2.041080e-005
 8.119000e+002  2.103837e-005
 8.125187e+002  1.983274e-005
 8.131375e+002  1.946113e-005
 8.137562e+002  1.939829e-005
 8.143750e+002  2.164925e-005
 8.149937e+002  2.208992e-005
 8.156125e+002  2.059269e-005
 8.162312e+002  1.856104e-005
 8.168500e+002  1.867023e-005
 8.174687e+002  2.066137e-005
 8.180875e+002  2.033713e-005
 8.187062e+002  2.220199e-005
 8.193250e+002  2.124212e-005
 8.199437e+002  2.089708e-005
 8.205625e+002  2.186159e-005
 8.211812e+002  2.124612e-005
 8.218000e+002  2.216023e-005
 8.224187e+002  2.046642e-005
 8.230375e+002  1.948635e-005
 8.236562e+002  1.910969e-005
 8.242750e+002  1.736821e-005
 8.248937e+002  2.002353e-005
 8.255125e+002  2.048639e-005
 8.261312e+002  1.988056e-005
 8.267500e+002  2.018552e-005
 8.273687e+002  2.041768e-005
 8.279875e+002  2.037365e-005
 8.286062e+002  2.080790e-005
 8.292250e+002  2.166854e-005
 8.298437e+002  2.100117e-005
 8.304625e+002  2.282618e-005
 8.310812e+002  2.060198e-005
 8.317000e+002  1.991198e-005
 8.323187e+002  1.998822e-005
 8.329375e+002  2.089576e-005
 8.335562e+002  2.031526e-005
 8.341750e+002  1.916278e-005
 8.347937e+002  2.024264e-005
 8.354125e+002  1.954661e-005
 8.360312e+002  1.940094e-005
 8.366500e+002  1.835164e-005
 8.372687e+002  2.080967e-005
 8.378875e+002  2.140579e-005
 8.385062e+002  1.866660e-005
 8.391250e+002  1.837053e-005
 8.397437e+002  1.768946e-005
 8.403625e+002  1.917635e-005
 8.409812e+002  1.986968e-005
 8.416000e+002  1.965871e-005
 8.422187e+002  1.988742e-005
 8.428375e+002  1.867281e-005
 8.434562e+002  1.865345e-005
 8.440750e+002  2.056458e-005
 8.446937e+002  1.986135e-005
 8.453125e+002  1.994324e-005
 8.459312e+002  1.848969e-005
 8.465500e+002  2.048153e-005
 8.471687e+002  2.059595e-005
 8.477875e+002  2.159595e-005
 8.484062e+002  2.313016e-005
 8.490250e+002  4.964474e-005
 8.496437e+002  2.689073e-004
 8.502625e+002  3.527788e-004
 8.508812e+002  1.390593e-004
 8.515000e+002  2.268384e-005
 8.521187e+002  2.171191e-005
 8.527375e+002  2.222901e-005
 8.533562e+002  2.090803e-005
 8.539750e+002  2.021522e-005
 8.545937e+002  2.169049e-005
 8.552125e+002  2.330317e-005
 8.558312e+002  2.190370e-005
 8.564500e+002  2.163252e-005
 8.570687e+002  2.131811e-005
 8.576875e+002  2.305765e-005
 8.583062e+002  2.254519e-005
 8.589250e+002  2.002513e-005
 8.595437e+002  1.901244e-005
 8.601625e+002  2.031961e-005
 8.607812e+002  2.168452e-005
 8.614000e+002  2.093782e-005
 8.620187e+002  2.042886e-005
 8.626375e+002  2.098218e-005
 8.632562e+002  2.106346e-005
 8.638750e+002  1.977002e-005
 8.644937e+002  1.937277e-005
 8.651125e+002  2.086555e-005
 8.657312e+002  2.017685e-005
 8.663500e+002  1.827777e-005
 8.669687e+002  1.921917e-005
 8.675875e+002  2.042729e-005
 8.682062e+002  2.025615e-005
 8.688250e+002  1.756425e-005
 8.694437e+002  2.034599e-005
 8.700625e+002  2.031084e-005
 8.706812e+002  2.134297e-005
 8.713000e+002  2.158155e-005
 8.719187e+002  1.884636e-005
 8.725375e+002  1.935083e-005
 8.731562e+002  1.937201e-005
 8.737750e+002  2.078496e-005
 8.743937e+002  2.113887e-005
 8.750125e+002  2.152448e-005
 8.756312e+002  2.050793e-005
 8.762500e+002  1.961959e-005
 8.768687e+002  1.937718e-005
 8.774875e+002  2.114184e-005
 8.781062e+002  2.069272e-005
 8.787250e+002  2.114309e-005
 8.793437e+002  2.123820e-005
 8.799625e+002  2.063669e-005
 8.805812e+002  1.954903e-005
 8.812000e+002  1.951195e-005
 8.818187e+002  1.982841e-005
 8.824375e+002  1.949410e-005
 8.830562e+002  2.016288e-005
 8.836750e+002  2.202003e-005
 8.842937e+002  2.027390e-005
 8.849125e+002  1.937782e-005
 8.855312e+002  1.967820e-005
 8.861500e+002  2.082382e-005
 8.867687e+002  2.050928e-005
 8.873875e+002  1.974406e-005
 8.880062e+002  2.025558e-005
 8.886250e+002  2.085136e-005
 8.892437e+002  1.892970e-005
 8.898625e+002  1.940099e-005
 8.904812e+002  2.195481e-005
 8.911000e+002  2.129815e-005
 8.917187e+002  2.039590e-005
 8.923375e+002  2.043881e-005
 8.929562e+002  1.981338e-005
 8.935750e+002  1.848157e-005
 8.941937e+002  1.924662e-005
 8.948125e+002  1.933750e-005
 8.954312e+002  1.903429e-005
 8.960500e+002  2.216550e-005
 8.966687e+002  2.151196e-005
 8.972875e+002  2.069435e-005
 8.979062e+002  1.967107e-005
 8.985250e+002  1.957118e-005
 8.991437e+002  3.336115e-005
 8.997625e+002  1.122509e-004
 9.003812e+002  1.193090e-004
 9.010000e+002  4.285968e-005
 9.016187e+002  1.986449e-005
 9.022375e+002  1.921159e-005
 9.028562e+002  2.074129e-005
 9.034750e+002  1.855803e-005
 9.040937e+002  1.854865e-005
 9.047125e+002  2.236630e-005
 9.053312e+002  2.266600e-005
 9.059500e+002  1.959445e-005
 9.065687e+002  1.942355e-005
 9.071875e+002  1.831528e-005
 9.078062e+002  1.924933e-005
 9.084250e+002  2.057495e-005
 9.090437e+002  2.114808e-005
 9.096625e+002  1.995107e-005
 9.102812e+002  2.043618e-005
 9.109000e+002  2.080115e-005
 9.115187e+002  2.119524e-005
 9.121375e+002  2.063637e-005
 9.127562e+002  2.047463e-005
 9.133750e+002  1.970656e-005
 9.139937e+002  1.871301e-005
 9.146125e+002  1.954119e-005
 9.152312e+002  2.078652e-005
 9.158500e+002  1.872612e-005
 9.164687e+002  1.843823e-005
 9.170875e+002  2.171862e-005
 9.177062e+002  2.341709e-005
 9.183250e+002  2.047072e-005
 9.189437e+002  1.926612e-005
 9.195625e+002  1.866672e-005
 9.201812e+002  1.914356e-005
 9.208000e+002  1.939848e-005
 9.214187e+002  1.900804e-005
 9.220375e+002  2.133160e-005
 9.226562e+002  2.130683e-005
 9.232750e+002  2.105516e-005
 9.238937e+002  2.187417e-005
 9.245125e+002  1.998501e-005
 9.251312e+002  1.933759e-005
 9.257500e+002  2.121771e-005
 9.263687e+002  2.102086e-005
 9.269875e+002  2.224472e-005
 9.276062e+002  2.025943e-005
 9.282250e+002  1.878336e-005
 9.288437e+002  1.941542e-005
 9.294625e+002  1.997829e-005
 9.300812e+002  1.882097e-005
 9.307000e+002  2.041481e-005
 9.313187e+002  2.104511e-005
 9.319375e+002  2.067501e-005
 9.325562e+002  2.048304e-005
 9.331750e+002  1.863723e-005
 9.337937e+002  1.731901e-005
 9.344125e+002  2.030450e-005
 9.350312e+002  2.032587e-005
 9.356500e+002  1.823842e-005
 9.362687e+002  1.871372e-005
 9.368875e+002  1.888857e-005
 9.375062e+002  1.942979e-005
 9.381250e+002  1.796217e-005
 9.387437e+002  1.817559e-005
 9.393625e+002  1.853032e-005
 9.399812e+002  1.913556e-005
 9.406000e+002  1.875248e-005
 9.412187e+002  1.921532e-005
 9.418375e+002  1.874164e-005
 9.424562e+002  2.022240e-005
 9.430750e+002  1.855755e-005
 9.436937e+002  1.957443e-005
 9.443125e+002  1.990829e-005
 9.449312e+002  2.011024e-005
 9.455500e+002  1.961255e-005
 9.461687e+002  1.944202e-005
 9.467875e+002  2.007619e-005
 9.474062e+002  2.111858e-005
 9.480250e+002  1.935449e-005
 9.486437e+002  2.093737e-005
 9.492625e+002  7.994443e-005
 9.498812e+002  2.328876e-004
 9.505000e+002  2.023650e-004
 9.511187e+002  5.431725e-005
 9.517375e+002  2.216251e-005
 9.523562e+002  2.158589e-005
 9.529750e+002  2.091336e-005
 9.535937e+002  2.055911e-005
 9.542125e+002  1.926546e-005
 9.548312e+002  2.032365e-005
 9.554500e+002  2.070579e-005
 9.560687e+002  2.049102e-005
 9.566875e+002  1.988006e-005
 9.573062e+002  1.880383e-005
 9.579250e+002  1.931108e-005
 9.585437e+002  1.960365e-005
 9.591625e+002  1.900111e-005
 9.597812e+002  2.008395e-005
 9.604000e+002  2.343758e-005
 9.610187e+002  2.223452e-005
 9.616375e+002  2.090029e-005
 9.622562e+002  2.098964e-005
 9.628750e+002  2.000761e-005
 9.634937e+002  1.829215e-005
 9.641125e+002  1.839278e-005
 9.647312e+002  1.965434e-005
 9.653500e+002  2.184070e-005
 9.659687e+002  2.278125e-005
 9.665875e+002  2.089089e-005
 9.672062e+002  1.816671e-005
 9.678250e+002  1.781419e-005
 9.684437e+002  1.989404e-005
 9.690625e+002  2.122978e-005
 9.696812e+002  1.946478e-005
 9.703000e+002  2.069585e-005
 9.709187e+002  2.030512e-005
 9.715375e+002  2.257481e-005
 9.721562e+002  2.111071e-005
 9.727750e+002  1.798857e-005
 9.733937e+002  1.943021e-005
 9.740125e+002  2.109937e-005
 9.746312e+002  2.041306e-005
 9.752500e+002  1.935553e-005
 9.758687e+002  2.245205e-005
 9.764875e+002  2.287445e-005
 9.771062e+002  2.101114e-005
 9.777250e+002  1.943837e-005
 9.783437e+002  1.916002e-005
 9.789625e+002  2.068435e-005
 9.795812e+002  1.883823e-005
 9.802000e+002  1.873524e-005
 9.808187e+002  1.982635e-005
 9.814375e+002  1.875310e-005
 9.820562e+002  1.892085e-005
 9.826750e+002  2.022984e-005
 9.832937e+002  2.135952e-005
 9.839125e+002  2.183612e-005
 9.845312e+002  2.161760e-005
 9.851500e+002  1.974724e-005
 9.857687e+002  2.080005e-005
 9.863875e+002  2.204173e-005
 9.870062e+002  2.154707e-005
 9.876250e+002  2.207928e-005
 9.882437e+002  2.004505e-005
 9.888625e+002  1.787907e-005
 9.894812e+002  1.929898e-005
 9.901000e+002  1.988232e-005
 9.907187e+002  1.905726e-005
 9.913375e+002  1.901029e-005
 9.919562e+002  1.994292e-005
 9.925750e+002  1.945435e-005
 9.931937e+002  2.145955e-005
 9.938125e+002  1.997326e-005
 9.944312e+002  2.126505e-005
 9.950500e+002  2.138728e-005
 9.956687e+002  1.959277e-005
 9.962875e+002  2.075101e-005
 9.969062e+002  1.957857e-005
 9.975250e+002  1.944713e-005
 9.981437e+002  1.859322e-005
 9.987625e+002  1.850745e-005
 9.993812e+002  5.248991e-005
 1.000000e+003  1.098444e-004
