 1.000000e+001  3.704526e-004
 1.061875e+001  4.248634e-004
 1.123750e+001  3.752981e-004
 1.185625e+001  3.205393e-004
 1.247500e+001  2.555045e-004
 1.309375e+001  2.510131e-004
 1.371250e+001  2.535311e-004
 1.433125e+001  2.724347e-004
 1.495000e+001  2.581996e-004
 1.556875e+001  1.896205e-004
 1.618750e+001  1.821243e-004
 1.680625e+001  1.989486e-004
 1.742500e+001  1.986927e-004
 1.804375e+001  2.373103e-004
 1.866250e+001  1.934895e-004
 1.928125e+001  1.678370e-004
 1.990000e+001  1.896565e-004
 2.051875e+001  2.256008e-004
 2.113750e+001  2.118106e-004
 2.175625e+001  1.702272e-004
 2.237500e+001  1.614205e-004
 2.299375e+001  1.737914e-004
 2.361250e+001  1.804096e-004
 2.423125e+001  1.451875e-004
 2.485000e+001  1.871787e-004
 2.546875e+001  1.717222e-004
 2.608750e+001  1.401269e-004
 2.670625e+001  1.427405e-004
 2.732500e+001  1.243765e-004
 2.794375e+001  1.201611e-004
 2.856250e+001  1.377748e-004
 2.918125e+001  1.394121e-004
 2.980000e+001  1.602846e-004
 3.041875e+001  1.590839e-004
 3.103750e+001  1.330049e-004
 3.165625e+001  1.632244e-004
 3.227500e+001  1.734005e-004
 3.289375e+001  1.446464e-004
 3.351250e+001  1.341665e-004
 3.413125e+001  1.156406e-004
 3.475000e+001  1.313295e-004
 3.536875e+001  1.390472e-004
 3.598750e+001  1.366477e-004
 3.660625e+001  1.460237e-004
 3.722500e+001  1.872116e-004
 3.784375e+001  1.630636e-004
 3.846250e+001  1.679004e-004
 3.908125e+001  1.815350e-004
 3.970000e+001  1.748106e-004
 4.031875e+001  1.646189e-004
 4.093750e+001  1.411494e-004
 4.155625e+001  1.557388e-004
 4.217500e+001  1.432966e-004
 4.279375e+001  1.215256e-004
 4.341250e+001  1.286668e-004
 4.403125e+001  1.112747e-004
 4.465000e+001  1.423713e-004
 4.526875e+001  1.414128e-004
 4.588750e+001  1.276820e-004
 4.650625e+001  1.477236e-004
 4.712500e+001  1.592836e-004
 4.774375e+001  1.566532e-004
 4.836250e+001  1.157871e-004
 4.898125e+001  2.048920e-004
 4.960000e+001  1.371241e-003
 5.021875e+001  1.661154e-003
 5.083750e+001  4.339036e-004
 5.145625e+001  1.447675e-004
 5.207500e+001  1.125404e-004
 5.269375e+001  1.170361e-004
 5.331250e+001  1.169151e-004
 5.393125e+001  1.423877e-004
 5.455000e+001  1.415319e-004
 5.516875e+001  1.175317e-004
 5.578750e+001  1.323647e-004
 5.640625e+001  1.371319e-004
 5.702500e+001  1.248984e-004
 5.764375e+001  1.144046e-004
 5.826250e+001  9.899273e-005
 5.888125e+001  1.059860e-004
 5.950000e+001  1.123327e-004
 6.011875e+001  1.440677e-004
 6.073750e+001  1.357566e-004
 6.135625e+001  1.415733e-004
 6.197500e+001  1.242692e-004
 6.259375e+001  1.417410e-004
 6.321250e+001  1.494045e-004
 6.383125e+001  1.534251e-004
 6.445000e+001  1.471977e-004
 6.506875e+001  1.191496e-004
 6.568750e+001  1.284703e-004
 6.630625e+001  1.122196e-004
 6.692500e+001  1.157409e-004
 6.754375e+001  1.396818e-004
 6.816250e+001  1.429618e-004
 6.878125e+001  1.360151e-004
 6.940000e+001  1.259344e-004
 7.001875e+001  1.140245e-004
 7.063750e+001  1.194640e-004
 7.125625e+001  1.085024e-004
 7.187500e+001  1.364520e-004
 7.249375e+001  1.412687e-004
 7.311250e+001  1.410389e-004
 7.373125e+001  1.170583e-004
 7.435000e+001  1.117579e-004
 7.496875e+001  1.156680e-004
 7.558750e+001  1.427611e-004
 7.620625e+001  1.516735e-004
 7.682500e+001  1.449272e-004
 7.744375e+001  1.412731e-004
 7.806250e+001  1.474905e-004
 7.868125e+001  1.373397e-004
 7.930000e+001  1.188272e-004
 7.991875e+001  1.161965e-004
 8.053750e+001  1.119008e-004
 8.115625e+001  1.224112e-004
 8.177500e+001  1.423071e-004
 8.239375e+001  1.691687e-004
 8.301250e+001  1.443120e-004
 8.363125e+001  1.153554e-004
 8.425000e+001  1.227498e-004
 8.486875e+001  1.194001e-004
 8.548750e+001  1.174836e-004
 8.610625e+001  1.366086e-004
 8.672500e+001  1.416003e-004
 8.734375e+001  1.636980e-004
 8.796250e+001  1.502580e-004
 8.858125e+001  1.156901e-004
 8.920000e+001  1.111053e-004
 8.981875e+001  1.027733e-004
 9.043750e+001  1.101993e-004
 9.105625e+001  1.005873e-004
 9.167500e+001  1.230468e-004
 9.229375e+001  1.286501e-004
 9.291250e+001  1.201827e-004
 9.353125e+001  1.026512e-004
 9.415000e+001  1.177217e-004
 9.476875e+001  1.227618e-004
 9.538750e+001  1.212623e-004
 9.600625e+001  1.162034e-004
 9.662500e+001  1.044513e-004
 9.724375e+001  1.214215e-004
 9.786250e+001  1.459436e-004
 9.848125e+001  1.397138e-004
 9.910000e+001  1.288016e-004
 9.971875e+001  1.268172e-004
 1.003375e+002  1.491602e-004
 1.009563e+002  1.462646e-004
 1.015750e+002  1.280699e-004
 1.021938e+002  1.290647e-004
 1.028125e+002  1.550174e-004
 1.034313e+002  1.450042e-004
 1.040500e+002  1.299958e-004
 1.046688e+002  1.276469e-004
 1.052875e+002  1.302771e-004
 1.059063e+002  9.217383e-005
 1.065250e+002  1.103268e-004
 1.071438e+002  1.258920e-004
 1.077625e+002  1.399966e-004
 1.083813e+002  1.275013e-004
 1.090000e+002  1.344781e-004
 1.096188e+002  1.091361e-004
 1.102375e+002  9.648327e-005
 1.108563e+002  1.156405e-004
 1.114750e+002  1.245636e-004
 1.120938e+002  1.278910e-004
 1.127125e+002  1.109028e-004
 1.133313e+002  1.104463e-004
 1.139500e+002  1.052263e-004
 1.145688e+002  1.172246e-004
 1.151875e+002  1.044147e-004
 1.158063e+002  1.118922e-004
 1.164250e+002  1.238565e-004
 1.170438e+002  1.248509e-004
 1.176625e+002  1.117609e-004
 1.182813e+002  1.231241e-004
 1.189000e+002  1.262090e-004
 1.195188e+002  1.056368e-004
 1.201375e+002  1.220655e-004
 1.207563e+002  1.350460e-004
 1.213750e+002  1.247203e-004
 1.219938e+002  1.316568e-004
 1.226125e+002  1.286758e-004
 1.232313e+002  1.153989e-004
 1.238500e+002  1.301082e-004
 1.244688e+002  1.428644e-004
 1.250875e+002  1.365006e-004
 1.257063e+002  1.175844e-004
 1.263250e+002  1.153740e-004
 1.269438e+002  1.050680e-004
 1.275625e+002  9.707121e-005
 1.281813e+002  8.685526e-005
 1.288000e+002  1.371433e-004
 1.294188e+002  1.479520e-004
 1.300375e+002  1.467736e-004
 1.306563e+002  1.344604e-004
 1.312750e+002  1.100943e-004
 1.318938e+002  1.334904e-004
 1.325125e+002  1.287534e-004
 1.331313e+002  1.249915e-004
 1.337500e+002  1.073583e-004
 1.343688e+002  1.153315e-004
 1.349875e+002  1.000317e-004
 1.356063e+002  1.070978e-004
 1.362250e+002  1.084717e-004
 1.368438e+002  1.130093e-004
 1.374625e+002  1.081519e-004
 1.380813e+002  1.233709e-004
 1.387000e+002  1.254469e-004
 1.393188e+002  1.176998e-004
 1.399375e+002  1.025577e-004
 1.405563e+002  9.912100e-005
 1.411750e+002  9.740983e-005
 1.417938e+002  9.474059e-005
 1.424125e+002  1.049695e-004
 1.430313e+002  1.359254e-004
 1.436500e+002  1.243966e-004
 1.442688e+002  1.229027e-004
 1.448875e+002  9.872757e-005
 1.455063e+002  1.174179e-004
 1.461250e+002  1.215262e-004
 1.467438e+002  1.057197e-004
 1.473625e+002  1.246564e-004
 1.479813e+002  1.246447e-004
 1.486000e+002  1.074649e-004
 1.492188e+002  6.212104e-004
 1.498375e+002  2.051230e-003
 1.504563e+002  1.627971e-003
 1.510750e+002  2.160342e-004
 1.516938e+002  1.198148e-004
 1.523125e+002  1.037365e-004
 1.529313e+002  1.291011e-004
 1.535500e+002  1.107389e-004
 1.541688e+002  9.348240e-005
 1.547875e+002  9.148957e-005
 1.554063e+002  9.197433e-005
 1.560250e+002  1.069593e-004
 1.566438e+002  1.156738e-004
 1.572625e+002  1.084797e-004
 1.578813e+002  1.310992e-004
 1.585000e+002  1.308720e-004
 1.591188e+002  9.908135e-005
 1.597375e+002  1.204418e-004
 1.603563e+002  1.207172e-004
 1.609750e+002  1.313030e-004
 1.615938e+002  1.186267e-004
 1.622125e+002  1.205097e-004
 1.628313e+002  1.134764e-004
 1.634500e+002  1.048153e-004
 1.640688e+002  9.140205e-005
 1.646875e+002  9.844468e-005
 1.653063e+002  1.279823e-004
 1.659250e+002  1.428233e-004
 1.665438e+002  1.325141e-004
 1.671625e+002  1.198457e-004
 1.677813e+002  1.337183e-004
 1.684000e+002  1.117640e-004
 1.690188e+002  1.108815e-004
 1.696375e+002  1.294163e-004
 1.702563e+002  1.082076e-004
 1.708750e+002  1.050610e-004
 1.714938e+002  1.351109e-004
 1.721125e+002  1.148659e-004
 1.727313e+002  1.226750e-004
 1.733500e+002  1.088317e-004
 1.739688e+002  1.110628e-004
 1.745875e+002  1.210806e-004
 1.752063e+002  1.262885e-004
 1.758250e+002  9.575363e-005
 1.764438e+002  1.005133e-004
 1.770625e+002  1.097988e-004
 1.776813e+002  1.103716e-004
 1.783000e+002  1.231028e-004
 1.789188e+002  1.309465e-004
 1.795375e+002  1.356381e-004
 1.801563e+002  1.265766e-004
 1.807750e+002  1.422657e-004
 1.813938e+002  1.142808e-004
 1.820125e+002  1.211916e-004
 1.826313e+002  1.252095e-004
 1.832500e+002  1.111037e-004
 1.838688e+002  1.273500e-004
 1.844875e+002  1.275175e-004
 1.851063e+002  1.262666e-004
 1.857250e+002  1.179378e-004
 1.863438e+002  1.156205e-004
 1.869625e+002  1.123580e-004
 1.875813e+002  9.524743e-005
 1.882000e+002  9.263929e-005
 1.888188e+002  1.339202e-004
 1.894375e+002  1.318506e-004
 1.900563e+002  1.100739e-004
 1.906750e+002  8.327432e-005
 1.912938e+002  1.090713e-004
 1.919125e+002  1.060712e-004
 1.925313e+002  1.065041e-004
 1.931500e+002  1.090946e-004
 1.937688e+002  1.139144e-004
 1.943875e+002  1.120442e-004
 1.950063e+002  1.136567e-004
 1.956250e+002  1.456535e-004
 1.962438e+002  1.256358e-004
 1.968625e+002  1.133814e-004
 1.974813e+002  1.371202e-004
 1.981000e+002  1.572370e-004
 1.987188e+002  1.553772e-004
 1.993375e+002  1.192838e-004
 1.999563e+002  1.186549e-004
 2.005750e+002  1.089252e-004
 2.011938e+002  1.197369e-004
 2.018125e+002  1.354881e-004
 2.024313e+002  1.325695e-004
 2.030500e+002  1.372137e-004
 2.036688e+002  1.193403e-004
 2.042875e+002  1.046073e-004
 2.049063e+002  1.222142e-004
 2.055250e+002  1.246836e-004
 2.061438e+002  1.191327e-004
 2.067625e+002  9.967724e-005
 2.073813e+002  9.080764e-005
 2.080000e+002  9.767803e-005
 2.086188e+002  1.038047e-004
 2.092375e+002  1.036374e-004
 2.098563e+002  1.232908e-004
 2.104750e+002  9.928526e-005
 2.110938e+002  1.028140e-004
 2.117125e+002  1.272927e-004
 2.123313e+002  1.100147e-004
 2.129500e+002  1.105236e-004
 2.135688e+002  1.125206e-004
 2.141875e+002  9.998438e-005
 2.148063e+002  1.178914e-004
 2.154250e+002  1.299878e-004
 2.160438e+002  9.003200e-005
 2.166625e+002  8.652058e-005
 2.172813e+002  9.140936e-005
 2.179000e+002  1.001634e-004
 2.185188e+002  1.138259e-004
 2.191375e+002  1.199113e-004
 2.197563e+002  1.283550e-004
 2.203750e+002  1.390025e-004
 2.209938e+002  1.235788e-004
 2.216125e+002  1.393983e-004
 2.222313e+002  1.146938e-004
 2.228500e+002  1.246244e-004
 2.234688e+002  1.337607e-004
 2.240875e+002  1.009298e-004
 2.247063e+002  1.039864e-004
 2.253250e+002  1.078627e-004
 2.259438e+002  1.230798e-004
 2.265625e+002  1.349299e-004
 2.271813e+002  1.262578e-004
 2.278000e+002  1.145897e-004
 2.284188e+002  9.590743e-005
 2.290375e+002  9.769011e-005
 2.296563e+002  1.213879e-004
 2.302750e+002  1.054688e-004
 2.308938e+002  9.338737e-005
 2.315125e+002  1.100063e-004
 2.321313e+002  1.062762e-004
 2.327500e+002  1.027989e-004
 2.333688e+002  1.318207e-004
 2.339875e+002  1.177504e-004
 2.346063e+002  1.144688e-004
 2.352250e+002  1.164082e-004
 2.358438e+002  1.080772e-004
 2.364625e+002  1.075601e-004
 2.370813e+002  1.146820e-004
 2.377000e+002  1.283091e-004
 2.383188e+002  1.490721e-004
 2.389375e+002  1.267336e-004
 2.395563e+002  1.158221e-004
 2.401750e+002  9.501233e-005
 2.407938e+002  1.218404e-004
 2.414125e+002  9.009008e-005
 2.420313e+002  9.414099e-005
 2.426500e+002  9.268567e-005
 2.432688e+002  1.066101e-004
 2.438875e+002  1.136627e-004
 2.445063e+002  9.791753e-005
 2.451250e+002  9.526724e-005
 2.457438e+002  7.689493e-005
 2.463625e+002  1.216709e-004
 2.469813e+002  1.336050e-004
 2.476000e+002  1.011567e-004
 2.482188e+002  1.071689e-004
 2.488375e+002  1.176995e-004
 2.494563e+002  4.018615e-004
 2.500750e+002  7.216198e-004
 2.506938e+002  3.123705e-004
 2.513125e+002  1.161379e-004
 2.519313e+002  1.036007e-004
 2.525500e+002  1.046597e-004
 2.531688e+002  1.219813e-004
 2.537875e+002  1.177595e-004
 2.544063e+002  1.292594e-004
 2.550250e+002  1.234672e-004
 2.556438e+002  1.376647e-004
 2.562625e+002  1.206894e-004
 2.568813e+002  1.214940e-004
 2.575000e+002  1.314998e-004
 2.581188e+002  1.368853e-004
 2.587375e+002  1.050098e-004
 2.593563e+002  9.455244e-005
 2.599750e+002  1.217202e-004
 2.605938e+002  1.317208e-004
 2.612125e+002  1.156813e-004
 2.618313e+002  1.025686e-004
 2.624500e+002  1.092981e-004
 2.630688e+002  1.049892e-004
 2.636875e+002  8.837865e-005
 2.643063e+002  1.132709e-004
 2.649250e+002  1.081138e-004
 2.655438e+002  9.851897e-005
 2.661625e+002  1.058463e-004
 2.667813e+002  1.112145e-004
 2.674000e+002  1.136289e-004
 2.680188e+002  1.082331e-004
 2.686375e+002  1.184605e-004
 2.692563e+002  1.310863e-004
 2.698750e+002  1.042814e-004
 2.704938e+002  8.855546e-005
 2.711125e+002  9.149760e-005
 2.717313e+002  1.032053e-004
 2.723500e+002  9.650021e-005
 2.729688e+002  1.014809e-004
 2.735875e+002  1.125655e-004
 2.742063e+002  1.185214e-004
 2.748250e+002  1.413484e-004
 2.754438e+002  1.284917e-004
 2.760625e+002  1.025015e-004
 2.766813e+002  1.183731e-004
 2.773000e+002  1.078177e-004
 2.779188e+002  1.232076e-004
 2.785375e+002  1.318758e-004
 2.791563e+002  1.148873e-004
 2.797750e+002  1.326759e-004
 2.803938e+002  1.176460e-004
 2.810125e+002  1.227280e-004
 2.816313e+002  1.156083e-004
 2.822500e+002  1.186933e-004
 2.828688e+002  1.339586e-004
 2.834875e+002  1.338467e-004
 2.841063e+002  1.293470e-004
 2.847250e+002  1.442811e-004
 2.853438e+002  1.227465e-004
 2.859625e+002  1.208595e-004
 2.865813e+002  1.528679e-004
 2.872000e+002  1.571660e-004
 2.878188e+002  1.209822e-004
 2.884375e+002  1.200426e-004
 2.890563e+002  1.137643e-004
 2.896750e+002  9.331992e-005
 2.902938e+002  8.720780e-005
 2.909125e+002  1.003135e-004
 2.915313e+002  1.232251e-004
 2.921500e+002  1.088388e-004
 2.927688e+002  8.497500e-005
 2.933875e+002  9.544109e-005
 2.940063e+002  1.106383e-004
 2.946250e+002  1.034758e-004
 2.952438e+002  1.151475e-004
 2.958625e+002  1.166115e-004
 2.964813e+002  1.114846e-004
 2.971000e+002  1.065364e-004
 2.977188e+002  1.006409e-004
 2.983375e+002  1.090465e-004
 2.989563e+002  1.044042e-004
 2.995750e+002  8.073234e-005
 3.001938e+002  9.298699e-005
 3.008125e+002  9.207962e-005
 3.014313e+002  9.793863e-005
 3.020500e+002  9.902180e-005
 3.026688e+002  1.090410e-004
 3.032875e+002  1.196875e-004
 3.039063e+002  9.999133e-005
 3.045250e+002  1.122815e-004
 3.051438e+002  1.055683e-004
 3.057625e+002  1.033172e-004
 3.063813e+002  1.131028e-004
 3.070000e+002  1.114842e-004
 3.076188e+002  1.099118e-004
 3.082375e+002  1.188315e-004
 3.088563e+002  1.222887e-004
 3.094750e+002  1.150491e-004
 3.100938e+002  1.239932e-004
 3.107125e+002  1.438619e-004
 3.113313e+002  1.314863e-004
 3.119500e+002  1.115355e-004
 3.125688e+002  9.758984e-005
 3.131875e+002  9.293116e-005
 3.138063e+002  1.066564e-004
 3.144250e+002  1.024893e-004
 3.150437e+002  9.402575e-005
 3.156625e+002  1.067193e-004
 3.162812e+002  1.228574e-004
 3.169000e+002  1.223037e-004
 3.175187e+002  1.142209e-004
 3.181375e+002  1.198605e-004
 3.187562e+002  1.088810e-004
 3.193750e+002  1.107375e-004
 3.199937e+002  8.692884e-005
 3.206125e+002  9.121539e-005
 3.212312e+002  1.113373e-004
 3.218500e+002  1.171295e-004
 3.224687e+002  1.266103e-004
 3.230875e+002  1.385824e-004
 3.237062e+002  1.156380e-004
 3.243250e+002  9.345334e-005
 3.249437e+002  1.126926e-004
 3.255625e+002  1.252426e-004
 3.261812e+002  1.255535e-004
 3.268000e+002  1.061792e-004
 3.274187e+002  1.181939e-004
 3.280375e+002  1.382547e-004
 3.286562e+002  1.158887e-004
 3.292750e+002  8.316365e-005
 3.298937e+002  1.107725e-004
 3.305125e+002  1.211948e-004
 3.311312e+002  1.116568e-004
 3.317500e+002  1.134519e-004
 3.323687e+002  1.171053e-004
 3.329875e+002  1.042169e-004
 3.336062e+002  9.724952e-005
 3.342250e+002  1.198262e-004
 3.348437e+002  1.314180e-004
 3.354625e+002  1.094473e-004
 3.360812e+002  1.158876e-004
 3.367000e+002  1.183208e-004
 3.373187e+002  1.013801e-004
 3.379375e+002  1.164009e-004
 3.385562e+002  9.001549e-005
 3.391750e+002  1.138363e-004
 3.397937e+002  1.185978e-004
 3.404125e+002  1.188868e-004
 3.410312e+002  1.173001e-004
 3.416500e+002  1.013341e-004
 3.422687e+002  1.136972e-004
 3.428875e+002  1.154765e-004
 3.435062e+002  1.231431e-004
 3.441250e+002  1.009784e-004
 3.447437e+002  1.046760e-004
 3.453625e+002  8.296260e-005
 3.459812e+002  1.127021e-004
 3.466000e+002  1.212764e-004
 3.472187e+002  1.205683e-004
 3.478375e+002  1.196712e-004
 3.484562e+002  8.679344e-005
 3.490750e+002  1.080407e-004
 3.496937e+002  1.579415e-004
 3.503125e+002  1.925701e-004
 3.509312e+002  1.431778e-004
 3.515500e+002  1.103991e-004
 3.521687e+002  1.051893e-004
 3.527875e+002  1.160328e-004
 3.534062e+002  1.311398e-004
 3.540250e+002  1.242433e-004
 3.546437e+002  9.785644e-005
 3.552625e+002  9.107206e-005
 3.558812e+002  1.100897e-004
 3.565000e+002  1.105847e-004
 3.571187e+002  1.221977e-004
 3.577375e+002  1.033856e-004
 3.583562e+002  9.399692e-005
 3.589750e+002  1.288185e-004
 3.595937e+002  1.504785e-004
 3.602125e+002  1.171832e-004
 3.608312e+002  1.002795e-004
 3.614500e+002  1.091767e-004
 3.620687e+002  1.083180e-004
 3.626875e+002  1.003675e-004
 3.633062e+002  1.178524e-004
 3.639250e+002  1.209516e-004
 3.645437e+002  1.143266e-004
 3.651625e+002  1.195230e-004
 3.657812e+002  1.321279e-004
 3.664000e+002  1.226032e-004
 3.670187e+002  1.027840e-004
 3.676375e+002  9.477693e-005
 3.682562e+002  9.142729e-005
 3.688750e+002  1.005171e-004
 3.694937e+002  1.244575e-004
 3.701125e+002  9.296606e-005
 3.707312e+002  8.811049e-005
 3.713500e+002  1.087735e-004
 3.719687e+002  8.771636e-005
 3.725875e+002  1.004545e-004
 3.732062e+002  9.510183e-005
 3.738250e+002  8.398428e-005
 3.744437e+002  8.974093e-005
 3.750625e+002  1.073190e-004
 3.756812e+002  1.132148e-004
 3.763000e+002  1.153157e-004
 3.769187e+002  1.141290e-004
 3.775375e+002  1.096072e-004
 3.781562e+002  9.747796e-005
 3.787750e+002  1.195220e-004
 3.793937e+002  1.273827e-004
 3.800125e+002  1.088026e-004
 3.806312e+002  1.223140e-004
 3.812500e+002  1.340454e-004
 3.818687e+002  1.169759e-004
 3.824875e+002  1.269306e-004
 3.831062e+002  1.003133e-004
 3.837250e+002  9.722042e-005
 3.843437e+002  9.788285e-005
 3.849625e+002  1.014257e-004
 3.855812e+002  1.105759e-004
 3.862000e+002  1.223607e-004
 3.868187e+002  1.305024e-004
 3.874375e+002  1.364599e-004
 3.880562e+002  1.296860e-004
 3.886750e+002  1.145140e-004
 3.892937e+002  1.045597e-004
 3.899125e+002  1.139856e-004
 3.905312e+002  1.068601e-004
 3.911500e+002  9.209918e-005
 3.917687e+002  9.483852e-005
 3.923875e+002  9.145180e-005
 3.930062e+002  1.047519e-004
 3.936250e+002  1.026302e-004
 3.942437e+002  1.088920e-004
 3.948625e+002  9.324789e-005
 3.954812e+002  1.018916e-004
 3.961000e+002  9.007629e-005
 3.967187e+002  1.058363e-004
 3.973375e+002  1.170335e-004
 3.979562e+002  1.365921e-004
 3.985750e+002  1.251398e-004
 3.991937e+002  1.179570e-004
 3.998125e+002  1.186370e-004
 4.004312e+002  1.125271e-004
 4.010500e+002  1.126781e-004
 4.016687e+002  1.198560e-004
 4.022875e+002  1.073870e-004
 4.029062e+002  1.275031e-004
 4.035250e+002  1.063976e-004
 4.041437e+002  1.084524e-004
 4.047625e+002  1.143098e-004
 4.053812e+002  1.110018e-004
 4.060000e+002  1.144286e-004
 4.066187e+002  1.065891e-004
 4.072375e+002  9.186157e-005
 4.078562e+002  9.785500e-005
 4.084750e+002  8.967125e-005
 4.090937e+002  9.727307e-005
 4.097125e+002  1.189249e-004
 4.103312e+002  1.238110e-004
 4.109500e+002  1.344517e-004
 4.115687e+002  1.143605e-004
 4.121875e+002  1.120355e-004
 4.128062e+002  1.226470e-004
 4.134250e+002  1.272760e-004
 4.140437e+002  1.320510e-004
 4.146625e+002  1.084061e-004
 4.152812e+002  9.974569e-005
 4.159000e+002  1.028843e-004
 4.165187e+002  1.092185e-004
 4.171375e+002  1.255903e-004
 4.177562e+002  1.078245e-004
 4.183750e+002  1.040644e-004
 4.189937e+002  1.334411e-004
 4.196125e+002  1.229617e-004
 4.202312e+002  1.125775e-004
 4.208500e+002  1.100933e-004
 4.214687e+002  1.060132e-004
 4.220875e+002  1.130569e-004
 4.227062e+002  1.163272e-004
 4.233250e+002  9.256877e-005
 4.239437e+002  1.032265e-004
 4.245625e+002  1.072086e-004
 4.251812e+002  9.121840e-005
 4.258000e+002  8.301625e-005
 4.264187e+002  1.149269e-004
 4.270375e+002  1.001645e-004
 4.276562e+002  8.768660e-005
 4.282750e+002  1.131655e-004
 4.288937e+002  1.074561e-004
 4.295125e+002  9.561771e-005
 4.301312e+002  1.116102e-004
 4.307500e+002  9.652865e-005
 4.313687e+002  1.025746e-004
 4.319875e+002  1.086035e-004
 4.326062e+002  9.616445e-005
 4.332250e+002  1.067518e-004
 4.338437e+002  1.177103e-004
 4.344625e+002  9.059701e-005
 4.350812e+002  8.106923e-005
 4.357000e+002  9.876385e-005
 4.363187e+002  1.166879e-004
 4.369375e+002  1.034626e-004
 4.375562e+002  1.242818e-004
 4.381750e+002  1.368158e-004
 4.387937e+002  1.051846e-004
 4.394125e+002  9.342528e-005
 4.400312e+002  9.715907e-005
 4.406500e+002  1.233271e-004
 4.412687e+002  1.402934e-004
 4.418875e+002  1.333459e-004
 4.425062e+002  1.045791e-004
 4.431250e+002  1.036551e-004
 4.437437e+002  1.215975e-004
 4.443625e+002  1.027940e-004
 4.449812e+002  1.091616e-004
 4.456000e+002  1.088159e-004
 4.462187e+002  1.140640e-004
 4.468375e+002  1.112806e-004
 4.474562e+002  1.261651e-004
 4.480750e+002  1.024370e-004
 4.486937e+002  9.690632e-005
 4.493125e+002  1.158010e-004
 4.499312e+002  2.537442e-004
 4.505500e+002  2.020141e-004
 4.511687e+002  1.138849e-004
 4.517875e+002  1.176658e-004
 4.524062e+002  1.136918e-004
 4.530250e+002  1.228289e-004
 4.536437e+002  1.317887e-004
 4.542625e+002  1.060822e-004
 4.548812e+002  9.387236e-005
 4.555000e+002  1.140841e-004
 4.561187e+002  1.216917e-004
 4.567375e+002  1.195145e-004
 4.573562e+002  1.311145e-004
 4.579750e+002  1.352338e-004
 4.585937e+002  1.104830e-004
 4.592125e+002  9.899369e-005
 4.598312e+002  1.152070e-004
 4.604500e+002  1.231155e-004
 4.610687e+002  1.021785e-004
 4.616875e+002  1.133179e-004
 4.623062e+002  1.244412e-004
 4.629250e+002  1.276629e-004
 4.635437e+002  1.079695e-004
 4.641625e+002  1.082426e-004
 4.647812e+002  1.216822e-004
 4.654000e+002  1.174623e-004
 4.660187e+002  1.114163e-004
 4.666375e+002  1.088647e-004
 4.672562e+002  1.172695e-004
 4.678750e+002  1.137589e-004
 4.684937e+002  1.048490e-004
 4.691125e+002  1.012441e-004
 4.697312e+002  1.131978e-004
 4.703500e+002  1.227897e-004
 4.709687e+002  1.234581e-004
 4.715875e+002  8.622521e-005
 4.722062e+002  8.609477e-005
 4.728250e+002  1.052867e-004
 4.734437e+002  9.964196e-005
 4.740625e+002  1.068882e-004
 4.746812e+002  9.902152e-005
 4.753000e+002  9.742885e-005
 4.759187e+002  1.279913e-004
 4.765375e+002  1.242146e-004
 4.771562e+002  1.103709e-004
 4.777750e+002  1.124297e-004
 4.783937e+002  1.323033e-004
 4.790125e+002  1.179253e-004
 4.796312e+002  1.126888e-004
 4.802500e+002  1.102418e-004
 4.808687e+002  1.241301e-004
 4.814875e+002  1.262631e-004
 4.821062e+002  1.194067e-004
 4.827250e+002  9.762805e-005
 4.833437e+002  9.337890e-005
 4.839625e+002  1.190823e-004
 4.845812e+002  1.173414e-004
 4.852000e+002  1.053463e-004
 4.858187e+002  1.044488e-004
 4.864375e+002  1.144324e-004
 4.870562e+002  1.079889e-004
 4.876750e+002  1.205350e-004
 4.882937e+002  1.310189e-004
 4.889125e+002  1.015913e-004
 4.895312e+002  9.405004e-005
 4.901500e+002  1.105589e-004
 4.907687e+002  1.117153e-004
 4.913875e+002  1.085632e-004
 4.920062e+002  1.227845e-004
 4.926250e+002  1.307661e-004
 4.932437e+002  1.516070e-004
 4.938625e+002  1.187243e-004
 4.944812e+002  1.031317e-004
 4.951000e+002  1.071159e-004
 4.957187e+002  1.199853e-004
 4.963375e+002  1.218167e-004
 4.969562e+002  1.160418e-004
 4.975750e+002  1.174797e-004
 4.981937e+002  1.079940e-004
 4.988125e+002  1.034067e-004
 4.994312e+002  9.231066e-005
 5.000500e+002  1.413409e-004
 5.006687e+002  1.213532e-004
 5.012875e+002  1.030414e-004
 5.019062e+002  1.223785e-004
 5.025250e+002  1.089458e-004
 5.031437e+002  1.303682e-004
 5.037625e+002  1.299168e-004
 5.043812e+002  1.053946e-004
 5.050000e+002  1.032170e-004
 5.056187e+002  9.287182e-005
 5.062375e+002  1.255601e-004
 5.068562e+002  1.330394e-004
 5.074750e+002  1.165018e-004
 5.080937e+002  1.178079e-004
 5.087125e+002  1.255298e-004
 5.093312e+002  1.219328e-004
 5.099500e+002  1.241186e-004
 5.105687e+002  9.588955e-005
 5.111875e+002  9.840195e-005
 5.118062e+002  1.151600e-004
 5.124250e+002  1.059073e-004
 5.130437e+002  1.095890e-004
 5.136625e+002  1.120237e-004
 5.142812e+002  1.030554e-004
 5.149000e+002  1.203828e-004
 5.155187e+002  1.008985e-004
 5.161375e+002  1.067178e-004
 5.167562e+002  9.887917e-005
 5.173750e+002  1.157401e-004
 5.179937e+002  1.012635e-004
 5.186125e+002  1.238430e-004
 5.192312e+002  1.177807e-004
 5.198500e+002  1.084012e-004
 5.204687e+002  1.247954e-004
 5.210875e+002  1.006762e-004
 5.217062e+002  9.690246e-005
 5.223250e+002  1.078857e-004
 5.229437e+002  1.071603e-004
 5.235625e+002  1.056395e-004
 5.241812e+002  9.814187e-005
 5.248000e+002  1.108408e-004
 5.254187e+002  1.249950e-004
 5.260375e+002  1.090030e-004
 5.266562e+002  1.059566e-004
 5.272750e+002  1.166891e-004
 5.278937e+002  1.070808e-004
 5.285125e+002  1.035319e-004
 5.291312e+002  1.041147e-004
 5.297500e+002  1.142511e-004
 5.303687e+002  1.096434e-004
 5.309875e+002  1.018527e-004
 5.316062e+002  1.087537e-004
 5.322250e+002  1.193249e-004
 5.328437e+002  9.550776e-005
 5.334625e+002  1.048994e-004
 5.340812e+002  1.114162e-004
 5.347000e+002  1.049170e-004
 5.353187e+002  1.028607e-004
 5.359375e+002  1.110869e-004
 5.365562e+002  1.106486e-004
 5.371750e+002  1.042214e-004
 5.377937e+002  1.151112e-004
 5.384125e+002  1.178674e-004
 5.390312e+002  1.106459e-004
 5.396500e+002  9.736781e-005
 5.402687e+002  1.113239e-004
 5.408875e+002  1.243745e-004
 5.415062e+002  1.125574e-004
 5.421250e+002  1.160145e-004
 5.427437e+002  1.407826e-004
 5.433625e+002  1.284804e-004
 5.439812e+002  1.136052e-004
 5.446000e+002  1.024001e-004
 5.452187e+002  9.522821e-005
 5.458375e+002  1.028005e-004
 5.464562e+002  1.285547e-004
 5.470750e+002  1.136698e-004
 5.476937e+002  1.154128e-004
 5.483125e+002  1.046135e-004
 5.489312e+002  1.153091e-004
 5.495500e+002  1.917397e-004
 5.501687e+002  2.864723e-004
 5.507875e+002  1.528222e-004
 5.514062e+002  9.376787e-005
 5.520250e+002  1.160331e-004
 5.526437e+002  1.190960e-004
 5.532625e+002  1.046098e-004
 5.538812e+002  9.405010e-005
 5.545000e+002  1.128523e-004
 5.551187e+002  1.113147e-004
 5.557375e+002  9.120014e-005
 5.563562e+002  1.039856e-004
 5.569750e+002  1.026209e-004
 5.575937e+002  1.068660e-004
 5.582125e+002  1.199171e-004
 5.588312e+002  1.100314e-004
 5.594500e+002  1.024580e-004
 5.600687e+002  9.069168e-005
 5.606875e+002  9.703867e-005
 5.613062e+002  1.005011e-004
 5.619250e+002  1.013597e-004
 5.625437e+002  1.096389e-004
 5.631625e+002  9.570433e-005
 5.637812e+002  9.069425e-005
 5.644000e+002  1.304141e-004
 5.650187e+002  1.384334e-004
 5.656375e+002  1.053222e-004
 5.662562e+002  1.009189e-004
 5.668750e+002  1.126978e-004
 5.674937e+002  1.259621e-004
 5.681125e+002  1.305248e-004
 5.687312e+002  1.257233e-004
 5.693500e+002  1.033102e-004
 5.699687e+002  9.504375e-005
 5.705875e+002  7.230153e-005
 5.712062e+002  7.662669e-005
 5.718250e+002  8.282910e-005
 5.724437e+002  9.464603e-005
 5.730625e+002  9.837254e-005
 5.736812e+002  1.311514e-004
 5.743000e+002  1.343835e-004
 5.749187e+002  1.102273e-004
 5.755375e+002  9.900383e-005
 5.761562e+002  1.064319e-004
 5.767750e+002  9.066376e-005
 5.773937e+002  9.931290e-005
 5.780125e+002  1.292193e-004
 5.786312e+002  1.365433e-004
 5.792500e+002  1.188903e-004
 5.798687e+002  1.106089e-004
 5.804875e+002  1.286126e-004
 5.811062e+002  1.045761e-004
 5.817250e+002  1.040923e-004
 5.823437e+002  9.580895e-005
 5.829625e+002  1.073186e-004
 5.835812e+002  1.018101e-004
 5.842000e+002  9.134657e-005
 5.848187e+002  1.134865e-004
 5.854375e+002  9.510026e-005
 5.860562e+002  1.133203e-004
 5.866750e+002  1.199111e-004
 5.872937e+002  1.308436e-004
 5.879125e+002  1.086578e-004
 5.885312e+002  1.211488e-004
 5.891500e+002  1.390277e-004
 5.897687e+002  1.374507e-004
 5.903875e+002  9.776005e-005
 5.910062e+002  9.549346e-005
 5.916250e+002  1.162326e-004
 5.922437e+002  1.103254e-004
 5.928625e+002  1.238137e-004
 5.934812e+002  1.493088e-004
 5.941000e+002  1.449414e-004
 5.947187e+002  1.104731e-004
 5.953375e+002  9.913853e-005
 5.959562e+002  1.045352e-004
 5.965750e+002  1.100749e-004
 5.971937e+002  1.154373e-004
 5.978125e+002  1.081195e-004
 5.984312e+002  1.121558e-004
 5.990500e+002  1.303275e-004
 5.996687e+002  1.488363e-004
 6.002875e+002  1.277477e-004
 6.009062e+002  9.956873e-005
 6.015250e+002  9.750148e-005
 6.021437e+002  9.425867e-005
 6.027625e+002  9.873163e-005
 6.033812e+002  1.069435e-004
 6.040000e+002  1.064365e-004
 6.046187e+002  1.169666e-004
 6.052375e+002  1.216411e-004
 6.058562e+002  1.152332e-004
 6.064750e+002  1.174979e-004
 6.070937e+002  1.172201e-004
 6.077125e+002  1.224451e-004
 6.083312e+002  1.332527e-004
 6.089500e+002  1.208449e-004
 6.095687e+002  1.004972e-004
 6.101875e+002  1.041193e-004
 6.108062e+002  1.013790e-004
 6.114250e+002  9.402773e-005
 6.120437e+002  1.270211e-004
 6.126625e+002  1.058914e-004
 6.132812e+002  7.551419e-005
 6.139000e+002  9.758005e-005
 6.145187e+002  1.178334e-004
 6.151375e+002  1.105681e-004
 6.157562e+002  1.068812e-004
 6.163750e+002  1.036764e-004
 6.169937e+002  1.133203e-004
 6.176125e+002  1.358703e-004
 6.182312e+002  1.197473e-004
 6.188500e+002  9.361232e-005
 6.194687e+002  1.088285e-004
 6.200875e+002  1.077859e-004
 6.207062e+002  9.508490e-005
 6.213250e+002  9.796999e-005
 6.219437e+002  9.627697e-005
 6.225625e+002  1.054452e-004
 6.231812e+002  1.054474e-004
 6.238000e+002  1.184857e-004
 6.244187e+002  1.386324e-004
 6.250375e+002  1.119868e-004
 6.256562e+002  9.753337e-005
 6.262750e+002  1.052361e-004
 6.268937e+002  1.310626e-004
 6.275125e+002  1.209213e-004
 6.281312e+002  1.113717e-004
 6.287500e+002  1.023315e-004
 6.293687e+002  1.025587e-004
 6.299875e+002  1.148767e-004
 6.306062e+002  1.286596e-004
 6.312250e+002  1.200536e-004
 6.318437e+002  1.134398e-004
 6.324625e+002  1.325055e-004
 6.330812e+002  1.128813e-004
 6.337000e+002  1.103173e-004
 6.343187e+002  1.248970e-004
 6.349375e+002  1.017882e-004
 6.355562e+002  1.113172e-004
 6.361750e+002  1.098328e-004
 6.367937e+002  1.075328e-004
 6.374125e+002  1.029308e-004
 6.380312e+002  1.128088e-004
 6.386500e+002  1.047983e-004
 6.392687e+002  9.163846e-005
 6.398875e+002  8.574749e-005
 6.405062e+002  1.100924e-004
 6.411250e+002  1.069994e-004
 6.417437e+002  9.247293e-005
 6.423625e+002  8.411383e-005
 6.429812e+002  1.109906e-004
 6.436000e+002  1.250762e-004
 6.442187e+002  9.717824e-005
 6.448375e+002  8.587321e-005
 6.454562e+002  9.258717e-005
 6.460750e+002  1.139920e-004
 6.466937e+002  1.203712e-004
 6.473125e+002  1.216274e-004
 6.479312e+002  1.050564e-004
 6.485500e+002  1.118194e-004
 6.491687e+002  1.166607e-004
 6.497875e+002  1.753245e-004
 6.504062e+002  2.092510e-004
 6.510250e+002  1.346001e-004
 6.516437e+002  1.311258e-004
 6.522625e+002  1.120503e-004
 6.528812e+002  9.792621e-005
 6.535000e+002  1.188602e-004
 6.541187e+002  1.365273e-004
 6.547375e+002  1.297947e-004
 6.553562e+002  1.076876e-004
 6.559750e+002  1.386761e-004
 6.565937e+002  1.130226e-004
 6.572125e+002  9.147839e-005
 6.578312e+002  8.734739e-005
 6.584500e+002  9.598884e-005
 6.590687e+002  9.530185e-005
 6.596875e+002  1.079535e-004
 6.603062e+002  1.323767e-004
 6.609250e+002  1.360846e-004
 6.615437e+002  1.393500e-004
 6.621625e+002  1.057630e-004
 6.627812e+002  9.789744e-005
 6.634000e+002  1.043941e-004
 6.640187e+002  9.646929e-005
 6.646375e+002  1.216021e-004
 6.652562e+002  1.358641e-004
 6.658750e+002  1.032107e-004
 6.664937e+002  9.742052e-005
 6.671125e+002  9.741443e-005
 6.677312e+002  1.118366e-004
 6.683500e+002  1.224290e-004
 6.689687e+002  1.154774e-004
 6.695875e+002  1.145690e-004
 6.702062e+002  1.229483e-004
 6.708250e+002  1.108653e-004
 6.714437e+002  1.010823e-004
 6.720625e+002  1.099076e-004
 6.726812e+002  1.211146e-004
 6.733000e+002  1.353476e-004
 6.739187e+002  1.238486e-004
 6.745375e+002  1.220819e-004
 6.751562e+002  1.351372e-004
 6.757750e+002  1.120164e-004
 6.763937e+002  9.784017e-005
 6.770125e+002  1.244258e-004
 6.776312e+002  1.365994e-004
 6.782500e+002  1.318207e-004
 6.788687e+002  1.368368e-004
 6.794875e+002  1.384923e-004
 6.801062e+002  1.157831e-004
 6.807250e+002  8.826398e-005
 6.813437e+002  9.239435e-005
 6.819625e+002  9.172352e-005
 6.825812e+002  1.071282e-004
 6.832000e+002  1.013061e-004
 6.838187e+002  1.050104e-004
 6.844375e+002  1.168831e-004
 6.850562e+002  1.148066e-004
 6.856750e+002  1.072360e-004
 6.862937e+002  9.829182e-005
 6.869125e+002  9.307996e-005
 6.875312e+002  1.149438e-004
 6.881500e+002  1.196734e-004
 6.887687e+002  1.143005e-004
 6.893875e+002  1.218099e-004
 6.900062e+002  1.306743e-004
 6.906250e+002  1.355391e-004
 6.912437e+002  1.179240e-004
 6.918625e+002  1.062943e-004
 6.924812e+002  1.146427e-004
 6.931000e+002  1.192624e-004
 6.937187e+002  1.033569e-004
 6.943375e+002  1.066674e-004
 6.949562e+002  1.206077e-004
 6.955750e+002  1.293280e-004
 6.961937e+002  1.158976e-004
 6.968125e+002  1.207676e-004
 6.974312e+002  1.032282e-004
 6.980500e+002  8.881996e-005
 6.986687e+002  9.995965e-005
 6.992875e+002  1.109936e-004
 6.999062e+002  1.332661e-004
 7.005250e+002  1.412328e-004
 7.011437e+002  1.112743e-004
 7.017625e+002  1.193376e-004
 7.023812e+002  1.431380e-004
 7.030000e+002  1.409269e-004
 7.036187e+002  1.221563e-004
 7.042375e+002  1.466391e-004
 7.048562e+002  1.372788e-004
 7.054750e+002  1.178266e-004
 7.060937e+002  1.073110e-004
 7.067125e+002  1.100280e-004
 7.073312e+002  9.785892e-005
 7.079500e+002  9.347551e-005
 7.085687e+002  1.035940e-004
 7.091875e+002  1.026383e-004
 7.098062e+002  1.149593e-004
 7.104250e+002  1.057367e-004
 7.110437e+002  1.094126e-004
 7.116625e+002  1.093306e-004
 7.122812e+002  1.069193e-004
 7.129000e+002  1.000088e-004
 7.135187e+002  1.208751e-004
 7.141375e+002  1.041421e-004
 7.147562e+002  8.248868e-005
 7.153750e+002  1.051802e-004
 7.159937e+002  1.117658e-004
 7.166125e+002  9.623929e-005
 7.172312e+002  8.761378e-005
 7.178500e+002  1.014667e-004
 7.184687e+002  1.054477e-004
 7.190875e+002  1.156301e-004
 7.197062e+002  1.213018e-004
 7.203250e+002  1.214993e-004
 7.209437e+002  1.053788e-004
 7.215625e+002  1.104474e-004
 7.221812e+002  1.093759e-004
 7.228000e+002  1.076682e-004
 7.234187e+002  1.090752e-004
 7.240375e+002  1.184196e-004
 7.246562e+002  1.232202e-004
 7.252750e+002  1.122360e-004
 7.258937e+002  1.167413e-004
 7.265125e+002  1.456378e-004
 7.271312e+002  1.118356e-004
 7.277500e+002  1.028371e-004
 7.283687e+002  1.205431e-004
 7.289875e+002  1.310720e-004
 7.296062e+002  1.130223e-004
 7.302250e+002  1.010519e-004
 7.308437e+002  1.020495e-004
 7.314625e+002  9.298380e-005
 7.320812e+002  1.114919e-004
 7.327000e+002  1.312751e-004
 7.333187e+002  1.272587e-004
 7.339375e+002  1.211105e-004
 7.345562e+002  1.166313e-004
 7.351750e+002  1.108536e-004
 7.357937e+002  1.120305e-004
 7.364125e+002  1.166813e-004
 7.370312e+002  1.057707e-004
 7.376500e+002  1.192148e-004
 7.382687e+002  1.098422e-004
 7.388875e+002  1.135743e-004
 7.395062e+002  1.028091e-004
 7.401250e+002  1.066821e-004
 7.407437e+002  1.154963e-004
 7.413625e+002  1.162205e-004
 7.419812e+002  1.173718e-004
 7.426000e+002  1.137965e-004
 7.432187e+002  1.187559e-004
 7.438375e+002  1.120240e-004
 7.444562e+002  1.051205e-004
 7.450750e+002  1.312142e-004
 7.456937e+002  1.219591e-004
 7.463125e+002  1.085246e-004
 7.469312e+002  1.015975e-004
 7.475500e+002  1.231893e-004
 7.481687e+002  1.203586e-004
 7.487875e+002  1.217860e-004
 7.494062e+002  1.240172e-004
 7.500250e+002  1.698978e-004
 7.506437e+002  1.180879e-004
 7.512625e+002  9.391844e-005
 7.518812e+002  1.034374e-004
 7.525000e+002  1.256969e-004
 7.531187e+002  1.043304e-004
 7.537375e+002  1.040173e-004
 7.543562e+002  1.312428e-004
 7.549750e+002  1.294756e-004
 7.555937e+002  1.236285e-004
 7.562125e+002  1.303657e-004
 7.568312e+002  1.159712e-004
 7.574500e+002  1.005758e-004
 7.580687e+002  1.235581e-004
 7.586875e+002  1.216635e-004
 7.593062e+002  1.109982e-004
 7.599250e+002  1.084807e-004
 7.605437e+002  1.028133e-004
 7.611625e+002  1.057956e-004
 7.617812e+002  9.979736e-005
 7.624000e+002  1.078155e-004
 7.630187e+002  1.177349e-004
 7.636375e+002  1.127414e-004
 7.642562e+002  1.138499e-004
 7.648750e+002  1.153536e-004
 7.654937e+002  9.561452e-005
 7.661125e+002  7.865231e-005
 7.667312e+002  1.114384e-004
 7.673500e+002  1.149710e-004
 7.679687e+002  1.032957e-004
 7.685875e+002  1.213108e-004
 7.692062e+002  1.010973e-004
 7.698250e+002  1.179061e-004
 7.704437e+002  1.175535e-004
 7.710625e+002  1.012836e-004
 7.716812e+002  1.111256e-004
 7.723000e+002  1.234311e-004
 7.729187e+002  1.146511e-004
 7.735375e+002  9.036133e-005
 7.741562e+002  8.466463e-005
 7.747750e+002  1.122123e-004
 7.753937e+002  1.045231e-004
 7.760125e+002  1.079145e-004
 7.766312e+002  1.417340e-004
 7.772500e+002  1.039071e-004
 7.778687e+002  1.004447e-004
 7.784875e+002  1.106723e-004
 7.791062e+002  1.114422e-004
 7.797250e+002  9.781689e-005
 7.803437e+002  1.052712e-004
 7.809625e+002  1.068889e-004
 7.815812e+002  1.185036e-004
 7.822000e+002  1.138489e-004
 7.828187e+002  1.129882e-004
 7.834375e+002  1.291360e-004
 7.840562e+002  1.332254e-004
 7.846750e+002  9.563305e-005
 7.852937e+002  1.036136e-004
 7.859125e+002  1.177926e-004
 7.865312e+002  1.122529e-004
 7.871500e+002  1.109195e-004
 7.877687e+002  1.097986e-004
 7.883875e+002  9.358475e-005
 7.890062e+002  8.666293e-005
 7.896250e+002  1.006624e-004
 7.902437e+002  1.164041e-004
 7.908625e+002  1.292002e-004
 7.914812e+002  1.060819e-004
 7.921000e+002  7.587833e-005
 7.927187e+002  7.819909e-005
 7.933375e+002  9.629208e-005
 7.939562e+002  1.203311e-004
 7.945750e+002  1.039271e-004
 7.951937e+002  1.070105e-004
 7.958125e+002  1.000887e-004
 7.964312e+002  8.825948e-005
 7.970500e+002  8.627418e-005
 7.976687e+002  9.895053e-005
 7.982875e+002  1.060756e-004
 7.989062e+002  1.070929e-004
 7.995250e+002  1.105182e-004
 8.001437e+002  1.098996e-004
 8.007625e+002  1.116832e-004
 8.013812e+002  1.055296e-004
 8.020000e+002  1.131696e-004
 8.026187e+002  1.135533e-004
 8.032375e+002  1.186536e-004
 8.038562e+002  1.067420e-004
 8.044750e+002  1.092366e-004
 8.050937e+002  1.030083e-004
 8.057125e+002  9.910397e-005
 8.063312e+002  1.225488e-004
 8.069500e+002  1.241678e-004
 8.075687e+002  9.303310e-005
 8.081875e+002  1.106597e-004
 8.088062e+002  1.226843e-004
 8.094250e+002  1.253994e-004
 8.100437e+002  9.517731e-005
 8.106625e+002  1.064555e-004
 8.112812e+002  9.325935e-005
 8.119000e+002  1.009153e-004
 8.125187e+002  1.060979e-004
 8.131375e+002  1.062234e-004
 8.137562e+002  9.123076e-005
 8.143750e+002  8.544857e-005
 8.149937e+002  1.184391e-004
 8.156125e+002  1.244776e-004
 8.162312e+002  1.146104e-004
 8.168500e+002  1.106656e-004
 8.174687e+002  1.094717e-004
 8.180875e+002  1.213208e-004
 8.187062e+002  1.088807e-004
 8.193250e+002  1.104861e-004
 8.199437e+002  1.183873e-004
 8.205625e+002  9.274815e-005
 8.211812e+002  1.101977e-004
 8.218000e+002  1.119502e-004
 8.224187e+002  1.120373e-004
 8.230375e+002  1.136134e-004
 8.236562e+002  1.126665e-004
 8.242750e+002  1.121802e-004
 8.248937e+002  1.143853e-004
 8.255125e+002  1.094564e-004
 8.261312e+002  1.109174e-004
 8.267500e+002  1.026153e-004
 8.273687e+002  1.140073e-004
 8.279875e+002  1.129801e-004
 8.286062e+002  9.312603e-005
 8.292250e+002  1.192658e-004
 8.298437e+002  1.327108e-004
 8.304625e+002  1.214707e-004
 8.310812e+002  1.129830e-004
 8.317000e+002  9.513769e-005
 8.323187e+002  9.068542e-005
 8.329375e+002  1.006541e-004
 8.335562e+002  1.276921e-004
 8.341750e+002  1.133359e-004
 8.347937e+002  9.571635e-005
 8.354125e+002  9.842153e-005
 8.360312e+002  1.086421e-004
 8.366500e+002  1.085324e-004
 8.372687e+002  1.049095e-004
 8.378875e+002  9.762783e-005
 8.385062e+002  9.058423e-005
 8.391250e+002  9.192518e-005
 8.397437e+002  9.792525e-005
 8.403625e+002  1.039991e-004
 8.409812e+002  1.260349e-004
 8.416000e+002  1.312483e-004
 8.422187e+002  1.110982e-004
 8.428375e+002  8.033470e-005
 8.434562e+002  8.675505e-005
 8.440750e+002  1.081146e-004
 8.446937e+002  9.541439e-005
 8.453125e+002  1.012813e-004
 8.459312e+002  1.114561e-004
 8.465500e+002  1.055224e-004
 8.471687e+002  9.777938e-005
 8.477875e+002  1.063916e-004
 8.484062e+002  1.190808e-004
 8.490250e+002  1.187101e-004
 8.496437e+002  1.596197e-004
 8.502625e+002  2.247669e-004
 8.508812e+002  1.417693e-004
 8.515000e+002  1.340737e-004
 8.521187e+002  1.132760e-004
 8.527375e+002  9.842447e-005
 8.533562e+002  9.665892e-005
 8.539750e+002  8.557197e-005
 8.545937e+002  9.779173e-005
 8.552125e+002  1.150900e-004
 8.558312e+002  9.574703e-005
 8.564500e+002  1.065269e-004
 8.570687e+002  1.191124e-004
 8.576875e+002  9.587923e-005
 8.583062e+002  9.847477e-005
 8.589250e+002  1.043870e-004
 8.595437e+002  8.608617e-005
 8.601625e+002  1.008181e-004
 8.607812e+002  1.175359e-004
 8.614000e+002  1.200032e-004
 8.620187e+002  1.060310e-004
 8.626375e+002  9.377466e-005
 8.632562e+002  9.428648e-005
 8.638750e+002  1.108998e-004
 8.644937e+002  1.109701e-004
 8.651125e+002  1.070180e-004
 8.657312e+002  1.245065e-004
 8.663500e+002  1.155179e-004
 8.669687e+002  1.279352e-004
 8.675875e+002  1.232961e-004
 8.682062e+002  9.926376e-005
 8.688250e+002  9.463076e-005
 8.694437e+002  1.017902e-004
 8.700625e+002  9.531451e-005
 8.706812e+002  7.980630e-005
 8.713000e+002  9.473987e-005
 8.719187e+002  1.171537e-004
 8.725375e+002  1.128717e-004
 8.731562e+002  1.080681e-004
 8.737750e+002  1.325779e-004
 8.743937e+002  1.370785e-004
 8.750125e+002  1.190295e-004
 8.756312e+002  8.933394e-005
 8.762500e+002  9.995865e-005
 8.768687e+002  1.000646e-004
 8.774875e+002  1.031286e-004
 8.781062e+002  1.047497e-004
 8.787250e+002  1.075115e-004
 8.793437e+002  1.107321e-004
 8.799625e+002  1.060419e-004
 8.805812e+002  1.085518e-004
 8.812000e+002  1.212209e-004
 8.818187e+002  1.276836e-004
 8.824375e+002  1.336477e-004
 8.830562e+002  1.136054e-004
 8.836750e+002  1.269159e-004
 8.842937e+002  1.107602e-004
 8.849125e+002  9.616115e-005
 8.855312e+002  1.001236e-004
 8.861500e+002  1.191647e-004
 8.867687e+002  1.248544e-004
 8.873875e+002  1.093745e-004
 8.880062e+002  1.062347e-004
 8.886250e+002  1.319259e-004
 8.892437e+002  1.257579e-004
 8.898625e+002  1.298936e-004
 8.904812e+002  1.208370e-004
 8.911000e+002  1.162533e-004
 8.917187e+002  9.880567e-005
 8.923375e+002  9.685318e-005
 8.929562e+002  9.107653e-005
 8.935750e+002  9.130155e-005
 8.941937e+002  1.010061e-004
 8.948125e+002  9.619614e-005
 8.954312e+002  8.611759e-005
 8.960500e+002  1.184347e-004
 8.966687e+002  1.103442e-004
 8.972875e+002  9.058063e-005
 8.979062e+002  9.175001e-005
 8.985250e+002  9.874561e-005
 8.991437e+002  1.147699e-004
 8.997625e+002  1.175161e-004
 9.003812e+002  1.173713e-004
 9.010000e+002  8.958535e-005
 9.016187e+002  8.779841e-005
 9.022375e+002  8.762726e-005
 9.028562e+002  9.747367e-005
 9.034750e+002  1.082900e-004
 9.040937e+002  9.982455e-005
 9.047125e+002  1.050447e-004
 9.053312e+002  1.020114e-004
 9.059500e+002  1.147144e-004
 9.065687e+002  1.230846e-004
 9.071875e+002  1.064389e-004
 9.078062e+002  1.064985e-004
 9.084250e+002  1.020964e-004
 9.090437e+002  9.609264e-005
 9.096625e+002  8.893500e-005
 9.102812e+002  1.004069e-004
 9.109000e+002  1.232489e-004
 9.115187e+002  1.218358e-004
 9.121375e+002  9.507691e-005
 9.127562e+002  1.181005e-004
 9.133750e+002  1.074749e-004
 9.139937e+002  1.089709e-004
 9.146125e+002  1.120179e-004
 9.152312e+002  1.071983e-004
 9.158500e+002  1.320890e-004
 9.164687e+002  1.359125e-004
 9.170875e+002  1.244376e-004
 9.177062e+002  1.059262e-004
 9.183250e+002  1.182532e-004
 9.189437e+002  1.203119e-004
 9.195625e+002  1.036598e-004
 9.201812e+002  8.925223e-005
 9.208000e+002  9.894149e-005
 9.214187e+002  1.133587e-004
 9.220375e+002  1.313240e-004
 9.226562e+002  1.195339e-004
 9.232750e+002  9.611364e-005
 9.238937e+002  8.617126e-005
 9.245125e+002  9.733820e-005
 9.251312e+002  1.155651e-004
 9.257500e+002  1.122564e-004
 9.263687e+002  1.132440e-004
 9.269875e+002  1.214358e-004
 9.276062e+002  1.213152e-004
 9.282250e+002  1.052465e-004
 9.288437e+002  1.101950e-004
 9.294625e+002  1.083960e-004
 9.300812e+002  1.052176e-004
 9.307000e+002  1.207356e-004
 9.313187e+002  1.273955e-004
 9.319375e+002  1.058441e-004
 9.325562e+002  1.048543e-004
 9.331750e+002  1.066491e-004
 9.337937e+002  1.130657e-004
 9.344125e+002  1.168056e-004
 9.350312e+002  1.302080e-004
 9.356500e+002  1.317454e-004
 9.362687e+002  1.204261e-004
 9.368875e+002  9.657644e-005
 9.375062e+002  6.843119e-005
 9.381250e+002  7.949795e-005
 9.387437e+002  9.456488e-005
 9.393625e+002  1.045806e-004
 9.399812e+002  1.077656e-004
 9.406000e+002  1.233528e-004
 9.412187e+002  1.274418e-004
 9.418375e+002  1.205382e-004
 9.424562e+002  1.122727e-004
 9.430750e+002  1.027769e-004
 9.436937e+002  1.023068e-004
 9.443125e+002  1.000532e-004
 9.449312e+002  9.695038e-005
 9.455500e+002  9.491786e-005
 9.461687e+002  8.773997e-005
 9.467875e+002  8.776707e-005
 9.474062e+002  1.033401e-004
 9.480250e+002  9.833469e-005
 9.486437e+002  7.713262e-005
 9.492625e+002  9.401745e-005
 9.498812e+002  1.347424e-004
 9.505000e+002  1.579167e-004
 9.511187e+002  1.120114e-004
 9.517375e+002  9.823469e-005
 9.523562e+002  9.553495e-005
 9.529750e+002  9.719155e-005
 9.535937e+002  1.248021e-004
 9.542125e+002  1.307221e-004
 9.548312e+002  1.137126e-004
 9.554500e+002  1.019595e-004
 9.560687e+002  1.052322e-004
 9.566875e+002  8.753423e-005
 9.573062e+002  9.665017e-005
 9.579250e+002  9.779496e-005
 9.585437e+002  1.049154e-004
 9.591625e+002  1.151182e-004
 9.597812e+002  1.071315e-004
 9.604000e+002  9.921847e-005
 9.610187e+002  1.138761e-004
 9.616375e+002  1.063395e-004
 9.622562e+002  1.145781e-004
 9.628750e+002  1.139149e-004
 9.634937e+002  1.212428e-004
 9.641125e+002  1.142968e-004
 9.647312e+002  1.156566e-004
 9.653500e+002  9.107415e-005
 9.659687e+002  9.120274e-005
 9.665875e+002  8.959051e-005
 9.672062e+002  9.676996e-005
 9.678250e+002  1.074832e-004
 9.684437e+002  8.191478e-005
 9.690625e+002  9.168314e-005
 9.696812e+002  1.145418e-004
 9.703000e+002  1.106922e-004
 9.709187e+002  1.089343e-004
 9.715375e+002  1.205471e-004
 9.721562e+002  1.051994e-004
 9.727750e+002  1.023076e-004
 9.733937e+002  1.069637e-004
 9.740125e+002  9.728986e-005
 9.746312e+002  8.649805e-005
 9.752500e+002  1.243558e-004
 9.758687e+002  1.211918e-004
 9.764875e+002  9.957326e-005
 9.771062e+002  1.121170e-004
 9.777250e+002  1.209109e-004
 9.783437e+002  1.060048e-004
 9.789625e+002  8.343479e-005
 9.795812e+002  1.144032e-004
 9.802000e+002  1.000612e-004
 9.808187e+002  1.066338e-004
 9.814375e+002  1.234482e-004
 9.820562e+002  1.503439e-004
 9.826750e+002  1.220490e-004
 9.832937e+002  1.171810e-004
 9.839125e+002  1.324645e-004
 9.845312e+002  1.190685e-004
 9.851500e+002  9.710233e-005
 9.857687e+002  9.539312e-005
 9.863875e+002  1.026120e-004
 9.870062e+002  1.113322e-004
 9.876250e+002  1.060372e-004
 9.882437e+002  1.165377e-004
 9.888625e+002  1.212890e-004
 9.894812e+002  1.266096e-004
 9.901000e+002  1.209203e-004
 9.907187e+002  1.257865e-004
 9.913375e+002  1.094572e-004
 9.919562e+002  1.161694e-004
 9.925750e+002  1.282322e-004
 9.931937e+002  1.209939e-004
 9.938125e+002  1.161519e-004
 9.944312e+002  1.196891e-004
 9.950500e+002  1.166604e-004
 9.956687e+002  9.984135e-005
 9.962875e+002  1.114777e-004
 9.969062e+002  9.796693e-005
 9.975250e+002  9.869683e-005
 9.981437e+002  1.014419e-004
 9.987625e+002  1.294531e-004
 9.993812e+002  1.226232e-004
 1.000000e+003  1.177949e-004
