 1.000000e+000  2.380782e-003
 1.247500e+000  1.455962e-003
 1.495000e+000  1.185469e-003
 1.742500e+000  9.299657e-004
 1.990000e+000  6.062240e-004
 2.237500e+000  4.532145e-004
 2.485000e+000  3.381188e-004
 2.732500e+000  4.143385e-004
 2.980000e+000  5.553639e-004
 3.227500e+000  2.966385e-004
 3.475000e+000  1.819802e-004
 3.722500e+000  2.382794e-004
 3.970000e+000  3.137204e-004
 4.217500e+000  2.817439e-004
 4.465000e+000  3.135323e-004
 4.712500e+000  4.127763e-004
 4.960000e+000  2.930802e-004
 5.207500e+000  2.537684e-004
 5.455000e+000  3.800707e-004
 5.702500e+000  3.354152e-004
 5.950000e+000  3.880575e-004
 6.197500e+000  2.474870e-004
 6.445000e+000  1.818733e-004
 6.692500e+000  3.747491e-004
 6.940000e+000  7.633660e-004
 7.187500e+000  5.419978e-004
 7.435000e+000  2.693071e-004
 7.682500e+000  1.253535e-004
 7.930000e+000  9.155430e-005
 8.177500e+000  1.948074e-004
 8.425000e+000  2.929408e-004
 8.672500e+000  2.368093e-004
 8.920000e+000  1.942504e-004
 9.167500e+000  1.505982e-004
 9.415000e+000  1.267166e-004
 9.662500e+000  1.524893e-004
 9.910000e+000  2.634959e-004
 1.015750e+001  2.527370e-004
 1.040500e+001  1.567713e-004
 1.065250e+001  1.388221e-004
 1.090000e+001  1.459590e-004
 1.114750e+001  1.448306e-004
 1.139500e+001  1.819913e-004
 1.164250e+001  2.308559e-004
 1.189000e+001  1.869540e-004
 1.213750e+001  8.512747e-005
 1.238500e+001  1.045164e-004
 1.263250e+001  1.755115e-004
 1.288000e+001  1.210920e-004
 1.312750e+001  2.228576e-004
 1.337500e+001  1.590277e-004
 1.362250e+001  1.319213e-004
 1.387000e+001  1.547451e-004
 1.411750e+001  2.162431e-004
 1.436500e+001  1.132980e-004
 1.461250e+001  2.412422e-004
 1.486000e+001  1.920082e-004
 1.510750e+001  1.477918e-004
 1.535500e+001  1.793351e-004
 1.560250e+001  1.541117e-004
 1.585000e+001  2.065782e-004
 1.609750e+001  2.410991e-004
 1.634500e+001  1.564075e-004
 1.659250e+001  8.822877e-005
 1.684000e+001  1.134290e-004
 1.708750e+001  1.439263e-004
 1.733500e+001  1.227783e-004
 1.758250e+001  9.829819e-005
 1.783000e+001  8.600193e-005
 1.807750e+001  1.089021e-004
 1.832500e+001  1.673629e-004
 1.857250e+001  2.068641e-004
 1.882000e+001  2.350881e-004
 1.906750e+001  2.449559e-004
 1.931500e+001  2.589520e-004
 1.956250e+001  1.604796e-004
 1.981000e+001  1.751916e-004
 2.005750e+001  2.119568e-004
 2.030500e+001  2.876280e-004
 2.055250e+001  2.149450e-004
 2.080000e+001  1.426944e-004
 2.104750e+001  2.157897e-004
 2.129500e+001  1.526044e-004
 2.154250e+001  8.190208e-005
 2.179000e+001  1.178778e-004
 2.203750e+001  1.045181e-004
 2.228500e+001  1.420816e-004
 2.253250e+001  1.397504e-004
 2.278000e+001  1.198100e-004
 2.302750e+001  8.223134e-005
 2.327500e+001  1.228188e-004
 2.352250e+001  1.208696e-004
 2.377000e+001  1.179428e-004
 2.401750e+001  1.235586e-004
 2.426500e+001  1.496280e-004
 2.451250e+001  1.742996e-004
 2.476000e+001  2.097642e-004
 2.500750e+001  2.370151e-004
 2.525500e+001  1.508279e-004
 2.550250e+001  1.485376e-004
 2.575000e+001  1.755541e-004
 2.599750e+001  1.237330e-004
 2.624500e+001  1.075736e-004
 2.649250e+001  1.197169e-004
 2.674000e+001  1.648787e-004
 2.698750e+001  1.672498e-004
 2.723500e+001  2.043603e-004
 2.748250e+001  1.361335e-004
 2.773000e+001  9.719489e-005
 2.797750e+001  1.119026e-004
 2.822500e+001  1.387741e-004
 2.847250e+001  1.307236e-004
 2.872000e+001  9.270997e-005
 2.896750e+001  8.987892e-005
 2.921500e+001  1.106439e-004
 2.946250e+001  1.568927e-004
 2.971000e+001  1.553475e-004
 2.995750e+001  1.345635e-004
 3.020500e+001  1.878749e-004
 3.045250e+001  2.207723e-004
 3.070000e+001  1.399829e-004
 3.094750e+001  1.413334e-004
 3.119500e+001  1.834938e-004
 3.144250e+001  1.979347e-004
 3.169000e+001  1.599149e-004
 3.193750e+001  1.569612e-004
 3.218500e+001  1.237739e-004
 3.243250e+001  1.509254e-004
 3.268000e+001  1.605963e-004
 3.292750e+001  1.056568e-004
 3.317500e+001  9.570245e-005
 3.342250e+001  1.222384e-004
 3.367000e+001  1.178288e-004
 3.391750e+001  2.548197e-004
 3.416500e+001  2.436182e-004
 3.441250e+001  1.565085e-004
 3.466000e+001  1.924696e-004
 3.490750e+001  1.681744e-004
 3.515500e+001  1.721369e-004
 3.540250e+001  1.312445e-004
 3.565000e+001  1.269391e-004
 3.589750e+001  7.993491e-005
 3.614500e+001  7.752777e-005
 3.639250e+001  1.181646e-004
 3.664000e+001  2.172478e-004
 3.688750e+001  1.391960e-004
 3.713500e+001  7.327537e-005
 3.738250e+001  1.774630e-004
 3.763000e+001  1.630735e-004
 3.787750e+001  1.753647e-004
 3.812500e+001  1.089816e-004
 3.837250e+001  1.198383e-004
 3.862000e+001  1.978459e-004
 3.886750e+001  1.944540e-004
 3.911500e+001  1.238187e-004
 3.936250e+001  8.331275e-005
 3.961000e+001  2.187714e-004
 3.985750e+001  1.797201e-004
 4.010500e+001  1.282803e-004
 4.035250e+001  1.052777e-004
 4.060000e+001  1.109582e-004
 4.084750e+001  1.216516e-004
 4.109500e+001  1.822656e-004
 4.134250e+001  1.281352e-004
 4.159000e+001  1.542348e-004
 4.183750e+001  1.638572e-004
 4.208500e+001  1.427083e-004
 4.233250e+001  1.254141e-004
 4.258000e+001  1.628781e-004
 4.282750e+001  1.776498e-004
 4.307500e+001  1.152016e-004
 4.332250e+001  7.983127e-005
 4.357000e+001  1.103413e-004
 4.381750e+001  1.195630e-004
 4.406500e+001  1.349488e-004
 4.431250e+001  1.230919e-004
 4.456000e+001  1.126569e-004
 4.480750e+001  1.034965e-004
 4.505500e+001  1.335021e-004
 4.530250e+001  1.564335e-004
 4.555000e+001  1.849429e-004
 4.579750e+001  1.625304e-004
 4.604500e+001  1.484432e-004
 4.629250e+001  1.444512e-004
 4.654000e+001  1.713435e-004
 4.678750e+001  2.168296e-004
 4.703500e+001  1.801311e-004
 4.728250e+001  1.572724e-004
 4.753000e+001  1.047888e-004
 4.777750e+001  1.251365e-004
 4.802500e+001  1.566247e-004
 4.827250e+001  1.760916e-004
 4.852000e+001  2.306350e-004
 4.876750e+001  1.743305e-004
 4.901500e+001  1.118833e-004
 4.926250e+001  5.566254e-005
 4.951000e+001  9.350543e-005
 4.975750e+001  1.783842e-003
 5.000500e+001  3.411935e-003
 5.025250e+001  1.637112e-003
 5.050000e+001  6.375714e-005
 5.074750e+001  8.102379e-005
 5.099500e+001  9.267397e-005
 5.124250e+001  1.591010e-004
 5.149000e+001  1.477340e-004
 5.173750e+001  8.806874e-005
 5.198500e+001  1.161882e-004
 5.223250e+001  1.099077e-004
 5.248000e+001  7.783889e-005
 5.272750e+001  1.342883e-004
 5.297500e+001  1.341430e-004
 5.322250e+001  6.752693e-005
 5.347000e+001  1.125322e-004
 5.371750e+001  6.826347e-005
 5.396500e+001  7.730717e-005
 5.421250e+001  6.480998e-005
 5.446000e+001  1.602974e-004
 5.470750e+001  1.341403e-004
 5.495500e+001  1.236340e-004
 5.520250e+001  1.088853e-004
 5.545000e+001  1.319894e-004
 5.569750e+001  6.937303e-005
 5.594500e+001  1.407408e-004
 5.619250e+001  1.325308e-004
 5.644000e+001  1.415575e-004
 5.668750e+001  1.403022e-004
 5.693500e+001  1.015565e-004
 5.718250e+001  8.991715e-005
 5.743000e+001  1.196063e-004
 5.767750e+001  1.011797e-004
 5.792500e+001  1.436998e-004
 5.817250e+001  2.598582e-004
 5.842000e+001  2.041641e-004
 5.866750e+001  9.220442e-005
 5.891500e+001  1.727284e-004
 5.916250e+001  1.841353e-004
 5.941000e+001  1.646037e-004
 5.965750e+001  1.000961e-004
 5.990500e+001  7.112517e-005
 6.015250e+001  9.068106e-005
 6.040000e+001  7.358549e-005
 6.064750e+001  1.185983e-004
 6.089500e+001  1.319854e-004
 6.114250e+001  1.455142e-004
 6.139000e+001  1.299476e-004
 6.163750e+001  1.742335e-004
 6.188500e+001  2.304962e-004
 6.213250e+001  2.128103e-004
 6.238000e+001  1.200252e-004
 6.262750e+001  1.272991e-004
 6.287500e+001  9.630972e-005
 6.312250e+001  1.074806e-004
 6.337000e+001  1.147020e-004
 6.361750e+001  1.593580e-004
 6.386500e+001  7.328312e-005
 6.411250e+001  8.414040e-005
 6.436000e+001  1.229794e-004
 6.460750e+001  1.294083e-004
 6.485500e+001  9.478024e-005
 6.510250e+001  1.230891e-004
 6.535000e+001  1.495388e-004
 6.559750e+001  1.329630e-004
 6.584500e+001  2.080466e-004
 6.609250e+001  1.717473e-004
 6.634000e+001  8.844729e-005
 6.658750e+001  8.798692e-005
 6.683500e+001  6.567768e-005
 6.708250e+001  9.606346e-005
 6.733000e+001  1.574321e-004
 6.757750e+001  1.604641e-004
 6.782500e+001  1.082023e-004
 6.807250e+001  8.802377e-005
 6.832000e+001  1.057550e-004
 6.856750e+001  1.134600e-004
 6.881500e+001  8.493964e-005
 6.906250e+001  7.289783e-005
 6.931000e+001  1.377919e-004
 6.955750e+001  2.014100e-004
 6.980500e+001  1.106279e-004
 7.005250e+001  1.302324e-004
 7.030000e+001  2.141501e-004
 7.054750e+001  1.846158e-004
 7.079500e+001  1.494189e-004
 7.104250e+001  1.383301e-004
 7.129000e+001  1.556470e-004
 7.153750e+001  1.645758e-004
 7.178500e+001  9.047368e-005
 7.203250e+001  7.969943e-005
 7.228000e+001  8.290298e-005
 7.252750e+001  1.334420e-004
 7.277500e+001  1.981812e-004
 7.302250e+001  1.431790e-004
 7.327000e+001  6.443612e-005
 7.351750e+001  8.256824e-005
 7.376500e+001  1.003102e-004
 7.401250e+001  5.444500e-005
 7.426000e+001  1.179778e-004
 7.450750e+001  1.481400e-004
 7.475500e+001  6.932934e-005
 7.500250e+001  8.787030e-005
 7.525000e+001  8.929018e-005
 7.549750e+001  2.137349e-004
 7.574500e+001  2.566567e-004
 7.599250e+001  1.896055e-004
 7.624000e+001  1.658344e-004
 7.648750e+001  1.124632e-004
 7.673500e+001  1.183175e-004
 7.698250e+001  1.059804e-004
 7.723000e+001  8.350083e-005
 7.747750e+001  8.757790e-005
 7.772500e+001  8.516677e-005
 7.797250e+001  9.952589e-005
 7.822000e+001  1.427183e-004
 7.846750e+001  1.908591e-004
 7.871500e+001  1.502164e-004
 7.896250e+001  1.331374e-004
 7.921000e+001  1.093008e-004
 7.945750e+001  5.397077e-005
 7.970500e+001  6.404572e-005
 7.995250e+001  1.000345e-004
 8.020000e+001  9.472199e-005
 8.044750e+001  9.373805e-005
 8.069500e+001  1.159274e-004
 8.094250e+001  1.027489e-004
 8.119000e+001  1.174649e-004
 8.143750e+001  1.189413e-004
 8.168500e+001  1.672927e-004
 8.193250e+001  1.346637e-004
 8.218000e+001  1.333101e-004
 8.242750e+001  1.602124e-004
 8.267500e+001  1.727063e-004
 8.292250e+001  1.391412e-004
 8.317000e+001  1.768507e-004
 8.341750e+001  1.462564e-004
 8.366500e+001  1.234225e-004
 8.391250e+001  1.353220e-004
 8.416000e+001  8.772575e-005
 8.440750e+001  9.500682e-005
 8.465500e+001  1.755614e-004
 8.490250e+001  1.945452e-004
 8.515000e+001  1.683664e-004
 8.539750e+001  1.010449e-004
 8.564500e+001  7.418829e-005
 8.589250e+001  8.090085e-005
 8.614000e+001  1.575910e-004
 8.638750e+001  1.342455e-004
 8.663500e+001  1.310336e-004
 8.688250e+001  1.239470e-004
 8.713000e+001  1.680501e-004
 8.737750e+001  1.416445e-004
 8.762500e+001  1.055960e-004
 8.787250e+001  1.870731e-004
 8.812000e+001  1.675070e-004
 8.836750e+001  1.118967e-004
 8.861500e+001  1.747696e-004
 8.886250e+001  1.572491e-004
 8.911000e+001  1.174371e-004
 8.935750e+001  1.016005e-004
 8.960500e+001  1.408752e-004
 8.985250e+001  1.278969e-004
 9.010000e+001  1.417950e-004
 9.034750e+001  1.863870e-004
 9.059500e+001  1.566675e-004
 9.084250e+001  1.713937e-004
 9.109000e+001  1.489861e-004
 9.133750e+001  1.340195e-004
 9.158500e+001  1.320042e-004
 9.183250e+001  1.292826e-004
 9.208000e+001  1.366683e-004
 9.232750e+001  1.348792e-004
 9.257500e+001  1.941845e-004
 9.282250e+001  2.151494e-004
 9.307000e+001  1.335563e-004
 9.331750e+001  1.187208e-004
 9.356500e+001  1.009302e-004
 9.381250e+001  1.287208e-004
 9.406000e+001  1.540423e-004
 9.430750e+001  1.566715e-004
 9.455500e+001  1.519213e-004
 9.480250e+001  1.457700e-004
 9.505000e+001  1.072945e-004
 9.529750e+001  1.436816e-004
 9.554500e+001  1.565418e-004
 9.579250e+001  1.496245e-004
 9.604000e+001  1.221638e-004
 9.628750e+001  1.068712e-004
 9.653500e+001  1.457937e-004
 9.678250e+001  1.428923e-004
 9.703000e+001  1.277641e-004
 9.727750e+001  1.240276e-004
 9.752500e+001  1.269787e-004
 9.777250e+001  1.215391e-004
 9.802000e+001  6.603690e-005
 9.826750e+001  9.863219e-005
 9.851500e+001  1.557169e-004
 9.876250e+001  1.221347e-004
 9.901000e+001  6.814548e-005
 9.925750e+001  9.547752e-005
 9.950500e+001  1.217274e-004
 9.975250e+001  1.448500e-004
 1.000000e+002  1.916638e-004
