 1.000000e+000  4.901823e-004
 1.247500e+000  5.535745e-004
 1.495000e+000  4.408734e-004
 1.742500e+000  3.132127e-004
 1.990000e+000  2.504172e-004
 2.237500e+000  2.226141e-004
 2.485000e+000  2.421544e-004
 2.732500e+000  2.265545e-004
 2.980000e+000  1.856523e-004
 3.227500e+000  1.916695e-004
 3.475000e+000  3.414162e-004
 3.722500e+000  2.746989e-004
 3.970000e+000  1.959637e-004
 4.217500e+000  1.529351e-004
 4.465000e+000  2.514996e-004
 4.712500e+000  2.794161e-004
 4.960000e+000  1.698487e-004
 5.207500e+000  2.319986e-004
 5.455000e+000  2.176422e-004
 5.702500e+000  1.769459e-004
 5.950000e+000  1.960448e-004
 6.197500e+000  2.245945e-004
 6.445000e+000  1.641439e-004
 6.692500e+000  1.385874e-004
 6.940000e+000  1.741796e-004
 7.187500e+000  2.403012e-004
 7.435000e+000  2.111355e-004
 7.682500e+000  1.866705e-004
 7.930000e+000  1.876161e-004
 8.177500e+000  1.861905e-004
 8.425000e+000  1.850306e-004
 8.672500e+000  1.736841e-004
 8.920000e+000  1.660460e-004
 9.167500e+000  8.975823e-005
 9.415000e+000  1.161153e-004
 9.662500e+000  1.856857e-004
 9.910000e+000  2.080222e-004
 1.015750e+001  1.506870e-004
 1.040500e+001  1.472268e-004
 1.065250e+001  1.409763e-004
 1.090000e+001  1.679557e-004
 1.114750e+001  1.528831e-004
 1.139500e+001  1.960414e-004
 1.164250e+001  1.436680e-004
 1.189000e+001  1.603986e-004
 1.213750e+001  1.772534e-004
 1.238500e+001  1.408554e-004
 1.263250e+001  1.351491e-004
 1.288000e+001  1.468485e-004
 1.312750e+001  1.271791e-004
 1.337500e+001  1.709125e-004
 1.362250e+001  1.866696e-004
 1.387000e+001  1.758079e-004
 1.411750e+001  1.528210e-004
 1.436500e+001  1.654070e-004
 1.461250e+001  9.266463e-005
 1.486000e+001  7.259900e-005
 1.510750e+001  4.668276e-005
 1.535500e+001  8.836939e-005
 1.560250e+001  1.609037e-004
 1.585000e+001  1.496219e-004
 1.609750e+001  1.371464e-004
 1.634500e+001  1.246283e-004
 1.659250e+001  8.289283e-005
 1.684000e+001  1.174560e-004
 1.708750e+001  1.321453e-004
 1.733500e+001  1.318655e-004
 1.758250e+001  1.413363e-004
 1.783000e+001  9.583065e-005
 1.807750e+001  8.191006e-005
 1.832500e+001  8.491075e-005
 1.857250e+001  1.324047e-004
 1.882000e+001  1.137838e-004
 1.906750e+001  9.415315e-005
 1.931500e+001  1.102793e-004
 1.956250e+001  1.109487e-004
 1.981000e+001  8.785861e-005
 2.005750e+001  5.250339e-005
 2.030500e+001  1.001741e-004
 2.055250e+001  1.257308e-004
 2.080000e+001  1.066829e-004
 2.104750e+001  1.111951e-004
 2.129500e+001  1.146903e-004
 2.154250e+001  8.621636e-005
 2.179000e+001  1.013167e-004
 2.203750e+001  1.095760e-004
 2.228500e+001  1.196320e-004
 2.253250e+001  1.119916e-004
 2.278000e+001  7.999280e-005
 2.302750e+001  1.257321e-004
 2.327500e+001  1.269455e-004
 2.352250e+001  7.085551e-005
 2.377000e+001  1.237124e-004
 2.401750e+001  1.382796e-004
 2.426500e+001  1.152607e-004
 2.451250e+001  4.607026e-005
 2.476000e+001  1.228023e-004
 2.500750e+001  8.586142e-005
 2.525500e+001  1.473256e-004
 2.550250e+001  1.373232e-004
 2.575000e+001  5.904808e-005
 2.599750e+001  8.641539e-005
 2.624500e+001  1.382313e-004
 2.649250e+001  1.562650e-004
 2.674000e+001  1.630290e-004
 2.698750e+001  1.266226e-004
 2.723500e+001  9.944894e-005
 2.748250e+001  9.794037e-005
 2.773000e+001  6.868558e-005
 2.797750e+001  9.168538e-005
 2.822500e+001  1.321956e-004
 2.847250e+001  1.331269e-004
 2.872000e+001  1.563142e-004
 2.896750e+001  1.315456e-004
 2.921500e+001  7.682249e-005
 2.946250e+001  1.330657e-004
 2.971000e+001  1.644922e-004
 2.995750e+001  1.629330e-004
 3.020500e+001  1.278731e-004
 3.045250e+001  8.558541e-005
 3.070000e+001  1.372294e-004
 3.094750e+001  1.100170e-004
 3.119500e+001  1.220716e-004
 3.144250e+001  1.448324e-004
 3.169000e+001  1.325640e-004
 3.193750e+001  9.652677e-005
 3.218500e+001  9.906013e-005
 3.243250e+001  1.053536e-004
 3.268000e+001  1.279745e-004
 3.292750e+001  1.167847e-004
 3.317500e+001  9.233822e-005
 3.342250e+001  1.347443e-004
 3.367000e+001  1.500054e-004
 3.391750e+001  1.713945e-004
 3.416500e+001  1.433866e-004
 3.441250e+001  1.324818e-004
 3.466000e+001  1.366518e-004
 3.490750e+001  1.235719e-004
 3.515500e+001  6.784622e-005
 3.540250e+001  5.379724e-005
 3.565000e+001  7.504584e-005
 3.589750e+001  6.849764e-005
 3.614500e+001  7.134981e-005
 3.639250e+001  5.430802e-005
 3.664000e+001  1.076379e-004
 3.688750e+001  1.259709e-004
 3.713500e+001  1.539502e-004
 3.738250e+001  1.195007e-004
 3.763000e+001  9.291389e-005
 3.787750e+001  6.890969e-005
 3.812500e+001  9.119106e-005
 3.837250e+001  1.096654e-004
 3.862000e+001  1.102828e-004
 3.886750e+001  1.059192e-004
 3.911500e+001  1.288558e-004
 3.936250e+001  1.344363e-004
 3.961000e+001  8.621935e-005
 3.985750e+001  5.328447e-005
 4.010500e+001  4.568185e-005
 4.035250e+001  1.101421e-004
 4.060000e+001  1.430646e-004
 4.084750e+001  1.116610e-004
 4.109500e+001  1.198632e-004
 4.134250e+001  1.571738e-004
 4.159000e+001  1.302138e-004
 4.183750e+001  8.083982e-005
 4.208500e+001  7.673376e-005
 4.233250e+001  1.027017e-004
 4.258000e+001  1.074118e-004
 4.282750e+001  1.045086e-004
 4.307500e+001  7.307831e-005
 4.332250e+001  7.289849e-005
 4.357000e+001  7.676347e-005
 4.381750e+001  5.933646e-005
 4.406500e+001  8.207860e-005
 4.431250e+001  7.320550e-005
 4.456000e+001  7.170340e-005
 4.480750e+001  9.445633e-005
 4.505500e+001  8.275322e-005
 4.530250e+001  8.961912e-005
 4.555000e+001  1.249663e-004
 4.579750e+001  1.137879e-004
 4.604500e+001  1.056645e-004
 4.629250e+001  1.159656e-004
 4.654000e+001  5.942083e-005
 4.678750e+001  5.442126e-005
 4.703500e+001  1.085464e-004
 4.728250e+001  9.980632e-005
 4.753000e+001  1.114441e-004
 4.777750e+001  1.103565e-004
 4.802500e+001  8.411456e-005
 4.827250e+001  7.104535e-005
 4.852000e+001  6.113137e-005
 4.876750e+001  8.410976e-005
 4.901500e+001  7.716018e-005
 4.926250e+001  4.778111e-005
 4.951000e+001  7.237922e-005
 4.975750e+001  1.009790e-003
 5.000500e+001  2.060076e-003
 5.025250e+001  1.093520e-003
 5.050000e+001  9.337124e-005
 5.074750e+001  8.977339e-005
 5.099500e+001  7.589121e-005
 5.124250e+001  6.446635e-005
 5.149000e+001  8.919285e-005
 5.173750e+001  1.016574e-004
 5.198500e+001  8.753653e-005
 5.223250e+001  1.018653e-004
 5.248000e+001  7.789772e-005
 5.272750e+001  7.702871e-005
 5.297500e+001  5.738373e-005
 5.322250e+001  6.989885e-005
 5.347000e+001  8.722489e-005
 5.371750e+001  1.017345e-004
 5.396500e+001  4.249944e-005
 5.421250e+001  9.954995e-005
 5.446000e+001  1.074330e-004
 5.470750e+001  6.985194e-005
 5.495500e+001  7.636525e-005
 5.520250e+001  7.786343e-005
 5.545000e+001  6.713635e-005
 5.569750e+001  5.664445e-005
 5.594500e+001  9.794609e-005
 5.619250e+001  1.298636e-004
 5.644000e+001  1.604544e-004
 5.668750e+001  1.536030e-004
 5.693500e+001  1.186400e-004
 5.718250e+001  1.287291e-004
 5.743000e+001  1.074954e-004
 5.767750e+001  1.041355e-004
 5.792500e+001  7.446343e-005
 5.817250e+001  7.935992e-005
 5.842000e+001  1.052136e-004
 5.866750e+001  1.209625e-004
 5.891500e+001  8.631538e-005
 5.916250e+001  7.338736e-005
 5.941000e+001  8.116894e-005
 5.965750e+001  8.484290e-005
 5.990500e+001  7.007384e-005
 6.015250e+001  8.187010e-005
 6.040000e+001  1.018819e-004
 6.064750e+001  8.226104e-005
 6.089500e+001  9.917329e-005
 6.114250e+001  7.261424e-005
 6.139000e+001  6.583280e-005
 6.163750e+001  7.186171e-005
 6.188500e+001  4.835214e-005
 6.213250e+001  9.793648e-005
 6.238000e+001  1.082051e-004
 6.262750e+001  7.519708e-005
 6.287500e+001  6.648410e-005
 6.312250e+001  8.679646e-005
 6.337000e+001  4.763223e-005
 6.361750e+001  7.974865e-005
 6.386500e+001  1.027322e-004
 6.411250e+001  7.053649e-005
 6.436000e+001  6.808091e-005
 6.460750e+001  1.203262e-004
 6.485500e+001  6.765717e-005
 6.510250e+001  8.097921e-005
 6.535000e+001  8.889983e-005
 6.559750e+001  1.049733e-004
 6.584500e+001  1.120723e-004
 6.609250e+001  7.983199e-005
 6.634000e+001  5.128974e-005
 6.658750e+001  6.804710e-005
 6.683500e+001  7.785333e-005
 6.708250e+001  7.841962e-005
 6.733000e+001  9.661070e-005
 6.757750e+001  8.033351e-005
 6.782500e+001  9.943666e-005
 6.807250e+001  1.243377e-004
 6.832000e+001  1.124957e-004
 6.856750e+001  6.971879e-005
 6.881500e+001  5.956846e-005
 6.906250e+001  7.222803e-005
 6.931000e+001  6.674078e-005
 6.955750e+001  8.353600e-005
 6.980500e+001  1.082384e-004
 7.005250e+001  9.994877e-005
 7.030000e+001  6.823263e-005
 7.054750e+001  6.706695e-005
 7.079500e+001  2.644588e-005
 7.104250e+001  3.088004e-005
 7.129000e+001  5.902708e-005
 7.153750e+001  5.908003e-005
 7.178500e+001  7.497474e-005
 7.203250e+001  1.070403e-004
 7.228000e+001  9.614685e-005
 7.252750e+001  6.665065e-005
 7.277500e+001  7.340216e-005
 7.302250e+001  9.418317e-005
 7.327000e+001  9.461267e-005
 7.351750e+001  1.093083e-004
 7.376500e+001  8.061873e-005
 7.401250e+001  5.771630e-005
 7.426000e+001  4.841966e-005
 7.450750e+001  7.208331e-005
 7.475500e+001  1.196338e-004
 7.500250e+001  1.485483e-004
 7.525000e+001  9.132738e-005
 7.549750e+001  8.242782e-005
 7.574500e+001  8.013828e-005
 7.599250e+001  8.481282e-005
 7.624000e+001  8.291326e-005
 7.648750e+001  1.073749e-004
 7.673500e+001  8.799524e-005
 7.698250e+001  7.278387e-005
 7.723000e+001  4.544326e-005
 7.747750e+001  4.409700e-005
 7.772500e+001  6.885827e-005
 7.797250e+001  8.716286e-005
 7.822000e+001  8.403227e-005
 7.846750e+001  9.043752e-005
 7.871500e+001  7.621959e-005
 7.896250e+001  8.306088e-005
 7.921000e+001  5.912286e-005
 7.945750e+001  7.202062e-005
 7.970500e+001  1.231229e-004
 7.995250e+001  1.107044e-004
 8.020000e+001  8.244525e-005
 8.044750e+001  9.427475e-005
 8.069500e+001  1.102958e-004
 8.094250e+001  1.298792e-004
 8.119000e+001  1.259549e-004
 8.143750e+001  7.653738e-005
 8.168500e+001  8.064143e-005
 8.193250e+001  9.257003e-005
 8.218000e+001  7.371909e-005
 8.242750e+001  7.054132e-005
 8.267500e+001  4.878687e-005
 8.292250e+001  7.361586e-005
 8.317000e+001  9.191961e-005
 8.341750e+001  7.640777e-005
 8.366500e+001  9.322287e-005
 8.391250e+001  1.010226e-004
 8.416000e+001  8.790809e-005
 8.440750e+001  7.840137e-005
 8.465500e+001  6.469867e-005
 8.490250e+001  9.148277e-005
 8.515000e+001  1.137691e-004
 8.539750e+001  1.103740e-004
 8.564500e+001  8.199614e-005
 8.589250e+001  1.127205e-004
 8.614000e+001  1.008319e-004
 8.638750e+001  5.555083e-005
 8.663500e+001  7.389372e-005
 8.688250e+001  8.850935e-005
 8.713000e+001  1.043384e-004
 8.737750e+001  9.583602e-005
 8.762500e+001  5.712369e-005
 8.787250e+001  8.157438e-005
 8.812000e+001  5.722509e-005
 8.836750e+001  7.403814e-005
 8.861500e+001  7.422855e-005
 8.886250e+001  6.364194e-005
 8.911000e+001  6.597686e-005
 8.935750e+001  6.992092e-005
 8.960500e+001  9.553364e-005
 8.985250e+001  8.104934e-005
 9.010000e+001  4.258006e-005
 9.034750e+001  6.761615e-005
 9.059500e+001  4.593374e-005
 9.084250e+001  7.430834e-005
 9.109000e+001  8.635087e-005
 9.133750e+001  6.409475e-005
 9.158500e+001  6.500231e-005
 9.183250e+001  4.841635e-005
 9.208000e+001  4.551224e-005
 9.232750e+001  6.175442e-005
 9.257500e+001  6.451245e-005
 9.282250e+001  4.129287e-005
 9.307000e+001  3.829775e-005
 9.331750e+001  7.197412e-005
 9.356500e+001  9.061865e-005
 9.381250e+001  1.272234e-004
 9.406000e+001  1.383075e-004
 9.430750e+001  6.490968e-005
 9.455500e+001  6.536089e-005
 9.480250e+001  7.010499e-005
 9.505000e+001  7.192716e-005
 9.529750e+001  7.996633e-005
 9.554500e+001  7.384840e-005
 9.579250e+001  6.188911e-005
 9.604000e+001  9.906196e-005
 9.628750e+001  9.197504e-005
 9.653500e+001  3.850983e-005
 9.678250e+001  1.083013e-004
 9.703000e+001  8.355545e-005
 9.727750e+001  7.629846e-005
 9.752500e+001  6.162114e-005
 9.777250e+001  7.318064e-005
 9.802000e+001  4.796303e-005
 9.826750e+001  7.171381e-005
 9.851500e+001  7.701599e-005
 9.876250e+001  8.212999e-005
 9.901000e+001  1.060488e-004
 9.925750e+001  9.922432e-005
 9.950500e+001  1.074006e-004
 9.975250e+001  1.325509e-004
 1.000000e+002  1.267916e-004
