 1.000000e+001  3.344658e-004
 1.061875e+001  3.447567e-004
 1.123750e+001  2.575340e-004
 1.185625e+001  2.884757e-004
 1.247500e+001  2.709020e-004
 1.309375e+001  1.906981e-004
 1.371250e+001  1.755305e-004
 1.433125e+001  1.523360e-004
 1.495000e+001  1.881861e-004
 1.556875e+001  2.365895e-004
 1.618750e+001  2.568673e-004
 1.680625e+001  2.088972e-004
 1.742500e+001  1.937444e-004
 1.804375e+001  2.240976e-004
 1.866250e+001  1.995770e-004
 1.928125e+001  2.188476e-004
 1.990000e+001  2.191563e-004
 2.051875e+001  1.454082e-004
 2.113750e+001  1.939778e-004
 2.175625e+001  2.158896e-004
 2.237500e+001  1.734280e-004
 2.299375e+001  1.463916e-004
 2.361250e+001  1.639754e-004
 2.423125e+001  1.940676e-004
 2.485000e+001  2.116099e-004
 2.546875e+001  2.253891e-004
 2.608750e+001  2.155885e-004
 2.670625e+001  1.827850e-004
 2.732500e+001  1.649426e-004
 2.794375e+001  2.083941e-004
 2.856250e+001  2.060791e-004
 2.918125e+001  1.745690e-004
 2.980000e+001  1.839436e-004
 3.041875e+001  1.777356e-004
 3.103750e+001  1.613311e-004
 3.165625e+001  1.416441e-004
 3.227500e+001  1.073796e-004
 3.289375e+001  1.448839e-004
 3.351250e+001  1.546698e-004
 3.413125e+001  1.680956e-004
 3.475000e+001  1.627759e-004
 3.536875e+001  1.639139e-004
 3.598750e+001  1.781671e-004
 3.660625e+001  1.681154e-004
 3.722500e+001  1.480936e-004
 3.784375e+001  1.447838e-004
 3.846250e+001  1.555873e-004
 3.908125e+001  1.913183e-004
 3.970000e+001  1.549728e-004
 4.031875e+001  1.393264e-004
 4.093750e+001  1.368540e-004
 4.155625e+001  1.377280e-004
 4.217500e+001  1.812756e-004
 4.279375e+001  2.017875e-004
 4.341250e+001  1.541531e-004
 4.403125e+001  1.356682e-004
 4.465000e+001  1.255569e-004
 4.526875e+001  1.311947e-004
 4.588750e+001  1.398389e-004
 4.650625e+001  1.265429e-004
 4.712500e+001  1.324130e-004
 4.774375e+001  1.395513e-004
 4.836250e+001  2.206102e-004
 4.898125e+001  1.035386e-003
 4.960000e+001  6.654530e-003
 5.021875e+001  7.627072e-003
 5.083750e+001  1.892534e-003
 5.145625e+001  2.647464e-004
 5.207500e+001  1.299017e-004
 5.269375e+001  9.544553e-005
 5.331250e+001  1.310910e-004
 5.393125e+001  1.302888e-004
 5.455000e+001  1.149004e-004
 5.516875e+001  1.012420e-004
 5.578750e+001  1.097037e-004
 5.640625e+001  1.295885e-004
 5.702500e+001  1.253930e-004
 5.764375e+001  1.233729e-004
 5.826250e+001  1.148446e-004
 5.888125e+001  1.046516e-004
 5.950000e+001  1.037010e-004
 6.011875e+001  9.633256e-005
 6.073750e+001  8.044315e-005
 6.135625e+001  9.207118e-005
 6.197500e+001  9.805220e-005
 6.259375e+001  9.406633e-005
 6.321250e+001  1.044257e-004
 6.383125e+001  9.674895e-005
 6.445000e+001  7.842432e-005
 6.506875e+001  8.378761e-005
 6.568750e+001  8.050449e-005
 6.630625e+001  8.169283e-005
 6.692500e+001  8.626763e-005
 6.754375e+001  1.131575e-004
 6.816250e+001  1.172288e-004
 6.878125e+001  1.101650e-004
 6.940000e+001  9.806112e-005
 7.001875e+001  9.795009e-005
 7.063750e+001  1.088728e-004
 7.125625e+001  1.211972e-004
 7.187500e+001  1.024251e-004
 7.249375e+001  1.018431e-004
 7.311250e+001  9.537419e-005
 7.373125e+001  8.761422e-005
 7.435000e+001  8.147034e-005
 7.496875e+001  1.242811e-004
 7.558750e+001  1.759993e-004
 7.620625e+001  1.204718e-004
 7.682500e+001  7.527929e-005
 7.744375e+001  5.814455e-005
 7.806250e+001  8.044865e-005
 7.868125e+001  9.376142e-005
 7.930000e+001  9.187246e-005
 7.991875e+001  8.694566e-005
 8.053750e+001  8.024282e-005
 8.115625e+001  8.256522e-005
 8.177500e+001  7.303843e-005
 8.239375e+001  7.811127e-005
 8.301250e+001  8.119241e-005
 8.363125e+001  7.874945e-005
 8.425000e+001  6.910698e-005
 8.486875e+001  6.357258e-005
 8.548750e+001  7.572952e-005
 8.610625e+001  6.518930e-005
 8.672500e+001  6.280698e-005
 8.734375e+001  7.373984e-005
 8.796250e+001  7.343343e-005
 8.858125e+001  6.156797e-005
 8.920000e+001  5.807408e-005
 8.981875e+001  5.340065e-005
 9.043750e+001  6.624905e-005
 9.105625e+001  8.312795e-005
 9.167500e+001  1.150779e-004
 9.229375e+001  9.759323e-005
 9.291250e+001  7.398209e-005
 9.353125e+001  6.064389e-005
 9.415000e+001  6.419312e-005
 9.476875e+001  5.557955e-005
 9.538750e+001  6.065015e-005
 9.600625e+001  5.550637e-005
 9.662500e+001  5.655705e-005
 9.724375e+001  5.608963e-005
 9.786250e+001  6.159923e-005
 9.848125e+001  6.528578e-005
 9.910000e+001  7.694714e-005
 9.971875e+001  1.112304e-004
 1.003375e+002  9.141611e-005
 1.009563e+002  5.994309e-005
 1.015750e+002  7.802712e-005
 1.021938e+002  6.586265e-005
 1.028125e+002  5.538146e-005
 1.034313e+002  6.290123e-005
 1.040500e+002  6.389018e-005
 1.046688e+002  6.607653e-005
 1.052875e+002  7.557341e-005
 1.059063e+002  6.777332e-005
 1.065250e+002  6.927715e-005
 1.071438e+002  6.132425e-005
 1.077625e+002  6.657258e-005
 1.083813e+002  6.039556e-005
 1.090000e+002  6.521586e-005
 1.096188e+002  5.907620e-005
 1.102375e+002  6.784810e-005
 1.108563e+002  6.436455e-005
 1.114750e+002  4.954701e-005
 1.120938e+002  5.628499e-005
 1.127125e+002  6.501824e-005
 1.133313e+002  5.894378e-005
 1.139500e+002  6.076076e-005
 1.145688e+002  6.138121e-005
 1.151875e+002  5.733130e-005
 1.158063e+002  5.340857e-005
 1.164250e+002  6.090889e-005
 1.170438e+002  5.576265e-005
 1.176625e+002  4.988730e-005
 1.182813e+002  4.416686e-005
 1.189000e+002  4.898171e-005
 1.195188e+002  5.378337e-005
 1.201375e+002  4.892953e-005
 1.207563e+002  3.983723e-005
 1.213750e+002  3.612002e-005
 1.219938e+002  4.524107e-005
 1.226125e+002  4.864701e-005
 1.232313e+002  5.780538e-005
 1.238500e+002  5.507150e-005
 1.244688e+002  4.920416e-005
 1.250875e+002  4.595240e-005
 1.257063e+002  4.394208e-005
 1.263250e+002  4.668159e-005
 1.269438e+002  3.889348e-005
 1.275625e+002  4.457255e-005
 1.281813e+002  3.916467e-005
 1.288000e+002  4.310324e-005
 1.294188e+002  5.004991e-005
 1.300375e+002  4.525331e-005
 1.306563e+002  5.661951e-005
 1.312750e+002  5.697246e-005
 1.318938e+002  4.832158e-005
 1.325125e+002  4.295792e-005
 1.331313e+002  4.532659e-005
 1.337500e+002  4.697307e-005
 1.343688e+002  4.795253e-005
 1.349875e+002  5.822531e-005
 1.356063e+002  4.946528e-005
 1.362250e+002  5.548012e-005
 1.368438e+002  5.376869e-005
 1.374625e+002  5.232603e-005
 1.380813e+002  5.232029e-005
 1.387000e+002  5.224945e-005
 1.393188e+002  4.250097e-005
 1.399375e+002  4.186150e-005
 1.405563e+002  4.498772e-005
 1.411750e+002  4.665836e-005
 1.417938e+002  4.615334e-005
 1.424125e+002  5.314291e-005
 1.430313e+002  5.621361e-005
 1.436500e+002  5.492494e-005
 1.442688e+002  4.364443e-005
 1.448875e+002  4.614247e-005
 1.455063e+002  4.858176e-005
 1.461250e+002  5.104858e-005
 1.467438e+002  4.647072e-005
 1.473625e+002  3.803740e-005
 1.479813e+002  4.471466e-005
 1.486000e+002  1.027374e-004
 1.492188e+002  2.324460e-003
 1.498375e+002  5.689332e-003
 1.504563e+002  3.441133e-003
 1.510750e+002  1.688292e-004
 1.516938e+002  4.610186e-005
 1.523125e+002  4.773522e-005
 1.529313e+002  5.566486e-005
 1.535500e+002  4.320560e-005
 1.541688e+002  4.232185e-005
 1.547875e+002  4.432285e-005
 1.554063e+002  4.824440e-005
 1.560250e+002  4.635191e-005
 1.566438e+002  4.260320e-005
 1.572625e+002  4.606414e-005
 1.578813e+002  4.713632e-005
 1.585000e+002  4.330893e-005
 1.591188e+002  3.752126e-005
 1.597375e+002  3.398165e-005
 1.603563e+002  3.260342e-005
 1.609750e+002  3.395936e-005
 1.615938e+002  3.968559e-005
 1.622125e+002  3.894865e-005
 1.628313e+002  3.194744e-005
 1.634500e+002  3.787626e-005
 1.640688e+002  4.841422e-005
 1.646875e+002  4.011770e-005
 1.653063e+002  3.201497e-005
 1.659250e+002  3.470059e-005
 1.665438e+002  3.245995e-005
 1.671625e+002  3.812185e-005
 1.677813e+002  4.059399e-005
 1.684000e+002  4.392534e-005
 1.690188e+002  3.957473e-005
 1.696375e+002  4.713941e-005
 1.702563e+002  4.053759e-005
 1.708750e+002  3.382073e-005
 1.714938e+002  4.307698e-005
 1.721125e+002  4.327693e-005
 1.727313e+002  4.260292e-005
 1.733500e+002  3.832818e-005
 1.739688e+002  3.645263e-005
 1.745875e+002  3.904087e-005
 1.752063e+002  4.091845e-005
 1.758250e+002  3.842610e-005
 1.764438e+002  3.266971e-005
 1.770625e+002  3.512982e-005
 1.776813e+002  3.665474e-005
 1.783000e+002  4.363069e-005
 1.789188e+002  3.941361e-005
 1.795375e+002  4.290756e-005
 1.801563e+002  4.735543e-005
 1.807750e+002  4.180600e-005
 1.813938e+002  3.810792e-005
 1.820125e+002  3.562917e-005
 1.826313e+002  3.211223e-005
 1.832500e+002  3.253065e-005
 1.838688e+002  3.663921e-005
 1.844875e+002  3.347112e-005
 1.851063e+002  3.334253e-005
 1.857250e+002  3.794351e-005
 1.863438e+002  3.804250e-005
 1.869625e+002  3.011363e-005
 1.875813e+002  2.885929e-005
 1.882000e+002  3.353005e-005
 1.888188e+002  2.764019e-005
 1.894375e+002  3.282308e-005
 1.900563e+002  3.216483e-005
 1.906750e+002  3.141210e-005
 1.912938e+002  3.364415e-005
 1.919125e+002  3.098928e-005
 1.925313e+002  3.098328e-005
 1.931500e+002  3.939749e-005
 1.937688e+002  3.513614e-005
 1.943875e+002  2.829682e-005
 1.950063e+002  2.970112e-005
 1.956250e+002  3.730852e-005
 1.962438e+002  3.437115e-005
 1.968625e+002  3.069403e-005
 1.974813e+002  2.971977e-005
 1.981000e+002  2.878283e-005
 1.987188e+002  3.023985e-005
 1.993375e+002  1.390917e-004
 1.999563e+002  2.402450e-004
 2.005750e+002  1.018395e-004
 2.011938e+002  2.563458e-005
 2.018125e+002  3.287443e-005
 2.024313e+002  2.821234e-005
 2.030500e+002  2.640608e-005
 2.036688e+002  2.978360e-005
 2.042875e+002  2.951364e-005
 2.049063e+002  3.225660e-005
 2.055250e+002  3.682778e-005
 2.061438e+002  3.860510e-005
 2.067625e+002  3.509774e-005
 2.073813e+002  2.409609e-005
 2.080000e+002  2.711846e-005
 2.086188e+002  3.139312e-005
 2.092375e+002  2.636061e-005
 2.098563e+002  3.627561e-005
 2.104750e+002  3.987152e-005
 2.110938e+002  3.408749e-005
 2.117125e+002  3.001261e-005
 2.123313e+002  2.486011e-005
 2.129500e+002  3.336695e-005
 2.135688e+002  3.439724e-005
 2.141875e+002  4.274129e-005
 2.148063e+002  3.959677e-005
 2.154250e+002  3.062146e-005
 2.160438e+002  3.202895e-005
 2.166625e+002  3.661963e-005
 2.172813e+002  3.606483e-005
 2.179000e+002  2.344769e-005
 2.185188e+002  2.167188e-005
 2.191375e+002  2.892312e-005
 2.197563e+002  3.202624e-005
 2.203750e+002  3.096939e-005
 2.209938e+002  3.371153e-005
 2.216125e+002  3.353517e-005
 2.222313e+002  3.139023e-005
 2.228500e+002  3.471449e-005
 2.234688e+002  3.291704e-005
 2.240875e+002  3.712113e-005
 2.247063e+002  3.422846e-005
 2.253250e+002  3.130364e-005
 2.259438e+002  2.972724e-005
 2.265625e+002  3.514425e-005
 2.271813e+002  3.529089e-005
 2.278000e+002  3.703007e-005
 2.284188e+002  3.973787e-005
 2.290375e+002  3.529065e-005
 2.296563e+002  2.947522e-005
 2.302750e+002  3.065961e-005
 2.308938e+002  3.179332e-005
 2.315125e+002  2.866013e-005
 2.321313e+002  3.246777e-005
 2.327500e+002  2.822962e-005
 2.333688e+002  2.716289e-005
 2.339875e+002  3.143257e-005
 2.346063e+002  3.391819e-005
 2.352250e+002  2.744630e-005
 2.358438e+002  2.713962e-005
 2.364625e+002  3.207860e-005
 2.370813e+002  2.829011e-005
 2.377000e+002  2.930417e-005
 2.383188e+002  2.888329e-005
 2.389375e+002  3.351513e-005
 2.395563e+002  2.743595e-005
 2.401750e+002  2.480357e-005
 2.407938e+002  2.968390e-005
 2.414125e+002  3.170524e-005
 2.420313e+002  2.714962e-005
 2.426500e+002  2.822055e-005
 2.432688e+002  3.351727e-005
 2.438875e+002  4.042290e-005
 2.445063e+002  3.557575e-005
 2.451250e+002  2.730918e-005
 2.457438e+002  3.261495e-005
 2.463625e+002  3.357906e-005
 2.469813e+002  3.264398e-005
 2.476000e+002  2.698319e-005
 2.482188e+002  3.841243e-005
 2.488375e+002  1.249045e-004
 2.494563e+002  9.290933e-004
 2.500750e+002  1.144164e-003
 2.506938e+002  3.123447e-004
 2.513125e+002  6.075498e-005
 2.519313e+002  2.583625e-005
 2.525500e+002  3.051949e-005
 2.531688e+002  2.850491e-005
 2.537875e+002  3.497728e-005
 2.544063e+002  3.300914e-005
 2.550250e+002  3.384030e-005
 2.556438e+002  3.472723e-005
 2.562625e+002  3.061946e-005
 2.568813e+002  3.477647e-005
 2.575000e+002  3.275102e-005
 2.581188e+002  2.492782e-005
 2.587375e+002  2.712473e-005
 2.593563e+002  3.032869e-005
 2.599750e+002  3.342408e-005
 2.605938e+002  2.983739e-005
 2.612125e+002  2.837982e-005
 2.618313e+002  3.309176e-005
 2.624500e+002  2.882163e-005
 2.630688e+002  2.952498e-005
 2.636875e+002  2.408706e-005
 2.643063e+002  2.525797e-005
 2.649250e+002  2.596852e-005
 2.655438e+002  2.477392e-005
 2.661625e+002  2.420868e-005
 2.667813e+002  2.708191e-005
 2.674000e+002  3.215563e-005
 2.680188e+002  3.213442e-005
 2.686375e+002  3.238268e-005
 2.692563e+002  2.881609e-005
 2.698750e+002  2.635976e-005
 2.704938e+002  2.453186e-005
 2.711125e+002  1.915342e-005
 2.717313e+002  2.739920e-005
 2.723500e+002  3.128218e-005
 2.729688e+002  2.677543e-005
 2.735875e+002  3.157626e-005
 2.742063e+002  2.282860e-005
 2.748250e+002  2.319510e-005
 2.754438e+002  2.983440e-005
 2.760625e+002  3.127708e-005
 2.766813e+002  2.657911e-005
 2.773000e+002  2.839623e-005
 2.779188e+002  2.887961e-005
 2.785375e+002  3.027662e-005
 2.791563e+002  3.112497e-005
 2.797750e+002  2.537913e-005
 2.803938e+002  2.061766e-005
 2.810125e+002  2.080579e-005
 2.816313e+002  2.292405e-005
 2.822500e+002  2.436244e-005
 2.828688e+002  2.409646e-005
 2.834875e+002  2.991386e-005
 2.841063e+002  2.623365e-005
 2.847250e+002  2.631394e-005
 2.853438e+002  3.241408e-005
 2.859625e+002  2.636185e-005
 2.865813e+002  2.629480e-005
 2.872000e+002  2.992732e-005
 2.878188e+002  3.263190e-005
 2.884375e+002  3.045473e-005
 2.890563e+002  2.751693e-005
 2.896750e+002  2.803602e-005
 2.902938e+002  2.664486e-005
 2.909125e+002  2.985677e-005
 2.915313e+002  3.203959e-005
 2.921500e+002  3.091786e-005
 2.927688e+002  2.840369e-005
 2.933875e+002  2.271889e-005
 2.940063e+002  2.588505e-005
 2.946250e+002  2.652996e-005
 2.952438e+002  2.290041e-005
 2.958625e+002  1.729178e-005
 2.964813e+002  2.266861e-005
 2.971000e+002  2.625142e-005
 2.977188e+002  2.491567e-005
 2.983375e+002  2.408663e-005
 2.989563e+002  1.004901e-004
 2.995750e+002  3.756878e-004
 3.001938e+002  3.299587e-004
 3.008125e+002  5.460574e-005
 3.014313e+002  2.463852e-005
 3.020500e+002  2.625193e-005
 3.026688e+002  2.928423e-005
 3.032875e+002  2.934995e-005
 3.039063e+002  2.693835e-005
 3.045250e+002  2.761726e-005
 3.051438e+002  2.740534e-005
 3.057625e+002  2.427975e-005
 3.063813e+002  2.668203e-005
 3.070000e+002  3.324873e-005
 3.076188e+002  2.967000e-005
 3.082375e+002  2.439207e-005
 3.088563e+002  2.340047e-005
 3.094750e+002  2.396348e-005
 3.100938e+002  2.643752e-005
 3.107125e+002  2.367144e-005
 3.113313e+002  2.718501e-005
 3.119500e+002  2.357235e-005
 3.125688e+002  2.954020e-005
 3.131875e+002  3.337689e-005
 3.138063e+002  2.714122e-005
 3.144250e+002  2.404982e-005
 3.150437e+002  2.649685e-005
 3.156625e+002  2.912825e-005
 3.162812e+002  2.569709e-005
 3.169000e+002  2.744446e-005
 3.175187e+002  2.533973e-005
 3.181375e+002  2.098790e-005
 3.187562e+002  2.571195e-005
 3.193750e+002  2.168298e-005
 3.199937e+002  2.868342e-005
 3.206125e+002  2.162346e-005
 3.212312e+002  2.987019e-005
 3.218500e+002  3.379028e-005
 3.224687e+002  3.209399e-005
 3.230875e+002  2.732430e-005
 3.237062e+002  2.371582e-005
 3.243250e+002  1.883720e-005
 3.249437e+002  2.709167e-005
 3.255625e+002  2.772366e-005
 3.261812e+002  2.346696e-005
 3.268000e+002  2.023866e-005
 3.274187e+002  1.847295e-005
 3.280375e+002  2.264591e-005
 3.286562e+002  2.563872e-005
 3.292750e+002  2.470370e-005
 3.298937e+002  2.566273e-005
 3.305125e+002  2.641637e-005
 3.311312e+002  2.495746e-005
 3.317500e+002  2.475790e-005
 3.323687e+002  2.496805e-005
 3.329875e+002  2.596433e-005
 3.336062e+002  2.766482e-005
 3.342250e+002  3.154696e-005
 3.348437e+002  3.178269e-005
 3.354625e+002  3.263069e-005
 3.360812e+002  2.661257e-005
 3.367000e+002  3.130295e-005
 3.373187e+002  2.528020e-005
 3.379375e+002  2.226798e-005
 3.385562e+002  2.699752e-005
 3.391750e+002  2.363033e-005
 3.397937e+002  2.702170e-005
 3.404125e+002  3.040671e-005
 3.410312e+002  2.765556e-005
 3.416500e+002  2.559533e-005
 3.422687e+002  2.811055e-005
 3.428875e+002  3.020685e-005
 3.435062e+002  3.041215e-005
 3.441250e+002  2.785378e-005
 3.447437e+002  1.968695e-005
 3.453625e+002  2.489061e-005
 3.459812e+002  2.311836e-005
 3.466000e+002  1.791102e-005
 3.472187e+002  2.761576e-005
 3.478375e+002  2.582120e-005
 3.484562e+002  2.699460e-005
 3.490750e+002  1.388199e-004
 3.496937e+002  3.519996e-004
 3.503125e+002  2.297408e-004
 3.509312e+002  3.006485e-005
 3.515500e+002  3.263888e-005
 3.521687e+002  2.589991e-005
 3.527875e+002  2.447854e-005
 3.534062e+002  2.618954e-005
 3.540250e+002  2.957158e-005
 3.546437e+002  3.154809e-005
 3.552625e+002  2.781530e-005
 3.558812e+002  2.297434e-005
 3.565000e+002  3.223874e-005
 3.571187e+002  3.773646e-005
 3.577375e+002  2.991367e-005
 3.583562e+002  2.537629e-005
 3.589750e+002  2.374964e-005
 3.595937e+002  2.272840e-005
 3.602125e+002  2.323527e-005
 3.608312e+002  2.766490e-005
 3.614500e+002  3.380889e-005
 3.620687e+002  2.952925e-005
 3.626875e+002  2.913632e-005
 3.633062e+002  2.753787e-005
 3.639250e+002  2.344449e-005
 3.645437e+002  2.368179e-005
 3.651625e+002  2.108690e-005
 3.657812e+002  2.029167e-005
 3.664000e+002  2.695108e-005
 3.670187e+002  2.973684e-005
 3.676375e+002  2.486686e-005
 3.682562e+002  2.783353e-005
 3.688750e+002  2.833441e-005
 3.694937e+002  2.339394e-005
 3.701125e+002  2.189044e-005
 3.707312e+002  2.274605e-005
 3.713500e+002  2.434840e-005
 3.719687e+002  2.746643e-005
 3.725875e+002  2.728653e-005
 3.732062e+002  2.818842e-005
 3.738250e+002  2.860063e-005
 3.744437e+002  2.417153e-005
 3.750625e+002  2.436278e-005
 3.756812e+002  2.460824e-005
 3.763000e+002  2.815681e-005
 3.769187e+002  2.720994e-005
 3.775375e+002  2.339714e-005
 3.781562e+002  2.823179e-005
 3.787750e+002  3.101413e-005
 3.793937e+002  3.008189e-005
 3.800125e+002  2.213143e-005
 3.806312e+002  2.536889e-005
 3.812500e+002  2.840432e-005
 3.818687e+002  2.496846e-005
 3.824875e+002  2.839831e-005
 3.831062e+002  2.284888e-005
 3.837250e+002  2.050922e-005
 3.843437e+002  2.228189e-005
 3.849625e+002  2.671847e-005
 3.855812e+002  2.647500e-005
 3.862000e+002  3.144944e-005
 3.868187e+002  2.604240e-005
 3.874375e+002  2.083451e-005
 3.880562e+002  1.823297e-005
 3.886750e+002  2.320855e-005
 3.892937e+002  2.324010e-005
 3.899125e+002  2.763276e-005
 3.905312e+002  3.146317e-005
 3.911500e+002  2.682170e-005
 3.917687e+002  1.981298e-005
 3.923875e+002  2.267830e-005
 3.930062e+002  2.737156e-005
 3.936250e+002  2.563539e-005
 3.942437e+002  2.842812e-005
 3.948625e+002  2.580351e-005
 3.954812e+002  1.782592e-005
 3.961000e+002  2.247998e-005
 3.967187e+002  2.536813e-005
 3.973375e+002  2.156266e-005
 3.979562e+002  2.449703e-005
 3.985750e+002  2.584642e-005
 3.991937e+002  1.840322e-004
 3.998125e+002  3.443225e-004
 4.004312e+002  1.620439e-004
 4.010500e+002  1.684869e-005
 4.016687e+002  1.967383e-005
 4.022875e+002  2.250440e-005
 4.029062e+002  2.148946e-005
 4.035250e+002  2.380942e-005
 4.041437e+002  2.330509e-005
 4.047625e+002  2.313973e-005
 4.053812e+002  2.532357e-005
 4.060000e+002  2.437012e-005
 4.066187e+002  1.903473e-005
 4.072375e+002  2.374167e-005
 4.078562e+002  2.882597e-005
 4.084750e+002  2.972096e-005
 4.090937e+002  2.462693e-005
 4.097125e+002  2.387075e-005
 4.103312e+002  2.589392e-005
 4.109500e+002  2.746583e-005
 4.115687e+002  2.224949e-005
 4.121875e+002  2.444988e-005
 4.128062e+002  2.499478e-005
 4.134250e+002  2.736306e-005
 4.140437e+002  3.093044e-005
 4.146625e+002  2.820566e-005
 4.152812e+002  2.748431e-005
 4.159000e+002  2.738542e-005
 4.165187e+002  2.377554e-005
 4.171375e+002  2.759987e-005
 4.177562e+002  2.712540e-005
 4.183750e+002  2.328964e-005
 4.189937e+002  2.103036e-005
 4.196125e+002  2.143323e-005
 4.202312e+002  2.458419e-005
 4.208500e+002  1.995212e-005
 4.214687e+002  2.367745e-005
 4.220875e+002  2.693982e-005
 4.227062e+002  2.655395e-005
 4.233250e+002  2.197614e-005
 4.239437e+002  2.109485e-005
 4.245625e+002  2.456472e-005
 4.251812e+002  2.340061e-005
 4.258000e+002  2.493652e-005
 4.264187e+002  2.300810e-005
 4.270375e+002  2.108461e-005
 4.276562e+002  2.312456e-005
 4.282750e+002  2.221299e-005
 4.288937e+002  2.519138e-005
 4.295125e+002  2.533537e-005
 4.301312e+002  2.501790e-005
 4.307500e+002  2.945234e-005
 4.313687e+002  2.532132e-005
 4.319875e+002  2.904564e-005
 4.326062e+002  2.501381e-005
 4.332250e+002  2.202131e-005
 4.338437e+002  2.387955e-005
 4.344625e+002  2.273156e-005
 4.350812e+002  2.246744e-005
 4.357000e+002  2.465355e-005
 4.363187e+002  1.959130e-005
 4.369375e+002  2.569086e-005
 4.375562e+002  1.816832e-005
 4.381750e+002  2.271094e-005
 4.387937e+002  2.757422e-005
 4.394125e+002  2.586650e-005
 4.400312e+002  2.324397e-005
 4.406500e+002  2.330371e-005
 4.412687e+002  2.479026e-005
 4.418875e+002  2.803223e-005
 4.425062e+002  2.531165e-005
 4.431250e+002  2.269692e-005
 4.437437e+002  2.616180e-005
 4.443625e+002  2.388354e-005
 4.449812e+002  2.236071e-005
 4.456000e+002  2.417813e-005
 4.462187e+002  2.090023e-005
 4.468375e+002  2.059127e-005
 4.474562e+002  2.370362e-005
 4.480750e+002  2.693334e-005
 4.486937e+002  3.099499e-005
 4.493125e+002  1.932155e-004
 4.499312e+002  2.569733e-004
 4.505500e+002  8.606100e-005
 4.511687e+002  2.802104e-005
 4.517875e+002  2.914093e-005
 4.524062e+002  2.461833e-005
 4.530250e+002  2.060043e-005
 4.536437e+002  2.393576e-005
 4.542625e+002  2.414945e-005
 4.548812e+002  2.478633e-005
 4.555000e+002  2.825904e-005
 4.561187e+002  2.523517e-005
 4.567375e+002  2.523960e-005
 4.573562e+002  2.546025e-005
 4.579750e+002  1.954689e-005
 4.585937e+002  2.287866e-005
 4.592125e+002  2.077932e-005
 4.598312e+002  2.474019e-005
 4.604500e+002  2.260779e-005
 4.610687e+002  1.854860e-005
 4.616875e+002  2.149787e-005
 4.623062e+002  2.670844e-005
 4.629250e+002  2.560070e-005
 4.635437e+002  2.141536e-005
 4.641625e+002  2.136378e-005
 4.647812e+002  2.228842e-005
 4.654000e+002  1.480284e-005
 4.660187e+002  1.439594e-005
 4.666375e+002  2.229236e-005
 4.672562e+002  2.508728e-005
 4.678750e+002  2.371095e-005
 4.684937e+002  2.475382e-005
 4.691125e+002  2.118190e-005
 4.697312e+002  2.326725e-005
 4.703500e+002  2.137289e-005
 4.709687e+002  1.986479e-005
 4.715875e+002  1.873334e-005
 4.722062e+002  1.626214e-005
 4.728250e+002  2.212063e-005
 4.734437e+002  1.925494e-005
 4.740625e+002  2.191657e-005
 4.746812e+002  2.202486e-005
 4.753000e+002  2.297642e-005
 4.759187e+002  1.469249e-005
 4.765375e+002  1.830193e-005
 4.771562e+002  2.235432e-005
 4.777750e+002  2.013474e-005
 4.783937e+002  1.963750e-005
 4.790125e+002  2.344574e-005
 4.796312e+002  2.251595e-005
 4.802500e+002  2.444585e-005
 4.808687e+002  2.315124e-005
 4.814875e+002  2.779776e-005
 4.821062e+002  2.650237e-005
 4.827250e+002  1.884000e-005
 4.833437e+002  2.641034e-005
 4.839625e+002  3.005100e-005
 4.845812e+002  2.494420e-005
 4.852000e+002  1.963011e-005
 4.858187e+002  1.834089e-005
 4.864375e+002  1.833456e-005
 4.870562e+002  1.975123e-005
 4.876750e+002  2.272654e-005
 4.882937e+002  2.506215e-005
 4.889125e+002  2.774964e-005
 4.895312e+002  2.613242e-005
 4.901500e+002  2.229854e-005
 4.907687e+002  2.600043e-005
 4.913875e+002  2.395420e-005
 4.920062e+002  1.747429e-005
 4.926250e+002  1.604377e-005
 4.932437e+002  2.054831e-005
 4.938625e+002  2.296089e-005
 4.944812e+002  2.505531e-005
 4.951000e+002  2.467832e-005
 4.957187e+002  2.299011e-005
 4.963375e+002  1.524863e-005
 4.969562e+002  2.087312e-005
 4.975750e+002  1.894895e-005
 4.981937e+002  2.196603e-005
 4.988125e+002  6.892140e-005
 4.994312e+002  3.064331e-004
 5.000500e+002  2.987892e-004
 5.006687e+002  6.166678e-005
 5.012875e+002  2.580351e-005
 5.019062e+002  2.618695e-005
 5.025250e+002  2.876483e-005
 5.031437e+002  2.628098e-005
 5.037625e+002  2.285000e-005
 5.043812e+002  2.016540e-005
 5.050000e+002  2.272886e-005
 5.056187e+002  2.017525e-005
 5.062375e+002  2.709318e-005
 5.068562e+002  2.645012e-005
 5.074750e+002  2.319262e-005
 5.080937e+002  1.775958e-005
 5.087125e+002  2.328193e-005
 5.093312e+002  2.250254e-005
 5.099500e+002  1.763852e-005
 5.105687e+002  2.087960e-005
 5.111875e+002  2.293973e-005
 5.118062e+002  2.808527e-005
 5.124250e+002  2.145669e-005
 5.130437e+002  2.069304e-005
 5.136625e+002  2.695644e-005
 5.142812e+002  2.803527e-005
 5.149000e+002  2.099246e-005
 5.155187e+002  2.424815e-005
 5.161375e+002  2.557989e-005
 5.167562e+002  2.605259e-005
 5.173750e+002  2.412208e-005
 5.179937e+002  1.981945e-005
 5.186125e+002  2.233645e-005
 5.192312e+002  2.425772e-005
 5.198500e+002  2.275682e-005
 5.204687e+002  1.992681e-005
 5.210875e+002  1.916449e-005
 5.217062e+002  2.363887e-005
 5.223250e+002  2.283491e-005
 5.229437e+002  2.092281e-005
 5.235625e+002  2.047280e-005
 5.241812e+002  1.443204e-005
 5.248000e+002  1.671723e-005
 5.254187e+002  2.405092e-005
 5.260375e+002  2.221487e-005
 5.266562e+002  2.179468e-005
 5.272750e+002  1.694118e-005
 5.278937e+002  1.564049e-005
 5.285125e+002  1.952272e-005
 5.291312e+002  2.037694e-005
 5.297500e+002  1.811220e-005
 5.303687e+002  2.228775e-005
 5.309875e+002  2.763719e-005
 5.316062e+002  2.557622e-005
 5.322250e+002  2.179317e-005
 5.328437e+002  2.104236e-005
 5.334625e+002  2.490420e-005
 5.340812e+002  2.505974e-005
 5.347000e+002  1.967771e-005
 5.353187e+002  2.450976e-005
 5.359375e+002  2.262334e-005
 5.365562e+002  2.741831e-005
 5.371750e+002  1.929743e-005
 5.377937e+002  2.262529e-005
 5.384125e+002  2.204545e-005
 5.390312e+002  2.239887e-005
 5.396500e+002  2.672941e-005
 5.402687e+002  2.902145e-005
 5.408875e+002  2.398124e-005
 5.415062e+002  2.101422e-005
 5.421250e+002  1.977712e-005
 5.427437e+002  1.639436e-005
 5.433625e+002  2.283969e-005
 5.439812e+002  2.238057e-005
 5.446000e+002  2.374241e-005
 5.452187e+002  2.817769e-005
 5.458375e+002  2.375017e-005
 5.464562e+002  2.625969e-005
 5.470750e+002  2.720131e-005
 5.476937e+002  2.219507e-005
 5.483125e+002  2.767135e-005
 5.489312e+002  1.462756e-004
 5.495500e+002  4.294746e-004
 5.501687e+002  3.078411e-004
 5.507875e+002  3.962159e-005
 5.514062e+002  2.643748e-005
 5.520250e+002  2.554871e-005
 5.526437e+002  1.923557e-005
 5.532625e+002  1.989942e-005
 5.538812e+002  2.203414e-005
 5.545000e+002  1.816626e-005
 5.551187e+002  2.057210e-005
 5.557375e+002  2.839293e-005
 5.563562e+002  3.191287e-005
 5.569750e+002  2.753652e-005
 5.575937e+002  2.379476e-005
 5.582125e+002  1.988637e-005
 5.588312e+002  2.253706e-005
 5.594500e+002  2.037016e-005
 5.600687e+002  1.921405e-005
 5.606875e+002  2.191809e-005
 5.613062e+002  2.043218e-005
 5.619250e+002  1.779126e-005
 5.625437e+002  2.143071e-005
 5.631625e+002  2.264330e-005
 5.637812e+002  2.222584e-005
 5.644000e+002  2.052720e-005
 5.650187e+002  2.183519e-005
 5.656375e+002  2.318751e-005
 5.662562e+002  2.596154e-005
 5.668750e+002  2.399427e-005
 5.674937e+002  2.220515e-005
 5.681125e+002  2.408530e-005
 5.687312e+002  2.009271e-005
 5.693500e+002  2.179367e-005
 5.699687e+002  1.948322e-005
 5.705875e+002  2.520990e-005
 5.712062e+002  2.125759e-005
 5.718250e+002  2.188384e-005
 5.724437e+002  2.414416e-005
 5.730625e+002  1.919456e-005
 5.736812e+002  1.966184e-005
 5.743000e+002  2.262159e-005
 5.749187e+002  2.764912e-005
 5.755375e+002  2.818172e-005
 5.761562e+002  2.638398e-005
 5.767750e+002  2.629485e-005
 5.773937e+002  2.318375e-005
 5.780125e+002  1.527600e-005
 5.786312e+002  2.041383e-005
 5.792500e+002  2.277624e-005
 5.798687e+002  2.427921e-005
 5.804875e+002  2.289186e-005
 5.811062e+002  2.060047e-005
 5.817250e+002  1.833268e-005
 5.823437e+002  1.768436e-005
 5.829625e+002  1.739168e-005
 5.835812e+002  1.724392e-005
 5.842000e+002  1.654631e-005
 5.848187e+002  2.051729e-005
 5.854375e+002  2.266750e-005
 5.860562e+002  2.025200e-005
 5.866750e+002  2.285541e-005
 5.872937e+002  2.512898e-005
 5.879125e+002  1.977452e-005
 5.885312e+002  2.228883e-005
 5.891500e+002  2.534291e-005
 5.897687e+002  2.192180e-005
 5.903875e+002  2.170094e-005
 5.910062e+002  2.341966e-005
 5.916250e+002  2.349595e-005
 5.922437e+002  2.644542e-005
 5.928625e+002  2.249692e-005
 5.934812e+002  1.860161e-005
 5.941000e+002  1.720560e-005
 5.947187e+002  1.548415e-005
 5.953375e+002  1.776414e-005
 5.959562e+002  1.832184e-005
 5.965750e+002  1.636159e-005
 5.971937e+002  2.143095e-005
 5.978125e+002  1.846630e-005
 5.984312e+002  2.122365e-005
 5.990500e+002  1.001823e-004
 5.996687e+002  1.903243e-004
 6.002875e+002  9.599173e-005
 6.009062e+002  2.405563e-005
 6.015250e+002  2.772467e-005
 6.021437e+002  2.971859e-005
 6.027625e+002  2.651557e-005
 6.033812e+002  2.677947e-005
 6.040000e+002  2.273692e-005
 6.046187e+002  2.037079e-005
 6.052375e+002  2.096527e-005
 6.058562e+002  1.932934e-005
 6.064750e+002  2.082655e-005
 6.070937e+002  2.438456e-005
 6.077125e+002  2.276571e-005
 6.083312e+002  2.166454e-005
 6.089500e+002  2.320177e-005
 6.095687e+002  2.130027e-005
 6.101875e+002  2.531284e-005
 6.108062e+002  2.612165e-005
 6.114250e+002  1.749968e-005
 6.120437e+002  1.855691e-005
 6.126625e+002  2.354163e-005
 6.132812e+002  1.782958e-005
 6.139000e+002  2.162793e-005
 6.145187e+002  2.182160e-005
 6.151375e+002  2.222741e-005
 6.157562e+002  2.280265e-005
 6.163750e+002  2.037197e-005
 6.169937e+002  1.888170e-005
 6.176125e+002  2.748076e-005
 6.182312e+002  2.887734e-005
 6.188500e+002  2.635001e-005
 6.194687e+002  3.014984e-005
 6.200875e+002  3.042390e-005
 6.207062e+002  2.350996e-005
 6.213250e+002  2.721529e-005
 6.219437e+002  2.273933e-005
 6.225625e+002  1.835828e-005
 6.231812e+002  1.662435e-005
 6.238000e+002  1.870339e-005
 6.244187e+002  2.378071e-005
 6.250375e+002  2.679547e-005
 6.256562e+002  2.473290e-005
 6.262750e+002  2.577974e-005
 6.268937e+002  2.137015e-005
 6.275125e+002  2.495067e-005
 6.281312e+002  1.998029e-005
 6.287500e+002  2.132209e-005
 6.293687e+002  2.343361e-005
 6.299875e+002  1.883226e-005
 6.306062e+002  2.048618e-005
 6.312250e+002  2.407591e-005
 6.318437e+002  2.618393e-005
 6.324625e+002  2.570358e-005
 6.330812e+002  2.140105e-005
 6.337000e+002  1.781131e-005
 6.343187e+002  2.223483e-005
 6.349375e+002  2.018035e-005
 6.355562e+002  2.465491e-005
 6.361750e+002  2.271133e-005
 6.367937e+002  2.405586e-005
 6.374125e+002  1.985613e-005
 6.380312e+002  2.414921e-005
 6.386500e+002  2.287930e-005
 6.392687e+002  1.856993e-005
 6.398875e+002  2.062068e-005
 6.405062e+002  2.020441e-005
 6.411250e+002  1.793582e-005
 6.417437e+002  2.222206e-005
 6.423625e+002  2.363770e-005
 6.429812e+002  2.126107e-005
 6.436000e+002  2.309459e-005
 6.442187e+002  2.281566e-005
 6.448375e+002  2.282989e-005
 6.454562e+002  1.957350e-005
 6.460750e+002  2.397365e-005
 6.466937e+002  2.270121e-005
 6.473125e+002  2.399522e-005
 6.479312e+002  2.605641e-005
 6.485500e+002  3.277772e-005
 6.491687e+002  2.886250e-004
 6.497875e+002  4.202535e-004
 6.504062e+002  1.529157e-004
 6.510250e+002  1.710925e-005
 6.516437e+002  2.373420e-005
 6.522625e+002  2.719299e-005
 6.528812e+002  1.660638e-005
 6.535000e+002  1.503526e-005
 6.541187e+002  1.799012e-005
 6.547375e+002  2.098491e-005
 6.553562e+002  2.420069e-005
 6.559750e+002  2.137582e-005
 6.565937e+002  2.056704e-005
 6.572125e+002  2.459911e-005
 6.578312e+002  2.411211e-005
 6.584500e+002  2.411306e-005
 6.590687e+002  2.427313e-005
 6.596875e+002  2.374198e-005
 6.603062e+002  2.611105e-005
 6.609250e+002  2.543153e-005
 6.615437e+002  2.209859e-005
 6.621625e+002  2.181475e-005
 6.627812e+002  2.341231e-005
 6.634000e+002  2.404443e-005
 6.640187e+002  2.225993e-005
 6.646375e+002  2.417251e-005
 6.652562e+002  2.810151e-005
 6.658750e+002  2.828304e-005
 6.664937e+002  1.969589e-005
 6.671125e+002  1.692746e-005
 6.677312e+002  1.558417e-005
 6.683500e+002  2.041772e-005
 6.689687e+002  2.650154e-005
 6.695875e+002  2.443576e-005
 6.702062e+002  2.321661e-005
 6.708250e+002  2.142900e-005
 6.714437e+002  2.079046e-005
 6.720625e+002  2.381435e-005
 6.726812e+002  2.136100e-005
 6.733000e+002  2.294650e-005
 6.739187e+002  2.068559e-005
 6.745375e+002  2.174457e-005
 6.751562e+002  2.551018e-005
 6.757750e+002  2.173067e-005
 6.763937e+002  1.983563e-005
 6.770125e+002  2.465858e-005
 6.776312e+002  2.417956e-005
 6.782500e+002  1.948469e-005
 6.788687e+002  1.941825e-005
 6.794875e+002  2.223562e-005
 6.801062e+002  2.068419e-005
 6.807250e+002  2.243106e-005
 6.813437e+002  2.370565e-005
 6.819625e+002  2.715615e-005
 6.825812e+002  2.450292e-005
 6.832000e+002  2.310241e-005
 6.838187e+002  2.305149e-005
 6.844375e+002  2.468441e-005
 6.850562e+002  2.545005e-005
 6.856750e+002  2.147981e-005
 6.862937e+002  1.834753e-005
 6.869125e+002  1.603439e-005
 6.875312e+002  1.636313e-005
 6.881500e+002  1.961484e-005
 6.887687e+002  1.893234e-005
 6.893875e+002  2.027735e-005
 6.900062e+002  1.958074e-005
 6.906250e+002  1.985911e-005
 6.912437e+002  2.114011e-005
 6.918625e+002  2.063612e-005
 6.924812e+002  1.698066e-005
 6.931000e+002  2.041250e-005
 6.937187e+002  2.132341e-005
 6.943375e+002  2.272726e-005
 6.949562e+002  2.895076e-005
 6.955750e+002  2.270908e-005
 6.961937e+002  1.999594e-005
 6.968125e+002  2.181175e-005
 6.974312e+002  2.018664e-005
 6.980500e+002  2.457337e-005
 6.986687e+002  4.245258e-005
 6.992875e+002  1.961514e-004
 6.999062e+002  2.045323e-004
 7.005250e+002  4.979822e-005
 7.011437e+002  1.980102e-005
 7.017625e+002  1.927273e-005
 7.023812e+002  2.029261e-005
 7.030000e+002  2.180462e-005
 7.036187e+002  2.341053e-005
 7.042375e+002  2.118041e-005
 7.048562e+002  2.186023e-005
 7.054750e+002  2.144349e-005
 7.060937e+002  2.092443e-005
 7.067125e+002  2.256707e-005
 7.073312e+002  2.190795e-005
 7.079500e+002  2.319103e-005
 7.085687e+002  2.176898e-005
 7.091875e+002  1.931835e-005
 7.098062e+002  2.241023e-005
 7.104250e+002  2.177757e-005
 7.110437e+002  2.014852e-005
 7.116625e+002  1.892834e-005
 7.122812e+002  2.122928e-005
 7.129000e+002  2.236801e-005
 7.135187e+002  1.865250e-005
 7.141375e+002  1.674101e-005
 7.147562e+002  2.044243e-005
 7.153750e+002  1.937832e-005
 7.159937e+002  1.715352e-005
 7.166125e+002  2.215282e-005
 7.172312e+002  1.964737e-005
 7.178500e+002  1.857840e-005
 7.184687e+002  2.216951e-005
 7.190875e+002  2.563961e-005
 7.197062e+002  2.336308e-005
 7.203250e+002  2.345171e-005
 7.209437e+002  2.724616e-005
 7.215625e+002  2.850374e-005
 7.221812e+002  2.316328e-005
 7.228000e+002  2.381624e-005
 7.234187e+002  2.215163e-005
 7.240375e+002  2.318861e-005
 7.246562e+002  2.632419e-005
 7.252750e+002  2.227396e-005
 7.258937e+002  2.040821e-005
 7.265125e+002  1.676926e-005
 7.271312e+002  1.930754e-005
 7.277500e+002  2.095428e-005
 7.283687e+002  1.962509e-005
 7.289875e+002  2.340002e-005
 7.296062e+002  2.716502e-005
 7.302250e+002  2.368949e-005
 7.308437e+002  2.336167e-005
 7.314625e+002  2.033369e-005
 7.320812e+002  2.180828e-005
 7.327000e+002  2.525139e-005
 7.333187e+002  2.328181e-005
 7.339375e+002  1.816980e-005
 7.345562e+002  1.746527e-005
 7.351750e+002  2.253448e-005
 7.357937e+002  2.096983e-005
 7.364125e+002  2.071762e-005
 7.370312e+002  2.035092e-005
 7.376500e+002  2.699517e-005
 7.382687e+002  2.355330e-005
 7.388875e+002  2.020503e-005
 7.395062e+002  2.018929e-005
 7.401250e+002  2.660778e-005
 7.407437e+002  2.343947e-005
 7.413625e+002  2.237889e-005
 7.419812e+002  2.281017e-005
 7.426000e+002  2.176671e-005
 7.432187e+002  1.852092e-005
 7.438375e+002  1.990787e-005
 7.444562e+002  2.607431e-005
 7.450750e+002  2.251689e-005
 7.456937e+002  2.209459e-005
 7.463125e+002  1.954295e-005
 7.469312e+002  2.308691e-005
 7.475500e+002  2.064704e-005
 7.481687e+002  2.249501e-005
 7.487875e+002  7.671251e-005
 7.494062e+002  2.433137e-004
 7.500250e+002  1.912339e-004
 7.506437e+002  3.153231e-005
 7.512625e+002  2.034325e-005
 7.518812e+002  2.150526e-005
 7.525000e+002  2.094951e-005
 7.531187e+002  1.895472e-005
 7.537375e+002  1.998178e-005
 7.543562e+002  2.296087e-005
 7.549750e+002  2.218724e-005
 7.555937e+002  1.831337e-005
 7.562125e+002  1.503463e-005
 7.568312e+002  2.196720e-005
 7.574500e+002  2.400773e-005
 7.580687e+002  1.826474e-005
 7.586875e+002  2.382074e-005
 7.593062e+002  2.396502e-005
 7.599250e+002  2.111222e-005
 7.605437e+002  1.897496e-005
 7.611625e+002  2.150066e-005
 7.617812e+002  2.122190e-005
 7.624000e+002  2.337158e-005
 7.630187e+002  2.248760e-005
 7.636375e+002  2.184311e-005
 7.642562e+002  2.259159e-005
 7.648750e+002  1.908997e-005
 7.654937e+002  1.785225e-005
 7.661125e+002  1.619691e-005
 7.667312e+002  1.725618e-005
 7.673500e+002  2.091827e-005
 7.679687e+002  1.471103e-005
 7.685875e+002  1.581187e-005
 7.692062e+002  1.926782e-005
 7.698250e+002  2.195819e-005
 7.704437e+002  1.762023e-005
 7.710625e+002  2.022577e-005
 7.716812e+002  2.372928e-005
 7.723000e+002  2.125164e-005
 7.729187e+002  2.046538e-005
 7.735375e+002  1.906738e-005
 7.741562e+002  1.811820e-005
 7.747750e+002  2.243959e-005
 7.753937e+002  2.264488e-005
 7.760125e+002  2.572181e-005
 7.766312e+002  2.567026e-005
 7.772500e+002  1.689406e-005
 7.778687e+002  2.418312e-005
 7.784875e+002  1.957038e-005
 7.791062e+002  1.976112e-005
 7.797250e+002  2.434591e-005
 7.803437e+002  2.231966e-005
 7.809625e+002  2.442867e-005
 7.815812e+002  1.916857e-005
 7.822000e+002  1.880116e-005
 7.828187e+002  2.377894e-005
 7.834375e+002  2.354146e-005
 7.840562e+002  2.311909e-005
 7.846750e+002  2.202032e-005
 7.852937e+002  1.934282e-005
 7.859125e+002  2.209066e-005
 7.865312e+002  1.987252e-005
 7.871500e+002  2.241407e-005
 7.877687e+002  2.367471e-005
 7.883875e+002  1.795246e-005
 7.890062e+002  1.980003e-005
 7.896250e+002  2.013135e-005
 7.902437e+002  1.912287e-005
 7.908625e+002  1.871727e-005
 7.914812e+002  1.974880e-005
 7.921000e+002  1.908325e-005
 7.927187e+002  1.978868e-005
 7.933375e+002  1.883497e-005
 7.939562e+002  1.872453e-005
 7.945750e+002  2.199721e-005
 7.951937e+002  2.443657e-005
 7.958125e+002  2.214536e-005
 7.964312e+002  2.036613e-005
 7.970500e+002  2.069262e-005
 7.976687e+002  2.110742e-005
 7.982875e+002  2.254229e-005
 7.989062e+002  7.087315e-005
 7.995250e+002  1.509874e-004
 8.001437e+002  8.455294e-005
 8.007625e+002  2.415325e-005
 8.013812e+002  2.164050e-005
 8.020000e+002  2.314653e-005
 8.026187e+002  2.302916e-005
 8.032375e+002  2.169394e-005
 8.038562e+002  2.221224e-005
 8.044750e+002  1.705395e-005
 8.050937e+002  1.533656e-005
 8.057125e+002  1.876670e-005
 8.063312e+002  1.915889e-005
 8.069500e+002  1.834032e-005
 8.075687e+002  1.896603e-005
 8.081875e+002  2.375427e-005
 8.088062e+002  2.353265e-005
 8.094250e+002  2.101717e-005
 8.100437e+002  1.756667e-005
 8.106625e+002  1.809855e-005
 8.112812e+002  2.459005e-005
 8.119000e+002  1.709961e-005
 8.125187e+002  2.152851e-005
 8.131375e+002  2.396696e-005
 8.137562e+002  2.608338e-005
 8.143750e+002  2.004639e-005
 8.149937e+002  1.568145e-005
 8.156125e+002  2.118691e-005
 8.162312e+002  1.919505e-005
 8.168500e+002  1.691011e-005
 8.174687e+002  1.875921e-005
 8.180875e+002  2.240068e-005
 8.187062e+002  2.266588e-005
 8.193250e+002  1.965696e-005
 8.199437e+002  2.347441e-005
 8.205625e+002  2.062907e-005
 8.211812e+002  2.039564e-005
 8.218000e+002  2.296187e-005
 8.224187e+002  2.332138e-005
 8.230375e+002  2.359093e-005
 8.236562e+002  2.216338e-005
 8.242750e+002  2.041605e-005
 8.248937e+002  2.335856e-005
 8.255125e+002  2.069206e-005
 8.261312e+002  2.629583e-005
 8.267500e+002  2.838378e-005
 8.273687e+002  2.544500e-005
 8.279875e+002  2.181821e-005
 8.286062e+002  1.827758e-005
 8.292250e+002  1.695112e-005
 8.298437e+002  1.845989e-005
 8.304625e+002  1.840429e-005
 8.310812e+002  1.937984e-005
 8.317000e+002  2.020345e-005
 8.323187e+002  2.370811e-005
 8.329375e+002  2.456649e-005
 8.335562e+002  2.129214e-005
 8.341750e+002  1.758974e-005
 8.347937e+002  2.042907e-005
 8.354125e+002  1.912878e-005
 8.360312e+002  2.179565e-005
 8.366500e+002  2.091202e-005
 8.372687e+002  1.758014e-005
 8.378875e+002  1.323488e-005
 8.385062e+002  1.962345e-005
 8.391250e+002  2.083922e-005
 8.397437e+002  1.932055e-005
 8.403625e+002  2.429296e-005
 8.409812e+002  2.203352e-005
 8.416000e+002  1.905750e-005
 8.422187e+002  2.183474e-005
 8.428375e+002  2.623602e-005
 8.434562e+002  2.163868e-005
 8.440750e+002  1.802421e-005
 8.446937e+002  1.970918e-005
 8.453125e+002  2.442548e-005
 8.459312e+002  2.260405e-005
 8.465500e+002  2.198464e-005
 8.471687e+002  2.205216e-005
 8.477875e+002  2.450722e-005
 8.484062e+002  2.942790e-005
 8.490250e+002  1.847985e-004
 8.496437e+002  2.841919e-004
 8.502625e+002  1.095577e-004
 8.508812e+002  2.178210e-005
 8.515000e+002  2.112341e-005
 8.521187e+002  1.968058e-005
 8.527375e+002  2.164411e-005
 8.533562e+002  2.024215e-005
 8.539750e+002  1.706376e-005
 8.545937e+002  1.541263e-005
 8.552125e+002  1.666380e-005
 8.558312e+002  2.232293e-005
 8.564500e+002  2.108072e-005
 8.570687e+002  2.227237e-005
 8.576875e+002  2.572844e-005
 8.583062e+002  1.920959e-005
 8.589250e+002  1.896352e-005
 8.595437e+002  2.244157e-005
 8.601625e+002  2.186639e-005
 8.607812e+002  2.040185e-005
 8.614000e+002  2.178872e-005
 8.620187e+002  2.587437e-005
 8.626375e+002  2.017321e-005
 8.632562e+002  1.898118e-005
 8.638750e+002  1.791974e-005
 8.644937e+002  2.563333e-005
 8.651125e+002  2.524197e-005
 8.657312e+002  2.320803e-005
 8.663500e+002  2.107206e-005
 8.669687e+002  2.260908e-005
 8.675875e+002  2.306985e-005
 8.682062e+002  2.107118e-005
 8.688250e+002  2.168009e-005
 8.694437e+002  2.515475e-005
 8.700625e+002  2.188249e-005
 8.706812e+002  2.354279e-005
 8.713000e+002  2.191822e-005
 8.719187e+002  1.944889e-005
 8.725375e+002  2.408043e-005
 8.731562e+002  1.973115e-005
 8.737750e+002  1.798736e-005
 8.743937e+002  1.759600e-005
 8.750125e+002  1.734110e-005
 8.756312e+002  1.809216e-005
 8.762500e+002  1.960683e-005
 8.768687e+002  1.906846e-005
 8.774875e+002  1.423476e-005
 8.781062e+002  1.715078e-005
 8.787250e+002  2.210949e-005
 8.793437e+002  2.232714e-005
 8.799625e+002  2.138039e-005
 8.805812e+002  2.774674e-005
 8.812000e+002  3.142280e-005
 8.818187e+002  1.909219e-005
 8.824375e+002  1.624254e-005
 8.830562e+002  1.732917e-005
 8.836750e+002  1.842744e-005
 8.842937e+002  2.067181e-005
 8.849125e+002  2.178220e-005
 8.855312e+002  2.557104e-005
 8.861500e+002  2.230362e-005
 8.867687e+002  1.989679e-005
 8.873875e+002  2.248049e-005
 8.880062e+002  2.062976e-005
 8.886250e+002  2.020937e-005
 8.892437e+002  1.874386e-005
 8.898625e+002  2.441580e-005
 8.904812e+002  2.288779e-005
 8.911000e+002  2.001752e-005
 8.917187e+002  2.045368e-005
 8.923375e+002  2.059520e-005
 8.929562e+002  2.591545e-005
 8.935750e+002  2.272607e-005
 8.941937e+002  1.937850e-005
 8.948125e+002  2.515967e-005
 8.954312e+002  1.539372e-005
 8.960500e+002  2.014135e-005
 8.966687e+002  2.121738e-005
 8.972875e+002  2.301889e-005
 8.979062e+002  2.407015e-005
 8.985250e+002  2.253661e-005
 8.991437e+002  9.732865e-005
 8.997625e+002  1.124133e-004
 9.003812e+002  3.761493e-005
 9.010000e+002  2.134906e-005
 9.016187e+002  2.512832e-005
 9.022375e+002  2.524818e-005
 9.028562e+002  2.085234e-005
 9.034750e+002  2.062386e-005
 9.040937e+002  2.057833e-005
 9.047125e+002  1.951240e-005
 9.053312e+002  1.899862e-005
 9.059500e+002  1.920392e-005
 9.065687e+002  2.130958e-005
 9.071875e+002  2.208636e-005
 9.078062e+002  2.125497e-005
 9.084250e+002  2.125799e-005
 9.090437e+002  2.246054e-005
 9.096625e+002  1.645550e-005
 9.102812e+002  2.006614e-005
 9.109000e+002  2.133529e-005
 9.115187e+002  2.199335e-005
 9.121375e+002  2.201946e-005
 9.127562e+002  1.785653e-005
 9.133750e+002  2.158491e-005
 9.139937e+002  2.485652e-005
 9.146125e+002  1.946832e-005
 9.152312e+002  2.142694e-005
 9.158500e+002  1.767679e-005
 9.164687e+002  1.974451e-005
 9.170875e+002  2.130779e-005
 9.177062e+002  2.046225e-005
 9.183250e+002  2.196461e-005
 9.189437e+002  1.629318e-005
 9.195625e+002  1.392232e-005
 9.201812e+002  1.957535e-005
 9.208000e+002  2.193072e-005
 9.214187e+002  2.052491e-005
 9.220375e+002  2.186705e-005
 9.226562e+002  2.440061e-005
 9.232750e+002  2.647102e-005
 9.238937e+002  2.066396e-005
 9.245125e+002  2.121845e-005
 9.251312e+002  1.954386e-005
 9.257500e+002  2.281150e-005
 9.263687e+002  2.436890e-005
 9.269875e+002  2.745986e-005
 9.276062e+002  2.360661e-005
 9.282250e+002  2.059930e-005
 9.288437e+002  2.121826e-005
 9.294625e+002  2.046264e-005
 9.300812e+002  2.120720e-005
 9.307000e+002  1.935550e-005
 9.313187e+002  2.104393e-005
 9.319375e+002  1.900737e-005
 9.325562e+002  1.640974e-005
 9.331750e+002  2.004249e-005
 9.337937e+002  1.946563e-005
 9.344125e+002  2.185740e-005
 9.350312e+002  2.547293e-005
 9.356500e+002  2.364270e-005
 9.362687e+002  2.162921e-005
 9.368875e+002  1.757855e-005
 9.375062e+002  2.215752e-005
 9.381250e+002  2.606326e-005
 9.387437e+002  2.023447e-005
 9.393625e+002  2.128177e-005
 9.399812e+002  2.089346e-005
 9.406000e+002  1.955793e-005
 9.412187e+002  1.975840e-005
 9.418375e+002  2.264101e-005
 9.424562e+002  2.457194e-005
 9.430750e+002  2.610580e-005
 9.436937e+002  2.073018e-005
 9.443125e+002  1.751192e-005
 9.449312e+002  2.456450e-005
 9.455500e+002  2.165727e-005
 9.461687e+002  2.110172e-005
 9.467875e+002  1.992405e-005
 9.474062e+002  2.026097e-005
 9.480250e+002  2.276522e-005
 9.486437e+002  6.948592e-005
 9.492625e+002  2.297775e-004
 9.498812e+002  1.886852e-004
 9.505000e+002  3.074216e-005
 9.511187e+002  2.156442e-005
 9.517375e+002  1.897872e-005
 9.523562e+002  2.257661e-005
 9.529750e+002  2.367823e-005
 9.535937e+002  1.933545e-005
 9.542125e+002  1.695531e-005
 9.548312e+002  1.984745e-005
 9.554500e+002  2.515952e-005
 9.560687e+002  2.437256e-005
 9.566875e+002  2.271006e-005
 9.573062e+002  2.880694e-005
 9.579250e+002  2.905350e-005
 9.585437e+002  1.934405e-005
 9.591625e+002  1.840049e-005
 9.597812e+002  2.079892e-005
 9.604000e+002  1.757008e-005
 9.610187e+002  2.385392e-005
 9.616375e+002  2.220201e-005
 9.622562e+002  2.153129e-005
 9.628750e+002  2.148039e-005
 9.634937e+002  2.435696e-005
 9.641125e+002  2.316320e-005
 9.647312e+002  2.252384e-005
 9.653500e+002  1.812742e-005
 9.659687e+002  1.903658e-005
 9.665875e+002  1.792448e-005
 9.672062e+002  1.728607e-005
 9.678250e+002  2.302200e-005
 9.684437e+002  2.234352e-005
 9.690625e+002  1.476307e-005
 9.696812e+002  1.739498e-005
 9.703000e+002  2.146977e-005
 9.709187e+002  2.091270e-005
 9.715375e+002  1.893198e-005
 9.721562e+002  2.063330e-005
 9.727750e+002  2.222352e-005
 9.733937e+002  2.029085e-005
 9.740125e+002  1.700443e-005
 9.746312e+002  1.624060e-005
 9.752500e+002  2.022582e-005
 9.758687e+002  2.592032e-005
 9.764875e+002  2.171984e-005
 9.771062e+002  1.436265e-005
 9.777250e+002  1.681056e-005
 9.783437e+002  1.956966e-005
 9.789625e+002  2.877075e-005
 9.795812e+002  3.016664e-005
 9.802000e+002  2.347708e-005
 9.808187e+002  2.088821e-005
 9.814375e+002  1.938894e-005
 9.820562e+002  2.082549e-005
 9.826750e+002  1.926227e-005
 9.832937e+002  1.711771e-005
 9.839125e+002  2.108925e-005
 9.845312e+002  1.898987e-005
 9.851500e+002  1.746720e-005
 9.857687e+002  1.772567e-005
 9.863875e+002  1.718697e-005
 9.870062e+002  1.370497e-005
 9.876250e+002  1.555171e-005
 9.882437e+002  1.891147e-005
 9.888625e+002  2.093308e-005
 9.894812e+002  1.999557e-005
 9.901000e+002  2.332384e-005
 9.907187e+002  1.819835e-005
 9.913375e+002  1.622420e-005
 9.919562e+002  2.035305e-005
 9.925750e+002  1.893172e-005
 9.931937e+002  2.451709e-005
 9.938125e+002  2.579243e-005
 9.944312e+002  2.486869e-005
 9.950500e+002  2.095636e-005
 9.956687e+002  2.217776e-005
 9.962875e+002  2.219788e-005
 9.969062e+002  1.922609e-005
 9.975250e+002  2.333848e-005
 9.981437e+002  2.721997e-005
 9.987625e+002  5.835808e-005
 9.993812e+002  1.281938e-004
 1.000000e+003  8.227502e-005
