 1.000000e+000  8.212138e-004
 1.247500e+000  6.835182e-004
 1.495000e+000  7.818780e-004
 1.742500e+000  6.013565e-004
 1.990000e+000  4.659768e-004
 2.237500e+000  5.231437e-004
 2.485000e+000  5.091820e-004
 2.732500e+000  7.450586e-004
 2.980000e+000  8.045794e-004
 3.227500e+000  8.577396e-004
 3.475000e+000  7.484658e-004
 3.722500e+000  4.803640e-004
 3.970000e+000  4.100729e-004
 4.217500e+000  2.088675e-004
 4.465000e+000  3.485756e-004
 4.712500e+000  4.144242e-004
 4.960000e+000  4.052394e-004
 5.207500e+000  2.478557e-004
 5.455000e+000  2.582151e-004
 5.702500e+000  1.915939e-004
 5.950000e+000  2.493939e-004
 6.197500e+000  2.763762e-004
 6.445000e+000  3.098035e-004
 6.692500e+000  2.952321e-004
 6.940000e+000  2.312032e-004
 7.187500e+000  3.048111e-004
 7.435000e+000  2.639263e-004
 7.682500e+000  3.545662e-004
 7.930000e+000  3.406501e-004
 8.177500e+000  3.168304e-004
 8.425000e+000  2.708325e-004
 8.672500e+000  3.376875e-004
 8.920000e+000  1.835876e-004
 9.167500e+000  1.625776e-004
 9.415000e+000  1.846184e-004
 9.662500e+000  2.421031e-004
 9.910000e+000  1.913633e-004
 1.015750e+001  2.587625e-004
 1.040500e+001  3.489380e-004
 1.065250e+001  2.741302e-004
 1.090000e+001  2.527244e-004
 1.114750e+001  1.831126e-004
 1.139500e+001  1.264125e-004
 1.164250e+001  2.368570e-004
 1.189000e+001  2.545542e-004
 1.213750e+001  2.685032e-004
 1.238500e+001  3.242239e-004
 1.263250e+001  2.504949e-004
 1.288000e+001  2.852028e-004
 1.312750e+001  2.046311e-004
 1.337500e+001  2.339931e-004
 1.362250e+001  2.508958e-004
 1.387000e+001  1.916476e-004
 1.411750e+001  2.838564e-004
 1.436500e+001  2.751796e-004
 1.461250e+001  2.002717e-004
 1.486000e+001  1.449238e-004
 1.510750e+001  2.260127e-004
 1.535500e+001  2.980278e-004
 1.560250e+001  2.232813e-004
 1.585000e+001  1.770831e-004
 1.609750e+001  8.374684e-005
 1.634500e+001  1.584439e-004
 1.659250e+001  1.968618e-004
 1.684000e+001  1.708458e-004
 1.708750e+001  1.443630e-004
 1.733500e+001  1.936796e-004
 1.758250e+001  2.239944e-004
 1.783000e+001  2.623093e-004
 1.807750e+001  2.856018e-004
 1.832500e+001  2.133209e-004
 1.857250e+001  2.277336e-004
 1.882000e+001  2.656644e-004
 1.906750e+001  1.861017e-004
 1.931500e+001  1.352608e-004
 1.956250e+001  1.493988e-004
 1.981000e+001  1.540516e-004
 2.005750e+001  1.616623e-004
 2.030500e+001  1.841792e-004
 2.055250e+001  1.815863e-004
 2.080000e+001  1.281163e-004
 2.104750e+001  8.868344e-005
 2.129500e+001  1.254959e-004
 2.154250e+001  1.856300e-004
 2.179000e+001  2.006480e-004
 2.203750e+001  2.413859e-004
 2.228500e+001  2.402283e-004
 2.253250e+001  1.722525e-004
 2.278000e+001  1.547594e-004
 2.302750e+001  1.329105e-004
 2.327500e+001  2.126469e-004
 2.352250e+001  1.819976e-004
 2.377000e+001  1.686507e-004
 2.401750e+001  1.786250e-004
 2.426500e+001  1.933831e-004
 2.451250e+001  1.279822e-004
 2.476000e+001  1.412939e-004
 2.500750e+001  1.833612e-004
 2.525500e+001  2.471231e-004
 2.550250e+001  1.725173e-004
 2.575000e+001  1.474264e-004
 2.599750e+001  2.202883e-004
 2.624500e+001  2.472021e-004
 2.649250e+001  1.976425e-004
 2.674000e+001  1.890623e-004
 2.698750e+001  1.316207e-004
 2.723500e+001  1.640081e-004
 2.748250e+001  1.927462e-004
 2.773000e+001  9.872754e-005
 2.797750e+001  1.198865e-004
 2.822500e+001  1.366190e-004
 2.847250e+001  1.628843e-004
 2.872000e+001  1.379201e-004
 2.896750e+001  1.215260e-004
 2.921500e+001  9.025881e-005
 2.946250e+001  1.421411e-004
 2.971000e+001  1.029630e-004
 2.995750e+001  9.851561e-005
 3.020500e+001  5.511076e-005
 3.045250e+001  1.666589e-004
 3.070000e+001  1.533474e-004
 3.094750e+001  1.481490e-004
 3.119500e+001  1.179716e-004
 3.144250e+001  1.073863e-004
 3.169000e+001  1.874035e-004
 3.193750e+001  2.190272e-004
 3.218500e+001  1.610841e-004
 3.243250e+001  1.185324e-004
 3.268000e+001  6.728869e-005
 3.292750e+001  1.143705e-004
 3.317500e+001  1.542868e-004
 3.342250e+001  9.073848e-005
 3.367000e+001  1.521868e-004
 3.391750e+001  1.420889e-004
 3.416500e+001  1.183289e-004
 3.441250e+001  8.556316e-005
 3.466000e+001  8.962496e-005
 3.490750e+001  9.308423e-005
 3.515500e+001  1.191100e-004
 3.540250e+001  1.709598e-004
 3.565000e+001  1.702964e-004
 3.589750e+001  1.455872e-004
 3.614500e+001  1.786342e-004
 3.639250e+001  1.664441e-004
 3.664000e+001  1.243831e-004
 3.688750e+001  1.361696e-004
 3.713500e+001  1.175829e-004
 3.738250e+001  1.412895e-004
 3.763000e+001  1.735956e-004
 3.787750e+001  1.569083e-004
 3.812500e+001  1.467835e-004
 3.837250e+001  1.425900e-004
 3.862000e+001  1.126952e-004
 3.886750e+001  1.372675e-004
 3.911500e+001  1.689744e-004
 3.936250e+001  2.255583e-004
 3.961000e+001  1.481950e-004
 3.985750e+001  1.571059e-004
 4.010500e+001  1.125116e-004
 4.035250e+001  1.709258e-004
 4.060000e+001  1.122194e-004
 4.084750e+001  6.893543e-005
 4.109500e+001  1.192267e-004
 4.134250e+001  1.650490e-004
 4.159000e+001  1.958174e-004
 4.183750e+001  1.162017e-004
 4.208500e+001  1.360512e-004
 4.233250e+001  2.116665e-004
 4.258000e+001  2.739088e-004
 4.282750e+001  2.863275e-004
 4.307500e+001  1.368400e-004
 4.332250e+001  9.777097e-005
 4.357000e+001  9.180363e-005
 4.381750e+001  1.211572e-004
 4.406500e+001  9.445152e-005
 4.431250e+001  9.141299e-005
 4.456000e+001  8.417925e-005
 4.480750e+001  5.661800e-005
 4.505500e+001  1.214971e-004
 4.530250e+001  1.744175e-004
 4.555000e+001  1.529407e-004
 4.579750e+001  1.017508e-004
 4.604500e+001  6.092673e-005
 4.629250e+001  1.056187e-004
 4.654000e+001  1.013113e-004
 4.678750e+001  1.290963e-004
 4.703500e+001  1.271994e-004
 4.728250e+001  7.510883e-005
 4.753000e+001  7.272271e-005
 4.777750e+001  7.618670e-005
 4.802500e+001  8.108302e-005
 4.827250e+001  1.239053e-004
 4.852000e+001  1.591010e-004
 4.876750e+001  1.845601e-004
 4.901500e+001  1.920684e-004
 4.926250e+001  1.615364e-004
 4.951000e+001  4.547633e-004
 4.975750e+001  8.153035e-003
 5.000500e+001  1.328203e-002
 5.025250e+001  5.360279e-003
 5.050000e+001  2.303973e-004
 5.074750e+001  7.647047e-005
 5.099500e+001  1.185152e-004
 5.124250e+001  1.053460e-004
 5.149000e+001  9.646738e-005
 5.173750e+001  8.699905e-005
 5.198500e+001  1.096112e-004
 5.223250e+001  1.458985e-004
 5.248000e+001  1.129283e-004
 5.272750e+001  6.688395e-005
 5.297500e+001  7.773183e-005
 5.322250e+001  1.077954e-004
 5.347000e+001  7.497245e-005
 5.371750e+001  6.460040e-005
 5.396500e+001  9.274132e-005
 5.421250e+001  1.019331e-004
 5.446000e+001  8.888712e-005
 5.470750e+001  1.037783e-004
 5.495500e+001  1.056065e-004
 5.520250e+001  8.937852e-005
 5.545000e+001  6.640309e-005
 5.569750e+001  8.576308e-005
 5.594500e+001  8.946218e-005
 5.619250e+001  1.038996e-004
 5.644000e+001  1.070757e-004
 5.668750e+001  1.095772e-004
 5.693500e+001  1.196369e-004
 5.718250e+001  9.927278e-005
 5.743000e+001  1.019083e-004
 5.767750e+001  1.304175e-004
 5.792500e+001  9.292804e-005
 5.817250e+001  1.001769e-004
 5.842000e+001  1.174302e-004
 5.866750e+001  8.012928e-005
 5.891500e+001  7.882701e-005
 5.916250e+001  1.257782e-004
 5.941000e+001  1.139306e-004
 5.965750e+001  9.292058e-005
 5.990500e+001  6.858338e-005
 6.015250e+001  6.606339e-005
 6.040000e+001  1.259794e-004
 6.064750e+001  1.171535e-004
 6.089500e+001  9.056867e-005
 6.114250e+001  8.840582e-005
 6.139000e+001  8.081113e-005
 6.163750e+001  1.130159e-004
 6.188500e+001  7.561977e-005
 6.213250e+001  6.322753e-005
 6.238000e+001  7.712147e-005
 6.262750e+001  8.046018e-005
 6.287500e+001  8.024751e-005
 6.312250e+001  5.365334e-005
 6.337000e+001  5.764808e-005
 6.361750e+001  7.763618e-005
 6.386500e+001  1.006260e-004
 6.411250e+001  1.054630e-004
 6.436000e+001  9.609677e-005
 6.460750e+001  8.451005e-005
 6.485500e+001  8.918141e-005
 6.510250e+001  6.173763e-005
 6.535000e+001  1.168714e-004
 6.559750e+001  9.196951e-005
 6.584500e+001  7.467831e-005
 6.609250e+001  9.449992e-005
 6.634000e+001  1.187556e-004
 6.658750e+001  8.289669e-005
 6.683500e+001  7.163031e-005
 6.708250e+001  1.040433e-004
 6.733000e+001  1.349157e-004
 6.757750e+001  1.141756e-004
 6.782500e+001  6.490588e-005
 6.807250e+001  4.303700e-005
 6.832000e+001  7.222144e-005
 6.856750e+001  9.300383e-005
 6.881500e+001  1.186200e-004
 6.906250e+001  8.754691e-005
 6.931000e+001  7.255622e-005
 6.955750e+001  7.106655e-005
 6.980500e+001  9.367078e-005
 7.005250e+001  1.084868e-004
 7.030000e+001  9.446627e-005
 7.054750e+001  4.331342e-005
 7.079500e+001  7.125722e-005
 7.104250e+001  7.026474e-005
 7.129000e+001  1.068932e-004
 7.153750e+001  7.271421e-005
 7.178500e+001  7.785782e-005
 7.203250e+001  8.977905e-005
 7.228000e+001  9.622147e-005
 7.252750e+001  9.205056e-005
 7.277500e+001  9.470528e-005
 7.302250e+001  9.338436e-005
 7.327000e+001  6.670034e-005
 7.351750e+001  6.672836e-005
 7.376500e+001  7.244387e-005
 7.401250e+001  8.627538e-005
 7.426000e+001  8.114000e-005
 7.450750e+001  9.885098e-005
 7.475500e+001  1.030294e-004
 7.500250e+001  1.377539e-004
 7.525000e+001  1.835835e-004
 7.549750e+001  2.988727e-004
 7.574500e+001  2.219529e-004
 7.599250e+001  6.119327e-005
 7.624000e+001  4.354005e-005
 7.648750e+001  7.887608e-005
 7.673500e+001  8.912751e-005
 7.698250e+001  7.021316e-005
 7.723000e+001  5.900350e-005
 7.747750e+001  6.922097e-005
 7.772500e+001  6.516678e-005
 7.797250e+001  6.321012e-005
 7.822000e+001  4.033628e-005
 7.846750e+001  1.012042e-004
 7.871500e+001  1.173814e-004
 7.896250e+001  9.414287e-005
 7.921000e+001  7.402666e-005
 7.945750e+001  7.482446e-005
 7.970500e+001  9.978004e-005
 7.995250e+001  8.475284e-005
 8.020000e+001  9.421032e-005
 8.044750e+001  8.287856e-005
 8.069500e+001  4.282267e-005
 8.094250e+001  6.527868e-005
 8.119000e+001  7.688094e-005
 8.143750e+001  7.595403e-005
 8.168500e+001  8.446485e-005
 8.193250e+001  7.372013e-005
 8.218000e+001  6.913071e-005
 8.242750e+001  8.276606e-005
 8.267500e+001  5.819236e-005
 8.292250e+001  8.308700e-005
 8.317000e+001  7.526119e-005
 8.341750e+001  4.030365e-005
 8.366500e+001  4.573068e-005
 8.391250e+001  8.499400e-005
 8.416000e+001  7.853584e-005
 8.440750e+001  9.176604e-005
 8.465500e+001  7.926933e-005
 8.490250e+001  5.819828e-005
 8.515000e+001  5.444989e-005
 8.539750e+001  4.359672e-005
 8.564500e+001  6.286725e-005
 8.589250e+001  7.446627e-005
 8.614000e+001  7.059272e-005
 8.638750e+001  6.584878e-005
 8.663500e+001  6.952832e-005
 8.688250e+001  7.936294e-005
 8.713000e+001  6.707327e-005
 8.737750e+001  7.969849e-005
 8.762500e+001  1.049162e-004
 8.787250e+001  8.672768e-005
 8.812000e+001  4.518423e-005
 8.836750e+001  4.622055e-005
 8.861500e+001  4.054756e-005
 8.886250e+001  5.355025e-005
 8.911000e+001  5.482496e-005
 8.935750e+001  2.899774e-005
 8.960500e+001  3.573746e-005
 8.985250e+001  3.584728e-005
 9.010000e+001  3.540635e-005
 9.034750e+001  6.590735e-005
 9.059500e+001  6.065112e-005
 9.084250e+001  7.772920e-005
 9.109000e+001  7.599676e-005
 9.133750e+001  7.773093e-005
 9.158500e+001  1.239673e-004
 9.183250e+001  7.358781e-005
 9.208000e+001  5.609306e-005
 9.232750e+001  5.441147e-005
 9.257500e+001  6.601776e-005
 9.282250e+001  3.213608e-005
 9.307000e+001  7.191962e-005
 9.331750e+001  5.922140e-005
 9.356500e+001  8.574786e-005
 9.381250e+001  8.146482e-005
 9.406000e+001  7.751914e-005
 9.430750e+001  7.302361e-005
 9.455500e+001  4.216080e-005
 9.480250e+001  3.551367e-005
 9.505000e+001  7.049221e-005
 9.529750e+001  7.823209e-005
 9.554500e+001  7.945224e-005
 9.579250e+001  5.020565e-005
 9.604000e+001  7.824903e-005
 9.628750e+001  7.487057e-005
 9.653500e+001  5.619840e-005
 9.678250e+001  4.317857e-005
 9.703000e+001  6.176546e-005
 9.727750e+001  5.551358e-005
 9.752500e+001  6.867293e-005
 9.777250e+001  3.331828e-005
 9.802000e+001  3.054238e-005
 9.826750e+001  3.395042e-005
 9.851500e+001  5.402760e-005
 9.876250e+001  5.487198e-005
 9.901000e+001  5.324375e-005
 9.925750e+001  6.565916e-005
 9.950500e+001  6.064981e-005
 9.975250e+001  1.603397e-004
 1.000000e+002  2.235352e-004
