 1.000000e+001  6.133115e-004
 1.061875e+001  6.383246e-004
 1.123750e+001  5.669656e-004
 1.185625e+001  4.992410e-004
 1.247500e+001  4.424870e-004
 1.309375e+001  4.808755e-004
 1.371250e+001  4.707243e-004
 1.433125e+001  4.945550e-004
 1.495000e+001  5.909510e-004
 1.556875e+001  4.928013e-004
 1.618750e+001  4.337379e-004
 1.680625e+001  4.968680e-004
 1.742500e+001  5.474203e-004
 1.804375e+001  4.661231e-004
 1.866250e+001  4.110293e-004
 1.928125e+001  5.306644e-004
 1.990000e+001  4.668766e-004
 2.051875e+001  4.103758e-004
 2.113750e+001  3.600448e-004
 2.175625e+001  3.510820e-004
 2.237500e+001  3.459347e-004
 2.299375e+001  4.020833e-004
 2.361250e+001  4.533554e-004
 2.423125e+001  4.263427e-004
 2.485000e+001  4.076588e-004
 2.546875e+001  4.303580e-004
 2.608750e+001  4.631931e-004
 2.670625e+001  4.838535e-004
 2.732500e+001  4.009832e-004
 2.794375e+001  3.061248e-004
 2.856250e+001  3.223389e-004
 2.918125e+001  3.773224e-004
 2.980000e+001  3.540111e-004
 3.041875e+001  2.693457e-004
 3.103750e+001  3.028075e-004
 3.165625e+001  3.040623e-004
 3.227500e+001  2.838216e-004
 3.289375e+001  3.203760e-004
 3.351250e+001  2.512212e-004
 3.413125e+001  3.177666e-004
 3.475000e+001  3.436236e-004
 3.536875e+001  2.993561e-004
 3.598750e+001  2.669563e-004
 3.660625e+001  2.887907e-004
 3.722500e+001  3.089109e-004
 3.784375e+001  3.472202e-004
 3.846250e+001  3.083630e-004
 3.908125e+001  2.869878e-004
 3.970000e+001  3.162356e-004
 4.031875e+001  2.729683e-004
 4.093750e+001  2.736234e-004
 4.155625e+001  3.218665e-004
 4.217500e+001  3.773241e-004
 4.279375e+001  4.411327e-004
 4.341250e+001  2.836900e-004
 4.403125e+001  2.737669e-004
 4.465000e+001  2.608749e-004
 4.526875e+001  3.056862e-004
 4.588750e+001  2.853695e-004
 4.650625e+001  2.995361e-004
 4.712500e+001  2.702505e-004
 4.774375e+001  2.421025e-004
 4.836250e+001  4.137500e-004
 4.898125e+001  1.786946e-003
 4.960000e+001  1.254268e-002
 5.021875e+001  1.488823e-002
 5.083750e+001  3.937174e-003
 5.145625e+001  5.437377e-004
 5.207500e+001  2.487251e-004
 5.269375e+001  2.243747e-004
 5.331250e+001  2.624165e-004
 5.393125e+001  2.296249e-004
 5.455000e+001  2.136363e-004
 5.516875e+001  2.227638e-004
 5.578750e+001  2.278783e-004
 5.640625e+001  2.113578e-004
 5.702500e+001  2.140289e-004
 5.764375e+001  2.010241e-004
 5.826250e+001  2.299437e-004
 5.888125e+001  2.056990e-004
 5.950000e+001  1.944022e-004
 6.011875e+001  2.387526e-004
 6.073750e+001  1.941428e-004
 6.135625e+001  2.177362e-004
 6.197500e+001  2.094676e-004
 6.259375e+001  2.281735e-004
 6.321250e+001  2.613048e-004
 6.383125e+001  2.475982e-004
 6.445000e+001  2.743654e-004
 6.506875e+001  2.684043e-004
 6.568750e+001  2.341917e-004
 6.630625e+001  2.480040e-004
 6.692500e+001  2.676926e-004
 6.754375e+001  2.487777e-004
 6.816250e+001  2.403550e-004
 6.878125e+001  2.536390e-004
 6.940000e+001  2.377318e-004
 7.001875e+001  2.463800e-004
 7.063750e+001  2.516247e-004
 7.125625e+001  1.891023e-004
 7.187500e+001  2.164217e-004
 7.249375e+001  2.245494e-004
 7.311250e+001  2.428325e-004
 7.373125e+001  2.172955e-004
 7.435000e+001  1.893829e-004
 7.496875e+001  3.342860e-004
 7.558750e+001  5.913251e-004
 7.620625e+001  3.809251e-004
 7.682500e+001  2.189285e-004
 7.744375e+001  2.263181e-004
 7.806250e+001  2.460379e-004
 7.868125e+001  2.439565e-004
 7.930000e+001  2.052506e-004
 7.991875e+001  1.821496e-004
 8.053750e+001  1.847155e-004
 8.115625e+001  2.095030e-004
 8.177500e+001  1.971569e-004
 8.239375e+001  2.163497e-004
 8.301250e+001  2.031782e-004
 8.363125e+001  1.853811e-004
 8.425000e+001  1.925182e-004
 8.486875e+001  1.729220e-004
 8.548750e+001  1.947889e-004
 8.610625e+001  1.997542e-004
 8.672500e+001  1.760197e-004
 8.734375e+001  1.738835e-004
 8.796250e+001  1.778757e-004
 8.858125e+001  2.038946e-004
 8.920000e+001  1.932871e-004
 8.981875e+001  1.955566e-004
 9.043750e+001  1.704615e-004
 9.105625e+001  2.443081e-004
 9.167500e+001  2.783554e-004
 9.229375e+001  1.797559e-004
 9.291250e+001  1.769086e-004
 9.353125e+001  1.903812e-004
 9.415000e+001  1.738877e-004
 9.476875e+001  1.658150e-004
 9.538750e+001  2.184716e-004
 9.600625e+001  1.627536e-004
 9.662500e+001  1.586545e-004
 9.724375e+001  1.760618e-004
 9.786250e+001  1.601900e-004
 9.848125e+001  2.064158e-004
 9.910000e+001  2.272619e-004
 9.971875e+001  4.306251e-004
 1.003375e+002  3.798281e-004
 1.009563e+002  2.112457e-004
 1.015750e+002  2.305377e-004
 1.021938e+002  2.044515e-004
 1.028125e+002  1.956870e-004
 1.034313e+002  2.023938e-004
 1.040500e+002  1.838527e-004
 1.046688e+002  1.777380e-004
 1.052875e+002  1.655295e-004
 1.059063e+002  1.691570e-004
 1.065250e+002  2.077586e-004
 1.071438e+002  2.012087e-004
 1.077625e+002  1.747108e-004
 1.083813e+002  1.796884e-004
 1.090000e+002  1.723514e-004
 1.096188e+002  1.689019e-004
 1.102375e+002  1.697026e-004
 1.108563e+002  1.372918e-004
 1.114750e+002  1.489244e-004
 1.120938e+002  1.779124e-004
 1.127125e+002  1.921504e-004
 1.133313e+002  1.719689e-004
 1.139500e+002  1.590888e-004
 1.145688e+002  1.759735e-004
 1.151875e+002  1.983068e-004
 1.158063e+002  1.648650e-004
 1.164250e+002  1.734505e-004
 1.170438e+002  1.888243e-004
 1.176625e+002  1.752451e-004
 1.182813e+002  1.784947e-004
 1.189000e+002  1.797184e-004
 1.195188e+002  1.745964e-004
 1.201375e+002  1.522596e-004
 1.207563e+002  1.689377e-004
 1.213750e+002  1.928335e-004
 1.219938e+002  1.820564e-004
 1.226125e+002  1.471928e-004
 1.232313e+002  1.888792e-004
 1.238500e+002  2.001421e-004
 1.244688e+002  1.636050e-004
 1.250875e+002  1.670800e-004
 1.257063e+002  1.663440e-004
 1.263250e+002  1.697698e-004
 1.269438e+002  1.794794e-004
 1.275625e+002  1.800245e-004
 1.281813e+002  1.813644e-004
 1.288000e+002  1.668735e-004
 1.294188e+002  1.622382e-004
 1.300375e+002  1.744010e-004
 1.306563e+002  1.722304e-004
 1.312750e+002  1.519691e-004
 1.318938e+002  1.800349e-004
 1.325125e+002  1.894178e-004
 1.331313e+002  1.696784e-004
 1.337500e+002  1.590863e-004
 1.343688e+002  1.640360e-004
 1.349875e+002  1.627305e-004
 1.356063e+002  1.459730e-004
 1.362250e+002  1.441806e-004
 1.368438e+002  1.560894e-004
 1.374625e+002  1.783833e-004
 1.380813e+002  1.864355e-004
 1.387000e+002  1.781640e-004
 1.393188e+002  1.740956e-004
 1.399375e+002  1.772952e-004
 1.405563e+002  1.989927e-004
 1.411750e+002  1.645803e-004
 1.417938e+002  1.589930e-004
 1.424125e+002  1.620347e-004
 1.430313e+002  1.677319e-004
 1.436500e+002  1.828732e-004
 1.442688e+002  1.775105e-004
 1.448875e+002  1.830426e-004
 1.455063e+002  1.990468e-004
 1.461250e+002  1.884304e-004
 1.467438e+002  1.451638e-004
 1.473625e+002  1.673707e-004
 1.479813e+002  1.869780e-004
 1.486000e+002  4.094402e-004
 1.492188e+002  4.858756e-003
 1.498375e+002  1.375984e-002
 1.504563e+002  9.360384e-003
 1.510750e+002  7.521726e-004
 1.516938e+002  2.084468e-004
 1.523125e+002  1.867376e-004
 1.529313e+002  1.797248e-004
 1.535500e+002  1.639277e-004
 1.541688e+002  1.638973e-004
 1.547875e+002  1.496414e-004
 1.554063e+002  1.607569e-004
 1.560250e+002  1.571890e-004
 1.566438e+002  1.390604e-004
 1.572625e+002  1.500385e-004
 1.578813e+002  1.419283e-004
 1.585000e+002  1.744503e-004
 1.591188e+002  1.884923e-004
 1.597375e+002  1.686724e-004
 1.603563e+002  1.557316e-004
 1.609750e+002  1.429174e-004
 1.615938e+002  1.205503e-004
 1.622125e+002  1.379055e-004
 1.628313e+002  1.756697e-004
 1.634500e+002  1.727547e-004
 1.640688e+002  1.546813e-004
 1.646875e+002  1.469284e-004
 1.653063e+002  1.403914e-004
 1.659250e+002  1.221985e-004
 1.665438e+002  1.360155e-004
 1.671625e+002  1.396221e-004
 1.677813e+002  1.559000e-004
 1.684000e+002  1.422370e-004
 1.690188e+002  1.475126e-004
 1.696375e+002  1.523190e-004
 1.702563e+002  1.697777e-004
 1.708750e+002  1.737803e-004
 1.714938e+002  1.424289e-004
 1.721125e+002  1.470493e-004
 1.727313e+002  1.594692e-004
 1.733500e+002  1.526067e-004
 1.739688e+002  1.869705e-004
 1.745875e+002  1.845620e-004
 1.752063e+002  2.025696e-004
 1.758250e+002  1.542430e-004
 1.764438e+002  1.385002e-004
 1.770625e+002  1.341456e-004
 1.776813e+002  1.308697e-004
 1.783000e+002  1.292444e-004
 1.789188e+002  1.425598e-004
 1.795375e+002  1.680739e-004
 1.801563e+002  1.414428e-004
 1.807750e+002  1.381642e-004
 1.813938e+002  1.230569e-004
 1.820125e+002  1.142483e-004
 1.826313e+002  1.399805e-004
 1.832500e+002  1.453268e-004
 1.838688e+002  1.358004e-004
 1.844875e+002  1.650547e-004
 1.851063e+002  1.517053e-004
 1.857250e+002  1.252881e-004
 1.863438e+002  1.318781e-004
 1.869625e+002  1.494776e-004
 1.875813e+002  1.649937e-004
 1.882000e+002  1.422685e-004
 1.888188e+002  9.966373e-005
 1.894375e+002  1.395005e-004
 1.900563e+002  1.556389e-004
 1.906750e+002  1.379257e-004
 1.912938e+002  1.127363e-004
 1.919125e+002  1.297033e-004
 1.925313e+002  1.648343e-004
 1.931500e+002  1.628995e-004
 1.937688e+002  1.393969e-004
 1.943875e+002  1.377551e-004
 1.950063e+002  1.331983e-004
 1.956250e+002  1.646313e-004
 1.962438e+002  1.637392e-004
 1.968625e+002  1.487836e-004
 1.974813e+002  1.511882e-004
 1.981000e+002  1.372473e-004
 1.987188e+002  1.428971e-004
 1.993375e+002  2.219350e-004
 1.999563e+002  4.503040e-004
 2.005750e+002  2.652554e-004
 2.011938e+002  1.315421e-004
 2.018125e+002  1.501059e-004
 2.024313e+002  1.432836e-004
 2.030500e+002  1.303176e-004
 2.036688e+002  1.512473e-004
 2.042875e+002  1.738954e-004
 2.049063e+002  1.404726e-004
 2.055250e+002  1.405285e-004
 2.061438e+002  1.419165e-004
 2.067625e+002  1.613791e-004
 2.073813e+002  1.573642e-004
 2.080000e+002  1.477317e-004
 2.086188e+002  1.413369e-004
 2.092375e+002  1.429825e-004
 2.098563e+002  1.393084e-004
 2.104750e+002  1.333021e-004
 2.110938e+002  1.291563e-004
 2.117125e+002  1.428103e-004
 2.123313e+002  1.405436e-004
 2.129500e+002  1.202624e-004
 2.135688e+002  1.462173e-004
 2.141875e+002  1.191904e-004
 2.148063e+002  1.339725e-004
 2.154250e+002  1.566713e-004
 2.160438e+002  1.669416e-004
 2.166625e+002  1.531045e-004
 2.172813e+002  1.520330e-004
 2.179000e+002  1.409361e-004
 2.185188e+002  1.410104e-004
 2.191375e+002  1.333474e-004
 2.197563e+002  1.108515e-004
 2.203750e+002  1.257522e-004
 2.209938e+002  1.264857e-004
 2.216125e+002  1.443382e-004
 2.222313e+002  1.550839e-004
 2.228500e+002  1.472685e-004
 2.234688e+002  1.556938e-004
 2.240875e+002  1.653984e-004
 2.247063e+002  1.631087e-004
 2.253250e+002  1.422631e-004
 2.259438e+002  1.497904e-004
 2.265625e+002  1.318752e-004
 2.271813e+002  1.465945e-004
 2.278000e+002  1.503375e-004
 2.284188e+002  1.522325e-004
 2.290375e+002  1.503529e-004
 2.296563e+002  1.600591e-004
 2.302750e+002  1.374237e-004
 2.308938e+002  1.459189e-004
 2.315125e+002  1.362306e-004
 2.321313e+002  1.100547e-004
 2.327500e+002  1.404574e-004
 2.333688e+002  1.462355e-004
 2.339875e+002  1.483581e-004
 2.346063e+002  1.605139e-004
 2.352250e+002  1.722080e-004
 2.358438e+002  1.599241e-004
 2.364625e+002  1.129003e-004
 2.370813e+002  1.193849e-004
 2.377000e+002  1.342518e-004
 2.383188e+002  1.578088e-004
 2.389375e+002  1.310799e-004
 2.395563e+002  1.252785e-004
 2.401750e+002  1.614430e-004
 2.407938e+002  1.328767e-004
 2.414125e+002  1.441669e-004
 2.420313e+002  1.330332e-004
 2.426500e+002  1.319341e-004
 2.432688e+002  1.113881e-004
 2.438875e+002  1.418318e-004
 2.445063e+002  1.291834e-004
 2.451250e+002  1.396547e-004
 2.457438e+002  1.623884e-004
 2.463625e+002  1.422223e-004
 2.469813e+002  1.473551e-004
 2.476000e+002  1.543609e-004
 2.482188e+002  1.624904e-004
 2.488375e+002  2.542307e-004
 2.494563e+002  2.471241e-003
 2.500750e+002  3.691792e-003
 2.506938e+002  1.382393e-003
 2.513125e+002  1.959066e-004
 2.519313e+002  1.728236e-004
 2.525500e+002  1.458563e-004
 2.531688e+002  1.248696e-004
 2.537875e+002  1.296954e-004
 2.544063e+002  1.571719e-004
 2.550250e+002  1.499324e-004
 2.556438e+002  1.319466e-004
 2.562625e+002  1.187487e-004
 2.568813e+002  1.261269e-004
 2.575000e+002  1.369232e-004
 2.581188e+002  1.472690e-004
 2.587375e+002  1.463566e-004
 2.593563e+002  1.222255e-004
 2.599750e+002  1.246837e-004
 2.605938e+002  1.467947e-004
 2.612125e+002  1.444787e-004
 2.618313e+002  1.389811e-004
 2.624500e+002  1.243359e-004
 2.630688e+002  1.396674e-004
 2.636875e+002  1.478205e-004
 2.643063e+002  1.461874e-004
 2.649250e+002  1.493172e-004
 2.655438e+002  1.527278e-004
 2.661625e+002  1.286475e-004
 2.667813e+002  1.073464e-004
 2.674000e+002  1.293160e-004
 2.680188e+002  1.544190e-004
 2.686375e+002  1.714192e-004
 2.692563e+002  1.451651e-004
 2.698750e+002  1.282520e-004
 2.704938e+002  1.067170e-004
 2.711125e+002  1.251128e-004
 2.717313e+002  1.269885e-004
 2.723500e+002  1.051808e-004
 2.729688e+002  1.406932e-004
 2.735875e+002  1.377101e-004
 2.742063e+002  1.259963e-004
 2.748250e+002  1.578483e-004
 2.754438e+002  1.491656e-004
 2.760625e+002  1.632894e-004
 2.766813e+002  1.433782e-004
 2.773000e+002  1.231526e-004
 2.779188e+002  1.269963e-004
 2.785375e+002  1.492465e-004
 2.791563e+002  1.275813e-004
 2.797750e+002  1.431738e-004
 2.803938e+002  1.606268e-004
 2.810125e+002  1.600879e-004
 2.816313e+002  1.618571e-004
 2.822500e+002  1.505543e-004
 2.828688e+002  1.325123e-004
 2.834875e+002  1.474819e-004
 2.841063e+002  1.499347e-004
 2.847250e+002  1.464779e-004
 2.853438e+002  1.620088e-004
 2.859625e+002  1.716890e-004
 2.865813e+002  1.425295e-004
 2.872000e+002  1.313920e-004
 2.878188e+002  1.277509e-004
 2.884375e+002  1.511647e-004
 2.890563e+002  1.189510e-004
 2.896750e+002  1.198442e-004
 2.902938e+002  1.444260e-004
 2.909125e+002  1.632300e-004
 2.915313e+002  1.687087e-004
 2.921500e+002  1.667219e-004
 2.927688e+002  1.464137e-004
 2.933875e+002  1.338359e-004
 2.940063e+002  1.382387e-004
 2.946250e+002  1.476027e-004
 2.952438e+002  1.366170e-004
 2.958625e+002  1.608903e-004
 2.964813e+002  1.386181e-004
 2.971000e+002  1.075405e-004
 2.977188e+002  1.295077e-004
 2.983375e+002  1.153441e-004
 2.989563e+002  1.760932e-004
 2.995750e+002  6.648495e-004
 3.001938e+002  7.308474e-004
 3.008125e+002  2.158030e-004
 3.014313e+002  1.292543e-004
 3.020500e+002  1.217426e-004
 3.026688e+002  1.475477e-004
 3.032875e+002  1.347102e-004
 3.039063e+002  1.303575e-004
 3.045250e+002  1.391821e-004
 3.051438e+002  1.505349e-004
 3.057625e+002  1.413602e-004
 3.063813e+002  1.368972e-004
 3.070000e+002  1.424998e-004
 3.076188e+002  1.486991e-004
 3.082375e+002  1.208590e-004
 3.088563e+002  1.486808e-004
 3.094750e+002  1.335656e-004
 3.100938e+002  1.391773e-004
 3.107125e+002  1.169562e-004
 3.113313e+002  1.092772e-004
 3.119500e+002  1.278139e-004
 3.125688e+002  1.215670e-004
 3.131875e+002  1.123878e-004
 3.138063e+002  1.108123e-004
 3.144250e+002  1.130855e-004
 3.150437e+002  1.438297e-004
 3.156625e+002  1.362055e-004
 3.162812e+002  1.400627e-004
 3.169000e+002  1.440329e-004
 3.175187e+002  1.294487e-004
 3.181375e+002  1.446581e-004
 3.187562e+002  1.547061e-004
 3.193750e+002  1.415266e-004
 3.199937e+002  1.335684e-004
 3.206125e+002  1.285707e-004
 3.212312e+002  1.368705e-004
 3.218500e+002  1.342751e-004
 3.224687e+002  1.329584e-004
 3.230875e+002  1.219780e-004
 3.237062e+002  1.071515e-004
 3.243250e+002  1.133842e-004
 3.249437e+002  1.213812e-004
 3.255625e+002  1.407209e-004
 3.261812e+002  1.187248e-004
 3.268000e+002  1.203757e-004
 3.274187e+002  1.024059e-004
 3.280375e+002  1.050293e-004
 3.286562e+002  1.299121e-004
 3.292750e+002  1.591091e-004
 3.298937e+002  1.660839e-004
 3.305125e+002  1.322824e-004
 3.311312e+002  1.240136e-004
 3.317500e+002  1.213632e-004
 3.323687e+002  1.312697e-004
 3.329875e+002  1.295010e-004
 3.336062e+002  1.388519e-004
 3.342250e+002  1.375459e-004
 3.348437e+002  1.548232e-004
 3.354625e+002  1.506078e-004
 3.360812e+002  1.542186e-004
 3.367000e+002  1.404460e-004
 3.373187e+002  1.123233e-004
 3.379375e+002  1.104889e-004
 3.385562e+002  1.144248e-004
 3.391750e+002  1.316123e-004
 3.397937e+002  1.430493e-004
 3.404125e+002  1.264918e-004
 3.410312e+002  1.395766e-004
 3.416500e+002  1.503504e-004
 3.422687e+002  1.414626e-004
 3.428875e+002  1.237205e-004
 3.435062e+002  1.095779e-004
 3.441250e+002  1.334534e-004
 3.447437e+002  1.505807e-004
 3.453625e+002  1.426560e-004
 3.459812e+002  1.228782e-004
 3.466000e+002  1.298324e-004
 3.472187e+002  1.445127e-004
 3.478375e+002  1.420863e-004
 3.484562e+002  1.595686e-004
 3.490750e+002  2.736596e-004
 3.496937e+002  9.064160e-004
 3.503125e+002  7.645006e-004
 3.509312e+002  1.695088e-004
 3.515500e+002  1.486500e-004
 3.521687e+002  1.342064e-004
 3.527875e+002  1.330937e-004
 3.534062e+002  1.602147e-004
 3.540250e+002  1.559007e-004
 3.546437e+002  1.541848e-004
 3.552625e+002  1.618388e-004
 3.558812e+002  1.420115e-004
 3.565000e+002  1.634253e-004
 3.571187e+002  1.448683e-004
 3.577375e+002  1.401938e-004
 3.583562e+002  1.452677e-004
 3.589750e+002  1.282447e-004
 3.595937e+002  1.339123e-004
 3.602125e+002  1.400144e-004
 3.608312e+002  1.406593e-004
 3.614500e+002  1.643483e-004
 3.620687e+002  1.867222e-004
 3.626875e+002  1.497071e-004
 3.633062e+002  1.174471e-004
 3.639250e+002  1.383056e-004
 3.645437e+002  1.606747e-004
 3.651625e+002  1.599392e-004
 3.657812e+002  1.595749e-004
 3.664000e+002  1.467202e-004
 3.670187e+002  1.311386e-004
 3.676375e+002  1.158233e-004
 3.682562e+002  1.362999e-004
 3.688750e+002  1.449365e-004
 3.694937e+002  1.220646e-004
 3.701125e+002  1.348425e-004
 3.707312e+002  1.366895e-004
 3.713500e+002  1.429658e-004
 3.719687e+002  1.128342e-004
 3.725875e+002  9.987644e-005
 3.732062e+002  1.060953e-004
 3.738250e+002  1.196540e-004
 3.744437e+002  1.388063e-004
 3.750625e+002  1.183496e-004
 3.756812e+002  1.345121e-004
 3.763000e+002  1.357308e-004
 3.769187e+002  1.703529e-004
 3.775375e+002  1.420137e-004
 3.781562e+002  1.594149e-004
 3.787750e+002  1.823978e-004
 3.793937e+002  1.437598e-004
 3.800125e+002  1.457105e-004
 3.806312e+002  1.438964e-004
 3.812500e+002  1.381187e-004
 3.818687e+002  1.258298e-004
 3.824875e+002  1.000064e-004
 3.831062e+002  1.232536e-004
 3.837250e+002  1.428962e-004
 3.843437e+002  1.638588e-004
 3.849625e+002  1.340550e-004
 3.855812e+002  1.307624e-004
 3.862000e+002  1.213411e-004
 3.868187e+002  1.189762e-004
 3.874375e+002  1.391058e-004
 3.880562e+002  1.336411e-004
 3.886750e+002  1.518500e-004
 3.892937e+002  1.423019e-004
 3.899125e+002  1.141783e-004
 3.905312e+002  1.112331e-004
 3.911500e+002  1.331264e-004
 3.917687e+002  1.297447e-004
 3.923875e+002  1.324082e-004
 3.930062e+002  1.414392e-004
 3.936250e+002  1.551104e-004
 3.942437e+002  1.297485e-004
 3.948625e+002  1.578054e-004
 3.954812e+002  1.496632e-004
 3.961000e+002  1.331354e-004
 3.967187e+002  1.304542e-004
 3.973375e+002  1.255986e-004
 3.979562e+002  1.030097e-004
 3.985750e+002  1.084739e-004
 3.991937e+002  3.262023e-004
 3.998125e+002  8.112517e-004
 4.004312e+002  5.200234e-004
 4.010500e+002  1.444354e-004
 4.016687e+002  1.453517e-004
 4.022875e+002  1.493007e-004
 4.029062e+002  1.462124e-004
 4.035250e+002  1.511742e-004
 4.041437e+002  1.489862e-004
 4.047625e+002  1.361326e-004
 4.053812e+002  1.351239e-004
 4.060000e+002  1.474963e-004
 4.066187e+002  1.456129e-004
 4.072375e+002  1.485078e-004
 4.078562e+002  1.307832e-004
 4.084750e+002  1.303776e-004
 4.090937e+002  1.569814e-004
 4.097125e+002  1.438126e-004
 4.103312e+002  1.352932e-004
 4.109500e+002  1.293020e-004
 4.115687e+002  1.205472e-004
 4.121875e+002  1.313313e-004
 4.128062e+002  1.405543e-004
 4.134250e+002  1.285548e-004
 4.140437e+002  1.283200e-004
 4.146625e+002  1.336076e-004
 4.152812e+002  1.324047e-004
 4.159000e+002  1.211999e-004
 4.165187e+002  1.145661e-004
 4.171375e+002  1.325543e-004
 4.177562e+002  1.204229e-004
 4.183750e+002  1.080362e-004
 4.189937e+002  1.322016e-004
 4.196125e+002  1.221430e-004
 4.202312e+002  1.038527e-004
 4.208500e+002  1.043707e-004
 4.214687e+002  1.110796e-004
 4.220875e+002  1.246941e-004
 4.227062e+002  1.559265e-004
 4.233250e+002  1.598929e-004
 4.239437e+002  1.564734e-004
 4.245625e+002  1.489650e-004
 4.251812e+002  1.622685e-004
 4.258000e+002  1.583681e-004
 4.264187e+002  1.521081e-004
 4.270375e+002  1.801992e-004
 4.276562e+002  1.527800e-004
 4.282750e+002  1.229775e-004
 4.288937e+002  1.397348e-004
 4.295125e+002  1.239210e-004
 4.301312e+002  1.369331e-004
 4.307500e+002  1.392108e-004
 4.313687e+002  1.332119e-004
 4.319875e+002  1.235347e-004
 4.326062e+002  1.369894e-004
 4.332250e+002  1.342235e-004
 4.338437e+002  1.339683e-004
 4.344625e+002  1.431912e-004
 4.350812e+002  1.480818e-004
 4.357000e+002  1.464356e-004
 4.363187e+002  1.372825e-004
 4.369375e+002  1.260932e-004
 4.375562e+002  1.380512e-004
 4.381750e+002  1.299995e-004
 4.387937e+002  1.447727e-004
 4.394125e+002  1.200767e-004
 4.400312e+002  1.168922e-004
 4.406500e+002  1.404249e-004
 4.412687e+002  1.263080e-004
 4.418875e+002  9.714887e-005
 4.425062e+002  1.173033e-004
 4.431250e+002  1.399749e-004
 4.437437e+002  1.268716e-004
 4.443625e+002  1.299124e-004
 4.449812e+002  1.230701e-004
 4.456000e+002  1.475271e-004
 4.462187e+002  1.518141e-004
 4.468375e+002  1.474921e-004
 4.474562e+002  1.459946e-004
 4.480750e+002  1.376304e-004
 4.486937e+002  1.489002e-004
 4.493125e+002  3.525109e-004
 4.499312e+002  6.202615e-004
 4.505500e+002  3.056422e-004
 4.511687e+002  1.471284e-004
 4.517875e+002  1.494203e-004
 4.524062e+002  1.557510e-004
 4.530250e+002  1.588941e-004
 4.536437e+002  1.567494e-004
 4.542625e+002  1.423132e-004
 4.548812e+002  1.751051e-004
 4.555000e+002  1.636207e-004
 4.561187e+002  1.492704e-004
 4.567375e+002  1.348026e-004
 4.573562e+002  1.277780e-004
 4.579750e+002  1.371298e-004
 4.585937e+002  1.364456e-004
 4.592125e+002  1.081581e-004
 4.598312e+002  1.465734e-004
 4.604500e+002  1.384027e-004
 4.610687e+002  1.263463e-004
 4.616875e+002  1.192434e-004
 4.623062e+002  1.220927e-004
 4.629250e+002  1.645647e-004
 4.635437e+002  1.392822e-004
 4.641625e+002  1.161940e-004
 4.647812e+002  1.244990e-004
 4.654000e+002  1.436654e-004
 4.660187e+002  1.536865e-004
 4.666375e+002  1.464703e-004
 4.672562e+002  1.356676e-004
 4.678750e+002  1.447893e-004
 4.684937e+002  1.486254e-004
 4.691125e+002  1.219640e-004
 4.697312e+002  1.256453e-004
 4.703500e+002  1.437638e-004
 4.709687e+002  1.560687e-004
 4.715875e+002  1.329160e-004
 4.722062e+002  1.420497e-004
 4.728250e+002  1.758039e-004
 4.734437e+002  1.380561e-004
 4.740625e+002  1.081998e-004
 4.746812e+002  1.226982e-004
 4.753000e+002  1.415376e-004
 4.759187e+002  1.523691e-004
 4.765375e+002  1.275436e-004
 4.771562e+002  1.238928e-004
 4.777750e+002  1.066353e-004
 4.783937e+002  1.218308e-004
 4.790125e+002  1.350688e-004
 4.796312e+002  1.199867e-004
 4.802500e+002  1.362832e-004
 4.808687e+002  1.488147e-004
 4.814875e+002  1.443408e-004
 4.821062e+002  1.584030e-004
 4.827250e+002  1.478809e-004
 4.833437e+002  1.293157e-004
 4.839625e+002  1.141177e-004
 4.845812e+002  1.230456e-004
 4.852000e+002  1.324612e-004
 4.858187e+002  1.235105e-004
 4.864375e+002  1.181188e-004
 4.870562e+002  1.388892e-004
 4.876750e+002  1.383458e-004
 4.882937e+002  1.516267e-004
 4.889125e+002  1.383555e-004
 4.895312e+002  1.355531e-004
 4.901500e+002  1.321490e-004
 4.907687e+002  1.277727e-004
 4.913875e+002  1.378367e-004
 4.920062e+002  1.361551e-004
 4.926250e+002  1.443479e-004
 4.932437e+002  1.486579e-004
 4.938625e+002  1.191459e-004
 4.944812e+002  1.196321e-004
 4.951000e+002  1.484524e-004
 4.957187e+002  1.361315e-004
 4.963375e+002  1.139789e-004
 4.969562e+002  1.186913e-004
 4.975750e+002  1.194695e-004
 4.981937e+002  1.427189e-004
 4.988125e+002  1.448488e-004
 4.994312e+002  7.125153e-004
 5.000500e+002  1.006967e-003
 5.006687e+002  3.631480e-004
 5.012875e+002  1.222840e-004
 5.019062e+002  1.385910e-004
 5.025250e+002  1.619454e-004
 5.031437e+002  1.407309e-004
 5.037625e+002  1.367096e-004
 5.043812e+002  1.150078e-004
 5.050000e+002  1.039303e-004
 5.056187e+002  1.414200e-004
 5.062375e+002  1.666591e-004
 5.068562e+002  1.424125e-004
 5.074750e+002  1.183643e-004
 5.080937e+002  1.272765e-004
 5.087125e+002  1.193421e-004
 5.093312e+002  1.206627e-004
 5.099500e+002  1.269931e-004
 5.105687e+002  1.115091e-004
 5.111875e+002  1.428844e-004
 5.118062e+002  1.461309e-004
 5.124250e+002  1.482584e-004
 5.130437e+002  1.466494e-004
 5.136625e+002  1.322800e-004
 5.142812e+002  1.320357e-004
 5.149000e+002  1.288126e-004
 5.155187e+002  1.308245e-004
 5.161375e+002  1.465210e-004
 5.167562e+002  1.625997e-004
 5.173750e+002  1.793200e-004
 5.179937e+002  1.438461e-004
 5.186125e+002  1.521697e-004
 5.192312e+002  1.380222e-004
 5.198500e+002  1.362097e-004
 5.204687e+002  1.429846e-004
 5.210875e+002  1.540642e-004
 5.217062e+002  1.533159e-004
 5.223250e+002  1.423194e-004
 5.229437e+002  1.354755e-004
 5.235625e+002  1.273590e-004
 5.241812e+002  1.285007e-004
 5.248000e+002  1.416792e-004
 5.254187e+002  1.418601e-004
 5.260375e+002  1.221834e-004
 5.266562e+002  1.300805e-004
 5.272750e+002  1.234281e-004
 5.278937e+002  1.335520e-004
 5.285125e+002  1.443994e-004
 5.291312e+002  1.312233e-004
 5.297500e+002  1.243751e-004
 5.303687e+002  1.278049e-004
 5.309875e+002  1.180201e-004
 5.316062e+002  1.300898e-004
 5.322250e+002  1.287350e-004
 5.328437e+002  1.271583e-004
 5.334625e+002  1.298668e-004
 5.340812e+002  1.566960e-004
 5.347000e+002  1.646100e-004
 5.353187e+002  1.478402e-004
 5.359375e+002  1.425828e-004
 5.365562e+002  1.355866e-004
 5.371750e+002  1.545953e-004
 5.377937e+002  1.660306e-004
 5.384125e+002  1.449682e-004
 5.390312e+002  1.402223e-004
 5.396500e+002  1.603571e-004
 5.402687e+002  1.495348e-004
 5.408875e+002  1.493543e-004
 5.415062e+002  1.530714e-004
 5.421250e+002  1.294011e-004
 5.427437e+002  1.432010e-004
 5.433625e+002  1.317569e-004
 5.439812e+002  1.205442e-004
 5.446000e+002  1.261464e-004
 5.452187e+002  1.298112e-004
 5.458375e+002  1.332690e-004
 5.464562e+002  1.184066e-004
 5.470750e+002  1.335640e-004
 5.476937e+002  1.105738e-004
 5.483125e+002  1.223639e-004
 5.489312e+002  2.656452e-004
 5.495500e+002  1.237690e-003
 5.501687e+002  1.307261e-003
 5.507875e+002  3.407732e-004
 5.514062e+002  1.237064e-004
 5.520250e+002  1.591067e-004
 5.526437e+002  1.614340e-004
 5.532625e+002  1.462126e-004
 5.538812e+002  1.331976e-004
 5.545000e+002  1.200963e-004
 5.551187e+002  1.366378e-004
 5.557375e+002  1.340917e-004
 5.563562e+002  1.301612e-004
 5.569750e+002  1.126289e-004
 5.575937e+002  1.436741e-004
 5.582125e+002  1.559372e-004
 5.588312e+002  1.304723e-004
 5.594500e+002  1.216179e-004
 5.600687e+002  1.168248e-004
 5.606875e+002  1.292382e-004
 5.613062e+002  1.310299e-004
 5.619250e+002  1.281684e-004
 5.625437e+002  1.367193e-004
 5.631625e+002  1.350906e-004
 5.637812e+002  1.441698e-004
 5.644000e+002  1.470418e-004
 5.650187e+002  1.396262e-004
 5.656375e+002  1.317124e-004
 5.662562e+002  1.239277e-004
 5.668750e+002  1.399086e-004
 5.674937e+002  1.323268e-004
 5.681125e+002  1.377704e-004
 5.687312e+002  1.283750e-004
 5.693500e+002  1.309971e-004
 5.699687e+002  1.538206e-004
 5.705875e+002  1.469321e-004
 5.712062e+002  1.367760e-004
 5.718250e+002  1.534362e-004
 5.724437e+002  1.615931e-004
 5.730625e+002  1.618167e-004
 5.736812e+002  1.326450e-004
 5.743000e+002  1.132702e-004
 5.749187e+002  1.195327e-004
 5.755375e+002  1.316030e-004
 5.761562e+002  1.332654e-004
 5.767750e+002  1.323982e-004
 5.773937e+002  1.422996e-004
 5.780125e+002  1.740730e-004
 5.786312e+002  1.719640e-004
 5.792500e+002  1.408224e-004
 5.798687e+002  1.220697e-004
 5.804875e+002  1.377857e-004
 5.811062e+002  1.492417e-004
 5.817250e+002  1.479179e-004
 5.823437e+002  1.299734e-004
 5.829625e+002  1.410173e-004
 5.835812e+002  1.558032e-004
 5.842000e+002  1.189693e-004
 5.848187e+002  1.206475e-004
 5.854375e+002  1.229488e-004
 5.860562e+002  1.250555e-004
 5.866750e+002  1.223333e-004
 5.872937e+002  1.194655e-004
 5.879125e+002  1.502009e-004
 5.885312e+002  1.351288e-004
 5.891500e+002  1.085445e-004
 5.897687e+002  1.368874e-004
 5.903875e+002  1.401619e-004
 5.910062e+002  1.425143e-004
 5.916250e+002  1.414509e-004
 5.922437e+002  1.280856e-004
 5.928625e+002  1.414858e-004
 5.934812e+002  1.236285e-004
 5.941000e+002  1.156606e-004
 5.947187e+002  1.315536e-004
 5.953375e+002  1.157874e-004
 5.959562e+002  1.131391e-004
 5.965750e+002  1.248446e-004
 5.971937e+002  1.285323e-004
 5.978125e+002  1.397657e-004
 5.984312e+002  1.263495e-004
 5.990500e+002  1.680319e-004
 5.996687e+002  4.743244e-004
 6.002875e+002  4.023751e-004
 6.009062e+002  1.377700e-004
 6.015250e+002  1.408641e-004
 6.021437e+002  1.174443e-004
 6.027625e+002  1.094683e-004
 6.033812e+002  1.356265e-004
 6.040000e+002  1.428587e-004
 6.046187e+002  1.109342e-004
 6.052375e+002  1.129526e-004
 6.058562e+002  1.275069e-004
 6.064750e+002  1.331087e-004
 6.070937e+002  1.519416e-004
 6.077125e+002  1.561812e-004
 6.083312e+002  1.338758e-004
 6.089500e+002  1.275841e-004
 6.095687e+002  1.273965e-004
 6.101875e+002  1.490366e-004
 6.108062e+002  1.427435e-004
 6.114250e+002  1.131184e-004
 6.120437e+002  1.131268e-004
 6.126625e+002  1.164082e-004
 6.132812e+002  1.273859e-004
 6.139000e+002  1.271769e-004
 6.145187e+002  1.111945e-004
 6.151375e+002  1.346448e-004
 6.157562e+002  1.422793e-004
 6.163750e+002  1.473533e-004
 6.169937e+002  1.500875e-004
 6.176125e+002  1.225128e-004
 6.182312e+002  1.321626e-004
 6.188500e+002  1.539671e-004
 6.194687e+002  1.467380e-004
 6.200875e+002  1.350718e-004
 6.207062e+002  1.160504e-004
 6.213250e+002  1.267047e-004
 6.219437e+002  1.378794e-004
 6.225625e+002  1.468156e-004
 6.231812e+002  1.568037e-004
 6.238000e+002  1.433109e-004
 6.244187e+002  1.194315e-004
 6.250375e+002  1.334803e-004
 6.256562e+002  1.191804e-004
 6.262750e+002  1.267236e-004
 6.268937e+002  1.236350e-004
 6.275125e+002  1.112424e-004
 6.281312e+002  1.544540e-004
 6.287500e+002  1.373662e-004
 6.293687e+002  1.119705e-004
 6.299875e+002  1.128107e-004
 6.306062e+002  1.342399e-004
 6.312250e+002  1.365322e-004
 6.318437e+002  1.329529e-004
 6.324625e+002  1.287332e-004
 6.330812e+002  1.235237e-004
 6.337000e+002  1.120759e-004
 6.343187e+002  1.178201e-004
 6.349375e+002  1.249067e-004
 6.355562e+002  1.321292e-004
 6.361750e+002  1.170797e-004
 6.367937e+002  1.141164e-004
 6.374125e+002  1.368879e-004
 6.380312e+002  1.387802e-004
 6.386500e+002  1.164860e-004
 6.392687e+002  1.142523e-004
 6.398875e+002  1.277179e-004
 6.405062e+002  1.324232e-004
 6.411250e+002  1.642561e-004
 6.417437e+002  1.515341e-004
 6.423625e+002  1.145461e-004
 6.429812e+002  1.178899e-004
 6.436000e+002  1.454580e-004
 6.442187e+002  1.221735e-004
 6.448375e+002  1.320510e-004
 6.454562e+002  1.610506e-004
 6.460750e+002  1.607607e-004
 6.466937e+002  1.476589e-004
 6.473125e+002  1.519563e-004
 6.479312e+002  1.290959e-004
 6.485500e+002  1.332726e-004
 6.491687e+002  6.003430e-004
 6.497875e+002  1.419357e-003
 6.504062e+002  8.834254e-004
 6.510250e+002  1.608927e-004
 6.516437e+002  1.383948e-004
 6.522625e+002  1.473669e-004
 6.528812e+002  1.476302e-004
 6.535000e+002  1.374195e-004
 6.541187e+002  1.403400e-004
 6.547375e+002  1.301781e-004
 6.553562e+002  1.287897e-004
 6.559750e+002  1.300784e-004
 6.565937e+002  1.416084e-004
 6.572125e+002  1.339916e-004
 6.578312e+002  1.428778e-004
 6.584500e+002  1.552953e-004
 6.590687e+002  1.397939e-004
 6.596875e+002  1.428035e-004
 6.603062e+002  1.432542e-004
 6.609250e+002  1.473834e-004
 6.615437e+002  1.191889e-004
 6.621625e+002  1.305049e-004
 6.627812e+002  1.258805e-004
 6.634000e+002  1.477238e-004
 6.640187e+002  1.575752e-004
 6.646375e+002  1.245737e-004
 6.652562e+002  1.038033e-004
 6.658750e+002  1.104178e-004
 6.664937e+002  1.157659e-004
 6.671125e+002  1.253382e-004
 6.677312e+002  1.462308e-004
 6.683500e+002  1.397571e-004
 6.689687e+002  1.307042e-004
 6.695875e+002  1.348305e-004
 6.702062e+002  1.697724e-004
 6.708250e+002  1.537462e-004
 6.714437e+002  1.351403e-004
 6.720625e+002  1.481800e-004
 6.726812e+002  1.462666e-004
 6.733000e+002  1.295257e-004
 6.739187e+002  1.338240e-004
 6.745375e+002  1.463409e-004
 6.751562e+002  1.652425e-004
 6.757750e+002  1.491457e-004
 6.763937e+002  1.281245e-004
 6.770125e+002  1.357762e-004
 6.776312e+002  1.283826e-004
 6.782500e+002  1.259640e-004
 6.788687e+002  1.134504e-004
 6.794875e+002  1.388945e-004
 6.801062e+002  1.479284e-004
 6.807250e+002  1.289478e-004
 6.813437e+002  1.271322e-004
 6.819625e+002  1.425321e-004
 6.825812e+002  1.478457e-004
 6.832000e+002  1.439570e-004
 6.838187e+002  1.232324e-004
 6.844375e+002  1.055828e-004
 6.850562e+002  1.236852e-004
 6.856750e+002  1.309208e-004
 6.862937e+002  1.326856e-004
 6.869125e+002  1.217528e-004
 6.875312e+002  1.398811e-004
 6.881500e+002  1.410228e-004
 6.887687e+002  1.172782e-004
 6.893875e+002  1.020439e-004
 6.900062e+002  1.193585e-004
 6.906250e+002  1.245225e-004
 6.912437e+002  1.220256e-004
 6.918625e+002  1.248580e-004
 6.924812e+002  1.051936e-004
 6.931000e+002  1.348308e-004
 6.937187e+002  1.665108e-004
 6.943375e+002  1.330835e-004
 6.949562e+002  1.157028e-004
 6.955750e+002  1.356628e-004
 6.961937e+002  1.504829e-004
 6.968125e+002  1.185045e-004
 6.974312e+002  1.395696e-004
 6.980500e+002  1.400836e-004
 6.986687e+002  1.267152e-004
 6.992875e+002  4.810512e-004
 6.999062e+002  7.869824e-004
 7.005250e+002  3.756706e-004
 7.011437e+002  1.310849e-004
 7.017625e+002  1.419509e-004
 7.023812e+002  1.389481e-004
 7.030000e+002  1.345462e-004
 7.036187e+002  1.384388e-004
 7.042375e+002  1.291992e-004
 7.048562e+002  1.150697e-004
 7.054750e+002  1.215333e-004
 7.060937e+002  1.207624e-004
 7.067125e+002  1.141334e-004
 7.073312e+002  1.252316e-004
 7.079500e+002  1.387673e-004
 7.085687e+002  1.281965e-004
 7.091875e+002  1.139639e-004
 7.098062e+002  1.302451e-004
 7.104250e+002  1.274422e-004
 7.110437e+002  1.135709e-004
 7.116625e+002  1.093928e-004
 7.122812e+002  1.111666e-004
 7.129000e+002  1.363277e-004
 7.135187e+002  1.465843e-004
 7.141375e+002  1.349109e-004
 7.147562e+002  1.132991e-004
 7.153750e+002  1.182231e-004
 7.159937e+002  1.430381e-004
 7.166125e+002  1.579259e-004
 7.172312e+002  1.408322e-004
 7.178500e+002  1.326380e-004
 7.184687e+002  1.264840e-004
 7.190875e+002  1.359700e-004
 7.197062e+002  1.157760e-004
 7.203250e+002  1.223584e-004
 7.209437e+002  1.336229e-004
 7.215625e+002  1.378577e-004
 7.221812e+002  1.410573e-004
 7.228000e+002  1.355969e-004
 7.234187e+002  1.324307e-004
 7.240375e+002  1.151785e-004
 7.246562e+002  1.324526e-004
 7.252750e+002  1.426631e-004
 7.258937e+002  1.337392e-004
 7.265125e+002  1.358011e-004
 7.271312e+002  1.342758e-004
 7.277500e+002  1.153832e-004
 7.283687e+002  1.249988e-004
 7.289875e+002  1.262134e-004
 7.296062e+002  1.358761e-004
 7.302250e+002  1.165922e-004
 7.308437e+002  1.279960e-004
 7.314625e+002  1.339641e-004
 7.320812e+002  1.209071e-004
 7.327000e+002  1.284477e-004
 7.333187e+002  1.425569e-004
 7.339375e+002  1.661518e-004
 7.345562e+002  1.734148e-004
 7.351750e+002  1.575876e-004
 7.357937e+002  1.408872e-004
 7.364125e+002  1.255920e-004
 7.370312e+002  1.122383e-004
 7.376500e+002  1.395994e-004
 7.382687e+002  1.416234e-004
 7.388875e+002  1.171129e-004
 7.395062e+002  1.189604e-004
 7.401250e+002  1.478872e-004
 7.407437e+002  1.473855e-004
 7.413625e+002  1.363322e-004
 7.419812e+002  1.335587e-004
 7.426000e+002  1.259092e-004
 7.432187e+002  1.174534e-004
 7.438375e+002  1.040767e-004
 7.444562e+002  1.249728e-004
 7.450750e+002  1.496255e-004
 7.456937e+002  1.405276e-004
 7.463125e+002  1.463546e-004
 7.469312e+002  1.338346e-004
 7.475500e+002  1.308729e-004
 7.481687e+002  1.413926e-004
 7.487875e+002  1.519138e-004
 7.494062e+002  6.680274e-004
 7.500250e+002  8.719928e-004
 7.506437e+002  3.169988e-004
 7.512625e+002  1.101910e-004
 7.518812e+002  1.194271e-004
 7.525000e+002  1.380939e-004
 7.531187e+002  1.237537e-004
 7.537375e+002  1.212513e-004
 7.543562e+002  1.133191e-004
 7.549750e+002  1.178846e-004
 7.555937e+002  1.216387e-004
 7.562125e+002  1.427649e-004
 7.568312e+002  1.415630e-004
 7.574500e+002  1.248386e-004
 7.580687e+002  1.185766e-004
 7.586875e+002  1.408922e-004
 7.593062e+002  1.343195e-004
 7.599250e+002  1.185117e-004
 7.605437e+002  1.102125e-004
 7.611625e+002  1.172384e-004
 7.617812e+002  1.187631e-004
 7.624000e+002  1.154311e-004
 7.630187e+002  1.192045e-004
 7.636375e+002  1.278880e-004
 7.642562e+002  1.196487e-004
 7.648750e+002  1.239642e-004
 7.654937e+002  1.244021e-004
 7.661125e+002  1.674246e-004
 7.667312e+002  1.607015e-004
 7.673500e+002  1.292210e-004
 7.679687e+002  1.260985e-004
 7.685875e+002  1.377252e-004
 7.692062e+002  1.253295e-004
 7.698250e+002  1.340257e-004
 7.704437e+002  1.734329e-004
 7.710625e+002  1.587494e-004
 7.716812e+002  1.450140e-004
 7.723000e+002  1.010393e-004
 7.729187e+002  1.200088e-004
 7.735375e+002  1.309866e-004
 7.741562e+002  1.150205e-004
 7.747750e+002  1.202349e-004
 7.753937e+002  1.338497e-004
 7.760125e+002  1.401683e-004
 7.766312e+002  1.406568e-004
 7.772500e+002  1.274923e-004
 7.778687e+002  1.167634e-004
 7.784875e+002  1.219343e-004
 7.791062e+002  1.000489e-004
 7.797250e+002  1.132428e-004
 7.803437e+002  1.209292e-004
 7.809625e+002  1.192775e-004
 7.815812e+002  1.110617e-004
 7.822000e+002  1.282947e-004
 7.828187e+002  1.292822e-004
 7.834375e+002  1.268852e-004
 7.840562e+002  1.392745e-004
 7.846750e+002  1.633222e-004
 7.852937e+002  1.585907e-004
 7.859125e+002  1.138686e-004
 7.865312e+002  1.211208e-004
 7.871500e+002  1.160066e-004
 7.877687e+002  1.149888e-004
 7.883875e+002  1.294546e-004
 7.890062e+002  1.380225e-004
 7.896250e+002  1.187002e-004
 7.902437e+002  1.117626e-004
 7.908625e+002  1.347363e-004
 7.914812e+002  1.327416e-004
 7.921000e+002  9.455013e-005
 7.927187e+002  1.121239e-004
 7.933375e+002  1.352047e-004
 7.939562e+002  1.440828e-004
 7.945750e+002  1.421647e-004
 7.951937e+002  1.422032e-004
 7.958125e+002  1.334021e-004
 7.964312e+002  1.291648e-004
 7.970500e+002  1.309854e-004
 7.976687e+002  1.255676e-004
 7.982875e+002  1.350260e-004
 7.989062e+002  1.507421e-004
 7.995250e+002  3.953968e-004
 8.001437e+002  4.322889e-004
 8.007625e+002  1.767908e-004
 8.013812e+002  1.211894e-004
 8.020000e+002  1.115709e-004
 8.026187e+002  1.350966e-004
 8.032375e+002  1.456704e-004
 8.038562e+002  1.370541e-004
 8.044750e+002  1.351049e-004
 8.050937e+002  1.278890e-004
 8.057125e+002  1.417327e-004
 8.063312e+002  1.526514e-004
 8.069500e+002  1.320016e-004
 8.075687e+002  1.236549e-004
 8.081875e+002  1.144100e-004
 8.088062e+002  1.128947e-004
 8.094250e+002  1.279613e-004
 8.100437e+002  1.187040e-004
 8.106625e+002  1.300776e-004
 8.112812e+002  1.375093e-004
 8.119000e+002  1.325966e-004
 8.125187e+002  1.190405e-004
 8.131375e+002  1.169712e-004
 8.137562e+002  1.284077e-004
 8.143750e+002  1.504949e-004
 8.149937e+002  1.534060e-004
 8.156125e+002  1.309810e-004
 8.162312e+002  1.364743e-004
 8.168500e+002  1.492036e-004
 8.174687e+002  1.552735e-004
 8.180875e+002  1.520393e-004
 8.187062e+002  1.535304e-004
 8.193250e+002  1.410687e-004
 8.199437e+002  1.470363e-004
 8.205625e+002  1.504346e-004
 8.211812e+002  1.357103e-004
 8.218000e+002  1.488834e-004
 8.224187e+002  1.461616e-004
 8.230375e+002  1.283778e-004
 8.236562e+002  1.083535e-004
 8.242750e+002  1.241751e-004
 8.248937e+002  1.494532e-004
 8.255125e+002  1.261737e-004
 8.261312e+002  1.351088e-004
 8.267500e+002  1.546080e-004
 8.273687e+002  1.849416e-004
 8.279875e+002  1.548716e-004
 8.286062e+002  1.320016e-004
 8.292250e+002  1.254062e-004
 8.298437e+002  1.134911e-004
 8.304625e+002  1.416469e-004
 8.310812e+002  1.423939e-004
 8.317000e+002  1.531557e-004
 8.323187e+002  1.490373e-004
 8.329375e+002  1.360060e-004
 8.335562e+002  1.287977e-004
 8.341750e+002  1.626539e-004
 8.347937e+002  1.369522e-004
 8.354125e+002  1.412307e-004
 8.360312e+002  1.499467e-004
 8.366500e+002  1.405730e-004
 8.372687e+002  1.324166e-004
 8.378875e+002  1.198611e-004
 8.385062e+002  1.170785e-004
 8.391250e+002  1.302437e-004
 8.397437e+002  1.273902e-004
 8.403625e+002  1.233570e-004
 8.409812e+002  1.263159e-004
 8.416000e+002  1.120821e-004
 8.422187e+002  1.145518e-004
 8.428375e+002  1.119508e-004
 8.434562e+002  1.400798e-004
 8.440750e+002  1.350278e-004
 8.446937e+002  1.228629e-004
 8.453125e+002  1.413341e-004
 8.459312e+002  1.542337e-004
 8.465500e+002  1.499931e-004
 8.471687e+002  1.384824e-004
 8.477875e+002  1.143800e-004
 8.484062e+002  1.371065e-004
 8.490250e+002  3.280107e-004
 8.496437e+002  9.355910e-004
 8.502625e+002  7.198830e-004
 8.508812e+002  1.585611e-004
 8.515000e+002  1.525491e-004
 8.521187e+002  1.391681e-004
 8.527375e+002  1.512419e-004
 8.533562e+002  1.354700e-004
 8.539750e+002  1.161033e-004
 8.545937e+002  1.330485e-004
 8.552125e+002  1.328854e-004
 8.558312e+002  1.048071e-004
 8.564500e+002  1.160503e-004
 8.570687e+002  1.064535e-004
 8.576875e+002  9.647514e-005
 8.583062e+002  1.286498e-004
 8.589250e+002  1.227799e-004
 8.595437e+002  1.139325e-004
 8.601625e+002  1.180615e-004
 8.607812e+002  1.106197e-004
 8.614000e+002  1.224558e-004
 8.620187e+002  1.484036e-004
 8.626375e+002  1.373222e-004
 8.632562e+002  1.296367e-004
 8.638750e+002  1.487933e-004
 8.644937e+002  1.457093e-004
 8.651125e+002  1.272197e-004
 8.657312e+002  1.286765e-004
 8.663500e+002  1.580337e-004
 8.669687e+002  1.393596e-004
 8.675875e+002  1.156098e-004
 8.682062e+002  1.332873e-004
 8.688250e+002  1.393034e-004
 8.694437e+002  1.429818e-004
 8.700625e+002  1.348395e-004
 8.706812e+002  1.181411e-004
 8.713000e+002  1.259582e-004
 8.719187e+002  1.232086e-004
 8.725375e+002  1.248209e-004
 8.731562e+002  1.355907e-004
 8.737750e+002  1.262956e-004
 8.743937e+002  1.100477e-004
 8.750125e+002  1.172454e-004
 8.756312e+002  1.114574e-004
 8.762500e+002  1.026697e-004
 8.768687e+002  8.925613e-005
 8.774875e+002  1.078055e-004
 8.781062e+002  1.248489e-004
 8.787250e+002  1.364053e-004
 8.793437e+002  1.589388e-004
 8.799625e+002  1.581033e-004
 8.805812e+002  1.073927e-004
 8.812000e+002  1.127051e-004
 8.818187e+002  1.277892e-004
 8.824375e+002  1.374065e-004
 8.830562e+002  1.375066e-004
 8.836750e+002  1.556409e-004
 8.842937e+002  1.458157e-004
 8.849125e+002  1.442477e-004
 8.855312e+002  1.309862e-004
 8.861500e+002  1.370611e-004
 8.867687e+002  1.318963e-004
 8.873875e+002  1.309599e-004
 8.880062e+002  1.300224e-004
 8.886250e+002  1.403069e-004
 8.892437e+002  1.390358e-004
 8.898625e+002  1.173855e-004
 8.904812e+002  1.162830e-004
 8.911000e+002  1.168520e-004
 8.917187e+002  1.255276e-004
 8.923375e+002  1.265461e-004
 8.929562e+002  1.377649e-004
 8.935750e+002  1.309371e-004
 8.941937e+002  1.145523e-004
 8.948125e+002  1.420138e-004
 8.954312e+002  1.241651e-004
 8.960500e+002  1.172193e-004
 8.966687e+002  1.288625e-004
 8.972875e+002  1.452347e-004
 8.979062e+002  1.261365e-004
 8.985250e+002  1.506740e-004
 8.991437e+002  2.297119e-004
 8.997625e+002  4.022157e-004
 9.003812e+002  2.460007e-004
 9.010000e+002  1.195580e-004
 9.016187e+002  1.201078e-004
 9.022375e+002  1.442621e-004
 9.028562e+002  1.211791e-004
 9.034750e+002  1.192830e-004
 9.040937e+002  1.262010e-004
 9.047125e+002  1.145285e-004
 9.053312e+002  1.402625e-004
 9.059500e+002  1.349983e-004
 9.065687e+002  1.304180e-004
 9.071875e+002  1.193219e-004
 9.078062e+002  1.186606e-004
 9.084250e+002  1.250960e-004
 9.090437e+002  1.487830e-004
 9.096625e+002  1.611016e-004
 9.102812e+002  1.454219e-004
 9.109000e+002  1.549914e-004
 9.115187e+002  1.488199e-004
 9.121375e+002  1.261381e-004
 9.127562e+002  1.263628e-004
 9.133750e+002  1.358244e-004
 9.139937e+002  1.403424e-004
 9.146125e+002  1.240068e-004
 9.152312e+002  1.158868e-004
 9.158500e+002  1.336005e-004
 9.164687e+002  1.359376e-004
 9.170875e+002  1.325244e-004
 9.177062e+002  1.568863e-004
 9.183250e+002  1.187768e-004
 9.189437e+002  1.275098e-004
 9.195625e+002  1.190811e-004
 9.201812e+002  1.247634e-004
 9.208000e+002  1.480566e-004
 9.214187e+002  1.254021e-004
 9.220375e+002  1.017888e-004
 9.226562e+002  1.148437e-004
 9.232750e+002  1.292465e-004
 9.238937e+002  1.259034e-004
 9.245125e+002  1.133484e-004
 9.251312e+002  1.224274e-004
 9.257500e+002  1.159652e-004
 9.263687e+002  1.058594e-004
 9.269875e+002  1.251630e-004
 9.276062e+002  1.286341e-004
 9.282250e+002  1.133311e-004
 9.288437e+002  1.105099e-004
 9.294625e+002  1.222949e-004
 9.300812e+002  1.028853e-004
 9.307000e+002  1.325817e-004
 9.313187e+002  1.316920e-004
 9.319375e+002  1.135652e-004
 9.325562e+002  1.100998e-004
 9.331750e+002  1.200589e-004
 9.337937e+002  1.274589e-004
 9.344125e+002  1.354115e-004
 9.350312e+002  1.363656e-004
 9.356500e+002  1.617049e-004
 9.362687e+002  1.381243e-004
 9.368875e+002  1.212224e-004
 9.375062e+002  1.284224e-004
 9.381250e+002  1.210367e-004
 9.387437e+002  1.226003e-004
 9.393625e+002  1.287854e-004
 9.399812e+002  1.292624e-004
 9.406000e+002  1.284671e-004
 9.412187e+002  1.093502e-004
 9.418375e+002  1.241200e-004
 9.424562e+002  1.338051e-004
 9.430750e+002  1.416604e-004
 9.436937e+002  1.342156e-004
 9.443125e+002  1.254169e-004
 9.449312e+002  1.129125e-004
 9.455500e+002  1.330617e-004
 9.461687e+002  1.244764e-004
 9.467875e+002  1.383194e-004
 9.474062e+002  1.519700e-004
 9.480250e+002  1.372729e-004
 9.486437e+002  1.215652e-004
 9.492625e+002  5.122235e-004
 9.498812e+002  8.365708e-004
 9.505000e+002  3.983663e-004
 9.511187e+002  1.476083e-004
 9.517375e+002  1.483252e-004
 9.523562e+002  1.100839e-004
 9.529750e+002  1.336457e-004
 9.535937e+002  1.068649e-004
 9.542125e+002  7.737130e-005
 9.548312e+002  9.364818e-005
 9.554500e+002  1.046855e-004
 9.560687e+002  9.971349e-005
 9.566875e+002  1.160889e-004
 9.573062e+002  1.476489e-004
 9.579250e+002  1.390751e-004
 9.585437e+002  1.262818e-004
 9.591625e+002  1.340140e-004
 9.597812e+002  1.392264e-004
 9.604000e+002  1.193185e-004
 9.610187e+002  1.386207e-004
 9.616375e+002  1.590021e-004
 9.622562e+002  1.372530e-004
 9.628750e+002  1.220230e-004
 9.634937e+002  1.379053e-004
 9.641125e+002  1.361127e-004
 9.647312e+002  1.121331e-004
 9.653500e+002  1.164414e-004
 9.659687e+002  1.042355e-004
 9.665875e+002  1.046640e-004
 9.672062e+002  1.123944e-004
 9.678250e+002  1.293295e-004
 9.684437e+002  1.487928e-004
 9.690625e+002  1.282326e-004
 9.696812e+002  1.487411e-004
 9.703000e+002  1.519826e-004
 9.709187e+002  1.175033e-004
 9.715375e+002  1.158926e-004
 9.721562e+002  1.144193e-004
 9.727750e+002  1.165674e-004
 9.733937e+002  1.296440e-004
 9.740125e+002  1.464428e-004
 9.746312e+002  1.630503e-004
 9.752500e+002  1.423953e-004
 9.758687e+002  1.480021e-004
 9.764875e+002  1.169719e-004
 9.771062e+002  1.213606e-004
 9.777250e+002  1.540982e-004
 9.783437e+002  1.329756e-004
 9.789625e+002  1.203634e-004
 9.795812e+002  1.390330e-004
 9.802000e+002  1.330432e-004
 9.808187e+002  1.583796e-004
 9.814375e+002  1.476076e-004
 9.820562e+002  1.158913e-004
 9.826750e+002  1.083389e-004
 9.832937e+002  1.239614e-004
 9.839125e+002  1.187971e-004
 9.845312e+002  1.318443e-004
 9.851500e+002  1.488669e-004
 9.857687e+002  1.238384e-004
 9.863875e+002  1.042549e-004
 9.870062e+002  1.166870e-004
 9.876250e+002  1.102316e-004
 9.882437e+002  9.824991e-005
 9.888625e+002  1.036452e-004
 9.894812e+002  1.410290e-004
 9.901000e+002  1.451048e-004
 9.907187e+002  1.386896e-004
 9.913375e+002  1.359273e-004
 9.919562e+002  1.253257e-004
 9.925750e+002  1.081857e-004
 9.931937e+002  1.228449e-004
 9.938125e+002  1.359250e-004
 9.944312e+002  1.200455e-004
 9.950500e+002  1.346621e-004
 9.956687e+002  1.273935e-004
 9.962875e+002  1.263463e-004
 9.969062e+002  1.295060e-004
 9.975250e+002  1.248220e-004
 9.981437e+002  1.355543e-004
 9.987625e+002  1.433547e-004
 9.993812e+002  3.297297e-004
 1.000000e+003  3.832685e-004
