0.1 1.243492393362667e-10
0.1023292992280754 1.22925764318748e-10
0.10471285480509 1.215184460174679e-10
0.1071519305237607 1.201270931844905e-10
0.1096478196143185 1.187515165302014e-10
0.1122018454301963 1.173915286933438e-10
0.1148153621496883 1.160469442110794e-10
0.1174897554939529 1.147175794892457e-10
0.1202264434617413 1.134032527726807e-10
0.1230268770812381 1.121037841157575e-10
0.1258925411794167 1.108189953529225e-10
0.1288249551693134 1.095487100694158e-10
0.1318256738556407 1.082927535720933e-10
0.1348962882591653 1.070509528603473e-10
0.1380384264602884 1.058231365971349e-10
0.1412537544622754 1.046091350801066e-10
0.1445439770745927 1.034087802128589e-10
0.1479108388168207 1.022219054762656e-10
0.1513561248436207 1.010483458999557e-10
0.154881661891248 9.988793803385862e-11
0.1584893192461112 9.874051991988242e-11
0.1621810097358929 9.760593106372209e-11
0.1659586907437559 9.648401240676315e-11
0.1698243652461743 9.537460629813948e-11
0.1737800828749374 9.427755646689731e-11
0.1778279410038921 9.319270799437136e-11
0.1819700858609982 9.21199072866144e-11
0.1862087136662866 9.105900204708969e-11
0.1905460717963245 9.000984124952e-11
0.1949844599758043 8.897227511091491e-11
0.1995262314968878 8.794615506485426e-11
0.2041737944669527 8.693133373495187e-11
0.2089296130854037 8.592766490869766e-11
0.213796208950223 8.493500351145798e-11
0.218776162394955 8.395320558086702e-11
0.2238721138568337 8.298212824161623e-11
0.229086765276777 8.2021629680473e-11
0.2344228815319919 8.10715691219214e-11
0.2398832919019487 8.013180680412388e-11
0.2454708915685027 7.920220395549299e-11
0.2511886431509577 7.828262277175259e-11
0.2570395782768861 7.73729263936743e-11
0.2630267991895379 7.647297888550321e-11
0.2691534803926912 7.558264521407541e-11
0.2754228703338163 7.470179122883239e-11
0.281838293126445 7.383028364265742e-11
0.2884031503126602 7.296799001376954e-11
0.2951209226666382 7.211477872860272e-11
0.3019951720402012 7.127051898593873e-11
0.3090295432513586 7.043508078222249e-11
0.3162277660168375 6.960833489834587e-11
0.3235936569296278 6.879015288785564e-11
0.3311311214825907 6.798040706683456e-11
0.3388441561392021 6.717897050549884e-11
0.3467368504525312 6.638571702176239e-11
0.354813389233575 6.560052117678305e-11
0.3630780547701009 6.482325827276386e-11
0.371535229097172 6.405380435313511e-11
0.3801893963205606 6.329203620530587e-11
0.38904514499428 6.253783136611962e-11
0.3981071705534966 6.179106813035399e-11
0.4073802778041121 6.105162556224715e-11
0.4168693834703348 6.031938351051362e-11
0.426579518801592 5.959422262688966e-11
0.4365158322401653 5.88760243884695e-11
0.4466835921509624 5.816467112421996e-11
0.4570881896148742 5.746004604564639e-11
0.4677351412871974 5.676203328215763e-11
0.4786300923226375 5.607051792115033e-11
0.4897788193684454 5.538538605318582e-11
0.5011872336272715 5.470652482251407e-11
0.5128613839913641 5.403382248317429e-11
0.5248074602497718 5.336716846090844e-11
0.5370317963702519 5.270645342121412e-11
0.5495408738576236 5.205156934370258e-11
0.5623413251903481 5.140240960301342e-11
0.5754399373371559 5.075886905654754e-11
0.5888436553555879 5.012084413912988e-11
0.6025595860743567 4.948823296487771e-11
0.6165950018614811 4.886093543631867e-11
0.6309573444801921 4.823885336095543e-11
0.6456542290346544 4.762189057531854e-11
0.6606934480075949 4.700995307651194e-11
0.6760829753919806 4.640294916129902e-11
0.6918309709189353 4.580078957258315e-11
0.7079457843841367 4.520338765321878e-11
0.7244359600749888 4.461065950683523e-11
0.7413102413009162 4.402252416553216e-11
0.7585775750291823 4.343890376393429e-11
0.7762471166286903 4.285972371923366e-11
0.7943282347242799 4.228491291663574e-11
0.8128305161640976 4.171440389948304e-11
0.8317637711026693 4.114813306339721e-11
0.8511380382023747 4.058604085344046e-11
0.8709635899560788 4.00280719632936e-11
0.8912509381337437 3.947417553534821e-11
0.9120108393559078 3.892430536042083e-11
0.933254300796989 3.837842007568612e-11
0.9549925860214339 3.783648335927546e-11
0.9772372209558086 3.729846411995809e-11
0.9999999999999978 3.676433668004491e-11
1.023292992280752 3.62340809497015e-11
1.047128548050897 3.570768259061859e-11
1.071519305237604 3.518513316701905e-11
1.096478196143182 3.466643028177088e-11
1.122018454301961 3.415157769546278e-11
1.14815362149688 3.364058542614576e-11
1.174897554939527 3.313346982746556e-11
1.20226443461741 3.263025364299375e-11
1.230268770812378 3.213096603445431e-11
1.258925411794164 3.16356425818145e-11
1.28824955169313 3.114432525312282e-11
1.318256738556403 3.065706234225453e-11
1.34896288259165 3.017390837286842e-11
1.380384264602881 2.96949239670269e-11
1.41253754462275 2.922017567729826e-11
1.445439770745923 2.874973578134998e-11
1.479108388168203 2.828368203836361e-11
1.513561248436204 2.78220974070485e-11
1.548816618912477 2.736506972524628e-11
1.584893192461108 2.691269135164835e-11
1.621810097358925 2.646505877049546e-11
1.659586907437555 2.602227216054828e-11
1.698243652461739 2.558443493007352e-11
1.73780082874937 2.515165321998098e-11
1.778279410038917 2.472403537771161e-11
1.819700858609977 2.430169140478051e-11
1.862087136662861 2.388473238140483e-11
1.905460717963241 2.347326987179781e-11
1.949844599758039 2.306741531421797e-11
1.995262314968873 2.266727939995425e-11
2.041737944669523 2.227297144574293e-11
2.089296130854033 2.188459876428094e-11
2.137962089502225 2.150226603749912e-11
2.187761623949545 2.112607469745101e-11
2.238721138568332 2.075612231956232e-11
2.290867652767766 2.03925020329364e-11
2.344228815319914 2.00353019522887e-11
2.398832919019482 1.968460463592066e-11
2.454708915685022 1.934048657385917e-11
2.511886431509572 1.900301771001252e-11
2.570395782768855 1.867226100191284e-11
2.630267991895373 1.834827202116393e-11
2.691534803926906 1.803109859738032e-11
2.754228703338157 1.772078050794932e-11
2.818382931264444 1.741734921550695e-11
2.884031503126595 1.71208276545527e-11
2.951209226666375 1.683123006818175e-11
3.019951720402005 1.65485618954428e-11
3.090295432513579 1.627281970934682e-11
3.162277660168367 1.600399120516101e-11
3.23593656929627 1.574205523812326e-11
3.311311214825898 1.548698190935161e-11
3.388441561392012 1.523873269830896e-11
3.467368504525302 1.4997260639846e-11
3.54813389233574 1.476251054347377e-11
3.630780547700999 1.453441925228368e-11
3.71535229097171 1.43129159385919e-11
3.801893963205597 1.409792243323615e-11
3.89045144994279 1.388935358521272e-11
3.981071705534956 1.368711764819289e-11
4.07380277804111 1.349111669038846e-11
4.168693834703337 1.330124702409604e-11
4.265795188015909 1.311739965127562e-11
4.365158322401641 1.293946072148368e-11
4.466835921509612 1.276731199853672e-11
4.570881896148731 1.260083133233379e-11
4.677351412871962 1.243989313241512e-11
4.786300923226363 1.228436883991916e-11
4.89778819368444 1.213412739480818e-11
5.011872336272701 1.198903569540712e-11
5.128613839913625 1.184895904751298e-11
5.248074602497702 1.171376160056926e-11
5.370317963702503 1.158330676864982e-11
5.49540873857622 1.145745763424883e-11
5.623413251903465 1.133607733314653e-11
5.754399373371542 1.121902941887799e-11
5.888436553555861 1.110617820562245e-11
6.025595860743548 1.099738908856922e-11
6.165950018614792 1.089252884109539e-11
6.309573444801902 1.079146588832927e-11
6.456542290346524 1.069407055690066e-11
6.606934480075928 1.060021530092196e-11
6.760829753919785 1.050977490440935e-11
6.918309709189331 1.042262666056727e-11
7.079457843841344 1.033865052852786e-11
7.244359600749864 1.025772926823269e-11
7.413102413009137 1.017974855432384e-11
7.585775750291798 1.010459707000049e-11
7.762471166286877 1.003216658183613e-11
7.943282347242774 9.962351996692296e-12
8.128305161640951 9.895051401842368e-12
8.317637711026666 9.830166089491737e-12
8.51138038202372 9.767600566876969e-12
8.709635899560761 9.707262553139395e-12
8.912509381337408 9.649062964139534e-12
9.120108393559049 9.592915886381202e-12
9.332543007969861 9.538738541165093e-12
9.549925860214309 9.486451240046684e-12
9.772372209558055 9.435977332667294e-12
9.999999999999947 9.387243147916705e-12
10.23292992280749 9.340177929386775e-12
10.47128548050894 9.294713765983247e-12
10.71519305237601 9.250785518524849e-12
10.96478196143179 9.208330743086986e-12
11.22018454301957 9.167289611790359e-12
11.48153621496876 9.127604831688175e-12
11.74897554939523 9.089221562328262e-12
12.02264434617406 9.052087332527183e-12
12.30268770812375 9.016151956832384e-12
12.5892541179416 8.981367452102622e-12
12.88249551693127 8.947687954581414e-12
13.182567385564 8.915069637799211e-12
13.48962882591646 8.883470631588201e-12
13.80384264602877 8.852850942481899e-12
14.12537544622746 8.823172375678561e-12
14.45439770745919 8.794398458784999e-12
14.79108388168199 8.766494367467389e-12
15.13561248436199 8.739426853138855e-12
15.48816618912472 8.713164172774676e-12
15.84893192461104 8.687676020938191e-12
16.2181009735892 8.662933464054444e-12
16.5958690743755 8.638908876981427e-12
16.98243652461734 8.615575881880389e-12
17.37800828749365 8.59290928940162e-12
17.78279410038911 8.570885042165732e-12
18.19700858609972 8.549480160525919e-12
18.62087136662855 8.528672690579308e-12
19.05460717963235 8.508441654392266e-12
19.49844599758032 8.48876700238518e-12
19.95262314968866 8.469629567840394e-12
20.41737944669515 8.451011023464876e-12
20.89296130854025 8.432893839961753e-12
21.37962089502217 8.415261246538501e-12
21.87761623949537 8.398097193289056e-12
22.38721138568324 8.381386315396124e-12
22.90867652767757 8.365113899077598e-12
23.44228815319906 8.349265849203732e-12
23.98832919019474 8.333828658544644e-12
24.54708915685013 8.318789378548083e-12
25.11886431509562 8.30413559161365e-12
25.70395782768846 8.289855384778282e-12
26.30267991895363 8.275937324756789e-12
26.91534803926897 8.262370434284286e-12
27.54228703338147 8.249144169679411e-12
28.18382931264434 8.23624839959863e-12
28.84031503126585 8.22367338489953e-12
29.51209226666364 8.211409759568017e-12
30.19951720401994 8.199448512666823e-12
30.90295432513568 8.187780971238062e-12
31.62277660168356 8.176398784116147e-12
32.35936569296258 8.165293906614343e-12
33.11311214825886 8.154458586026217e-12
33.88441561392 8.143885347902159e-12
34.6736850452529 8.133566983071e-12
35.48133892335728 8.123496535347175e-12
36.30780547700986 8.113667289907119e-12
37.15352290971697 8.104072762285511e-12
38.01893963205583 8.094706687961196e-12
38.90451449942775 8.085563012499894e-12
39.81071705534941 8.076635882223995e-12
40.73802778041095 8.067919635384391e-12
41.68693834703321 8.059408793793739e-12
42.65795188015893 8.051098054908824e-12
43.65158322401625 8.042982284333341e-12
44.66835921509595 8.035056508707924e-12
45.70881896148713 8.027315908984119e-12
46.77351412871944 8.019755814040408e-12
47.86300923226344 8.01237169463139e-12
48.97788193684422 8.005159157657806e-12
50.11872336272682 7.998113940723874e-12
51.28613839913606 7.991231906972225e-12
52.48074602497682 7.984509040189441e-12
53.70317963702482 7.97794144015099e-12
54.95408738576199 7.971525318199647e-12
56.23413251903443 7.965256993056308e-12
57.5439937337152 7.959132886818296e-12
58.88436553555839 7.953149521171061e-12
60.25595860743526 7.947303513775018e-12
61.65950018614769 7.941591574829299e-12
63.09573444801878 7.936010503799697e-12
64.56542290346499 7.93055718630156e-12
66.06934480075903 7.925228591128986e-12
67.60829753919759 7.920021767421962e-12
69.18309709189305 7.914933841961152e-12
70.79457843841317 7.909962016592022e-12
72.44359600749837 7.905103565758887e-12
74.13102413009111 7.900355834150958e-12
75.85775750291771 7.895716234452456e-12
77.62471166286849 7.891182245189069e-12
79.43282347242744 7.886751408669943e-12
81.2830516164092 7.882421329015037e-12
83.17637711026636 7.878189670261705e-12
85.11380382023688 7.874054154559192e-12
87.09635899560728 7.870012560426528e-12
89.12509381337374 7.86606272108917e-12
91.20108393559013 7.862202522876752e-12
93.32543007969824 7.858429903684895e-12
95.4992586021427 7.85474285149751e-12
97.72372209558016 7.851139402967851e-12
99.99999999999906 7.847617642049635e-12
102.3292992280744 7.844175698680386e-12
104.712854805089 7.840811747513948e-12
107.1519305237596 7.837524006697804e-12
109.6478196143175 7.834310736697604e-12
112.2018454301953 7.831170239158369e-12
114.8153621496872 7.82810085580794e-12
117.4897554939518 7.825100967397484e-12
120.2264434617401 7.822168992680775e-12
123.026877081237 7.819303387425784e-12
125.8925411794155 7.816502643452291e-12
128.8249551693121 7.813765287714905e-12
131.8256738556394 7.811089881403876e-12
134.896288259164 7.808475019077538e-12
138.0384264602871 7.805919327828092e-12
141.253754462274 7.803421466460703e-12
144.5439770745913 7.800980124711231e-12
147.9108388168193 7.798594022480167e-12
151.3561248436193 7.796261909087429e-12
154.8816618912466 7.793982562556543e-12
158.4893192461097 7.791754788916739e-12
162.1810097358913 7.78957742151925e-12
165.9586907437543 7.787449320382862e-12
169.8243652461726 7.785369371550524e-12
173.7800828749357 7.783336486470395e-12
177.8279410038904 7.781349601386153e-12
181.9700858609964 7.779407676750627e-12
186.2087136662848 7.777509696654064e-12
190.5460717963227 7.77565466826389e-12
194.9844599758025 7.773841621284837e-12
199.5262314968859 7.772069607430077e-12
204.1737944669508 7.77033769990717e-12
208.9296130854017 7.768644992917543e-12
213.7962089502209 7.766990601166732e-12
218.7761623949529 7.765373659393711e-12
223.8721138568316 7.763793321900844e-12
229.0867652767749 7.762248762107352e-12
234.4228815319897 7.760739172108508e-12
239.8832919019465 7.759263762244374e-12
245.4708915685004 7.757821760683473e-12
251.1886431509553 7.756412413011995e-12
257.0395782768836 7.755034981838746e-12
263.0267991895354 7.753688746403177e-12
269.1534803926887 7.752373002197878e-12
275.4228703338136 7.751087060598982e-12
281.8382931264423 7.749830248503325e-12
288.4031503126574 7.748601907979318e-12
295.1209226666354 7.747401395918555e-12
301.9951720401983 7.746228083700808e-12
309.0295432513557 7.745081356869756e-12
316.2277660168345 7.743960614806839e-12
323.5936569296247 7.74286527042286e-12
331.1311214825874 7.741794749851837e-12
338.8441561391988 7.740748492148311e-12
346.7368504525278 7.739725949003093e-12
354.8133892335715 7.738726584451669e-12
363.0780547700973 7.737749874599814e-12
371.5352290971684 7.736795307351471e-12
380.1893963205569 7.735862382140689e-12
389.0451449942762 7.734950609676238e-12
398.1071705534927 7.734059511685021e-12
407.3802778041081 7.733188620665286e-12
416.8693834703306 7.732337479642034e-12
426.5795188015877 7.731505641937613e-12
436.5158322401609 7.730692670929692e-12
446.6835921509579 7.72989813983694e-12
457.0881896148697 7.729121631487907e-12
467.7351412871927 7.728362738112232e-12
478.6300923226327 7.727621061125497e-12
489.7788193684405 7.726896210925166e-12
501.1872336272664 7.726187806687331e-12
512.8613839913588 7.72549547617308e-12
524.8074602497665 7.724818855529941e-12
537.0317963702464 7.724157589107658e-12
549.5408738576181 7.723511329276064e-12
562.3413251903424 7.722879736238382e-12
575.4399373371501 7.722262477861816e-12
588.843655355582 7.72165922950197e-12
602.5595860743506 7.721069673836771e-12
616.5950018614748 7.720493500698424e-12
630.9573444801856 7.719930406895759e-12
645.6542290346476 7.719380096140948e-12
660.6934480075879 7.718842278767845e-12
676.0829753919735 7.718316671663898e-12
691.830970918928 7.717802998106127e-12
707.9457843841292 7.717300987619492e-12
724.4359600749812 7.716810375828148e-12
741.3102413009084 7.716330904326736e-12
758.5775750291745 7.715862320539797e-12
776.2471166286822 7.715404377598518e-12
794.3282347242717 7.714956834202368e-12
812.8305161640892 7.714519454499266e-12
831.7637711026607 7.714092007966911e-12
851.1380382023659 7.713674269284713e-12
870.9635899560698 7.713266018221516e-12
891.2509381337344 7.712867039518146e-12
912.0108393558983 7.712477122779713e-12
933.2543007969792 7.712096062361487e-12
954.9925860214238 7.711723657240963e-12
977.2372209557982 7.711359711002709e-12
999.9999999999872 7.711004031604453e-12
1023.292992280741 7.710656431360659e-12
1047.128548050886 7.71031672682667e-12
1071.519305237592 7.709984738701234e-12
1096.478196143171 7.709660291733229e-12
1122.018454301949 7.709343214632084e-12
1148.153621496868 7.709033339972241e-12
1174.897554939514 7.708730504114386e-12
1202.264434617397 7.708434547089548e-12
1230.268770812365 7.708145312609138e-12
1258.92541179415 7.707862647848429e-12
1288.249551693117 7.707586403454929e-12
1318.256738556389 7.707316433447199e-12
1348.962882591635 7.707052595142244e-12
1380.384264602866 7.706794749052275e-12
1412.537544622735 7.706542758907248e-12
1445.439770745908 7.706296491443794e-12
1479.108388168187 7.70605581642681e-12
1513.561248436187 7.705820606561658e-12
1548.81661891246 7.705590737420628e-12
1584.893192461092 7.705366087361127e-12
1621.810097358908 7.705146537548841e-12
1659.586907437538 7.704931971759983e-12
1698.243652461721 7.704722276410837e-12
1737.800828749352 7.704517340450571e-12
1778.279410038899 7.704317055400062e-12
1819.700858609958 7.704121315149064e-12
1862.087136662842 7.70393001597247e-12
1905.460717963221 7.703743056546248e-12
1949.844599758018 7.703560337754302e-12
1995.262314968852 7.703381762702948e-12
2041.737944669501 7.703207236741884e-12
2089.296130854011 7.703036667272904e-12
2137.962089502203 7.702869963774175e-12
2187.761623949522 7.70270703781332e-12
2238.721138568309 7.702547802835199e-12
2290.867652767741 7.702392174345437e-12
2344.22881531989 7.702240069608272e-12
2398.832919019457 7.702091407830856e-12
2454.708915684996 7.70194610993191e-12
2511.886431509545 7.701804098674728e-12
2570.395782768828 7.701665298448561e-12
2630.267991895345 7.701529635408427e-12
2691.534803926878 7.701397037255181e-12
2754.228703338128 7.701267433348253e-12
2818.382931264414 7.701140754611526e-12
2884.031503126565 7.701016933416247e-12
2951.209226666344 7.700895903686208e-12
3019.951720401973 7.700777600768761e-12
3090.295432513546 7.700661961425142e-12
3162.277660168334 7.700548923816488e-12
3235.936569296236 7.700438427398231e-12
3311.311214825863 7.700330412942667e-12
3388.441561391976 7.700224822542317e-12
3467.368504525266 7.700121599510928e-12
3548.133892335703 7.70002068835331e-12
3630.78054770096 7.699922034823351e-12
3715.352290971671 7.699825585763234e-12
3801.893963205556 7.699731289159283e-12
3890.451449942748 7.699639094064877e-12
3981.071705534913 7.699548950669858e-12
4073.802778041067 7.699460810104958e-12
4168.693834703292 7.699374624598864e-12
4265.795188015863 7.699290347276319e-12
4365.158322401594 7.6992079322957e-12
4466.835921509563 7.699127334657758e-12
4570.88189614868 7.699048510328027e-12
4677.351412871911 7.69897141612115e-12
4786.30092322631 7.698896009701261e-12
4897.788193684387 7.698822249552912e-12
5011.872336272646 7.698750094959353e-12
5128.61383991357 7.698679505950665e-12
5248.074602497645 7.698610443369208e-12
5370.317963702444 7.698542868700496e-12
5495.40873857616 7.698476744204213e-12
5623.413251903404 7.698412032733976e-12
5754.39937337148 7.69834869785942e-12
5888.436553555798 7.698286703749795e-12
6025.595860743483 7.698226015181711e-12
6165.950018614725 7.69816659749057e-12
6309.573444801834 7.698108416630507e-12
6456.542290346454 7.698051438994376e-12
6606.934480075856 7.697995631561979e-12
6760.829753919711 7.697940961765855e-12
6918.309709189256 7.697887397516738e-12
7079.457843841267 7.697834907126976e-12
7244.359600749786 7.697783459397736e-12
7413.102413009058 7.697733023410164e-12
7585.775750291717 7.697683568738006e-12
7762.471166286794 7.697635065203483e-12
7943.282347242689 7.697587483034973e-12
8128.305161640863 7.697540792664698e-12
8317.637711026577 7.697494964864225e-12
8511.380382023628 7.697449970612445e-12
8709.635899560666 7.697405781141108e-12
8912.509381337311 7.697362367892106e-12
9120.10839355895 7.697319702440967e-12
9332.54300796976 7.697277756501966e-12
9549.925860214205 7.697236501969045e-12
9772.372209557949 7.697195910801457e-12
9999.999999999838 7.697155954975245e-12
10232.92992280738 7.697116606568085e-12
10471.28548050883 7.697077837696981e-12
10715.19305237589 7.697039620343427e-12
10964.78196143167 7.697001926594969e-12
11220.18454301945 7.696964725290413e-12
11481.53621496864 7.696927994331815e-12
11748.9755493951 7.696891702384253e-12
12022.64434617393 7.696855820950536e-12
12302.68770812361 7.696820321424029e-12
12589.25411794147 7.696785174807722e-12
12882.49551693113 7.696750351920816e-12
13182.56738556385 7.696715823337895e-12
13489.62882591631 7.696681559204535e-12
13803.84264602862 7.696647529317191e-12
14125.37544622731 7.696613703027838e-12
14454.39770745904 7.696580049318571e-12
14791.08388168183 7.696546536582723e-12
15135.61248436183 7.696513132769754e-12
15488.16618912456 7.696479805123487e-12
15848.93192461087 7.696446520422754e-12
16218.10097358903 7.696413244695889e-12
16595.86907437533 7.69637994325053e-12
16982.43652461716 7.696346580716351e-12
17378.00828749346 7.696313120836787e-12
17782.79410038893 7.69627952647052e-12
18197.00858609953 7.696245759774539e-12
18620.87136662836 7.69621178171485e-12
19054.60717963215 7.696177552439855e-12
19498.44599758012 7.696143027953528e-12
19952.62314968846 7.696108172024382e-12
20417.37944669495 7.696072938461885e-12
20892.96130854004 7.6960372825819e-12
21379.62089502196 7.696001158652359e-12
21877.61623949515 7.695964519471229e-12
22387.21138568301 7.695927316426926e-12
22908.67652767734 7.695889499370799e-12
23442.28815319882 7.695851016927685e-12
23988.32919019449 7.69581181568405e-12
24547.08915684988 7.695771840854517e-12
25118.86431509537 7.695731032660442e-12
25703.95782768819 7.695689338616111e-12
26302.67991895336 7.695646695473402e-12
26915.34803926869 7.695603040977784e-12
27542.28703338119 7.695558310891703e-12
28183.82931264405 7.695512438750575e-12
28840.31503126556 7.695465356390889e-12
29512.09226666335 7.695416989638223e-12
30199.51720401964 7.695367271358388e-12
30902.95432513537 7.695316123376031e-12
31622.77660168324 7.695263467535677e-12
32359.36569296226 7.695209224373197e-12
33113.11214825853 7.695153310922019e-12
33884.41561391966 7.695095638615744e-12
34673.68504525255 7.69503612531686e-12
35481.33892335692 7.694974677830273e-12
36307.80547700949 7.694911203097573e-12
37153.52290971659 7.694845600854851e-12
38018.93963205544 7.694777778950342e-12
38904.51449942737 7.694707632658097e-12
39810.71705534901 7.694635057270056e-12
40738.02778041054 7.694559942691608e-12
41686.93834703279 7.694482183103071e-12
42657.95188015849 7.694401666006093e-12
43651.58322401581 7.694318270647068e-12
44668.3592150955 7.694231885475894e-12
45708.81896148667 7.694142385732779e-12
46773.51412871897 7.69404964736858e-12
47863.00923226296 7.69395354708209e-12
48977.88193684373 7.693853950816432e-12
50118.72336272631 7.693750735858906e-12
51286.13839913555 7.693643765662673e-12
52480.7460249763 7.6935329084855e-12
53703.17963702428 7.693418025128338e-12
54954.08738576144 7.693298985515068e-12
56234.13251903386 7.693175643997982e-12
57543.99373371462 7.69304786902948e-12
58884.36553555779 7.692915518450809e-12
60255.95860743464 7.692778451685777e-12
61659.50018614706 7.692636536086557e-12
63095.73444801814 7.692489629776338e-12
64565.42290346434 7.692337601281692e-12
66069.34480075835 7.692180318098093e-12
67608.29753919689 7.692017648217078e-12
69183.09709189233 7.691849472779322e-12
70794.57843841244 7.691675659860139e-12
72443.59600749762 7.691496101746004e-12
74131.02413009033 7.691310687217751e-12
75857.75750291692 7.69111931360403e-12
77624.71166286769 7.690921886975172e-12
79432.82347242662 7.690718318765869e-12
81283.05161640835 7.690508541717653e-12
83176.37711026549 7.690292492351727e-12
85113.80382023599 7.690070114756551e-12
87096.35899560637 7.689841376347294e-12
89125.09381337282 7.689606262492072e-12
91201.08393558919 7.689364764420456e-12
93325.43007969728 7.689116905108127e-12
95499.25860214172 7.68886271781829e-12
97723.72209557916 7.688602260784172e-12
99999.99999999804 7.688335620310202e-12
102329.2992280734 7.688062902295127e-12
104712.8548050879 7.687784237610447e-12
107151.9305237585 7.687499791468865e-12
109647.8196143163 7.687209755790788e-12
112201.8454301941 7.686914357857375e-12
114815.362149686 7.686613858530893e-12
117489.7554939506 7.68630854922646e-12
120226.4434617389 7.685998762642913e-12
123026.8770812357 7.685684867566801e-12
125892.5411794142 7.685367272712149e-12
128824.9551693108 7.685046429119061e-12
131825.673855638 7.684722831192492e-12
134896.2882591626 7.684397009244929e-12
138038.4264602857 7.684069553970964e-12
141253.7544622725 7.683741085996214e-12
144543.9770745898 7.683412282859926e-12
147910.8388168177 7.683083863407114e-12
151356.1248436177 7.682756593086141e-12
154881.6618912449 7.682431293984102e-12
158489.3192461081 7.682108824943575e-12
162181.0097358896 7.681790102485098e-12
165958.6907437526 7.681476082436804e-12
169824.3652461709 7.681167770563471e-12
173780.0828749339 7.680866223198298e-12
177827.9410038886 7.680572537544885e-12
181970.0858609946 7.680287856532964e-12
186208.7136662829 7.680013371202522e-12
190546.0717963207 7.679750310460968e-12
194984.4599758004 7.679499948291711e-12
199526.2314968838 7.679263601327637e-12
204173.7944669486 7.679042614424388e-12
208929.6130853995 7.678838375895021e-12
213796.2089502187 7.678652317924988e-12
218776.1623949506 7.678485893912605e-12
223872.1138568292 7.678340601624886e-12
229086.7652767724 7.678217961183181e-12
234422.8815319872 7.678119519409203e-12
239883.2919019439 7.678046865280911e-12
245470.8915684978 7.678001611281218e-12
251188.6431509526 7.677985388583626e-12
257039.5782768809 7.677999854150408e-12
263026.7991895325 7.678046700603053e-12
269153.4803926857 7.678127639532887e-12
275422.8703338107 7.678244397452273e-12
281838.2931264393 7.678398739040976e-12
288403.1503126543 7.678592444215805e-12
295120.9226666322 7.678827306397482e-12
301995.172040195 7.679105168176326e-12
309029.5432513523 7.67942785967834e-12
316227.766016831 7.679797277306404e-12
323593.6569296212 7.680215316078599e-12
331131.1214825838 7.680683895404076e-12
338844.1561391951 7.681204980322178e-12
346736.850452524 7.681780541778555e-12
354813.3892335676 7.682412608191437e-12
363078.0547700933 7.683103216014731e-12
371535.2290971643 7.683854437005519e-12
380189.3963205527 7.684668387103136e-12
389045.1449942719 7.68554719997816e-12
398107.1705534884 7.686493054647703e-12
407380.2778041036 7.687508176324418e-12
416869.3834703261 7.688594803737465e-12
426579.5188015831 7.68975522378872e-12
436515.8322401562 7.69099177176373e-12
446683.5921509531 7.692306802610635e-12
457088.1896148648 7.693702721490146e-12
467735.1412871877 7.695181962516205e-12
478630.0923226276 7.69674699318519e-12
489778.8193684352 7.698400327244949e-12
501187.233627261 7.700144496484722e-12
512861.3839913533 7.701982066331221e-12
524807.4602497608 7.703915630437528e-12
537031.7963702406 7.705947797217423e-12
549540.8738576121 7.708081188611685e-12
562341.3251903363 7.710318464656122e-12
575439.9373371438 7.712662242016299e-12
588843.6553555755 7.715115177396866e-12
602559.586074344 7.717679898622998e-12
616595.0018614681 7.720359011921953e-12
630957.3444801788 7.723155094887142e-12
645654.2290346407 7.726070691394559e-12
660693.4480075808 7.729108273249972e-12
676082.9753919662 7.732270267871753e-12
691830.9709189205 7.735558995044087e-12
707945.7843841215 7.738976698933697e-12
724435.9600749733 7.742525497735644e-12
741310.2413009004 7.746207361471693e-12
758577.5750291662 7.75002413617825e-12
776247.1166286737 7.753977469746124e-12
794328.2347242631 7.758068817484599e-12
812830.5161640804 7.76229941488534e-12
831763.7711026516 7.766670246773957e-12
851138.0382023565 7.771182038381941e-12
870963.5899560602 7.775835196304803e-12
891250.9381337245 7.780629808002001e-12
912010.8393558882 7.785565609170787e-12
933254.300796969 7.790641929005819e-12
954992.5860214133 7.795857691658067e-12
977237.2209557875 7.801211367853021e-12
999999.9999999763 7.80670094338606e-12
1023292.99228073 7.812323875149582e-12
1047128.548050875 7.818077088171489e-12
1071519.305237581 7.823956912939329e-12
1096478.196143159 7.829959071189179e-12
1122018.454301937 7.836078635252386e-12
1148153.621496855 7.842309988607587e-12
1174897.554939501 7.848646826829561e-12
1202264.434617384 7.855082090237447e-12
1230268.770812352 7.861607964332101e-12
1258925.411794137 7.868215834905041e-12
1288249.551693103 7.874896284051919e-12
1318256.738556375 7.881639046255583e-12
1348962.882591621 7.888433026521511e-12
1380384.264602852 7.895266228389424e-12
1412537.54462272 7.902125818579017e-12
1445439.770745893 7.9089980416027e-12
1479108.388168172 7.915868269264033e-12
1513561.248436171 7.922720963370495e-12
1548816.618912444 7.929539718351242e-12
1584893.192461075 7.936307241878438e-12
1621810.09735889 7.943005352510238e-12
1659586.90743752 7.949615043377692e-12
1698243.652461703 7.956116446143873e-12
1737800.828749333 7.962488905971105e-12
1778279.410038879 7.968710968781157e-12
1819700.858609939 7.974760425646773e-12
1862087.136662822 7.980614382358173e-12
1905460.717963201 7.98624922336331e-12
1949844.599757998 7.991640726105641e-12
1995262.314968831 7.996764069139521e-12
2041737.944669479 8.001593879982648e-12
2089296.130853988 8.006104286378586e-12
2137962.08950218 8.010268979125789e-12
2187761.623949499 8.014061243668629e-12
2238721.138568284 8.017454017055148e-12
2290867.652767716 8.020419949766105e-12
2344228.815319864 8.022931453447249e-12
2398832.919019431 8.024960728608748e-12
2454708.915684969 8.026479882058405e-12
2511886.431509518 8.027460879552304e-12
2570395.7827688 8.02787568681087e-12
2630267.991895317 8.027696264324119e-12
2691534.803926849 8.026894642328368e-12
2754228.703338098 8.025442931190901e-12
2818382.931264383 8.023313414179866e-12
2884031.503126534 8.020478554838535e-12
2951209.226666312 8.016911032886849e-12
3019951.72040194 8.012583818686548e-12
3090295.432513513 8.007470186387817e-12
3162277.660168299 8.001543755119682e-12
3235936.569296201 7.994778531498717e-12
3311311.214825827 7.987148948235803e-12
3388441.561391939 7.978629913698271e-12
3467368.504525228 7.96919681128452e-12
3548133.892335664 7.958825587007719e-12
3630780.547700921 7.947492756021491e-12
3715352.290971631 7.935175464935117e-12
3801893.963205515 7.921851529249078e-12
3890451.449942707 7.907499464276217e-12
3981071.705534871 7.892098574546413e-12
4073802.778041023 7.875628956938833e-12
4168693.834703247 7.858071593552298e-12
4265795.188015817 7.839408388773167e-12
4365158.322401547 7.819622230086233e-12
4466835.921509515 7.798697080886025e-12
4570881.896148631 7.776618009443789e-12
4677351.41287186 7.753371291357911e-12
4786300.923226259 7.728944455735527e-12
4897788.193684334 7.703326392153811e-12
5011872.336272592 7.676507409665469e-12
5128613.839913514 7.648479322709328e-12
5248074.602497589 7.619235531250341e-12
5370317.963702387 7.588771123325557e-12
5495408.738576102 7.557082929547674e-12
5623413.251903344 7.524169619008992e-12
5754399.373371419 7.490031803846699e-12
5888436.553555735 7.45467207049993e-12
6025595.860743419 7.418095101564568e-12
6165950.01861466 7.380307737784077e-12
6309573.444801766 7.341319013048486e-12
6456542.290346385 7.301140264293814e-12
6606934.480075786 7.259785161894422e-12
6760829.75391964 7.217269747835568e-12
6918309.709189182 7.173612497405466e-12
7079457.843841192 7.128834317173174e-12
7244359.60074971 7.082958607941224e-12
7413102.41300898 7.036011218917573e-12
7585775.750291637 6.988020465012194e-12
7762471.166286712 6.939017120524563e-12
7943282.347242604 6.889034376457667e-12
8128305.161640776 6.838107777049573e-12
8317637.711026489 6.786275207586715e-12
8511380.382023538 6.73357676827635e-12
8709635.899560574 6.680054725609922e-12
8912509.381337218 6.625753399332721e-12
9120108.393558854 6.570719047475055e-12
9332543.007969661 6.514999754601856e-12
9549925.860214103 6.458645283105004e-12
9772372.209557844 6.401706936321048e-12
9999999.999999732 6.344237390585315e-12
10232929.92280727 6.286290543518996e-12
10471285.48050871 6.227921324752198e-12
10715193.05237578 6.169185533072193e-12
10964781.96143156 6.110139642734862e-12
11220184.54301933 6.050840613201739e-12
11481536.21496852 5.991345705492095e-12
11748975.54939498 5.931712290431535e-12
12022644.3461738 5.87199764679476e-12
12302687.70812348 5.812258786880989e-12
12589254.11794133 5.752552258056805e-12
12882495.51693099 5.692933968043197e-12
13182567.38556371 5.633459014548381e-12
13489628.82591617 5.574181496886864e-12
13803842.64602847 5.515154374928941e-12
14125375.44622716 5.456429300236198e-12
14454397.70745888 5.398056481738995e-12
14791083.88168167 5.340084549266599e-12
15135612.48436167 5.282560425624375e-12
15488166.18912439 5.225529225866361e-12
15848931.9246107 5.169034137598341e-12
16218100.97358885 5.113116349659166e-12
16595869.07437515 5.057814966801885e-12
16982436.52461698 5.003166936704481e-12
17378008.28749327 4.949207009264043e-12
17782794.10038874 4.895967683704141e-12
18197008.58609933 4.843479177842511e-12
18620871.36662816 4.79176940541833e-12
19054607.17963194 4.74086396898999e-12
19498445.99757991 4.690786159046329e-12
19952623.14968824 4.641556955491816e-12
20417379.44669473 4.593195053821533e-12
20892961.30853982 4.545716885378692e-12
21379620.89502173 4.499136653022522e-12
21877616.23949492 4.453466370073356e-12
22387211.38568277 4.40871591341826e-12
22908676.52767709 4.364893070173936e-12
23442288.15319857 4.322003600433414e-12
23988329.19019423 4.280051304376157e-12
24547089.15684962 4.239038082103259e-12
25118864.3150951 4.198964016702378e-12
25703957.82768792 4.159827440443611e-12
26302679.91895308 4.12162501869059e-12
26915348.0392684 4.084351826891169e-12
27542287.03338089 4.048001434603283e-12
28183829.31264374 4.012565988831879e-12
28840315.03126525 3.978036296714478e-12
29512092.26666303 3.944401912733884e-12
30199517.20401931 3.91165122067063e-12
30902954.32513503 3.879771521319509e-12
31622776.6016829 3.848749114412318e-12
32359365.69296191 3.818569384685057e-12
33113112.14825817 3.78921688204781e-12
33884415.6139193 3.760675405422151e-12
34673685.04525218 3.732928082734691e-12
35481338.92335654 3.705957450466021e-12
36307805.4770091 3.679745531935809e-12
37153522.9097162 3.654273913851047e-12
38018939.63205504 3.629523824029822e-12
38904514.49942695 3.605476205037001e-12
39810717.05534859 3.58211179074952e-12
40738027.78041011 3.559411179199787e-12
41686938.34703235 3.537354909799041e-12
42657951.88015805 3.515923537265855e-12
43651583.22401536 3.495097710950318e-12
44668359.21509504 3.474858254712351e-12
45708818.96148621 3.455186250594966e-12
46773514.12871849 3.436063130614928e-12
47863009.23226247 3.417470772149059e-12
48977881.93684322 3.399391604898395e-12
50118723.3627258 3.381808731064952e-12
51286138.39913502 3.36470605987024e-12
52480746.02497576 3.348068464000725e-12
53703179.63702374 3.331881962107644e-12
54954087.38576088 3.316133935902055e-12
56234132.5190333 3.300813390487104e-12
57543993.73371404 3.285911271552906e-12
58884365.53555721 3.271420855755956e-12
60255958.60743405 3.257338235091711e-12
61659500.18614645 3.243662927697917e-12
63095734.44801751 3.230398651347835e-12
64565422.90346369 3.217554317541029e-12
66069344.8007577 3.205145319277469e-12
67608297.53919622 3.193195220182714e-12
69183097.09189165 3.181737994212278e-12
70794578.43841174 3.170821032357535e-12
72443596.00749691 3.160509232056677e-12
74131024.1300896 3.150890637429446e-12
75857757.50291617 3.142084336724175e-12
77624711.66286692 3.134251701072153e-12
79432823.47242585 3.127612663772796e-12
81283051.61640757 3.122469754663759e-12
83176377.11026469 3.119244322274717e-12
85113803.82023518 3.11853234178614e-12
87096358.99560553 3.121192432986024e-12
89125093.81337196 3.128488050979187e-12
91201083.93558832 3.142322582202384e-12
93325430.07969639 3.165635508766691e-12
95499258.60214081 3.203074403951166e-12
97723722.09557822 3.262103430350367e-12
99999999.99999708 3.354593341807395e-12
102329299.2280724 3.497782896262559e-12
104712854.8050869 3.707605391075982e-12
107151930.5237575 3.959388683233238e-12
109647819.6143153 4.105196868839799e-12
112201845.430193 3.969886701461094e-12
114815362.1496849 3.661239563817928e-12
117489755.4939495 3.378813888579003e-12
120226443.4617377 3.178242655087613e-12
123026877.0812345 3.042795210539297e-12
125892541.179413 2.949134233996731e-12
128824955.1693096 2.881157971142356e-12
131825673.8556368 2.829092806354641e-12
134896288.2591614 2.787111448487074e-12
138038426.4602844 2.751684054779461e-12
141253754.4622712 2.720615157935146e-12
144543977.0745884 2.692499517789701e-12
147910838.8168163 2.666412464757192e-12
151356124.8436163 2.641729908180737e-12
154881661.8912435 2.618020981038779e-12
158489319.2461066 2.594982288567618e-12
162181009.7358882 2.572396590489736e-12
165958690.7437511 2.550106203751941e-12
169824365.2461694 2.527995491112998e-12
173780082.8749323 2.505979090791732e-12
177827941.003887 2.483993849282087e-12
181970085.8609929 2.461993193225291e-12
186208713.6662812 2.43994313454294e-12
190546071.796319 2.417819390691079e-12
194984459.9757987 2.395605274460436e-12
199526231.496882 2.373290126073121e-12
204173794.4669468 2.350868129013768e-12
208929613.0853977 2.328337403045561e-12
213796208.9502168 2.30569929827143e-12
218776162.3949487 2.282957837072697e-12
223872113.8568272 2.260119265520273e-12
229086765.2767704 2.237191687156854e-12
234422881.5319852 2.214184758426346e-12
239883291.9019418 2.191109431653741e-12
245470891.5684957 2.16797773404835e-12
251188643.1509505 2.144802575468022e-12
257039578.2768787 2.121597578278194e-12
263026799.1895303 2.098376925283188e-12
269153480.3926834 2.075155221768277e-12
275422870.3338083 2.051947370490348e-12
281838293.1264368 2.028768456097121e-12
288403150.3126518 2.005633638929694e-12
295120922.6666296 1.982558056283216e-12
301995172.0401924 1.959556731374177e-12
309029543.2513496 1.936644488494735e-12
316227766.0168282 1.913835874522001e-12
323593656.9296184 1.891145086289277e-12
331131121.482581 1.868585903800574e-12
338844156.1391922 1.846171628818695e-12
346736850.452521 1.823915029056999e-12
354813389.2335646 1.801828287486984e-12
363078054.7700902 1.779922956979181e-12
371535229.0971612 1.758209919986205e-12
380189396.3205495 1.736699353207685e-12
389045144.9942687 1.715400696991092e-12
398107170.553485 1.694322629761833e-12
407380277.8041002 1.673473046676387e-12
416869383.4703226 1.652859043119766e-12
426579518.8015795 1.632486902094482e-12
436515832.2401525 1.61236208607158e-12
446683592.1509494 1.592489232595104e-12
457088189.614861 1.572872153714533e-12
467735141.2871838 1.55351383909509e-12
478630092.3226236 1.534416462434283e-12
489778819.368431 1.515581391176217e-12
501187233.6272568 1.497009199268926e-12
512861383.9913489 1.478699682883008e-12
524807460.2497563 1.460651878752885e-12
537031796.370236 1.442864085214219e-12
549540873.8576075 1.425333885652355e-12
562341325.1903316 1.408058174245872e-12
575439937.337139 1.391033184053877e-12
588843655.3555706 1.374254517287189e-12
602559586.0743389 1.357717177695731e-12
616595001.8614628 1.341415605297684e-12
630957344.4801735 1.325343713428569e-12
645654229.0346353 1.309494928398064e-12
660693448.0075753 1.293862232185203e-12
676082975.3919605 1.278438208740113e-12
691830970.9189147 1.263215094795447e-12
707945784.3841156 1.248184836630479e-12
724435960.0749671 1.233339154636698e-12
741310241.300894 1.21866961852827e-12
758577575.0291597 1.204167736793138e-12
776247116.628667 1.189825064808431e-12
794328234.7242562 1.175633335055465e-12
812830516.1640732 1.161584606783528e-12
831763771.1026443 1.147671410033271e-12
851138038.2023492 1.133886790924541e-12
870963589.9560527 1.120223980147673e-12
891250938.1337168 1.106674964102166e-12
912010839.3558804 1.093226454846804e-12
933254300.7969609 1.079851623186864e-12
954992586.0214051 1.066501486828179e-12
977237220.9557791 1.053116191053772e-12
999999999.9999676 1.039671547945282e-12
1023292992.280721 1.026205560798837e-12
1047128548.050866 1.012772971339509e-12
1071519305.237572 9.99398494801136e-13
1096478196.143149 9.860780685033728e-13
1122018454.301927 9.727964513811673e-13
1148153621.496845 9.595376207909127e-13
1174897554.939491 9.462879785827547e-13
1202264434.617373 9.330366083556257e-13
1230268770.812341 9.197747975597435e-13
1258925411.794126 9.064955429846078e-13
1288249551.693092 8.931931897524664e-13
1318256738.556364 8.798631951403507e-13
1348962882.591609 8.665019806828584e-13
1380384264.602839 8.531068410871548e-13
1412537544.622708 8.396758881323455e-13
1445439770.74588 8.262080153871107e-13
1479108388.168159 8.127028748456288e-13
1513561248.436158 7.9916085984228e-13
1548816618.91243 7.855830906751539e-13
1584893192.461061 7.719714006836738e-13
1621810097.358876 7.583283212826804e-13
1659586907.437505 7.446570650269832e-13
1698243652.461688 7.309615060948247e-13
1737800828.749318 7.172461578312076e-13
1778279410.038864 7.035161471714075e-13
1819700858.609923 6.897771858207121e-13
1862087136.662805 6.760355382897339e-13
1905460717.963184 6.622979868176568e-13
1949844599.75798 6.485717933849729e-13
1995262314.968813 6.348646590200548e-13
2041737944.669461 6.21184680676981e-13
2089296130.85397 6.075403059583414e-13
2137962089.502161 5.939402860440078e-13
2187761623.949479 5.803936271566835e-13
2238721138.568264 5.669095409697685e-13
2290867652.767696 5.534973943064726e-13
2344228815.319843 5.401666585631291e-13
2398832919.01941 5.269268592230234e-13
2454708915.684947 5.137875258478547e-13
2511886431.509495 5.007581429421727e-13
2570395782.768777 4.878481020140737e-13
2630267991.895293 4.750666551848047e-13
2691534803.926825 4.624228706375604e-13
2754228703.338073 4.499255901805674e-13
2818382931.264359 4.375833891501511e-13
2884031503.126508 4.254045388512363e-13
2951209226.666286 4.133969716889229e-13
3019951720.401914 4.015682490979646e-13
3090295432.513485 3.899255323451147e-13
3162277660.168272 3.784755562328505e-13
3235936569.296172 3.67224605701097e-13
3311311214.825798 3.561784952760183e-13
3388441561.391909 3.453425513108799e-13
3467368504.525197 3.347215969109339e-13
3548133892.335632 3.243199394299299e-13
3630780547.700888 3.141413604147494e-13
3715352290.971597 3.04189107865677e-13
3801893963.205481 2.94465890679688e-13
3890451449.942671 2.84973875160959e-13
3981071705.534834 2.757146835002951e-13
4073802778.040986 2.666893941456833e-13
4168693834.703209 2.578985440292543e-13
4265795188.015779 2.493421326485981e-13
4365158322.401508 2.410196280521294e-13
4466835921.509476 2.329299748247976e-13
4570881896.148591 2.250716042262765e-13
4677351412.871819 2.174424466859992e-13
4786300923.226216 2.100399469120076e-13
4897788193.684291 2.028610819174275e-13
5011872336.272548 1.95902382311161e-13
5128613839.913469 1.891599572251617e-13
5248074602.497542 1.826295232690342e-13
5370317963.702339 1.763064379029594e-13
5495408738.576053 1.70185737590095e-13
5623413251.903294 1.642621810447724e-13
5754399373.371367 1.58530297808299e-13
5888436553.555683 1.529844422619884e-13
6025595860.743366 1.476188530273046e-13
6165950018.614605 1.424277174825091e-13
6309573444.80171 1.374052408533148e-13
6456542290.346328 1.325457189952721e-13
6606934480.075727 1.278436135718541e-13
6760829753.91958 1.232936278575709e-13
6918309709.189121 1.188907808439282e-13
7079457843.841129 1.146304767420813e-13
7244359600.749645 1.105085663693333e-13
7413102413.008914 1.065213963458776e-13
7585775750.291571 1.02665841582261e-13
7762471166.286644 9.893931630350609e-14
7943282347.242535 9.533975895644348e-14
8128305161.640705 9.186558689906203e-14
8317637711.026416 8.851561790188533e-14
8511380382.023463 8.528895728024868e-14
8709635899.560497 8.218485195071075e-14
8912509381.337139 7.920251579613361e-14
9120108393.558773 7.634093424493095e-14
9332543007.969578 7.359865960933462e-14
9549925860.214018 7.097361205958468e-14
9772372209.557756 6.846290364442029e-14
10000000000 6.606270401735778e-14
