 1.000000e+000  1.003634e-003
 1.247500e+000  7.390303e-004
 1.495000e+000  6.600389e-004
 1.742500e+000  6.212061e-004
 1.990000e+000  7.024151e-004
 2.237500e+000  6.988683e-004
 2.485000e+000  5.452238e-004
 2.732500e+000  4.582210e-004
 2.980000e+000  5.149547e-004
 3.227500e+000  3.847807e-004
 3.475000e+000  3.386503e-004
 3.722500e+000  3.104799e-004
 3.970000e+000  3.479323e-004
 4.217500e+000  3.810569e-004
 4.465000e+000  3.702216e-004
 4.712500e+000  3.615753e-004
 4.960000e+000  2.165556e-004
 5.207500e+000  2.112771e-004
 5.455000e+000  2.476903e-004
 5.702500e+000  2.657827e-004
 5.950000e+000  2.675448e-004
 6.197500e+000  3.086107e-004
 6.445000e+000  2.651001e-004
 6.692500e+000  2.380038e-004
 6.940000e+000  2.771888e-004
 7.187500e+000  1.901402e-004
 7.435000e+000  2.017753e-004
 7.682500e+000  1.801457e-004
 7.930000e+000  1.759532e-004
 8.177500e+000  2.137695e-004
 8.425000e+000  2.125059e-004
 8.672500e+000  1.796880e-004
 8.920000e+000  1.833856e-004
 9.167500e+000  1.761458e-004
 9.415000e+000  1.768228e-004
 9.662500e+000  2.023367e-004
 9.910000e+000  2.015446e-004
 1.015750e+001  2.441385e-004
 1.040500e+001  1.882961e-004
 1.065250e+001  1.717265e-004
 1.090000e+001  1.991757e-004
 1.114750e+001  1.934705e-004
 1.139500e+001  2.361584e-004
 1.164250e+001  2.331465e-004
 1.189000e+001  1.807136e-004
 1.213750e+001  2.119614e-004
 1.238500e+001  1.675387e-004
 1.263250e+001  1.557891e-004
 1.288000e+001  1.221059e-004
 1.312750e+001  1.269010e-004
 1.337500e+001  1.949895e-004
 1.362250e+001  2.247008e-004
 1.387000e+001  2.096393e-004
 1.411750e+001  1.645266e-004
 1.436500e+001  1.356691e-004
 1.461250e+001  1.743884e-004
 1.486000e+001  2.100387e-004
 1.510750e+001  1.443072e-004
 1.535500e+001  1.408651e-004
 1.560250e+001  1.196728e-004
 1.585000e+001  1.050904e-004
 1.609750e+001  1.730308e-004
 1.634500e+001  1.906863e-004
 1.659250e+001  1.994505e-004
 1.684000e+001  1.364458e-004
 1.708750e+001  1.548296e-004
 1.733500e+001  1.500138e-004
 1.758250e+001  1.374663e-004
 1.783000e+001  1.355814e-004
 1.807750e+001  1.308581e-004
 1.832500e+001  1.351284e-004
 1.857250e+001  1.836995e-004
 1.882000e+001  1.713303e-004
 1.906750e+001  1.323382e-004
 1.931500e+001  1.441052e-004
 1.956250e+001  1.489347e-004
 1.981000e+001  1.931781e-004
 2.005750e+001  1.332971e-004
 2.030500e+001  1.353358e-004
 2.055250e+001  1.520247e-004
 2.080000e+001  1.582973e-004
 2.104750e+001  1.398114e-004
 2.129500e+001  1.183178e-004
 2.154250e+001  1.050593e-004
 2.179000e+001  1.230952e-004
 2.203750e+001  1.158008e-004
 2.228500e+001  1.756112e-004
 2.253250e+001  1.430751e-004
 2.278000e+001  9.521685e-005
 2.302750e+001  1.595895e-004
 2.327500e+001  1.314857e-004
 2.352250e+001  8.355680e-005
 2.377000e+001  1.147454e-004
 2.401750e+001  1.417911e-004
 2.426500e+001  1.845588e-004
 2.451250e+001  1.956905e-004
 2.476000e+001  1.441151e-004
 2.500750e+001  1.634213e-004
 2.525500e+001  1.464294e-004
 2.550250e+001  1.261518e-004
 2.575000e+001  8.272817e-005
 2.599750e+001  1.422646e-004
 2.624500e+001  1.524798e-004
 2.649250e+001  1.125428e-004
 2.674000e+001  1.110208e-004
 2.698750e+001  1.100694e-004
 2.723500e+001  1.082147e-004
 2.748250e+001  1.413465e-004
 2.773000e+001  1.651711e-004
 2.797750e+001  1.746675e-004
 2.822500e+001  1.546866e-004
 2.847250e+001  1.214119e-004
 2.872000e+001  1.431297e-004
 2.896750e+001  1.180759e-004
 2.921500e+001  1.306233e-004
 2.946250e+001  1.893176e-004
 2.971000e+001  1.697987e-004
 2.995750e+001  1.609184e-004
 3.020500e+001  1.614472e-004
 3.045250e+001  1.413799e-004
 3.070000e+001  9.184933e-005
 3.094750e+001  1.075865e-004
 3.119500e+001  1.440290e-004
 3.144250e+001  9.742285e-005
 3.169000e+001  9.853519e-005
 3.193750e+001  1.267500e-004
 3.218500e+001  9.242533e-005
 3.243250e+001  1.073376e-004
 3.268000e+001  8.858308e-005
 3.292750e+001  7.881007e-005
 3.317500e+001  1.162583e-004
 3.342250e+001  1.107640e-004
 3.367000e+001  1.065798e-004
 3.391750e+001  1.183746e-004
 3.416500e+001  1.063653e-004
 3.441250e+001  9.218917e-005
 3.466000e+001  9.554355e-005
 3.490750e+001  1.180335e-004
 3.515500e+001  8.216154e-005
 3.540250e+001  5.562891e-005
 3.565000e+001  1.137708e-004
 3.589750e+001  1.087396e-004
 3.614500e+001  8.487510e-005
 3.639250e+001  7.981340e-005
 3.664000e+001  9.177980e-005
 3.688750e+001  8.459750e-005
 3.713500e+001  7.495590e-005
 3.738250e+001  1.226046e-004
 3.763000e+001  1.269486e-004
 3.787750e+001  1.534788e-004
 3.812500e+001  1.122081e-004
 3.837250e+001  1.095104e-004
 3.862000e+001  9.580345e-005
 3.886750e+001  9.444450e-005
 3.911500e+001  1.239088e-004
 3.936250e+001  1.129697e-004
 3.961000e+001  1.290500e-004
 3.985750e+001  1.398517e-004
 4.010500e+001  1.192168e-004
 4.035250e+001  1.162997e-004
 4.060000e+001  1.021378e-004
 4.084750e+001  1.352013e-004
 4.109500e+001  1.318447e-004
 4.134250e+001  1.119669e-004
 4.159000e+001  9.266341e-005
 4.183750e+001  8.346035e-005
 4.208500e+001  3.868135e-005
 4.233250e+001  9.185750e-005
 4.258000e+001  2.249262e-004
 4.282750e+001  2.088668e-004
 4.307500e+001  1.112608e-004
 4.332250e+001  9.012227e-005
 4.357000e+001  9.830706e-005
 4.381750e+001  7.969904e-005
 4.406500e+001  6.268929e-005
 4.431250e+001  5.733544e-005
 4.456000e+001  7.165867e-005
 4.480750e+001  9.817788e-005
 4.505500e+001  9.438248e-005
 4.530250e+001  9.308450e-005
 4.555000e+001  8.433490e-005
 4.579750e+001  7.589197e-005
 4.604500e+001  7.827874e-005
 4.629250e+001  9.300635e-005
 4.654000e+001  6.128906e-005
 4.678750e+001  7.268913e-005
 4.703500e+001  9.757382e-005
 4.728250e+001  9.195795e-005
 4.753000e+001  8.780873e-005
 4.777750e+001  9.382434e-005
 4.802500e+001  8.688800e-005
 4.827250e+001  7.842273e-005
 4.852000e+001  7.497995e-005
 4.876750e+001  9.270909e-005
 4.901500e+001  9.576796e-005
 4.926250e+001  9.474159e-005
 4.951000e+001  1.194390e-004
 4.975750e+001  4.935018e-003
 5.000500e+001  1.080459e-002
 5.025250e+001  5.929257e-003
 5.050000e+001  1.643170e-004
 5.074750e+001  1.032733e-004
 5.099500e+001  9.419704e-005
 5.124250e+001  1.112518e-004
 5.149000e+001  1.029520e-004
 5.173750e+001  7.034772e-005
 5.198500e+001  9.862386e-005
 5.223250e+001  1.389822e-004
 5.248000e+001  1.318857e-004
 5.272750e+001  6.819844e-005
 5.297500e+001  7.662039e-005
 5.322250e+001  6.065352e-005
 5.347000e+001  6.064900e-005
 5.371750e+001  6.536579e-005
 5.396500e+001  9.079856e-005
 5.421250e+001  9.161041e-005
 5.446000e+001  6.637991e-005
 5.470750e+001  7.992658e-005
 5.495500e+001  8.709034e-005
 5.520250e+001  8.581087e-005
 5.545000e+001  9.828078e-005
 5.569750e+001  7.918317e-005
 5.594500e+001  7.291212e-005
 5.619250e+001  1.089681e-004
 5.644000e+001  9.536653e-005
 5.668750e+001  7.975155e-005
 5.693500e+001  1.072099e-004
 5.718250e+001  9.156430e-005
 5.743000e+001  9.939227e-005
 5.767750e+001  1.110042e-004
 5.792500e+001  9.920809e-005
 5.817250e+001  1.011395e-004
 5.842000e+001  8.162768e-005
 5.866750e+001  7.224782e-005
 5.891500e+001  9.712618e-005
 5.916250e+001  1.058177e-004
 5.941000e+001  8.491822e-005
 5.965750e+001  8.789884e-005
 5.990500e+001  8.897349e-005
 6.015250e+001  8.498714e-005
 6.040000e+001  6.004758e-005
 6.064750e+001  5.957663e-005
 6.089500e+001  6.703733e-005
 6.114250e+001  8.983657e-005
 6.139000e+001  5.366189e-005
 6.163750e+001  4.592025e-005
 6.188500e+001  7.805491e-005
 6.213250e+001  8.519278e-005
 6.238000e+001  5.907916e-005
 6.262750e+001  7.430766e-005
 6.287500e+001  7.781490e-005
 6.312250e+001  4.949454e-005
 6.337000e+001  5.513436e-005
 6.361750e+001  7.483097e-005
 6.386500e+001  6.434025e-005
 6.411250e+001  6.709743e-005
 6.436000e+001  9.296020e-005
 6.460750e+001  8.325397e-005
 6.485500e+001  5.249628e-005
 6.510250e+001  7.369820e-005
 6.535000e+001  8.503384e-005
 6.559750e+001  6.848767e-005
 6.584500e+001  4.581320e-005
 6.609250e+001  5.896491e-005
 6.634000e+001  8.389313e-005
 6.658750e+001  8.246515e-005
 6.683500e+001  7.076957e-005
 6.708250e+001  8.409237e-005
 6.733000e+001  9.168080e-005
 6.757750e+001  1.035471e-004
 6.782500e+001  8.282720e-005
 6.807250e+001  6.108443e-005
 6.832000e+001  5.228445e-005
 6.856750e+001  6.025580e-005
 6.881500e+001  6.150384e-005
 6.906250e+001  7.029468e-005
 6.931000e+001  7.033226e-005
 6.955750e+001  6.415129e-005
 6.980500e+001  8.316732e-005
 7.005250e+001  6.129442e-005
 7.030000e+001  4.304470e-005
 7.054750e+001  5.706801e-005
 7.079500e+001  5.469486e-005
 7.104250e+001  5.571082e-005
 7.129000e+001  4.179704e-005
 7.153750e+001  5.620973e-005
 7.178500e+001  9.031125e-005
 7.203250e+001  8.363344e-005
 7.228000e+001  6.983584e-005
 7.252750e+001  6.898608e-005
 7.277500e+001  6.557650e-005
 7.302250e+001  4.499371e-005
 7.327000e+001  6.766801e-005
 7.351750e+001  4.823341e-005
 7.376500e+001  6.413888e-005
 7.401250e+001  8.353387e-005
 7.426000e+001  8.360923e-005
 7.450750e+001  5.706740e-005
 7.475500e+001  7.691170e-005
 7.500250e+001  6.881553e-005
 7.525000e+001  1.562842e-004
 7.549750e+001  1.727881e-004
 7.574500e+001  8.005671e-005
 7.599250e+001  5.476295e-005
 7.624000e+001  5.358119e-005
 7.648750e+001  6.737947e-005
 7.673500e+001  6.728694e-005
 7.698250e+001  7.437946e-005
 7.723000e+001  8.388579e-005
 7.747750e+001  8.983093e-005
 7.772500e+001  6.892606e-005
 7.797250e+001  5.894428e-005
 7.822000e+001  6.563162e-005
 7.846750e+001  6.597712e-005
 7.871500e+001  6.689565e-005
 7.896250e+001  5.833610e-005
 7.921000e+001  5.965255e-005
 7.945750e+001  5.315568e-005
 7.970500e+001  4.811378e-005
 7.995250e+001  8.619110e-005
 8.020000e+001  7.986576e-005
 8.044750e+001  5.309526e-005
 8.069500e+001  5.755212e-005
 8.094250e+001  5.336935e-005
 8.119000e+001  5.754791e-005
 8.143750e+001  5.658639e-005
 8.168500e+001  4.487508e-005
 8.193250e+001  4.913635e-005
 8.218000e+001  3.886813e-005
 8.242750e+001  3.426135e-005
 8.267500e+001  4.164868e-005
 8.292250e+001  5.316859e-005
 8.317000e+001  5.958839e-005
 8.341750e+001  4.384117e-005
 8.366500e+001  4.583201e-005
 8.391250e+001  3.666672e-005
 8.416000e+001  5.672670e-005
 8.440750e+001  5.666415e-005
 8.465500e+001  6.754618e-005
 8.490250e+001  9.593014e-005
 8.515000e+001  9.579021e-005
 8.539750e+001  7.546139e-005
 8.564500e+001  5.719239e-005
 8.589250e+001  4.363926e-005
 8.614000e+001  4.672033e-005
 8.638750e+001  5.716922e-005
 8.663500e+001  5.566240e-005
 8.688250e+001  5.346534e-005
 8.713000e+001  4.412324e-005
 8.737750e+001  5.453138e-005
 8.762500e+001  4.515047e-005
 8.787250e+001  4.651620e-005
 8.812000e+001  3.726547e-005
 8.836750e+001  3.947192e-005
 8.861500e+001  5.999669e-005
 8.886250e+001  7.578390e-005
 8.911000e+001  6.542263e-005
 8.935750e+001  5.080047e-005
 8.960500e+001  6.802644e-005
 8.985250e+001  6.899607e-005
 9.010000e+001  6.021691e-005
 9.034750e+001  6.263763e-005
 9.059500e+001  5.203835e-005
 9.084250e+001  4.929694e-005
 9.109000e+001  6.316551e-005
 9.133750e+001  1.052109e-004
 9.158500e+001  1.197201e-004
 9.183250e+001  6.003438e-005
 9.208000e+001  5.375420e-005
 9.232750e+001  6.227842e-005
 9.257500e+001  5.173672e-005
 9.282250e+001  2.960465e-005
 9.307000e+001  2.733845e-005
 9.331750e+001  4.866266e-005
 9.356500e+001  6.382575e-005
 9.381250e+001  7.229950e-005
 9.406000e+001  6.335918e-005
 9.430750e+001  6.840044e-005
 9.455500e+001  7.880413e-005
 9.480250e+001  6.977962e-005
 9.505000e+001  6.320166e-005
 9.529750e+001  4.016832e-005
 9.554500e+001  5.891949e-005
 9.579250e+001  4.692793e-005
 9.604000e+001  4.218477e-005
 9.628750e+001  4.472419e-005
 9.653500e+001  3.162534e-005
 9.678250e+001  3.172006e-005
 9.703000e+001  5.426291e-005
 9.727750e+001  4.087803e-005
 9.752500e+001  4.610995e-005
 9.777250e+001  4.548136e-005
 9.802000e+001  4.317204e-005
 9.826750e+001  5.260445e-005
 9.851500e+001  5.276220e-005
 9.876250e+001  4.610193e-005
 9.901000e+001  5.500832e-005
 9.925750e+001  4.480405e-005
 9.950500e+001  4.512625e-005
 9.975250e+001  1.173428e-004
 1.000000e+002  2.767918e-004
