 1.000000e+000  5.497834e-004
 1.247500e+000  4.236331e-004
 1.495000e+000  5.179176e-004
 1.742500e+000  4.107790e-004
 1.990000e+000  4.300119e-004
 2.237500e+000  3.905034e-004
 2.485000e+000  2.543124e-004
 2.732500e+000  2.457613e-004
 2.980000e+000  2.966113e-004
 3.227500e+000  3.099261e-004
 3.475000e+000  2.921190e-004
 3.722500e+000  2.808826e-004
 3.970000e+000  2.837434e-004
 4.217500e+000  2.230448e-004
 4.465000e+000  3.756858e-004
 4.712500e+000  3.224891e-004
 4.960000e+000  3.074509e-004
 5.207500e+000  4.413768e-004
 5.455000e+000  4.192823e-004
 5.702500e+000  2.620757e-004
 5.950000e+000  2.274598e-004
 6.197500e+000  2.513005e-004
 6.445000e+000  2.248102e-004
 6.692500e+000  2.507353e-004
 6.940000e+000  1.844319e-004
 7.187500e+000  1.500034e-004
 7.435000e+000  1.708728e-004
 7.682500e+000  2.109666e-004
 7.930000e+000  1.889702e-004
 8.177500e+000  2.112101e-004
 8.425000e+000  1.670603e-004
 8.672500e+000  1.969766e-004
 8.920000e+000  1.470731e-004
 9.167500e+000  1.269283e-004
 9.415000e+000  1.404356e-004
 9.662500e+000  1.152981e-004
 9.910000e+000  1.068614e-004
 1.015750e+001  2.154079e-004
 1.040500e+001  2.149341e-004
 1.065250e+001  1.883694e-004
 1.090000e+001  2.162559e-004
 1.114750e+001  2.153129e-004
 1.139500e+001  1.590148e-004
 1.164250e+001  1.020770e-004
 1.189000e+001  1.287762e-004
 1.213750e+001  1.396042e-004
 1.238500e+001  1.359494e-004
 1.263250e+001  1.488045e-004
 1.288000e+001  1.081814e-004
 1.312750e+001  1.627319e-004
 1.337500e+001  1.685989e-004
 1.362250e+001  1.365571e-004
 1.387000e+001  1.021072e-004
 1.411750e+001  9.127992e-005
 1.436500e+001  1.138408e-004
 1.461250e+001  1.398782e-004
 1.486000e+001  8.989564e-005
 1.510750e+001  9.853432e-005
 1.535500e+001  9.943552e-005
 1.560250e+001  1.049739e-004
 1.585000e+001  1.219329e-004
 1.609750e+001  1.667450e-004
 1.634500e+001  1.022491e-004
 1.659250e+001  1.268698e-004
 1.684000e+001  1.129190e-004
 1.708750e+001  8.470365e-005
 1.733500e+001  9.250148e-005
 1.758250e+001  1.427545e-004
 1.783000e+001  1.229968e-004
 1.807750e+001  1.511040e-004
 1.832500e+001  1.620369e-004
 1.857250e+001  1.411855e-004
 1.882000e+001  1.325715e-004
 1.906750e+001  1.047634e-004
 1.931500e+001  1.138248e-004
 1.956250e+001  1.269738e-004
 1.981000e+001  8.254006e-005
 2.005750e+001  7.441286e-005
 2.030500e+001  4.709870e-005
 2.055250e+001  9.042033e-005
 2.080000e+001  1.282459e-004
 2.104750e+001  1.293076e-004
 2.129500e+001  1.063855e-004
 2.154250e+001  1.255194e-004
 2.179000e+001  1.434728e-004
 2.203750e+001  1.492932e-004
 2.228500e+001  1.546260e-004
 2.253250e+001  1.612200e-004
 2.278000e+001  1.287137e-004
 2.302750e+001  1.281125e-004
 2.327500e+001  1.335217e-004
 2.352250e+001  1.187330e-004
 2.377000e+001  1.077123e-004
 2.401750e+001  1.203313e-004
 2.426500e+001  8.219568e-005
 2.451250e+001  1.018068e-004
 2.476000e+001  1.016480e-004
 2.500750e+001  7.216097e-005
 2.525500e+001  1.342214e-004
 2.550250e+001  1.543905e-004
 2.575000e+001  1.042711e-004
 2.599750e+001  9.091842e-005
 2.624500e+001  1.133968e-004
 2.649250e+001  7.969645e-005
 2.674000e+001  7.606255e-005
 2.698750e+001  9.737081e-005
 2.723500e+001  1.059438e-004
 2.748250e+001  9.936971e-005
 2.773000e+001  9.160461e-005
 2.797750e+001  9.130632e-005
 2.822500e+001  6.378070e-005
 2.847250e+001  6.351982e-005
 2.872000e+001  7.555924e-005
 2.896750e+001  6.980226e-005
 2.921500e+001  7.251301e-005
 2.946250e+001  7.237050e-005
 2.971000e+001  1.102023e-004
 2.995750e+001  1.059686e-004
 3.020500e+001  1.100968e-004
 3.045250e+001  1.197386e-004
 3.070000e+001  1.427453e-004
 3.094750e+001  1.240988e-004
 3.119500e+001  1.214462e-004
 3.144250e+001  1.273766e-004
 3.169000e+001  7.776074e-005
 3.193750e+001  1.109269e-004
 3.218500e+001  1.270842e-004
 3.243250e+001  1.553241e-004
 3.268000e+001  1.241751e-004
 3.292750e+001  6.921543e-005
 3.317500e+001  1.032533e-004
 3.342250e+001  1.132937e-004
 3.367000e+001  1.411862e-004
 3.391750e+001  1.225746e-004
 3.416500e+001  9.213384e-005
 3.441250e+001  6.885917e-005
 3.466000e+001  8.541760e-005
 3.490750e+001  1.138857e-004
 3.515500e+001  8.304945e-005
 3.540250e+001  8.290413e-005
 3.565000e+001  1.443684e-004
 3.589750e+001  1.647851e-004
 3.614500e+001  1.432069e-004
 3.639250e+001  1.082820e-004
 3.664000e+001  8.114970e-005
 3.688750e+001  8.160822e-005
 3.713500e+001  7.076039e-005
 3.738250e+001  9.237878e-005
 3.763000e+001  1.207070e-004
 3.787750e+001  9.593957e-005
 3.812500e+001  1.130914e-004
 3.837250e+001  1.121652e-004
 3.862000e+001  9.535770e-005
 3.886750e+001  1.257411e-004
 3.911500e+001  1.179436e-004
 3.936250e+001  8.631792e-005
 3.961000e+001  1.073567e-004
 3.985750e+001  9.953145e-005
 4.010500e+001  9.966774e-005
 4.035250e+001  8.123856e-005
 4.060000e+001  9.541474e-005
 4.084750e+001  1.069949e-004
 4.109500e+001  9.224465e-005
 4.134250e+001  5.957141e-005
 4.159000e+001  8.447034e-005
 4.183750e+001  7.969743e-005
 4.208500e+001  1.235511e-004
 4.233250e+001  1.237079e-004
 4.258000e+001  1.272313e-004
 4.282750e+001  1.269328e-004
 4.307500e+001  7.064047e-005
 4.332250e+001  7.489604e-005
 4.357000e+001  1.115091e-004
 4.381750e+001  1.131034e-004
 4.406500e+001  7.757567e-005
 4.431250e+001  8.410293e-005
 4.456000e+001  1.265599e-004
 4.480750e+001  1.228600e-004
 4.505500e+001  9.068038e-005
 4.530250e+001  6.544334e-005
 4.555000e+001  1.036539e-004
 4.579750e+001  1.324004e-004
 4.604500e+001  9.554044e-005
 4.629250e+001  1.445955e-004
 4.654000e+001  1.374805e-004
 4.678750e+001  6.602307e-005
 4.703500e+001  7.115165e-005
 4.728250e+001  1.025424e-004
 4.753000e+001  1.286860e-004
 4.777750e+001  1.077789e-004
 4.802500e+001  1.042162e-004
 4.827250e+001  8.657326e-005
 4.852000e+001  1.084748e-004
 4.876750e+001  1.005519e-004
 4.901500e+001  1.110706e-004
 4.926250e+001  1.021550e-004
 4.951000e+001  5.729565e-005
 4.975750e+001  1.145336e-003
 5.000500e+001  2.375159e-003
 5.025250e+001  1.241658e-003
 5.050000e+001  6.333234e-005
 5.074750e+001  1.065168e-004
 5.099500e+001  1.199663e-004
 5.124250e+001  1.426894e-004
 5.149000e+001  1.397692e-004
 5.173750e+001  1.129036e-004
 5.198500e+001  6.817480e-005
 5.223250e+001  4.396857e-005
 5.248000e+001  8.136136e-005
 5.272750e+001  7.980865e-005
 5.297500e+001  1.196044e-004
 5.322250e+001  1.229192e-004
 5.347000e+001  9.490438e-005
 5.371750e+001  9.588935e-005
 5.396500e+001  1.050066e-004
 5.421250e+001  7.243585e-005
 5.446000e+001  5.682101e-005
 5.470750e+001  4.531402e-005
 5.495500e+001  1.142045e-004
 5.520250e+001  1.072368e-004
 5.545000e+001  9.091666e-005
 5.569750e+001  1.088576e-004
 5.594500e+001  1.109713e-004
 5.619250e+001  1.104060e-004
 5.644000e+001  8.660525e-005
 5.668750e+001  6.117132e-005
 5.693500e+001  5.778818e-005
 5.718250e+001  6.077663e-005
 5.743000e+001  9.596882e-005
 5.767750e+001  1.047460e-004
 5.792500e+001  1.136052e-004
 5.817250e+001  9.011319e-005
 5.842000e+001  7.475383e-005
 5.866750e+001  9.353800e-005
 5.891500e+001  7.533051e-005
 5.916250e+001  9.170537e-005
 5.941000e+001  1.302125e-004
 5.965750e+001  9.679138e-005
 5.990500e+001  8.780581e-005
 6.015250e+001  8.348812e-005
 6.040000e+001  1.142666e-004
 6.064750e+001  1.499020e-004
 6.089500e+001  1.385009e-004
 6.114250e+001  1.029069e-004
 6.139000e+001  7.148597e-005
 6.163750e+001  8.877514e-005
 6.188500e+001  9.024475e-005
 6.213250e+001  6.893375e-005
 6.238000e+001  8.092104e-005
 6.262750e+001  9.717902e-005
 6.287500e+001  8.045234e-005
 6.312250e+001  7.155632e-005
 6.337000e+001  7.854032e-005
 6.361750e+001  9.217033e-005
 6.386500e+001  8.260329e-005
 6.411250e+001  1.226535e-004
 6.436000e+001  9.893281e-005
 6.460750e+001  7.019054e-005
 6.485500e+001  8.303810e-005
 6.510250e+001  7.042567e-005
 6.535000e+001  5.873953e-005
 6.559750e+001  9.071545e-005
 6.584500e+001  1.103531e-004
 6.609250e+001  8.797771e-005
 6.634000e+001  7.479160e-005
 6.658750e+001  6.719749e-005
 6.683500e+001  6.996440e-005
 6.708250e+001  6.190473e-005
 6.733000e+001  1.079355e-004
 6.757750e+001  9.946709e-005
 6.782500e+001  1.170692e-004
 6.807250e+001  9.832661e-005
 6.832000e+001  6.029760e-005
 6.856750e+001  8.407247e-005
 6.881500e+001  8.301407e-005
 6.906250e+001  5.874860e-005
 6.931000e+001  5.722551e-005
 6.955750e+001  9.889042e-005
 6.980500e+001  1.348571e-004
 7.005250e+001  1.430835e-004
 7.030000e+001  9.035443e-005
 7.054750e+001  6.333464e-005
 7.079500e+001  7.963335e-005
 7.104250e+001  1.177606e-004
 7.129000e+001  8.661494e-005
 7.153750e+001  7.254031e-005
 7.178500e+001  6.459436e-005
 7.203250e+001  3.496425e-005
 7.228000e+001  5.596481e-005
 7.252750e+001  6.326577e-005
 7.277500e+001  6.487003e-005
 7.302250e+001  8.252141e-005
 7.327000e+001  7.739123e-005
 7.351750e+001  9.134708e-005
 7.376500e+001  7.757665e-005
 7.401250e+001  1.233574e-004
 7.426000e+001  1.197564e-004
 7.450750e+001  1.052711e-004
 7.475500e+001  3.623253e-005
 7.500250e+001  7.809849e-005
 7.525000e+001  5.716979e-005
 7.549750e+001  8.593194e-005
 7.574500e+001  1.074501e-004
 7.599250e+001  9.473267e-005
 7.624000e+001  6.244510e-005
 7.648750e+001  5.993507e-005
 7.673500e+001  7.649443e-005
 7.698250e+001  1.112308e-004
 7.723000e+001  1.186893e-004
 7.747750e+001  1.201013e-004
 7.772500e+001  8.122912e-005
 7.797250e+001  3.411165e-005
 7.822000e+001  3.745260e-005
 7.846750e+001  6.766950e-005
 7.871500e+001  4.668842e-005
 7.896250e+001  4.544105e-005
 7.921000e+001  3.942917e-005
 7.945750e+001  6.986470e-005
 7.970500e+001  1.071691e-004
 7.995250e+001  8.865385e-005
 8.020000e+001  6.604169e-005
 8.044750e+001  8.795317e-005
 8.069500e+001  9.144254e-005
 8.094250e+001  5.347447e-005
 8.119000e+001  4.556449e-005
 8.143750e+001  5.265422e-005
 8.168500e+001  5.911999e-005
 8.193250e+001  7.348711e-005
 8.218000e+001  7.492535e-005
 8.242750e+001  8.659380e-005
 8.267500e+001  8.332908e-005
 8.292250e+001  8.776584e-005
 8.317000e+001  5.199774e-005
 8.341750e+001  9.391170e-005
 8.366500e+001  1.047979e-004
 8.391250e+001  7.627526e-005
 8.416000e+001  9.478021e-005
 8.440750e+001  1.141996e-004
 8.465500e+001  8.628610e-005
 8.490250e+001  7.577518e-005
 8.515000e+001  7.323144e-005
 8.539750e+001  6.807303e-005
 8.564500e+001  8.410408e-005
 8.589250e+001  8.634032e-005
 8.614000e+001  7.098250e-005
 8.638750e+001  7.369976e-005
 8.663500e+001  1.178362e-004
 8.688250e+001  1.303995e-004
 8.713000e+001  9.855599e-005
 8.737750e+001  1.013598e-004
 8.762500e+001  1.290513e-004
 8.787250e+001  1.271919e-004
 8.812000e+001  8.599506e-005
 8.836750e+001  8.871086e-005
 8.861500e+001  1.063984e-004
 8.886250e+001  8.573152e-005
 8.911000e+001  6.856036e-005
 8.935750e+001  8.577436e-005
 8.960500e+001  9.118870e-005
 8.985250e+001  9.360232e-005
 9.010000e+001  9.480065e-005
 9.034750e+001  8.497207e-005
 9.059500e+001  1.213283e-004
 9.084250e+001  1.013829e-004
 9.109000e+001  9.699547e-005
 9.133750e+001  8.307174e-005
 9.158500e+001  4.248748e-005
 9.183250e+001  4.161465e-005
 9.208000e+001  6.520470e-005
 9.232750e+001  6.255576e-005
 9.257500e+001  5.449201e-005
 9.282250e+001  5.687528e-005
 9.307000e+001  8.615451e-005
 9.331750e+001  1.322910e-004
 9.356500e+001  1.333252e-004
 9.381250e+001  1.173790e-004
 9.406000e+001  8.292558e-005
 9.430750e+001  9.681666e-005
 9.455500e+001  1.001539e-004
 9.480250e+001  8.804576e-005
 9.505000e+001  5.980705e-005
 9.529750e+001  5.898778e-005
 9.554500e+001  6.264300e-005
 9.579250e+001  7.755138e-005
 9.604000e+001  4.384705e-005
 9.628750e+001  6.618080e-005
 9.653500e+001  9.480016e-005
 9.678250e+001  7.395084e-005
 9.703000e+001  6.134943e-005
 9.727750e+001  7.084031e-005
 9.752500e+001  6.791309e-005
 9.777250e+001  6.310093e-005
 9.802000e+001  4.333540e-005
 9.826750e+001  5.634183e-005
 9.851500e+001  6.080679e-005
 9.876250e+001  6.923051e-005
 9.901000e+001  7.723256e-005
 9.925750e+001  1.116498e-004
 9.950500e+001  7.980382e-005
 9.975250e+001  1.359760e-004
 1.000000e+002  2.181850e-004
