 1.000000e+001  3.449030e-003
 1.061875e+001  3.815392e-003
 1.123750e+001  3.795618e-003
 1.185625e+001  3.822172e-003
 1.247500e+001  2.965819e-003
 1.309375e+001  3.494090e-003
 1.371250e+001  4.834412e-003
 1.433125e+001  4.562598e-003
 1.495000e+001  2.950918e-003
 1.556875e+001  2.521567e-003
 1.618750e+001  2.707103e-003
 1.680625e+001  2.877891e-003
 1.742500e+001  2.204268e-003
 1.804375e+001  2.373250e-003
 1.866250e+001  2.726655e-003
 1.928125e+001  2.710890e-003
 1.990000e+001  2.734153e-003
 2.051875e+001  2.103863e-003
 2.113750e+001  2.270920e-003
 2.175625e+001  2.621041e-003
 2.237500e+001  2.604579e-003
 2.299375e+001  2.424794e-003
 2.361250e+001  1.963919e-003
 2.423125e+001  2.261998e-003
 2.485000e+001  2.121050e-003
 2.546875e+001  2.243913e-003
 2.608750e+001  2.536007e-003
 2.670625e+001  2.244173e-003
 2.732500e+001  2.129037e-003
 2.794375e+001  2.187949e-003
 2.856250e+001  1.900318e-003
 2.918125e+001  2.030110e-003
 2.980000e+001  2.175133e-003
 3.041875e+001  1.976174e-003
 3.103750e+001  2.304959e-003
 3.165625e+001  2.040381e-003
 3.227500e+001  1.704759e-003
 3.289375e+001  2.368025e-003
 3.351250e+001  2.396497e-003
 3.413125e+001  1.937973e-003
 3.475000e+001  2.010368e-003
 3.536875e+001  2.202856e-003
 3.598750e+001  2.319107e-003
 3.660625e+001  1.818113e-003
 3.722500e+001  1.555088e-003
 3.784375e+001  1.913086e-003
 3.846250e+001  1.616323e-003
 3.908125e+001  1.470816e-003
 3.970000e+001  1.280388e-003
 4.031875e+001  1.426027e-003
 4.093750e+001  1.829004e-003
 4.155625e+001  2.388563e-003
 4.217500e+001  2.104543e-003
 4.279375e+001  1.754732e-003
 4.341250e+001  1.887424e-003
 4.403125e+001  1.618597e-003
 4.465000e+001  1.650712e-003
 4.526875e+001  1.399505e-003
 4.588750e+001  1.626736e-003
 4.650625e+001  1.887432e-003
 4.712500e+001  1.282078e-003
 4.774375e+001  1.254055e-003
 4.836250e+001  1.392873e-003
 4.898125e+001  1.787428e-003
 4.960000e+001  8.163355e-003
 5.021875e+001  9.868941e-003
 5.083750e+001  3.185125e-003
 5.145625e+001  1.841403e-003
 5.207500e+001  1.463390e-003
 5.269375e+001  1.592257e-003
 5.331250e+001  1.650772e-003
 5.393125e+001  1.223693e-003
 5.455000e+001  1.503173e-003
 5.516875e+001  1.622019e-003
 5.578750e+001  1.703721e-003
 5.640625e+001  1.738676e-003
 5.702500e+001  1.389102e-003
 5.764375e+001  1.753371e-003
 5.826250e+001  1.408948e-003
 5.888125e+001  1.357292e-003
 5.950000e+001  1.430103e-003
 6.011875e+001  1.116794e-003
 6.073750e+001  1.291825e-003
 6.135625e+001  1.409617e-003
 6.197500e+001  1.466668e-003
 6.259375e+001  1.158648e-003
 6.321250e+001  1.208090e-003
 6.383125e+001  1.567876e-003
 6.445000e+001  1.680425e-003
 6.506875e+001  1.594667e-003
 6.568750e+001  1.503900e-003
 6.630625e+001  1.634888e-003
 6.692500e+001  1.719115e-003
 6.754375e+001  1.267409e-003
 6.816250e+001  1.399178e-003
 6.878125e+001  1.191517e-003
 6.940000e+001  1.188360e-003
 7.001875e+001  1.402127e-003
 7.063750e+001  1.176795e-003
 7.125625e+001  9.944938e-004
 7.187500e+001  9.636475e-004
 7.249375e+001  9.998541e-004
 7.311250e+001  1.162584e-003
 7.373125e+001  1.588604e-003
 7.435000e+001  1.425243e-003
 7.496875e+001  1.253503e-003
 7.558750e+001  1.586788e-003
 7.620625e+001  1.693833e-003
 7.682500e+001  1.182552e-003
 7.744375e+001  1.401181e-003
 7.806250e+001  1.761074e-003
 7.868125e+001  1.359999e-003
 7.930000e+001  1.129457e-003
 7.991875e+001  1.150838e-003
 8.053750e+001  1.028345e-003
 8.115625e+001  1.141617e-003
 8.177500e+001  1.271414e-003
 8.239375e+001  1.346792e-003
 8.301250e+001  1.502319e-003
 8.363125e+001  1.285327e-003
 8.425000e+001  1.209638e-003
 8.486875e+001  1.024266e-003
 8.548750e+001  1.184673e-003
 8.610625e+001  1.206530e-003
 8.672500e+001  9.099821e-004
 8.734375e+001  1.057518e-003
 8.796250e+001  1.098446e-003
 8.858125e+001  1.015204e-003
 8.920000e+001  8.922341e-004
 8.981875e+001  9.266084e-004
 9.043750e+001  1.014116e-003
 9.105625e+001  1.029126e-003
 9.167500e+001  7.996881e-004
 9.229375e+001  1.023503e-003
 9.291250e+001  1.384270e-003
 9.353125e+001  1.287255e-003
 9.415000e+001  1.091757e-003
 9.476875e+001  1.089606e-003
 9.538750e+001  1.231169e-003
 9.600625e+001  1.002689e-003
 9.662500e+001  8.725799e-004
 9.724375e+001  9.433055e-004
 9.786250e+001  1.171856e-003
 9.848125e+001  1.084746e-003
 9.910000e+001  1.198732e-003
 9.971875e+001  8.421611e-004
 1.003375e+002  1.001702e-003
 1.009563e+002  1.175701e-003
 1.015750e+002  1.223867e-003
 1.021938e+002  9.997906e-004
 1.028125e+002  9.708019e-004
 1.034313e+002  1.001214e-003
 1.040500e+002  9.194758e-004
 1.046688e+002  9.339283e-004
 1.052875e+002  6.280562e-004
 1.059063e+002  8.360734e-004
 1.065250e+002  9.989780e-004
 1.071438e+002  1.094379e-003
 1.077625e+002  9.310174e-004
 1.083813e+002  8.647055e-004
 1.090000e+002  9.793406e-004
 1.096188e+002  7.965417e-004
 1.102375e+002  9.905417e-004
 1.108563e+002  1.068611e-003
 1.114750e+002  1.044424e-003
 1.120938e+002  1.066387e-003
 1.127125e+002  1.061685e-003
 1.133313e+002  1.099002e-003
 1.139500e+002  1.181883e-003
 1.145688e+002  9.257173e-004
 1.151875e+002  7.840587e-004
 1.158063e+002  7.780871e-004
 1.164250e+002  7.641808e-004
 1.170438e+002  9.862003e-004
 1.176625e+002  9.146632e-004
 1.182813e+002  7.932342e-004
 1.189000e+002  1.326607e-003
 1.195188e+002  1.562514e-003
 1.201375e+002  1.328562e-003
 1.207563e+002  9.263786e-004
 1.213750e+002  7.292102e-004
 1.219938e+002  8.443528e-004
 1.226125e+002  1.017229e-003
 1.232313e+002  9.751620e-004
 1.238500e+002  9.782339e-004
 1.244688e+002  7.828875e-004
 1.250875e+002  9.426571e-004
 1.257063e+002  9.695915e-004
 1.263250e+002  1.075032e-003
 1.269438e+002  1.080023e-003
 1.275625e+002  1.165590e-003
 1.281813e+002  1.004783e-003
 1.288000e+002  9.171611e-004
 1.294188e+002  9.023016e-004
 1.300375e+002  7.581005e-004
 1.306563e+002  7.809092e-004
 1.312750e+002  1.023002e-003
 1.318938e+002  1.005869e-003
 1.325125e+002  8.643362e-004
 1.331313e+002  1.007250e-003
 1.337500e+002  1.034108e-003
 1.343688e+002  8.741219e-004
 1.349875e+002  9.937072e-004
 1.356063e+002  8.258164e-004
 1.362250e+002  8.196871e-004
 1.368438e+002  8.364680e-004
 1.374625e+002  9.262171e-004
 1.380813e+002  8.724218e-004
 1.387000e+002  7.442469e-004
 1.393188e+002  9.243628e-004
 1.399375e+002  7.975569e-004
 1.405563e+002  9.627320e-004
 1.411750e+002  7.853916e-004
 1.417938e+002  8.522923e-004
 1.424125e+002  1.182130e-003
 1.430313e+002  1.039691e-003
 1.436500e+002  6.633155e-004
 1.442688e+002  8.400889e-004
 1.448875e+002  9.693948e-004
 1.455063e+002  1.045396e-003
 1.461250e+002  8.085641e-004
 1.467438e+002  7.709325e-004
 1.473625e+002  8.315009e-004
 1.479813e+002  8.549406e-004
 1.486000e+002  9.395244e-004
 1.492188e+002  2.403281e-003
 1.498375e+002  6.239626e-003
 1.504563e+002  4.129287e-003
 1.510750e+002  1.151745e-003
 1.516938e+002  9.579880e-004
 1.523125e+002  6.251392e-004
 1.529313e+002  7.745983e-004
 1.535500e+002  9.440201e-004
 1.541688e+002  1.023471e-003
 1.547875e+002  9.092625e-004
 1.554063e+002  7.862942e-004
 1.560250e+002  8.312695e-004
 1.566438e+002  7.340781e-004
 1.572625e+002  9.924981e-004
 1.578813e+002  9.605451e-004
 1.585000e+002  9.662398e-004
 1.591188e+002  9.661606e-004
 1.597375e+002  7.908990e-004
 1.603563e+002  9.633680e-004
 1.609750e+002  1.025636e-003
 1.615938e+002  9.119399e-004
 1.622125e+002  7.920354e-004
 1.628313e+002  8.837746e-004
 1.634500e+002  6.971758e-004
 1.640688e+002  8.058035e-004
 1.646875e+002  9.359932e-004
 1.653063e+002  1.058894e-003
 1.659250e+002  8.856937e-004
 1.665438e+002  6.655616e-004
 1.671625e+002  7.996173e-004
 1.677813e+002  8.250972e-004
 1.684000e+002  8.748290e-004
 1.690188e+002  7.375402e-004
 1.696375e+002  7.868876e-004
 1.702563e+002  9.013026e-004
 1.708750e+002  8.228079e-004
 1.714938e+002  6.386993e-004
 1.721125e+002  8.076761e-004
 1.727313e+002  9.993260e-004
 1.733500e+002  8.667963e-004
 1.739688e+002  8.948480e-004
 1.745875e+002  8.445004e-004
 1.752063e+002  7.134031e-004
 1.758250e+002  8.209119e-004
 1.764438e+002  9.204940e-004
 1.770625e+002  1.130718e-003
 1.776813e+002  1.078949e-003
 1.783000e+002  9.353068e-004
 1.789188e+002  9.522270e-004
 1.795375e+002  1.011881e-003
 1.801563e+002  1.025305e-003
 1.807750e+002  9.325247e-004
 1.813938e+002  7.287261e-004
 1.820125e+002  7.652985e-004
 1.826313e+002  8.820304e-004
 1.832500e+002  8.630899e-004
 1.838688e+002  9.044583e-004
 1.844875e+002  8.660565e-004
 1.851063e+002  7.405910e-004
 1.857250e+002  7.019801e-004
 1.863438e+002  4.922505e-004
 1.869625e+002  7.701561e-004
 1.875813e+002  9.092013e-004
 1.882000e+002  9.068406e-004
 1.888188e+002  7.136981e-004
 1.894375e+002  7.160004e-004
 1.900563e+002  8.396668e-004
 1.906750e+002  9.638188e-004
 1.912938e+002  7.703807e-004
 1.919125e+002  9.033288e-004
 1.925313e+002  1.075152e-003
 1.931500e+002  9.194182e-004
 1.937688e+002  7.367393e-004
 1.943875e+002  6.156434e-004
 1.950063e+002  6.399222e-004
 1.956250e+002  7.312954e-004
 1.962438e+002  7.371360e-004
 1.968625e+002  8.121579e-004
 1.974813e+002  7.836700e-004
 1.981000e+002  7.204553e-004
 1.987188e+002  7.118846e-004
 1.993375e+002  7.227277e-004
 1.999563e+002  9.514011e-004
 2.005750e+002  9.979116e-004
 2.011938e+002  9.997624e-004
 2.018125e+002  8.404721e-004
 2.024313e+002  7.144048e-004
 2.030500e+002  6.288817e-004
 2.036688e+002  6.092960e-004
 2.042875e+002  8.303065e-004
 2.049063e+002  8.233699e-004
 2.055250e+002  9.305627e-004
 2.061438e+002  7.705014e-004
 2.067625e+002  6.541594e-004
 2.073813e+002  9.149910e-004
 2.080000e+002  9.856814e-004
 2.086188e+002  9.169029e-004
 2.092375e+002  5.806736e-004
 2.098563e+002  6.450746e-004
 2.104750e+002  7.051053e-004
 2.110938e+002  5.751411e-004
 2.117125e+002  5.541874e-004
 2.123313e+002  8.048293e-004
 2.129500e+002  9.116046e-004
 2.135688e+002  6.538980e-004
 2.141875e+002  7.446146e-004
 2.148063e+002  9.498095e-004
 2.154250e+002  8.343191e-004
 2.160438e+002  8.137661e-004
 2.166625e+002  8.153550e-004
 2.172813e+002  6.078043e-004
 2.179000e+002  8.691848e-004
 2.185188e+002  8.197779e-004
 2.191375e+002  7.587249e-004
 2.197563e+002  7.063128e-004
 2.203750e+002  7.596491e-004
 2.209938e+002  7.811962e-004
 2.216125e+002  7.637789e-004
 2.222313e+002  8.179946e-004
 2.228500e+002  8.926604e-004
 2.234688e+002  8.053741e-004
 2.240875e+002  5.398522e-004
 2.247063e+002  7.470523e-004
 2.253250e+002  7.975268e-004
 2.259438e+002  7.561835e-004
 2.265625e+002  7.188638e-004
 2.271813e+002  7.293864e-004
 2.278000e+002  7.080032e-004
 2.284188e+002  5.302051e-004
 2.290375e+002  6.124945e-004
 2.296563e+002  6.812662e-004
 2.302750e+002  7.724040e-004
 2.308938e+002  8.126897e-004
 2.315125e+002  6.994918e-004
 2.321313e+002  6.600805e-004
 2.327500e+002  8.103473e-004
 2.333688e+002  8.092301e-004
 2.339875e+002  6.665180e-004
 2.346063e+002  7.278069e-004
 2.352250e+002  6.828408e-004
 2.358438e+002  6.499284e-004
 2.364625e+002  5.456141e-004
 2.370813e+002  6.638009e-004
 2.377000e+002  6.774935e-004
 2.383188e+002  6.176141e-004
 2.389375e+002  7.218767e-004
 2.395563e+002  9.612162e-004
 2.401750e+002  9.114649e-004
 2.407938e+002  8.543040e-004
 2.414125e+002  9.757001e-004
 2.420313e+002  8.904993e-004
 2.426500e+002  7.664916e-004
 2.432688e+002  7.086990e-004
 2.438875e+002  8.694829e-004
 2.445063e+002  8.516783e-004
 2.451250e+002  7.806143e-004
 2.457438e+002  8.459281e-004
 2.463625e+002  7.687838e-004
 2.469813e+002  7.434674e-004
 2.476000e+002  6.927161e-004
 2.482188e+002  7.145501e-004
 2.488375e+002  8.067761e-004
 2.494563e+002  1.311476e-003
 2.500750e+002  1.461129e-003
 2.506938e+002  9.108318e-004
 2.513125e+002  7.180621e-004
 2.519313e+002  8.656460e-004
 2.525500e+002  8.303821e-004
 2.531688e+002  7.639720e-004
 2.537875e+002  6.633711e-004
 2.544063e+002  6.621064e-004
 2.550250e+002  6.152605e-004
 2.556438e+002  7.553583e-004
 2.562625e+002  8.151375e-004
 2.568813e+002  7.181986e-004
 2.575000e+002  7.775691e-004
 2.581188e+002  7.595714e-004
 2.587375e+002  6.993868e-004
 2.593563e+002  6.536320e-004
 2.599750e+002  6.550833e-004
 2.605938e+002  6.998842e-004
 2.612125e+002  7.134955e-004
 2.618313e+002  7.880327e-004
 2.624500e+002  8.865644e-004
 2.630688e+002  8.631176e-004
 2.636875e+002  6.880843e-004
 2.643063e+002  7.793978e-004
 2.649250e+002  7.776263e-004
 2.655438e+002  7.709616e-004
 2.661625e+002  8.277891e-004
 2.667813e+002  8.059445e-004
 2.674000e+002  9.475679e-004
 2.680188e+002  6.660872e-004
 2.686375e+002  7.492765e-004
 2.692563e+002  7.663375e-004
 2.698750e+002  7.318223e-004
 2.704938e+002  7.028737e-004
 2.711125e+002  8.577562e-004
 2.717313e+002  8.393268e-004
 2.723500e+002  6.654781e-004
 2.729688e+002  4.462005e-004
 2.735875e+002  4.921618e-004
 2.742063e+002  5.029290e-004
 2.748250e+002  6.527261e-004
 2.754438e+002  7.083416e-004
 2.760625e+002  6.113509e-004
 2.766813e+002  7.911097e-004
 2.773000e+002  7.643126e-004
 2.779188e+002  6.524052e-004
 2.785375e+002  6.312058e-004
 2.791563e+002  6.003300e-004
 2.797750e+002  5.908970e-004
 2.803938e+002  6.038182e-004
 2.810125e+002  6.579933e-004
 2.816313e+002  6.358399e-004
 2.822500e+002  6.485826e-004
 2.828688e+002  5.820817e-004
 2.834875e+002  6.398532e-004
 2.841063e+002  7.322210e-004
 2.847250e+002  7.190504e-004
 2.853438e+002  7.266110e-004
 2.859625e+002  7.145910e-004
 2.865813e+002  6.983589e-004
 2.872000e+002  6.863127e-004
 2.878188e+002  7.070217e-004
 2.884375e+002  4.824312e-004
 2.890563e+002  6.360379e-004
 2.896750e+002  8.537611e-004
 2.902938e+002  9.816969e-004
 2.909125e+002  8.552826e-004
 2.915313e+002  6.470997e-004
 2.921500e+002  6.849988e-004
 2.927688e+002  7.621631e-004
 2.933875e+002  7.444283e-004
 2.940063e+002  5.964111e-004
 2.946250e+002  6.053648e-004
 2.952438e+002  6.623198e-004
 2.958625e+002  6.759841e-004
 2.964813e+002  7.042043e-004
 2.971000e+002  7.664867e-004
 2.977188e+002  8.079912e-004
 2.983375e+002  7.913548e-004
 2.989563e+002  9.602258e-004
 2.995750e+002  1.148465e-003
 3.001938e+002  1.059417e-003
 3.008125e+002  7.636497e-004
 3.014313e+002  6.230741e-004
 3.020500e+002  5.354074e-004
 3.026688e+002  7.986151e-004
 3.032875e+002  7.277591e-004
 3.039063e+002  6.182489e-004
 3.045250e+002  6.473491e-004
 3.051438e+002  6.537497e-004
 3.057625e+002  6.006528e-004
 3.063813e+002  6.178225e-004
 3.070000e+002  6.720520e-004
 3.076188e+002  7.405401e-004
 3.082375e+002  7.381898e-004
 3.088563e+002  7.465475e-004
 3.094750e+002  6.006601e-004
 3.100938e+002  5.040302e-004
 3.107125e+002  5.192710e-004
 3.113313e+002  7.922546e-004
 3.119500e+002  8.229560e-004
 3.125688e+002  7.848073e-004
 3.131875e+002  6.414346e-004
 3.138063e+002  6.711124e-004
 3.144250e+002  7.194792e-004
 3.150437e+002  4.992731e-004
 3.156625e+002  5.494162e-004
 3.162812e+002  7.365284e-004
 3.169000e+002  7.232062e-004
 3.175187e+002  5.693471e-004
 3.181375e+002  5.298007e-004
 3.187562e+002  6.221342e-004
 3.193750e+002  6.160468e-004
 3.199937e+002  6.358537e-004
 3.206125e+002  5.530827e-004
 3.212312e+002  7.234444e-004
 3.218500e+002  6.670280e-004
 3.224687e+002  6.134916e-004
 3.230875e+002  7.317588e-004
 3.237062e+002  7.037737e-004
 3.243250e+002  6.332011e-004
 3.249437e+002  7.324670e-004
 3.255625e+002  7.161713e-004
 3.261812e+002  6.499687e-004
 3.268000e+002  7.524229e-004
 3.274187e+002  8.226016e-004
 3.280375e+002  7.349294e-004
 3.286562e+002  6.704134e-004
 3.292750e+002  5.796075e-004
 3.298937e+002  6.085828e-004
 3.305125e+002  7.135011e-004
 3.311312e+002  8.378290e-004
 3.317500e+002  8.522577e-004
 3.323687e+002  7.503243e-004
 3.329875e+002  6.972837e-004
 3.336062e+002  6.744372e-004
 3.342250e+002  5.017609e-004
 3.348437e+002  5.503254e-004
 3.354625e+002  7.071178e-004
 3.360812e+002  6.305524e-004
 3.367000e+002  5.168052e-004
 3.373187e+002  6.398115e-004
 3.379375e+002  6.084931e-004
 3.385562e+002  5.517690e-004
 3.391750e+002  6.247259e-004
 3.397937e+002  5.509366e-004
 3.404125e+002  5.122077e-004
 3.410312e+002  7.472444e-004
 3.416500e+002  8.235286e-004
 3.422687e+002  6.497861e-004
 3.428875e+002  7.467407e-004
 3.435062e+002  6.832662e-004
 3.441250e+002  6.950084e-004
 3.447437e+002  6.820350e-004
 3.453625e+002  5.794970e-004
 3.459812e+002  8.086045e-004
 3.466000e+002  7.214900e-004
 3.472187e+002  5.665074e-004
 3.478375e+002  6.326853e-004
 3.484562e+002  5.179708e-004
 3.490750e+002  7.738157e-004
 3.496937e+002  1.154895e-003
 3.503125e+002  1.010865e-003
 3.509312e+002  6.507931e-004
 3.515500e+002  4.821353e-004
 3.521687e+002  7.399944e-004
 3.527875e+002  8.418602e-004
 3.534062e+002  6.939683e-004
 3.540250e+002  5.938414e-004
 3.546437e+002  6.869905e-004
 3.552625e+002  5.166357e-004
 3.558812e+002  6.565718e-004
 3.565000e+002  6.986465e-004
 3.571187e+002  5.304640e-004
 3.577375e+002  5.564182e-004
 3.583562e+002  5.495727e-004
 3.589750e+002  6.661260e-004
 3.595937e+002  7.288595e-004
 3.602125e+002  6.211923e-004
 3.608312e+002  5.641696e-004
 3.614500e+002  6.469843e-004
 3.620687e+002  6.381572e-004
 3.626875e+002  6.534794e-004
 3.633062e+002  7.741097e-004
 3.639250e+002  7.252603e-004
 3.645437e+002  6.816043e-004
 3.651625e+002  7.034840e-004
 3.657812e+002  5.772466e-004
 3.664000e+002  7.809408e-004
 3.670187e+002  8.195774e-004
 3.676375e+002  6.697312e-004
 3.682562e+002  6.441934e-004
 3.688750e+002  7.993846e-004
 3.694937e+002  7.010354e-004
 3.701125e+002  8.006668e-004
 3.707312e+002  7.687283e-004
 3.713500e+002  6.583427e-004
 3.719687e+002  6.982574e-004
 3.725875e+002  7.173413e-004
 3.732062e+002  5.290280e-004
 3.738250e+002  5.624804e-004
 3.744437e+002  6.986818e-004
 3.750625e+002  8.554485e-004
 3.756812e+002  7.108051e-004
 3.763000e+002  6.365044e-004
 3.769187e+002  6.858004e-004
 3.775375e+002  6.522506e-004
 3.781562e+002  5.969895e-004
 3.787750e+002  6.749490e-004
 3.793937e+002  7.039789e-004
 3.800125e+002  6.913117e-004
 3.806312e+002  6.883575e-004
 3.812500e+002  5.624534e-004
 3.818687e+002  6.130431e-004
 3.824875e+002  6.899297e-004
 3.831062e+002  8.634259e-004
 3.837250e+002  8.383374e-004
 3.843437e+002  6.781928e-004
 3.849625e+002  6.489220e-004
 3.855812e+002  7.180953e-004
 3.862000e+002  6.559228e-004
 3.868187e+002  4.617262e-004
 3.874375e+002  5.652470e-004
 3.880562e+002  6.487294e-004
 3.886750e+002  5.975587e-004
 3.892937e+002  7.104208e-004
 3.899125e+002  6.727394e-004
 3.905312e+002  6.246529e-004
 3.911500e+002  5.608866e-004
 3.917687e+002  5.175000e-004
 3.923875e+002  5.820469e-004
 3.930062e+002  6.292131e-004
 3.936250e+002  6.359529e-004
 3.942437e+002  6.128618e-004
 3.948625e+002  6.768451e-004
 3.954812e+002  6.777310e-004
 3.961000e+002  6.468881e-004
 3.967187e+002  5.143495e-004
 3.973375e+002  6.337836e-004
 3.979562e+002  6.184540e-004
 3.985750e+002  6.412114e-004
 3.991937e+002  7.136195e-004
 3.998125e+002  9.265612e-004
 4.004312e+002  7.254408e-004
 4.010500e+002  7.087202e-004
 4.016687e+002  5.797639e-004
 4.022875e+002  5.623056e-004
 4.029062e+002  6.689997e-004
 4.035250e+002  7.487190e-004
 4.041437e+002  7.401909e-004
 4.047625e+002  6.963305e-004
 4.053812e+002  6.223231e-004
 4.060000e+002  6.056818e-004
 4.066187e+002  6.773515e-004
 4.072375e+002  7.585593e-004
 4.078562e+002  6.488611e-004
 4.084750e+002  6.207379e-004
 4.090937e+002  6.539708e-004
 4.097125e+002  7.417423e-004
 4.103312e+002  5.919311e-004
 4.109500e+002  7.560080e-004
 4.115687e+002  7.202007e-004
 4.121875e+002  6.420383e-004
 4.128062e+002  6.414450e-004
 4.134250e+002  6.463759e-004
 4.140437e+002  7.061094e-004
 4.146625e+002  6.208891e-004
 4.152812e+002  4.686671e-004
 4.159000e+002  5.521231e-004
 4.165187e+002  6.777525e-004
 4.171375e+002  5.625594e-004
 4.177562e+002  5.626668e-004
 4.183750e+002  8.430188e-004
 4.189937e+002  8.274300e-004
 4.196125e+002  6.241486e-004
 4.202312e+002  7.565436e-004
 4.208500e+002  6.577973e-004
 4.214687e+002  4.909261e-004
 4.220875e+002  6.061277e-004
 4.227062e+002  6.946360e-004
 4.233250e+002  7.404914e-004
 4.239437e+002  6.940746e-004
 4.245625e+002  6.134974e-004
 4.251812e+002  7.722159e-004
 4.258000e+002  7.739887e-004
 4.264187e+002  5.783904e-004
 4.270375e+002  5.869678e-004
 4.276562e+002  7.270763e-004
 4.282750e+002  7.266697e-004
 4.288937e+002  6.290414e-004
 4.295125e+002  6.109051e-004
 4.301312e+002  6.264200e-004
 4.307500e+002  6.163947e-004
 4.313687e+002  7.507995e-004
 4.319875e+002  7.644030e-004
 4.326062e+002  6.208983e-004
 4.332250e+002  5.757786e-004
 4.338437e+002  6.499714e-004
 4.344625e+002  6.726534e-004
 4.350812e+002  6.874417e-004
 4.357000e+002  5.989077e-004
 4.363187e+002  6.139445e-004
 4.369375e+002  7.383607e-004
 4.375562e+002  5.886893e-004
 4.381750e+002  7.212435e-004
 4.387937e+002  8.651614e-004
 4.394125e+002  7.299648e-004
 4.400312e+002  7.204314e-004
 4.406500e+002  6.580934e-004
 4.412687e+002  5.581172e-004
 4.418875e+002  6.214918e-004
 4.425062e+002  5.482853e-004
 4.431250e+002  5.103163e-004
 4.437437e+002  5.860391e-004
 4.443625e+002  6.044796e-004
 4.449812e+002  6.860089e-004
 4.456000e+002  6.301405e-004
 4.462187e+002  5.212673e-004
 4.468375e+002  5.340349e-004
 4.474562e+002  6.517023e-004
 4.480750e+002  7.174932e-004
 4.486937e+002  7.654343e-004
 4.493125e+002  9.474973e-004
 4.499312e+002  1.005925e-003
 4.505500e+002  6.040655e-004
 4.511687e+002  6.071822e-004
 4.517875e+002  6.291995e-004
 4.524062e+002  7.353853e-004
 4.530250e+002  6.311808e-004
 4.536437e+002  5.581449e-004
 4.542625e+002  6.029298e-004
 4.548812e+002  6.791669e-004
 4.555000e+002  7.250172e-004
 4.561187e+002  7.625869e-004
 4.567375e+002  5.947330e-004
 4.573562e+002  6.181825e-004
 4.579750e+002  6.002954e-004
 4.585937e+002  5.905287e-004
 4.592125e+002  7.433225e-004
 4.598312e+002  7.549951e-004
 4.604500e+002  5.524170e-004
 4.610687e+002  7.789213e-004
 4.616875e+002  7.109641e-004
 4.623062e+002  6.050820e-004
 4.629250e+002  6.497064e-004
 4.635437e+002  5.708132e-004
 4.641625e+002  5.879428e-004
 4.647812e+002  5.437676e-004
 4.654000e+002  5.443039e-004
 4.660187e+002  4.122572e-004
 4.666375e+002  5.505739e-004
 4.672562e+002  5.871997e-004
 4.678750e+002  6.266800e-004
 4.684937e+002  6.121412e-004
 4.691125e+002  6.804203e-004
 4.697312e+002  6.135280e-004
 4.703500e+002  5.057688e-004
 4.709687e+002  4.264851e-004
 4.715875e+002  4.316500e-004
 4.722062e+002  4.877999e-004
 4.728250e+002  4.993686e-004
 4.734437e+002  6.230141e-004
 4.740625e+002  6.887632e-004
 4.746812e+002  6.606922e-004
 4.753000e+002  6.015917e-004
 4.759187e+002  5.722328e-004
 4.765375e+002  5.125732e-004
 4.771562e+002  6.394620e-004
 4.777750e+002  7.477897e-004
 4.783937e+002  5.703992e-004
 4.790125e+002  5.485795e-004
 4.796312e+002  6.828836e-004
 4.802500e+002  6.644598e-004
 4.808687e+002  6.024346e-004
 4.814875e+002  6.244106e-004
 4.821062e+002  5.884694e-004
 4.827250e+002  5.263010e-004
 4.833437e+002  4.876183e-004
 4.839625e+002  4.577708e-004
 4.845812e+002  4.824835e-004
 4.852000e+002  5.876398e-004
 4.858187e+002  6.104195e-004
 4.864375e+002  6.454523e-004
 4.870562e+002  6.603590e-004
 4.876750e+002  5.610792e-004
 4.882937e+002  5.031847e-004
 4.889125e+002  7.326571e-004
 4.895312e+002  7.614967e-004
 4.901500e+002  6.606295e-004
 4.907687e+002  5.690975e-004
 4.913875e+002  6.070504e-004
 4.920062e+002  5.928649e-004
 4.926250e+002  5.986193e-004
 4.932437e+002  7.620390e-004
 4.938625e+002  7.081082e-004
 4.944812e+002  5.986743e-004
 4.951000e+002  6.240840e-004
 4.957187e+002  5.482813e-004
 4.963375e+002  5.938473e-004
 4.969562e+002  5.778658e-004
 4.975750e+002  7.032592e-004
 4.981937e+002  6.654246e-004
 4.988125e+002  6.846607e-004
 4.994312e+002  9.431038e-004
 5.000500e+002  9.212613e-004
 5.006687e+002  5.470918e-004
 5.012875e+002  5.691036e-004
 5.019062e+002  6.247485e-004
 5.025250e+002  6.724433e-004
 5.031437e+002  5.554624e-004
 5.037625e+002  5.786058e-004
 5.043812e+002  5.506215e-004
 5.050000e+002  4.907913e-004
 5.056187e+002  5.766578e-004
 5.062375e+002  5.784763e-004
 5.068562e+002  6.233881e-004
 5.074750e+002  5.787554e-004
 5.080937e+002  7.092683e-004
 5.087125e+002  6.673268e-004
 5.093312e+002  5.535759e-004
 5.099500e+002  6.349312e-004
 5.105687e+002  5.456990e-004
 5.111875e+002  4.969203e-004
 5.118062e+002  5.565320e-004
 5.124250e+002  6.942340e-004
 5.130437e+002  7.068865e-004
 5.136625e+002  6.683985e-004
 5.142812e+002  4.802639e-004
 5.149000e+002  4.868893e-004
 5.155187e+002  5.010982e-004
 5.161375e+002  6.828243e-004
 5.167562e+002  5.769666e-004
 5.173750e+002  6.473088e-004
 5.179937e+002  6.290991e-004
 5.186125e+002  6.862669e-004
 5.192312e+002  7.612556e-004
 5.198500e+002  7.263607e-004
 5.204687e+002  4.399697e-004
 5.210875e+002  4.886801e-004
 5.217062e+002  4.910495e-004
 5.223250e+002  5.058120e-004
 5.229437e+002  5.062636e-004
 5.235625e+002  4.825931e-004
 5.241812e+002  4.953915e-004
 5.248000e+002  5.183237e-004
 5.254187e+002  6.196027e-004
 5.260375e+002  6.050195e-004
 5.266562e+002  6.227163e-004
 5.272750e+002  5.986272e-004
 5.278937e+002  5.087571e-004
 5.285125e+002  4.415173e-004
 5.291312e+002  5.899849e-004
 5.297500e+002  7.309242e-004
 5.303687e+002  5.905578e-004
 5.309875e+002  7.087249e-004
 5.316062e+002  7.068300e-004
 5.322250e+002  6.435786e-004
 5.328437e+002  7.161091e-004
 5.334625e+002  7.286439e-004
 5.340812e+002  6.584962e-004
 5.347000e+002  6.011881e-004
 5.353187e+002  5.922755e-004
 5.359375e+002  6.265778e-004
 5.365562e+002  6.242908e-004
 5.371750e+002  6.565581e-004
 5.377937e+002  5.076790e-004
 5.384125e+002  5.414361e-004
 5.390312e+002  5.526063e-004
 5.396500e+002  5.827372e-004
 5.402687e+002  6.555095e-004
 5.408875e+002  6.792604e-004
 5.415062e+002  6.328257e-004
 5.421250e+002  5.096866e-004
 5.427437e+002  4.980361e-004
 5.433625e+002  3.933517e-004
 5.439812e+002  4.444129e-004
 5.446000e+002  5.264309e-004
 5.452187e+002  6.375298e-004
 5.458375e+002  6.508891e-004
 5.464562e+002  6.534211e-004
 5.470750e+002  6.907262e-004
 5.476937e+002  6.275283e-004
 5.483125e+002  5.127428e-004
 5.489312e+002  4.960970e-004
 5.495500e+002  8.624754e-004
 5.501687e+002  9.110786e-004
 5.507875e+002  4.312134e-004
 5.514062e+002  4.773649e-004
 5.520250e+002  6.335538e-004
 5.526437e+002  6.823924e-004
 5.532625e+002  6.321817e-004
 5.538812e+002  6.958329e-004
 5.545000e+002  5.814534e-004
 5.551187e+002  5.093629e-004
 5.557375e+002  6.326496e-004
 5.563562e+002  7.059795e-004
 5.569750e+002  6.328315e-004
 5.575937e+002  4.816573e-004
 5.582125e+002  5.195303e-004
 5.588312e+002  4.810640e-004
 5.594500e+002  6.142913e-004
 5.600687e+002  6.532719e-004
 5.606875e+002  5.316307e-004
 5.613062e+002  4.504887e-004
 5.619250e+002  5.347292e-004
 5.625437e+002  5.708013e-004
 5.631625e+002  5.155459e-004
 5.637812e+002  6.890185e-004
 5.644000e+002  6.638492e-004
 5.650187e+002  6.140562e-004
 5.656375e+002  5.843808e-004
 5.662562e+002  8.190971e-004
 5.668750e+002  6.719549e-004
 5.674937e+002  6.894106e-004
 5.681125e+002  6.916287e-004
 5.687312e+002  5.985993e-004
 5.693500e+002  5.228878e-004
 5.699687e+002  5.648855e-004
 5.705875e+002  5.314340e-004
 5.712062e+002  6.464155e-004
 5.718250e+002  6.083273e-004
 5.724437e+002  5.530019e-004
 5.730625e+002  6.392659e-004
 5.736812e+002  6.159272e-004
 5.743000e+002  5.238875e-004
 5.749187e+002  4.562322e-004
 5.755375e+002  6.286060e-004
 5.761562e+002  7.001187e-004
 5.767750e+002  6.461036e-004
 5.773937e+002  5.841588e-004
 5.780125e+002  6.275150e-004
 5.786312e+002  6.082068e-004
 5.792500e+002  5.068817e-004
 5.798687e+002  5.923254e-004
 5.804875e+002  5.391250e-004
 5.811062e+002  5.094188e-004
 5.817250e+002  6.015222e-004
 5.823437e+002  5.757696e-004
 5.829625e+002  5.436839e-004
 5.835812e+002  5.582462e-004
 5.842000e+002  6.496421e-004
 5.848187e+002  5.774594e-004
 5.854375e+002  6.074059e-004
 5.860562e+002  7.469564e-004
 5.866750e+002  6.794643e-004
 5.872937e+002  5.548085e-004
 5.879125e+002  5.985994e-004
 5.885312e+002  5.937199e-004
 5.891500e+002  5.150313e-004
 5.897687e+002  5.352819e-004
 5.903875e+002  5.128966e-004
 5.910062e+002  5.860917e-004
 5.916250e+002  5.196152e-004
 5.922437e+002  5.132456e-004
 5.928625e+002  6.371720e-004
 5.934812e+002  6.081285e-004
 5.941000e+002  5.871682e-004
 5.947187e+002  5.254393e-004
 5.953375e+002  4.153437e-004
 5.959562e+002  4.285107e-004
 5.965750e+002  3.402749e-004
 5.971937e+002  5.538906e-004
 5.978125e+002  5.190259e-004
 5.984312e+002  4.729823e-004
 5.990500e+002  4.724753e-004
 5.996687e+002  7.831405e-004
 6.002875e+002  7.047748e-004
 6.009062e+002  6.483534e-004
 6.015250e+002  6.951733e-004
 6.021437e+002  5.701920e-004
 6.027625e+002  5.151006e-004
 6.033812e+002  5.061531e-004
 6.040000e+002  4.530779e-004
 6.046187e+002  5.863163e-004
 6.052375e+002  7.538422e-004
 6.058562e+002  6.368335e-004
 6.064750e+002  5.121736e-004
 6.070937e+002  5.522844e-004
 6.077125e+002  5.557952e-004
 6.083312e+002  6.197389e-004
 6.089500e+002  5.613023e-004
 6.095687e+002  6.440033e-004
 6.101875e+002  5.917822e-004
 6.108062e+002  5.103505e-004
 6.114250e+002  5.705635e-004
 6.120437e+002  6.308883e-004
 6.126625e+002  6.830420e-004
 6.132812e+002  6.735702e-004
 6.139000e+002  6.534896e-004
 6.145187e+002  7.264126e-004
 6.151375e+002  5.973812e-004
 6.157562e+002  5.761947e-004
 6.163750e+002  5.643347e-004
 6.169937e+002  4.708824e-004
 6.176125e+002  4.528988e-004
 6.182312e+002  5.381356e-004
 6.188500e+002  6.433048e-004
 6.194687e+002  5.816543e-004
 6.200875e+002  6.366071e-004
 6.207062e+002  7.304511e-004
 6.213250e+002  6.654105e-004
 6.219437e+002  6.351385e-004
 6.225625e+002  5.969565e-004
 6.231812e+002  5.404648e-004
 6.238000e+002  5.175930e-004
 6.244187e+002  5.185766e-004
 6.250375e+002  4.692028e-004
 6.256562e+002  4.498478e-004
 6.262750e+002  4.537176e-004
 6.268937e+002  4.460716e-004
 6.275125e+002  6.644561e-004
 6.281312e+002  7.764094e-004
 6.287500e+002  5.731273e-004
 6.293687e+002  5.754465e-004
 6.299875e+002  6.648812e-004
 6.306062e+002  5.762812e-004
 6.312250e+002  6.493170e-004
 6.318437e+002  7.170071e-004
 6.324625e+002  6.076186e-004
 6.330812e+002  6.089477e-004
 6.337000e+002  5.396977e-004
 6.343187e+002  5.081219e-004
 6.349375e+002  4.895733e-004
 6.355562e+002  5.566581e-004
 6.361750e+002  5.807184e-004
 6.367937e+002  5.189563e-004
 6.374125e+002  4.031147e-004
 6.380312e+002  4.459179e-004
 6.386500e+002  4.885020e-004
 6.392687e+002  5.411948e-004
 6.398875e+002  5.469940e-004
 6.405062e+002  4.932206e-004
 6.411250e+002  4.646672e-004
 6.417437e+002  6.135837e-004
 6.423625e+002  6.483699e-004
 6.429812e+002  4.753650e-004
 6.436000e+002  4.371948e-004
 6.442187e+002  4.533689e-004
 6.448375e+002  4.530440e-004
 6.454562e+002  5.410139e-004
 6.460750e+002  5.867560e-004
 6.466937e+002  4.386453e-004
 6.473125e+002  5.310032e-004
 6.479312e+002  5.239683e-004
 6.485500e+002  5.363290e-004
 6.491687e+002  7.543492e-004
 6.497875e+002  1.082041e-003
 6.504062e+002  8.241215e-004
 6.510250e+002  7.521109e-004
 6.516437e+002  6.381572e-004
 6.522625e+002  5.360417e-004
 6.528812e+002  6.317268e-004
 6.535000e+002  6.472613e-004
 6.541187e+002  5.334428e-004
 6.547375e+002  5.755026e-004
 6.553562e+002  5.130745e-004
 6.559750e+002  5.119288e-004
 6.565937e+002  5.200355e-004
 6.572125e+002  5.386658e-004
 6.578312e+002  5.619639e-004
 6.584500e+002  5.963409e-004
 6.590687e+002  5.615989e-004
 6.596875e+002  6.121644e-004
 6.603062e+002  6.799476e-004
 6.609250e+002  6.268035e-004
 6.615437e+002  5.104209e-004
 6.621625e+002  5.716434e-004
 6.627812e+002  6.988211e-004
 6.634000e+002  6.763864e-004
 6.640187e+002  6.972167e-004
 6.646375e+002  6.925155e-004
 6.652562e+002  6.438713e-004
 6.658750e+002  5.453914e-004
 6.664937e+002  6.662183e-004
 6.671125e+002  5.709578e-004
 6.677312e+002  5.327065e-004
 6.683500e+002  5.683721e-004
 6.689687e+002  5.157639e-004
 6.695875e+002  4.806138e-004
 6.702062e+002  4.153615e-004
 6.708250e+002  4.051412e-004
 6.714437e+002  4.418351e-004
 6.720625e+002  5.283068e-004
 6.726812e+002  6.181614e-004
 6.733000e+002  3.805178e-004
 6.739187e+002  3.773568e-004
 6.745375e+002  5.457575e-004
 6.751562e+002  5.722828e-004
 6.757750e+002  5.030643e-004
 6.763937e+002  5.523944e-004
 6.770125e+002  5.675907e-004
 6.776312e+002  5.281585e-004
 6.782500e+002  4.617250e-004
 6.788687e+002  4.840365e-004
 6.794875e+002  5.029112e-004
 6.801062e+002  4.019039e-004
 6.807250e+002  4.849558e-004
 6.813437e+002  5.382176e-004
 6.819625e+002  5.292655e-004
 6.825812e+002  5.381221e-004
 6.832000e+002  4.620222e-004
 6.838187e+002  4.982805e-004
 6.844375e+002  5.570140e-004
 6.850562e+002  5.809700e-004
 6.856750e+002  4.071485e-004
 6.862937e+002  4.727798e-004
 6.869125e+002  5.429808e-004
 6.875312e+002  4.695257e-004
 6.881500e+002  5.340080e-004
 6.887687e+002  5.618112e-004
 6.893875e+002  5.950675e-004
 6.900062e+002  5.744586e-004
 6.906250e+002  6.275954e-004
 6.912437e+002  6.135918e-004
 6.918625e+002  4.884839e-004
 6.924812e+002  5.024166e-004
 6.931000e+002  4.969293e-004
 6.937187e+002  4.173151e-004
 6.943375e+002  5.592850e-004
 6.949562e+002  5.025755e-004
 6.955750e+002  4.057193e-004
 6.961937e+002  4.998396e-004
 6.968125e+002  5.321552e-004
 6.974312e+002  6.776617e-004
 6.980500e+002  6.500591e-004
 6.986687e+002  6.233656e-004
 6.992875e+002  6.778646e-004
 6.999062e+002  7.285775e-004
 7.005250e+002  5.572144e-004
 7.011437e+002  5.168885e-004
 7.017625e+002  5.782458e-004
 7.023812e+002  6.290572e-004
 7.030000e+002  4.850380e-004
 7.036187e+002  4.612585e-004
 7.042375e+002  5.009951e-004
 7.048562e+002  6.290842e-004
 7.054750e+002  6.097770e-004
 7.060937e+002  6.142401e-004
 7.067125e+002  4.728759e-004
 7.073312e+002  4.557280e-004
 7.079500e+002  5.058644e-004
 7.085687e+002  5.367814e-004
 7.091875e+002  5.865124e-004
 7.098062e+002  5.310189e-004
 7.104250e+002  4.157292e-004
 7.110437e+002  4.866511e-004
 7.116625e+002  5.658184e-004
 7.122812e+002  4.253445e-004
 7.129000e+002  5.365408e-004
 7.135187e+002  5.701506e-004
 7.141375e+002  4.747915e-004
 7.147562e+002  6.143675e-004
 7.153750e+002  6.011586e-004
 7.159937e+002  4.605692e-004
 7.166125e+002  5.072021e-004
 7.172312e+002  4.683222e-004
 7.178500e+002  5.769222e-004
 7.184687e+002  6.766672e-004
 7.190875e+002  5.874219e-004
 7.197062e+002  5.492216e-004
 7.203250e+002  3.979215e-004
 7.209437e+002  4.330489e-004
 7.215625e+002  5.603872e-004
 7.221812e+002  6.121330e-004
 7.228000e+002  6.146986e-004
 7.234187e+002  5.739200e-004
 7.240375e+002  5.624903e-004
 7.246562e+002  5.269787e-004
 7.252750e+002  6.304764e-004
 7.258937e+002  5.952265e-004
 7.265125e+002  5.400099e-004
 7.271312e+002  4.996782e-004
 7.277500e+002  4.994191e-004
 7.283687e+002  5.252153e-004
 7.289875e+002  6.206687e-004
 7.296062e+002  5.967193e-004
 7.302250e+002  4.373401e-004
 7.308437e+002  4.876802e-004
 7.314625e+002  6.172704e-004
 7.320812e+002  5.043182e-004
 7.327000e+002  3.837746e-004
 7.333187e+002  5.245639e-004
 7.339375e+002  5.998797e-004
 7.345562e+002  5.963668e-004
 7.351750e+002  5.405904e-004
 7.357937e+002  5.163035e-004
 7.364125e+002  4.464564e-004
 7.370312e+002  4.120625e-004
 7.376500e+002  4.913664e-004
 7.382687e+002  5.748886e-004
 7.388875e+002  5.292396e-004
 7.395062e+002  3.846574e-004
 7.401250e+002  4.445240e-004
 7.407437e+002  4.097929e-004
 7.413625e+002  3.956027e-004
 7.419812e+002  4.299835e-004
 7.426000e+002  4.099722e-004
 7.432187e+002  5.182991e-004
 7.438375e+002  5.418300e-004
 7.444562e+002  4.603321e-004
 7.450750e+002  4.917129e-004
 7.456937e+002  4.375024e-004
 7.463125e+002  3.953252e-004
 7.469312e+002  5.930890e-004
 7.475500e+002  5.931874e-004
 7.481687e+002  5.700916e-004
 7.487875e+002  4.569024e-004
 7.494062e+002  6.423011e-004
 7.500250e+002  7.306500e-004
 7.506437e+002  5.469092e-004
 7.512625e+002  4.988931e-004
 7.518812e+002  4.226883e-004
 7.525000e+002  5.422461e-004
 7.531187e+002  5.468857e-004
 7.537375e+002  4.655088e-004
 7.543562e+002  4.488478e-004
 7.549750e+002  5.590513e-004
 7.555937e+002  6.624259e-004
 7.562125e+002  6.131349e-004
 7.568312e+002  5.470210e-004
 7.574500e+002  5.508109e-004
 7.580687e+002  6.041607e-004
 7.586875e+002  5.672119e-004
 7.593062e+002  5.660986e-004
 7.599250e+002  5.401716e-004
 7.605437e+002  4.729366e-004
 7.611625e+002  4.762184e-004
 7.617812e+002  5.186229e-004
 7.624000e+002  5.880221e-004
 7.630187e+002  5.939217e-004
 7.636375e+002  6.350418e-004
 7.642562e+002  5.624493e-004
 7.648750e+002  6.440642e-004
 7.654937e+002  6.408310e-004
 7.661125e+002  4.247203e-004
 7.667312e+002  5.930438e-004
 7.673500e+002  5.957005e-004
 7.679687e+002  3.790194e-004
 7.685875e+002  3.645238e-004
 7.692062e+002  3.975256e-004
 7.698250e+002  4.914408e-004
 7.704437e+002  4.166418e-004
 7.710625e+002  4.389799e-004
 7.716812e+002  4.391110e-004
 7.723000e+002  4.473040e-004
 7.729187e+002  4.834344e-004
 7.735375e+002  5.693060e-004
 7.741562e+002  5.806635e-004
 7.747750e+002  5.405921e-004
 7.753937e+002  5.604782e-004
 7.760125e+002  5.962348e-004
 7.766312e+002  4.518239e-004
 7.772500e+002  4.552322e-004
 7.778687e+002  4.475837e-004
 7.784875e+002  4.318136e-004
 7.791062e+002  4.311276e-004
 7.797250e+002  5.614766e-004
 7.803437e+002  4.632616e-004
 7.809625e+002  4.586531e-004
 7.815812e+002  4.672117e-004
 7.822000e+002  4.036458e-004
 7.828187e+002  6.060105e-004
 7.834375e+002  4.385866e-004
 7.840562e+002  4.309809e-004
 7.846750e+002  4.985956e-004
 7.852937e+002  5.163654e-004
 7.859125e+002  5.795443e-004
 7.865312e+002  5.388821e-004
 7.871500e+002  4.074963e-004
 7.877687e+002  5.573627e-004
 7.883875e+002  6.753703e-004
 7.890062e+002  6.178586e-004
 7.896250e+002  5.049415e-004
 7.902437e+002  5.085009e-004
 7.908625e+002  4.940886e-004
 7.914812e+002  4.551157e-004
 7.921000e+002  5.049922e-004
 7.927187e+002  3.632313e-004
 7.933375e+002  4.085740e-004
 7.939562e+002  4.842433e-004
 7.945750e+002  6.064450e-004
 7.951937e+002  5.544109e-004
 7.958125e+002  3.696677e-004
 7.964312e+002  3.179833e-004
 7.970500e+002  4.736053e-004
 7.976687e+002  4.348523e-004
 7.982875e+002  4.600224e-004
 7.989062e+002  5.249713e-004
 7.995250e+002  5.463980e-004
 8.001437e+002  4.733189e-004
 8.007625e+002  4.283303e-004
 8.013812e+002  3.942426e-004
 8.020000e+002  4.804261e-004
 8.026187e+002  6.228936e-004
 8.032375e+002  6.460235e-004
 8.038562e+002  5.700253e-004
 8.044750e+002  5.349271e-004
 8.050937e+002  4.864665e-004
 8.057125e+002  5.636389e-004
 8.063312e+002  5.321309e-004
 8.069500e+002  4.757602e-004
 8.075687e+002  5.125838e-004
 8.081875e+002  4.790256e-004
 8.088062e+002  4.374869e-004
 8.094250e+002  5.226437e-004
 8.100437e+002  5.557018e-004
 8.106625e+002  6.107424e-004
 8.112812e+002  5.789625e-004
 8.119000e+002  5.310640e-004
 8.125187e+002  5.304332e-004
 8.131375e+002  5.090973e-004
 8.137562e+002  5.064686e-004
 8.143750e+002  5.103297e-004
 8.149937e+002  4.655937e-004
 8.156125e+002  3.648342e-004
 8.162312e+002  3.722185e-004
 8.168500e+002  3.481854e-004
 8.174687e+002  4.766311e-004
 8.180875e+002  4.829636e-004
 8.187062e+002  6.084926e-004
 8.193250e+002  5.632101e-004
 8.199437e+002  4.714125e-004
 8.205625e+002  4.937728e-004
 8.211812e+002  5.095596e-004
 8.218000e+002  4.008540e-004
 8.224187e+002  4.712828e-004
 8.230375e+002  4.699584e-004
 8.236562e+002  5.032512e-004
 8.242750e+002  4.714960e-004
 8.248937e+002  4.625110e-004
 8.255125e+002  4.908187e-004
 8.261312e+002  5.176546e-004
 8.267500e+002  4.665480e-004
 8.273687e+002  2.968055e-004
 8.279875e+002  4.865946e-004
 8.286062e+002  5.720606e-004
 8.292250e+002  4.946260e-004
 8.298437e+002  5.254145e-004
 8.304625e+002  5.379620e-004
 8.310812e+002  4.954156e-004
 8.317000e+002  4.079601e-004
 8.323187e+002  4.798297e-004
 8.329375e+002  6.168825e-004
 8.335562e+002  5.461241e-004
 8.341750e+002  5.302706e-004
 8.347937e+002  6.142542e-004
 8.354125e+002  5.688093e-004
 8.360312e+002  3.955731e-004
 8.366500e+002  5.277106e-004
 8.372687e+002  4.427437e-004
 8.378875e+002  4.503708e-004
 8.385062e+002  4.284058e-004
 8.391250e+002  3.812123e-004
 8.397437e+002  5.122041e-004
 8.403625e+002  4.954872e-004
 8.409812e+002  5.128752e-004
 8.416000e+002  5.990773e-004
 8.422187e+002  5.322241e-004
 8.428375e+002  5.233464e-004
 8.434562e+002  4.930942e-004
 8.440750e+002  4.162491e-004
 8.446937e+002  5.098251e-004
 8.453125e+002  4.357113e-004
 8.459312e+002  4.549565e-004
 8.465500e+002  4.126092e-004
 8.471687e+002  4.278622e-004
 8.477875e+002  3.995547e-004
 8.484062e+002  4.483277e-004
 8.490250e+002  5.753315e-004
 8.496437e+002  8.423932e-004
 8.502625e+002  7.124256e-004
 8.508812e+002  3.498154e-004
 8.515000e+002  5.158486e-004
 8.521187e+002  6.229653e-004
 8.527375e+002  5.362749e-004
 8.533562e+002  4.683506e-004
 8.539750e+002  4.507839e-004
 8.545937e+002  4.663224e-004
 8.552125e+002  3.977484e-004
 8.558312e+002  4.499062e-004
 8.564500e+002  4.727392e-004
 8.570687e+002  5.642857e-004
 8.576875e+002  5.372678e-004
 8.583062e+002  4.423407e-004
 8.589250e+002  5.455801e-004
 8.595437e+002  5.791505e-004
 8.601625e+002  3.940145e-004
 8.607812e+002  3.839324e-004
 8.614000e+002  4.277435e-004
 8.620187e+002  4.033370e-004
 8.626375e+002  4.348137e-004
 8.632562e+002  4.996215e-004
 8.638750e+002  4.794611e-004
 8.644937e+002  5.454290e-004
 8.651125e+002  4.755859e-004
 8.657312e+002  4.229313e-004
 8.663500e+002  4.664060e-004
 8.669687e+002  4.683342e-004
 8.675875e+002  4.350439e-004
 8.682062e+002  4.122147e-004
 8.688250e+002  4.480613e-004
 8.694437e+002  4.924856e-004
 8.700625e+002  5.413489e-004
 8.706812e+002  4.861169e-004
 8.713000e+002  4.819125e-004
 8.719187e+002  4.619298e-004
 8.725375e+002  5.822058e-004
 8.731562e+002  4.958843e-004
 8.737750e+002  4.594170e-004
 8.743937e+002  3.922825e-004
 8.750125e+002  5.395614e-004
 8.756312e+002  5.730128e-004
 8.762500e+002  5.477241e-004
 8.768687e+002  5.772432e-004
 8.774875e+002  4.635956e-004
 8.781062e+002  4.995373e-004
 8.787250e+002  5.442176e-004
 8.793437e+002  5.119022e-004
 8.799625e+002  4.728304e-004
 8.805812e+002  5.713182e-004
 8.812000e+002  5.125196e-004
 8.818187e+002  4.179981e-004
 8.824375e+002  4.821884e-004
 8.830562e+002  5.252950e-004
 8.836750e+002  5.051947e-004
 8.842937e+002  3.514169e-004
 8.849125e+002  3.870727e-004
 8.855312e+002  4.263701e-004
 8.861500e+002  4.319808e-004
 8.867687e+002  4.902380e-004
 8.873875e+002  4.801557e-004
 8.880062e+002  4.410289e-004
 8.886250e+002  5.653014e-004
 8.892437e+002  5.386236e-004
 8.898625e+002  5.600698e-004
 8.904812e+002  5.865924e-004
 8.911000e+002  4.911608e-004
 8.917187e+002  4.820383e-004
 8.923375e+002  4.973226e-004
 8.929562e+002  4.391026e-004
 8.935750e+002  5.069317e-004
 8.941937e+002  5.434756e-004
 8.948125e+002  5.534439e-004
 8.954312e+002  4.696276e-004
 8.960500e+002  4.618493e-004
 8.966687e+002  4.976553e-004
 8.972875e+002  3.753793e-004
 8.979062e+002  4.145197e-004
 8.985250e+002  5.330430e-004
 8.991437e+002  4.826322e-004
 8.997625e+002  6.095865e-004
 9.003812e+002  4.695067e-004
 9.010000e+002  4.964979e-004
 9.016187e+002  4.205334e-004
 9.022375e+002  4.268155e-004
 9.028562e+002  3.643290e-004
 9.034750e+002  5.073738e-004
 9.040937e+002  5.730358e-004
 9.047125e+002  5.240943e-004
 9.053312e+002  5.942683e-004
 9.059500e+002  3.962552e-004
 9.065687e+002  3.953357e-004
 9.071875e+002  5.145357e-004
 9.078062e+002  3.850501e-004
 9.084250e+002  4.161926e-004
 9.090437e+002  4.902806e-004
 9.096625e+002  5.308571e-004
 9.102812e+002  5.510390e-004
 9.109000e+002  5.244826e-004
 9.115187e+002  5.306067e-004
 9.121375e+002  4.319417e-004
 9.127562e+002  4.539476e-004
 9.133750e+002  4.796113e-004
 9.139937e+002  3.523035e-004
 9.146125e+002  3.771884e-004
 9.152312e+002  5.425117e-004
 9.158500e+002  5.190553e-004
 9.164687e+002  5.677722e-004
 9.170875e+002  5.053031e-004
 9.177062e+002  4.100327e-004
 9.183250e+002  3.736280e-004
 9.189437e+002  4.351599e-004
 9.195625e+002  5.562677e-004
 9.201812e+002  6.067341e-004
 9.208000e+002  5.054298e-004
 9.214187e+002  6.026614e-004
 9.220375e+002  5.118473e-004
 9.226562e+002  4.948119e-004
 9.232750e+002  4.971209e-004
 9.238937e+002  4.935360e-004
 9.245125e+002  4.998822e-004
 9.251312e+002  5.617154e-004
 9.257500e+002  5.450361e-004
 9.263687e+002  5.349292e-004
 9.269875e+002  4.626963e-004
 9.276062e+002  4.721301e-004
 9.282250e+002  5.360192e-004
 9.288437e+002  4.560869e-004
 9.294625e+002  4.400344e-004
 9.300812e+002  5.803444e-004
 9.307000e+002  5.361842e-004
 9.313187e+002  4.547989e-004
 9.319375e+002  4.609431e-004
 9.325562e+002  4.347122e-004
 9.331750e+002  4.635325e-004
 9.337937e+002  5.110396e-004
 9.344125e+002  5.056555e-004
 9.350312e+002  5.342255e-004
 9.356500e+002  4.408258e-004
 9.362687e+002  4.227513e-004
 9.368875e+002  5.418236e-004
 9.375062e+002  4.779738e-004
 9.381250e+002  4.838255e-004
 9.387437e+002  5.834950e-004
 9.393625e+002  5.429556e-004
 9.399812e+002  4.906492e-004
 9.406000e+002  5.022588e-004
 9.412187e+002  4.240162e-004
 9.418375e+002  5.202791e-004
 9.424562e+002  5.038567e-004
 9.430750e+002  3.478542e-004
 9.436937e+002  4.449775e-004
 9.443125e+002  4.376955e-004
 9.449312e+002  4.798988e-004
 9.455500e+002  5.385655e-004
 9.461687e+002  5.105519e-004
 9.467875e+002  4.412111e-004
 9.474062e+002  4.256351e-004
 9.480250e+002  4.832708e-004
 9.486437e+002  4.655354e-004
 9.492625e+002  7.236992e-004
 9.498812e+002  8.170413e-004
 9.505000e+002  6.145535e-004
 9.511187e+002  5.337347e-004
 9.517375e+002  4.836066e-004
 9.523562e+002  4.794091e-004
 9.529750e+002  4.596843e-004
 9.535937e+002  5.410683e-004
 9.542125e+002  5.887943e-004
 9.548312e+002  5.799146e-004
 9.554500e+002  4.897439e-004
 9.560687e+002  4.433595e-004
 9.566875e+002  4.740167e-004
 9.573062e+002  4.224296e-004
 9.579250e+002  4.098553e-004
 9.585437e+002  4.066067e-004
 9.591625e+002  4.240429e-004
 9.597812e+002  4.742115e-004
 9.604000e+002  4.616187e-004
 9.610187e+002  3.824409e-004
 9.616375e+002  4.078401e-004
 9.622562e+002  5.007517e-004
 9.628750e+002  5.141067e-004
 9.634937e+002  4.615452e-004
 9.641125e+002  4.697227e-004
 9.647312e+002  3.781646e-004
 9.653500e+002  3.695630e-004
 9.659687e+002  5.623591e-004
 9.665875e+002  5.546005e-004
 9.672062e+002  4.282478e-004
 9.678250e+002  4.985835e-004
 9.684437e+002  5.191980e-004
 9.690625e+002  5.147243e-004
 9.696812e+002  5.465694e-004
 9.703000e+002  5.537208e-004
 9.709187e+002  4.718449e-004
 9.715375e+002  3.918356e-004
 9.721562e+002  4.397546e-004
 9.727750e+002  4.555962e-004
 9.733937e+002  4.747632e-004
 9.740125e+002  4.937842e-004
 9.746312e+002  4.905796e-004
 9.752500e+002  4.906328e-004
 9.758687e+002  4.561140e-004
 9.764875e+002  4.381680e-004
 9.771062e+002  3.725586e-004
 9.777250e+002  3.882484e-004
 9.783437e+002  4.807210e-004
 9.789625e+002  5.659577e-004
 9.795812e+002  5.939099e-004
 9.802000e+002  5.707459e-004
 9.808187e+002  4.507516e-004
 9.814375e+002  4.039780e-004
 9.820562e+002  3.793621e-004
 9.826750e+002  4.352113e-004
 9.832937e+002  4.393642e-004
 9.839125e+002  4.973622e-004
 9.845312e+002  5.093154e-004
 9.851500e+002  4.717544e-004
 9.857687e+002  3.759849e-004
 9.863875e+002  4.238206e-004
 9.870062e+002  4.878339e-004
 9.876250e+002  5.047098e-004
 9.882437e+002  3.703686e-004
 9.888625e+002  3.865163e-004
 9.894812e+002  4.029518e-004
 9.901000e+002  3.830753e-004
 9.907187e+002  3.461793e-004
 9.913375e+002  4.111583e-004
 9.919562e+002  4.382345e-004
 9.925750e+002  4.725805e-004
 9.931937e+002  4.508430e-004
 9.938125e+002  4.196770e-004
 9.944312e+002  3.861500e-004
 9.950500e+002  4.173539e-004
 9.956687e+002  5.211418e-004
 9.962875e+002  5.362498e-004
 9.969062e+002  5.134271e-004
 9.975250e+002  4.695798e-004
 9.981437e+002  4.790570e-004
 9.987625e+002  4.221005e-004
 9.993812e+002  6.069878e-004
 1.000000e+003  6.476325e-004
