 1.000000e+000  2.508964e-003
 1.247500e+000  3.346545e-003
 1.495000e+000  1.735772e-003
 1.742500e+000  1.608218e-003
 1.990000e+000  1.231368e-003
 2.237500e+000  9.277523e-004
 2.485000e+000  7.784104e-004
 2.732500e+000  8.676354e-004
 2.980000e+000  7.230627e-004
 3.227500e+000  7.122645e-004
 3.475000e+000  7.018297e-004
 3.722500e+000  7.050005e-004
 3.970000e+000  6.764411e-004
 4.217500e+000  5.360233e-004
 4.465000e+000  4.409267e-004
 4.712500e+000  5.133247e-004
 4.960000e+000  6.584487e-004
 5.207500e+000  6.385083e-004
 5.455000e+000  8.601042e-004
 5.702500e+000  7.066682e-004
 5.950000e+000  5.317664e-004
 6.197500e+000  5.197372e-004
 6.445000e+000  7.526835e-004
 6.692500e+000  8.825933e-004
 6.940000e+000  7.343744e-004
 7.187500e+000  6.540024e-004
 7.435000e+000  4.815233e-004
 7.682500e+000  2.596530e-004
 7.930000e+000  4.404520e-004
 8.177500e+000  6.322892e-004
 8.425000e+000  5.232115e-004
 8.672500e+000  4.241108e-004
 8.920000e+000  5.388773e-004
 9.167500e+000  4.919370e-004
 9.415000e+000  4.243285e-004
 9.662500e+000  3.441494e-004
 9.910000e+000  2.954371e-004
 1.015750e+001  2.312784e-004
 1.040500e+001  2.080338e-004
 1.065250e+001  4.219087e-004
 1.090000e+001  4.703403e-004
 1.114750e+001  2.326504e-004
 1.139500e+001  3.165017e-004
 1.164250e+001  3.769254e-004
 1.189000e+001  3.935629e-004
 1.213750e+001  4.900289e-004
 1.238500e+001  5.441230e-004
 1.263250e+001  6.632138e-004
 1.288000e+001  4.646604e-004
 1.312750e+001  3.784731e-004
 1.337500e+001  4.819024e-004
 1.362250e+001  5.246864e-004
 1.387000e+001  4.953020e-004
 1.411750e+001  3.833827e-004
 1.436500e+001  3.997226e-004
 1.461250e+001  2.812802e-004
 1.486000e+001  2.651583e-004
 1.510750e+001  2.619267e-004
 1.535500e+001  3.446661e-004
 1.560250e+001  4.006061e-004
 1.585000e+001  3.786870e-004
 1.609750e+001  2.948401e-004
 1.634500e+001  2.956076e-004
 1.659250e+001  3.533067e-004
 1.684000e+001  3.265485e-004
 1.708750e+001  3.726901e-004
 1.733500e+001  3.427446e-004
 1.758250e+001  5.290575e-004
 1.783000e+001  5.305156e-004
 1.807750e+001  4.712639e-004
 1.832500e+001  3.646720e-004
 1.857250e+001  2.480139e-004
 1.882000e+001  4.083256e-004
 1.906750e+001  3.548224e-004
 1.931500e+001  4.256526e-004
 1.956250e+001  4.138224e-004
 1.981000e+001  3.831129e-004
 2.005750e+001  4.853871e-004
 2.030500e+001  6.365447e-004
 2.055250e+001  7.365641e-004
 2.080000e+001  5.348796e-004
 2.104750e+001  2.658806e-004
 2.129500e+001  3.517455e-004
 2.154250e+001  3.021240e-004
 2.179000e+001  2.436712e-004
 2.203750e+001  3.813673e-004
 2.228500e+001  5.283927e-004
 2.253250e+001  3.932972e-004
 2.278000e+001  3.106196e-004
 2.302750e+001  3.531036e-004
 2.327500e+001  5.279677e-004
 2.352250e+001  3.515903e-004
 2.377000e+001  2.180884e-004
 2.401750e+001  3.166301e-004
 2.426500e+001  4.939969e-004
 2.451250e+001  4.898411e-004
 2.476000e+001  3.072620e-004
 2.500750e+001  3.539301e-004
 2.525500e+001  3.544252e-004
 2.550250e+001  4.078348e-004
 2.575000e+001  4.920141e-004
 2.599750e+001  3.960575e-004
 2.624500e+001  2.941400e-004
 2.649250e+001  2.778778e-004
 2.674000e+001  2.665110e-004
 2.698750e+001  1.105983e-004
 2.723500e+001  2.546996e-004
 2.748250e+001  2.655192e-004
 2.773000e+001  3.052813e-004
 2.797750e+001  4.684763e-004
 2.822500e+001  3.880836e-004
 2.847250e+001  4.581227e-004
 2.872000e+001  4.576125e-004
 2.896750e+001  2.926856e-004
 2.921500e+001  3.168673e-004
 2.946250e+001  5.568553e-004
 2.971000e+001  4.726271e-004
 2.995750e+001  3.142218e-004
 3.020500e+001  3.701024e-004
 3.045250e+001  5.736669e-004
 3.070000e+001  5.035857e-004
 3.094750e+001  2.474338e-004
 3.119500e+001  2.241879e-004
 3.144250e+001  2.087528e-004
 3.169000e+001  2.912082e-004
 3.193750e+001  1.645292e-004
 3.218500e+001  2.521103e-004
 3.243250e+001  2.530437e-004
 3.268000e+001  1.903509e-004
 3.292750e+001  3.772404e-004
 3.317500e+001  2.565161e-004
 3.342250e+001  3.810711e-004
 3.367000e+001  3.571085e-004
 3.391750e+001  3.431586e-004
 3.416500e+001  2.804853e-004
 3.441250e+001  2.100787e-004
 3.466000e+001  2.730090e-004
 3.490750e+001  3.023130e-004
 3.515500e+001  3.717088e-004
 3.540250e+001  4.125383e-004
 3.565000e+001  2.826542e-004
 3.589750e+001  3.078686e-004
 3.614500e+001  2.699260e-004
 3.639250e+001  3.123945e-004
 3.664000e+001  2.612932e-004
 3.688750e+001  2.711914e-004
 3.713500e+001  2.866144e-004
 3.738250e+001  3.491843e-004
 3.763000e+001  2.120706e-004
 3.787750e+001  2.513739e-004
 3.812500e+001  1.792990e-004
 3.837250e+001  3.639831e-004
 3.862000e+001  4.408363e-004
 3.886750e+001  2.289826e-004
 3.911500e+001  2.866589e-004
 3.936250e+001  5.248158e-004
 3.961000e+001  4.963134e-004
 3.985750e+001  3.588803e-004
 4.010500e+001  3.389008e-004
 4.035250e+001  2.892912e-004
 4.060000e+001  3.358299e-004
 4.084750e+001  1.879536e-004
 4.109500e+001  1.696738e-004
 4.134250e+001  1.758417e-004
 4.159000e+001  1.813891e-004
 4.183750e+001  1.545189e-004
 4.208500e+001  1.637228e-004
 4.233250e+001  2.122017e-004
 4.258000e+001  4.160618e-004
 4.282750e+001  3.675453e-004
 4.307500e+001  3.729961e-004
 4.332250e+001  3.663676e-004
 4.357000e+001  3.272242e-004
 4.381750e+001  2.127308e-004
 4.406500e+001  2.821277e-004
 4.431250e+001  3.032025e-004
 4.456000e+001  2.265319e-004
 4.480750e+001  2.361299e-004
 4.505500e+001  3.031065e-004
 4.530250e+001  2.704444e-004
 4.555000e+001  2.625667e-004
 4.579750e+001  2.936735e-004
 4.604500e+001  2.764714e-004
 4.629250e+001  2.209989e-004
 4.654000e+001  2.053524e-004
 4.678750e+001  2.151535e-004
 4.703500e+001  3.568901e-004
 4.728250e+001  4.076524e-004
 4.753000e+001  3.225041e-004
 4.777750e+001  2.576658e-004
 4.802500e+001  3.310922e-004
 4.827250e+001  1.732731e-004
 4.852000e+001  1.716880e-004
 4.876750e+001  2.858813e-004
 4.901500e+001  3.465878e-004
 4.926250e+001  4.097297e-004
 4.951000e+001  3.115930e-004
 4.975750e+001  1.463168e-002
 5.000500e+001  2.666718e-002
 5.025250e+001  1.218680e-002
 5.050000e+001  3.487648e-004
 5.074750e+001  1.757011e-004
 5.099500e+001  1.978667e-004
 5.124250e+001  1.347416e-004
 5.149000e+001  2.624298e-004
 5.173750e+001  2.309565e-004
 5.198500e+001  1.809704e-004
 5.223250e+001  3.217471e-004
 5.248000e+001  3.351455e-004
 5.272750e+001  2.324738e-004
 5.297500e+001  1.935639e-004
 5.322250e+001  2.599204e-004
 5.347000e+001  2.615639e-004
 5.371750e+001  2.637590e-004
 5.396500e+001  1.956877e-004
 5.421250e+001  1.848103e-004
 5.446000e+001  2.294257e-004
 5.470750e+001  2.026837e-004
 5.495500e+001  2.267462e-004
 5.520250e+001  2.391412e-004
 5.545000e+001  2.826627e-004
 5.569750e+001  2.643263e-004
 5.594500e+001  2.905129e-004
 5.619250e+001  2.596254e-004
 5.644000e+001  2.363417e-004
 5.668750e+001  2.639094e-004
 5.693500e+001  2.420520e-004
 5.718250e+001  2.451698e-004
 5.743000e+001  2.267608e-004
 5.767750e+001  2.153019e-004
 5.792500e+001  2.329319e-004
 5.817250e+001  2.361780e-004
 5.842000e+001  2.677600e-004
 5.866750e+001  3.015513e-004
 5.891500e+001  3.572978e-004
 5.916250e+001  3.417966e-004
 5.941000e+001  3.323006e-004
 5.965750e+001  2.836976e-004
 5.990500e+001  2.528756e-004
 6.015250e+001  1.997651e-004
 6.040000e+001  3.405225e-004
 6.064750e+001  3.601162e-004
 6.089500e+001  2.424033e-004
 6.114250e+001  2.855280e-004
 6.139000e+001  2.393820e-004
 6.163750e+001  1.990794e-004
 6.188500e+001  2.295520e-004
 6.213250e+001  2.483507e-004
 6.238000e+001  2.740565e-004
 6.262750e+001  2.450726e-004
 6.287500e+001  2.979769e-004
 6.312250e+001  2.972156e-004
 6.337000e+001  2.114105e-004
 6.361750e+001  1.474298e-004
 6.386500e+001  1.671378e-004
 6.411250e+001  2.268108e-004
 6.436000e+001  2.455424e-004
 6.460750e+001  2.060377e-004
 6.485500e+001  2.161769e-004
 6.510250e+001  2.758116e-004
 6.535000e+001  2.330504e-004
 6.559750e+001  1.216931e-004
 6.584500e+001  1.446301e-004
 6.609250e+001  2.414947e-004
 6.634000e+001  2.254984e-004
 6.658750e+001  2.642947e-004
 6.683500e+001  2.727996e-004
 6.708250e+001  2.077623e-004
 6.733000e+001  1.979081e-004
 6.757750e+001  2.379963e-004
 6.782500e+001  2.573309e-004
 6.807250e+001  1.877839e-004
 6.832000e+001  2.647556e-004
 6.856750e+001  1.811825e-004
 6.881500e+001  2.041039e-004
 6.906250e+001  2.182215e-004
 6.931000e+001  1.815701e-004
 6.955750e+001  2.446360e-004
 6.980500e+001  1.722608e-004
 7.005250e+001  1.869541e-004
 7.030000e+001  2.414350e-004
 7.054750e+001  2.580849e-004
 7.079500e+001  2.851871e-004
 7.104250e+001  2.797981e-004
 7.129000e+001  2.976990e-004
 7.153750e+001  1.570591e-004
 7.178500e+001  2.167787e-004
 7.203250e+001  2.006290e-004
 7.228000e+001  2.299611e-004
 7.252750e+001  1.769935e-004
 7.277500e+001  2.062881e-004
 7.302250e+001  2.516989e-004
 7.327000e+001  2.180969e-004
 7.351750e+001  1.987984e-004
 7.376500e+001  2.965529e-004
 7.401250e+001  2.950837e-004
 7.426000e+001  1.877013e-004
 7.450750e+001  2.257989e-004
 7.475500e+001  1.422541e-004
 7.500250e+001  2.780352e-004
 7.525000e+001  6.883934e-004
 7.549750e+001  7.336564e-004
 7.574500e+001  3.411813e-004
 7.599250e+001  1.602193e-004
 7.624000e+001  9.385547e-005
 7.648750e+001  1.588078e-004
 7.673500e+001  1.520073e-004
 7.698250e+001  1.918010e-004
 7.723000e+001  2.023953e-004
 7.747750e+001  2.143586e-004
 7.772500e+001  3.057544e-004
 7.797250e+001  2.692113e-004
 7.822000e+001  2.978677e-004
 7.846750e+001  2.909254e-004
 7.871500e+001  2.568752e-004
 7.896250e+001  1.624912e-004
 7.921000e+001  2.033520e-004
 7.945750e+001  2.521248e-004
 7.970500e+001  1.762788e-004
 7.995250e+001  1.896932e-004
 8.020000e+001  2.609984e-004
 8.044750e+001  1.717546e-004
 8.069500e+001  2.378899e-004
 8.094250e+001  1.764464e-004
 8.119000e+001  1.373915e-004
 8.143750e+001  1.382301e-004
 8.168500e+001  1.735582e-004
 8.193250e+001  2.695605e-004
 8.218000e+001  1.233002e-004
 8.242750e+001  1.895509e-004
 8.267500e+001  2.567991e-004
 8.292250e+001  1.653724e-004
 8.317000e+001  2.017425e-004
 8.341750e+001  2.251136e-004
 8.366500e+001  2.473513e-004
 8.391250e+001  2.350823e-004
 8.416000e+001  2.719701e-004
 8.440750e+001  1.842793e-004
 8.465500e+001  1.572974e-004
 8.490250e+001  1.690508e-004
 8.515000e+001  1.812108e-004
 8.539750e+001  1.494654e-004
 8.564500e+001  1.810972e-004
 8.589250e+001  1.604437e-004
 8.614000e+001  1.934180e-004
 8.638750e+001  3.125832e-004
 8.663500e+001  2.553009e-004
 8.688250e+001  1.182061e-004
 8.713000e+001  2.399196e-004
 8.737750e+001  3.147322e-004
 8.762500e+001  2.341820e-004
 8.787250e+001  2.044989e-004
 8.812000e+001  2.278661e-004
 8.836750e+001  2.322968e-004
 8.861500e+001  1.284142e-004
 8.886250e+001  1.332082e-004
 8.911000e+001  2.658871e-004
 8.935750e+001  2.722115e-004
 8.960500e+001  1.932964e-004
 8.985250e+001  1.583989e-004
 9.010000e+001  1.740654e-004
 9.034750e+001  1.872244e-004
 9.059500e+001  1.747792e-004
 9.084250e+001  2.175255e-004
 9.109000e+001  3.029682e-004
 9.133750e+001  3.217116e-004
 9.158500e+001  3.294732e-004
 9.183250e+001  2.201975e-004
 9.208000e+001  1.497520e-004
 9.232750e+001  2.023952e-004
 9.257500e+001  2.656492e-004
 9.282250e+001  1.760430e-004
 9.307000e+001  1.892513e-004
 9.331750e+001  1.719495e-004
 9.356500e+001  1.401108e-004
 9.381250e+001  2.439884e-004
 9.406000e+001  2.554091e-004
 9.430750e+001  1.874312e-004
 9.455500e+001  1.132270e-004
 9.480250e+001  1.527672e-004
 9.505000e+001  2.067736e-004
 9.529750e+001  1.562098e-004
 9.554500e+001  1.296070e-004
 9.579250e+001  2.095662e-004
 9.604000e+001  2.096822e-004
 9.628750e+001  1.667994e-004
 9.653500e+001  1.426601e-004
 9.678250e+001  1.610125e-004
 9.703000e+001  1.455512e-004
 9.727750e+001  2.292943e-004
 9.752500e+001  2.139816e-004
 9.777250e+001  1.965328e-004
 9.802000e+001  1.517802e-004
 9.826750e+001  1.524399e-004
 9.851500e+001  1.986753e-004
 9.876250e+001  2.092734e-004
 9.901000e+001  1.550560e-004
 9.925750e+001  1.650039e-004
 9.950500e+001  2.138723e-004
 9.975250e+001  6.622411e-004
 1.000000e+002  1.063036e-003
