 1.000000e+000  1.077289e-003
 1.247500e+000  1.184264e-003
 1.495000e+000  9.003732e-004
 1.742500e+000  5.979281e-004
 1.990000e+000  4.474581e-004
 2.237500e+000  4.814528e-004
 2.485000e+000  7.479144e-004
 2.732500e+000  6.385465e-004
 2.980000e+000  5.320432e-004
 3.227500e+000  5.864319e-004
 3.475000e+000  5.342568e-004
 3.722500e+000  7.017865e-004
 3.970000e+000  5.567361e-004
 4.217500e+000  4.261813e-004
 4.465000e+000  3.502597e-004
 4.712500e+000  3.276156e-004
 4.960000e+000  3.167076e-004
 5.207500e+000  3.256112e-004
 5.455000e+000  2.825659e-004
 5.702500e+000  2.598912e-004
 5.950000e+000  2.600711e-004
 6.197500e+000  2.870639e-004
 6.445000e+000  4.290164e-004
 6.692500e+000  4.053435e-004
 6.940000e+000  4.161350e-004
 7.187500e+000  3.292505e-004
 7.435000e+000  2.536673e-004
 7.682500e+000  3.157648e-004
 7.930000e+000  2.876168e-004
 8.177500e+000  1.641825e-004
 8.425000e+000  2.621829e-004
 8.672500e+000  2.719529e-004
 8.920000e+000  2.602133e-004
 9.167500e+000  2.923590e-004
 9.415000e+000  2.946283e-004
 9.662500e+000  2.764720e-004
 9.910000e+000  1.675227e-004
 1.015750e+001  1.942885e-004
 1.040500e+001  1.998311e-004
 1.065250e+001  2.696521e-004
 1.090000e+001  3.091031e-004
 1.114750e+001  2.520457e-004
 1.139500e+001  2.693652e-004
 1.164250e+001  2.938691e-004
 1.189000e+001  1.832323e-004
 1.213750e+001  2.069911e-004
 1.238500e+001  1.966146e-004
 1.263250e+001  2.681061e-004
 1.288000e+001  2.352181e-004
 1.312750e+001  2.714355e-004
 1.337500e+001  2.000399e-004
 1.362250e+001  2.143421e-004
 1.387000e+001  2.590739e-004
 1.411750e+001  2.766337e-004
 1.436500e+001  2.372073e-004
 1.461250e+001  1.782416e-004
 1.486000e+001  2.481767e-004
 1.510750e+001  2.879136e-004
 1.535500e+001  2.223255e-004
 1.560250e+001  1.917255e-004
 1.585000e+001  1.300213e-004
 1.609750e+001  1.411300e-004
 1.634500e+001  1.624066e-004
 1.659250e+001  1.587400e-004
 1.684000e+001  1.137059e-004
 1.708750e+001  1.336745e-004
 1.733500e+001  1.967097e-004
 1.758250e+001  2.002973e-004
 1.783000e+001  2.101903e-004
 1.807750e+001  1.889212e-004
 1.832500e+001  1.854671e-004
 1.857250e+001  1.502807e-004
 1.882000e+001  1.533116e-004
 1.906750e+001  2.226271e-004
 1.931500e+001  2.230140e-004
 1.956250e+001  2.490697e-004
 1.981000e+001  2.150206e-004
 2.005750e+001  1.646370e-004
 2.030500e+001  1.587976e-004
 2.055250e+001  1.545601e-004
 2.080000e+001  1.938073e-004
 2.104750e+001  1.754623e-004
 2.129500e+001  2.033807e-004
 2.154250e+001  2.199565e-004
 2.179000e+001  2.101396e-004
 2.203750e+001  1.914545e-004
 2.228500e+001  1.840667e-004
 2.253250e+001  1.410138e-004
 2.278000e+001  1.339240e-004
 2.302750e+001  1.966173e-004
 2.327500e+001  1.678964e-004
 2.352250e+001  1.414862e-004
 2.377000e+001  1.579952e-004
 2.401750e+001  1.396305e-004
 2.426500e+001  2.692048e-004
 2.451250e+001  2.208996e-004
 2.476000e+001  1.990664e-004
 2.500750e+001  1.679067e-004
 2.525500e+001  1.856950e-004
 2.550250e+001  1.614181e-004
 2.575000e+001  1.148001e-004
 2.599750e+001  1.645887e-004
 2.624500e+001  1.973601e-004
 2.649250e+001  1.456651e-004
 2.674000e+001  2.089435e-004
 2.698750e+001  1.660886e-004
 2.723500e+001  1.472273e-004
 2.748250e+001  1.734421e-004
 2.773000e+001  1.298351e-004
 2.797750e+001  1.089921e-004
 2.822500e+001  1.431083e-004
 2.847250e+001  1.466575e-004
 2.872000e+001  1.364700e-004
 2.896750e+001  1.886138e-004
 2.921500e+001  1.953956e-004
 2.946250e+001  1.693786e-004
 2.971000e+001  1.291408e-004
 2.995750e+001  9.802573e-005
 3.020500e+001  1.390350e-004
 3.045250e+001  1.418079e-004
 3.070000e+001  1.094205e-004
 3.094750e+001  6.046477e-005
 3.119500e+001  7.335035e-005
 3.144250e+001  9.505737e-005
 3.169000e+001  1.013764e-004
 3.193750e+001  1.157870e-004
 3.218500e+001  9.460595e-005
 3.243250e+001  1.045902e-004
 3.268000e+001  1.353128e-004
 3.292750e+001  1.524203e-004
 3.317500e+001  1.564815e-004
 3.342250e+001  1.759147e-004
 3.367000e+001  9.694957e-005
 3.391750e+001  1.507368e-004
 3.416500e+001  8.621071e-005
 3.441250e+001  1.402947e-004
 3.466000e+001  1.415510e-004
 3.490750e+001  1.022106e-004
 3.515500e+001  1.091305e-004
 3.540250e+001  1.377561e-004
 3.565000e+001  1.516211e-004
 3.589750e+001  1.285414e-004
 3.614500e+001  1.363832e-004
 3.639250e+001  1.368633e-004
 3.664000e+001  1.292166e-004
 3.688750e+001  7.856637e-005
 3.713500e+001  1.027935e-004
 3.738250e+001  1.332602e-004
 3.763000e+001  1.462985e-004
 3.787750e+001  1.257045e-004
 3.812500e+001  1.290978e-004
 3.837250e+001  5.839510e-005
 3.862000e+001  6.802243e-005
 3.886750e+001  1.291471e-004
 3.911500e+001  1.693210e-004
 3.936250e+001  1.925511e-004
 3.961000e+001  1.066825e-004
 3.985750e+001  7.113107e-005
 4.010500e+001  1.634258e-004
 4.035250e+001  1.227767e-004
 4.060000e+001  1.277813e-004
 4.084750e+001  1.355702e-004
 4.109500e+001  1.556606e-004
 4.134250e+001  1.249170e-004
 4.159000e+001  1.051463e-004
 4.183750e+001  6.447270e-005
 4.208500e+001  9.165620e-005
 4.233250e+001  1.502726e-004
 4.258000e+001  9.505115e-005
 4.282750e+001  1.907487e-004
 4.307500e+001  1.586732e-004
 4.332250e+001  1.640093e-004
 4.357000e+001  1.153301e-004
 4.381750e+001  7.619574e-005
 4.406500e+001  1.271546e-004
 4.431250e+001  1.382472e-004
 4.456000e+001  1.030887e-004
 4.480750e+001  1.188526e-004
 4.505500e+001  7.069925e-005
 4.530250e+001  7.445642e-005
 4.555000e+001  6.023942e-005
 4.579750e+001  9.672260e-005
 4.604500e+001  1.040906e-004
 4.629250e+001  1.178928e-004
 4.654000e+001  1.143151e-004
 4.678750e+001  1.482013e-004
 4.703500e+001  1.690314e-004
 4.728250e+001  1.093469e-004
 4.753000e+001  9.483158e-005
 4.777750e+001  1.127193e-004
 4.802500e+001  1.043858e-004
 4.827250e+001  4.309041e-005
 4.852000e+001  1.059097e-004
 4.876750e+001  1.073562e-004
 4.901500e+001  1.425234e-004
 4.926250e+001  1.150630e-004
 4.951000e+001  4.897160e-004
 4.975750e+001  7.896263e-003
 5.000500e+001  1.247953e-002
 5.025250e+001  4.825365e-003
 5.050000e+001  2.967972e-004
 5.074750e+001  1.274305e-004
 5.099500e+001  8.165611e-005
 5.124250e+001  5.586034e-005
 5.149000e+001  9.140471e-005
 5.173750e+001  1.122425e-004
 5.198500e+001  5.965403e-005
 5.223250e+001  7.428840e-005
 5.248000e+001  9.322950e-005
 5.272750e+001  1.029613e-004
 5.297500e+001  1.145059e-004
 5.322250e+001  1.318903e-004
 5.347000e+001  1.122420e-004
 5.371750e+001  1.068823e-004
 5.396500e+001  1.051132e-004
 5.421250e+001  1.102665e-004
 5.446000e+001  1.151268e-004
 5.470750e+001  9.009802e-005
 5.495500e+001  1.054016e-004
 5.520250e+001  6.492545e-005
 5.545000e+001  5.954268e-005
 5.569750e+001  4.872796e-005
 5.594500e+001  7.402306e-005
 5.619250e+001  1.048379e-004
 5.644000e+001  1.153649e-004
 5.668750e+001  1.394993e-004
 5.693500e+001  1.241945e-004
 5.718250e+001  1.040217e-004
 5.743000e+001  1.022372e-004
 5.767750e+001  5.463382e-005
 5.792500e+001  4.495009e-005
 5.817250e+001  7.806772e-005
 5.842000e+001  9.224739e-005
 5.866750e+001  7.499710e-005
 5.891500e+001  7.151644e-005
 5.916250e+001  1.037535e-004
 5.941000e+001  9.641398e-005
 5.965750e+001  9.200629e-005
 5.990500e+001  9.078481e-005
 6.015250e+001  9.194934e-005
 6.040000e+001  7.839554e-005
 6.064750e+001  1.009654e-004
 6.089500e+001  1.020691e-004
 6.114250e+001  8.822691e-005
 6.139000e+001  9.032444e-005
 6.163750e+001  6.656365e-005
 6.188500e+001  8.993074e-005
 6.213250e+001  9.806402e-005
 6.238000e+001  8.674344e-005
 6.262750e+001  7.389893e-005
 6.287500e+001  7.585523e-005
 6.312250e+001  7.020328e-005
 6.337000e+001  7.851590e-005
 6.361750e+001  9.577763e-005
 6.386500e+001  9.539099e-005
 6.411250e+001  6.804549e-005
 6.436000e+001  5.171599e-005
 6.460750e+001  5.840474e-005
 6.485500e+001  7.788299e-005
 6.510250e+001  6.347135e-005
 6.535000e+001  9.917183e-005
 6.559750e+001  9.025820e-005
 6.584500e+001  7.759575e-005
 6.609250e+001  7.327705e-005
 6.634000e+001  7.595998e-005
 6.658750e+001  7.578758e-005
 6.683500e+001  4.891839e-005
 6.708250e+001  7.270452e-005
 6.733000e+001  8.036743e-005
 6.757750e+001  7.962100e-005
 6.782500e+001  9.943293e-005
 6.807250e+001  8.270560e-005
 6.832000e+001  9.315257e-005
 6.856750e+001  7.060921e-005
 6.881500e+001  8.495591e-005
 6.906250e+001  7.968121e-005
 6.931000e+001  4.392439e-005
 6.955750e+001  7.159652e-005
 6.980500e+001  8.721351e-005
 7.005250e+001  7.224693e-005
 7.030000e+001  1.014354e-004
 7.054750e+001  8.148939e-005
 7.079500e+001  8.836782e-005
 7.104250e+001  6.808904e-005
 7.129000e+001  5.109296e-005
 7.153750e+001  6.713591e-005
 7.178500e+001  6.040205e-005
 7.203250e+001  6.418356e-005
 7.228000e+001  9.167049e-005
 7.252750e+001  9.438348e-005
 7.277500e+001  9.945564e-005
 7.302250e+001  1.079781e-004
 7.327000e+001  1.007362e-004
 7.351750e+001  7.586157e-005
 7.376500e+001  7.522427e-005
 7.401250e+001  4.567610e-005
 7.426000e+001  4.889639e-005
 7.450750e+001  6.029647e-005
 7.475500e+001  6.711040e-005
 7.500250e+001  3.778398e-005
 7.525000e+001  5.288558e-005
 7.549750e+001  5.433778e-005
 7.574500e+001  1.601838e-004
 7.599250e+001  2.371228e-004
 7.624000e+001  1.098217e-004
 7.648750e+001  7.988895e-005
 7.673500e+001  6.922449e-005
 7.698250e+001  7.033837e-005
 7.723000e+001  7.836354e-005
 7.747750e+001  1.028012e-004
 7.772500e+001  1.294948e-004
 7.797250e+001  1.305701e-004
 7.822000e+001  7.313497e-005
 7.846750e+001  9.752692e-005
 7.871500e+001  1.101062e-004
 7.896250e+001  8.980142e-005
 7.921000e+001  6.664148e-005
 7.945750e+001  8.836429e-005
 7.970500e+001  6.468896e-005
 7.995250e+001  4.729033e-005
 8.020000e+001  8.818622e-005
 8.044750e+001  8.685910e-005
 8.069500e+001  7.721758e-005
 8.094250e+001  7.844996e-005
 8.119000e+001  8.702089e-005
 8.143750e+001  9.127002e-005
 8.168500e+001  1.052523e-004
 8.193250e+001  8.270449e-005
 8.218000e+001  5.757568e-005
 8.242750e+001  7.161807e-005
 8.267500e+001  7.106681e-005
 8.292250e+001  6.351082e-005
 8.317000e+001  7.155898e-005
 8.341750e+001  6.086830e-005
 8.366500e+001  6.676776e-005
 8.391250e+001  5.152099e-005
 8.416000e+001  5.289632e-005
 8.440750e+001  6.749973e-005
 8.465500e+001  5.861353e-005
 8.490250e+001  4.803248e-005
 8.515000e+001  6.927477e-005
 8.539750e+001  6.895247e-005
 8.564500e+001  5.879318e-005
 8.589250e+001  6.771677e-005
 8.614000e+001  6.092731e-005
 8.638750e+001  7.541884e-005
 8.663500e+001  8.251618e-005
 8.688250e+001  5.012969e-005
 8.713000e+001  5.642052e-005
 8.737750e+001  4.968507e-005
 8.762500e+001  5.874547e-005
 8.787250e+001  5.969680e-005
 8.812000e+001  6.311203e-005
 8.836750e+001  5.874188e-005
 8.861500e+001  5.780331e-005
 8.886250e+001  6.751580e-005
 8.911000e+001  8.522099e-005
 8.935750e+001  6.321365e-005
 8.960500e+001  5.262788e-005
 8.985250e+001  4.961241e-005
 9.010000e+001  4.452409e-005
 9.034750e+001  6.000580e-005
 9.059500e+001  4.916480e-005
 9.084250e+001  6.694040e-005
 9.109000e+001  6.508402e-005
 9.133750e+001  5.694619e-005
 9.158500e+001  8.594569e-005
 9.183250e+001  1.407465e-004
 9.208000e+001  7.487971e-005
 9.232750e+001  4.887480e-005
 9.257500e+001  4.811587e-005
 9.282250e+001  5.636235e-005
 9.307000e+001  6.038043e-005
 9.331750e+001  6.875097e-005
 9.356500e+001  4.678435e-005
 9.381250e+001  4.666201e-005
 9.406000e+001  6.353071e-005
 9.430750e+001  6.381086e-005
 9.455500e+001  5.297170e-005
 9.480250e+001  5.038267e-005
 9.505000e+001  5.520629e-005
 9.529750e+001  4.595394e-005
 9.554500e+001  7.740698e-005
 9.579250e+001  7.080569e-005
 9.604000e+001  5.405717e-005
 9.628750e+001  5.560646e-005
 9.653500e+001  4.628961e-005
 9.678250e+001  5.195724e-005
 9.703000e+001  6.222550e-005
 9.727750e+001  4.725024e-005
 9.752500e+001  6.233612e-005
 9.777250e+001  7.762132e-005
 9.802000e+001  5.707129e-005
 9.826750e+001  5.022565e-005
 9.851500e+001  6.840499e-005
 9.876250e+001  6.932813e-005
 9.901000e+001  9.247358e-005
 9.925750e+001  9.601255e-005
 9.950500e+001  5.922538e-005
 9.975250e+001  1.763998e-004
 1.000000e+002  2.562344e-004
