 1.000000e+001  2.291974e-004
 1.061875e+001  2.002109e-004
 1.123750e+001  2.195270e-004
 1.185625e+001  2.372799e-004
 1.247500e+001  2.580893e-004
 1.309375e+001  2.162961e-004
 1.371250e+001  2.065660e-004
 1.433125e+001  1.907311e-004
 1.495000e+001  1.853509e-004
 1.556875e+001  1.903933e-004
 1.618750e+001  2.049620e-004
 1.680625e+001  2.131659e-004
 1.742500e+001  2.034737e-004
 1.804375e+001  1.681771e-004
 1.866250e+001  1.884109e-004
 1.928125e+001  1.422011e-004
 1.990000e+001  1.601631e-004
 2.051875e+001  1.810820e-004
 2.113750e+001  1.676499e-004
 2.175625e+001  1.449712e-004
 2.237500e+001  1.504556e-004
 2.299375e+001  1.658006e-004
 2.361250e+001  1.823900e-004
 2.423125e+001  1.745231e-004
 2.485000e+001  1.719128e-004
 2.546875e+001  1.585421e-004
 2.608750e+001  1.562791e-004
 2.670625e+001  1.324219e-004
 2.732500e+001  1.411058e-004
 2.794375e+001  1.816679e-004
 2.856250e+001  1.944238e-004
 2.918125e+001  1.694724e-004
 2.980000e+001  1.411211e-004
 3.041875e+001  1.644847e-004
 3.103750e+001  1.828597e-004
 3.165625e+001  1.306993e-004
 3.227500e+001  1.527368e-004
 3.289375e+001  1.640522e-004
 3.351250e+001  1.541576e-004
 3.413125e+001  1.403687e-004
 3.475000e+001  1.080577e-004
 3.536875e+001  1.055173e-004
 3.598750e+001  1.252456e-004
 3.660625e+001  1.275761e-004
 3.722500e+001  1.301951e-004
 3.784375e+001  1.177865e-004
 3.846250e+001  1.078977e-004
 3.908125e+001  1.320828e-004
 3.970000e+001  1.363391e-004
 4.031875e+001  1.185823e-004
 4.093750e+001  1.310826e-004
 4.155625e+001  1.381288e-004
 4.217500e+001  1.412692e-004
 4.279375e+001  1.851350e-004
 4.341250e+001  1.772681e-004
 4.403125e+001  1.520979e-004
 4.465000e+001  1.435332e-004
 4.526875e+001  1.258977e-004
 4.588750e+001  1.266192e-004
 4.650625e+001  1.370760e-004
 4.712500e+001  1.066186e-004
 4.774375e+001  1.260113e-004
 4.836250e+001  1.840048e-004
 4.898125e+001  7.102521e-004
 4.960000e+001  5.959852e-003
 5.021875e+001  7.578805e-003
 5.083750e+001  2.210577e-003
 5.145625e+001  2.560242e-004
 5.207500e+001  1.096968e-004
 5.269375e+001  1.028095e-004
 5.331250e+001  1.064731e-004
 5.393125e+001  1.281465e-004
 5.455000e+001  1.158458e-004
 5.516875e+001  8.759937e-005
 5.578750e+001  1.061561e-004
 5.640625e+001  7.277745e-005
 5.702500e+001  8.679940e-005
 5.764375e+001  1.034887e-004
 5.826250e+001  1.257975e-004
 5.888125e+001  1.115876e-004
 5.950000e+001  1.070603e-004
 6.011875e+001  9.247815e-005
 6.073750e+001  7.333241e-005
 6.135625e+001  8.811409e-005
 6.197500e+001  8.122399e-005
 6.259375e+001  8.663611e-005
 6.321250e+001  8.701249e-005
 6.383125e+001  1.077277e-004
 6.445000e+001  1.155463e-004
 6.506875e+001  7.463189e-005
 6.568750e+001  4.932554e-005
 6.630625e+001  6.449754e-005
 6.692500e+001  6.653712e-005
 6.754375e+001  7.288618e-005
 6.816250e+001  7.629011e-005
 6.878125e+001  7.769979e-005
 6.940000e+001  8.603861e-005
 7.001875e+001  8.614011e-005
 7.063750e+001  9.280104e-005
 7.125625e+001  6.975676e-005
 7.187500e+001  7.155334e-005
 7.249375e+001  6.464183e-005
 7.311250e+001  6.926810e-005
 7.373125e+001  6.704010e-005
 7.435000e+001  7.658846e-005
 7.496875e+001  9.841119e-005
 7.558750e+001  2.386933e-004
 7.620625e+001  2.335565e-004
 7.682500e+001  9.050533e-005
 7.744375e+001  6.966535e-005
 7.806250e+001  5.530570e-005
 7.868125e+001  5.861974e-005
 7.930000e+001  7.739503e-005
 7.991875e+001  9.030872e-005
 8.053750e+001  9.165100e-005
 8.115625e+001  9.504575e-005
 8.177500e+001  7.983434e-005
 8.239375e+001  5.652095e-005
 8.301250e+001  6.112494e-005
 8.363125e+001  6.269789e-005
 8.425000e+001  6.106650e-005
 8.486875e+001  6.474510e-005
 8.548750e+001  6.884009e-005
 8.610625e+001  5.825450e-005
 8.672500e+001  6.074311e-005
 8.734375e+001  6.795080e-005
 8.796250e+001  6.505619e-005
 8.858125e+001  6.047163e-005
 8.920000e+001  6.231085e-005
 8.981875e+001  7.010780e-005
 9.043750e+001  6.034126e-005
 9.105625e+001  6.791178e-005
 9.167500e+001  1.255665e-004
 9.229375e+001  9.466454e-005
 9.291250e+001  4.869488e-005
 9.353125e+001  4.492427e-005
 9.415000e+001  6.187722e-005
 9.476875e+001  6.866141e-005
 9.538750e+001  5.626506e-005
 9.600625e+001  5.672006e-005
 9.662500e+001  5.455989e-005
 9.724375e+001  4.727335e-005
 9.786250e+001  5.247488e-005
 9.848125e+001  6.499964e-005
 9.910000e+001  8.534726e-005
 9.971875e+001  1.957409e-004
 1.003375e+002  1.936435e-004
 1.009563e+002  8.098561e-005
 1.015750e+002  5.821084e-005
 1.021938e+002  5.302183e-005
 1.028125e+002  6.092131e-005
 1.034313e+002  6.267149e-005
 1.040500e+002  5.896369e-005
 1.046688e+002  5.170701e-005
 1.052875e+002  4.174391e-005
 1.059063e+002  4.560980e-005
 1.065250e+002  4.953043e-005
 1.071438e+002  5.401545e-005
 1.077625e+002  4.825299e-005
 1.083813e+002  5.519667e-005
 1.090000e+002  5.148638e-005
 1.096188e+002  4.730159e-005
 1.102375e+002  5.622343e-005
 1.108563e+002  5.573116e-005
 1.114750e+002  5.503059e-005
 1.120938e+002  5.549996e-005
 1.127125e+002  5.173698e-005
 1.133313e+002  5.609157e-005
 1.139500e+002  5.844388e-005
 1.145688e+002  4.900854e-005
 1.151875e+002  4.769789e-005
 1.158063e+002  3.536286e-005
 1.164250e+002  4.957242e-005
 1.170438e+002  4.967396e-005
 1.176625e+002  3.819827e-005
 1.182813e+002  4.919930e-005
 1.189000e+002  4.866300e-005
 1.195188e+002  5.091758e-005
 1.201375e+002  7.015056e-005
 1.207563e+002  5.945468e-005
 1.213750e+002  4.053137e-005
 1.219938e+002  5.226274e-005
 1.226125e+002  6.285018e-005
 1.232313e+002  6.059013e-005
 1.238500e+002  5.881196e-005
 1.244688e+002  4.787506e-005
 1.250875e+002  4.826344e-005
 1.257063e+002  5.361874e-005
 1.263250e+002  5.325943e-005
 1.269438e+002  5.300957e-005
 1.275625e+002  5.069004e-005
 1.281813e+002  4.998908e-005
 1.288000e+002  5.008746e-005
 1.294188e+002  4.858256e-005
 1.300375e+002  4.503608e-005
 1.306563e+002  3.555135e-005
 1.312750e+002  3.198714e-005
 1.318938e+002  4.042312e-005
 1.325125e+002  4.178619e-005
 1.331313e+002  3.029409e-005
 1.337500e+002  2.805706e-005
 1.343688e+002  3.828988e-005
 1.349875e+002  5.009057e-005
 1.356063e+002  4.833830e-005
 1.362250e+002  4.747704e-005
 1.368438e+002  4.145147e-005
 1.374625e+002  4.191461e-005
 1.380813e+002  4.556235e-005
 1.387000e+002  4.756448e-005
 1.393188e+002  4.706712e-005
 1.399375e+002  4.221570e-005
 1.405563e+002  4.375396e-005
 1.411750e+002  3.661390e-005
 1.417938e+002  3.695903e-005
 1.424125e+002  3.693283e-005
 1.430313e+002  4.016925e-005
 1.436500e+002  4.332734e-005
 1.442688e+002  3.808105e-005
 1.448875e+002  4.113964e-005
 1.455063e+002  4.431661e-005
 1.461250e+002  4.261103e-005
 1.467438e+002  4.282721e-005
 1.473625e+002  3.295253e-005
 1.479813e+002  7.531290e-005
 1.486000e+002  1.577639e-004
 1.492188e+002  1.362182e-003
 1.498375e+002  5.120123e-003
 1.504563e+002  4.304785e-003
 1.510750e+002  6.248649e-004
 1.516938e+002  1.056076e-004
 1.523125e+002  6.594090e-005
 1.529313e+002  3.992021e-005
 1.535500e+002  4.162717e-005
 1.541688e+002  4.008444e-005
 1.547875e+002  2.967075e-005
 1.554063e+002  3.626053e-005
 1.560250e+002  4.294460e-005
 1.566438e+002  3.964340e-005
 1.572625e+002  3.502657e-005
 1.578813e+002  3.723622e-005
 1.585000e+002  3.840698e-005
 1.591188e+002  3.366394e-005
 1.597375e+002  3.660038e-005
 1.603563e+002  4.637242e-005
 1.609750e+002  4.269693e-005
 1.615938e+002  3.841123e-005
 1.622125e+002  3.397624e-005
 1.628313e+002  3.624384e-005
 1.634500e+002  4.153486e-005
 1.640688e+002  3.556473e-005
 1.646875e+002  3.315048e-005
 1.653063e+002  3.371482e-005
 1.659250e+002  3.455075e-005
 1.665438e+002  4.748742e-005
 1.671625e+002  3.937807e-005
 1.677813e+002  4.346513e-005
 1.684000e+002  3.835615e-005
 1.690188e+002  3.222556e-005
 1.696375e+002  2.692141e-005
 1.702563e+002  2.596835e-005
 1.708750e+002  3.230381e-005
 1.714938e+002  2.861565e-005
 1.721125e+002  3.671914e-005
 1.727313e+002  3.602169e-005
 1.733500e+002  3.391970e-005
 1.739688e+002  3.269494e-005
 1.745875e+002  3.929166e-005
 1.752063e+002  4.062987e-005
 1.758250e+002  3.524383e-005
 1.764438e+002  3.557354e-005
 1.770625e+002  3.498118e-005
 1.776813e+002  3.271062e-005
 1.783000e+002  3.572124e-005
 1.789188e+002  2.912272e-005
 1.795375e+002  3.230171e-005
 1.801563e+002  3.347138e-005
 1.807750e+002  2.216575e-005
 1.813938e+002  3.227500e-005
 1.820125e+002  3.187719e-005
 1.826313e+002  2.492732e-005
 1.832500e+002  2.807095e-005
 1.838688e+002  2.882724e-005
 1.844875e+002  3.110989e-005
 1.851063e+002  3.670514e-005
 1.857250e+002  3.164255e-005
 1.863438e+002  2.893136e-005
 1.869625e+002  3.642797e-005
 1.875813e+002  3.812392e-005
 1.882000e+002  3.361863e-005
 1.888188e+002  2.960353e-005
 1.894375e+002  3.118448e-005
 1.900563e+002  3.353268e-005
 1.906750e+002  2.842349e-005
 1.912938e+002  2.572459e-005
 1.919125e+002  3.001445e-005
 1.925313e+002  2.719469e-005
 1.931500e+002  2.634730e-005
 1.937688e+002  2.429989e-005
 1.943875e+002  2.913258e-005
 1.950063e+002  3.337219e-005
 1.956250e+002  3.346226e-005
 1.962438e+002  2.866266e-005
 1.968625e+002  2.777470e-005
 1.974813e+002  3.270122e-005
 1.981000e+002  3.255338e-005
 1.987188e+002  2.388561e-005
 1.993375e+002  8.559700e-005
 1.999563e+002  2.453337e-004
 2.005750e+002  1.759379e-004
 2.011938e+002  3.756664e-005
 2.018125e+002  4.165057e-005
 2.024313e+002  3.568067e-005
 2.030500e+002  3.617423e-005
 2.036688e+002  3.326091e-005
 2.042875e+002  2.815735e-005
 2.049063e+002  2.325550e-005
 2.055250e+002  2.533312e-005
 2.061438e+002  2.140208e-005
 2.067625e+002  2.746506e-005
 2.073813e+002  3.293809e-005
 2.080000e+002  2.552203e-005
 2.086188e+002  2.959006e-005
 2.092375e+002  2.884331e-005
 2.098563e+002  2.445919e-005
 2.104750e+002  2.354629e-005
 2.110938e+002  2.919239e-005
 2.117125e+002  2.987049e-005
 2.123313e+002  2.659971e-005
 2.129500e+002  2.834315e-005
 2.135688e+002  2.582641e-005
 2.141875e+002  2.903985e-005
 2.148063e+002  3.012506e-005
 2.154250e+002  2.852051e-005
 2.160438e+002  3.127098e-005
 2.166625e+002  3.086531e-005
 2.172813e+002  3.100587e-005
 2.179000e+002  3.315668e-005
 2.185188e+002  2.376103e-005
 2.191375e+002  2.427202e-005
 2.197563e+002  3.340073e-005
 2.203750e+002  2.983610e-005
 2.209938e+002  2.738540e-005
 2.216125e+002  3.129778e-005
 2.222313e+002  3.526344e-005
 2.228500e+002  2.503187e-005
 2.234688e+002  2.620564e-005
 2.240875e+002  3.701577e-005
 2.247063e+002  3.296074e-005
 2.253250e+002  2.881887e-005
 2.259438e+002  3.244797e-005
 2.265625e+002  2.721247e-005
 2.271813e+002  3.041713e-005
 2.278000e+002  2.943498e-005
 2.284188e+002  3.097074e-005
 2.290375e+002  3.033466e-005
 2.296563e+002  2.754662e-005
 2.302750e+002  3.156396e-005
 2.308938e+002  3.476183e-005
 2.315125e+002  2.629693e-005
 2.321313e+002  3.034182e-005
 2.327500e+002  2.642412e-005
 2.333688e+002  2.057498e-005
 2.339875e+002  2.464088e-005
 2.346063e+002  3.450723e-005
 2.352250e+002  3.428718e-005
 2.358438e+002  2.233398e-005
 2.364625e+002  3.226488e-005
 2.370813e+002  3.436702e-005
 2.377000e+002  2.925221e-005
 2.383188e+002  2.982051e-005
 2.389375e+002  2.317240e-005
 2.395563e+002  2.813285e-005
 2.401750e+002  2.646538e-005
 2.407938e+002  3.034882e-005
 2.414125e+002  3.545480e-005
 2.420313e+002  3.079297e-005
 2.426500e+002  2.815999e-005
 2.432688e+002  3.178741e-005
 2.438875e+002  2.956677e-005
 2.445063e+002  2.873497e-005
 2.451250e+002  2.688946e-005
 2.457438e+002  2.850964e-005
 2.463625e+002  2.690658e-005
 2.469813e+002  2.487156e-005
 2.476000e+002  2.803871e-005
 2.482188e+002  3.499853e-005
 2.488375e+002  3.176380e-005
 2.494563e+002  5.771315e-004
 2.500750e+002  1.244473e-003
 2.506938e+002  6.760991e-004
 2.513125e+002  3.443195e-005
 2.519313e+002  2.941755e-005
 2.525500e+002  3.319153e-005
 2.531688e+002  2.953031e-005
 2.537875e+002  2.428294e-005
 2.544063e+002  2.689396e-005
 2.550250e+002  2.702451e-005
 2.556438e+002  2.411472e-005
 2.562625e+002  2.722002e-005
 2.568813e+002  2.891078e-005
 2.575000e+002  2.717628e-005
 2.581188e+002  2.884241e-005
 2.587375e+002  2.726222e-005
 2.593563e+002  2.615021e-005
 2.599750e+002  2.756464e-005
 2.605938e+002  2.509374e-005
 2.612125e+002  2.531853e-005
 2.618313e+002  2.210306e-005
 2.624500e+002  1.880579e-005
 2.630688e+002  2.224675e-005
 2.636875e+002  3.381013e-005
 2.643063e+002  3.576423e-005
 2.649250e+002  2.717655e-005
 2.655438e+002  2.371011e-005
 2.661625e+002  2.391603e-005
 2.667813e+002  2.821402e-005
 2.674000e+002  2.816923e-005
 2.680188e+002  3.456758e-005
 2.686375e+002  2.978060e-005
 2.692563e+002  2.346911e-005
 2.698750e+002  2.741025e-005
 2.704938e+002  2.604053e-005
 2.711125e+002  2.769474e-005
 2.717313e+002  2.670963e-005
 2.723500e+002  2.537566e-005
 2.729688e+002  2.826739e-005
 2.735875e+002  2.515788e-005
 2.742063e+002  2.918505e-005
 2.748250e+002  2.251256e-005
 2.754438e+002  2.315861e-005
 2.760625e+002  3.004970e-005
 2.766813e+002  3.416905e-005
 2.773000e+002  3.098303e-005
 2.779188e+002  2.702447e-005
 2.785375e+002  3.147553e-005
 2.791563e+002  3.192503e-005
 2.797750e+002  3.313723e-005
 2.803938e+002  2.762932e-005
 2.810125e+002  2.977124e-005
 2.816313e+002  2.951354e-005
 2.822500e+002  3.034138e-005
 2.828688e+002  2.302465e-005
 2.834875e+002  2.166163e-005
 2.841063e+002  2.491331e-005
 2.847250e+002  2.535263e-005
 2.853438e+002  2.426035e-005
 2.859625e+002  2.798764e-005
 2.865813e+002  2.497210e-005
 2.872000e+002  2.377249e-005
 2.878188e+002  2.367465e-005
 2.884375e+002  2.774839e-005
 2.890563e+002  2.302130e-005
 2.896750e+002  2.533730e-005
 2.902938e+002  2.924267e-005
 2.909125e+002  3.228195e-005
 2.915313e+002  3.011929e-005
 2.921500e+002  2.876479e-005
 2.927688e+002  2.896152e-005
 2.933875e+002  2.788933e-005
 2.940063e+002  3.066171e-005
 2.946250e+002  3.059335e-005
 2.952438e+002  2.386061e-005
 2.958625e+002  2.085608e-005
 2.964813e+002  1.819643e-005
 2.971000e+002  1.625696e-005
 2.977188e+002  2.123258e-005
 2.983375e+002  2.614645e-005
 2.989563e+002  2.791308e-005
 2.995750e+002  2.199134e-004
 3.001938e+002  3.929383e-004
 3.008125e+002  1.710337e-004
 3.014313e+002  2.278305e-005
 3.020500e+002  2.113091e-005
 3.026688e+002  2.122933e-005
 3.032875e+002  2.182719e-005
 3.039063e+002  2.401003e-005
 3.045250e+002  3.240908e-005
 3.051438e+002  2.677363e-005
 3.057625e+002  2.697941e-005
 3.063813e+002  2.596138e-005
 3.070000e+002  2.548829e-005
 3.076188e+002  2.607881e-005
 3.082375e+002  2.552266e-005
 3.088563e+002  2.293590e-005
 3.094750e+002  2.453009e-005
 3.100938e+002  3.028449e-005
 3.107125e+002  2.894522e-005
 3.113313e+002  2.502472e-005
 3.119500e+002  2.421296e-005
 3.125688e+002  2.588383e-005
 3.131875e+002  2.479296e-005
 3.138063e+002  2.224913e-005
 3.144250e+002  2.278464e-005
 3.150437e+002  2.268834e-005
 3.156625e+002  2.480482e-005
 3.162812e+002  2.518647e-005
 3.169000e+002  2.020815e-005
 3.175187e+002  2.150058e-005
 3.181375e+002  2.632210e-005
 3.187562e+002  2.884074e-005
 3.193750e+002  2.527937e-005
 3.199937e+002  2.641451e-005
 3.206125e+002  2.781396e-005
 3.212312e+002  2.981048e-005
 3.218500e+002  2.248440e-005
 3.224687e+002  2.042728e-005
 3.230875e+002  2.067543e-005
 3.237062e+002  2.399262e-005
 3.243250e+002  2.427381e-005
 3.249437e+002  2.364891e-005
 3.255625e+002  2.552250e-005
 3.261812e+002  2.708786e-005
 3.268000e+002  2.679720e-005
 3.274187e+002  2.493597e-005
 3.280375e+002  2.935847e-005
 3.286562e+002  2.661272e-005
 3.292750e+002  2.082403e-005
 3.298937e+002  1.962205e-005
 3.305125e+002  2.185663e-005
 3.311312e+002  2.636681e-005
 3.317500e+002  2.346070e-005
 3.323687e+002  2.098819e-005
 3.329875e+002  2.454065e-005
 3.336062e+002  2.542881e-005
 3.342250e+002  2.747082e-005
 3.348437e+002  2.290809e-005
 3.354625e+002  1.780636e-005
 3.360812e+002  2.477584e-005
 3.367000e+002  2.833054e-005
 3.373187e+002  2.468396e-005
 3.379375e+002  2.140347e-005
 3.385562e+002  1.863519e-005
 3.391750e+002  2.066605e-005
 3.397937e+002  1.986841e-005
 3.404125e+002  2.292532e-005
 3.410312e+002  2.721349e-005
 3.416500e+002  2.273481e-005
 3.422687e+002  2.206601e-005
 3.428875e+002  2.362832e-005
 3.435062e+002  2.011455e-005
 3.441250e+002  2.302349e-005
 3.447437e+002  2.761415e-005
 3.453625e+002  2.673946e-005
 3.459812e+002  2.842550e-005
 3.466000e+002  2.915125e-005
 3.472187e+002  2.505212e-005
 3.478375e+002  2.381033e-005
 3.484562e+002  2.863205e-005
 3.490750e+002  3.393244e-005
 3.496937e+002  2.511169e-004
 3.503125e+002  3.425316e-004
 3.509312e+002  1.138575e-004
 3.515500e+002  2.524828e-005
 3.521687e+002  1.950352e-005
 3.527875e+002  2.163946e-005
 3.534062e+002  2.156989e-005
 3.540250e+002  2.384816e-005
 3.546437e+002  2.642097e-005
 3.552625e+002  2.490916e-005
 3.558812e+002  2.726762e-005
 3.565000e+002  2.283795e-005
 3.571187e+002  2.426282e-005
 3.577375e+002  2.597446e-005
 3.583562e+002  2.582708e-005
 3.589750e+002  2.466958e-005
 3.595937e+002  2.464115e-005
 3.602125e+002  2.214807e-005
 3.608312e+002  2.333765e-005
 3.614500e+002  2.648910e-005
 3.620687e+002  2.875342e-005
 3.626875e+002  2.510356e-005
 3.633062e+002  2.816886e-005
 3.639250e+002  3.300490e-005
 3.645437e+002  2.700953e-005
 3.651625e+002  2.868138e-005
 3.657812e+002  2.949500e-005
 3.664000e+002  3.078690e-005
 3.670187e+002  2.765019e-005
 3.676375e+002  2.635809e-005
 3.682562e+002  2.353284e-005
 3.688750e+002  2.214155e-005
 3.694937e+002  2.068068e-005
 3.701125e+002  2.293586e-005
 3.707312e+002  2.329403e-005
 3.713500e+002  2.180235e-005
 3.719687e+002  2.629132e-005
 3.725875e+002  2.383113e-005
 3.732062e+002  2.705997e-005
 3.738250e+002  2.514991e-005
 3.744437e+002  2.695679e-005
 3.750625e+002  2.678703e-005
 3.756812e+002  2.609853e-005
 3.763000e+002  2.495131e-005
 3.769187e+002  2.141491e-005
 3.775375e+002  2.299938e-005
 3.781562e+002  1.739931e-005
 3.787750e+002  1.716630e-005
 3.793937e+002  2.544016e-005
 3.800125e+002  2.586468e-005
 3.806312e+002  2.575933e-005
 3.812500e+002  2.493489e-005
 3.818687e+002  2.560721e-005
 3.824875e+002  2.355879e-005
 3.831062e+002  2.141522e-005
 3.837250e+002  2.348956e-005
 3.843437e+002  2.160222e-005
 3.849625e+002  2.609787e-005
 3.855812e+002  2.886289e-005
 3.862000e+002  2.690230e-005
 3.868187e+002  2.517922e-005
 3.874375e+002  2.632239e-005
 3.880562e+002  2.279884e-005
 3.886750e+002  2.081765e-005
 3.892937e+002  2.320212e-005
 3.899125e+002  2.246201e-005
 3.905312e+002  2.259842e-005
 3.911500e+002  2.864946e-005
 3.917687e+002  2.507770e-005
 3.923875e+002  2.844001e-005
 3.930062e+002  2.497469e-005
 3.936250e+002  1.991168e-005
 3.942437e+002  2.040303e-005
 3.948625e+002  2.532799e-005
 3.954812e+002  2.604827e-005
 3.961000e+002  2.619262e-005
 3.967187e+002  2.482092e-005
 3.973375e+002  2.076369e-005
 3.979562e+002  2.394872e-005
 3.985750e+002  2.446834e-005
 3.991937e+002  5.236900e-005
 3.998125e+002  2.792869e-004
 4.004312e+002  3.076213e-004
 4.010500e+002  7.822443e-005
 4.016687e+002  2.432359e-005
 4.022875e+002  2.157508e-005
 4.029062e+002  2.140168e-005
 4.035250e+002  2.940608e-005
 4.041437e+002  3.370627e-005
 4.047625e+002  2.665564e-005
 4.053812e+002  2.241670e-005
 4.060000e+002  2.341444e-005
 4.066187e+002  2.223557e-005
 4.072375e+002  2.518900e-005
 4.078562e+002  2.369492e-005
 4.084750e+002  2.378739e-005
 4.090937e+002  2.231593e-005
 4.097125e+002  2.057787e-005
 4.103312e+002  2.707129e-005
 4.109500e+002  1.968376e-005
 4.115687e+002  1.962544e-005
 4.121875e+002  2.377038e-005
 4.128062e+002  2.101757e-005
 4.134250e+002  2.212084e-005
 4.140437e+002  2.243153e-005
 4.146625e+002  2.128907e-005
 4.152812e+002  1.847525e-005
 4.159000e+002  2.519129e-005
 4.165187e+002  2.217889e-005
 4.171375e+002  2.233894e-005
 4.177562e+002  2.658496e-005
 4.183750e+002  2.393736e-005
 4.189937e+002  2.154917e-005
 4.196125e+002  2.039151e-005
 4.202312e+002  2.388045e-005
 4.208500e+002  2.848801e-005
 4.214687e+002  2.366474e-005
 4.220875e+002  2.423751e-005
 4.227062e+002  2.506487e-005
 4.233250e+002  2.353407e-005
 4.239437e+002  2.177274e-005
 4.245625e+002  2.328137e-005
 4.251812e+002  2.489253e-005
 4.258000e+002  2.388048e-005
 4.264187e+002  2.289629e-005
 4.270375e+002  1.935305e-005
 4.276562e+002  1.789329e-005
 4.282750e+002  2.050502e-005
 4.288937e+002  2.606504e-005
 4.295125e+002  2.310882e-005
 4.301312e+002  1.951814e-005
 4.307500e+002  2.359546e-005
 4.313687e+002  2.219852e-005
 4.319875e+002  2.474154e-005
 4.326062e+002  2.550289e-005
 4.332250e+002  2.504427e-005
 4.338437e+002  2.527418e-005
 4.344625e+002  2.210242e-005
 4.350812e+002  2.335047e-005
 4.357000e+002  2.178726e-005
 4.363187e+002  2.081948e-005
 4.369375e+002  2.500480e-005
 4.375562e+002  2.678265e-005
 4.381750e+002  2.224908e-005
 4.387937e+002  2.343318e-005
 4.394125e+002  2.703764e-005
 4.400312e+002  2.472912e-005
 4.406500e+002  1.779900e-005
 4.412687e+002  1.979370e-005
 4.418875e+002  2.332788e-005
 4.425062e+002  2.404370e-005
 4.431250e+002  2.691314e-005
 4.437437e+002  2.194944e-005
 4.443625e+002  2.094429e-005
 4.449812e+002  2.507461e-005
 4.456000e+002  2.054986e-005
 4.462187e+002  1.814748e-005
 4.468375e+002  2.199528e-005
 4.474562e+002  2.665203e-005
 4.480750e+002  2.484126e-005
 4.486937e+002  2.087217e-005
 4.493125e+002  6.854078e-005
 4.499312e+002  2.685110e-004
 4.505500e+002  2.436549e-004
 4.511687e+002  4.686722e-005
 4.517875e+002  2.217107e-005
 4.524062e+002  2.121178e-005
 4.530250e+002  2.161448e-005
 4.536437e+002  1.865840e-005
 4.542625e+002  2.064747e-005
 4.548812e+002  2.267237e-005
 4.555000e+002  2.345498e-005
 4.561187e+002  2.055799e-005
 4.567375e+002  2.551350e-005
 4.573562e+002  2.426432e-005
 4.579750e+002  2.573812e-005
 4.585937e+002  2.445625e-005
 4.592125e+002  2.247812e-005
 4.598312e+002  1.886319e-005
 4.604500e+002  2.065878e-005
 4.610687e+002  2.645648e-005
 4.616875e+002  3.048003e-005
 4.623062e+002  2.581948e-005
 4.629250e+002  2.168241e-005
 4.635437e+002  1.969286e-005
 4.641625e+002  1.906066e-005
 4.647812e+002  1.873089e-005
 4.654000e+002  1.935362e-005
 4.660187e+002  1.980023e-005
 4.666375e+002  2.165706e-005
 4.672562e+002  2.607348e-005
 4.678750e+002  2.666254e-005
 4.684937e+002  2.434872e-005
 4.691125e+002  2.209396e-005
 4.697312e+002  2.448713e-005
 4.703500e+002  2.385295e-005
 4.709687e+002  1.935228e-005
 4.715875e+002  1.760817e-005
 4.722062e+002  1.875201e-005
 4.728250e+002  2.004920e-005
 4.734437e+002  2.157732e-005
 4.740625e+002  2.460803e-005
 4.746812e+002  2.464269e-005
 4.753000e+002  2.305318e-005
 4.759187e+002  2.553667e-005
 4.765375e+002  2.040100e-005
 4.771562e+002  3.016019e-005
 4.777750e+002  2.959473e-005
 4.783937e+002  2.741759e-005
 4.790125e+002  3.053391e-005
 4.796312e+002  2.051538e-005
 4.802500e+002  2.061962e-005
 4.808687e+002  1.877901e-005
 4.814875e+002  2.054321e-005
 4.821062e+002  2.260435e-005
 4.827250e+002  1.701199e-005
 4.833437e+002  1.903953e-005
 4.839625e+002  2.445104e-005
 4.845812e+002  1.834869e-005
 4.852000e+002  2.049799e-005
 4.858187e+002  2.497700e-005
 4.864375e+002  2.095894e-005
 4.870562e+002  2.405860e-005
 4.876750e+002  2.644497e-005
 4.882937e+002  2.651089e-005
 4.889125e+002  2.179243e-005
 4.895312e+002  2.355995e-005
 4.901500e+002  2.427889e-005
 4.907687e+002  2.661533e-005
 4.913875e+002  2.672288e-005
 4.920062e+002  2.621003e-005
 4.926250e+002  2.559413e-005
 4.932437e+002  2.701766e-005
 4.938625e+002  2.565278e-005
 4.944812e+002  1.809624e-005
 4.951000e+002  1.810824e-005
 4.957187e+002  2.077155e-005
 4.963375e+002  2.462423e-005
 4.969562e+002  2.446285e-005
 4.975750e+002  2.227489e-005
 4.981937e+002  2.913305e-005
 4.988125e+002  3.465792e-005
 4.994312e+002  1.148899e-004
 5.000500e+002  3.630761e-004
 5.006687e+002  2.709168e-004
 5.012875e+002  3.680215e-005
 5.019062e+002  2.295832e-005
 5.025250e+002  2.848822e-005
 5.031437e+002  2.818225e-005
 5.037625e+002  2.627784e-005
 5.043812e+002  2.255444e-005
 5.050000e+002  2.375557e-005
 5.056187e+002  2.311605e-005
 5.062375e+002  2.431594e-005
 5.068562e+002  2.832956e-005
 5.074750e+002  3.076823e-005
 5.080937e+002  2.804085e-005
 5.087125e+002  2.234931e-005
 5.093312e+002  2.094808e-005
 5.099500e+002  2.232698e-005
 5.105687e+002  2.655215e-005
 5.111875e+002  2.108626e-005
 5.118062e+002  2.002534e-005
 5.124250e+002  2.127274e-005
 5.130437e+002  2.234085e-005
 5.136625e+002  2.298911e-005
 5.142812e+002  2.745678e-005
 5.149000e+002  2.616383e-005
 5.155187e+002  2.578750e-005
 5.161375e+002  2.180705e-005
 5.167562e+002  1.735374e-005
 5.173750e+002  2.392295e-005
 5.179937e+002  2.296883e-005
 5.186125e+002  1.755327e-005
 5.192312e+002  2.011372e-005
 5.198500e+002  2.184596e-005
 5.204687e+002  2.228137e-005
 5.210875e+002  2.301364e-005
 5.217062e+002  2.071375e-005
 5.223250e+002  2.485645e-005
 5.229437e+002  2.704112e-005
 5.235625e+002  2.650024e-005
 5.241812e+002  1.786370e-005
 5.248000e+002  2.173633e-005
 5.254187e+002  2.379511e-005
 5.260375e+002  2.101548e-005
 5.266562e+002  2.300798e-005
 5.272750e+002  2.504184e-005
 5.278937e+002  2.567780e-005
 5.285125e+002  1.988262e-005
 5.291312e+002  2.180904e-005
 5.297500e+002  2.037261e-005
 5.303687e+002  2.035682e-005
 5.309875e+002  2.578022e-005
 5.316062e+002  2.770217e-005
 5.322250e+002  2.460328e-005
 5.328437e+002  2.553691e-005
 5.334625e+002  2.520857e-005
 5.340812e+002  1.939502e-005
 5.347000e+002  2.466297e-005
 5.353187e+002  2.115674e-005
 5.359375e+002  1.922075e-005
 5.365562e+002  1.917267e-005
 5.371750e+002  1.875013e-005
 5.377937e+002  1.774688e-005
 5.384125e+002  2.126619e-005
 5.390312e+002  2.301450e-005
 5.396500e+002  1.884341e-005
 5.402687e+002  2.232255e-005
 5.408875e+002  3.101440e-005
 5.415062e+002  2.342097e-005
 5.421250e+002  2.049117e-005
 5.427437e+002  2.663330e-005
 5.433625e+002  2.589492e-005
 5.439812e+002  2.265639e-005
 5.446000e+002  2.127962e-005
 5.452187e+002  2.125292e-005
 5.458375e+002  2.799499e-005
 5.464562e+002  1.981493e-005
 5.470750e+002  2.229320e-005
 5.476937e+002  2.788741e-005
 5.483125e+002  2.831275e-005
 5.489312e+002  2.395024e-005
 5.495500e+002  1.989182e-004
 5.501687e+002  4.668177e-004
 5.507875e+002  2.773292e-004
 5.514062e+002  3.364401e-005
 5.520250e+002  2.545061e-005
 5.526437e+002  2.357024e-005
 5.532625e+002  2.729477e-005
 5.538812e+002  2.229629e-005
 5.545000e+002  1.726783e-005
 5.551187e+002  1.968407e-005
 5.557375e+002  1.945320e-005
 5.563562e+002  2.527999e-005
 5.569750e+002  2.461974e-005
 5.575937e+002  1.999160e-005
 5.582125e+002  1.847339e-005
 5.588312e+002  1.554433e-005
 5.594500e+002  2.237490e-005
 5.600687e+002  2.579751e-005
 5.606875e+002  2.492744e-005
 5.613062e+002  2.266437e-005
 5.619250e+002  2.397041e-005
 5.625437e+002  2.444844e-005
 5.631625e+002  2.240657e-005
 5.637812e+002  2.276316e-005
 5.644000e+002  2.006763e-005
 5.650187e+002  2.166927e-005
 5.656375e+002  2.150637e-005
 5.662562e+002  2.063402e-005
 5.668750e+002  2.626863e-005
 5.674937e+002  2.210482e-005
 5.681125e+002  2.011256e-005
 5.687312e+002  2.406065e-005
 5.693500e+002  1.906890e-005
 5.699687e+002  1.841072e-005
 5.705875e+002  2.102814e-005
 5.712062e+002  2.157544e-005
 5.718250e+002  2.034265e-005
 5.724437e+002  1.952422e-005
 5.730625e+002  2.038981e-005
 5.736812e+002  2.334599e-005
 5.743000e+002  2.397459e-005
 5.749187e+002  2.320451e-005
 5.755375e+002  2.725502e-005
 5.761562e+002  2.360673e-005
 5.767750e+002  2.005568e-005
 5.773937e+002  1.856010e-005
 5.780125e+002  1.955626e-005
 5.786312e+002  2.182990e-005
 5.792500e+002  2.107216e-005
 5.798687e+002  2.485816e-005
 5.804875e+002  2.625916e-005
 5.811062e+002  2.247624e-005
 5.817250e+002  2.147384e-005
 5.823437e+002  2.156143e-005
 5.829625e+002  2.144766e-005
 5.835812e+002  2.298410e-005
 5.842000e+002  2.328180e-005
 5.848187e+002  2.416051e-005
 5.854375e+002  2.343135e-005
 5.860562e+002  1.701213e-005
 5.866750e+002  1.490091e-005
 5.872937e+002  1.451636e-005
 5.879125e+002  2.484375e-005
 5.885312e+002  2.833849e-005
 5.891500e+002  2.057836e-005
 5.897687e+002  1.627968e-005
 5.903875e+002  2.045330e-005
 5.910062e+002  1.867215e-005
 5.916250e+002  2.029180e-005
 5.922437e+002  2.314786e-005
 5.928625e+002  1.848460e-005
 5.934812e+002  1.998610e-005
 5.941000e+002  2.538330e-005
 5.947187e+002  2.368593e-005
 5.953375e+002  1.952186e-005
 5.959562e+002  1.539939e-005
 5.965750e+002  1.590943e-005
 5.971937e+002  1.928358e-005
 5.978125e+002  2.638177e-005
 5.984312e+002  2.680110e-005
 5.990500e+002  1.904157e-005
 5.996687e+002  1.105236e-004
 6.002875e+002  2.110037e-004
 6.009062e+002  1.023590e-004
 6.015250e+002  2.119983e-005
 6.021437e+002  2.075881e-005
 6.027625e+002  2.315628e-005
 6.033812e+002  2.566205e-005
 6.040000e+002  2.636528e-005
 6.046187e+002  2.096266e-005
 6.052375e+002  1.860145e-005
 6.058562e+002  2.103240e-005
 6.064750e+002  2.430876e-005
 6.070937e+002  2.200644e-005
 6.077125e+002  2.408024e-005
 6.083312e+002  2.930691e-005
 6.089500e+002  2.649143e-005
 6.095687e+002  2.203413e-005
 6.101875e+002  2.386105e-005
 6.108062e+002  2.231142e-005
 6.114250e+002  1.908021e-005
 6.120437e+002  1.981927e-005
 6.126625e+002  2.080351e-005
 6.132812e+002  2.339799e-005
 6.139000e+002  1.732425e-005
 6.145187e+002  1.873653e-005
 6.151375e+002  2.058321e-005
 6.157562e+002  1.933744e-005
 6.163750e+002  2.352867e-005
 6.169937e+002  2.273936e-005
 6.176125e+002  2.244417e-005
 6.182312e+002  2.247942e-005
 6.188500e+002  2.290488e-005
 6.194687e+002  2.413395e-005
 6.200875e+002  2.462816e-005
 6.207062e+002  2.324580e-005
 6.213250e+002  2.277136e-005
 6.219437e+002  2.128302e-005
 6.225625e+002  1.730104e-005
 6.231812e+002  2.062172e-005
 6.238000e+002  2.015621e-005
 6.244187e+002  2.398295e-005
 6.250375e+002  2.191254e-005
 6.256562e+002  2.137089e-005
 6.262750e+002  1.965291e-005
 6.268937e+002  2.034854e-005
 6.275125e+002  2.180632e-005
 6.281312e+002  2.800170e-005
 6.287500e+002  2.728777e-005
 6.293687e+002  2.392871e-005
 6.299875e+002  2.182054e-005
 6.306062e+002  2.218277e-005
 6.312250e+002  2.523711e-005
 6.318437e+002  2.478231e-005
 6.324625e+002  2.263843e-005
 6.330812e+002  2.473937e-005
 6.337000e+002  2.416426e-005
 6.343187e+002  2.016474e-005
 6.349375e+002  1.981865e-005
 6.355562e+002  2.139001e-005
 6.361750e+002  2.159807e-005
 6.367937e+002  1.501255e-005
 6.374125e+002  1.914931e-005
 6.380312e+002  2.373687e-005
 6.386500e+002  1.974481e-005
 6.392687e+002  1.642260e-005
 6.398875e+002  2.225602e-005
 6.405062e+002  2.103833e-005
 6.411250e+002  2.077232e-005
 6.417437e+002  2.610267e-005
 6.423625e+002  2.029615e-005
 6.429812e+002  1.922257e-005
 6.436000e+002  1.829493e-005
 6.442187e+002  2.149676e-005
 6.448375e+002  2.376468e-005
 6.454562e+002  1.911805e-005
 6.460750e+002  1.967346e-005
 6.466937e+002  2.685317e-005
 6.473125e+002  2.542327e-005
 6.479312e+002  1.995502e-005
 6.485500e+002  2.396433e-005
 6.491687e+002  3.267913e-005
 6.497875e+002  3.135420e-004
 6.504062e+002  4.640642e-004
 6.510250e+002  1.715400e-004
 6.516437e+002  1.992047e-005
 6.522625e+002  2.151097e-005
 6.528812e+002  2.263300e-005
 6.535000e+002  2.312092e-005
 6.541187e+002  2.183805e-005
 6.547375e+002  2.097448e-005
 6.553562e+002  2.291960e-005
 6.559750e+002  2.413924e-005
 6.565937e+002  2.187855e-005
 6.572125e+002  2.308016e-005
 6.578312e+002  2.297180e-005
 6.584500e+002  1.872569e-005
 6.590687e+002  2.000940e-005
 6.596875e+002  2.021490e-005
 6.603062e+002  2.202748e-005
 6.609250e+002  2.342407e-005
 6.615437e+002  2.141966e-005
 6.621625e+002  2.082697e-005
 6.627812e+002  2.668826e-005
 6.634000e+002  2.432410e-005
 6.640187e+002  2.217412e-005
 6.646375e+002  2.041000e-005
 6.652562e+002  1.930963e-005
 6.658750e+002  2.481785e-005
 6.664937e+002  2.243765e-005
 6.671125e+002  2.124081e-005
 6.677312e+002  2.251026e-005
 6.683500e+002  2.002436e-005
 6.689687e+002  1.606553e-005
 6.695875e+002  1.904645e-005
 6.702062e+002  2.506049e-005
 6.708250e+002  2.320875e-005
 6.714437e+002  2.175455e-005
 6.720625e+002  1.996220e-005
 6.726812e+002  2.773099e-005
 6.733000e+002  2.201101e-005
 6.739187e+002  2.516295e-005
 6.745375e+002  3.076153e-005
 6.751562e+002  2.932151e-005
 6.757750e+002  2.811242e-005
 6.763937e+002  2.562053e-005
 6.770125e+002  2.006304e-005
 6.776312e+002  1.574053e-005
 6.782500e+002  2.286935e-005
 6.788687e+002  2.269080e-005
 6.794875e+002  1.775888e-005
 6.801062e+002  1.495214e-005
 6.807250e+002  1.916783e-005
 6.813437e+002  2.153908e-005
 6.819625e+002  2.274333e-005
 6.825812e+002  2.208814e-005
 6.832000e+002  2.012053e-005
 6.838187e+002  2.118260e-005
 6.844375e+002  2.043418e-005
 6.850562e+002  1.921764e-005
 6.856750e+002  2.078294e-005
 6.862937e+002  2.174482e-005
 6.869125e+002  2.013903e-005
 6.875312e+002  2.315461e-005
 6.881500e+002  2.621253e-005
 6.887687e+002  1.992215e-005
 6.893875e+002  1.843397e-005
 6.900062e+002  1.963545e-005
 6.906250e+002  2.078647e-005
 6.912437e+002  2.328779e-005
 6.918625e+002  2.314348e-005
 6.924812e+002  2.133422e-005
 6.931000e+002  2.044974e-005
 6.937187e+002  2.179974e-005
 6.943375e+002  2.358990e-005
 6.949562e+002  2.723694e-005
 6.955750e+002  2.554255e-005
 6.961937e+002  2.208941e-005
 6.968125e+002  1.928367e-005
 6.974312e+002  1.963248e-005
 6.980500e+002  2.200051e-005
 6.986687e+002  2.029443e-005
 6.992875e+002  3.140364e-005
 6.999062e+002  2.039893e-004
 7.005250e+002  2.456728e-004
 7.011437e+002  6.975377e-005
 7.017625e+002  2.332144e-005
 7.023812e+002  2.084212e-005
 7.030000e+002  2.355963e-005
 7.036187e+002  2.646815e-005
 7.042375e+002  2.486706e-005
 7.048562e+002  2.447440e-005
 7.054750e+002  2.427435e-005
 7.060937e+002  2.140691e-005
 7.067125e+002  2.033637e-005
 7.073312e+002  1.982598e-005
 7.079500e+002  1.913824e-005
 7.085687e+002  1.901890e-005
 7.091875e+002  2.326703e-005
 7.098062e+002  2.523251e-005
 7.104250e+002  1.932798e-005
 7.110437e+002  1.893424e-005
 7.116625e+002  2.118711e-005
 7.122812e+002  2.444106e-005
 7.129000e+002  2.325606e-005
 7.135187e+002  2.248655e-005
 7.141375e+002  2.129648e-005
 7.147562e+002  2.494602e-005
 7.153750e+002  2.114136e-005
 7.159937e+002  1.860645e-005
 7.166125e+002  2.167672e-005
 7.172312e+002  2.684243e-005
 7.178500e+002  2.483962e-005
 7.184687e+002  2.281851e-005
 7.190875e+002  2.473158e-005
 7.197062e+002  2.658591e-005
 7.203250e+002  2.212300e-005
 7.209437e+002  2.342945e-005
 7.215625e+002  2.551678e-005
 7.221812e+002  2.406987e-005
 7.228000e+002  2.073289e-005
 7.234187e+002  1.839176e-005
 7.240375e+002  1.932164e-005
 7.246562e+002  2.405536e-005
 7.252750e+002  1.495996e-005
 7.258937e+002  1.761785e-005
 7.265125e+002  2.102492e-005
 7.271312e+002  2.190569e-005
 7.277500e+002  2.651138e-005
 7.283687e+002  2.212425e-005
 7.289875e+002  1.917442e-005
 7.296062e+002  2.094729e-005
 7.302250e+002  2.392806e-005
 7.308437e+002  2.149797e-005
 7.314625e+002  2.244922e-005
 7.320812e+002  2.238563e-005
 7.327000e+002  2.362684e-005
 7.333187e+002  1.909180e-005
 7.339375e+002  1.666581e-005
 7.345562e+002  2.047405e-005
 7.351750e+002  1.947577e-005
 7.357937e+002  1.595837e-005
 7.364125e+002  1.822971e-005
 7.370312e+002  2.253991e-005
 7.376500e+002  2.723481e-005
 7.382687e+002  2.671970e-005
 7.388875e+002  2.139537e-005
 7.395062e+002  1.575347e-005
 7.401250e+002  1.611615e-005
 7.407437e+002  1.840458e-005
 7.413625e+002  1.938798e-005
 7.419812e+002  2.548418e-005
 7.426000e+002  2.582528e-005
 7.432187e+002  2.188967e-005
 7.438375e+002  2.204224e-005
 7.444562e+002  1.807722e-005
 7.450750e+002  1.843755e-005
 7.456937e+002  1.928400e-005
 7.463125e+002  1.741600e-005
 7.469312e+002  2.154859e-005
 7.475500e+002  2.221635e-005
 7.481687e+002  2.258258e-005
 7.487875e+002  3.344653e-005
 7.494062e+002  4.936754e-005
 7.500250e+002  2.439225e-004
 7.506437e+002  2.443334e-004
 7.512625e+002  5.314563e-005
 7.518812e+002  2.250887e-005
 7.525000e+002  2.092350e-005
 7.531187e+002  2.328243e-005
 7.537375e+002  2.461941e-005
 7.543562e+002  2.198460e-005
 7.549750e+002  2.094607e-005
 7.555937e+002  2.188164e-005
 7.562125e+002  1.963510e-005
 7.568312e+002  1.317475e-005
 7.574500e+002  1.607533e-005
 7.580687e+002  1.738316e-005
 7.586875e+002  2.077984e-005
 7.593062e+002  2.549500e-005
 7.599250e+002  2.592067e-005
 7.605437e+002  2.226962e-005
 7.611625e+002  2.211437e-005
 7.617812e+002  2.686400e-005
 7.624000e+002  2.278360e-005
 7.630187e+002  2.239363e-005
 7.636375e+002  2.258417e-005
 7.642562e+002  2.402417e-005
 7.648750e+002  2.467652e-005
 7.654937e+002  2.115405e-005
 7.661125e+002  2.218367e-005
 7.667312e+002  2.072391e-005
 7.673500e+002  1.473564e-005
 7.679687e+002  1.833808e-005
 7.685875e+002  2.454027e-005
 7.692062e+002  2.789312e-005
 7.698250e+002  2.350440e-005
 7.704437e+002  2.296176e-005
 7.710625e+002  2.177831e-005
 7.716812e+002  2.420312e-005
 7.723000e+002  2.538690e-005
 7.729187e+002  2.152726e-005
 7.735375e+002  1.482137e-005
 7.741562e+002  2.357281e-005
 7.747750e+002  2.801112e-005
 7.753937e+002  2.541681e-005
 7.760125e+002  2.018954e-005
 7.766312e+002  1.724220e-005
 7.772500e+002  2.013353e-005
 7.778687e+002  2.147830e-005
 7.784875e+002  1.611383e-005
 7.791062e+002  2.379355e-005
 7.797250e+002  2.291095e-005
 7.803437e+002  1.746324e-005
 7.809625e+002  1.953081e-005
 7.815812e+002  1.999527e-005
 7.822000e+002  2.161096e-005
 7.828187e+002  1.751501e-005
 7.834375e+002  2.131260e-005
 7.840562e+002  2.238708e-005
 7.846750e+002  2.314887e-005
 7.852937e+002  2.233086e-005
 7.859125e+002  2.236541e-005
 7.865312e+002  2.210887e-005
 7.871500e+002  2.013179e-005
 7.877687e+002  2.058849e-005
 7.883875e+002  2.626286e-005
 7.890062e+002  2.299872e-005
 7.896250e+002  1.852735e-005
 7.902437e+002  1.949749e-005
 7.908625e+002  1.861230e-005
 7.914812e+002  1.730649e-005
 7.921000e+002  1.981223e-005
 7.927187e+002  1.975452e-005
 7.933375e+002  2.124257e-005
 7.939562e+002  1.856671e-005
 7.945750e+002  2.412032e-005
 7.951937e+002  3.027905e-005
 7.958125e+002  2.833422e-005
 7.964312e+002  2.467162e-005
 7.970500e+002  1.813847e-005
 7.976687e+002  1.744140e-005
 7.982875e+002  1.782133e-005
 7.989062e+002  2.074110e-005
 7.995250e+002  5.110557e-005
 8.001437e+002  1.649898e-004
 8.007625e+002  1.319323e-004
 8.013812e+002  2.902750e-005
 8.020000e+002  2.835208e-005
 8.026187e+002  2.479055e-005
 8.032375e+002  2.102009e-005
 8.038562e+002  1.941168e-005
 8.044750e+002  1.902137e-005
 8.050937e+002  2.729682e-005
 8.057125e+002  2.566693e-005
 8.063312e+002  2.048934e-005
 8.069500e+002  2.069911e-005
 8.075687e+002  2.153404e-005
 8.081875e+002  2.378041e-005
 8.088062e+002  1.569053e-005
 8.094250e+002  1.917198e-005
 8.100437e+002  1.896740e-005
 8.106625e+002  2.024233e-005
 8.112812e+002  2.180327e-005
 8.119000e+002  2.582934e-005
 8.125187e+002  2.591575e-005
 8.131375e+002  2.309830e-005
 8.137562e+002  2.220925e-005
 8.143750e+002  2.155700e-005
 8.149937e+002  2.296208e-005
 8.156125e+002  2.282040e-005
 8.162312e+002  1.948072e-005
 8.168500e+002  2.075672e-005
 8.174687e+002  2.065832e-005
 8.180875e+002  2.630917e-005
 8.187062e+002  2.433709e-005
 8.193250e+002  1.926726e-005
 8.199437e+002  2.073369e-005
 8.205625e+002  2.179359e-005
 8.211812e+002  2.178955e-005
 8.218000e+002  2.322415e-005
 8.224187e+002  2.196627e-005
 8.230375e+002  2.260352e-005
 8.236562e+002  2.070179e-005
 8.242750e+002  1.906876e-005
 8.248937e+002  2.067638e-005
 8.255125e+002  2.337438e-005
 8.261312e+002  2.551802e-005
 8.267500e+002  2.174515e-005
 8.273687e+002  2.225686e-005
 8.279875e+002  1.603539e-005
 8.286062e+002  1.643833e-005
 8.292250e+002  1.767676e-005
 8.298437e+002  1.656285e-005
 8.304625e+002  1.479422e-005
 8.310812e+002  1.610482e-005
 8.317000e+002  1.811786e-005
 8.323187e+002  1.760925e-005
 8.329375e+002  1.416920e-005
 8.335562e+002  2.443406e-005
 8.341750e+002  2.370912e-005
 8.347937e+002  2.370129e-005
 8.354125e+002  2.332865e-005
 8.360312e+002  1.729407e-005
 8.366500e+002  2.291273e-005
 8.372687e+002  2.357683e-005
 8.378875e+002  1.679314e-005
 8.385062e+002  1.467825e-005
 8.391250e+002  2.102938e-005
 8.397437e+002  1.991943e-005
 8.403625e+002  2.623060e-005
 8.409812e+002  2.721959e-005
 8.416000e+002  2.170945e-005
 8.422187e+002  2.345855e-005
 8.428375e+002  2.037654e-005
 8.434562e+002  2.075229e-005
 8.440750e+002  2.039917e-005
 8.446937e+002  1.943764e-005
 8.453125e+002  1.838971e-005
 8.459312e+002  1.827958e-005
 8.465500e+002  2.386276e-005
 8.471687e+002  1.991581e-005
 8.477875e+002  1.968212e-005
 8.484062e+002  2.509102e-005
 8.490250e+002  3.035643e-005
 8.496437e+002  1.248671e-004
 8.502625e+002  3.187540e-004
 8.508812e+002  2.058752e-004
 8.515000e+002  3.265982e-005
 8.521187e+002  1.866918e-005
 8.527375e+002  2.305053e-005
 8.533562e+002  2.200728e-005
 8.539750e+002  1.895933e-005
 8.545937e+002  1.949521e-005
 8.552125e+002  2.263442e-005
 8.558312e+002  2.216099e-005
 8.564500e+002  1.794374e-005
 8.570687e+002  1.805228e-005
 8.576875e+002  2.073450e-005
 8.583062e+002  1.735849e-005
 8.589250e+002  1.989042e-005
 8.595437e+002  1.884796e-005
 8.601625e+002  1.885595e-005
 8.607812e+002  2.034362e-005
 8.614000e+002  2.160695e-005
 8.620187e+002  2.108363e-005
 8.626375e+002  2.564036e-005
 8.632562e+002  2.063827e-005
 8.638750e+002  1.745480e-005
 8.644937e+002  1.956035e-005
 8.651125e+002  1.777955e-005
 8.657312e+002  1.921911e-005
 8.663500e+002  2.409508e-005
 8.669687e+002  2.524694e-005
 8.675875e+002  2.077394e-005
 8.682062e+002  2.121660e-005
 8.688250e+002  2.028472e-005
 8.694437e+002  2.006831e-005
 8.700625e+002  1.976887e-005
 8.706812e+002  2.002071e-005
 8.713000e+002  1.964919e-005
 8.719187e+002  2.030032e-005
 8.725375e+002  2.292860e-005
 8.731562e+002  2.341746e-005
 8.737750e+002  2.182842e-005
 8.743937e+002  2.167884e-005
 8.750125e+002  2.593673e-005
 8.756312e+002  2.162775e-005
 8.762500e+002  2.556522e-005
 8.768687e+002  2.757627e-005
 8.774875e+002  2.545050e-005
 8.781062e+002  2.432821e-005
 8.787250e+002  1.901848e-005
 8.793437e+002  1.983499e-005
 8.799625e+002  2.486433e-005
 8.805812e+002  2.198174e-005
 8.812000e+002  2.253575e-005
 8.818187e+002  2.391452e-005
 8.824375e+002  2.005784e-005
 8.830562e+002  2.122931e-005
 8.836750e+002  2.217831e-005
 8.842937e+002  2.126897e-005
 8.849125e+002  2.508848e-005
 8.855312e+002  2.595623e-005
 8.861500e+002  2.104162e-005
 8.867687e+002  2.232065e-005
 8.873875e+002  2.198240e-005
 8.880062e+002  2.670644e-005
 8.886250e+002  2.581229e-005
 8.892437e+002  2.263996e-005
 8.898625e+002  1.938703e-005
 8.904812e+002  1.579801e-005
 8.911000e+002  1.816004e-005
 8.917187e+002  2.325066e-005
 8.923375e+002  2.377326e-005
 8.929562e+002  2.345124e-005
 8.935750e+002  2.469311e-005
 8.941937e+002  2.131087e-005
 8.948125e+002  1.972283e-005
 8.954312e+002  2.103509e-005
 8.960500e+002  2.160533e-005
 8.966687e+002  2.075063e-005
 8.972875e+002  2.256371e-005
 8.979062e+002  2.456026e-005
 8.985250e+002  1.657720e-005
 8.991437e+002  2.161239e-005
 8.997625e+002  7.448420e-005
 9.003812e+002  1.465528e-004
 9.010000e+002  7.839410e-005
 9.016187e+002  2.369443e-005
 9.022375e+002  2.906764e-005
 9.028562e+002  3.018475e-005
 9.034750e+002  2.591966e-005
 9.040937e+002  1.920303e-005
 9.047125e+002  1.649552e-005
 9.053312e+002  1.976110e-005
 9.059500e+002  1.677323e-005
 9.065687e+002  1.615832e-005
 9.071875e+002  2.370482e-005
 9.078062e+002  2.339370e-005
 9.084250e+002  2.323725e-005
 9.090437e+002  2.069146e-005
 9.096625e+002  2.305100e-005
 9.102812e+002  2.407412e-005
 9.109000e+002  2.158427e-005
 9.115187e+002  2.287938e-005
 9.121375e+002  2.013886e-005
 9.127562e+002  1.886118e-005
 9.133750e+002  2.147977e-005
 9.139937e+002  1.775256e-005
 9.146125e+002  1.408343e-005
 9.152312e+002  1.852351e-005
 9.158500e+002  2.143660e-005
 9.164687e+002  2.023375e-005
 9.170875e+002  1.953856e-005
 9.177062e+002  1.956521e-005
 9.183250e+002  2.027919e-005
 9.189437e+002  2.090186e-005
 9.195625e+002  2.303522e-005
 9.201812e+002  2.124751e-005
 9.208000e+002  1.924482e-005
 9.214187e+002  1.569536e-005
 9.220375e+002  1.570108e-005
 9.226562e+002  1.652443e-005
 9.232750e+002  2.000101e-005
 9.238937e+002  2.164405e-005
 9.245125e+002  2.094168e-005
 9.251312e+002  2.273237e-005
 9.257500e+002  1.978295e-005
 9.263687e+002  1.851266e-005
 9.269875e+002  2.345368e-005
 9.276062e+002  2.608974e-005
 9.282250e+002  1.857126e-005
 9.288437e+002  2.660128e-005
 9.294625e+002  2.591281e-005
 9.300812e+002  2.219439e-005
 9.307000e+002  2.308376e-005
 9.313187e+002  2.416700e-005
 9.319375e+002  2.002333e-005
 9.325562e+002  2.108773e-005
 9.331750e+002  2.196395e-005
 9.337937e+002  1.828187e-005
 9.344125e+002  1.881110e-005
 9.350312e+002  2.240653e-005
 9.356500e+002  2.068725e-005
 9.362687e+002  2.410733e-005
 9.368875e+002  2.786230e-005
 9.375062e+002  2.558505e-005
 9.381250e+002  2.377355e-005
 9.387437e+002  2.382362e-005
 9.393625e+002  2.479162e-005
 9.399812e+002  1.875421e-005
 9.406000e+002  1.704244e-005
 9.412187e+002  1.934736e-005
 9.418375e+002  1.798072e-005
 9.424562e+002  2.027994e-005
 9.430750e+002  1.824607e-005
 9.436937e+002  1.903824e-005
 9.443125e+002  1.706553e-005
 9.449312e+002  2.140417e-005
 9.455500e+002  2.461235e-005
 9.461687e+002  2.069328e-005
 9.467875e+002  1.970492e-005
 9.474062e+002  2.086529e-005
 9.480250e+002  1.898151e-005
 9.486437e+002  1.372278e-005
 9.492625e+002  2.069665e-005
 9.498812e+002  1.701960e-004
 9.505000e+002  2.792932e-004
 9.511187e+002  1.142592e-004
 9.517375e+002  2.471987e-005
 9.523562e+002  1.887258e-005
 9.529750e+002  1.469551e-005
 9.535937e+002  1.898067e-005
 9.542125e+002  1.785088e-005
 9.548312e+002  1.605505e-005
 9.554500e+002  1.670533e-005
 9.560687e+002  1.827603e-005
 9.566875e+002  2.282052e-005
 9.573062e+002  2.269954e-005
 9.579250e+002  2.264290e-005
 9.585437e+002  2.431648e-005
 9.591625e+002  2.086760e-005
 9.597812e+002  1.849303e-005
 9.604000e+002  1.828619e-005
 9.610187e+002  1.795536e-005
 9.616375e+002  2.159424e-005
 9.622562e+002  2.417330e-005
 9.628750e+002  2.249712e-005
 9.634937e+002  2.241965e-005
 9.641125e+002  1.852897e-005
 9.647312e+002  1.770135e-005
 9.653500e+002  1.846484e-005
 9.659687e+002  1.891167e-005
 9.665875e+002  2.069220e-005
 9.672062e+002  2.111116e-005
 9.678250e+002  1.906399e-005
 9.684437e+002  1.823150e-005
 9.690625e+002  1.626293e-005
 9.696812e+002  1.750032e-005
 9.703000e+002  1.670663e-005
 9.709187e+002  1.976411e-005
 9.715375e+002  2.086973e-005
 9.721562e+002  1.916713e-005
 9.727750e+002  1.904044e-005
 9.733937e+002  2.213855e-005
 9.740125e+002  2.045371e-005
 9.746312e+002  2.091626e-005
 9.752500e+002  2.157458e-005
 9.758687e+002  2.146166e-005
 9.764875e+002  2.197900e-005
 9.771062e+002  2.574894e-005
 9.777250e+002  2.579157e-005
 9.783437e+002  2.181489e-005
 9.789625e+002  2.232495e-005
 9.795812e+002  2.137803e-005
 9.802000e+002  1.729565e-005
 9.808187e+002  1.958807e-005
 9.814375e+002  2.142070e-005
 9.820562e+002  2.321472e-005
 9.826750e+002  2.277224e-005
 9.832937e+002  1.921230e-005
 9.839125e+002  1.884861e-005
 9.845312e+002  1.885738e-005
 9.851500e+002  1.752275e-005
 9.857687e+002  1.834730e-005
 9.863875e+002  1.450293e-005
 9.870062e+002  2.126920e-005
 9.876250e+002  2.104605e-005
 9.882437e+002  1.859286e-005
 9.888625e+002  1.925153e-005
 9.894812e+002  2.099881e-005
 9.901000e+002  1.610325e-005
 9.907187e+002  1.323083e-005
 9.913375e+002  1.442170e-005
 9.919562e+002  1.978715e-005
 9.925750e+002  2.391673e-005
 9.931937e+002  2.346133e-005
 9.938125e+002  2.037262e-005
 9.944312e+002  2.076040e-005
 9.950500e+002  1.856594e-005
 9.956687e+002  2.128203e-005
 9.962875e+002  2.215398e-005
 9.969062e+002  2.069286e-005
 9.975250e+002  2.042322e-005
 9.981437e+002  2.160576e-005
 9.987625e+002  2.079613e-005
 9.993812e+002  2.029066e-005
 1.000000e+003  9.977515e-005
