 1.000000e+000  1.443905e-003
 1.247500e+000  8.588976e-004
 1.495000e+000  4.051482e-004
 1.742500e+000  5.073024e-004
 1.990000e+000  5.182034e-004
 2.237500e+000  9.200816e-004
 2.485000e+000  7.916803e-004
 2.732500e+000  3.351045e-004
 2.980000e+000  4.065533e-004
 3.227500e+000  5.111606e-004
 3.475000e+000  4.095261e-004
 3.722500e+000  2.960038e-004
 3.970000e+000  3.702875e-004
 4.217500e+000  4.574875e-004
 4.465000e+000  4.572428e-004
 4.712500e+000  4.072737e-004
 4.960000e+000  3.663196e-004
 5.207500e+000  3.960708e-004
 5.455000e+000  2.472945e-004
 5.702500e+000  2.853392e-004
 5.950000e+000  3.367042e-004
 6.197500e+000  1.319352e-004
 6.445000e+000  2.242158e-004
 6.692500e+000  1.381635e-004
 6.940000e+000  2.333303e-004
 7.187500e+000  1.830817e-004
 7.435000e+000  1.799999e-004
 7.682500e+000  1.790281e-004
 7.930000e+000  2.883441e-004
 8.177500e+000  2.731090e-004
 8.425000e+000  2.852670e-004
 8.672500e+000  1.733435e-004
 8.920000e+000  2.286307e-004
 9.167500e+000  1.739753e-004
 9.415000e+000  2.252089e-004
 9.662500e+000  2.142037e-004
 9.910000e+000  2.545856e-004
 1.015750e+001  3.107585e-004
 1.040500e+001  3.011911e-004
 1.065250e+001  2.934676e-004
 1.090000e+001  2.440555e-004
 1.114750e+001  2.269126e-004
 1.139500e+001  1.235042e-004
 1.164250e+001  2.420391e-004
 1.189000e+001  2.303344e-004
 1.213750e+001  1.524924e-004
 1.238500e+001  1.835127e-004
 1.263250e+001  1.876532e-004
 1.288000e+001  1.720302e-004
 1.312750e+001  1.761401e-004
 1.337500e+001  2.042533e-004
 1.362250e+001  2.297980e-004
 1.387000e+001  2.468360e-004
 1.411750e+001  2.347666e-004
 1.436500e+001  1.990512e-004
 1.461250e+001  1.904681e-004
 1.486000e+001  2.001123e-004
 1.510750e+001  1.652107e-004
 1.535500e+001  2.793618e-004
 1.560250e+001  2.800387e-004
 1.585000e+001  2.506506e-004
 1.609750e+001  1.821250e-004
 1.634500e+001  1.306155e-004
 1.659250e+001  1.985006e-004
 1.684000e+001  2.107423e-004
 1.708750e+001  2.779385e-004
 1.733500e+001  2.114220e-004
 1.758250e+001  1.376942e-004
 1.783000e+001  1.508571e-004
 1.807750e+001  2.259607e-004
 1.832500e+001  1.936644e-004
 1.857250e+001  2.002380e-004
 1.882000e+001  2.689255e-004
 1.906750e+001  2.563560e-004
 1.931500e+001  2.043147e-004
 1.956250e+001  1.576545e-004
 1.981000e+001  1.607875e-004
 2.005750e+001  1.809722e-004
 2.030500e+001  2.094246e-004
 2.055250e+001  2.229651e-004
 2.080000e+001  1.374412e-004
 2.104750e+001  1.029689e-004
 2.129500e+001  1.249711e-004
 2.154250e+001  2.135062e-004
 2.179000e+001  1.892981e-004
 2.203750e+001  1.647799e-004
 2.228500e+001  2.821439e-004
 2.253250e+001  2.411246e-004
 2.278000e+001  1.129419e-004
 2.302750e+001  1.652820e-004
 2.327500e+001  2.355302e-004
 2.352250e+001  1.291873e-004
 2.377000e+001  1.172199e-004
 2.401750e+001  1.103300e-004
 2.426500e+001  1.174401e-004
 2.451250e+001  1.368247e-004
 2.476000e+001  1.690753e-004
 2.500750e+001  2.357593e-004
 2.525500e+001  2.397555e-004
 2.550250e+001  2.312387e-004
 2.575000e+001  1.522099e-004
 2.599750e+001  9.928367e-005
 2.624500e+001  7.998788e-005
 2.649250e+001  1.511087e-004
 2.674000e+001  1.650118e-004
 2.698750e+001  1.093962e-004
 2.723500e+001  1.519380e-004
 2.748250e+001  1.353688e-004
 2.773000e+001  1.134971e-004
 2.797750e+001  2.354168e-004
 2.822500e+001  2.456062e-004
 2.847250e+001  1.691194e-004
 2.872000e+001  1.520959e-004
 2.896750e+001  9.720470e-005
 2.921500e+001  1.300996e-004
 2.946250e+001  2.245388e-004
 2.971000e+001  1.974418e-004
 2.995750e+001  1.688936e-004
 3.020500e+001  1.647452e-004
 3.045250e+001  1.407394e-004
 3.070000e+001  1.427838e-004
 3.094750e+001  1.838947e-004
 3.119500e+001  1.279851e-004
 3.144250e+001  1.200043e-004
 3.169000e+001  1.131723e-004
 3.193750e+001  1.342245e-004
 3.218500e+001  1.424741e-004
 3.243250e+001  1.110047e-004
 3.268000e+001  1.084714e-004
 3.292750e+001  1.183187e-004
 3.317500e+001  1.546451e-004
 3.342250e+001  1.661857e-004
 3.367000e+001  1.823589e-004
 3.391750e+001  1.709316e-004
 3.416500e+001  1.744806e-004
 3.441250e+001  1.366279e-004
 3.466000e+001  1.296013e-004
 3.490750e+001  9.149077e-005
 3.515500e+001  1.594715e-004
 3.540250e+001  9.225181e-005
 3.565000e+001  9.318847e-005
 3.589750e+001  1.187200e-004
 3.614500e+001  1.034731e-004
 3.639250e+001  1.315598e-004
 3.664000e+001  1.345087e-004
 3.688750e+001  1.240682e-004
 3.713500e+001  1.508675e-004
 3.738250e+001  2.072424e-004
 3.763000e+001  1.792740e-004
 3.787750e+001  1.271423e-004
 3.812500e+001  1.024198e-004
 3.837250e+001  1.233133e-004
 3.862000e+001  1.202593e-004
 3.886750e+001  1.013357e-004
 3.911500e+001  1.042717e-004
 3.936250e+001  1.579212e-004
 3.961000e+001  1.663327e-004
 3.985750e+001  1.370862e-004
 4.010500e+001  1.299247e-004
 4.035250e+001  1.237253e-004
 4.060000e+001  1.233526e-004
 4.084750e+001  1.064976e-004
 4.109500e+001  9.287685e-005
 4.134250e+001  1.368402e-004
 4.159000e+001  7.733411e-005
 4.183750e+001  8.032446e-005
 4.208500e+001  8.416065e-005
 4.233250e+001  9.557591e-005
 4.258000e+001  1.244578e-004
 4.282750e+001  2.093291e-004
 4.307500e+001  1.313847e-004
 4.332250e+001  1.052470e-004
 4.357000e+001  1.232389e-004
 4.381750e+001  1.355651e-004
 4.406500e+001  1.202498e-004
 4.431250e+001  1.192042e-004
 4.456000e+001  8.720795e-005
 4.480750e+001  1.135628e-004
 4.505500e+001  1.366690e-004
 4.530250e+001  1.507734e-004
 4.555000e+001  1.020917e-004
 4.579750e+001  9.578257e-005
 4.604500e+001  8.555991e-005
 4.629250e+001  8.329522e-005
 4.654000e+001  1.280441e-004
 4.678750e+001  1.354577e-004
 4.703500e+001  1.283616e-004
 4.728250e+001  8.987537e-005
 4.753000e+001  8.521967e-005
 4.777750e+001  9.227542e-005
 4.802500e+001  1.345933e-004
 4.827250e+001  1.031210e-004
 4.852000e+001  1.030758e-004
 4.876750e+001  1.389190e-004
 4.901500e+001  1.351029e-004
 4.926250e+001  7.798846e-005
 4.951000e+001  1.529751e-004
 4.975750e+001  5.766550e-003
 5.000500e+001  1.276202e-002
 5.025250e+001  7.006741e-003
 5.050000e+001  1.385863e-004
 5.074750e+001  1.035863e-004
 5.099500e+001  6.965915e-005
 5.124250e+001  6.739330e-005
 5.149000e+001  1.005973e-004
 5.173750e+001  9.268186e-005
 5.198500e+001  1.008722e-004
 5.223250e+001  1.052232e-004
 5.248000e+001  1.055127e-004
 5.272750e+001  1.021936e-004
 5.297500e+001  1.089686e-004
 5.322250e+001  7.517693e-005
 5.347000e+001  6.375148e-005
 5.371750e+001  8.800223e-005
 5.396500e+001  9.176579e-005
 5.421250e+001  1.192485e-004
 5.446000e+001  9.221284e-005
 5.470750e+001  1.113544e-004
 5.495500e+001  1.082666e-004
 5.520250e+001  1.077582e-004
 5.545000e+001  1.070715e-004
 5.569750e+001  8.073170e-005
 5.594500e+001  6.763374e-005
 5.619250e+001  9.091719e-005
 5.644000e+001  6.878398e-005
 5.668750e+001  6.519834e-005
 5.693500e+001  9.192397e-005
 5.718250e+001  1.145528e-004
 5.743000e+001  8.487440e-005
 5.767750e+001  7.837957e-005
 5.792500e+001  9.167357e-005
 5.817250e+001  5.361935e-005
 5.842000e+001  8.729225e-005
 5.866750e+001  9.008537e-005
 5.891500e+001  7.876882e-005
 5.916250e+001  5.587083e-005
 5.941000e+001  9.631792e-005
 5.965750e+001  1.300699e-004
 5.990500e+001  1.162262e-004
 6.015250e+001  9.595204e-005
 6.040000e+001  1.471255e-004
 6.064750e+001  1.205577e-004
 6.089500e+001  5.406419e-005
 6.114250e+001  8.252099e-005
 6.139000e+001  9.676211e-005
 6.163750e+001  5.366810e-005
 6.188500e+001  8.198817e-005
 6.213250e+001  4.120452e-005
 6.238000e+001  4.532194e-005
 6.262750e+001  6.908785e-005
 6.287500e+001  8.873600e-005
 6.312250e+001  7.733592e-005
 6.337000e+001  9.555205e-005
 6.361750e+001  9.799348e-005
 6.386500e+001  1.043711e-004
 6.411250e+001  7.569547e-005
 6.436000e+001  1.036602e-004
 6.460750e+001  1.194151e-004
 6.485500e+001  6.960900e-005
 6.510250e+001  8.397055e-005
 6.535000e+001  9.254324e-005
 6.559750e+001  8.321376e-005
 6.584500e+001  7.927210e-005
 6.609250e+001  7.673699e-005
 6.634000e+001  9.175768e-005
 6.658750e+001  7.076328e-005
 6.683500e+001  7.464818e-005
 6.708250e+001  9.352763e-005
 6.733000e+001  8.550672e-005
 6.757750e+001  9.399856e-005
 6.782500e+001  8.414979e-005
 6.807250e+001  8.960090e-005
 6.832000e+001  9.964102e-005
 6.856750e+001  1.064669e-004
 6.881500e+001  1.164768e-004
 6.906250e+001  1.323310e-004
 6.931000e+001  1.304335e-004
 6.955750e+001  1.164014e-004
 6.980500e+001  1.209110e-004
 7.005250e+001  6.200962e-005
 7.030000e+001  8.920424e-005
 7.054750e+001  1.255948e-004
 7.079500e+001  9.084641e-005
 7.104250e+001  5.801577e-005
 7.129000e+001  7.085051e-005
 7.153750e+001  8.120211e-005
 7.178500e+001  1.134008e-004
 7.203250e+001  1.280410e-004
 7.228000e+001  8.681234e-005
 7.252750e+001  6.455595e-005
 7.277500e+001  8.564454e-005
 7.302250e+001  1.063444e-004
 7.327000e+001  7.054309e-005
 7.351750e+001  8.680606e-005
 7.376500e+001  6.866850e-005
 7.401250e+001  6.272950e-005
 7.426000e+001  5.491042e-005
 7.450750e+001  5.047970e-005
 7.475500e+001  5.203626e-005
 7.500250e+001  7.056141e-005
 7.525000e+001  4.180720e-005
 7.549750e+001  5.006442e-005
 7.574500e+001  3.147684e-004
 7.599250e+001  4.222641e-004
 7.624000e+001  1.597376e-004
 7.648750e+001  8.245235e-005
 7.673500e+001  9.445765e-005
 7.698250e+001  8.605697e-005
 7.723000e+001  6.602636e-005
 7.747750e+001  6.042534e-005
 7.772500e+001  6.141647e-005
 7.797250e+001  9.249423e-005
 7.822000e+001  6.683031e-005
 7.846750e+001  9.274287e-005
 7.871500e+001  8.075700e-005
 7.896250e+001  7.235608e-005
 7.921000e+001  6.481754e-005
 7.945750e+001  8.254406e-005
 7.970500e+001  8.817126e-005
 7.995250e+001  9.660034e-005
 8.020000e+001  4.792550e-005
 8.044750e+001  4.957722e-005
 8.069500e+001  4.868421e-005
 8.094250e+001  9.417595e-005
 8.119000e+001  1.097450e-004
 8.143750e+001  8.522295e-005
 8.168500e+001  6.009611e-005
 8.193250e+001  4.725050e-005
 8.218000e+001  6.572728e-005
 8.242750e+001  7.664310e-005
 8.267500e+001  6.429547e-005
 8.292250e+001  4.051670e-005
 8.317000e+001  5.096941e-005
 8.341750e+001  6.957875e-005
 8.366500e+001  9.762629e-005
 8.391250e+001  1.043243e-004
 8.416000e+001  8.586579e-005
 8.440750e+001  8.286001e-005
 8.465500e+001  6.869551e-005
 8.490250e+001  3.531014e-005
 8.515000e+001  4.234800e-005
 8.539750e+001  4.877487e-005
 8.564500e+001  4.940192e-005
 8.589250e+001  6.701676e-005
 8.614000e+001  7.392330e-005
 8.638750e+001  4.874822e-005
 8.663500e+001  4.407899e-005
 8.688250e+001  5.040242e-005
 8.713000e+001  4.994279e-005
 8.737750e+001  6.855140e-005
 8.762500e+001  6.968333e-005
 8.787250e+001  6.005606e-005
 8.812000e+001  6.626293e-005
 8.836750e+001  4.741986e-005
 8.861500e+001  6.210955e-005
 8.886250e+001  8.653420e-005
 8.911000e+001  9.516429e-005
 8.935750e+001  9.078421e-005
 8.960500e+001  7.821636e-005
 8.985250e+001  7.825828e-005
 9.010000e+001  7.078892e-005
 9.034750e+001  5.827219e-005
 9.059500e+001  7.072353e-005
 9.084250e+001  8.358523e-005
 9.109000e+001  5.950595e-005
 9.133750e+001  6.154567e-005
 9.158500e+001  7.129608e-005
 9.183250e+001  1.628093e-004
 9.208000e+001  1.199474e-004
 9.232750e+001  4.621446e-005
 9.257500e+001  5.597470e-005
 9.282250e+001  8.258977e-005
 9.307000e+001  7.872201e-005
 9.331750e+001  7.984889e-005
 9.356500e+001  8.495761e-005
 9.381250e+001  4.940091e-005
 9.406000e+001  4.066635e-005
 9.430750e+001  5.118732e-005
 9.455500e+001  6.090553e-005
 9.480250e+001  7.769240e-005
 9.505000e+001  9.132590e-005
 9.529750e+001  6.030728e-005
 9.554500e+001  2.410870e-005
 9.579250e+001  3.641093e-005
 9.604000e+001  5.084956e-005
 9.628750e+001  7.297412e-005
 9.653500e+001  7.388948e-005
 9.678250e+001  6.915407e-005
 9.703000e+001  5.987292e-005
 9.727750e+001  5.202508e-005
 9.752500e+001  7.982881e-005
 9.777250e+001  9.451381e-005
 9.802000e+001  7.486513e-005
 9.826750e+001  5.570401e-005
 9.851500e+001  4.665757e-005
 9.876250e+001  5.787607e-005
 9.901000e+001  4.307972e-005
 9.925750e+001  7.204921e-005
 9.950500e+001  8.353491e-005
 9.975250e+001  1.168641e-004
 1.000000e+002  3.483798e-004
