 1.000000e+000  2.842859e-004
 1.247500e+000  2.944490e-004
 1.495000e+000  2.751777e-004
 1.742500e+000  3.379911e-004
 1.990000e+000  3.239876e-004
 2.237500e+000  2.481644e-004
 2.485000e+000  2.736216e-004
 2.732500e+000  3.168165e-004
 2.980000e+000  1.740995e-004
 3.227500e+000  2.000098e-004
 3.475000e+000  2.538059e-004
 3.722500e+000  2.402589e-004
 3.970000e+000  1.805677e-004
 4.217500e+000  2.261266e-004
 4.465000e+000  1.488572e-004
 4.712500e+000  1.175564e-004
 4.960000e+000  1.854658e-004
 5.207500e+000  3.049292e-004
 5.455000e+000  3.183201e-004
 5.702500e+000  2.251900e-004
 5.950000e+000  1.274285e-004
 6.197500e+000  1.658711e-004
 6.445000e+000  2.323598e-004
 6.692500e+000  1.512668e-004
 6.940000e+000  9.842499e-005
 7.187500e+000  1.010547e-004
 7.435000e+000  1.083285e-004
 7.682500e+000  9.381720e-005
 7.930000e+000  1.183835e-004
 8.177500e+000  1.269783e-004
 8.425000e+000  1.536389e-004
 8.672500e+000  1.320383e-004
 8.920000e+000  1.036594e-004
 9.167500e+000  6.003491e-005
 9.415000e+000  9.051434e-005
 9.662500e+000  1.624383e-004
 9.910000e+000  1.704607e-004
 1.015750e+001  1.377660e-004
 1.040500e+001  1.306867e-004
 1.065250e+001  1.340919e-004
 1.090000e+001  1.094502e-004
 1.114750e+001  1.450322e-004
 1.139500e+001  1.625188e-004
 1.164250e+001  1.271247e-004
 1.189000e+001  1.051728e-004
 1.213750e+001  8.711699e-005
 1.238500e+001  1.219377e-004
 1.263250e+001  1.311238e-004
 1.288000e+001  1.041883e-004
 1.312750e+001  8.073449e-005
 1.337500e+001  8.578624e-005
 1.362250e+001  1.050311e-004
 1.387000e+001  8.726956e-005
 1.411750e+001  6.272178e-005
 1.436500e+001  8.530434e-005
 1.461250e+001  9.126596e-005
 1.486000e+001  9.437935e-005
 1.510750e+001  1.361480e-004
 1.535500e+001  1.338417e-004
 1.560250e+001  1.271841e-004
 1.585000e+001  6.729296e-005
 1.609750e+001  8.950746e-005
 1.634500e+001  9.595046e-005
 1.659250e+001  5.814836e-005
 1.684000e+001  8.122270e-005
 1.708750e+001  9.986888e-005
 1.733500e+001  1.282141e-004
 1.758250e+001  1.650166e-004
 1.783000e+001  1.236271e-004
 1.807750e+001  8.539540e-005
 1.832500e+001  1.202761e-004
 1.857250e+001  1.425476e-004
 1.882000e+001  1.021422e-004
 1.906750e+001  9.150627e-005
 1.931500e+001  1.354587e-004
 1.956250e+001  1.337247e-004
 1.981000e+001  1.275122e-004
 2.005750e+001  1.161850e-004
 2.030500e+001  8.226429e-005
 2.055250e+001  1.120478e-004
 2.080000e+001  8.672022e-005
 2.104750e+001  5.696402e-005
 2.129500e+001  7.324062e-005
 2.154250e+001  6.343611e-005
 2.179000e+001  3.618324e-005
 2.203750e+001  7.722335e-005
 2.228500e+001  1.398206e-004
 2.253250e+001  7.511462e-005
 2.278000e+001  5.926889e-005
 2.302750e+001  7.461929e-005
 2.327500e+001  8.838090e-005
 2.352250e+001  8.700117e-005
 2.377000e+001  1.001798e-004
 2.401750e+001  7.874811e-005
 2.426500e+001  8.542533e-005
 2.451250e+001  1.166437e-004
 2.476000e+001  9.323034e-005
 2.500750e+001  1.053821e-004
 2.525500e+001  7.368163e-005
 2.550250e+001  1.025996e-004
 2.575000e+001  8.528451e-005
 2.599750e+001  6.073044e-005
 2.624500e+001  7.614998e-005
 2.649250e+001  9.448242e-005
 2.674000e+001  8.908036e-005
 2.698750e+001  8.884449e-005
 2.723500e+001  1.012795e-004
 2.748250e+001  9.315596e-005
 2.773000e+001  6.822597e-005
 2.797750e+001  6.205063e-005
 2.822500e+001  9.833437e-005
 2.847250e+001  9.706948e-005
 2.872000e+001  1.013978e-004
 2.896750e+001  1.007876e-004
 2.921500e+001  1.126822e-004
 2.946250e+001  9.478731e-005
 2.971000e+001  1.068123e-004
 2.995750e+001  8.200586e-005
 3.020500e+001  6.375862e-005
 3.045250e+001  1.042915e-004
 3.070000e+001  1.260024e-004
 3.094750e+001  7.636165e-005
 3.119500e+001  7.155445e-005
 3.144250e+001  8.400704e-005
 3.169000e+001  8.988332e-005
 3.193750e+001  1.283605e-004
 3.218500e+001  6.186641e-005
 3.243250e+001  6.264067e-005
 3.268000e+001  7.847886e-005
 3.292750e+001  1.247575e-004
 3.317500e+001  1.131306e-004
 3.342250e+001  1.068911e-004
 3.367000e+001  1.218733e-004
 3.391750e+001  1.057711e-004
 3.416500e+001  1.122142e-004
 3.441250e+001  1.015468e-004
 3.466000e+001  9.024916e-005
 3.490750e+001  7.450882e-005
 3.515500e+001  1.100523e-004
 3.540250e+001  1.067941e-004
 3.565000e+001  7.240539e-005
 3.589750e+001  6.983660e-005
 3.614500e+001  7.723895e-005
 3.639250e+001  8.755697e-005
 3.664000e+001  1.062628e-004
 3.688750e+001  1.086508e-004
 3.713500e+001  9.719625e-005
 3.738250e+001  7.747455e-005
 3.763000e+001  1.162425e-004
 3.787750e+001  1.036235e-004
 3.812500e+001  7.771989e-005
 3.837250e+001  9.397821e-005
 3.862000e+001  1.159546e-004
 3.886750e+001  1.164521e-004
 3.911500e+001  8.571836e-005
 3.936250e+001  1.286144e-004
 3.961000e+001  1.157428e-004
 3.985750e+001  6.781041e-005
 4.010500e+001  7.785151e-005
 4.035250e+001  1.079596e-004
 4.060000e+001  1.241119e-004
 4.084750e+001  8.199486e-005
 4.109500e+001  7.787414e-005
 4.134250e+001  7.567160e-005
 4.159000e+001  9.537233e-005
 4.183750e+001  1.383153e-004
 4.208500e+001  1.188385e-004
 4.233250e+001  6.793229e-005
 4.258000e+001  6.364777e-005
 4.282750e+001  7.735638e-005
 4.307500e+001  7.818574e-005
 4.332250e+001  7.811269e-005
 4.357000e+001  9.021165e-005
 4.381750e+001  6.989547e-005
 4.406500e+001  1.038215e-004
 4.431250e+001  1.319331e-004
 4.456000e+001  1.130354e-004
 4.480750e+001  9.624703e-005
 4.505500e+001  6.411066e-005
 4.530250e+001  7.643375e-005
 4.555000e+001  8.642034e-005
 4.579750e+001  7.188926e-005
 4.604500e+001  7.517221e-005
 4.629250e+001  6.830545e-005
 4.654000e+001  1.103767e-004
 4.678750e+001  1.340865e-004
 4.703500e+001  7.487274e-005
 4.728250e+001  4.317463e-005
 4.753000e+001  5.882254e-005
 4.777750e+001  4.732595e-005
 4.802500e+001  6.416349e-005
 4.827250e+001  6.843824e-005
 4.852000e+001  1.068204e-004
 4.876750e+001  1.066568e-004
 4.901500e+001  7.392181e-005
 4.926250e+001  9.785716e-005
 4.951000e+001  7.410182e-005
 4.975750e+001  1.494002e-003
 5.000500e+001  3.601947e-003
 5.025250e+001  2.170011e-003
 5.050000e+001  1.159262e-004
 5.074750e+001  1.065512e-004
 5.099500e+001  1.390698e-004
 5.124250e+001  1.193815e-004
 5.149000e+001  9.931169e-005
 5.173750e+001  5.163677e-005
 5.198500e+001  8.174162e-005
 5.223250e+001  8.759512e-005
 5.248000e+001  8.559683e-005
 5.272750e+001  7.980224e-005
 5.297500e+001  1.215242e-004
 5.322250e+001  6.382889e-005
 5.347000e+001  9.077817e-005
 5.371750e+001  6.477198e-005
 5.396500e+001  7.937623e-005
 5.421250e+001  9.540550e-005
 5.446000e+001  1.040307e-004
 5.470750e+001  9.621949e-005
 5.495500e+001  1.005053e-004
 5.520250e+001  1.138792e-004
 5.545000e+001  1.044665e-004
 5.569750e+001  8.025897e-005
 5.594500e+001  7.774302e-005
 5.619250e+001  8.608051e-005
 5.644000e+001  9.470523e-005
 5.668750e+001  6.546689e-005
 5.693500e+001  8.598146e-005
 5.718250e+001  1.106773e-004
 5.743000e+001  1.156618e-004
 5.767750e+001  1.073032e-004
 5.792500e+001  7.392497e-005
 5.817250e+001  5.207873e-005
 5.842000e+001  7.609880e-005
 5.866750e+001  6.795937e-005
 5.891500e+001  8.993822e-005
 5.916250e+001  1.007943e-004
 5.941000e+001  1.160853e-004
 5.965750e+001  1.090157e-004
 5.990500e+001  8.561051e-005
 6.015250e+001  9.774400e-005
 6.040000e+001  1.083325e-004
 6.064750e+001  7.810422e-005
 6.089500e+001  7.855377e-005
 6.114250e+001  6.908534e-005
 6.139000e+001  5.940431e-005
 6.163750e+001  6.733034e-005
 6.188500e+001  8.633296e-005
 6.213250e+001  9.229615e-005
 6.238000e+001  7.458463e-005
 6.262750e+001  6.815083e-005
 6.287500e+001  8.291114e-005
 6.312250e+001  8.894564e-005
 6.337000e+001  8.141102e-005
 6.361750e+001  8.530670e-005
 6.386500e+001  1.077036e-004
 6.411250e+001  1.074693e-004
 6.436000e+001  9.548139e-005
 6.460750e+001  5.342463e-005
 6.485500e+001  5.347823e-005
 6.510250e+001  4.421353e-005
 6.535000e+001  7.588994e-005
 6.559750e+001  8.568620e-005
 6.584500e+001  1.042447e-004
 6.609250e+001  6.925156e-005
 6.634000e+001  8.819064e-005
 6.658750e+001  7.468294e-005
 6.683500e+001  9.918239e-005
 6.708250e+001  1.277264e-004
 6.733000e+001  1.230629e-004
 6.757750e+001  9.360411e-005
 6.782500e+001  9.680762e-005
 6.807250e+001  8.735052e-005
 6.832000e+001  7.505109e-005
 6.856750e+001  8.141763e-005
 6.881500e+001  6.550602e-005
 6.906250e+001  3.770754e-005
 6.931000e+001  8.790828e-005
 6.955750e+001  8.047384e-005
 6.980500e+001  5.636721e-005
 7.005250e+001  9.565546e-005
 7.030000e+001  1.356491e-004
 7.054750e+001  1.126320e-004
 7.079500e+001  5.602844e-005
 7.104250e+001  5.464220e-005
 7.129000e+001  3.621748e-005
 7.153750e+001  8.033779e-005
 7.178500e+001  7.338140e-005
 7.203250e+001  7.597373e-005
 7.228000e+001  8.087508e-005
 7.252750e+001  9.780640e-005
 7.277500e+001  7.287557e-005
 7.302250e+001  4.303398e-005
 7.327000e+001  4.287431e-005
 7.351750e+001  5.888630e-005
 7.376500e+001  5.611669e-005
 7.401250e+001  8.234358e-005
 7.426000e+001  9.030196e-005
 7.450750e+001  7.069861e-005
 7.475500e+001  8.211529e-005
 7.500250e+001  8.785660e-005
 7.525000e+001  1.229589e-004
 7.549750e+001  7.683710e-005
 7.574500e+001  9.416044e-005
 7.599250e+001  7.744879e-005
 7.624000e+001  5.673424e-005
 7.648750e+001  6.510154e-005
 7.673500e+001  8.740719e-005
 7.698250e+001  1.154774e-004
 7.723000e+001  8.943843e-005
 7.747750e+001  8.155309e-005
 7.772500e+001  8.824913e-005
 7.797250e+001  7.127637e-005
 7.822000e+001  9.953721e-005
 7.846750e+001  5.799484e-005
 7.871500e+001  6.804106e-005
 7.896250e+001  6.193342e-005
 7.921000e+001  7.357203e-005
 7.945750e+001  6.366693e-005
 7.970500e+001  6.426174e-005
 7.995250e+001  9.498341e-005
 8.020000e+001  8.255163e-005
 8.044750e+001  5.615568e-005
 8.069500e+001  8.461641e-005
 8.094250e+001  8.694869e-005
 8.119000e+001  1.216859e-004
 8.143750e+001  1.353613e-004
 8.168500e+001  8.698487e-005
 8.193250e+001  6.478025e-005
 8.218000e+001  8.957694e-005
 8.242750e+001  8.745305e-005
 8.267500e+001  1.058090e-004
 8.292250e+001  8.341946e-005
 8.317000e+001  4.813472e-005
 8.341750e+001  7.279131e-005
 8.366500e+001  7.374258e-005
 8.391250e+001  5.684375e-005
 8.416000e+001  5.295488e-005
 8.440750e+001  5.084988e-005
 8.465500e+001  7.763093e-005
 8.490250e+001  6.546493e-005
 8.515000e+001  5.991543e-005
 8.539750e+001  6.030873e-005
 8.564500e+001  6.526412e-005
 8.589250e+001  4.854721e-005
 8.614000e+001  4.851389e-005
 8.638750e+001  5.248502e-005
 8.663500e+001  7.383930e-005
 8.688250e+001  7.065863e-005
 8.713000e+001  4.538911e-005
 8.737750e+001  6.082368e-005
 8.762500e+001  6.347945e-005
 8.787250e+001  4.219357e-005
 8.812000e+001  5.820183e-005
 8.836750e+001  7.841837e-005
 8.861500e+001  1.024231e-004
 8.886250e+001  7.189526e-005
 8.911000e+001  6.718065e-005
 8.935750e+001  9.072175e-005
 8.960500e+001  5.929363e-005
 8.985250e+001  5.799557e-005
 9.010000e+001  9.139300e-005
 9.034750e+001  1.126557e-004
 9.059500e+001  8.373586e-005
 9.084250e+001  4.920787e-005
 9.109000e+001  1.058706e-004
 9.133750e+001  8.999551e-005
 9.158500e+001  7.744282e-005
 9.183250e+001  5.567387e-005
 9.208000e+001  7.239421e-005
 9.232750e+001  5.527389e-005
 9.257500e+001  6.328122e-005
 9.282250e+001  6.090635e-005
 9.307000e+001  6.281583e-005
 9.331750e+001  1.128941e-004
 9.356500e+001  1.014339e-004
 9.381250e+001  9.282350e-005
 9.406000e+001  7.864331e-005
 9.430750e+001  8.319704e-005
 9.455500e+001  8.912486e-005
 9.480250e+001  4.886270e-005
 9.505000e+001  6.321448e-005
 9.529750e+001  8.105021e-005
 9.554500e+001  1.166723e-004
 9.579250e+001  1.211321e-004
 9.604000e+001  1.434837e-004
 9.628750e+001  9.462058e-005
 9.653500e+001  5.088810e-005
 9.678250e+001  6.223150e-005
 9.703000e+001  7.185173e-005
 9.727750e+001  6.195200e-005
 9.752500e+001  8.060813e-005
 9.777250e+001  5.684789e-005
 9.802000e+001  7.653419e-005
 9.826750e+001  7.113722e-005
 9.851500e+001  8.151512e-005
 9.876250e+001  5.506821e-005
 9.901000e+001  4.101296e-005
 9.925750e+001  7.539658e-005
 9.950500e+001  8.155501e-005
 9.975250e+001  7.065411e-005
 1.000000e+002  1.167077e-004
