 1.000000e+000  1.486074e-003
 1.247500e+000  1.031354e-003
 1.495000e+000  1.117619e-003
 1.742500e+000  1.238782e-003
 1.990000e+000  1.012519e-003
 2.237500e+000  6.447691e-004
 2.485000e+000  4.406501e-004
 2.732500e+000  5.747374e-004
 2.980000e+000  3.844160e-004
 3.227500e+000  5.709573e-004
 3.475000e+000  6.301556e-004
 3.722500e+000  6.712079e-004
 3.970000e+000  7.079757e-004
 4.217500e+000  5.330227e-004
 4.465000e+000  3.264478e-004
 4.712500e+000  4.027497e-004
 4.960000e+000  3.342554e-004
 5.207500e+000  3.546057e-004
 5.455000e+000  2.740675e-004
 5.702500e+000  4.689672e-004
 5.950000e+000  5.036961e-004
 6.197500e+000  3.681035e-004
 6.445000e+000  3.161261e-004
 6.692500e+000  2.245640e-004
 6.940000e+000  3.653862e-004
 7.187500e+000  3.487934e-004
 7.435000e+000  2.814715e-004
 7.682500e+000  2.468952e-004
 7.930000e+000  2.281665e-004
 8.177500e+000  2.687035e-004
 8.425000e+000  2.398513e-004
 8.672500e+000  2.621723e-004
 8.920000e+000  2.562244e-004
 9.167500e+000  1.557781e-004
 9.415000e+000  2.253686e-004
 9.662500e+000  1.878187e-004
 9.910000e+000  1.897883e-004
 1.015750e+001  1.709350e-004
 1.040500e+001  2.441153e-004
 1.065250e+001  2.336132e-004
 1.090000e+001  1.600358e-004
 1.114750e+001  2.072018e-004
 1.139500e+001  2.431709e-004
 1.164250e+001  1.576140e-004
 1.189000e+001  1.201836e-004
 1.213750e+001  2.556561e-004
 1.238500e+001  2.648401e-004
 1.263250e+001  2.163889e-004
 1.288000e+001  2.701053e-004
 1.312750e+001  2.530959e-004
 1.337500e+001  2.053159e-004
 1.362250e+001  2.528603e-004
 1.387000e+001  1.617635e-004
 1.411750e+001  1.205754e-004
 1.436500e+001  1.331523e-004
 1.461250e+001  1.064839e-004
 1.486000e+001  1.662181e-004
 1.510750e+001  2.694378e-004
 1.535500e+001  2.771863e-004
 1.560250e+001  1.747903e-004
 1.585000e+001  2.222126e-004
 1.609750e+001  2.224578e-004
 1.634500e+001  2.577929e-004
 1.659250e+001  2.193033e-004
 1.684000e+001  2.443258e-004
 1.708750e+001  1.688169e-004
 1.733500e+001  1.888262e-004
 1.758250e+001  1.999725e-004
 1.783000e+001  1.772929e-004
 1.807750e+001  1.998777e-004
 1.832500e+001  1.379308e-004
 1.857250e+001  1.111754e-004
 1.882000e+001  1.448872e-004
 1.906750e+001  1.600349e-004
 1.931500e+001  1.938054e-004
 1.956250e+001  1.580260e-004
 1.981000e+001  1.873009e-004
 2.005750e+001  2.071170e-004
 2.030500e+001  1.767392e-004
 2.055250e+001  1.412517e-004
 2.080000e+001  1.185374e-004
 2.104750e+001  1.412952e-004
 2.129500e+001  1.507781e-004
 2.154250e+001  1.624703e-004
 2.179000e+001  1.637600e-004
 2.203750e+001  1.393064e-004
 2.228500e+001  8.892456e-005
 2.253250e+001  1.807564e-004
 2.278000e+001  1.934309e-004
 2.302750e+001  1.429913e-004
 2.327500e+001  2.043952e-004
 2.352250e+001  1.754978e-004
 2.377000e+001  1.389170e-004
 2.401750e+001  9.208131e-005
 2.426500e+001  1.156290e-004
 2.451250e+001  1.997974e-004
 2.476000e+001  1.806605e-004
 2.500750e+001  1.416529e-004
 2.525500e+001  1.609746e-004
 2.550250e+001  1.360599e-004
 2.575000e+001  1.371539e-004
 2.599750e+001  1.975164e-004
 2.624500e+001  1.298295e-004
 2.649250e+001  1.191652e-004
 2.674000e+001  1.868892e-004
 2.698750e+001  1.829836e-004
 2.723500e+001  1.732287e-004
 2.748250e+001  1.324914e-004
 2.773000e+001  1.646817e-004
 2.797750e+001  1.021731e-004
 2.822500e+001  1.227698e-004
 2.847250e+001  1.351828e-004
 2.872000e+001  1.710818e-004
 2.896750e+001  1.551620e-004
 2.921500e+001  1.540153e-004
 2.946250e+001  1.474520e-004
 2.971000e+001  1.174819e-004
 2.995750e+001  9.906264e-005
 3.020500e+001  1.484719e-004
 3.045250e+001  1.591179e-004
 3.070000e+001  1.680098e-004
 3.094750e+001  1.551802e-004
 3.119500e+001  1.540762e-004
 3.144250e+001  1.729970e-004
 3.169000e+001  1.215807e-004
 3.193750e+001  1.033743e-004
 3.218500e+001  1.045095e-004
 3.243250e+001  1.430506e-004
 3.268000e+001  1.977442e-004
 3.292750e+001  2.290111e-004
 3.317500e+001  1.950227e-004
 3.342250e+001  1.562658e-004
 3.367000e+001  1.599261e-004
 3.391750e+001  9.966618e-005
 3.416500e+001  1.223758e-004
 3.441250e+001  1.671097e-004
 3.466000e+001  1.420231e-004
 3.490750e+001  1.266458e-004
 3.515500e+001  1.083691e-004
 3.540250e+001  1.304313e-004
 3.565000e+001  1.519254e-004
 3.589750e+001  1.050804e-004
 3.614500e+001  5.888847e-005
 3.639250e+001  6.720643e-005
 3.664000e+001  4.899837e-005
 3.688750e+001  1.201075e-004
 3.713500e+001  1.516366e-004
 3.738250e+001  1.074818e-004
 3.763000e+001  1.137401e-004
 3.787750e+001  1.635915e-004
 3.812500e+001  1.611221e-004
 3.837250e+001  1.557857e-004
 3.862000e+001  1.287429e-004
 3.886750e+001  1.107282e-004
 3.911500e+001  1.184010e-004
 3.936250e+001  1.400520e-004
 3.961000e+001  2.177803e-004
 3.985750e+001  1.390660e-004
 4.010500e+001  1.280873e-004
 4.035250e+001  1.351239e-004
 4.060000e+001  1.253480e-004
 4.084750e+001  1.248011e-004
 4.109500e+001  6.578125e-005
 4.134250e+001  7.272825e-005
 4.159000e+001  1.152482e-004
 4.183750e+001  1.381730e-004
 4.208500e+001  8.984365e-005
 4.233250e+001  1.303872e-004
 4.258000e+001  6.707538e-005
 4.282750e+001  1.897855e-004
 4.307500e+001  1.564062e-004
 4.332250e+001  1.365879e-004
 4.357000e+001  1.270274e-004
 4.381750e+001  1.370839e-004
 4.406500e+001  1.568563e-004
 4.431250e+001  1.321907e-004
 4.456000e+001  9.955844e-005
 4.480750e+001  9.209252e-005
 4.505500e+001  1.345296e-004
 4.530250e+001  1.405050e-004
 4.555000e+001  1.457140e-004
 4.579750e+001  1.273333e-004
 4.604500e+001  1.054043e-004
 4.629250e+001  1.191710e-004
 4.654000e+001  1.435489e-004
 4.678750e+001  8.835494e-005
 4.703500e+001  9.362945e-005
 4.728250e+001  1.239500e-004
 4.753000e+001  1.241617e-004
 4.777750e+001  1.640806e-004
 4.802500e+001  1.162238e-004
 4.827250e+001  9.384497e-005
 4.852000e+001  8.884445e-005
 4.876750e+001  1.075137e-004
 4.901500e+001  1.015236e-004
 4.926250e+001  1.233909e-004
 4.951000e+001  1.966036e-004
 4.975750e+001  6.699110e-003
 5.000500e+001  1.214972e-002
 5.025250e+001  5.450791e-003
 5.050000e+001  2.309207e-004
 5.074750e+001  9.642432e-005
 5.099500e+001  1.054902e-004
 5.124250e+001  8.285660e-005
 5.149000e+001  1.098169e-004
 5.173750e+001  1.057231e-004
 5.198500e+001  1.451599e-004
 5.223250e+001  1.495689e-004
 5.248000e+001  8.817647e-005
 5.272750e+001  8.759466e-005
 5.297500e+001  1.179433e-004
 5.322250e+001  8.673393e-005
 5.347000e+001  8.656349e-005
 5.371750e+001  9.453015e-005
 5.396500e+001  1.093773e-004
 5.421250e+001  1.090844e-004
 5.446000e+001  1.393031e-004
 5.470750e+001  1.129343e-004
 5.495500e+001  1.159789e-004
 5.520250e+001  9.718403e-005
 5.545000e+001  4.960145e-005
 5.569750e+001  7.058109e-005
 5.594500e+001  7.142702e-005
 5.619250e+001  7.903484e-005
 5.644000e+001  9.248837e-005
 5.668750e+001  8.896256e-005
 5.693500e+001  1.072344e-004
 5.718250e+001  1.370723e-004
 5.743000e+001  1.478429e-004
 5.767750e+001  1.612375e-004
 5.792500e+001  1.486744e-004
 5.817250e+001  8.302740e-005
 5.842000e+001  6.394158e-005
 5.866750e+001  5.178404e-005
 5.891500e+001  7.171676e-005
 5.916250e+001  6.305938e-005
 5.941000e+001  7.035547e-005
 5.965750e+001  5.417254e-005
 5.990500e+001  6.803380e-005
 6.015250e+001  7.424153e-005
 6.040000e+001  9.209970e-005
 6.064750e+001  7.207256e-005
 6.089500e+001  5.948760e-005
 6.114250e+001  6.251022e-005
 6.139000e+001  7.194808e-005
 6.163750e+001  6.761435e-005
 6.188500e+001  6.615334e-005
 6.213250e+001  1.005455e-004
 6.238000e+001  8.254526e-005
 6.262750e+001  7.248810e-005
 6.287500e+001  7.282247e-005
 6.312250e+001  6.156476e-005
 6.337000e+001  6.085345e-005
 6.361750e+001  1.105024e-004
 6.386500e+001  1.305364e-004
 6.411250e+001  1.064428e-004
 6.436000e+001  8.711958e-005
 6.460750e+001  6.934667e-005
 6.485500e+001  5.808043e-005
 6.510250e+001  8.642487e-005
 6.535000e+001  1.275920e-004
 6.559750e+001  1.117153e-004
 6.584500e+001  5.624155e-005
 6.609250e+001  1.048754e-004
 6.634000e+001  1.310852e-004
 6.658750e+001  9.796617e-005
 6.683500e+001  7.413421e-005
 6.708250e+001  1.002223e-004
 6.733000e+001  6.955601e-005
 6.757750e+001  8.655386e-005
 6.782500e+001  9.529596e-005
 6.807250e+001  1.091875e-004
 6.832000e+001  9.287467e-005
 6.856750e+001  7.650132e-005
 6.881500e+001  7.173732e-005
 6.906250e+001  7.610433e-005
 6.931000e+001  5.738619e-005
 6.955750e+001  8.580218e-005
 6.980500e+001  9.394374e-005
 7.005250e+001  6.573439e-005
 7.030000e+001  7.468650e-005
 7.054750e+001  1.051200e-004
 7.079500e+001  5.984766e-005
 7.104250e+001  7.898651e-005
 7.129000e+001  7.504060e-005
 7.153750e+001  4.935846e-005
 7.178500e+001  6.773407e-005
 7.203250e+001  7.923517e-005
 7.228000e+001  7.976951e-005
 7.252750e+001  8.935113e-005
 7.277500e+001  8.107050e-005
 7.302250e+001  6.930844e-005
 7.327000e+001  5.582189e-005
 7.351750e+001  8.128184e-005
 7.376500e+001  8.697351e-005
 7.401250e+001  5.977471e-005
 7.426000e+001  6.799928e-005
 7.450750e+001  7.191028e-005
 7.475500e+001  5.280988e-005
 7.500250e+001  7.531192e-005
 7.525000e+001  7.453561e-005
 7.549750e+001  6.536791e-005
 7.574500e+001  2.969920e-004
 7.599250e+001  3.619243e-004
 7.624000e+001  1.107507e-004
 7.648750e+001  8.342554e-005
 7.673500e+001  7.876393e-005
 7.698250e+001  8.235889e-005
 7.723000e+001  7.646462e-005
 7.747750e+001  7.703396e-005
 7.772500e+001  4.571925e-005
 7.797250e+001  3.163787e-005
 7.822000e+001  2.606955e-005
 7.846750e+001  5.338464e-005
 7.871500e+001  6.256604e-005
 7.896250e+001  8.011469e-005
 7.921000e+001  8.872945e-005
 7.945750e+001  7.448178e-005
 7.970500e+001  5.966133e-005
 7.995250e+001  7.444837e-005
 8.020000e+001  9.248763e-005
 8.044750e+001  1.107952e-004
 8.069500e+001  1.107443e-004
 8.094250e+001  7.246112e-005
 8.119000e+001  7.323420e-005
 8.143750e+001  9.030404e-005
 8.168500e+001  7.049263e-005
 8.193250e+001  6.939305e-005
 8.218000e+001  5.790410e-005
 8.242750e+001  9.921171e-005
 8.267500e+001  1.043951e-004
 8.292250e+001  1.096141e-004
 8.317000e+001  7.864193e-005
 8.341750e+001  7.033084e-005
 8.366500e+001  7.741548e-005
 8.391250e+001  5.697404e-005
 8.416000e+001  6.109989e-005
 8.440750e+001  5.604313e-005
 8.465500e+001  8.375991e-005
 8.490250e+001  7.730542e-005
 8.515000e+001  7.301882e-005
 8.539750e+001  6.331979e-005
 8.564500e+001  5.569035e-005
 8.589250e+001  6.079114e-005
 8.614000e+001  5.349551e-005
 8.638750e+001  7.107397e-005
 8.663500e+001  7.962755e-005
 8.688250e+001  6.700668e-005
 8.713000e+001  5.408142e-005
 8.737750e+001  4.787634e-005
 8.762500e+001  7.258747e-005
 8.787250e+001  6.611306e-005
 8.812000e+001  5.414232e-005
 8.836750e+001  5.347657e-005
 8.861500e+001  8.027337e-005
 8.886250e+001  8.985195e-005
 8.911000e+001  5.810196e-005
 8.935750e+001  5.796884e-005
 8.960500e+001  7.047439e-005
 8.985250e+001  8.017338e-005
 9.010000e+001  8.468370e-005
 9.034750e+001  7.217271e-005
 9.059500e+001  5.580243e-005
 9.084250e+001  6.487900e-005
 9.109000e+001  4.807838e-005
 9.133750e+001  5.862496e-005
 9.158500e+001  1.164936e-004
 9.183250e+001  1.768728e-004
 9.208000e+001  1.111061e-004
 9.232750e+001  6.485111e-005
 9.257500e+001  5.671199e-005
 9.282250e+001  4.317837e-005
 9.307000e+001  5.071988e-005
 9.331750e+001  4.008453e-005
 9.356500e+001  2.880199e-005
 9.381250e+001  3.470440e-005
 9.406000e+001  6.376524e-005
 9.430750e+001  4.741097e-005
 9.455500e+001  5.855561e-005
 9.480250e+001  4.860904e-005
 9.505000e+001  3.316535e-005
 9.529750e+001  3.650578e-005
 9.554500e+001  4.630607e-005
 9.579250e+001  5.466758e-005
 9.604000e+001  6.154125e-005
 9.628750e+001  5.377651e-005
 9.653500e+001  6.155879e-005
 9.678250e+001  6.509252e-005
 9.703000e+001  5.407040e-005
 9.727750e+001  3.541680e-005
 9.752500e+001  6.026512e-005
 9.777250e+001  4.876241e-005
 9.802000e+001  4.573734e-005
 9.826750e+001  3.153971e-005
 9.851500e+001  5.809834e-005
 9.876250e+001  6.224265e-005
 9.901000e+001  3.153561e-005
 9.925750e+001  3.142991e-005
 9.950500e+001  5.798648e-005
 9.975250e+001  1.726867e-004
 1.000000e+002  2.823747e-004
