 1.000000e+000  5.950638e-004
 1.247500e+000  6.089106e-004
 1.495000e+000  4.782185e-004
 1.742500e+000  4.445355e-004
 1.990000e+000  3.654669e-004
 2.237500e+000  2.326741e-004
 2.485000e+000  2.621671e-004
 2.732500e+000  2.303515e-004
 2.980000e+000  1.398664e-004
 3.227500e+000  1.640663e-004
 3.475000e+000  2.381292e-004
 3.722500e+000  1.648071e-004
 3.970000e+000  2.847476e-004
 4.217500e+000  2.431906e-004
 4.465000e+000  1.689845e-004
 4.712500e+000  2.590074e-004
 4.960000e+000  2.839793e-004
 5.207500e+000  1.419789e-004
 5.455000e+000  1.451743e-004
 5.702500e+000  1.265990e-004
 5.950000e+000  1.364599e-004
 6.197500e+000  1.309439e-004
 6.445000e+000  1.585348e-004
 6.692500e+000  1.407083e-004
 6.940000e+000  1.755644e-004
 7.187500e+000  2.374258e-004
 7.435000e+000  2.067336e-004
 7.682500e+000  9.786716e-005
 7.930000e+000  1.664363e-004
 8.177500e+000  1.757196e-004
 8.425000e+000  1.858100e-004
 8.672500e+000  1.806911e-004
 8.920000e+000  1.147002e-004
 9.167500e+000  8.130113e-005
 9.415000e+000  1.371404e-004
 9.662500e+000  1.153116e-004
 9.910000e+000  1.723121e-004
 1.015750e+001  1.769771e-004
 1.040500e+001  1.444884e-004
 1.065250e+001  9.594686e-005
 1.090000e+001  8.616471e-005
 1.114750e+001  1.011111e-004
 1.139500e+001  1.296246e-004
 1.164250e+001  1.091184e-004
 1.189000e+001  1.001770e-004
 1.213750e+001  8.196666e-005
 1.238500e+001  1.229811e-004
 1.263250e+001  7.284450e-005
 1.288000e+001  6.565779e-005
 1.312750e+001  1.142459e-004
 1.337500e+001  1.353042e-004
 1.362250e+001  1.053739e-004
 1.387000e+001  1.033342e-004
 1.411750e+001  8.415115e-005
 1.436500e+001  1.098250e-004
 1.461250e+001  1.539236e-004
 1.486000e+001  2.107715e-004
 1.510750e+001  1.570767e-004
 1.535500e+001  1.351328e-004
 1.560250e+001  1.250717e-004
 1.585000e+001  1.453123e-004
 1.609750e+001  1.567488e-004
 1.634500e+001  1.036966e-004
 1.659250e+001  1.286179e-004
 1.684000e+001  1.198826e-004
 1.708750e+001  1.312912e-004
 1.733500e+001  1.171670e-004
 1.758250e+001  1.383558e-004
 1.783000e+001  1.386207e-004
 1.807750e+001  1.112744e-004
 1.832500e+001  1.251954e-004
 1.857250e+001  1.405817e-004
 1.882000e+001  1.386313e-004
 1.906750e+001  1.669240e-004
 1.931500e+001  1.877787e-004
 1.956250e+001  1.341331e-004
 1.981000e+001  1.150808e-004
 2.005750e+001  8.501994e-005
 2.030500e+001  1.619151e-004
 2.055250e+001  1.714777e-004
 2.080000e+001  1.134057e-004
 2.104750e+001  6.260957e-005
 2.129500e+001  1.238531e-004
 2.154250e+001  1.181324e-004
 2.179000e+001  1.486537e-004
 2.203750e+001  8.609010e-005
 2.228500e+001  5.305383e-005
 2.253250e+001  6.824367e-005
 2.278000e+001  6.411377e-005
 2.302750e+001  5.829118e-005
 2.327500e+001  9.842074e-005
 2.352250e+001  9.407795e-005
 2.377000e+001  8.703955e-005
 2.401750e+001  1.128720e-004
 2.426500e+001  1.334885e-004
 2.451250e+001  1.041276e-004
 2.476000e+001  1.344686e-004
 2.500750e+001  1.408585e-004
 2.525500e+001  1.234401e-004
 2.550250e+001  8.540328e-005
 2.575000e+001  1.160726e-004
 2.599750e+001  1.168460e-004
 2.624500e+001  6.622025e-005
 2.649250e+001  7.717950e-005
 2.674000e+001  9.067583e-005
 2.698750e+001  1.304695e-004
 2.723500e+001  1.425714e-004
 2.748250e+001  9.249550e-005
 2.773000e+001  7.706598e-005
 2.797750e+001  1.441946e-004
 2.822500e+001  5.903707e-005
 2.847250e+001  8.729022e-005
 2.872000e+001  8.786587e-005
 2.896750e+001  1.406334e-004
 2.921500e+001  1.235958e-004
 2.946250e+001  1.181319e-004
 2.971000e+001  1.031012e-004
 2.995750e+001  1.173957e-004
 3.020500e+001  9.038068e-005
 3.045250e+001  7.590526e-005
 3.070000e+001  4.656381e-005
 3.094750e+001  9.712751e-005
 3.119500e+001  8.858257e-005
 3.144250e+001  1.050876e-004
 3.169000e+001  8.572244e-005
 3.193750e+001  8.734781e-005
 3.218500e+001  9.587950e-005
 3.243250e+001  8.379654e-005
 3.268000e+001  8.852070e-005
 3.292750e+001  7.738566e-005
 3.317500e+001  1.143074e-004
 3.342250e+001  1.082382e-004
 3.367000e+001  8.879707e-005
 3.391750e+001  1.010597e-004
 3.416500e+001  1.120931e-004
 3.441250e+001  9.707044e-005
 3.466000e+001  5.790163e-005
 3.490750e+001  7.971108e-005
 3.515500e+001  8.513226e-005
 3.540250e+001  9.133666e-005
 3.565000e+001  1.178291e-004
 3.589750e+001  1.249641e-004
 3.614500e+001  1.207169e-004
 3.639250e+001  1.169473e-004
 3.664000e+001  9.969085e-005
 3.688750e+001  1.156693e-004
 3.713500e+001  1.411606e-004
 3.738250e+001  1.077302e-004
 3.763000e+001  5.986234e-005
 3.787750e+001  8.855115e-005
 3.812500e+001  1.006861e-004
 3.837250e+001  1.062997e-004
 3.862000e+001  8.377301e-005
 3.886750e+001  7.056068e-005
 3.911500e+001  7.113561e-005
 3.936250e+001  1.225593e-004
 3.961000e+001  9.905920e-005
 3.985750e+001  9.370610e-005
 4.010500e+001  1.160109e-004
 4.035250e+001  8.868850e-005
 4.060000e+001  9.453902e-005
 4.084750e+001  1.171703e-004
 4.109500e+001  1.158516e-004
 4.134250e+001  9.611790e-005
 4.159000e+001  6.921132e-005
 4.183750e+001  8.053375e-005
 4.208500e+001  9.843783e-005
 4.233250e+001  8.491871e-005
 4.258000e+001  1.009310e-004
 4.282750e+001  8.092310e-005
 4.307500e+001  7.634906e-005
 4.332250e+001  1.094318e-004
 4.357000e+001  8.536072e-005
 4.381750e+001  5.778651e-005
 4.406500e+001  5.408875e-005
 4.431250e+001  5.781541e-005
 4.456000e+001  7.662850e-005
 4.480750e+001  8.373409e-005
 4.505500e+001  6.906543e-005
 4.530250e+001  9.444075e-005
 4.555000e+001  7.733669e-005
 4.579750e+001  5.813959e-005
 4.604500e+001  7.755029e-005
 4.629250e+001  9.010341e-005
 4.654000e+001  9.436189e-005
 4.678750e+001  8.404734e-005
 4.703500e+001  8.383756e-005
 4.728250e+001  9.893887e-005
 4.753000e+001  8.954335e-005
 4.777750e+001  5.879958e-005
 4.802500e+001  1.347467e-004
 4.827250e+001  1.223186e-004
 4.852000e+001  1.173139e-004
 4.876750e+001  9.484865e-005
 4.901500e+001  1.000976e-004
 4.926250e+001  8.474113e-005
 4.951000e+001  8.115879e-005
 4.975750e+001  8.325998e-004
 5.000500e+001  1.682159e-003
 5.025250e+001  8.409410e-004
 5.050000e+001  7.320610e-005
 5.074750e+001  5.585590e-005
 5.099500e+001  9.862641e-005
 5.124250e+001  1.078719e-004
 5.149000e+001  1.130675e-004
 5.173750e+001  7.759781e-005
 5.198500e+001  5.809793e-005
 5.223250e+001  8.552656e-005
 5.248000e+001  8.689438e-005
 5.272750e+001  8.375866e-005
 5.297500e+001  7.000754e-005
 5.322250e+001  1.072241e-004
 5.347000e+001  1.185996e-004
 5.371750e+001  1.229242e-004
 5.396500e+001  1.200127e-004
 5.421250e+001  1.297914e-004
 5.446000e+001  1.387840e-004
 5.470750e+001  1.531677e-004
 5.495500e+001  1.095271e-004
 5.520250e+001  7.327084e-005
 5.545000e+001  1.143858e-004
 5.569750e+001  1.133841e-004
 5.594500e+001  8.443665e-005
 5.619250e+001  1.016736e-004
 5.644000e+001  8.383564e-005
 5.668750e+001  4.440791e-005
 5.693500e+001  7.369317e-005
 5.718250e+001  6.968626e-005
 5.743000e+001  7.993475e-005
 5.767750e+001  8.799428e-005
 5.792500e+001  8.052669e-005
 5.817250e+001  3.194352e-005
 5.842000e+001  8.351844e-005
 5.866750e+001  1.381076e-004
 5.891500e+001  1.257435e-004
 5.916250e+001  7.995960e-005
 5.941000e+001  1.137750e-004
 5.965750e+001  8.859235e-005
 5.990500e+001  1.004534e-004
 6.015250e+001  1.207574e-004
 6.040000e+001  1.116676e-004
 6.064750e+001  1.105724e-004
 6.089500e+001  1.111238e-004
 6.114250e+001  9.933432e-005
 6.139000e+001  9.571420e-005
 6.163750e+001  9.500936e-005
 6.188500e+001  5.254725e-005
 6.213250e+001  8.283426e-005
 6.238000e+001  8.898909e-005
 6.262750e+001  8.318826e-005
 6.287500e+001  7.026474e-005
 6.312250e+001  7.777798e-005
 6.337000e+001  8.033478e-005
 6.361750e+001  9.447920e-005
 6.386500e+001  7.746445e-005
 6.411250e+001  8.941146e-005
 6.436000e+001  1.019327e-004
 6.460750e+001  7.834878e-005
 6.485500e+001  7.252186e-005
 6.510250e+001  6.200592e-005
 6.535000e+001  5.353250e-005
 6.559750e+001  6.839901e-005
 6.584500e+001  1.063820e-004
 6.609250e+001  1.250141e-004
 6.634000e+001  8.482038e-005
 6.658750e+001  6.943547e-005
 6.683500e+001  6.880417e-005
 6.708250e+001  6.546171e-005
 6.733000e+001  1.020988e-004
 6.757750e+001  1.389349e-004
 6.782500e+001  1.100288e-004
 6.807250e+001  6.804974e-005
 6.832000e+001  7.457122e-005
 6.856750e+001  1.087884e-004
 6.881500e+001  9.794351e-005
 6.906250e+001  1.052067e-004
 6.931000e+001  7.696844e-005
 6.955750e+001  5.691579e-005
 6.980500e+001  5.636013e-005
 7.005250e+001  7.207757e-005
 7.030000e+001  7.156328e-005
 7.054750e+001  5.721514e-005
 7.079500e+001  6.675682e-005
 7.104250e+001  7.177211e-005
 7.129000e+001  1.084380e-004
 7.153750e+001  1.233932e-004
 7.178500e+001  6.499125e-005
 7.203250e+001  7.560435e-005
 7.228000e+001  9.395101e-005
 7.252750e+001  3.424103e-005
 7.277500e+001  7.168359e-005
 7.302250e+001  1.154762e-004
 7.327000e+001  1.447008e-004
 7.351750e+001  1.020040e-004
 7.376500e+001  9.196701e-005
 7.401250e+001  7.285992e-005
 7.426000e+001  8.012519e-005
 7.450750e+001  9.466305e-005
 7.475500e+001  9.323919e-005
 7.500250e+001  7.011136e-005
 7.525000e+001  8.633817e-005
 7.549750e+001  9.217503e-005
 7.574500e+001  9.506870e-005
 7.599250e+001  5.768447e-005
 7.624000e+001  5.842657e-005
 7.648750e+001  8.097575e-005
 7.673500e+001  1.031507e-004
 7.698250e+001  1.137633e-004
 7.723000e+001  8.447663e-005
 7.747750e+001  8.268773e-005
 7.772500e+001  6.318115e-005
 7.797250e+001  8.288397e-005
 7.822000e+001  8.672336e-005
 7.846750e+001  7.116079e-005
 7.871500e+001  1.209208e-004
 7.896250e+001  1.437840e-004
 7.921000e+001  1.207619e-004
 7.945750e+001  9.022445e-005
 7.970500e+001  6.605485e-005
 7.995250e+001  6.613638e-005
 8.020000e+001  5.078796e-005
 8.044750e+001  7.480468e-005
 8.069500e+001  7.441053e-005
 8.094250e+001  8.164246e-005
 8.119000e+001  1.145826e-004
 8.143750e+001  8.930746e-005
 8.168500e+001  9.647593e-005
 8.193250e+001  9.008449e-005
 8.218000e+001  6.884607e-005
 8.242750e+001  5.487458e-005
 8.267500e+001  8.040722e-005
 8.292250e+001  1.031757e-004
 8.317000e+001  7.081220e-005
 8.341750e+001  7.720291e-005
 8.366500e+001  6.630291e-005
 8.391250e+001  7.608090e-005
 8.416000e+001  6.167291e-005
 8.440750e+001  9.563295e-005
 8.465500e+001  1.004451e-004
 8.490250e+001  7.797041e-005
 8.515000e+001  8.203655e-005
 8.539750e+001  6.166898e-005
 8.564500e+001  4.520282e-005
 8.589250e+001  8.089759e-005
 8.614000e+001  4.210080e-005
 8.638750e+001  6.165610e-005
 8.663500e+001  6.825304e-005
 8.688250e+001  6.495834e-005
 8.713000e+001  5.632890e-005
 8.737750e+001  6.700340e-005
 8.762500e+001  9.504872e-005
 8.787250e+001  1.086975e-004
 8.812000e+001  1.066057e-004
 8.836750e+001  1.102035e-004
 8.861500e+001  1.099030e-004
 8.886250e+001  1.084780e-004
 8.911000e+001  1.139376e-004
 8.935750e+001  9.167037e-005
 8.960500e+001  1.095857e-004
 8.985250e+001  9.547559e-005
 9.010000e+001  9.283280e-005
 9.034750e+001  8.875818e-005
 9.059500e+001  7.688055e-005
 9.084250e+001  7.238627e-005
 9.109000e+001  7.115679e-005
 9.133750e+001  7.959260e-005
 9.158500e+001  1.171738e-004
 9.183250e+001  9.536034e-005
 9.208000e+001  4.432538e-005
 9.232750e+001  6.035262e-005
 9.257500e+001  5.597526e-005
 9.282250e+001  5.207534e-005
 9.307000e+001  6.528692e-005
 9.331750e+001  6.594727e-005
 9.356500e+001  8.262750e-005
 9.381250e+001  5.100041e-005
 9.406000e+001  9.539824e-005
 9.430750e+001  8.940616e-005
 9.455500e+001  7.593848e-005
 9.480250e+001  7.924376e-005
 9.505000e+001  7.278001e-005
 9.529750e+001  9.694386e-005
 9.554500e+001  1.154822e-004
 9.579250e+001  4.202819e-005
 9.604000e+001  7.972193e-005
 9.628750e+001  6.406885e-005
 9.653500e+001  5.743303e-005
 9.678250e+001  5.142348e-005
 9.703000e+001  8.077849e-005
 9.727750e+001  9.855256e-005
 9.752500e+001  5.083623e-005
 9.777250e+001  9.418310e-005
 9.802000e+001  1.333022e-004
 9.826750e+001  1.092977e-004
 9.851500e+001  9.799458e-005
 9.876250e+001  6.371539e-005
 9.901000e+001  5.703349e-005
 9.925750e+001  7.150068e-005
 9.950500e+001  1.020616e-004
 9.975250e+001  1.024208e-004
 1.000000e+002  1.464478e-004
