 1.000000e+001  1.173087e-004
 1.061875e+001  1.164879e-004
 1.123750e+001  1.298234e-004
 1.185625e+001  1.142582e-004
 1.247500e+001  1.147140e-004
 1.309375e+001  9.608296e-005
 1.371250e+001  1.255714e-004
 1.433125e+001  1.278424e-004
 1.495000e+001  9.947439e-005
 1.556875e+001  7.521122e-005
 1.618750e+001  9.328112e-005
 1.680625e+001  1.084459e-004
 1.742500e+001  9.932322e-005
 1.804375e+001  9.753116e-005
 1.866250e+001  9.103545e-005
 1.928125e+001  9.791434e-005
 1.990000e+001  9.449737e-005
 2.051875e+001  1.066694e-004
 2.113750e+001  1.279066e-004
 2.175625e+001  9.300412e-005
 2.237500e+001  8.139914e-005
 2.299375e+001  9.961869e-005
 2.361250e+001  9.130141e-005
 2.423125e+001  9.258546e-005
 2.485000e+001  1.073680e-004
 2.546875e+001  1.129094e-004
 2.608750e+001  9.676029e-005
 2.670625e+001  8.206859e-005
 2.732500e+001  9.123231e-005
 2.794375e+001  9.715208e-005
 2.856250e+001  9.040100e-005
 2.918125e+001  9.346158e-005
 2.980000e+001  8.348678e-005
 3.041875e+001  6.878684e-005
 3.103750e+001  6.901203e-005
 3.165625e+001  8.306458e-005
 3.227500e+001  7.565107e-005
 3.289375e+001  8.768688e-005
 3.351250e+001  9.462381e-005
 3.413125e+001  8.649829e-005
 3.475000e+001  8.349059e-005
 3.536875e+001  7.576796e-005
 3.598750e+001  8.681115e-005
 3.660625e+001  8.660223e-005
 3.722500e+001  9.617788e-005
 3.784375e+001  8.613343e-005
 3.846250e+001  8.451741e-005
 3.908125e+001  8.447371e-005
 3.970000e+001  7.964061e-005
 4.031875e+001  6.836858e-005
 4.093750e+001  6.672396e-005
 4.155625e+001  7.488623e-005
 4.217500e+001  8.716932e-005
 4.279375e+001  8.990403e-005
 4.341250e+001  7.626174e-005
 4.403125e+001  5.770832e-005
 4.465000e+001  6.014065e-005
 4.526875e+001  6.597926e-005
 4.588750e+001  8.290052e-005
 4.650625e+001  8.906252e-005
 4.712500e+001  7.204860e-005
 4.774375e+001  8.868191e-005
 4.836250e+001  9.117994e-005
 4.898125e+001  2.559537e-004
 4.960000e+001  2.005565e-003
 5.021875e+001  2.582609e-003
 5.083750e+001  7.677997e-004
 5.145625e+001  1.140737e-004
 5.207500e+001  8.618875e-005
 5.269375e+001  7.510646e-005
 5.331250e+001  7.372671e-005
 5.393125e+001  7.993205e-005
 5.455000e+001  7.991554e-005
 5.516875e+001  8.203391e-005
 5.578750e+001  8.769878e-005
 5.640625e+001  9.044857e-005
 5.702500e+001  8.171043e-005
 5.764375e+001  7.707376e-005
 5.826250e+001  7.490725e-005
 5.888125e+001  7.321359e-005
 5.950000e+001  9.904048e-005
 6.011875e+001  1.155908e-004
 6.073750e+001  9.108419e-005
 6.135625e+001  8.381890e-005
 6.197500e+001  7.573033e-005
 6.259375e+001  8.014444e-005
 6.321250e+001  8.316381e-005
 6.383125e+001  7.995387e-005
 6.445000e+001  7.224578e-005
 6.506875e+001  6.825166e-005
 6.568750e+001  7.970355e-005
 6.630625e+001  8.678301e-005
 6.692500e+001  9.024932e-005
 6.754375e+001  7.592449e-005
 6.816250e+001  7.426150e-005
 6.878125e+001  7.000690e-005
 6.940000e+001  7.741585e-005
 7.001875e+001  7.051790e-005
 7.063750e+001  7.694914e-005
 7.125625e+001  6.693981e-005
 7.187500e+001  6.861675e-005
 7.249375e+001  7.322744e-005
 7.311250e+001  7.588318e-005
 7.373125e+001  6.987751e-005
 7.435000e+001  8.171549e-005
 7.496875e+001  8.652056e-005
 7.558750e+001  8.087669e-005
 7.620625e+001  7.821477e-005
 7.682500e+001  7.118942e-005
 7.744375e+001  8.243330e-005
 7.806250e+001  9.078361e-005
 7.868125e+001  8.792713e-005
 7.930000e+001  8.854641e-005
 7.991875e+001  7.091275e-005
 8.053750e+001  7.098566e-005
 8.115625e+001  7.906233e-005
 8.177500e+001  6.090981e-005
 8.239375e+001  5.842119e-005
 8.301250e+001  6.292432e-005
 8.363125e+001  6.884710e-005
 8.425000e+001  7.716218e-005
 8.486875e+001  7.986659e-005
 8.548750e+001  8.594973e-005
 8.610625e+001  8.603792e-005
 8.672500e+001  7.771769e-005
 8.734375e+001  7.027482e-005
 8.796250e+001  7.258083e-005
 8.858125e+001  7.403571e-005
 8.920000e+001  7.576103e-005
 8.981875e+001  7.096120e-005
 9.043750e+001  8.119969e-005
 9.105625e+001  8.654838e-005
 9.167500e+001  8.605516e-005
 9.229375e+001  8.102643e-005
 9.291250e+001  8.280500e-005
 9.353125e+001  8.269127e-005
 9.415000e+001  8.843675e-005
 9.476875e+001  8.859598e-005
 9.538750e+001  7.417374e-005
 9.600625e+001  7.266893e-005
 9.662500e+001  7.297167e-005
 9.724375e+001  8.085666e-005
 9.786250e+001  6.919872e-005
 9.848125e+001  6.421647e-005
 9.910000e+001  6.626381e-005
 9.971875e+001  1.103455e-004
 1.003375e+002  1.055538e-004
 1.009563e+002  6.952345e-005
 1.015750e+002  7.705993e-005
 1.021938e+002  6.335724e-005
 1.028125e+002  6.793573e-005
 1.034313e+002  7.114085e-005
 1.040500e+002  7.895495e-005
 1.046688e+002  7.246282e-005
 1.052875e+002  7.852411e-005
 1.059063e+002  7.819742e-005
 1.065250e+002  6.766244e-005
 1.071438e+002  7.283717e-005
 1.077625e+002  7.271121e-005
 1.083813e+002  8.058600e-005
 1.090000e+002  8.207884e-005
 1.096188e+002  7.267172e-005
 1.102375e+002  6.181880e-005
 1.108563e+002  5.955943e-005
 1.114750e+002  5.907082e-005
 1.120938e+002  6.681065e-005
 1.127125e+002  7.383991e-005
 1.133313e+002  7.286166e-005
 1.139500e+002  6.324775e-005
 1.145688e+002  6.158093e-005
 1.151875e+002  5.981148e-005
 1.158063e+002  6.252645e-005
 1.164250e+002  7.182189e-005
 1.170438e+002  6.702535e-005
 1.176625e+002  7.593957e-005
 1.182813e+002  7.819329e-005
 1.189000e+002  7.146384e-005
 1.195188e+002  7.215923e-005
 1.201375e+002  9.041749e-005
 1.207563e+002  8.353266e-005
 1.213750e+002  7.104373e-005
 1.219938e+002  7.711649e-005
 1.226125e+002  9.474417e-005
 1.232313e+002  8.877447e-005
 1.238500e+002  7.307931e-005
 1.244688e+002  6.571103e-005
 1.250875e+002  7.020251e-005
 1.257063e+002  7.022117e-005
 1.263250e+002  8.045036e-005
 1.269438e+002  7.516604e-005
 1.275625e+002  7.380123e-005
 1.281813e+002  7.562115e-005
 1.288000e+002  8.152790e-005
 1.294188e+002  7.795516e-005
 1.300375e+002  6.428398e-005
 1.306563e+002  8.199013e-005
 1.312750e+002  8.350691e-005
 1.318938e+002  7.173872e-005
 1.325125e+002  7.839251e-005
 1.331313e+002  6.425856e-005
 1.337500e+002  7.716203e-005
 1.343688e+002  6.522631e-005
 1.349875e+002  6.236553e-005
 1.356063e+002  6.187996e-005
 1.362250e+002  5.223425e-005
 1.368438e+002  7.434821e-005
 1.374625e+002  7.008381e-005
 1.380813e+002  7.210240e-005
 1.387000e+002  7.557555e-005
 1.393188e+002  6.619215e-005
 1.399375e+002  6.300196e-005
 1.405563e+002  6.880704e-005
 1.411750e+002  8.171586e-005
 1.417938e+002  6.948586e-005
 1.424125e+002  7.584591e-005
 1.430313e+002  7.620588e-005
 1.436500e+002  6.443379e-005
 1.442688e+002  6.370203e-005
 1.448875e+002  6.047912e-005
 1.455063e+002  5.920812e-005
 1.461250e+002  7.563466e-005
 1.467438e+002  6.931421e-005
 1.473625e+002  6.304783e-005
 1.479813e+002  8.027018e-005
 1.486000e+002  7.413302e-005
 1.492188e+002  3.816846e-004
 1.498375e+002  1.552004e-003
 1.504563e+002  1.378902e-003
 1.510750e+002  2.384767e-004
 1.516938e+002  7.719220e-005
 1.523125e+002  8.847151e-005
 1.529313e+002  8.258026e-005
 1.535500e+002  7.594260e-005
 1.541688e+002  7.896686e-005
 1.547875e+002  5.850482e-005
 1.554063e+002  6.084169e-005
 1.560250e+002  6.553418e-005
 1.566438e+002  7.878284e-005
 1.572625e+002  7.682481e-005
 1.578813e+002  7.736267e-005
 1.585000e+002  8.028133e-005
 1.591188e+002  6.787359e-005
 1.597375e+002  7.685057e-005
 1.603563e+002  7.261857e-005
 1.609750e+002  8.216396e-005
 1.615938e+002  7.414627e-005
 1.622125e+002  6.995531e-005
 1.628313e+002  6.821334e-005
 1.634500e+002  6.376086e-005
 1.640688e+002  7.222206e-005
 1.646875e+002  7.135081e-005
 1.653063e+002  8.637868e-005
 1.659250e+002  8.215490e-005
 1.665438e+002  6.099197e-005
 1.671625e+002  7.115570e-005
 1.677813e+002  8.250632e-005
 1.684000e+002  7.312749e-005
 1.690188e+002  6.316985e-005
 1.696375e+002  7.314702e-005
 1.702563e+002  8.408603e-005
 1.708750e+002  8.065696e-005
 1.714938e+002  6.819581e-005
 1.721125e+002  7.705627e-005
 1.727313e+002  7.539461e-005
 1.733500e+002  6.716577e-005
 1.739688e+002  7.200316e-005
 1.745875e+002  7.811215e-005
 1.752063e+002  7.578305e-005
 1.758250e+002  6.733189e-005
 1.764438e+002  6.727828e-005
 1.770625e+002  6.479639e-005
 1.776813e+002  6.215108e-005
 1.783000e+002  7.160151e-005
 1.789188e+002  7.295900e-005
 1.795375e+002  7.931945e-005
 1.801563e+002  8.849510e-005
 1.807750e+002  8.080455e-005
 1.813938e+002  6.570227e-005
 1.820125e+002  6.894939e-005
 1.826313e+002  6.231017e-005
 1.832500e+002  5.772649e-005
 1.838688e+002  6.729365e-005
 1.844875e+002  6.958632e-005
 1.851063e+002  7.580046e-005
 1.857250e+002  8.386064e-005
 1.863438e+002  7.413294e-005
 1.869625e+002  7.022647e-005
 1.875813e+002  7.637343e-005
 1.882000e+002  6.537029e-005
 1.888188e+002  6.882970e-005
 1.894375e+002  6.915887e-005
 1.900563e+002  7.965183e-005
 1.906750e+002  7.124124e-005
 1.912938e+002  6.611606e-005
 1.919125e+002  7.863811e-005
 1.925313e+002  7.709562e-005
 1.931500e+002  7.000334e-005
 1.937688e+002  6.105063e-005
 1.943875e+002  6.577113e-005
 1.950063e+002  6.992694e-005
 1.956250e+002  6.722751e-005
 1.962438e+002  6.665593e-005
 1.968625e+002  7.369827e-005
 1.974813e+002  7.267432e-005
 1.981000e+002  6.885034e-005
 1.987188e+002  6.922614e-005
 1.993375e+002  7.144471e-005
 1.999563e+002  9.967096e-005
 2.005750e+002  9.475273e-005
 2.011938e+002  8.359403e-005
 2.018125e+002  6.489185e-005
 2.024313e+002  5.700001e-005
 2.030500e+002  5.244487e-005
 2.036688e+002  7.505289e-005
 2.042875e+002  7.693869e-005
 2.049063e+002  6.899513e-005
 2.055250e+002  7.623718e-005
 2.061438e+002  7.202227e-005
 2.067625e+002  7.306245e-005
 2.073813e+002  7.336973e-005
 2.080000e+002  7.709654e-005
 2.086188e+002  7.895288e-005
 2.092375e+002  7.281401e-005
 2.098563e+002  7.710583e-005
 2.104750e+002  7.530215e-005
 2.110938e+002  8.168121e-005
 2.117125e+002  7.660876e-005
 2.123313e+002  6.529036e-005
 2.129500e+002  6.230279e-005
 2.135688e+002  7.010778e-005
 2.141875e+002  7.054517e-005
 2.148063e+002  8.002519e-005
 2.154250e+002  8.467994e-005
 2.160438e+002  6.435439e-005
 2.166625e+002  5.220013e-005
 2.172813e+002  6.245477e-005
 2.179000e+002  7.383626e-005
 2.185188e+002  7.001993e-005
 2.191375e+002  6.353857e-005
 2.197563e+002  6.457629e-005
 2.203750e+002  5.476611e-005
 2.209938e+002  5.966197e-005
 2.216125e+002  7.687743e-005
 2.222313e+002  8.194315e-005
 2.228500e+002  5.532998e-005
 2.234688e+002  7.499371e-005
 2.240875e+002  8.207741e-005
 2.247063e+002  7.246137e-005
 2.253250e+002  6.676231e-005
 2.259438e+002  7.622374e-005
 2.265625e+002  7.330645e-005
 2.271813e+002  6.996087e-005
 2.278000e+002  7.584266e-005
 2.284188e+002  7.048864e-005
 2.290375e+002  6.776566e-005
 2.296563e+002  5.880430e-005
 2.302750e+002  5.838316e-005
 2.308938e+002  7.013077e-005
 2.315125e+002  6.760643e-005
 2.321313e+002  6.706885e-005
 2.327500e+002  6.842167e-005
 2.333688e+002  7.585469e-005
 2.339875e+002  7.531903e-005
 2.346063e+002  6.072881e-005
 2.352250e+002  7.910094e-005
 2.358438e+002  7.087819e-005
 2.364625e+002  5.908270e-005
 2.370813e+002  6.796821e-005
 2.377000e+002  7.811633e-005
 2.383188e+002  7.794046e-005
 2.389375e+002  7.340318e-005
 2.395563e+002  8.035048e-005
 2.401750e+002  8.861689e-005
 2.407938e+002  7.954849e-005
 2.414125e+002  7.742585e-005
 2.420313e+002  7.285757e-005
 2.426500e+002  6.217203e-005
 2.432688e+002  7.009275e-005
 2.438875e+002  6.933128e-005
 2.445063e+002  6.537437e-005
 2.451250e+002  8.187062e-005
 2.457438e+002  7.913403e-005
 2.463625e+002  6.852985e-005
 2.469813e+002  5.648986e-005
 2.476000e+002  5.206141e-005
 2.482188e+002  6.362515e-005
 2.488375e+002  5.929691e-005
 2.494563e+002  2.422817e-004
 2.500750e+002  5.459252e-004
 2.506938e+002  3.327039e-004
 2.513125e+002  7.740111e-005
 2.519313e+002  8.540388e-005
 2.525500e+002  7.992361e-005
 2.531688e+002  6.866350e-005
 2.537875e+002  5.937660e-005
 2.544063e+002  6.364242e-005
 2.550250e+002  6.217518e-005
 2.556438e+002  6.176280e-005
 2.562625e+002  6.145938e-005
 2.568813e+002  6.242410e-005
 2.575000e+002  5.892348e-005
 2.581188e+002  7.224904e-005
 2.587375e+002  7.458279e-005
 2.593563e+002  7.690561e-005
 2.599750e+002  7.669005e-005
 2.605938e+002  7.320294e-005
 2.612125e+002  7.527281e-005
 2.618313e+002  6.640624e-005
 2.624500e+002  5.887511e-005
 2.630688e+002  6.684090e-005
 2.636875e+002  6.348367e-005
 2.643063e+002  6.018053e-005
 2.649250e+002  5.943426e-005
 2.655438e+002  6.154874e-005
 2.661625e+002  6.755826e-005
 2.667813e+002  7.086846e-005
 2.674000e+002  6.763459e-005
 2.680188e+002  7.715553e-005
 2.686375e+002  8.357186e-005
 2.692563e+002  7.687673e-005
 2.698750e+002  6.095003e-005
 2.704938e+002  5.915441e-005
 2.711125e+002  6.915537e-005
 2.717313e+002  6.457747e-005
 2.723500e+002  4.642786e-005
 2.729688e+002  6.155592e-005
 2.735875e+002  6.819547e-005
 2.742063e+002  6.433507e-005
 2.748250e+002  6.684320e-005
 2.754438e+002  7.163933e-005
 2.760625e+002  6.997299e-005
 2.766813e+002  6.955901e-005
 2.773000e+002  6.284348e-005
 2.779188e+002  5.805950e-005
 2.785375e+002  6.495079e-005
 2.791563e+002  7.464917e-005
 2.797750e+002  7.767281e-005
 2.803938e+002  8.223354e-005
 2.810125e+002  7.222616e-005
 2.816313e+002  5.995747e-005
 2.822500e+002  6.588643e-005
 2.828688e+002  6.793755e-005
 2.834875e+002  6.724075e-005
 2.841063e+002  6.642394e-005
 2.847250e+002  6.457221e-005
 2.853438e+002  7.139541e-005
 2.859625e+002  5.683195e-005
 2.865813e+002  8.537352e-005
 2.872000e+002  7.881129e-005
 2.878188e+002  6.323169e-005
 2.884375e+002  6.908135e-005
 2.890563e+002  7.893260e-005
 2.896750e+002  7.044706e-005
 2.902938e+002  5.745005e-005
 2.909125e+002  7.006464e-005
 2.915313e+002  7.400302e-005
 2.921500e+002  6.261189e-005
 2.927688e+002  6.869898e-005
 2.933875e+002  7.660387e-005
 2.940063e+002  7.046862e-005
 2.946250e+002  7.289358e-005
 2.952438e+002  7.983053e-005
 2.958625e+002  8.003640e-005
 2.964813e+002  8.226452e-005
 2.971000e+002  7.531035e-005
 2.977188e+002  6.675294e-005
 2.983375e+002  5.933693e-005
 2.989563e+002  7.205264e-005
 2.995750e+002  7.504518e-005
 3.001938e+002  7.606059e-005
 3.008125e+002  7.803085e-005
 3.014313e+002  5.711873e-005
 3.020500e+002  5.861111e-005
 3.026688e+002  6.588007e-005
 3.032875e+002  7.934635e-005
 3.039063e+002  7.311647e-005
 3.045250e+002  7.412645e-005
 3.051438e+002  7.706359e-005
 3.057625e+002  6.779262e-005
 3.063813e+002  6.535627e-005
 3.070000e+002  7.092284e-005
 3.076188e+002  7.300435e-005
 3.082375e+002  5.673260e-005
 3.088563e+002  5.667651e-005
 3.094750e+002  6.408079e-005
 3.100938e+002  5.887363e-005
 3.107125e+002  5.981511e-005
 3.113313e+002  6.854632e-005
 3.119500e+002  6.807033e-005
 3.125688e+002  5.298034e-005
 3.131875e+002  6.954149e-005
 3.138063e+002  7.769761e-005
 3.144250e+002  7.699837e-005
 3.150437e+002  6.690380e-005
 3.156625e+002  5.793089e-005
 3.162812e+002  6.270335e-005
 3.169000e+002  7.185472e-005
 3.175187e+002  7.682358e-005
 3.181375e+002  7.132075e-005
 3.187562e+002  7.408530e-005
 3.193750e+002  6.582680e-005
 3.199937e+002  6.572032e-005
 3.206125e+002  5.331387e-005
 3.212312e+002  6.478569e-005
 3.218500e+002  7.528363e-005
 3.224687e+002  6.830891e-005
 3.230875e+002  7.060247e-005
 3.237062e+002  7.258905e-005
 3.243250e+002  7.119174e-005
 3.249437e+002  7.340496e-005
 3.255625e+002  7.282446e-005
 3.261812e+002  6.640846e-005
 3.268000e+002  6.759081e-005
 3.274187e+002  6.734441e-005
 3.280375e+002  7.922857e-005
 3.286562e+002  7.471414e-005
 3.292750e+002  6.819459e-005
 3.298937e+002  7.727562e-005
 3.305125e+002  7.337931e-005
 3.311312e+002  7.141414e-005
 3.317500e+002  6.746172e-005
 3.323687e+002  7.156139e-005
 3.329875e+002  6.665906e-005
 3.336062e+002  6.643380e-005
 3.342250e+002  6.809573e-005
 3.348437e+002  6.121879e-005
 3.354625e+002  6.910677e-005
 3.360812e+002  7.786307e-005
 3.367000e+002  6.955431e-005
 3.373187e+002  5.440236e-005
 3.379375e+002  7.008247e-005
 3.385562e+002  8.125131e-005
 3.391750e+002  7.433542e-005
 3.397937e+002  6.574436e-005
 3.404125e+002  7.226826e-005
 3.410312e+002  6.628545e-005
 3.416500e+002  5.525716e-005
 3.422687e+002  6.704938e-005
 3.428875e+002  6.977747e-005
 3.435062e+002  6.614555e-005
 3.441250e+002  7.094680e-005
 3.447437e+002  7.519259e-005
 3.453625e+002  7.292288e-005
 3.459812e+002  7.730615e-005
 3.466000e+002  6.199330e-005
 3.472187e+002  6.333400e-005
 3.478375e+002  7.439192e-005
 3.484562e+002  7.063993e-005
 3.490750e+002  6.454349e-005
 3.496937e+002  1.043514e-004
 3.503125e+002  1.319482e-004
 3.509312e+002  8.160855e-005
 3.515500e+002  8.386876e-005
 3.521687e+002  6.746145e-005
 3.527875e+002  7.009035e-005
 3.534062e+002  7.722731e-005
 3.540250e+002  7.253918e-005
 3.546437e+002  8.028649e-005
 3.552625e+002  7.513009e-005
 3.558812e+002  6.440759e-005
 3.565000e+002  7.387886e-005
 3.571187e+002  7.154285e-005
 3.577375e+002  6.743333e-005
 3.583562e+002  6.815357e-005
 3.589750e+002  6.832353e-005
 3.595937e+002  5.658773e-005
 3.602125e+002  5.917102e-005
 3.608312e+002  7.018256e-005
 3.614500e+002  7.920360e-005
 3.620687e+002  5.658700e-005
 3.626875e+002  6.389674e-005
 3.633062e+002  6.264266e-005
 3.639250e+002  7.263820e-005
 3.645437e+002  8.436832e-005
 3.651625e+002  6.731279e-005
 3.657812e+002  6.920651e-005
 3.664000e+002  7.164992e-005
 3.670187e+002  6.503688e-005
 3.676375e+002  5.522148e-005
 3.682562e+002  4.345552e-005
 3.688750e+002  6.616663e-005
 3.694937e+002  7.531784e-005
 3.701125e+002  6.550489e-005
 3.707312e+002  6.466024e-005
 3.713500e+002  7.904344e-005
 3.719687e+002  7.961653e-005
 3.725875e+002  6.825813e-005
 3.732062e+002  7.294940e-005
 3.738250e+002  7.008226e-005
 3.744437e+002  6.427206e-005
 3.750625e+002  6.407339e-005
 3.756812e+002  6.247223e-005
 3.763000e+002  7.506164e-005
 3.769187e+002  7.020830e-005
 3.775375e+002  7.565806e-005
 3.781562e+002  7.052550e-005
 3.787750e+002  6.573868e-005
 3.793937e+002  5.702299e-005
 3.800125e+002  7.114667e-005
 3.806312e+002  6.650667e-005
 3.812500e+002  5.833646e-005
 3.818687e+002  8.344861e-005
 3.824875e+002  7.873093e-005
 3.831062e+002  7.151805e-005
 3.837250e+002  6.561926e-005
 3.843437e+002  6.444563e-005
 3.849625e+002  5.935270e-005
 3.855812e+002  7.011535e-005
 3.862000e+002  7.300768e-005
 3.868187e+002  7.740084e-005
 3.874375e+002  7.114443e-005
 3.880562e+002  6.059592e-005
 3.886750e+002  6.671839e-005
 3.892937e+002  6.816525e-005
 3.899125e+002  6.631982e-005
 3.905312e+002  6.234882e-005
 3.911500e+002  6.698090e-005
 3.917687e+002  6.152586e-005
 3.923875e+002  6.304972e-005
 3.930062e+002  6.719529e-005
 3.936250e+002  7.229731e-005
 3.942437e+002  8.097058e-005
 3.948625e+002  7.461355e-005
 3.954812e+002  7.602195e-005
 3.961000e+002  8.082237e-005
 3.967187e+002  7.613034e-005
 3.973375e+002  7.380416e-005
 3.979562e+002  7.423285e-005
 3.985750e+002  7.901620e-005
 3.991937e+002  7.001187e-005
 3.998125e+002  6.000126e-005
 4.004312e+002  5.995056e-005
 4.010500e+002  5.851811e-005
 4.016687e+002  5.733284e-005
 4.022875e+002  6.877413e-005
 4.029062e+002  6.300750e-005
 4.035250e+002  6.516117e-005
 4.041437e+002  8.368099e-005
 4.047625e+002  8.327270e-005
 4.053812e+002  6.940272e-005
 4.060000e+002  7.494128e-005
 4.066187e+002  6.584380e-005
 4.072375e+002  6.428782e-005
 4.078562e+002  6.628503e-005
 4.084750e+002  7.027211e-005
 4.090937e+002  7.084775e-005
 4.097125e+002  7.479084e-005
 4.103312e+002  6.247577e-005
 4.109500e+002  7.202113e-005
 4.115687e+002  8.678174e-005
 4.121875e+002  7.535649e-005
 4.128062e+002  6.109583e-005
 4.134250e+002  6.001353e-005
 4.140437e+002  6.786940e-005
 4.146625e+002  7.485127e-005
 4.152812e+002  7.200743e-005
 4.159000e+002  7.170396e-005
 4.165187e+002  7.410107e-005
 4.171375e+002  7.995700e-005
 4.177562e+002  7.908075e-005
 4.183750e+002  6.517808e-005
 4.189937e+002  7.097902e-005
 4.196125e+002  7.069242e-005
 4.202312e+002  7.342688e-005
 4.208500e+002  7.273846e-005
 4.214687e+002  7.243351e-005
 4.220875e+002  7.677722e-005
 4.227062e+002  7.714694e-005
 4.233250e+002  6.548134e-005
 4.239437e+002  6.901410e-005
 4.245625e+002  7.563115e-005
 4.251812e+002  6.996247e-005
 4.258000e+002  6.633178e-005
 4.264187e+002  7.133146e-005
 4.270375e+002  7.116818e-005
 4.276562e+002  5.736200e-005
 4.282750e+002  5.598748e-005
 4.288937e+002  5.388443e-005
 4.295125e+002  5.706385e-005
 4.301312e+002  7.376189e-005
 4.307500e+002  8.297724e-005
 4.313687e+002  6.846653e-005
 4.319875e+002  6.362545e-005
 4.326062e+002  7.066825e-005
 4.332250e+002  6.526251e-005
 4.338437e+002  6.247332e-005
 4.344625e+002  6.579611e-005
 4.350812e+002  6.158420e-005
 4.357000e+002  7.184099e-005
 4.363187e+002  6.307521e-005
 4.369375e+002  6.990429e-005
 4.375562e+002  7.635327e-005
 4.381750e+002  7.841353e-005
 4.387937e+002  7.592836e-005
 4.394125e+002  6.838691e-005
 4.400312e+002  7.172110e-005
 4.406500e+002  7.127938e-005
 4.412687e+002  7.302748e-005
 4.418875e+002  7.835906e-005
 4.425062e+002  7.628858e-005
 4.431250e+002  6.770708e-005
 4.437437e+002  4.880702e-005
 4.443625e+002  6.876756e-005
 4.449812e+002  7.483006e-005
 4.456000e+002  7.408680e-005
 4.462187e+002  7.349069e-005
 4.468375e+002  7.597723e-005
 4.474562e+002  8.376413e-005
 4.480750e+002  8.242857e-005
 4.486937e+002  7.579433e-005
 4.493125e+002  6.582834e-005
 4.499312e+002  8.946070e-005
 4.505500e+002  9.151168e-005
 4.511687e+002  7.243093e-005
 4.517875e+002  6.553917e-005
 4.524062e+002  6.277067e-005
 4.530250e+002  6.897207e-005
 4.536437e+002  7.319507e-005
 4.542625e+002  7.117398e-005
 4.548812e+002  5.723917e-005
 4.555000e+002  5.564800e-005
 4.561187e+002  6.804602e-005
 4.567375e+002  5.731078e-005
 4.573562e+002  6.666397e-005
 4.579750e+002  6.367070e-005
 4.585937e+002  6.371877e-005
 4.592125e+002  6.499754e-005
 4.598312e+002  6.329048e-005
 4.604500e+002  6.461033e-005
 4.610687e+002  7.405676e-005
 4.616875e+002  7.705179e-005
 4.623062e+002  8.771619e-005
 4.629250e+002  7.757731e-005
 4.635437e+002  6.999037e-005
 4.641625e+002  6.190431e-005
 4.647812e+002  6.985420e-005
 4.654000e+002  7.341595e-005
 4.660187e+002  7.659122e-005
 4.666375e+002  7.787265e-005
 4.672562e+002  7.270433e-005
 4.678750e+002  5.916160e-005
 4.684937e+002  4.932310e-005
 4.691125e+002  6.443070e-005
 4.697312e+002  7.579939e-005
 4.703500e+002  6.365158e-005
 4.709687e+002  6.526768e-005
 4.715875e+002  6.921521e-005
 4.722062e+002  5.294343e-005
 4.728250e+002  5.858021e-005
 4.734437e+002  6.672148e-005
 4.740625e+002  7.167314e-005
 4.746812e+002  8.240625e-005
 4.753000e+002  7.531873e-005
 4.759187e+002  7.565586e-005
 4.765375e+002  6.096930e-005
 4.771562e+002  6.981355e-005
 4.777750e+002  6.758955e-005
 4.783937e+002  6.077712e-005
 4.790125e+002  6.067472e-005
 4.796312e+002  6.380954e-005
 4.802500e+002  7.283906e-005
 4.808687e+002  7.781010e-005
 4.814875e+002  6.813199e-005
 4.821062e+002  6.627175e-005
 4.827250e+002  6.588713e-005
 4.833437e+002  6.754112e-005
 4.839625e+002  6.953007e-005
 4.845812e+002  6.520477e-005
 4.852000e+002  5.893515e-005
 4.858187e+002  6.084759e-005
 4.864375e+002  6.410858e-005
 4.870562e+002  6.412276e-005
 4.876750e+002  6.768317e-005
 4.882937e+002  8.127046e-005
 4.889125e+002  7.908511e-005
 4.895312e+002  7.282656e-005
 4.901500e+002  6.497076e-005
 4.907687e+002  6.214028e-005
 4.913875e+002  6.827774e-005
 4.920062e+002  6.750226e-005
 4.926250e+002  7.624713e-005
 4.932437e+002  7.007777e-005
 4.938625e+002  6.002437e-005
 4.944812e+002  6.011588e-005
 4.951000e+002  4.840599e-005
 4.957187e+002  5.278568e-005
 4.963375e+002  6.549682e-005
 4.969562e+002  6.331905e-005
 4.975750e+002  5.969233e-005
 4.981937e+002  7.248519e-005
 4.988125e+002  7.779279e-005
 4.994312e+002  6.615879e-005
 5.000500e+002  6.209803e-005
 5.006687e+002  6.781235e-005
 5.012875e+002  6.513265e-005
 5.019062e+002  6.618191e-005
 5.025250e+002  6.522479e-005
 5.031437e+002  6.630452e-005
 5.037625e+002  6.415825e-005
 5.043812e+002  6.856027e-005
 5.050000e+002  6.202657e-005
 5.056187e+002  6.204885e-005
 5.062375e+002  6.888824e-005
 5.068562e+002  7.652755e-005
 5.074750e+002  8.317469e-005
 5.080937e+002  7.775624e-005
 5.087125e+002  7.162368e-005
 5.093312e+002  6.175417e-005
 5.099500e+002  5.790857e-005
 5.105687e+002  6.007324e-005
 5.111875e+002  6.719430e-005
 5.118062e+002  7.088938e-005
 5.124250e+002  7.203862e-005
 5.130437e+002  6.478022e-005
 5.136625e+002  5.883164e-005
 5.142812e+002  7.498847e-005
 5.149000e+002  7.478644e-005
 5.155187e+002  7.331151e-005
 5.161375e+002  7.124976e-005
 5.167562e+002  7.238013e-005
 5.173750e+002  6.834975e-005
 5.179937e+002  7.190165e-005
 5.186125e+002  5.966951e-005
 5.192312e+002  6.187928e-005
 5.198500e+002  7.401448e-005
 5.204687e+002  7.484006e-005
 5.210875e+002  5.854873e-005
 5.217062e+002  6.301665e-005
 5.223250e+002  5.777529e-005
 5.229437e+002  5.779686e-005
 5.235625e+002  7.552283e-005
 5.241812e+002  6.516727e-005
 5.248000e+002  6.089100e-005
 5.254187e+002  6.937582e-005
 5.260375e+002  5.786218e-005
 5.266562e+002  6.117019e-005
 5.272750e+002  5.514813e-005
 5.278937e+002  7.103910e-005
 5.285125e+002  7.347880e-005
 5.291312e+002  8.202460e-005
 5.297500e+002  8.039271e-005
 5.303687e+002  8.170077e-005
 5.309875e+002  8.092051e-005
 5.316062e+002  7.514266e-005
 5.322250e+002  6.886507e-005
 5.328437e+002  6.944394e-005
 5.334625e+002  5.861805e-005
 5.340812e+002  5.363910e-005
 5.347000e+002  7.654309e-005
 5.353187e+002  8.588620e-005
 5.359375e+002  7.033565e-005
 5.365562e+002  7.567014e-005
 5.371750e+002  6.769926e-005
 5.377937e+002  7.284535e-005
 5.384125e+002  8.120427e-005
 5.390312e+002  7.102844e-005
 5.396500e+002  6.404954e-005
 5.402687e+002  7.474963e-005
 5.408875e+002  7.030156e-005
 5.415062e+002  7.437691e-005
 5.421250e+002  6.280676e-005
 5.427437e+002  6.979250e-005
 5.433625e+002  6.628518e-005
 5.439812e+002  5.703073e-005
 5.446000e+002  6.660599e-005
 5.452187e+002  7.045960e-005
 5.458375e+002  7.648157e-005
 5.464562e+002  7.188475e-005
 5.470750e+002  6.326968e-005
 5.476937e+002  6.325195e-005
 5.483125e+002  7.306435e-005
 5.489312e+002  6.462023e-005
 5.495500e+002  6.477239e-005
 5.501687e+002  1.462659e-004
 5.507875e+002  1.164816e-004
 5.514062e+002  7.181959e-005
 5.520250e+002  6.339762e-005
 5.526437e+002  6.489074e-005
 5.532625e+002  7.999275e-005
 5.538812e+002  6.712117e-005
 5.545000e+002  7.264852e-005
 5.551187e+002  8.203118e-005
 5.557375e+002  8.590324e-005
 5.563562e+002  6.927079e-005
 5.569750e+002  6.441276e-005
 5.575937e+002  7.003096e-005
 5.582125e+002  6.565698e-005
 5.588312e+002  6.557362e-005
 5.594500e+002  7.000273e-005
 5.600687e+002  6.095586e-005
 5.606875e+002  7.411273e-005
 5.613062e+002  7.100138e-005
 5.619250e+002  6.351604e-005
 5.625437e+002  5.673099e-005
 5.631625e+002  6.453175e-005
 5.637812e+002  6.998672e-005
 5.644000e+002  7.003126e-005
 5.650187e+002  6.903932e-005
 5.656375e+002  7.494945e-005
 5.662562e+002  7.965216e-005
 5.668750e+002  6.300251e-005
 5.674937e+002  5.544129e-005
 5.681125e+002  5.974988e-005
 5.687312e+002  6.186731e-005
 5.693500e+002  6.830281e-005
 5.699687e+002  6.198610e-005
 5.705875e+002  6.967521e-005
 5.712062e+002  7.274948e-005
 5.718250e+002  6.710225e-005
 5.724437e+002  6.483481e-005
 5.730625e+002  6.933262e-005
 5.736812e+002  5.557175e-005
 5.743000e+002  5.943361e-005
 5.749187e+002  7.013526e-005
 5.755375e+002  6.679013e-005
 5.761562e+002  6.975141e-005
 5.767750e+002  7.595953e-005
 5.773937e+002  7.631589e-005
 5.780125e+002  6.608417e-005
 5.786312e+002  6.189053e-005
 5.792500e+002  6.238814e-005
 5.798687e+002  4.851839e-005
 5.804875e+002  5.851782e-005
 5.811062e+002  7.619520e-005
 5.817250e+002  6.895535e-005
 5.823437e+002  6.461266e-005
 5.829625e+002  6.153915e-005
 5.835812e+002  6.816199e-005
 5.842000e+002  6.594953e-005
 5.848187e+002  6.458366e-005
 5.854375e+002  6.221591e-005
 5.860562e+002  6.442517e-005
 5.866750e+002  5.726467e-005
 5.872937e+002  6.221586e-005
 5.879125e+002  6.184879e-005
 5.885312e+002  7.173462e-005
 5.891500e+002  7.854167e-005
 5.897687e+002  7.786312e-005
 5.903875e+002  7.360366e-005
 5.910062e+002  7.425054e-005
 5.916250e+002  7.009111e-005
 5.922437e+002  5.238475e-005
 5.928625e+002  5.158230e-005
 5.934812e+002  5.992115e-005
 5.941000e+002  6.996910e-005
 5.947187e+002  6.663274e-005
 5.953375e+002  6.224225e-005
 5.959562e+002  5.896482e-005
 5.965750e+002  6.367729e-005
 5.971937e+002  5.338522e-005
 5.978125e+002  5.033584e-005
 5.984312e+002  6.377103e-005
 5.990500e+002  6.873095e-005
 5.996687e+002  8.400093e-005
 6.002875e+002  9.169288e-005
 6.009062e+002  8.526044e-005
 6.015250e+002  7.815434e-005
 6.021437e+002  8.146950e-005
 6.027625e+002  8.514691e-005
 6.033812e+002  8.008933e-005
 6.040000e+002  6.460284e-005
 6.046187e+002  7.177864e-005
 6.052375e+002  7.945232e-005
 6.058562e+002  6.596724e-005
 6.064750e+002  6.653021e-005
 6.070937e+002  7.302300e-005
 6.077125e+002  6.212337e-005
 6.083312e+002  5.239404e-005
 6.089500e+002  6.608364e-005
 6.095687e+002  6.381321e-005
 6.101875e+002  6.838878e-005
 6.108062e+002  6.579650e-005
 6.114250e+002  5.368251e-005
 6.120437e+002  5.648707e-005
 6.126625e+002  5.444651e-005
 6.132812e+002  6.488503e-005
 6.139000e+002  6.603836e-005
 6.145187e+002  6.644324e-005
 6.151375e+002  7.026640e-005
 6.157562e+002  7.225840e-005
 6.163750e+002  6.581285e-005
 6.169937e+002  6.144213e-005
 6.176125e+002  6.015296e-005
 6.182312e+002  4.417930e-005
 6.188500e+002  6.177636e-005
 6.194687e+002  6.237115e-005
 6.200875e+002  5.942874e-005
 6.207062e+002  6.702116e-005
 6.213250e+002  6.364143e-005
 6.219437e+002  6.096197e-005
 6.225625e+002  6.649841e-005
 6.231812e+002  6.801562e-005
 6.238000e+002  5.936896e-005
 6.244187e+002  4.992580e-005
 6.250375e+002  5.874476e-005
 6.256562e+002  7.786913e-005
 6.262750e+002  6.774507e-005
 6.268937e+002  6.462014e-005
 6.275125e+002  6.216807e-005
 6.281312e+002  5.553347e-005
 6.287500e+002  6.817138e-005
 6.293687e+002  7.872975e-005
 6.299875e+002  6.464440e-005
 6.306062e+002  7.853495e-005
 6.312250e+002  6.531187e-005
 6.318437e+002  5.865082e-005
 6.324625e+002  6.171061e-005
 6.330812e+002  5.739580e-005
 6.337000e+002  6.933729e-005
 6.343187e+002  5.891912e-005
 6.349375e+002  6.102461e-005
 6.355562e+002  5.588203e-005
 6.361750e+002  6.223480e-005
 6.367937e+002  6.983332e-005
 6.374125e+002  6.594223e-005
 6.380312e+002  6.690576e-005
 6.386500e+002  6.055624e-005
 6.392687e+002  6.765056e-005
 6.398875e+002  6.845086e-005
 6.405062e+002  6.135847e-005
 6.411250e+002  5.870039e-005
 6.417437e+002  5.637476e-005
 6.423625e+002  5.610283e-005
 6.429812e+002  6.706442e-005
 6.436000e+002  7.319212e-005
 6.442187e+002  6.473469e-005
 6.448375e+002  6.393328e-005
 6.454562e+002  7.296242e-005
 6.460750e+002  7.546035e-005
 6.466937e+002  7.232510e-005
 6.473125e+002  7.187347e-005
 6.479312e+002  7.034177e-005
 6.485500e+002  6.946458e-005
 6.491687e+002  7.080798e-005
 6.497875e+002  8.131363e-005
 6.504062e+002  9.254712e-005
 6.510250e+002  8.188662e-005
 6.516437e+002  7.929069e-005
 6.522625e+002  6.664359e-005
 6.528812e+002  7.118372e-005
 6.535000e+002  7.726167e-005
 6.541187e+002  7.754061e-005
 6.547375e+002  6.715209e-005
 6.553562e+002  7.620542e-005
 6.559750e+002  6.957693e-005
 6.565937e+002  7.510986e-005
 6.572125e+002  6.825291e-005
 6.578312e+002  5.935511e-005
 6.584500e+002  6.276732e-005
 6.590687e+002  6.589741e-005
 6.596875e+002  6.017222e-005
 6.603062e+002  6.732062e-005
 6.609250e+002  5.618533e-005
 6.615437e+002  5.663947e-005
 6.621625e+002  5.632074e-005
 6.627812e+002  5.750803e-005
 6.634000e+002  6.570748e-005
 6.640187e+002  6.304562e-005
 6.646375e+002  6.647776e-005
 6.652562e+002  6.330590e-005
 6.658750e+002  6.647576e-005
 6.664937e+002  7.317668e-005
 6.671125e+002  6.931031e-005
 6.677312e+002  5.958107e-005
 6.683500e+002  6.311816e-005
 6.689687e+002  6.762163e-005
 6.695875e+002  6.402467e-005
 6.702062e+002  6.988417e-005
 6.708250e+002  6.536876e-005
 6.714437e+002  7.276529e-005
 6.720625e+002  6.952332e-005
 6.726812e+002  6.481979e-005
 6.733000e+002  6.447549e-005
 6.739187e+002  6.010374e-005
 6.745375e+002  5.336000e-005
 6.751562e+002  5.691434e-005
 6.757750e+002  5.792420e-005
 6.763937e+002  6.835044e-005
 6.770125e+002  6.995257e-005
 6.776312e+002  7.487715e-005
 6.782500e+002  6.769343e-005
 6.788687e+002  6.386207e-005
 6.794875e+002  5.333276e-005
 6.801062e+002  5.866250e-005
 6.807250e+002  6.427727e-005
 6.813437e+002  5.751132e-005
 6.819625e+002  6.827734e-005
 6.825812e+002  7.678086e-005
 6.832000e+002  7.133116e-005
 6.838187e+002  6.879626e-005
 6.844375e+002  7.387682e-005
 6.850562e+002  5.640885e-005
 6.856750e+002  5.931209e-005
 6.862937e+002  8.574116e-005
 6.869125e+002  7.977993e-005
 6.875312e+002  7.718084e-005
 6.881500e+002  7.587845e-005
 6.887687e+002  6.528339e-005
 6.893875e+002  6.292035e-005
 6.900062e+002  5.722607e-005
 6.906250e+002  6.582488e-005
 6.912437e+002  6.047503e-005
 6.918625e+002  7.585121e-005
 6.924812e+002  7.137275e-005
 6.931000e+002  6.012439e-005
 6.937187e+002  6.249929e-005
 6.943375e+002  7.061086e-005
 6.949562e+002  6.586722e-005
 6.955750e+002  6.154577e-005
 6.961937e+002  7.535180e-005
 6.968125e+002  8.847669e-005
 6.974312e+002  7.778651e-005
 6.980500e+002  7.224048e-005
 6.986687e+002  6.896348e-005
 6.992875e+002  6.647915e-005
 6.999062e+002  6.725609e-005
 7.005250e+002  7.037627e-005
 7.011437e+002  7.280982e-005
 7.017625e+002  6.768831e-005
 7.023812e+002  5.714637e-005
 7.030000e+002  4.304442e-005
 7.036187e+002  4.973718e-005
 7.042375e+002  7.285936e-005
 7.048562e+002  8.301149e-005
 7.054750e+002  7.616936e-005
 7.060937e+002  7.459374e-005
 7.067125e+002  8.319724e-005
 7.073312e+002  7.316582e-005
 7.079500e+002  6.280325e-005
 7.085687e+002  7.568120e-005
 7.091875e+002  7.848851e-005
 7.098062e+002  6.903267e-005
 7.104250e+002  7.381962e-005
 7.110437e+002  8.367678e-005
 7.116625e+002  7.047938e-005
 7.122812e+002  6.572857e-005
 7.129000e+002  6.642340e-005
 7.135187e+002  5.840306e-005
 7.141375e+002  5.531120e-005
 7.147562e+002  5.619110e-005
 7.153750e+002  5.859726e-005
 7.159937e+002  6.925900e-005
 7.166125e+002  6.981368e-005
 7.172312e+002  6.558277e-005
 7.178500e+002  6.276309e-005
 7.184687e+002  7.360843e-005
 7.190875e+002  7.561511e-005
 7.197062e+002  7.076841e-005
 7.203250e+002  6.337779e-005
 7.209437e+002  7.017790e-005
 7.215625e+002  6.689648e-005
 7.221812e+002  6.194107e-005
 7.228000e+002  6.694807e-005
 7.234187e+002  7.707308e-005
 7.240375e+002  7.473129e-005
 7.246562e+002  6.273932e-005
 7.252750e+002  5.356816e-005
 7.258937e+002  5.298797e-005
 7.265125e+002  6.442149e-005
 7.271312e+002  6.367666e-005
 7.277500e+002  7.077250e-005
 7.283687e+002  7.108087e-005
 7.289875e+002  6.162032e-005
 7.296062e+002  6.199455e-005
 7.302250e+002  7.016173e-005
 7.308437e+002  6.998786e-005
 7.314625e+002  6.056360e-005
 7.320812e+002  5.928162e-005
 7.327000e+002  6.225819e-005
 7.333187e+002  7.294238e-005
 7.339375e+002  7.295225e-005
 7.345562e+002  6.842978e-005
 7.351750e+002  7.483911e-005
 7.357937e+002  6.250873e-005
 7.364125e+002  6.521416e-005
 7.370312e+002  7.693136e-005
 7.376500e+002  7.073740e-005
 7.382687e+002  6.285646e-005
 7.388875e+002  5.760118e-005
 7.395062e+002  6.508537e-005
 7.401250e+002  7.074488e-005
 7.407437e+002  7.011461e-005
 7.413625e+002  7.025187e-005
 7.419812e+002  7.120791e-005
 7.426000e+002  6.774431e-005
 7.432187e+002  8.285720e-005
 7.438375e+002  7.752693e-005
 7.444562e+002  6.624109e-005
 7.450750e+002  5.188183e-005
 7.456937e+002  5.681492e-005
 7.463125e+002  7.460745e-005
 7.469312e+002  8.329692e-005
 7.475500e+002  6.006913e-005
 7.481687e+002  5.508150e-005
 7.487875e+002  7.516218e-005
 7.494062e+002  6.788983e-005
 7.500250e+002  1.013482e-004
 7.506437e+002  1.309132e-004
 7.512625e+002  8.728427e-005
 7.518812e+002  7.780750e-005
 7.525000e+002  6.269151e-005
 7.531187e+002  5.647137e-005
 7.537375e+002  5.319807e-005
 7.543562e+002  5.239788e-005
 7.549750e+002  7.232878e-005
 7.555937e+002  7.749695e-005
 7.562125e+002  6.670592e-005
 7.568312e+002  6.079314e-005
 7.574500e+002  5.951439e-005
 7.580687e+002  6.298587e-005
 7.586875e+002  7.450375e-005
 7.593062e+002  6.567390e-005
 7.599250e+002  7.148395e-005
 7.605437e+002  6.465426e-005
 7.611625e+002  6.924573e-005
 7.617812e+002  7.992673e-005
 7.624000e+002  7.211625e-005
 7.630187e+002  7.207658e-005
 7.636375e+002  6.503706e-005
 7.642562e+002  6.321262e-005
 7.648750e+002  6.404238e-005
 7.654937e+002  6.819830e-005
 7.661125e+002  6.798046e-005
 7.667312e+002  6.914717e-005
 7.673500e+002  7.286149e-005
 7.679687e+002  7.786965e-005
 7.685875e+002  6.858568e-005
 7.692062e+002  5.823749e-005
 7.698250e+002  6.310569e-005
 7.704437e+002  6.458433e-005
 7.710625e+002  7.028499e-005
 7.716812e+002  7.694039e-005
 7.723000e+002  7.199639e-005
 7.729187e+002  6.941509e-005
 7.735375e+002  6.313688e-005
 7.741562e+002  6.288642e-005
 7.747750e+002  6.357235e-005
 7.753937e+002  6.792568e-005
 7.760125e+002  7.741128e-005
 7.766312e+002  7.427526e-005
 7.772500e+002  8.412854e-005
 7.778687e+002  6.747407e-005
 7.784875e+002  7.772387e-005
 7.791062e+002  6.806905e-005
 7.797250e+002  6.610427e-005
 7.803437e+002  7.719176e-005
 7.809625e+002  8.260217e-005
 7.815812e+002  7.125493e-005
 7.822000e+002  6.143471e-005
 7.828187e+002  6.226910e-005
 7.834375e+002  6.883522e-005
 7.840562e+002  6.767605e-005
 7.846750e+002  6.278687e-005
 7.852937e+002  6.109615e-005
 7.859125e+002  6.151806e-005
 7.865312e+002  6.166502e-005
 7.871500e+002  7.732127e-005
 7.877687e+002  5.728643e-005
 7.883875e+002  6.060347e-005
 7.890062e+002  7.911308e-005
 7.896250e+002  7.298661e-005
 7.902437e+002  6.009304e-005
 7.908625e+002  5.534548e-005
 7.914812e+002  6.574483e-005
 7.921000e+002  7.131071e-005
 7.927187e+002  8.053926e-005
 7.933375e+002  7.561265e-005
 7.939562e+002  6.756555e-005
 7.945750e+002  6.539306e-005
 7.951937e+002  6.717435e-005
 7.958125e+002  6.100260e-005
 7.964312e+002  7.260485e-005
 7.970500e+002  7.915847e-005
 7.976687e+002  7.922923e-005
 7.982875e+002  7.165487e-005
 7.989062e+002  5.760810e-005
 7.995250e+002  5.219862e-005
 8.001437e+002  8.095605e-005
 8.007625e+002  8.877865e-005
 8.013812e+002  7.220751e-005
 8.020000e+002  6.245558e-005
 8.026187e+002  6.425956e-005
 8.032375e+002  7.279266e-005
 8.038562e+002  5.766269e-005
 8.044750e+002  5.215362e-005
 8.050937e+002  6.352186e-005
 8.057125e+002  6.866813e-005
 8.063312e+002  6.357958e-005
 8.069500e+002  6.898211e-005
 8.075687e+002  7.221427e-005
 8.081875e+002  7.822932e-005
 8.088062e+002  6.668046e-005
 8.094250e+002  6.778460e-005
 8.100437e+002  6.712565e-005
 8.106625e+002  6.898566e-005
 8.112812e+002  6.935895e-005
 8.119000e+002  6.434544e-005
 8.125187e+002  7.389217e-005
 8.131375e+002  6.809275e-005
 8.137562e+002  6.970002e-005
 8.143750e+002  6.337962e-005
 8.149937e+002  5.365698e-005
 8.156125e+002  6.732861e-005
 8.162312e+002  6.773202e-005
 8.168500e+002  6.932376e-005
 8.174687e+002  6.710837e-005
 8.180875e+002  6.455487e-005
 8.187062e+002  5.638008e-005
 8.193250e+002  5.440431e-005
 8.199437e+002  6.008454e-005
 8.205625e+002  6.009403e-005
 8.211812e+002  6.006859e-005
 8.218000e+002  6.302667e-005
 8.224187e+002  6.936534e-005
 8.230375e+002  6.600924e-005
 8.236562e+002  5.536442e-005
 8.242750e+002  4.869210e-005
 8.248937e+002  5.964551e-005
 8.255125e+002  6.977630e-005
 8.261312e+002  6.986283e-005
 8.267500e+002  6.974165e-005
 8.273687e+002  6.935097e-005
 8.279875e+002  6.230818e-005
 8.286062e+002  7.428271e-005
 8.292250e+002  6.692479e-005
 8.298437e+002  5.226132e-005
 8.304625e+002  6.317199e-005
 8.310812e+002  7.425128e-005
 8.317000e+002  6.629486e-005
 8.323187e+002  5.544217e-005
 8.329375e+002  5.332474e-005
 8.335562e+002  5.113798e-005
 8.341750e+002  5.477724e-005
 8.347937e+002  6.899768e-005
 8.354125e+002  6.321431e-005
 8.360312e+002  6.365150e-005
 8.366500e+002  6.281576e-005
 8.372687e+002  7.256041e-005
 8.378875e+002  7.758035e-005
 8.385062e+002  7.150491e-005
 8.391250e+002  6.553825e-005
 8.397437e+002  5.923210e-005
 8.403625e+002  6.696025e-005
 8.409812e+002  6.919586e-005
 8.416000e+002  6.670918e-005
 8.422187e+002  7.368904e-005
 8.428375e+002  6.531414e-005
 8.434562e+002  6.022358e-005
 8.440750e+002  6.610568e-005
 8.446937e+002  6.723202e-005
 8.453125e+002  6.568346e-005
 8.459312e+002  7.650826e-005
 8.465500e+002  7.818102e-005
 8.471687e+002  7.649755e-005
 8.477875e+002  7.259516e-005
 8.484062e+002  7.242106e-005
 8.490250e+002  6.152568e-005
 8.496437e+002  6.016069e-005
 8.502625e+002  1.346992e-004
 8.508812e+002  1.186284e-004
 8.515000e+002  6.518426e-005
 8.521187e+002  6.271516e-005
 8.527375e+002  6.402422e-005
 8.533562e+002  6.316183e-005
 8.539750e+002  6.129727e-005
 8.545937e+002  6.446621e-005
 8.552125e+002  6.374763e-005
 8.558312e+002  6.681320e-005
 8.564500e+002  6.767474e-005
 8.570687e+002  5.780155e-005
 8.576875e+002  5.946403e-005
 8.583062e+002  6.194264e-005
 8.589250e+002  6.534086e-005
 8.595437e+002  6.673753e-005
 8.601625e+002  6.861765e-005
 8.607812e+002  6.218324e-005
 8.614000e+002  6.927886e-005
 8.620187e+002  5.960342e-005
 8.626375e+002  5.102751e-005
 8.632562e+002  4.873399e-005
 8.638750e+002  5.145953e-005
 8.644937e+002  6.533154e-005
 8.651125e+002  6.942554e-005
 8.657312e+002  5.810924e-005
 8.663500e+002  6.262761e-005
 8.669687e+002  6.121937e-005
 8.675875e+002  5.913652e-005
 8.682062e+002  5.841169e-005
 8.688250e+002  5.474726e-005
 8.694437e+002  7.020148e-005
 8.700625e+002  6.691795e-005
 8.706812e+002  6.345676e-005
 8.713000e+002  6.809254e-005
 8.719187e+002  5.499469e-005
 8.725375e+002  5.758910e-005
 8.731562e+002  7.547189e-005
 8.737750e+002  6.575492e-005
 8.743937e+002  6.930645e-005
 8.750125e+002  6.013900e-005
 8.756312e+002  7.784412e-005
 8.762500e+002  7.843398e-005
 8.768687e+002  7.393097e-005
 8.774875e+002  7.448542e-005
 8.781062e+002  6.295556e-005
 8.787250e+002  6.330282e-005
 8.793437e+002  6.559598e-005
 8.799625e+002  6.602850e-005
 8.805812e+002  6.644534e-005
 8.812000e+002  7.721577e-005
 8.818187e+002  6.204215e-005
 8.824375e+002  6.091645e-005
 8.830562e+002  6.455229e-005
 8.836750e+002  6.848457e-005
 8.842937e+002  6.228951e-005
 8.849125e+002  7.859362e-005
 8.855312e+002  7.564436e-005
 8.861500e+002  6.102646e-005
 8.867687e+002  6.563350e-005
 8.873875e+002  7.002940e-005
 8.880062e+002  7.775288e-005
 8.886250e+002  7.126029e-005
 8.892437e+002  6.541168e-005
 8.898625e+002  6.036689e-005
 8.904812e+002  5.724040e-005
 8.911000e+002  6.692314e-005
 8.917187e+002  7.594570e-005
 8.923375e+002  7.295059e-005
 8.929562e+002  6.333022e-005
 8.935750e+002  5.121608e-005
 8.941937e+002  6.452993e-005
 8.948125e+002  6.498539e-005
 8.954312e+002  6.308547e-005
 8.960500e+002  7.367398e-005
 8.966687e+002  6.765310e-005
 8.972875e+002  5.919874e-005
 8.979062e+002  6.943981e-005
 8.985250e+002  7.521182e-005
 8.991437e+002  6.155726e-005
 8.997625e+002  6.144499e-005
 9.003812e+002  7.097169e-005
 9.010000e+002  6.096025e-005
 9.016187e+002  5.229422e-005
 9.022375e+002  6.292205e-005
 9.028562e+002  7.233383e-005
 9.034750e+002  6.800423e-005
 9.040937e+002  6.067238e-005
 9.047125e+002  5.521398e-005
 9.053312e+002  6.603548e-005
 9.059500e+002  7.299347e-005
 9.065687e+002  5.921245e-005
 9.071875e+002  5.237985e-005
 9.078062e+002  6.169015e-005
 9.084250e+002  6.746148e-005
 9.090437e+002  6.766924e-005
 9.096625e+002  6.916629e-005
 9.102812e+002  7.106362e-005
 9.109000e+002  8.326808e-005
 9.115187e+002  8.495640e-005
 9.121375e+002  8.108976e-005
 9.127562e+002  7.696573e-005
 9.133750e+002  6.965913e-005
 9.139937e+002  7.694114e-005
 9.146125e+002  8.566474e-005
 9.152312e+002  8.196555e-005
 9.158500e+002  6.622250e-005
 9.164687e+002  6.084032e-005
 9.170875e+002  5.554754e-005
 9.177062e+002  5.226026e-005
 9.183250e+002  6.362527e-005
 9.189437e+002  7.308512e-005
 9.195625e+002  6.687755e-005
 9.201812e+002  7.015136e-005
 9.208000e+002  7.180568e-005
 9.214187e+002  7.065100e-005
 9.220375e+002  6.629277e-005
 9.226562e+002  6.330485e-005
 9.232750e+002  5.684827e-005
 9.238937e+002  6.918836e-005
 9.245125e+002  7.277854e-005
 9.251312e+002  7.463974e-005
 9.257500e+002  6.741847e-005
 9.263687e+002  5.160089e-005
 9.269875e+002  5.708280e-005
 9.276062e+002  6.195406e-005
 9.282250e+002  6.777887e-005
 9.288437e+002  6.927595e-005
 9.294625e+002  6.630366e-005
 9.300812e+002  8.253796e-005
 9.307000e+002  7.554331e-005
 9.313187e+002  6.873753e-005
 9.319375e+002  7.207352e-005
 9.325562e+002  6.576095e-005
 9.331750e+002  6.656896e-005
 9.337937e+002  6.226920e-005
 9.344125e+002  6.799291e-005
 9.350312e+002  6.099890e-005
 9.356500e+002  5.334302e-005
 9.362687e+002  4.865687e-005
 9.368875e+002  6.989042e-005
 9.375062e+002  7.954711e-005
 9.381250e+002  6.922272e-005
 9.387437e+002  5.947948e-005
 9.393625e+002  7.405016e-005
 9.399812e+002  7.194853e-005
 9.406000e+002  6.979295e-005
 9.412187e+002  6.608274e-005
 9.418375e+002  6.781725e-005
 9.424562e+002  5.603656e-005
 9.430750e+002  6.332578e-005
 9.436937e+002  7.012113e-005
 9.443125e+002  6.173008e-005
 9.449312e+002  6.923403e-005
 9.455500e+002  6.611601e-005
 9.461687e+002  6.725554e-005
 9.467875e+002  7.155462e-005
 9.474062e+002  7.179144e-005
 9.480250e+002  7.231939e-005
 9.486437e+002  7.204635e-005
 9.492625e+002  6.635266e-005
 9.498812e+002  7.158522e-005
 9.505000e+002  1.064123e-004
 9.511187e+002  8.285822e-005
 9.517375e+002  5.643445e-005
 9.523562e+002  6.368093e-005
 9.529750e+002  6.066502e-005
 9.535937e+002  6.864781e-005
 9.542125e+002  7.302446e-005
 9.548312e+002  6.300703e-005
 9.554500e+002  6.867844e-005
 9.560687e+002  7.548962e-005
 9.566875e+002  7.297651e-005
 9.573062e+002  5.964653e-005
 9.579250e+002  6.545053e-005
 9.585437e+002  7.677304e-005
 9.591625e+002  5.841345e-005
 9.597812e+002  7.198428e-005
 9.604000e+002  6.686757e-005
 9.610187e+002  6.011657e-005
 9.616375e+002  5.620577e-005
 9.622562e+002  5.538001e-005
 9.628750e+002  6.382972e-005
 9.634937e+002  6.173954e-005
 9.641125e+002  6.275946e-005
 9.647312e+002  6.774821e-005
 9.653500e+002  6.702753e-005
 9.659687e+002  6.092951e-005
 9.665875e+002  6.039277e-005
 9.672062e+002  6.305771e-005
 9.678250e+002  5.943859e-005
 9.684437e+002  5.679512e-005
 9.690625e+002  6.428520e-005
 9.696812e+002  6.972589e-005
 9.703000e+002  7.609661e-005
 9.709187e+002  6.635898e-005
 9.715375e+002  6.649408e-005
 9.721562e+002  7.270275e-005
 9.727750e+002  6.062910e-005
 9.733937e+002  7.279370e-005
 9.740125e+002  7.649300e-005
 9.746312e+002  5.765449e-005
 9.752500e+002  6.134401e-005
 9.758687e+002  6.545146e-005
 9.764875e+002  6.451863e-005
 9.771062e+002  5.749399e-005
 9.777250e+002  6.968050e-005
 9.783437e+002  7.819765e-005
 9.789625e+002  7.782007e-005
 9.795812e+002  7.080357e-005
 9.802000e+002  6.250469e-005
 9.808187e+002  7.318536e-005
 9.814375e+002  6.096817e-005
 9.820562e+002  6.064369e-005
 9.826750e+002  7.028292e-005
 9.832937e+002  6.888065e-005
 9.839125e+002  7.057876e-005
 9.845312e+002  6.280721e-005
 9.851500e+002  6.529583e-005
 9.857687e+002  5.905352e-005
 9.863875e+002  6.489700e-005
 9.870062e+002  7.214955e-005
 9.876250e+002  6.008563e-005
 9.882437e+002  4.916111e-005
 9.888625e+002  5.586361e-005
 9.894812e+002  5.732621e-005
 9.901000e+002  5.703080e-005
 9.907187e+002  5.246064e-005
 9.913375e+002  7.193500e-005
 9.919562e+002  6.360490e-005
 9.925750e+002  4.592351e-005
 9.931937e+002  5.086399e-005
 9.938125e+002  7.042632e-005
 9.944312e+002  6.565900e-005
 9.950500e+002  7.533431e-005
 9.956687e+002  7.019245e-005
 9.962875e+002  6.930035e-005
 9.969062e+002  7.761762e-005
 9.975250e+002  6.807734e-005
 9.981437e+002  4.730383e-005
 9.987625e+002  5.585039e-005
 9.993812e+002  6.517018e-005
 1.000000e+003  6.747155e-005
