 1.000000e+001  6.831351e-005
 1.061875e+001  6.327385e-005
 1.123750e+001  6.890501e-005
 1.185625e+001  5.205357e-005
 1.247500e+001  5.949351e-005
 1.309375e+001  5.930691e-005
 1.371250e+001  6.054436e-005
 1.433125e+001  6.400066e-005
 1.495000e+001  6.012330e-005
 1.556875e+001  5.044055e-005
 1.618750e+001  5.662156e-005
 1.680625e+001  6.025315e-005
 1.742500e+001  5.263686e-005
 1.804375e+001  5.299652e-005
 1.866250e+001  6.149756e-005
 1.928125e+001  5.320803e-005
 1.990000e+001  5.253922e-005
 2.051875e+001  5.453846e-005
 2.113750e+001  5.735152e-005
 2.175625e+001  4.048538e-005
 2.237500e+001  4.321495e-005
 2.299375e+001  5.398005e-005
 2.361250e+001  5.834903e-005
 2.423125e+001  5.390585e-005
 2.485000e+001  5.440781e-005
 2.546875e+001  5.296334e-005
 2.608750e+001  5.188773e-005
 2.670625e+001  5.051502e-005
 2.732500e+001  5.399767e-005
 2.794375e+001  5.123099e-005
 2.856250e+001  4.386177e-005
 2.918125e+001  4.482039e-005
 2.980000e+001  4.278522e-005
 3.041875e+001  4.954866e-005
 3.103750e+001  4.595139e-005
 3.165625e+001  4.181517e-005
 3.227500e+001  5.310104e-005
 3.289375e+001  5.044473e-005
 3.351250e+001  4.344547e-005
 3.413125e+001  4.517502e-005
 3.475000e+001  4.326677e-005
 3.536875e+001  4.331118e-005
 3.598750e+001  3.740153e-005
 3.660625e+001  4.219388e-005
 3.722500e+001  4.385988e-005
 3.784375e+001  4.488588e-005
 3.846250e+001  4.844235e-005
 3.908125e+001  4.840814e-005
 3.970000e+001  5.231570e-005
 4.031875e+001  4.468622e-005
 4.093750e+001  4.544333e-005
 4.155625e+001  4.798770e-005
 4.217500e+001  3.757754e-005
 4.279375e+001  4.894234e-005
 4.341250e+001  5.408432e-005
 4.403125e+001  4.669555e-005
 4.465000e+001  3.303659e-005
 4.526875e+001  4.972446e-005
 4.588750e+001  5.009605e-005
 4.650625e+001  4.552084e-005
 4.712500e+001  4.170603e-005
 4.774375e+001  3.730083e-005
 4.836250e+001  4.270673e-005
 4.898125e+001  4.661758e-005
 4.960000e+001  4.059735e-005
 5.021875e+001  3.943290e-005
 5.083750e+001  3.888446e-005
 5.145625e+001  4.990120e-005
 5.207500e+001  4.762760e-005
 5.269375e+001  4.598869e-005
 5.331250e+001  4.519090e-005
 5.393125e+001  4.390962e-005
 5.455000e+001  4.757521e-005
 5.516875e+001  3.723223e-005
 5.578750e+001  3.685262e-005
 5.640625e+001  4.152751e-005
 5.702500e+001  3.953385e-005
 5.764375e+001  4.164072e-005
 5.826250e+001  3.724132e-005
 5.888125e+001  3.698841e-005
 5.950000e+001  3.257071e-005
 6.011875e+001  3.865986e-005
 6.073750e+001  4.233290e-005
 6.135625e+001  3.517574e-005
 6.197500e+001  3.832444e-005
 6.259375e+001  4.337250e-005
 6.321250e+001  3.909709e-005
 6.383125e+001  4.439719e-005
 6.445000e+001  3.699399e-005
 6.506875e+001  3.361010e-005
 6.568750e+001  3.254448e-005
 6.630625e+001  3.399626e-005
 6.692500e+001  3.950599e-005
 6.754375e+001  4.555896e-005
 6.816250e+001  4.447531e-005
 6.878125e+001  4.004243e-005
 6.940000e+001  3.415178e-005
 7.001875e+001  4.282100e-005
 7.063750e+001  4.148224e-005
 7.125625e+001  4.337423e-005
 7.187500e+001  3.511596e-005
 7.249375e+001  3.286618e-005
 7.311250e+001  3.878993e-005
 7.373125e+001  3.946727e-005
 7.435000e+001  3.917935e-005
 7.496875e+001  4.453274e-005
 7.558750e+001  3.609682e-005
 7.620625e+001  2.923528e-005
 7.682500e+001  3.615760e-005
 7.744375e+001  4.272901e-005
 7.806250e+001  3.759530e-005
 7.868125e+001  3.266402e-005
 7.930000e+001  3.223338e-005
 7.991875e+001  3.836921e-005
 8.053750e+001  4.336937e-005
 8.115625e+001  4.279323e-005
 8.177500e+001  3.524496e-005
 8.239375e+001  3.531063e-005
 8.301250e+001  3.152529e-005
 8.363125e+001  3.338596e-005
 8.425000e+001  3.830624e-005
 8.486875e+001  3.709009e-005
 8.548750e+001  3.361224e-005
 8.610625e+001  3.584556e-005
 8.672500e+001  3.145957e-005
 8.734375e+001  3.586230e-005
 8.796250e+001  3.817899e-005
 8.858125e+001  3.753696e-005
 8.920000e+001  3.933667e-005
 8.981875e+001  3.741843e-005
 9.043750e+001  3.674121e-005
 9.105625e+001  3.783697e-005
 9.167500e+001  3.666797e-005
 9.229375e+001  3.145823e-005
 9.291250e+001  3.141456e-005
 9.353125e+001  3.664174e-005
 9.415000e+001  4.035410e-005
 9.476875e+001  4.166361e-005
 9.538750e+001  4.203082e-005
 9.600625e+001  4.520807e-005
 9.662500e+001  4.584580e-005
 9.724375e+001  3.412321e-005
 9.786250e+001  3.569406e-005
 9.848125e+001  4.224799e-005
 9.910000e+001  3.715954e-005
 9.971875e+001  3.863978e-005
 1.003375e+002  3.629454e-005
 1.009563e+002  3.628886e-005
 1.015750e+002  4.503938e-005
 1.021938e+002  3.697101e-005
 1.028125e+002  3.480080e-005
 1.034313e+002  3.546095e-005
 1.040500e+002  3.154585e-005
 1.046688e+002  3.708006e-005
 1.052875e+002  3.630206e-005
 1.059063e+002  3.263389e-005
 1.065250e+002  3.455302e-005
 1.071438e+002  3.600990e-005
 1.077625e+002  3.572101e-005
 1.083813e+002  3.841848e-005
 1.090000e+002  3.607401e-005
 1.096188e+002  3.661432e-005
 1.102375e+002  4.280849e-005
 1.108563e+002  3.917533e-005
 1.114750e+002  3.311709e-005
 1.120938e+002  3.371537e-005
 1.127125e+002  3.556523e-005
 1.133313e+002  3.983665e-005
 1.139500e+002  3.835605e-005
 1.145688e+002  3.582796e-005
 1.151875e+002  3.677307e-005
 1.158063e+002  3.251386e-005
 1.164250e+002  3.436157e-005
 1.170438e+002  3.705006e-005
 1.176625e+002  4.032374e-005
 1.182813e+002  3.872799e-005
 1.189000e+002  4.188440e-005
 1.195188e+002  4.120219e-005
 1.201375e+002  3.755645e-005
 1.207563e+002  3.088078e-005
 1.213750e+002  3.085476e-005
 1.219938e+002  3.305237e-005
 1.226125e+002  4.240671e-005
 1.232313e+002  3.410390e-005
 1.238500e+002  3.406948e-005
 1.244688e+002  3.573061e-005
 1.250875e+002  4.075346e-005
 1.257063e+002  3.625251e-005
 1.263250e+002  3.587011e-005
 1.269438e+002  3.937459e-005
 1.275625e+002  3.744898e-005
 1.281813e+002  3.272692e-005
 1.288000e+002  3.434257e-005
 1.294188e+002  3.651676e-005
 1.300375e+002  3.262680e-005
 1.306563e+002  2.916139e-005
 1.312750e+002  3.213529e-005
 1.318938e+002  3.403638e-005
 1.325125e+002  2.688950e-005
 1.331313e+002  3.047058e-005
 1.337500e+002  3.071704e-005
 1.343688e+002  3.284445e-005
 1.349875e+002  3.485562e-005
 1.356063e+002  3.304685e-005
 1.362250e+002  3.546542e-005
 1.368438e+002  2.978446e-005
 1.374625e+002  2.834243e-005
 1.380813e+002  2.714566e-005
 1.387000e+002  3.077208e-005
 1.393188e+002  2.928061e-005
 1.399375e+002  2.451525e-005
 1.405563e+002  3.072921e-005
 1.411750e+002  3.035542e-005
 1.417938e+002  3.295203e-005
 1.424125e+002  3.328846e-005
 1.430313e+002  2.877986e-005
 1.436500e+002  3.367462e-005
 1.442688e+002  3.470305e-005
 1.448875e+002  3.039461e-005
 1.455063e+002  3.049050e-005
 1.461250e+002  3.527885e-005
 1.467438e+002  3.266426e-005
 1.473625e+002  2.772974e-005
 1.479813e+002  3.115208e-005
 1.486000e+002  3.168671e-005
 1.492188e+002  3.734414e-005
 1.498375e+002  3.702910e-005
 1.504563e+002  3.193067e-005
 1.510750e+002  3.380825e-005
 1.516938e+002  3.124723e-005
 1.523125e+002  2.911927e-005
 1.529313e+002  2.852036e-005
 1.535500e+002  2.588452e-005
 1.541688e+002  3.336644e-005
 1.547875e+002  2.953839e-005
 1.554063e+002  2.732469e-005
 1.560250e+002  3.437758e-005
 1.566438e+002  2.914004e-005
 1.572625e+002  2.424815e-005
 1.578813e+002  2.702168e-005
 1.585000e+002  2.857450e-005
 1.591188e+002  2.633087e-005
 1.597375e+002  3.455603e-005
 1.603563e+002  4.195478e-005
 1.609750e+002  3.940361e-005
 1.615938e+002  3.033617e-005
 1.622125e+002  3.205926e-005
 1.628313e+002  3.040568e-005
 1.634500e+002  2.642357e-005
 1.640688e+002  3.210472e-005
 1.646875e+002  3.183032e-005
 1.653063e+002  3.371928e-005
 1.659250e+002  3.495294e-005
 1.665438e+002  2.673051e-005
 1.671625e+002  3.115220e-005
 1.677813e+002  3.175045e-005
 1.684000e+002  3.192527e-005
 1.690188e+002  3.337598e-005
 1.696375e+002  3.458264e-005
 1.702563e+002  3.354642e-005
 1.708750e+002  3.435013e-005
 1.714938e+002  3.087489e-005
 1.721125e+002  2.871954e-005
 1.727313e+002  2.913998e-005
 1.733500e+002  3.144960e-005
 1.739688e+002  3.725724e-005
 1.745875e+002  3.338071e-005
 1.752063e+002  3.371695e-005
 1.758250e+002  3.311753e-005
 1.764438e+002  3.261778e-005
 1.770625e+002  3.272206e-005
 1.776813e+002  2.870182e-005
 1.783000e+002  2.955207e-005
 1.789188e+002  3.342323e-005
 1.795375e+002  3.589832e-005
 1.801563e+002  3.893475e-005
 1.807750e+002  3.125265e-005
 1.813938e+002  3.343485e-005
 1.820125e+002  3.339820e-005
 1.826313e+002  2.357878e-005
 1.832500e+002  2.703603e-005
 1.838688e+002  2.911977e-005
 1.844875e+002  2.531455e-005
 1.851063e+002  2.360605e-005
 1.857250e+002  2.816303e-005
 1.863438e+002  2.462509e-005
 1.869625e+002  3.047085e-005
 1.875813e+002  3.138681e-005
 1.882000e+002  3.025590e-005
 1.888188e+002  2.657122e-005
 1.894375e+002  2.526121e-005
 1.900563e+002  2.591245e-005
 1.906750e+002  3.019985e-005
 1.912938e+002  2.993419e-005
 1.919125e+002  2.985308e-005
 1.925313e+002  2.864422e-005
 1.931500e+002  3.162909e-005
 1.937688e+002  3.114564e-005
 1.943875e+002  3.311092e-005
 1.950063e+002  3.022217e-005
 1.956250e+002  3.282308e-005
 1.962438e+002  3.002514e-005
 1.968625e+002  2.906682e-005
 1.974813e+002  2.560894e-005
 1.981000e+002  2.785462e-005
 1.987188e+002  3.131777e-005
 1.993375e+002  2.668274e-005
 1.999563e+002  2.744391e-005
 2.005750e+002  2.972914e-005
 2.011938e+002  2.871977e-005
 2.018125e+002  3.189344e-005
 2.024313e+002  3.126513e-005
 2.030500e+002  3.013366e-005
 2.036688e+002  2.766256e-005
 2.042875e+002  2.212642e-005
 2.049063e+002  3.382221e-005
 2.055250e+002  3.624293e-005
 2.061438e+002  2.920564e-005
 2.067625e+002  3.095943e-005
 2.073813e+002  2.647886e-005
 2.080000e+002  2.471054e-005
 2.086188e+002  2.555898e-005
 2.092375e+002  2.733681e-005
 2.098563e+002  2.658597e-005
 2.104750e+002  3.087661e-005
 2.110938e+002  2.965304e-005
 2.117125e+002  2.484112e-005
 2.123313e+002  2.651127e-005
 2.129500e+002  3.159678e-005
 2.135688e+002  2.831507e-005
 2.141875e+002  2.743709e-005
 2.148063e+002  2.761712e-005
 2.154250e+002  2.733655e-005
 2.160438e+002  2.327672e-005
 2.166625e+002  3.163990e-005
 2.172813e+002  3.476459e-005
 2.179000e+002  2.846064e-005
 2.185188e+002  2.870667e-005
 2.191375e+002  3.043847e-005
 2.197563e+002  2.465675e-005
 2.203750e+002  2.565258e-005
 2.209938e+002  1.926218e-005
 2.216125e+002  2.491415e-005
 2.222313e+002  3.137386e-005
 2.228500e+002  3.326731e-005
 2.234688e+002  2.886924e-005
 2.240875e+002  2.590399e-005
 2.247063e+002  3.054600e-005
 2.253250e+002  3.240599e-005
 2.259438e+002  3.040886e-005
 2.265625e+002  2.926857e-005
 2.271813e+002  3.161275e-005
 2.278000e+002  2.722829e-005
 2.284188e+002  2.870354e-005
 2.290375e+002  3.195555e-005
 2.296563e+002  3.152831e-005
 2.302750e+002  2.972575e-005
 2.308938e+002  3.039487e-005
 2.315125e+002  3.020729e-005
 2.321313e+002  2.622010e-005
 2.327500e+002  3.016131e-005
 2.333688e+002  2.676556e-005
 2.339875e+002  2.680578e-005
 2.346063e+002  2.971894e-005
 2.352250e+002  2.848654e-005
 2.358438e+002  2.845040e-005
 2.364625e+002  2.719388e-005
 2.370813e+002  3.387643e-005
 2.377000e+002  3.084501e-005
 2.383188e+002  2.368017e-005
 2.389375e+002  2.118599e-005
 2.395563e+002  2.538889e-005
 2.401750e+002  3.197152e-005
 2.407938e+002  2.975694e-005
 2.414125e+002  2.983170e-005
 2.420313e+002  3.170323e-005
 2.426500e+002  2.658306e-005
 2.432688e+002  2.766775e-005
 2.438875e+002  3.101193e-005
 2.445063e+002  2.937330e-005
 2.451250e+002  2.810431e-005
 2.457438e+002  2.757338e-005
 2.463625e+002  2.899744e-005
 2.469813e+002  3.297245e-005
 2.476000e+002  3.209197e-005
 2.482188e+002  2.477339e-005
 2.488375e+002  2.782257e-005
 2.494563e+002  2.615288e-005
 2.500750e+002  2.572457e-005
 2.506938e+002  2.606168e-005
 2.513125e+002  2.335132e-005
 2.519313e+002  2.251370e-005
 2.525500e+002  2.474111e-005
 2.531688e+002  2.625351e-005
 2.537875e+002  2.179717e-005
 2.544063e+002  2.205088e-005
 2.550250e+002  2.803996e-005
 2.556438e+002  2.688581e-005
 2.562625e+002  2.799449e-005
 2.568813e+002  2.533794e-005
 2.575000e+002  2.374041e-005
 2.581188e+002  2.866781e-005
 2.587375e+002  2.729247e-005
 2.593563e+002  3.038085e-005
 2.599750e+002  2.842140e-005
 2.605938e+002  2.656560e-005
 2.612125e+002  2.705043e-005
 2.618313e+002  2.462090e-005
 2.624500e+002  2.222941e-005
 2.630688e+002  2.438730e-005
 2.636875e+002  2.413862e-005
 2.643063e+002  2.634934e-005
 2.649250e+002  2.868616e-005
 2.655438e+002  2.986755e-005
 2.661625e+002  2.710364e-005
 2.667813e+002  2.192343e-005
 2.674000e+002  2.798145e-005
 2.680188e+002  3.035058e-005
 2.686375e+002  2.711574e-005
 2.692563e+002  2.776141e-005
 2.698750e+002  2.398915e-005
 2.704938e+002  2.283779e-005
 2.711125e+002  2.663786e-005
 2.717313e+002  2.561793e-005
 2.723500e+002  2.767673e-005
 2.729688e+002  2.437085e-005
 2.735875e+002  2.761293e-005
 2.742063e+002  2.514597e-005
 2.748250e+002  2.761243e-005
 2.754438e+002  3.375483e-005
 2.760625e+002  2.681165e-005
 2.766813e+002  2.218850e-005
 2.773000e+002  2.580492e-005
 2.779188e+002  2.396348e-005
 2.785375e+002  2.343938e-005
 2.791563e+002  2.630595e-005
 2.797750e+002  2.919631e-005
 2.803938e+002  2.752880e-005
 2.810125e+002  2.271005e-005
 2.816313e+002  2.281715e-005
 2.822500e+002  2.487937e-005
 2.828688e+002  2.441804e-005
 2.834875e+002  2.264260e-005
 2.841063e+002  2.275904e-005
 2.847250e+002  2.297858e-005
 2.853438e+002  2.830058e-005
 2.859625e+002  2.601361e-005
 2.865813e+002  2.666689e-005
 2.872000e+002  3.121850e-005
 2.878188e+002  3.002257e-005
 2.884375e+002  2.148135e-005
 2.890563e+002  2.343494e-005
 2.896750e+002  2.495881e-005
 2.902938e+002  2.394477e-005
 2.909125e+002  2.299079e-005
 2.915313e+002  2.351796e-005
 2.921500e+002  2.683882e-005
 2.927688e+002  2.507549e-005
 2.933875e+002  2.586206e-005
 2.940063e+002  2.668887e-005
 2.946250e+002  2.572657e-005
 2.952438e+002  2.829439e-005
 2.958625e+002  2.886502e-005
 2.964813e+002  2.813469e-005
 2.971000e+002  2.679401e-005
 2.977188e+002  3.257923e-005
 2.983375e+002  3.108255e-005
 2.989563e+002  2.610511e-005
 2.995750e+002  2.288956e-005
 3.001938e+002  2.575094e-005
 3.008125e+002  2.465230e-005
 3.014313e+002  2.587602e-005
 3.020500e+002  2.377945e-005
 3.026688e+002  2.464867e-005
 3.032875e+002  3.083347e-005
 3.039063e+002  3.333747e-005
 3.045250e+002  2.902589e-005
 3.051438e+002  2.354573e-005
 3.057625e+002  2.232053e-005
 3.063813e+002  2.418110e-005
 3.070000e+002  1.921481e-005
 3.076188e+002  2.266981e-005
 3.082375e+002  2.488801e-005
 3.088563e+002  2.574924e-005
 3.094750e+002  2.805216e-005
 3.100938e+002  2.543742e-005
 3.107125e+002  2.458944e-005
 3.113313e+002  2.274706e-005
 3.119500e+002  2.679354e-005
 3.125688e+002  2.663623e-005
 3.131875e+002  2.662461e-005
 3.138063e+002  2.286284e-005
 3.144250e+002  2.913408e-005
 3.150437e+002  2.985868e-005
 3.156625e+002  2.196280e-005
 3.162812e+002  2.687568e-005
 3.169000e+002  2.515277e-005
 3.175187e+002  2.387500e-005
 3.181375e+002  2.618373e-005
 3.187562e+002  2.233812e-005
 3.193750e+002  1.826706e-005
 3.199937e+002  2.009285e-005
 3.206125e+002  2.291272e-005
 3.212312e+002  2.250425e-005
 3.218500e+002  2.185359e-005
 3.224687e+002  2.495651e-005
 3.230875e+002  2.089379e-005
 3.237062e+002  2.140448e-005
 3.243250e+002  2.703693e-005
 3.249437e+002  2.580766e-005
 3.255625e+002  2.278911e-005
 3.261812e+002  2.222783e-005
 3.268000e+002  2.199715e-005
 3.274187e+002  2.406531e-005
 3.280375e+002  2.455574e-005
 3.286562e+002  2.260264e-005
 3.292750e+002  2.322041e-005
 3.298937e+002  2.323983e-005
 3.305125e+002  2.395418e-005
 3.311312e+002  2.267779e-005
 3.317500e+002  1.985271e-005
 3.323687e+002  2.301531e-005
 3.329875e+002  2.263336e-005
 3.336062e+002  2.355779e-005
 3.342250e+002  2.650387e-005
 3.348437e+002  2.790912e-005
 3.354625e+002  2.567175e-005
 3.360812e+002  2.452132e-005
 3.367000e+002  2.436397e-005
 3.373187e+002  2.562943e-005
 3.379375e+002  2.170158e-005
 3.385562e+002  2.233120e-005
 3.391750e+002  2.664985e-005
 3.397937e+002  2.184048e-005
 3.404125e+002  2.135281e-005
 3.410312e+002  2.125246e-005
 3.416500e+002  1.829977e-005
 3.422687e+002  2.266122e-005
 3.428875e+002  2.485146e-005
 3.435062e+002  2.828027e-005
 3.441250e+002  2.562506e-005
 3.447437e+002  2.380821e-005
 3.453625e+002  2.633341e-005
 3.459812e+002  2.626277e-005
 3.466000e+002  2.207128e-005
 3.472187e+002  2.305875e-005
 3.478375e+002  2.186610e-005
 3.484562e+002  2.214471e-005
 3.490750e+002  2.455603e-005
 3.496937e+002  2.435643e-005
 3.503125e+002  2.193866e-005
 3.509312e+002  2.303949e-005
 3.515500e+002  1.876247e-005
 3.521687e+002  1.944217e-005
 3.527875e+002  2.822436e-005
 3.534062e+002  2.326731e-005
 3.540250e+002  2.070930e-005
 3.546437e+002  1.950711e-005
 3.552625e+002  1.725660e-005
 3.558812e+002  2.053175e-005
 3.565000e+002  2.449951e-005
 3.571187e+002  2.448455e-005
 3.577375e+002  2.420982e-005
 3.583562e+002  2.391172e-005
 3.589750e+002  2.075014e-005
 3.595937e+002  2.027279e-005
 3.602125e+002  1.838594e-005
 3.608312e+002  2.261646e-005
 3.614500e+002  2.268969e-005
 3.620687e+002  1.985884e-005
 3.626875e+002  2.070590e-005
 3.633062e+002  2.220560e-005
 3.639250e+002  2.359897e-005
 3.645437e+002  2.389859e-005
 3.651625e+002  2.336684e-005
 3.657812e+002  2.078542e-005
 3.664000e+002  2.501032e-005
 3.670187e+002  2.354225e-005
 3.676375e+002  2.400076e-005
 3.682562e+002  2.511529e-005
 3.688750e+002  2.409417e-005
 3.694937e+002  2.085358e-005
 3.701125e+002  2.482339e-005
 3.707312e+002  2.494511e-005
 3.713500e+002  2.161824e-005
 3.719687e+002  2.351748e-005
 3.725875e+002  2.108840e-005
 3.732062e+002  2.381942e-005
 3.738250e+002  2.222305e-005
 3.744437e+002  1.993949e-005
 3.750625e+002  1.979431e-005
 3.756812e+002  2.316456e-005
 3.763000e+002  2.413432e-005
 3.769187e+002  1.945935e-005
 3.775375e+002  2.098480e-005
 3.781562e+002  2.511748e-005
 3.787750e+002  2.333086e-005
 3.793937e+002  2.035515e-005
 3.800125e+002  1.930397e-005
 3.806312e+002  2.215181e-005
 3.812500e+002  2.035243e-005
 3.818687e+002  2.022003e-005
 3.824875e+002  2.134099e-005
 3.831062e+002  2.422903e-005
 3.837250e+002  2.382104e-005
 3.843437e+002  2.240054e-005
 3.849625e+002  2.014635e-005
 3.855812e+002  1.801981e-005
 3.862000e+002  1.804986e-005
 3.868187e+002  1.844982e-005
 3.874375e+002  1.829294e-005
 3.880562e+002  2.144517e-005
 3.886750e+002  2.326517e-005
 3.892937e+002  2.223521e-005
 3.899125e+002  1.928173e-005
 3.905312e+002  2.306255e-005
 3.911500e+002  2.504596e-005
 3.917687e+002  2.138305e-005
 3.923875e+002  2.146195e-005
 3.930062e+002  2.197826e-005
 3.936250e+002  2.018358e-005
 3.942437e+002  2.085101e-005
 3.948625e+002  2.182544e-005
 3.954812e+002  2.026367e-005
 3.961000e+002  2.283434e-005
 3.967187e+002  2.270158e-005
 3.973375e+002  1.757055e-005
 3.979562e+002  2.205931e-005
 3.985750e+002  2.321708e-005
 3.991937e+002  2.261775e-005
 3.998125e+002  2.049626e-005
 4.004312e+002  2.315817e-005
 4.010500e+002  2.107107e-005
 4.016687e+002  1.769801e-005
 4.022875e+002  1.817216e-005
 4.029062e+002  2.127044e-005
 4.035250e+002  2.205451e-005
 4.041437e+002  2.140245e-005
 4.047625e+002  1.857736e-005
 4.053812e+002  2.219556e-005
 4.060000e+002  2.185998e-005
 4.066187e+002  1.901919e-005
 4.072375e+002  1.996201e-005
 4.078562e+002  2.000252e-005
 4.084750e+002  2.109353e-005
 4.090937e+002  1.736305e-005
 4.097125e+002  1.931438e-005
 4.103312e+002  2.017064e-005
 4.109500e+002  2.353527e-005
 4.115687e+002  2.601415e-005
 4.121875e+002  2.309662e-005
 4.128062e+002  2.098725e-005
 4.134250e+002  1.820191e-005
 4.140437e+002  1.713316e-005
 4.146625e+002  1.921576e-005
 4.152812e+002  2.044310e-005
 4.159000e+002  2.153138e-005
 4.165187e+002  1.686225e-005
 4.171375e+002  1.723208e-005
 4.177562e+002  2.100344e-005
 4.183750e+002  2.145051e-005
 4.189937e+002  2.054316e-005
 4.196125e+002  1.743877e-005
 4.202312e+002  1.826569e-005
 4.208500e+002  1.977545e-005
 4.214687e+002  1.793066e-005
 4.220875e+002  2.167231e-005
 4.227062e+002  2.155930e-005
 4.233250e+002  2.319939e-005
 4.239437e+002  2.062439e-005
 4.245625e+002  2.015821e-005
 4.251812e+002  1.813499e-005
 4.258000e+002  1.651912e-005
 4.264187e+002  1.921975e-005
 4.270375e+002  2.054349e-005
 4.276562e+002  1.827051e-005
 4.282750e+002  2.082364e-005
 4.288937e+002  2.112489e-005
 4.295125e+002  1.972601e-005
 4.301312e+002  2.098985e-005
 4.307500e+002  2.032275e-005
 4.313687e+002  2.144984e-005
 4.319875e+002  2.494035e-005
 4.326062e+002  2.425429e-005
 4.332250e+002  2.306643e-005
 4.338437e+002  2.138431e-005
 4.344625e+002  2.012659e-005
 4.350812e+002  1.936491e-005
 4.357000e+002  1.942110e-005
 4.363187e+002  1.864838e-005
 4.369375e+002  1.953937e-005
 4.375562e+002  2.084913e-005
 4.381750e+002  2.375675e-005
 4.387937e+002  2.357104e-005
 4.394125e+002  2.153701e-005
 4.400312e+002  1.669446e-005
 4.406500e+002  2.128032e-005
 4.412687e+002  2.202046e-005
 4.418875e+002  1.784221e-005
 4.425062e+002  1.707819e-005
 4.431250e+002  1.868559e-005
 4.437437e+002  1.754376e-005
 4.443625e+002  1.626326e-005
 4.449812e+002  2.150640e-005
 4.456000e+002  2.175187e-005
 4.462187e+002  2.346269e-005
 4.468375e+002  2.370896e-005
 4.474562e+002  2.266540e-005
 4.480750e+002  1.780443e-005
 4.486937e+002  1.720494e-005
 4.493125e+002  1.633790e-005
 4.499312e+002  1.899859e-005
 4.505500e+002  2.042077e-005
 4.511687e+002  1.776203e-005
 4.517875e+002  1.987556e-005
 4.524062e+002  1.979022e-005
 4.530250e+002  1.834564e-005
 4.536437e+002  1.648065e-005
 4.542625e+002  1.544184e-005
 4.548812e+002  1.804974e-005
 4.555000e+002  2.068329e-005
 4.561187e+002  1.852267e-005
 4.567375e+002  2.115165e-005
 4.573562e+002  1.931647e-005
 4.579750e+002  1.704310e-005
 4.585937e+002  1.684920e-005
 4.592125e+002  1.738372e-005
 4.598312e+002  1.935246e-005
 4.604500e+002  1.699818e-005
 4.610687e+002  1.582951e-005
 4.616875e+002  1.784153e-005
 4.623062e+002  1.741297e-005
 4.629250e+002  1.937780e-005
 4.635437e+002  1.975997e-005
 4.641625e+002  1.818832e-005
 4.647812e+002  1.669191e-005
 4.654000e+002  1.734580e-005
 4.660187e+002  2.119288e-005
 4.666375e+002  1.655841e-005
 4.672562e+002  1.720507e-005
 4.678750e+002  1.801778e-005
 4.684937e+002  2.341137e-005
 4.691125e+002  2.242138e-005
 4.697312e+002  1.992502e-005
 4.703500e+002  2.015530e-005
 4.709687e+002  1.730175e-005
 4.715875e+002  1.862214e-005
 4.722062e+002  1.884076e-005
 4.728250e+002  1.940959e-005
 4.734437e+002  2.017028e-005
 4.740625e+002  1.952105e-005
 4.746812e+002  2.124992e-005
 4.753000e+002  2.085272e-005
 4.759187e+002  1.901068e-005
 4.765375e+002  1.871402e-005
 4.771562e+002  1.635899e-005
 4.777750e+002  1.969827e-005
 4.783937e+002  1.826822e-005
 4.790125e+002  1.661190e-005
 4.796312e+002  1.618327e-005
 4.802500e+002  1.895084e-005
 4.808687e+002  2.026551e-005
 4.814875e+002  1.834966e-005
 4.821062e+002  1.781849e-005
 4.827250e+002  1.935486e-005
 4.833437e+002  1.744605e-005
 4.839625e+002  1.884852e-005
 4.845812e+002  1.721518e-005
 4.852000e+002  2.012946e-005
 4.858187e+002  1.892338e-005
 4.864375e+002  1.863915e-005
 4.870562e+002  1.812054e-005
 4.876750e+002  1.704825e-005
 4.882937e+002  1.725307e-005
 4.889125e+002  1.715572e-005
 4.895312e+002  2.008455e-005
 4.901500e+002  1.937252e-005
 4.907687e+002  1.751903e-005
 4.913875e+002  1.726229e-005
 4.920062e+002  1.922893e-005
 4.926250e+002  1.691646e-005
 4.932437e+002  1.618203e-005
 4.938625e+002  1.845851e-005
 4.944812e+002  1.814437e-005
 4.951000e+002  1.972551e-005
 4.957187e+002  1.901635e-005
 4.963375e+002  2.064247e-005
 4.969562e+002  1.882397e-005
 4.975750e+002  1.764001e-005
 4.981937e+002  1.987488e-005
 4.988125e+002  1.816864e-005
 4.994312e+002  2.022502e-005
 5.000500e+002  1.890839e-005
 5.006687e+002  1.839987e-005
 5.012875e+002  1.837113e-005
 5.019062e+002  1.721172e-005
 5.025250e+002  1.867077e-005
 5.031437e+002  2.046676e-005
 5.037625e+002  1.717285e-005
 5.043812e+002  1.627279e-005
 5.050000e+002  1.883713e-005
 5.056187e+002  1.705975e-005
 5.062375e+002  1.763639e-005
 5.068562e+002  2.040451e-005
 5.074750e+002  1.955973e-005
 5.080937e+002  1.719241e-005
 5.087125e+002  1.685629e-005
 5.093312e+002  1.825455e-005
 5.099500e+002  1.709478e-005
 5.105687e+002  1.637784e-005
 5.111875e+002  1.772210e-005
 5.118062e+002  1.821714e-005
 5.124250e+002  1.621462e-005
 5.130437e+002  1.705073e-005
 5.136625e+002  1.935249e-005
 5.142812e+002  1.879045e-005
 5.149000e+002  1.835131e-005
 5.155187e+002  1.779847e-005
 5.161375e+002  1.945591e-005
 5.167562e+002  1.863528e-005
 5.173750e+002  1.939287e-005
 5.179937e+002  1.847868e-005
 5.186125e+002  1.731486e-005
 5.192312e+002  1.714332e-005
 5.198500e+002  1.633808e-005
 5.204687e+002  1.800399e-005
 5.210875e+002  1.743177e-005
 5.217062e+002  1.666088e-005
 5.223250e+002  1.805021e-005
 5.229437e+002  1.788064e-005
 5.235625e+002  1.440507e-005
 5.241812e+002  1.593777e-005
 5.248000e+002  1.569765e-005
 5.254187e+002  1.429792e-005
 5.260375e+002  1.981162e-005
 5.266562e+002  2.193625e-005
 5.272750e+002  2.061561e-005
 5.278937e+002  1.593655e-005
 5.285125e+002  1.371399e-005
 5.291312e+002  1.627514e-005
 5.297500e+002  1.570435e-005
 5.303687e+002  1.451487e-005
 5.309875e+002  1.627427e-005
 5.316062e+002  1.611706e-005
 5.322250e+002  1.863526e-005
 5.328437e+002  2.117084e-005
 5.334625e+002  2.279835e-005
 5.340812e+002  1.705572e-005
 5.347000e+002  1.498875e-005
 5.353187e+002  1.495541e-005
 5.359375e+002  1.454257e-005
 5.365562e+002  1.400497e-005
 5.371750e+002  1.504833e-005
 5.377937e+002  1.573600e-005
 5.384125e+002  1.918507e-005
 5.390312e+002  1.853130e-005
 5.396500e+002  1.698659e-005
 5.402687e+002  1.860974e-005
 5.408875e+002  1.953026e-005
 5.415062e+002  1.825215e-005
 5.421250e+002  1.953052e-005
 5.427437e+002  1.712025e-005
 5.433625e+002  1.648367e-005
 5.439812e+002  1.650413e-005
 5.446000e+002  1.601364e-005
 5.452187e+002  1.650716e-005
 5.458375e+002  1.375814e-005
 5.464562e+002  1.365370e-005
 5.470750e+002  1.485711e-005
 5.476937e+002  1.481627e-005
 5.483125e+002  1.789890e-005
 5.489312e+002  1.844835e-005
 5.495500e+002  1.692691e-005
 5.501687e+002  1.771059e-005
 5.507875e+002  1.759837e-005
 5.514062e+002  1.782963e-005
 5.520250e+002  1.986343e-005
 5.526437e+002  2.037030e-005
 5.532625e+002  1.802761e-005
 5.538812e+002  1.686862e-005
 5.545000e+002  1.669825e-005
 5.551187e+002  1.825463e-005
 5.557375e+002  1.710973e-005
 5.563562e+002  1.747578e-005
 5.569750e+002  1.828071e-005
 5.575937e+002  1.595357e-005
 5.582125e+002  1.468967e-005
 5.588312e+002  1.799907e-005
 5.594500e+002  1.880622e-005
 5.600687e+002  1.965953e-005
 5.606875e+002  1.976451e-005
 5.613062e+002  1.585614e-005
 5.619250e+002  1.490662e-005
 5.625437e+002  1.719528e-005
 5.631625e+002  1.785037e-005
 5.637812e+002  1.806939e-005
 5.644000e+002  1.756666e-005
 5.650187e+002  1.350607e-005
 5.656375e+002  1.565044e-005
 5.662562e+002  1.675265e-005
 5.668750e+002  1.510614e-005
 5.674937e+002  1.490209e-005
 5.681125e+002  1.350297e-005
 5.687312e+002  1.543684e-005
 5.693500e+002  1.459971e-005
 5.699687e+002  1.800222e-005
 5.705875e+002  1.801240e-005
 5.712062e+002  1.567231e-005
 5.718250e+002  1.749021e-005
 5.724437e+002  1.642559e-005
 5.730625e+002  1.659451e-005
 5.736812e+002  1.482464e-005
 5.743000e+002  1.516861e-005
 5.749187e+002  1.707993e-005
 5.755375e+002  1.464878e-005
 5.761562e+002  1.430907e-005
 5.767750e+002  1.399572e-005
 5.773937e+002  1.609173e-005
 5.780125e+002  1.709128e-005
 5.786312e+002  1.544636e-005
 5.792500e+002  1.617132e-005
 5.798687e+002  1.767148e-005
 5.804875e+002  1.740385e-005
 5.811062e+002  1.370755e-005
 5.817250e+002  1.364887e-005
 5.823437e+002  1.481583e-005
 5.829625e+002  1.468697e-005
 5.835812e+002  1.425934e-005
 5.842000e+002  1.668718e-005
 5.848187e+002  1.688525e-005
 5.854375e+002  1.493972e-005
 5.860562e+002  1.569198e-005
 5.866750e+002  1.709443e-005
 5.872937e+002  1.406982e-005
 5.879125e+002  1.738715e-005
 5.885312e+002  1.724047e-005
 5.891500e+002  1.645644e-005
 5.897687e+002  1.519805e-005
 5.903875e+002  1.500445e-005
 5.910062e+002  1.654704e-005
 5.916250e+002  1.740257e-005
 5.922437e+002  1.731764e-005
 5.928625e+002  1.557656e-005
 5.934812e+002  1.386294e-005
 5.941000e+002  1.545733e-005
 5.947187e+002  1.547662e-005
 5.953375e+002  1.495665e-005
 5.959562e+002  1.586989e-005
 5.965750e+002  1.513568e-005
 5.971937e+002  1.627717e-005
 5.978125e+002  1.273525e-005
 5.984312e+002  1.402245e-005
 5.990500e+002  1.651987e-005
 5.996687e+002  1.548996e-005
 6.002875e+002  1.379888e-005
 6.009062e+002  1.339215e-005
 6.015250e+002  1.449816e-005
 6.021437e+002  1.507641e-005
 6.027625e+002  1.468521e-005
 6.033812e+002  1.569416e-005
 6.040000e+002  1.582463e-005
 6.046187e+002  1.604466e-005
 6.052375e+002  1.526422e-005
 6.058562e+002  1.484720e-005
 6.064750e+002  1.386195e-005
 6.070937e+002  1.162314e-005
 6.077125e+002  1.253793e-005
 6.083312e+002  1.421112e-005
 6.089500e+002  1.541184e-005
 6.095687e+002  1.644289e-005
 6.101875e+002  1.777561e-005
 6.108062e+002  1.766596e-005
 6.114250e+002  1.524228e-005
 6.120437e+002  1.569538e-005
 6.126625e+002  1.470611e-005
 6.132812e+002  1.435689e-005
 6.139000e+002  1.341175e-005
 6.145187e+002  1.402452e-005
 6.151375e+002  1.413422e-005
 6.157562e+002  1.600237e-005
 6.163750e+002  1.511772e-005
 6.169937e+002  1.301190e-005
 6.176125e+002  1.489273e-005
 6.182312e+002  1.556677e-005
 6.188500e+002  1.693456e-005
 6.194687e+002  1.679238e-005
 6.200875e+002  1.470585e-005
 6.207062e+002  1.492277e-005
 6.213250e+002  1.464688e-005
 6.219437e+002  1.498925e-005
 6.225625e+002  1.450897e-005
 6.231812e+002  1.345532e-005
 6.238000e+002  1.392986e-005
 6.244187e+002  1.768495e-005
 6.250375e+002  1.675135e-005
 6.256562e+002  1.481615e-005
 6.262750e+002  1.536843e-005
 6.268937e+002  1.737089e-005
 6.275125e+002  1.871465e-005
 6.281312e+002  1.598555e-005
 6.287500e+002  1.545902e-005
 6.293687e+002  1.531641e-005
 6.299875e+002  1.648488e-005
 6.306062e+002  1.728396e-005
 6.312250e+002  1.636045e-005
 6.318437e+002  1.821052e-005
 6.324625e+002  1.806879e-005
 6.330812e+002  1.729220e-005
 6.337000e+002  1.294681e-005
 6.343187e+002  1.626030e-005
 6.349375e+002  1.617625e-005
 6.355562e+002  1.626676e-005
 6.361750e+002  1.809781e-005
 6.367937e+002  1.616776e-005
 6.374125e+002  1.569744e-005
 6.380312e+002  1.759827e-005
 6.386500e+002  1.562555e-005
 6.392687e+002  1.456849e-005
 6.398875e+002  1.606173e-005
 6.405062e+002  1.614834e-005
 6.411250e+002  1.408635e-005
 6.417437e+002  1.447953e-005
 6.423625e+002  1.504962e-005
 6.429812e+002  1.477296e-005
 6.436000e+002  1.337759e-005
 6.442187e+002  1.487743e-005
 6.448375e+002  1.341282e-005
 6.454562e+002  1.514412e-005
 6.460750e+002  1.481299e-005
 6.466937e+002  1.528346e-005
 6.473125e+002  1.465961e-005
 6.479312e+002  1.331569e-005
 6.485500e+002  1.545281e-005
 6.491687e+002  1.559617e-005
 6.497875e+002  1.524403e-005
 6.504062e+002  1.544253e-005
 6.510250e+002  1.372243e-005
 6.516437e+002  1.392759e-005
 6.522625e+002  1.468779e-005
 6.528812e+002  1.395237e-005
 6.535000e+002  1.618163e-005
 6.541187e+002  1.646736e-005
 6.547375e+002  1.373092e-005
 6.553562e+002  1.447771e-005
 6.559750e+002  1.479238e-005
 6.565937e+002  1.533833e-005
 6.572125e+002  1.574146e-005
 6.578312e+002  1.514470e-005
 6.584500e+002  1.589664e-005
 6.590687e+002  1.659842e-005
 6.596875e+002  1.323279e-005
 6.603062e+002  1.308671e-005
 6.609250e+002  1.475873e-005
 6.615437e+002  1.642323e-005
 6.621625e+002  1.412289e-005
 6.627812e+002  1.364518e-005
 6.634000e+002  1.235033e-005
 6.640187e+002  1.592106e-005
 6.646375e+002  1.581722e-005
 6.652562e+002  1.306448e-005
 6.658750e+002  1.303797e-005
 6.664937e+002  1.503054e-005
 6.671125e+002  1.756435e-005
 6.677312e+002  1.617435e-005
 6.683500e+002  1.700629e-005
 6.689687e+002  1.801546e-005
 6.695875e+002  1.669176e-005
 6.702062e+002  1.560561e-005
 6.708250e+002  1.373905e-005
 6.714437e+002  1.364503e-005
 6.720625e+002  1.402536e-005
 6.726812e+002  1.256442e-005
 6.733000e+002  1.559819e-005
 6.739187e+002  1.489668e-005
 6.745375e+002  1.284878e-005
 6.751562e+002  1.523145e-005
 6.757750e+002  1.445984e-005
 6.763937e+002  1.589437e-005
 6.770125e+002  1.568815e-005
 6.776312e+002  1.588104e-005
 6.782500e+002  1.426995e-005
 6.788687e+002  1.669808e-005
 6.794875e+002  1.465675e-005
 6.801062e+002  1.362226e-005
 6.807250e+002  1.548783e-005
 6.813437e+002  1.536843e-005
 6.819625e+002  1.424287e-005
 6.825812e+002  1.355400e-005
 6.832000e+002  1.426931e-005
 6.838187e+002  1.525313e-005
 6.844375e+002  1.602329e-005
 6.850562e+002  1.707055e-005
 6.856750e+002  1.723926e-005
 6.862937e+002  1.549186e-005
 6.869125e+002  1.729870e-005
 6.875312e+002  1.647622e-005
 6.881500e+002  1.594864e-005
 6.887687e+002  1.637777e-005
 6.893875e+002  1.495966e-005
 6.900062e+002  1.468937e-005
 6.906250e+002  1.441151e-005
 6.912437e+002  1.442479e-005
 6.918625e+002  1.228182e-005
 6.924812e+002  1.407914e-005
 6.931000e+002  1.504884e-005
 6.937187e+002  1.269969e-005
 6.943375e+002  1.494709e-005
 6.949562e+002  1.721895e-005
 6.955750e+002  1.749073e-005
 6.961937e+002  1.358895e-005
 6.968125e+002  1.427130e-005
 6.974312e+002  1.365969e-005
 6.980500e+002  1.448186e-005
 6.986687e+002  1.417845e-005
 6.992875e+002  1.394654e-005
 6.999062e+002  1.694060e-005
 7.005250e+002  1.701447e-005
 7.011437e+002  1.511470e-005
 7.017625e+002  1.622246e-005
 7.023812e+002  1.724326e-005
 7.030000e+002  1.381515e-005
 7.036187e+002  1.332549e-005
 7.042375e+002  1.415211e-005
 7.048562e+002  1.239373e-005
 7.054750e+002  1.214381e-005
 7.060937e+002  1.291367e-005
 7.067125e+002  1.492840e-005
 7.073312e+002  1.244088e-005
 7.079500e+002  1.382871e-005
 7.085687e+002  1.421999e-005
 7.091875e+002  1.101268e-005
 7.098062e+002  1.291395e-005
 7.104250e+002  1.314019e-005
 7.110437e+002  1.351267e-005
 7.116625e+002  1.409053e-005
 7.122812e+002  1.422547e-005
 7.129000e+002  1.326826e-005
 7.135187e+002  1.375160e-005
 7.141375e+002  1.435106e-005
 7.147562e+002  1.630742e-005
 7.153750e+002  1.378184e-005
 7.159937e+002  1.350729e-005
 7.166125e+002  1.457348e-005
 7.172312e+002  1.363628e-005
 7.178500e+002  1.144646e-005
 7.184687e+002  1.206858e-005
 7.190875e+002  1.401597e-005
 7.197062e+002  1.505757e-005
 7.203250e+002  1.282166e-005
 7.209437e+002  1.346423e-005
 7.215625e+002  1.470865e-005
 7.221812e+002  1.165790e-005
 7.228000e+002  1.104877e-005
 7.234187e+002  1.075747e-005
 7.240375e+002  1.062620e-005
 7.246562e+002  1.228632e-005
 7.252750e+002  1.262451e-005
 7.258937e+002  1.385530e-005
 7.265125e+002  1.582116e-005
 7.271312e+002  1.404520e-005
 7.277500e+002  1.355433e-005
 7.283687e+002  1.348210e-005
 7.289875e+002  1.573311e-005
 7.296062e+002  1.521155e-005
 7.302250e+002  1.595624e-005
 7.308437e+002  1.638215e-005
 7.314625e+002  1.446276e-005
 7.320812e+002  1.536803e-005
 7.327000e+002  1.689839e-005
 7.333187e+002  1.521257e-005
 7.339375e+002  1.344657e-005
 7.345562e+002  1.444975e-005
 7.351750e+002  1.423231e-005
 7.357937e+002  1.614442e-005
 7.364125e+002  1.324597e-005
 7.370312e+002  1.325804e-005
 7.376500e+002  1.356149e-005
 7.382687e+002  1.304090e-005
 7.388875e+002  1.374308e-005
 7.395062e+002  1.295212e-005
 7.401250e+002  1.427840e-005
 7.407437e+002  1.264290e-005
 7.413625e+002  1.022385e-005
 7.419812e+002  1.332976e-005
 7.426000e+002  1.497986e-005
 7.432187e+002  1.278300e-005
 7.438375e+002  1.375005e-005
 7.444562e+002  1.244116e-005
 7.450750e+002  1.384269e-005
 7.456937e+002  1.699129e-005
 7.463125e+002  1.566385e-005
 7.469312e+002  1.276047e-005
 7.475500e+002  1.538248e-005
 7.481687e+002  1.382866e-005
 7.487875e+002  1.053939e-005
 7.494062e+002  1.056538e-005
 7.500250e+002  1.157621e-005
 7.506437e+002  1.328026e-005
 7.512625e+002  1.447025e-005
 7.518812e+002  1.578419e-005
 7.525000e+002  1.311514e-005
 7.531187e+002  1.030978e-005
 7.537375e+002  1.202656e-005
 7.543562e+002  1.212309e-005
 7.549750e+002  1.173656e-005
 7.555937e+002  1.152044e-005
 7.562125e+002  1.301367e-005
 7.568312e+002  1.369425e-005
 7.574500e+002  1.353298e-005
 7.580687e+002  1.448681e-005
 7.586875e+002  1.246390e-005
 7.593062e+002  1.268626e-005
 7.599250e+002  1.333598e-005
 7.605437e+002  1.330704e-005
 7.611625e+002  1.143636e-005
 7.617812e+002  1.193924e-005
 7.624000e+002  1.210594e-005
 7.630187e+002  1.318989e-005
 7.636375e+002  1.428953e-005
 7.642562e+002  1.486599e-005
 7.648750e+002  1.445167e-005
 7.654937e+002  1.403233e-005
 7.661125e+002  1.403348e-005
 7.667312e+002  1.289578e-005
 7.673500e+002  1.195525e-005
 7.679687e+002  1.225301e-005
 7.685875e+002  1.316884e-005
 7.692062e+002  1.292486e-005
 7.698250e+002  1.005978e-005
 7.704437e+002  1.254796e-005
 7.710625e+002  1.231002e-005
 7.716812e+002  1.296567e-005
 7.723000e+002  1.294812e-005
 7.729187e+002  1.377711e-005
 7.735375e+002  1.187923e-005
 7.741562e+002  1.325759e-005
 7.747750e+002  1.405437e-005
 7.753937e+002  1.280984e-005
 7.760125e+002  1.155296e-005
 7.766312e+002  1.248764e-005
 7.772500e+002  1.157344e-005
 7.778687e+002  1.176918e-005
 7.784875e+002  1.176671e-005
 7.791062e+002  1.211241e-005
 7.797250e+002  1.110989e-005
 7.803437e+002  1.086293e-005
 7.809625e+002  9.812645e-006
 7.815812e+002  1.389253e-005
 7.822000e+002  1.458143e-005
 7.828187e+002  1.316510e-005
 7.834375e+002  1.225367e-005
 7.840562e+002  9.561416e-006
 7.846750e+002  9.344262e-006
 7.852937e+002  1.182077e-005
 7.859125e+002  1.152189e-005
 7.865312e+002  1.012499e-005
 7.871500e+002  1.164049e-005
 7.877687e+002  1.208132e-005
 7.883875e+002  1.256575e-005
 7.890062e+002  1.337967e-005
 7.896250e+002  1.251252e-005
 7.902437e+002  1.253105e-005
 7.908625e+002  1.337237e-005
 7.914812e+002  1.417970e-005
 7.921000e+002  1.336556e-005
 7.927187e+002  1.362959e-005
 7.933375e+002  1.255976e-005
 7.939562e+002  1.511653e-005
 7.945750e+002  1.544958e-005
 7.951937e+002  1.553180e-005
 7.958125e+002  1.420023e-005
 7.964312e+002  1.339743e-005
 7.970500e+002  1.390908e-005
 7.976687e+002  1.593581e-005
 7.982875e+002  1.303566e-005
 7.989062e+002  1.114738e-005
 7.995250e+002  1.216328e-005
 8.001437e+002  1.070252e-005
 8.007625e+002  1.170819e-005
 8.013812e+002  1.569954e-005
 8.020000e+002  1.370523e-005
 8.026187e+002  1.397266e-005
 8.032375e+002  1.255197e-005
 8.038562e+002  1.097845e-005
 8.044750e+002  1.292742e-005
 8.050937e+002  1.436930e-005
 8.057125e+002  1.319873e-005
 8.063312e+002  1.246292e-005
 8.069500e+002  1.291642e-005
 8.075687e+002  1.208888e-005
 8.081875e+002  1.128359e-005
 8.088062e+002  1.246789e-005
 8.094250e+002  1.163518e-005
 8.100437e+002  1.376470e-005
 8.106625e+002  1.624700e-005
 8.112812e+002  1.522979e-005
 8.119000e+002  1.424042e-005
 8.125187e+002  1.517850e-005
 8.131375e+002  1.271080e-005
 8.137562e+002  1.267079e-005
 8.143750e+002  1.214285e-005
 8.149937e+002  1.206062e-005
 8.156125e+002  1.262182e-005
 8.162312e+002  1.224921e-005
 8.168500e+002  1.170667e-005
 8.174687e+002  1.160070e-005
 8.180875e+002  1.059578e-005
 8.187062e+002  1.330210e-005
 8.193250e+002  1.250252e-005
 8.199437e+002  1.168692e-005
 8.205625e+002  1.260784e-005
 8.211812e+002  1.381420e-005
 8.218000e+002  1.179440e-005
 8.224187e+002  1.108828e-005
 8.230375e+002  1.221182e-005
 8.236562e+002  1.276606e-005
 8.242750e+002  1.455837e-005
 8.248937e+002  1.280924e-005
 8.255125e+002  8.616083e-006
 8.261312e+002  1.068354e-005
 8.267500e+002  1.401741e-005
 8.273687e+002  1.206629e-005
 8.279875e+002  1.107432e-005
 8.286062e+002  1.173774e-005
 8.292250e+002  1.174186e-005
 8.298437e+002  1.079321e-005
 8.304625e+002  1.037242e-005
 8.310812e+002  1.048336e-005
 8.317000e+002  1.108837e-005
 8.323187e+002  1.288049e-005
 8.329375e+002  1.121111e-005
 8.335562e+002  1.030983e-005
 8.341750e+002  1.186091e-005
 8.347937e+002  1.118519e-005
 8.354125e+002  1.240504e-005
 8.360312e+002  1.223785e-005
 8.366500e+002  1.058142e-005
 8.372687e+002  1.410867e-005
 8.378875e+002  1.373969e-005
 8.385062e+002  1.167917e-005
 8.391250e+002  9.148291e-006
 8.397437e+002  1.212304e-005
 8.403625e+002  1.189695e-005
 8.409812e+002  1.203594e-005
 8.416000e+002  1.271597e-005
 8.422187e+002  1.275507e-005
 8.428375e+002  1.252587e-005
 8.434562e+002  1.232023e-005
 8.440750e+002  1.166367e-005
 8.446937e+002  1.231011e-005
 8.453125e+002  1.103045e-005
 8.459312e+002  1.257019e-005
 8.465500e+002  1.213231e-005
 8.471687e+002  1.372156e-005
 8.477875e+002  1.261751e-005
 8.484062e+002  1.360036e-005
 8.490250e+002  1.317282e-005
 8.496437e+002  1.154093e-005
 8.502625e+002  1.146121e-005
 8.508812e+002  9.335734e-006
 8.515000e+002  1.048843e-005
 8.521187e+002  1.160754e-005
 8.527375e+002  1.142682e-005
 8.533562e+002  1.224062e-005
 8.539750e+002  1.295922e-005
 8.545937e+002  1.208308e-005
 8.552125e+002  1.056920e-005
 8.558312e+002  1.248524e-005
 8.564500e+002  1.178550e-005
 8.570687e+002  1.113911e-005
 8.576875e+002  1.254467e-005
 8.583062e+002  1.289757e-005
 8.589250e+002  1.156317e-005
 8.595437e+002  1.283727e-005
 8.601625e+002  1.444342e-005
 8.607812e+002  1.311351e-005
 8.614000e+002  1.196528e-005
 8.620187e+002  1.232812e-005
 8.626375e+002  1.246784e-005
 8.632562e+002  1.394055e-005
 8.638750e+002  1.290033e-005
 8.644937e+002  1.114416e-005
 8.651125e+002  1.258707e-005
 8.657312e+002  1.177410e-005
 8.663500e+002  9.775977e-006
 8.669687e+002  1.020491e-005
 8.675875e+002  1.204848e-005
 8.682062e+002  1.357214e-005
 8.688250e+002  1.098735e-005
 8.694437e+002  1.134550e-005
 8.700625e+002  9.533730e-006
 8.706812e+002  1.129748e-005
 8.713000e+002  1.127192e-005
 8.719187e+002  9.061091e-006
 8.725375e+002  1.268657e-005
 8.731562e+002  1.328470e-005
 8.737750e+002  1.483967e-005
 8.743937e+002  1.326105e-005
 8.750125e+002  1.201342e-005
 8.756312e+002  1.078219e-005
 8.762500e+002  1.008483e-005
 8.768687e+002  1.129934e-005
 8.774875e+002  1.246498e-005
 8.781062e+002  1.193237e-005
 8.787250e+002  1.149843e-005
 8.793437e+002  1.030986e-005
 8.799625e+002  1.159246e-005
 8.805812e+002  1.250472e-005
 8.812000e+002  1.006738e-005
 8.818187e+002  8.792485e-006
 8.824375e+002  1.156748e-005
 8.830562e+002  1.106811e-005
 8.836750e+002  1.046181e-005
 8.842937e+002  1.144631e-005
 8.849125e+002  1.171979e-005
 8.855312e+002  1.023783e-005
 8.861500e+002  1.240469e-005
 8.867687e+002  1.331771e-005
 8.873875e+002  1.143977e-005
 8.880062e+002  1.128188e-005
 8.886250e+002  1.243590e-005
 8.892437e+002  1.245197e-005
 8.898625e+002  1.099834e-005
 8.904812e+002  1.032875e-005
 8.911000e+002  9.640210e-006
 8.917187e+002  1.064941e-005
 8.923375e+002  1.028323e-005
 8.929562e+002  1.102773e-005
 8.935750e+002  1.148934e-005
 8.941937e+002  1.066945e-005
 8.948125e+002  1.159150e-005
 8.954312e+002  1.334252e-005
 8.960500e+002  1.162104e-005
 8.966687e+002  1.182114e-005
 8.972875e+002  1.053208e-005
 8.979062e+002  1.170013e-005
 8.985250e+002  1.160847e-005
 8.991437e+002  8.624899e-006
 8.997625e+002  1.148142e-005
 9.003812e+002  1.183824e-005
 9.010000e+002  1.115755e-005
 9.016187e+002  1.339864e-005
 9.022375e+002  1.221602e-005
 9.028562e+002  9.963440e-006
 9.034750e+002  1.041830e-005
 9.040937e+002  1.115858e-005
 9.047125e+002  1.098036e-005
 9.053312e+002  1.115612e-005
 9.059500e+002  1.210594e-005
 9.065687e+002  1.108943e-005
 9.071875e+002  1.226547e-005
 9.078062e+002  1.341745e-005
 9.084250e+002  1.278587e-005
 9.090437e+002  1.202597e-005
 9.096625e+002  1.096666e-005
 9.102812e+002  1.205271e-005
 9.109000e+002  1.209023e-005
 9.115187e+002  1.156218e-005
 9.121375e+002  1.224339e-005
 9.127562e+002  1.116692e-005
 9.133750e+002  1.284849e-005
 9.139937e+002  1.181090e-005
 9.146125e+002  1.173869e-005
 9.152312e+002  1.102315e-005
 9.158500e+002  1.103109e-005
 9.164687e+002  1.078470e-005
 9.170875e+002  1.114377e-005
 9.177062e+002  1.351527e-005
 9.183250e+002  1.359351e-005
 9.189437e+002  1.203777e-005
 9.195625e+002  1.191652e-005
 9.201812e+002  1.094598e-005
 9.208000e+002  1.154896e-005
 9.214187e+002  1.176499e-005
 9.220375e+002  9.787393e-006
 9.226562e+002  1.074460e-005
 9.232750e+002  1.121814e-005
 9.238937e+002  1.204829e-005
 9.245125e+002  1.331389e-005
 9.251312e+002  1.127596e-005
 9.257500e+002  1.215533e-005
 9.263687e+002  9.910623e-006
 9.269875e+002  1.086706e-005
 9.276062e+002  1.010374e-005
 9.282250e+002  1.159431e-005
 9.288437e+002  1.337453e-005
 9.294625e+002  1.347203e-005
 9.300812e+002  1.164491e-005
 9.307000e+002  9.765599e-006
 9.313187e+002  9.320590e-006
 9.319375e+002  9.507058e-006
 9.325562e+002  1.114742e-005
 9.331750e+002  1.099663e-005
 9.337937e+002  1.111796e-005
 9.344125e+002  1.211496e-005
 9.350312e+002  1.359982e-005
 9.356500e+002  1.147322e-005
 9.362687e+002  1.174081e-005
 9.368875e+002  1.250609e-005
 9.375062e+002  1.159638e-005
 9.381250e+002  1.070791e-005
 9.387437e+002  9.346210e-006
 9.393625e+002  1.051120e-005
 9.399812e+002  1.077253e-005
 9.406000e+002  1.055850e-005
 9.412187e+002  9.771682e-006
 9.418375e+002  1.225683e-005
 9.424562e+002  1.234148e-005
 9.430750e+002  1.177607e-005
 9.436937e+002  1.117318e-005
 9.443125e+002  1.147147e-005
 9.449312e+002  1.188466e-005
 9.455500e+002  1.226358e-005
 9.461687e+002  1.167387e-005
 9.467875e+002  9.663518e-006
 9.474062e+002  1.162687e-005
 9.480250e+002  1.235262e-005
 9.486437e+002  1.242290e-005
 9.492625e+002  1.075131e-005
 9.498812e+002  1.000597e-005
 9.505000e+002  9.909942e-006
 9.511187e+002  1.409948e-005
 9.517375e+002  1.299631e-005
 9.523562e+002  1.080965e-005
 9.529750e+002  9.485117e-006
 9.535937e+002  9.785154e-006
 9.542125e+002  9.896543e-006
 9.548312e+002  1.326247e-005
 9.554500e+002  1.376942e-005
 9.560687e+002  1.312497e-005
 9.566875e+002  8.832820e-006
 9.573062e+002  9.025816e-006
 9.579250e+002  9.687411e-006
 9.585437e+002  1.101680e-005
 9.591625e+002  1.255374e-005
 9.597812e+002  1.433177e-005
 9.604000e+002  1.042684e-005
 9.610187e+002  1.040789e-005
 9.616375e+002  1.095061e-005
 9.622562e+002  1.156850e-005
 9.628750e+002  1.164448e-005
 9.634937e+002  9.592821e-006
 9.641125e+002  9.455821e-006
 9.647312e+002  1.056232e-005
 9.653500e+002  1.123564e-005
 9.659687e+002  1.248385e-005
 9.665875e+002  9.803690e-006
 9.672062e+002  9.049564e-006
 9.678250e+002  9.437896e-006
 9.684437e+002  1.106718e-005
 9.690625e+002  1.001544e-005
 9.696812e+002  1.023562e-005
 9.703000e+002  1.211687e-005
 9.709187e+002  1.222642e-005
 9.715375e+002  9.666678e-006
 9.721562e+002  9.674947e-006
 9.727750e+002  1.092034e-005
 9.733937e+002  1.034602e-005
 9.740125e+002  1.097524e-005
 9.746312e+002  1.038785e-005
 9.752500e+002  1.089975e-005
 9.758687e+002  9.520580e-006
 9.764875e+002  9.904307e-006
 9.771062e+002  9.363282e-006
 9.777250e+002  9.951093e-006
 9.783437e+002  1.116335e-005
 9.789625e+002  1.185065e-005
 9.795812e+002  1.076595e-005
 9.802000e+002  1.131890e-005
 9.808187e+002  1.112736e-005
 9.814375e+002  1.112688e-005
 9.820562e+002  1.319220e-005
 9.826750e+002  1.295701e-005
 9.832937e+002  1.289146e-005
 9.839125e+002  1.224077e-005
 9.845312e+002  1.220372e-005
 9.851500e+002  1.040899e-005
 9.857687e+002  8.827724e-006
 9.863875e+002  1.012046e-005
 9.870062e+002  1.075347e-005
 9.876250e+002  9.888325e-006
 9.882437e+002  1.176774e-005
 9.888625e+002  1.216262e-005
 9.894812e+002  1.148642e-005
 9.901000e+002  1.107147e-005
 9.907187e+002  9.694468e-006
 9.913375e+002  1.039639e-005
 9.919562e+002  1.084899e-005
 9.925750e+002  9.963137e-006
 9.931937e+002  9.805270e-006
 9.938125e+002  1.092696e-005
 9.944312e+002  1.228640e-005
 9.950500e+002  1.044332e-005
 9.956687e+002  1.122759e-005
 9.962875e+002  1.250743e-005
 9.969062e+002  1.332215e-005
 9.975250e+002  1.193690e-005
 9.981437e+002  8.582610e-006
 9.987625e+002  8.394095e-006
 9.993812e+002  9.306660e-006
 1.000000e+003  1.109750e-005
