 1.000000e+001  6.386274e-005
 1.061875e+001  6.129864e-005
 1.123750e+001  5.535089e-005
 1.185625e+001  7.523800e-005
 1.247500e+001  6.223385e-005
 1.309375e+001  5.866735e-005
 1.371250e+001  6.947863e-005
 1.433125e+001  6.538838e-005
 1.495000e+001  4.840875e-005
 1.556875e+001  4.989444e-005
 1.618750e+001  4.681934e-005
 1.680625e+001  5.026315e-005
 1.742500e+001  5.455090e-005
 1.804375e+001  4.719164e-005
 1.866250e+001  5.675251e-005
 1.928125e+001  5.481888e-005
 1.990000e+001  5.049686e-005
 2.051875e+001  5.858833e-005
 2.113750e+001  5.178941e-005
 2.175625e+001  4.534530e-005
 2.237500e+001  4.490548e-005
 2.299375e+001  5.032116e-005
 2.361250e+001  4.107375e-005
 2.423125e+001  3.901185e-005
 2.485000e+001  3.449208e-005
 2.546875e+001  5.367465e-005
 2.608750e+001  5.117401e-005
 2.670625e+001  4.470137e-005
 2.732500e+001  4.295997e-005
 2.794375e+001  5.303228e-005
 2.856250e+001  4.630919e-005
 2.918125e+001  4.460586e-005
 2.980000e+001  4.832657e-005
 3.041875e+001  5.835698e-005
 3.103750e+001  5.325293e-005
 3.165625e+001  4.820396e-005
 3.227500e+001  4.563067e-005
 3.289375e+001  4.034751e-005
 3.351250e+001  4.051077e-005
 3.413125e+001  4.254353e-005
 3.475000e+001  4.516891e-005
 3.536875e+001  4.402387e-005
 3.598750e+001  4.634627e-005
 3.660625e+001  3.544424e-005
 3.722500e+001  3.325187e-005
 3.784375e+001  4.603247e-005
 3.846250e+001  4.362863e-005
 3.908125e+001  4.066030e-005
 3.970000e+001  4.014083e-005
 4.031875e+001  4.117629e-005
 4.093750e+001  4.213910e-005
 4.155625e+001  4.692944e-005
 4.217500e+001  4.142378e-005
 4.279375e+001  3.423756e-005
 4.341250e+001  4.316070e-005
 4.403125e+001  5.034970e-005
 4.465000e+001  3.469715e-005
 4.526875e+001  2.956157e-005
 4.588750e+001  3.401606e-005
 4.650625e+001  3.903867e-005
 4.712500e+001  2.610945e-005
 4.774375e+001  3.571301e-005
 4.836250e+001  3.283425e-005
 4.898125e+001  3.667676e-005
 4.960000e+001  3.878983e-005
 5.021875e+001  4.241103e-005
 5.083750e+001  4.060103e-005
 5.145625e+001  4.209639e-005
 5.207500e+001  5.020088e-005
 5.269375e+001  4.592182e-005
 5.331250e+001  4.185945e-005
 5.393125e+001  3.954418e-005
 5.455000e+001  3.448838e-005
 5.516875e+001  3.663481e-005
 5.578750e+001  3.824501e-005
 5.640625e+001  3.538044e-005
 5.702500e+001  3.110400e-005
 5.764375e+001  2.959194e-005
 5.826250e+001  3.308351e-005
 5.888125e+001  3.649881e-005
 5.950000e+001  3.553102e-005
 6.011875e+001  4.886776e-005
 6.073750e+001  4.512206e-005
 6.135625e+001  3.950606e-005
 6.197500e+001  3.931336e-005
 6.259375e+001  3.649578e-005
 6.321250e+001  3.565979e-005
 6.383125e+001  4.286996e-005
 6.445000e+001  4.001918e-005
 6.506875e+001  2.996307e-005
 6.568750e+001  4.238981e-005
 6.630625e+001  4.456614e-005
 6.692500e+001  4.223583e-005
 6.754375e+001  4.142359e-005
 6.816250e+001  3.155278e-005
 6.878125e+001  3.386437e-005
 6.940000e+001  3.651058e-005
 7.001875e+001  3.592372e-005
 7.063750e+001  3.840036e-005
 7.125625e+001  3.623168e-005
 7.187500e+001  3.802776e-005
 7.249375e+001  4.433083e-005
 7.311250e+001  4.449857e-005
 7.373125e+001  4.733027e-005
 7.435000e+001  4.575675e-005
 7.496875e+001  3.749615e-005
 7.558750e+001  3.996193e-005
 7.620625e+001  3.957059e-005
 7.682500e+001  3.379760e-005
 7.744375e+001  3.475333e-005
 7.806250e+001  3.086652e-005
 7.868125e+001  4.205129e-005
 7.930000e+001  4.340658e-005
 7.991875e+001  3.915675e-005
 8.053750e+001  3.067784e-005
 8.115625e+001  2.814984e-005
 8.177500e+001  3.206273e-005
 8.239375e+001  3.890063e-005
 8.301250e+001  3.132765e-005
 8.363125e+001  3.299975e-005
 8.425000e+001  3.091016e-005
 8.486875e+001  2.734910e-005
 8.548750e+001  3.885558e-005
 8.610625e+001  3.587584e-005
 8.672500e+001  4.803300e-005
 8.734375e+001  4.349304e-005
 8.796250e+001  3.805371e-005
 8.858125e+001  3.970979e-005
 8.920000e+001  3.969453e-005
 8.981875e+001  2.906630e-005
 9.043750e+001  3.092458e-005
 9.105625e+001  3.241861e-005
 9.167500e+001  3.576191e-005
 9.229375e+001  4.000901e-005
 9.291250e+001  3.766426e-005
 9.353125e+001  3.326945e-005
 9.415000e+001  3.413326e-005
 9.476875e+001  3.848563e-005
 9.538750e+001  3.827417e-005
 9.600625e+001  3.322642e-005
 9.662500e+001  3.043070e-005
 9.724375e+001  3.877855e-005
 9.786250e+001  3.846802e-005
 9.848125e+001  3.342815e-005
 9.910000e+001  3.729838e-005
 9.971875e+001  3.333926e-005
 1.003375e+002  2.842816e-005
 1.009563e+002  3.581760e-005
 1.015750e+002  3.652011e-005
 1.021938e+002  3.795512e-005
 1.028125e+002  4.354101e-005
 1.034313e+002  3.944879e-005
 1.040500e+002  3.303985e-005
 1.046688e+002  3.760167e-005
 1.052875e+002  3.763771e-005
 1.059063e+002  3.947372e-005
 1.065250e+002  4.073035e-005
 1.071438e+002  3.449533e-005
 1.077625e+002  3.080598e-005
 1.083813e+002  3.199012e-005
 1.090000e+002  3.295975e-005
 1.096188e+002  3.354914e-005
 1.102375e+002  3.457281e-005
 1.108563e+002  2.893845e-005
 1.114750e+002  3.474084e-005
 1.120938e+002  3.611307e-005
 1.127125e+002  3.204557e-005
 1.133313e+002  3.338820e-005
 1.139500e+002  3.551021e-005
 1.145688e+002  3.239900e-005
 1.151875e+002  3.171615e-005
 1.158063e+002  3.359863e-005
 1.164250e+002  2.898314e-005
 1.170438e+002  3.609884e-005
 1.176625e+002  3.044082e-005
 1.182813e+002  3.030799e-005
 1.189000e+002  2.965112e-005
 1.195188e+002  3.508669e-005
 1.201375e+002  3.236693e-005
 1.207563e+002  3.376084e-005
 1.213750e+002  3.269455e-005
 1.219938e+002  2.682692e-005
 1.226125e+002  3.362462e-005
 1.232313e+002  3.685025e-005
 1.238500e+002  4.283382e-005
 1.244688e+002  3.282701e-005
 1.250875e+002  3.288050e-005
 1.257063e+002  2.632150e-005
 1.263250e+002  2.733833e-005
 1.269438e+002  3.317724e-005
 1.275625e+002  3.548630e-005
 1.281813e+002  4.265667e-005
 1.288000e+002  3.498815e-005
 1.294188e+002  3.103013e-005
 1.300375e+002  3.762456e-005
 1.306563e+002  3.681808e-005
 1.312750e+002  3.252903e-005
 1.318938e+002  3.330387e-005
 1.325125e+002  2.931288e-005
 1.331313e+002  3.000168e-005
 1.337500e+002  3.082823e-005
 1.343688e+002  3.525678e-005
 1.349875e+002  3.251400e-005
 1.356063e+002  2.974938e-005
 1.362250e+002  3.383039e-005
 1.368438e+002  3.566049e-005
 1.374625e+002  3.169088e-005
 1.380813e+002  2.718185e-005
 1.387000e+002  4.171462e-005
 1.393188e+002  4.364572e-005
 1.399375e+002  3.872813e-005
 1.405563e+002  2.890206e-005
 1.411750e+002  3.306090e-005
 1.417938e+002  3.942008e-005
 1.424125e+002  3.719898e-005
 1.430313e+002  3.068628e-005
 1.436500e+002  3.243271e-005
 1.442688e+002  3.631907e-005
 1.448875e+002  2.988322e-005
 1.455063e+002  3.036150e-005
 1.461250e+002  3.270349e-005
 1.467438e+002  3.995793e-005
 1.473625e+002  3.466199e-005
 1.479813e+002  3.684716e-005
 1.486000e+002  3.986094e-005
 1.492188e+002  3.868787e-005
 1.498375e+002  3.268389e-005
 1.504563e+002  3.334860e-005
 1.510750e+002  3.168345e-005
 1.516938e+002  3.283169e-005
 1.523125e+002  3.913281e-005
 1.529313e+002  4.235532e-005
 1.535500e+002  4.231451e-005
 1.541688e+002  3.490193e-005
 1.547875e+002  2.760330e-005
 1.554063e+002  3.526830e-005
 1.560250e+002  3.343872e-005
 1.566438e+002  2.786465e-005
 1.572625e+002  2.799380e-005
 1.578813e+002  2.751192e-005
 1.585000e+002  2.866903e-005
 1.591188e+002  2.952539e-005
 1.597375e+002  2.842502e-005
 1.603563e+002  3.884371e-005
 1.609750e+002  3.353210e-005
 1.615938e+002  2.691173e-005
 1.622125e+002  2.188715e-005
 1.628313e+002  3.392301e-005
 1.634500e+002  3.975058e-005
 1.640688e+002  3.655193e-005
 1.646875e+002  3.517841e-005
 1.653063e+002  3.044080e-005
 1.659250e+002  2.480968e-005
 1.665438e+002  2.928428e-005
 1.671625e+002  3.577692e-005
 1.677813e+002  2.902435e-005
 1.684000e+002  2.855996e-005
 1.690188e+002  3.232967e-005
 1.696375e+002  2.632300e-005
 1.702563e+002  2.170920e-005
 1.708750e+002  2.512222e-005
 1.714938e+002  3.154830e-005
 1.721125e+002  3.198233e-005
 1.727313e+002  3.076801e-005
 1.733500e+002  3.131476e-005
 1.739688e+002  3.163929e-005
 1.745875e+002  3.598655e-005
 1.752063e+002  3.572359e-005
 1.758250e+002  3.491783e-005
 1.764438e+002  3.349465e-005
 1.770625e+002  2.779545e-005
 1.776813e+002  3.548527e-005
 1.783000e+002  3.818435e-005
 1.789188e+002  3.286372e-005
 1.795375e+002  3.145370e-005
 1.801563e+002  3.038204e-005
 1.807750e+002  2.923879e-005
 1.813938e+002  3.101094e-005
 1.820125e+002  3.107705e-005
 1.826313e+002  2.991475e-005
 1.832500e+002  2.958907e-005
 1.838688e+002  2.949504e-005
 1.844875e+002  2.699096e-005
 1.851063e+002  3.179936e-005
 1.857250e+002  2.613005e-005
 1.863438e+002  2.925085e-005
 1.869625e+002  3.763627e-005
 1.875813e+002  3.391745e-005
 1.882000e+002  2.754118e-005
 1.888188e+002  3.059506e-005
 1.894375e+002  2.336272e-005
 1.900563e+002  2.408053e-005
 1.906750e+002  2.749230e-005
 1.912938e+002  2.943995e-005
 1.919125e+002  2.936074e-005
 1.925313e+002  4.157660e-005
 1.931500e+002  3.828556e-005
 1.937688e+002  2.969566e-005
 1.943875e+002  2.920293e-005
 1.950063e+002  2.785681e-005
 1.956250e+002  2.891890e-005
 1.962438e+002  3.590171e-005
 1.968625e+002  3.414102e-005
 1.974813e+002  2.349733e-005
 1.981000e+002  2.431782e-005
 1.987188e+002  2.729292e-005
 1.993375e+002  2.901563e-005
 1.999563e+002  2.874357e-005
 2.005750e+002  2.749056e-005
 2.011938e+002  2.618773e-005
 2.018125e+002  2.826444e-005
 2.024313e+002  2.685450e-005
 2.030500e+002  2.797698e-005
 2.036688e+002  2.749606e-005
 2.042875e+002  2.450798e-005
 2.049063e+002  3.206299e-005
 2.055250e+002  2.729941e-005
 2.061438e+002  2.855800e-005
 2.067625e+002  2.828898e-005
 2.073813e+002  2.284790e-005
 2.080000e+002  2.717444e-005
 2.086188e+002  2.868155e-005
 2.092375e+002  3.122720e-005
 2.098563e+002  3.137088e-005
 2.104750e+002  2.822847e-005
 2.110938e+002  3.035675e-005
 2.117125e+002  3.397275e-005
 2.123313e+002  2.586885e-005
 2.129500e+002  2.519692e-005
 2.135688e+002  2.127662e-005
 2.141875e+002  2.427528e-005
 2.148063e+002  2.601344e-005
 2.154250e+002  2.669781e-005
 2.160438e+002  2.895788e-005
 2.166625e+002  3.109153e-005
 2.172813e+002  2.926131e-005
 2.179000e+002  2.867026e-005
 2.185188e+002  2.866086e-005
 2.191375e+002  2.541324e-005
 2.197563e+002  2.508646e-005
 2.203750e+002  2.132215e-005
 2.209938e+002  2.958436e-005
 2.216125e+002  3.735493e-005
 2.222313e+002  3.356689e-005
 2.228500e+002  2.832124e-005
 2.234688e+002  2.363044e-005
 2.240875e+002  2.107241e-005
 2.247063e+002  2.384897e-005
 2.253250e+002  2.373426e-005
 2.259438e+002  2.884846e-005
 2.265625e+002  3.107822e-005
 2.271813e+002  2.541579e-005
 2.278000e+002  2.595766e-005
 2.284188e+002  3.116201e-005
 2.290375e+002  3.341118e-005
 2.296563e+002  3.021069e-005
 2.302750e+002  2.947873e-005
 2.308938e+002  3.388046e-005
 2.315125e+002  3.221358e-005
 2.321313e+002  3.060074e-005
 2.327500e+002  2.261620e-005
 2.333688e+002  2.271456e-005
 2.339875e+002  2.427824e-005
 2.346063e+002  3.298350e-005
 2.352250e+002  3.238891e-005
 2.358438e+002  2.766059e-005
 2.364625e+002  3.084660e-005
 2.370813e+002  3.336704e-005
 2.377000e+002  2.737008e-005
 2.383188e+002  2.256502e-005
 2.389375e+002  2.454837e-005
 2.395563e+002  2.685510e-005
 2.401750e+002  2.178044e-005
 2.407938e+002  2.334251e-005
 2.414125e+002  2.802401e-005
 2.420313e+002  3.029527e-005
 2.426500e+002  2.789342e-005
 2.432688e+002  2.873366e-005
 2.438875e+002  2.707769e-005
 2.445063e+002  2.794417e-005
 2.451250e+002  3.393858e-005
 2.457438e+002  3.242676e-005
 2.463625e+002  3.169475e-005
 2.469813e+002  2.980497e-005
 2.476000e+002  3.170469e-005
 2.482188e+002  2.676756e-005
 2.488375e+002  2.893983e-005
 2.494563e+002  2.455008e-005
 2.500750e+002  2.012681e-005
 2.506938e+002  2.244279e-005
 2.513125e+002  2.410192e-005
 2.519313e+002  2.641563e-005
 2.525500e+002  2.223366e-005
 2.531688e+002  2.450131e-005
 2.537875e+002  2.137005e-005
 2.544063e+002  2.890737e-005
 2.550250e+002  2.958599e-005
 2.556438e+002  2.965309e-005
 2.562625e+002  2.698568e-005
 2.568813e+002  3.102184e-005
 2.575000e+002  2.934627e-005
 2.581188e+002  2.720835e-005
 2.587375e+002  2.598655e-005
 2.593563e+002  2.153713e-005
 2.599750e+002  2.136953e-005
 2.605938e+002  2.637315e-005
 2.612125e+002  2.799105e-005
 2.618313e+002  2.449695e-005
 2.624500e+002  2.935627e-005
 2.630688e+002  2.998128e-005
 2.636875e+002  2.756996e-005
 2.643063e+002  2.935045e-005
 2.649250e+002  2.923754e-005
 2.655438e+002  2.816647e-005
 2.661625e+002  2.308639e-005
 2.667813e+002  2.736597e-005
 2.674000e+002  2.893158e-005
 2.680188e+002  2.420484e-005
 2.686375e+002  2.887628e-005
 2.692563e+002  2.569392e-005
 2.698750e+002  2.638939e-005
 2.704938e+002  2.683349e-005
 2.711125e+002  3.254929e-005
 2.717313e+002  3.098131e-005
 2.723500e+002  2.573445e-005
 2.729688e+002  2.477374e-005
 2.735875e+002  2.678257e-005
 2.742063e+002  3.235552e-005
 2.748250e+002  2.490949e-005
 2.754438e+002  2.609065e-005
 2.760625e+002  2.330960e-005
 2.766813e+002  2.101275e-005
 2.773000e+002  2.604365e-005
 2.779188e+002  2.911373e-005
 2.785375e+002  3.289380e-005
 2.791563e+002  2.888515e-005
 2.797750e+002  2.136354e-005
 2.803938e+002  2.474863e-005
 2.810125e+002  2.677266e-005
 2.816313e+002  2.814396e-005
 2.822500e+002  2.639248e-005
 2.828688e+002  2.362082e-005
 2.834875e+002  3.048284e-005
 2.841063e+002  2.553945e-005
 2.847250e+002  2.290391e-005
 2.853438e+002  2.382172e-005
 2.859625e+002  2.732271e-005
 2.865813e+002  2.462978e-005
 2.872000e+002  2.352158e-005
 2.878188e+002  2.403452e-005
 2.884375e+002  2.270663e-005
 2.890563e+002  3.048604e-005
 2.896750e+002  3.278732e-005
 2.902938e+002  2.905462e-005
 2.909125e+002  2.229832e-005
 2.915313e+002  2.525261e-005
 2.921500e+002  2.991297e-005
 2.927688e+002  2.706650e-005
 2.933875e+002  1.982958e-005
 2.940063e+002  2.209453e-005
 2.946250e+002  2.300365e-005
 2.952438e+002  1.916725e-005
 2.958625e+002  2.628098e-005
 2.964813e+002  2.769945e-005
 2.971000e+002  2.293304e-005
 2.977188e+002  2.859091e-005
 2.983375e+002  3.045814e-005
 2.989563e+002  2.654030e-005
 2.995750e+002  2.627280e-005
 3.001938e+002  2.351548e-005
 3.008125e+002  2.404370e-005
 3.014313e+002  2.351379e-005
 3.020500e+002  2.882964e-005
 3.026688e+002  2.895195e-005
 3.032875e+002  2.679625e-005
 3.039063e+002  2.884273e-005
 3.045250e+002  3.091197e-005
 3.051438e+002  2.797646e-005
 3.057625e+002  2.787943e-005
 3.063813e+002  2.556150e-005
 3.070000e+002  2.701682e-005
 3.076188e+002  2.212137e-005
 3.082375e+002  2.123194e-005
 3.088563e+002  2.399138e-005
 3.094750e+002  2.315393e-005
 3.100938e+002  2.388589e-005
 3.107125e+002  2.759644e-005
 3.113313e+002  2.243863e-005
 3.119500e+002  1.612010e-005
 3.125688e+002  2.469325e-005
 3.131875e+002  2.859409e-005
 3.138063e+002  2.696946e-005
 3.144250e+002  2.607456e-005
 3.150437e+002  2.811290e-005
 3.156625e+002  2.559679e-005
 3.162812e+002  2.429134e-005
 3.169000e+002  2.531934e-005
 3.175187e+002  2.294875e-005
 3.181375e+002  2.740001e-005
 3.187562e+002  2.740200e-005
 3.193750e+002  2.932652e-005
 3.199937e+002  2.754674e-005
 3.206125e+002  2.257881e-005
 3.212312e+002  1.872917e-005
 3.218500e+002  2.194427e-005
 3.224687e+002  2.157742e-005
 3.230875e+002  2.610755e-005
 3.237062e+002  2.266301e-005
 3.243250e+002  2.141386e-005
 3.249437e+002  2.362988e-005
 3.255625e+002  2.301874e-005
 3.261812e+002  2.565248e-005
 3.268000e+002  2.420123e-005
 3.274187e+002  2.400670e-005
 3.280375e+002  2.315607e-005
 3.286562e+002  1.918745e-005
 3.292750e+002  2.091317e-005
 3.298937e+002  2.029874e-005
 3.305125e+002  2.570293e-005
 3.311312e+002  2.555085e-005
 3.317500e+002  2.469685e-005
 3.323687e+002  2.695925e-005
 3.329875e+002  2.734095e-005
 3.336062e+002  2.545704e-005
 3.342250e+002  2.098146e-005
 3.348437e+002  1.983600e-005
 3.354625e+002  2.473283e-005
 3.360812e+002  2.499781e-005
 3.367000e+002  2.238492e-005
 3.373187e+002  2.172695e-005
 3.379375e+002  2.058640e-005
 3.385562e+002  2.607757e-005
 3.391750e+002  1.785310e-005
 3.397937e+002  1.748148e-005
 3.404125e+002  2.299238e-005
 3.410312e+002  2.186324e-005
 3.416500e+002  2.512562e-005
 3.422687e+002  2.846522e-005
 3.428875e+002  2.356354e-005
 3.435062e+002  1.844245e-005
 3.441250e+002  1.971680e-005
 3.447437e+002  2.935289e-005
 3.453625e+002  2.974877e-005
 3.459812e+002  2.897526e-005
 3.466000e+002  2.604094e-005
 3.472187e+002  2.017368e-005
 3.478375e+002  2.201048e-005
 3.484562e+002  2.486805e-005
 3.490750e+002  2.309670e-005
 3.496937e+002  2.293624e-005
 3.503125e+002  2.418392e-005
 3.509312e+002  2.103442e-005
 3.515500e+002  2.641127e-005
 3.521687e+002  2.136423e-005
 3.527875e+002  2.048659e-005
 3.534062e+002  2.388170e-005
 3.540250e+002  2.201015e-005
 3.546437e+002  2.115696e-005
 3.552625e+002  2.055042e-005
 3.558812e+002  1.734440e-005
 3.565000e+002  2.355773e-005
 3.571187e+002  2.380506e-005
 3.577375e+002  2.423789e-005
 3.583562e+002  1.846390e-005
 3.589750e+002  1.814280e-005
 3.595937e+002  2.252468e-005
 3.602125e+002  2.532344e-005
 3.608312e+002  2.138807e-005
 3.614500e+002  2.735868e-005
 3.620687e+002  3.064815e-005
 3.626875e+002  2.772445e-005
 3.633062e+002  2.663008e-005
 3.639250e+002  1.768619e-005
 3.645437e+002  1.522391e-005
 3.651625e+002  2.195375e-005
 3.657812e+002  2.339279e-005
 3.664000e+002  2.276375e-005
 3.670187e+002  2.204452e-005
 3.676375e+002  2.296197e-005
 3.682562e+002  1.968842e-005
 3.688750e+002  2.009947e-005
 3.694937e+002  2.293132e-005
 3.701125e+002  2.132134e-005
 3.707312e+002  2.302253e-005
 3.713500e+002  2.199657e-005
 3.719687e+002  1.937669e-005
 3.725875e+002  2.000037e-005
 3.732062e+002  1.996020e-005
 3.738250e+002  2.237580e-005
 3.744437e+002  2.175736e-005
 3.750625e+002  2.171399e-005
 3.756812e+002  1.666701e-005
 3.763000e+002  1.819391e-005
 3.769187e+002  1.702325e-005
 3.775375e+002  1.911795e-005
 3.781562e+002  2.402180e-005
 3.787750e+002  2.684098e-005
 3.793937e+002  2.550956e-005
 3.800125e+002  2.116695e-005
 3.806312e+002  1.880651e-005
 3.812500e+002  2.382619e-005
 3.818687e+002  1.867443e-005
 3.824875e+002  1.899692e-005
 3.831062e+002  2.425523e-005
 3.837250e+002  2.288375e-005
 3.843437e+002  1.758616e-005
 3.849625e+002  1.697868e-005
 3.855812e+002  1.886873e-005
 3.862000e+002  2.141999e-005
 3.868187e+002  2.114290e-005
 3.874375e+002  2.018390e-005
 3.880562e+002  1.866957e-005
 3.886750e+002  1.517035e-005
 3.892937e+002  1.913064e-005
 3.899125e+002  1.891252e-005
 3.905312e+002  2.029738e-005
 3.911500e+002  2.147946e-005
 3.917687e+002  1.885677e-005
 3.923875e+002  1.919464e-005
 3.930062e+002  2.163014e-005
 3.936250e+002  1.852622e-005
 3.942437e+002  1.713935e-005
 3.948625e+002  2.042506e-005
 3.954812e+002  2.184718e-005
 3.961000e+002  2.217807e-005
 3.967187e+002  1.331823e-005
 3.973375e+002  1.953073e-005
 3.979562e+002  1.978677e-005
 3.985750e+002  2.342855e-005
 3.991937e+002  2.138696e-005
 3.998125e+002  1.635176e-005
 4.004312e+002  1.673155e-005
 4.010500e+002  1.866285e-005
 4.016687e+002  2.304515e-005
 4.022875e+002  1.685903e-005
 4.029062e+002  1.773908e-005
 4.035250e+002  1.349538e-005
 4.041437e+002  1.904782e-005
 4.047625e+002  1.858874e-005
 4.053812e+002  1.927090e-005
 4.060000e+002  2.309628e-005
 4.066187e+002  2.203085e-005
 4.072375e+002  2.135069e-005
 4.078562e+002  1.852321e-005
 4.084750e+002  1.783745e-005
 4.090937e+002  2.226801e-005
 4.097125e+002  2.426394e-005
 4.103312e+002  1.950408e-005
 4.109500e+002  1.161237e-005
 4.115687e+002  1.464765e-005
 4.121875e+002  2.326989e-005
 4.128062e+002  2.419739e-005
 4.134250e+002  2.173918e-005
 4.140437e+002  1.912404e-005
 4.146625e+002  1.893030e-005
 4.152812e+002  1.708905e-005
 4.159000e+002  1.995782e-005
 4.165187e+002  2.133098e-005
 4.171375e+002  2.644359e-005
 4.177562e+002  2.877000e-005
 4.183750e+002  2.590470e-005
 4.189937e+002  1.936070e-005
 4.196125e+002  2.046018e-005
 4.202312e+002  2.298434e-005
 4.208500e+002  2.120479e-005
 4.214687e+002  1.976105e-005
 4.220875e+002  2.064094e-005
 4.227062e+002  2.225422e-005
 4.233250e+002  2.290913e-005
 4.239437e+002  1.947789e-005
 4.245625e+002  2.115614e-005
 4.251812e+002  2.335132e-005
 4.258000e+002  2.277169e-005
 4.264187e+002  2.231394e-005
 4.270375e+002  1.979032e-005
 4.276562e+002  1.548988e-005
 4.282750e+002  2.000100e-005
 4.288937e+002  2.190711e-005
 4.295125e+002  2.332236e-005
 4.301312e+002  2.256884e-005
 4.307500e+002  1.997528e-005
 4.313687e+002  2.035990e-005
 4.319875e+002  1.954103e-005
 4.326062e+002  2.186798e-005
 4.332250e+002  1.986403e-005
 4.338437e+002  1.688734e-005
 4.344625e+002  1.889047e-005
 4.350812e+002  2.020100e-005
 4.357000e+002  2.229616e-005
 4.363187e+002  2.704297e-005
 4.369375e+002  1.806792e-005
 4.375562e+002  1.939854e-005
 4.381750e+002  2.207732e-005
 4.387937e+002  1.884355e-005
 4.394125e+002  1.942771e-005
 4.400312e+002  1.743315e-005
 4.406500e+002  1.594224e-005
 4.412687e+002  2.072903e-005
 4.418875e+002  2.468048e-005
 4.425062e+002  2.061403e-005
 4.431250e+002  1.977642e-005
 4.437437e+002  2.048719e-005
 4.443625e+002  1.872280e-005
 4.449812e+002  1.969465e-005
 4.456000e+002  1.542875e-005
 4.462187e+002  1.699126e-005
 4.468375e+002  2.103582e-005
 4.474562e+002  1.725191e-005
 4.480750e+002  1.743090e-005
 4.486937e+002  1.580415e-005
 4.493125e+002  1.930423e-005
 4.499312e+002  1.932586e-005
 4.505500e+002  1.683854e-005
 4.511687e+002  1.632372e-005
 4.517875e+002  1.487065e-005
 4.524062e+002  1.446285e-005
 4.530250e+002  2.093754e-005
 4.536437e+002  2.146781e-005
 4.542625e+002  1.854753e-005
 4.548812e+002  1.453480e-005
 4.555000e+002  1.869590e-005
 4.561187e+002  2.064666e-005
 4.567375e+002  1.910020e-005
 4.573562e+002  2.151918e-005
 4.579750e+002  1.967271e-005
 4.585937e+002  1.439257e-005
 4.592125e+002  1.713651e-005
 4.598312e+002  1.615723e-005
 4.604500e+002  1.892774e-005
 4.610687e+002  2.136090e-005
 4.616875e+002  2.050188e-005
 4.623062e+002  2.148538e-005
 4.629250e+002  1.542884e-005
 4.635437e+002  1.529407e-005
 4.641625e+002  1.671337e-005
 4.647812e+002  1.665540e-005
 4.654000e+002  1.873777e-005
 4.660187e+002  1.625199e-005
 4.666375e+002  1.815497e-005
 4.672562e+002  2.168752e-005
 4.678750e+002  1.917330e-005
 4.684937e+002  1.617458e-005
 4.691125e+002  1.625773e-005
 4.697312e+002  1.577168e-005
 4.703500e+002  1.454096e-005
 4.709687e+002  1.827564e-005
 4.715875e+002  2.066610e-005
 4.722062e+002  1.854268e-005
 4.728250e+002  1.904556e-005
 4.734437e+002  2.143073e-005
 4.740625e+002  2.047543e-005
 4.746812e+002  1.576782e-005
 4.753000e+002  1.609583e-005
 4.759187e+002  2.089739e-005
 4.765375e+002  2.104691e-005
 4.771562e+002  1.742448e-005
 4.777750e+002  1.671719e-005
 4.783937e+002  1.696900e-005
 4.790125e+002  1.544082e-005
 4.796312e+002  1.785201e-005
 4.802500e+002  1.480201e-005
 4.808687e+002  2.157643e-005
 4.814875e+002  2.008743e-005
 4.821062e+002  1.901050e-005
 4.827250e+002  1.539819e-005
 4.833437e+002  2.106835e-005
 4.839625e+002  1.675070e-005
 4.845812e+002  1.708117e-005
 4.852000e+002  1.495349e-005
 4.858187e+002  1.849730e-005
 4.864375e+002  1.696184e-005
 4.870562e+002  1.941852e-005
 4.876750e+002  2.054083e-005
 4.882937e+002  1.894566e-005
 4.889125e+002  1.782400e-005
 4.895312e+002  1.708351e-005
 4.901500e+002  1.839141e-005
 4.907687e+002  1.865395e-005
 4.913875e+002  1.661600e-005
 4.920062e+002  1.747473e-005
 4.926250e+002  1.328913e-005
 4.932437e+002  1.434484e-005
 4.938625e+002  1.820827e-005
 4.944812e+002  1.535862e-005
 4.951000e+002  1.587558e-005
 4.957187e+002  1.755531e-005
 4.963375e+002  1.802030e-005
 4.969562e+002  1.619421e-005
 4.975750e+002  1.607132e-005
 4.981937e+002  1.961968e-005
 4.988125e+002  1.786709e-005
 4.994312e+002  1.454392e-005
 5.000500e+002  1.650766e-005
 5.006687e+002  1.859149e-005
 5.012875e+002  1.923521e-005
 5.019062e+002  1.209857e-005
 5.025250e+002  1.899746e-005
 5.031437e+002  1.930245e-005
 5.037625e+002  1.887618e-005
 5.043812e+002  2.233785e-005
 5.050000e+002  2.347443e-005
 5.056187e+002  1.880767e-005
 5.062375e+002  1.612347e-005
 5.068562e+002  1.594898e-005
 5.074750e+002  1.861336e-005
 5.080937e+002  2.334921e-005
 5.087125e+002  2.115374e-005
 5.093312e+002  2.214802e-005
 5.099500e+002  2.307886e-005
 5.105687e+002  2.171052e-005
 5.111875e+002  1.868657e-005
 5.118062e+002  1.897278e-005
 5.124250e+002  1.877618e-005
 5.130437e+002  1.959459e-005
 5.136625e+002  1.789686e-005
 5.142812e+002  1.530711e-005
 5.149000e+002  1.758457e-005
 5.155187e+002  2.089085e-005
 5.161375e+002  1.817585e-005
 5.167562e+002  2.015081e-005
 5.173750e+002  2.029004e-005
 5.179937e+002  1.693771e-005
 5.186125e+002  1.955166e-005
 5.192312e+002  2.019881e-005
 5.198500e+002  1.789404e-005
 5.204687e+002  1.342869e-005
 5.210875e+002  1.584394e-005
 5.217062e+002  1.447496e-005
 5.223250e+002  1.457154e-005
 5.229437e+002  1.438889e-005
 5.235625e+002  2.254694e-005
 5.241812e+002  2.129337e-005
 5.248000e+002  1.931568e-005
 5.254187e+002  1.703698e-005
 5.260375e+002  1.584985e-005
 5.266562e+002  1.786428e-005
 5.272750e+002  1.827982e-005
 5.278937e+002  1.743168e-005
 5.285125e+002  1.361633e-005
 5.291312e+002  1.591381e-005
 5.297500e+002  1.472464e-005
 5.303687e+002  1.289112e-005
 5.309875e+002  1.800899e-005
 5.316062e+002  2.067610e-005
 5.322250e+002  1.774544e-005
 5.328437e+002  1.911759e-005
 5.334625e+002  1.944678e-005
 5.340812e+002  1.887586e-005
 5.347000e+002  1.682859e-005
 5.353187e+002  1.960487e-005
 5.359375e+002  1.747207e-005
 5.365562e+002  1.489447e-005
 5.371750e+002  1.534716e-005
 5.377937e+002  1.857200e-005
 5.384125e+002  1.653185e-005
 5.390312e+002  1.717854e-005
 5.396500e+002  1.660596e-005
 5.402687e+002  1.582995e-005
 5.408875e+002  1.872328e-005
 5.415062e+002  1.703220e-005
 5.421250e+002  1.517373e-005
 5.427437e+002  1.455526e-005
 5.433625e+002  1.416625e-005
 5.439812e+002  1.521644e-005
 5.446000e+002  1.849127e-005
 5.452187e+002  1.678227e-005
 5.458375e+002  1.654942e-005
 5.464562e+002  1.750715e-005
 5.470750e+002  1.638345e-005
 5.476937e+002  1.320684e-005
 5.483125e+002  1.435209e-005
 5.489312e+002  1.956235e-005
 5.495500e+002  2.089705e-005
 5.501687e+002  1.705243e-005
 5.507875e+002  1.942953e-005
 5.514062e+002  1.648636e-005
 5.520250e+002  1.308292e-005
 5.526437e+002  1.470074e-005
 5.532625e+002  1.323617e-005
 5.538812e+002  1.640984e-005
 5.545000e+002  1.626548e-005
 5.551187e+002  1.418847e-005
 5.557375e+002  1.587349e-005
 5.563562e+002  1.717758e-005
 5.569750e+002  1.615031e-005
 5.575937e+002  1.447342e-005
 5.582125e+002  1.346209e-005
 5.588312e+002  1.225440e-005
 5.594500e+002  1.813779e-005
 5.600687e+002  1.514076e-005
 5.606875e+002  1.406619e-005
 5.613062e+002  1.885349e-005
 5.619250e+002  1.870406e-005
 5.625437e+002  1.700849e-005
 5.631625e+002  1.686145e-005
 5.637812e+002  1.733727e-005
 5.644000e+002  1.804242e-005
 5.650187e+002  1.575898e-005
 5.656375e+002  1.277780e-005
 5.662562e+002  1.547826e-005
 5.668750e+002  1.725529e-005
 5.674937e+002  1.883056e-005
 5.681125e+002  1.691987e-005
 5.687312e+002  1.613569e-005
 5.693500e+002  1.513356e-005
 5.699687e+002  1.100258e-005
 5.705875e+002  1.323306e-005
 5.712062e+002  1.689981e-005
 5.718250e+002  2.099902e-005
 5.724437e+002  1.702235e-005
 5.730625e+002  1.414879e-005
 5.736812e+002  1.561571e-005
 5.743000e+002  1.569375e-005
 5.749187e+002  1.735366e-005
 5.755375e+002  1.980914e-005
 5.761562e+002  1.940467e-005
 5.767750e+002  1.819096e-005
 5.773937e+002  1.569437e-005
 5.780125e+002  1.604871e-005
 5.786312e+002  2.104897e-005
 5.792500e+002  1.793790e-005
 5.798687e+002  1.494386e-005
 5.804875e+002  1.746074e-005
 5.811062e+002  1.612444e-005
 5.817250e+002  1.464008e-005
 5.823437e+002  1.475730e-005
 5.829625e+002  1.475138e-005
 5.835812e+002  1.818818e-005
 5.842000e+002  1.309134e-005
 5.848187e+002  1.904062e-005
 5.854375e+002  2.025729e-005
 5.860562e+002  1.935106e-005
 5.866750e+002  1.611331e-005
 5.872937e+002  1.642408e-005
 5.879125e+002  1.231463e-005
 5.885312e+002  1.142829e-005
 5.891500e+002  1.605694e-005
 5.897687e+002  1.812382e-005
 5.903875e+002  1.731851e-005
 5.910062e+002  1.820072e-005
 5.916250e+002  1.817986e-005
 5.922437e+002  1.452264e-005
 5.928625e+002  1.352984e-005
 5.934812e+002  1.442275e-005
 5.941000e+002  1.571721e-005
 5.947187e+002  2.023200e-005
 5.953375e+002  1.835063e-005
 5.959562e+002  1.276927e-005
 5.965750e+002  1.017458e-005
 5.971937e+002  1.371494e-005
 5.978125e+002  1.635923e-005
 5.984312e+002  1.326914e-005
 5.990500e+002  1.504501e-005
 5.996687e+002  1.520937e-005
 6.002875e+002  1.561234e-005
 6.009062e+002  1.724661e-005
 6.015250e+002  1.803661e-005
 6.021437e+002  1.793480e-005
 6.027625e+002  1.472041e-005
 6.033812e+002  1.431880e-005
 6.040000e+002  1.363794e-005
 6.046187e+002  1.801154e-005
 6.052375e+002  2.140841e-005
 6.058562e+002  1.748971e-005
 6.064750e+002  1.380323e-005
 6.070937e+002  1.335609e-005
 6.077125e+002  1.456953e-005
 6.083312e+002  1.477270e-005
 6.089500e+002  1.435939e-005
 6.095687e+002  1.475822e-005
 6.101875e+002  1.433146e-005
 6.108062e+002  1.718469e-005
 6.114250e+002  1.831243e-005
 6.120437e+002  1.626455e-005
 6.126625e+002  1.292848e-005
 6.132812e+002  1.375106e-005
 6.139000e+002  1.497253e-005
 6.145187e+002  1.500326e-005
 6.151375e+002  1.556897e-005
 6.157562e+002  1.542963e-005
 6.163750e+002  1.288700e-005
 6.169937e+002  1.347001e-005
 6.176125e+002  1.816533e-005
 6.182312e+002  1.746135e-005
 6.188500e+002  1.317411e-005
 6.194687e+002  1.792483e-005
 6.200875e+002  1.895139e-005
 6.207062e+002  1.629295e-005
 6.213250e+002  1.546239e-005
 6.219437e+002  1.400847e-005
 6.225625e+002  1.636607e-005
 6.231812e+002  1.898772e-005
 6.238000e+002  2.023284e-005
 6.244187e+002  1.310637e-005
 6.250375e+002  1.336738e-005
 6.256562e+002  1.576425e-005
 6.262750e+002  1.467703e-005
 6.268937e+002  1.144247e-005
 6.275125e+002  1.435621e-005
 6.281312e+002  1.465472e-005
 6.287500e+002  1.082123e-005
 6.293687e+002  1.370361e-005
 6.299875e+002  1.685741e-005
 6.306062e+002  1.762693e-005
 6.312250e+002  1.517899e-005
 6.318437e+002  1.297923e-005
 6.324625e+002  1.289102e-005
 6.330812e+002  1.792105e-005
 6.337000e+002  1.588838e-005
 6.343187e+002  1.415991e-005
 6.349375e+002  1.224970e-005
 6.355562e+002  1.376618e-005
 6.361750e+002  1.521300e-005
 6.367937e+002  1.489456e-005
 6.374125e+002  1.522551e-005
 6.380312e+002  1.774390e-005
 6.386500e+002  1.780340e-005
 6.392687e+002  1.767373e-005
 6.398875e+002  1.713264e-005
 6.405062e+002  1.522074e-005
 6.411250e+002  1.379816e-005
 6.417437e+002  1.522506e-005
 6.423625e+002  1.360632e-005
 6.429812e+002  1.364242e-005
 6.436000e+002  1.193757e-005
 6.442187e+002  1.542030e-005
 6.448375e+002  1.457704e-005
 6.454562e+002  1.378129e-005
 6.460750e+002  1.727506e-005
 6.466937e+002  1.799946e-005
 6.473125e+002  1.279118e-005
 6.479312e+002  1.430737e-005
 6.485500e+002  1.784848e-005
 6.491687e+002  1.690183e-005
 6.497875e+002  1.469123e-005
 6.504062e+002  1.422897e-005
 6.510250e+002  1.412050e-005
 6.516437e+002  1.476098e-005
 6.522625e+002  1.402237e-005
 6.528812e+002  1.697866e-005
 6.535000e+002  1.476721e-005
 6.541187e+002  1.954722e-005
 6.547375e+002  1.624580e-005
 6.553562e+002  1.745780e-005
 6.559750e+002  1.149532e-005
 6.565937e+002  1.298993e-005
 6.572125e+002  1.180076e-005
 6.578312e+002  1.328673e-005
 6.584500e+002  1.503100e-005
 6.590687e+002  1.524976e-005
 6.596875e+002  1.305871e-005
 6.603062e+002  1.253722e-005
 6.609250e+002  1.291901e-005
 6.615437e+002  1.462935e-005
 6.621625e+002  1.422653e-005
 6.627812e+002  1.439130e-005
 6.634000e+002  1.533188e-005
 6.640187e+002  1.645031e-005
 6.646375e+002  1.238396e-005
 6.652562e+002  1.090291e-005
 6.658750e+002  1.526443e-005
 6.664937e+002  1.303052e-005
 6.671125e+002  1.191787e-005
 6.677312e+002  1.285753e-005
 6.683500e+002  1.369258e-005
 6.689687e+002  1.658792e-005
 6.695875e+002  1.601030e-005
 6.702062e+002  1.178363e-005
 6.708250e+002  1.225931e-005
 6.714437e+002  1.276039e-005
 6.720625e+002  1.623919e-005
 6.726812e+002  1.577557e-005
 6.733000e+002  1.478494e-005
 6.739187e+002  1.674208e-005
 6.745375e+002  1.584701e-005
 6.751562e+002  1.576600e-005
 6.757750e+002  1.643925e-005
 6.763937e+002  1.614012e-005
 6.770125e+002  1.749009e-005
 6.776312e+002  1.488180e-005
 6.782500e+002  1.397239e-005
 6.788687e+002  1.470696e-005
 6.794875e+002  1.411750e-005
 6.801062e+002  1.406772e-005
 6.807250e+002  1.369861e-005
 6.813437e+002  1.328848e-005
 6.819625e+002  1.511951e-005
 6.825812e+002  1.555579e-005
 6.832000e+002  1.405805e-005
 6.838187e+002  2.070060e-005
 6.844375e+002  1.953057e-005
 6.850562e+002  1.237836e-005
 6.856750e+002  9.588922e-006
 6.862937e+002  1.236864e-005
 6.869125e+002  1.514634e-005
 6.875312e+002  1.342005e-005
 6.881500e+002  1.308165e-005
 6.887687e+002  1.293992e-005
 6.893875e+002  1.364847e-005
 6.900062e+002  1.342245e-005
 6.906250e+002  1.318034e-005
 6.912437e+002  1.306198e-005
 6.918625e+002  1.160692e-005
 6.924812e+002  1.414236e-005
 6.931000e+002  1.556751e-005
 6.937187e+002  1.354349e-005
 6.943375e+002  9.722577e-006
 6.949562e+002  1.507726e-005
 6.955750e+002  1.543121e-005
 6.961937e+002  1.347185e-005
 6.968125e+002  1.333659e-005
 6.974312e+002  1.123643e-005
 6.980500e+002  1.314822e-005
 6.986687e+002  1.811712e-005
 6.992875e+002  1.407517e-005
 6.999062e+002  1.389246e-005
 7.005250e+002  1.314589e-005
 7.011437e+002  1.349451e-005
 7.017625e+002  1.293197e-005
 7.023812e+002  1.349100e-005
 7.030000e+002  1.456925e-005
 7.036187e+002  1.404868e-005
 7.042375e+002  1.312936e-005
 7.048562e+002  1.268407e-005
 7.054750e+002  1.157403e-005
 7.060937e+002  1.358623e-005
 7.067125e+002  1.573583e-005
 7.073312e+002  1.608338e-005
 7.079500e+002  1.646761e-005
 7.085687e+002  1.481082e-005
 7.091875e+002  1.291490e-005
 7.098062e+002  1.154024e-005
 7.104250e+002  1.211537e-005
 7.110437e+002  1.287851e-005
 7.116625e+002  1.200590e-005
 7.122812e+002  1.381605e-005
 7.129000e+002  1.254067e-005
 7.135187e+002  1.153653e-005
 7.141375e+002  1.276791e-005
 7.147562e+002  1.248482e-005
 7.153750e+002  1.209821e-005
 7.159937e+002  1.348726e-005
 7.166125e+002  1.269035e-005
 7.172312e+002  1.218815e-005
 7.178500e+002  1.309244e-005
 7.184687e+002  1.381119e-005
 7.190875e+002  1.390132e-005
 7.197062e+002  1.533086e-005
 7.203250e+002  1.229816e-005
 7.209437e+002  1.297803e-005
 7.215625e+002  1.191810e-005
 7.221812e+002  1.275244e-005
 7.228000e+002  1.588970e-005
 7.234187e+002  1.398321e-005
 7.240375e+002  1.254024e-005
 7.246562e+002  1.243192e-005
 7.252750e+002  1.250491e-005
 7.258937e+002  1.218307e-005
 7.265125e+002  1.067835e-005
 7.271312e+002  1.015334e-005
 7.277500e+002  1.125100e-005
 7.283687e+002  1.049379e-005
 7.289875e+002  1.402727e-005
 7.296062e+002  1.663971e-005
 7.302250e+002  1.545658e-005
 7.308437e+002  1.456096e-005
 7.314625e+002  1.426108e-005
 7.320812e+002  1.251729e-005
 7.327000e+002  1.253110e-005
 7.333187e+002  1.098537e-005
 7.339375e+002  1.317157e-005
 7.345562e+002  1.468995e-005
 7.351750e+002  1.588860e-005
 7.357937e+002  1.539927e-005
 7.364125e+002  1.432877e-005
 7.370312e+002  1.054151e-005
 7.376500e+002  1.275207e-005
 7.382687e+002  1.470078e-005
 7.388875e+002  1.521732e-005
 7.395062e+002  1.408399e-005
 7.401250e+002  1.294744e-005
 7.407437e+002  1.441974e-005
 7.413625e+002  1.584187e-005
 7.419812e+002  1.426513e-005
 7.426000e+002  1.243330e-005
 7.432187e+002  1.122531e-005
 7.438375e+002  1.327892e-005
 7.444562e+002  1.431514e-005
 7.450750e+002  1.262531e-005
 7.456937e+002  1.172193e-005
 7.463125e+002  1.124591e-005
 7.469312e+002  1.262636e-005
 7.475500e+002  1.281441e-005
 7.481687e+002  1.221731e-005
 7.487875e+002  1.370888e-005
 7.494062e+002  1.553301e-005
 7.500250e+002  1.741747e-005
 7.506437e+002  1.270441e-005
 7.512625e+002  1.037878e-005
 7.518812e+002  1.023331e-005
 7.525000e+002  1.107269e-005
 7.531187e+002  1.113764e-005
 7.537375e+002  1.398371e-005
 7.543562e+002  1.355606e-005
 7.549750e+002  1.455647e-005
 7.555937e+002  1.357054e-005
 7.562125e+002  1.214686e-005
 7.568312e+002  1.134870e-005
 7.574500e+002  1.219232e-005
 7.580687e+002  1.234572e-005
 7.586875e+002  1.348807e-005
 7.593062e+002  1.288844e-005
 7.599250e+002  1.186920e-005
 7.605437e+002  1.337709e-005
 7.611625e+002  1.267815e-005
 7.617812e+002  1.262928e-005
 7.624000e+002  9.823117e-006
 7.630187e+002  1.090421e-005
 7.636375e+002  1.364697e-005
 7.642562e+002  1.202279e-005
 7.648750e+002  9.736189e-006
 7.654937e+002  1.205125e-005
 7.661125e+002  1.158868e-005
 7.667312e+002  1.131642e-005
 7.673500e+002  1.061441e-005
 7.679687e+002  9.595483e-006
 7.685875e+002  1.105141e-005
 7.692062e+002  1.005509e-005
 7.698250e+002  1.060196e-005
 7.704437e+002  1.338326e-005
 7.710625e+002  1.311443e-005
 7.716812e+002  1.320631e-005
 7.723000e+002  1.453127e-005
 7.729187e+002  1.173463e-005
 7.735375e+002  1.245414e-005
 7.741562e+002  1.535716e-005
 7.747750e+002  1.505997e-005
 7.753937e+002  1.569433e-005
 7.760125e+002  1.426771e-005
 7.766312e+002  1.315246e-005
 7.772500e+002  1.211136e-005
 7.778687e+002  1.067517e-005
 7.784875e+002  1.232363e-005
 7.791062e+002  1.030013e-005
 7.797250e+002  8.793056e-006
 7.803437e+002  1.136887e-005
 7.809625e+002  1.065306e-005
 7.815812e+002  1.172733e-005
 7.822000e+002  1.186779e-005
 7.828187e+002  1.335514e-005
 7.834375e+002  1.468909e-005
 7.840562e+002  1.636079e-005
 7.846750e+002  1.615000e-005
 7.852937e+002  1.519024e-005
 7.859125e+002  1.633008e-005
 7.865312e+002  1.420405e-005
 7.871500e+002  1.226287e-005
 7.877687e+002  1.265063e-005
 7.883875e+002  1.392273e-005
 7.890062e+002  1.491952e-005
 7.896250e+002  1.273520e-005
 7.902437e+002  1.311076e-005
 7.908625e+002  1.391160e-005
 7.914812e+002  1.527640e-005
 7.921000e+002  1.401193e-005
 7.927187e+002  1.069353e-005
 7.933375e+002  1.161901e-005
 7.939562e+002  1.486841e-005
 7.945750e+002  1.218943e-005
 7.951937e+002  1.362428e-005
 7.958125e+002  1.331926e-005
 7.964312e+002  1.193454e-005
 7.970500e+002  1.162381e-005
 7.976687e+002  1.409009e-005
 7.982875e+002  1.510701e-005
 7.989062e+002  1.366744e-005
 7.995250e+002  1.403554e-005
 8.001437e+002  1.323022e-005
 8.007625e+002  1.200477e-005
 8.013812e+002  1.307693e-005
 8.020000e+002  1.212230e-005
 8.026187e+002  1.535910e-005
 8.032375e+002  1.587316e-005
 8.038562e+002  1.281708e-005
 8.044750e+002  1.242850e-005
 8.050937e+002  1.298241e-005
 8.057125e+002  8.863405e-006
 8.063312e+002  1.067892e-005
 8.069500e+002  1.286347e-005
 8.075687e+002  1.308640e-005
 8.081875e+002  1.313216e-005
 8.088062e+002  1.203349e-005
 8.094250e+002  1.005221e-005
 8.100437e+002  1.109292e-005
 8.106625e+002  1.252061e-005
 8.112812e+002  1.480700e-005
 8.119000e+002  1.382955e-005
 8.125187e+002  1.210271e-005
 8.131375e+002  1.614883e-005
 8.137562e+002  1.255339e-005
 8.143750e+002  1.168799e-005
 8.149937e+002  1.235601e-005
 8.156125e+002  1.272629e-005
 8.162312e+002  1.184460e-005
 8.168500e+002  1.295657e-005
 8.174687e+002  1.234663e-005
 8.180875e+002  1.500060e-005
 8.187062e+002  1.473826e-005
 8.193250e+002  1.171211e-005
 8.199437e+002  1.274379e-005
 8.205625e+002  1.390576e-005
 8.211812e+002  1.414856e-005
 8.218000e+002  1.398458e-005
 8.224187e+002  1.394966e-005
 8.230375e+002  1.453544e-005
 8.236562e+002  1.408716e-005
 8.242750e+002  1.325043e-005
 8.248937e+002  1.228657e-005
 8.255125e+002  1.098634e-005
 8.261312e+002  1.232287e-005
 8.267500e+002  1.226341e-005
 8.273687e+002  1.096385e-005
 8.279875e+002  1.275649e-005
 8.286062e+002  1.312693e-005
 8.292250e+002  1.233157e-005
 8.298437e+002  1.426769e-005
 8.304625e+002  1.529362e-005
 8.310812e+002  1.241097e-005
 8.317000e+002  1.201106e-005
 8.323187e+002  1.464695e-005
 8.329375e+002  1.503505e-005
 8.335562e+002  1.376067e-005
 8.341750e+002  9.458515e-006
 8.347937e+002  9.820200e-006
 8.354125e+002  1.308407e-005
 8.360312e+002  1.453523e-005
 8.366500e+002  1.134544e-005
 8.372687e+002  1.095817e-005
 8.378875e+002  1.185780e-005
 8.385062e+002  1.299345e-005
 8.391250e+002  1.105404e-005
 8.397437e+002  1.181748e-005
 8.403625e+002  1.168479e-005
 8.409812e+002  1.061846e-005
 8.416000e+002  1.140555e-005
 8.422187e+002  1.098316e-005
 8.428375e+002  1.101059e-005
 8.434562e+002  9.068074e-006
 8.440750e+002  1.159759e-005
 8.446937e+002  1.032405e-005
 8.453125e+002  8.800136e-006
 8.459312e+002  1.133214e-005
 8.465500e+002  1.503843e-005
 8.471687e+002  1.170779e-005
 8.477875e+002  1.221886e-005
 8.484062e+002  1.086248e-005
 8.490250e+002  1.024395e-005
 8.496437e+002  1.357753e-005
 8.502625e+002  1.447068e-005
 8.508812e+002  1.319770e-005
 8.515000e+002  1.132510e-005
 8.521187e+002  1.253281e-005
 8.527375e+002  1.176242e-005
 8.533562e+002  9.173352e-006
 8.539750e+002  1.314931e-005
 8.545937e+002  1.542835e-005
 8.552125e+002  1.264622e-005
 8.558312e+002  1.124240e-005
 8.564500e+002  1.291069e-005
 8.570687e+002  1.268073e-005
 8.576875e+002  1.097130e-005
 8.583062e+002  1.206305e-005
 8.589250e+002  1.163833e-005
 8.595437e+002  1.039351e-005
 8.601625e+002  1.208855e-005
 8.607812e+002  1.129057e-005
 8.614000e+002  1.054482e-005
 8.620187e+002  1.107365e-005
 8.626375e+002  9.579888e-006
 8.632562e+002  1.375894e-005
 8.638750e+002  1.255249e-005
 8.644937e+002  1.095897e-005
 8.651125e+002  1.134765e-005
 8.657312e+002  1.348864e-005
 8.663500e+002  1.334687e-005
 8.669687e+002  1.232576e-005
 8.675875e+002  1.067804e-005
 8.682062e+002  8.909488e-006
 8.688250e+002  1.094792e-005
 8.694437e+002  1.062271e-005
 8.700625e+002  1.180302e-005
 8.706812e+002  1.098670e-005
 8.713000e+002  1.055758e-005
 8.719187e+002  1.101995e-005
 8.725375e+002  1.101685e-005
 8.731562e+002  9.789022e-006
 8.737750e+002  1.292708e-005
 8.743937e+002  1.260265e-005
 8.750125e+002  1.226293e-005
 8.756312e+002  1.156452e-005
 8.762500e+002  9.018592e-006
 8.768687e+002  1.116336e-005
 8.774875e+002  1.313118e-005
 8.781062e+002  1.170451e-005
 8.787250e+002  1.455247e-005
 8.793437e+002  1.592868e-005
 8.799625e+002  1.267810e-005
 8.805812e+002  1.102766e-005
 8.812000e+002  1.276806e-005
 8.818187e+002  1.267905e-005
 8.824375e+002  1.433472e-005
 8.830562e+002  1.331239e-005
 8.836750e+002  1.187976e-005
 8.842937e+002  1.067237e-005
 8.849125e+002  1.105476e-005
 8.855312e+002  1.068470e-005
 8.861500e+002  1.449101e-005
 8.867687e+002  1.690273e-005
 8.873875e+002  1.362330e-005
 8.880062e+002  9.398049e-006
 8.886250e+002  1.404413e-005
 8.892437e+002  1.309687e-005
 8.898625e+002  1.191864e-005
 8.904812e+002  1.207065e-005
 8.911000e+002  1.131258e-005
 8.917187e+002  1.082871e-005
 8.923375e+002  1.140538e-005
 8.929562e+002  1.131357e-005
 8.935750e+002  9.176985e-006
 8.941937e+002  7.759565e-006
 8.948125e+002  8.006499e-006
 8.954312e+002  1.320907e-005
 8.960500e+002  1.458821e-005
 8.966687e+002  1.451683e-005
 8.972875e+002  1.045740e-005
 8.979062e+002  9.684437e-006
 8.985250e+002  1.000396e-005
 8.991437e+002  1.166694e-005
 8.997625e+002  1.306689e-005
 9.003812e+002  1.199409e-005
 9.010000e+002  1.177768e-005
 9.016187e+002  9.953567e-006
 9.022375e+002  9.672667e-006
 9.028562e+002  1.072550e-005
 9.034750e+002  1.225632e-005
 9.040937e+002  1.300060e-005
 9.047125e+002  1.065685e-005
 9.053312e+002  8.100411e-006
 9.059500e+002  1.054270e-005
 9.065687e+002  1.347381e-005
 9.071875e+002  1.257557e-005
 9.078062e+002  1.017356e-005
 9.084250e+002  1.213428e-005
 9.090437e+002  1.146915e-005
 9.096625e+002  1.179566e-005
 9.102812e+002  1.301332e-005
 9.109000e+002  1.171887e-005
 9.115187e+002  1.364704e-005
 9.121375e+002  1.410993e-005
 9.127562e+002  1.243551e-005
 9.133750e+002  9.847353e-006
 9.139937e+002  1.125434e-005
 9.146125e+002  1.077739e-005
 9.152312e+002  1.203962e-005
 9.158500e+002  1.106665e-005
 9.164687e+002  1.161840e-005
 9.170875e+002  1.083393e-005
 9.177062e+002  8.668799e-006
 9.183250e+002  1.075782e-005
 9.189437e+002  1.010549e-005
 9.195625e+002  1.067244e-005
 9.201812e+002  1.139925e-005
 9.208000e+002  1.161070e-005
 9.214187e+002  1.335603e-005
 9.220375e+002  1.403239e-005
 9.226562e+002  1.063955e-005
 9.232750e+002  1.083139e-005
 9.238937e+002  1.209729e-005
 9.245125e+002  9.869717e-006
 9.251312e+002  1.165379e-005
 9.257500e+002  1.329321e-005
 9.263687e+002  1.167576e-005
 9.269875e+002  1.234434e-005
 9.276062e+002  1.300878e-005
 9.282250e+002  1.165947e-005
 9.288437e+002  8.581409e-006
 9.294625e+002  1.040293e-005
 9.300812e+002  9.228465e-006
 9.307000e+002  7.909075e-006
 9.313187e+002  1.070710e-005
 9.319375e+002  1.153666e-005
 9.325562e+002  8.878874e-006
 9.331750e+002  1.203801e-005
 9.337937e+002  1.141641e-005
 9.344125e+002  1.053682e-005
 9.350312e+002  8.722363e-006
 9.356500e+002  9.870249e-006
 9.362687e+002  1.177946e-005
 9.368875e+002  1.180278e-005
 9.375062e+002  1.031513e-005
 9.381250e+002  1.013078e-005
 9.387437e+002  1.003050e-005
 9.393625e+002  1.081064e-005
 9.399812e+002  1.262980e-005
 9.406000e+002  1.108547e-005
 9.412187e+002  1.124183e-005
 9.418375e+002  8.557555e-006
 9.424562e+002  1.049435e-005
 9.430750e+002  1.012145e-005
 9.436937e+002  1.062545e-005
 9.443125e+002  1.015025e-005
 9.449312e+002  9.458601e-006
 9.455500e+002  1.164211e-005
 9.461687e+002  1.283084e-005
 9.467875e+002  1.304801e-005
 9.474062e+002  1.042758e-005
 9.480250e+002  8.307826e-006
 9.486437e+002  9.615862e-006
 9.492625e+002  1.121979e-005
 9.498812e+002  1.311502e-005
 9.505000e+002  1.112254e-005
 9.511187e+002  1.057555e-005
 9.517375e+002  1.146774e-005
 9.523562e+002  1.133777e-005
 9.529750e+002  9.252705e-006
 9.535937e+002  7.698107e-006
 9.542125e+002  9.786625e-006
 9.548312e+002  1.447206e-005
 9.554500e+002  1.357351e-005
 9.560687e+002  1.128558e-005
 9.566875e+002  1.024925e-005
 9.573062e+002  9.780218e-006
 9.579250e+002  1.215470e-005
 9.585437e+002  1.067968e-005
 9.591625e+002  1.086594e-005
 9.597812e+002  9.909683e-006
 9.604000e+002  8.539504e-006
 9.610187e+002  9.803315e-006
 9.616375e+002  7.769139e-006
 9.622562e+002  9.240437e-006
 9.628750e+002  1.258413e-005
 9.634937e+002  1.127312e-005
 9.641125e+002  1.003951e-005
 9.647312e+002  1.200695e-005
 9.653500e+002  1.156919e-005
 9.659687e+002  1.036216e-005
 9.665875e+002  1.055527e-005
 9.672062e+002  1.190592e-005
 9.678250e+002  1.248328e-005
 9.684437e+002  1.334735e-005
 9.690625e+002  9.901808e-006
 9.696812e+002  9.294197e-006
 9.703000e+002  8.501925e-006
 9.709187e+002  8.573781e-006
 9.715375e+002  9.712288e-006
 9.721562e+002  1.012443e-005
 9.727750e+002  8.620517e-006
 9.733937e+002  1.032547e-005
 9.740125e+002  1.212617e-005
 9.746312e+002  9.538177e-006
 9.752500e+002  8.144339e-006
 9.758687e+002  1.033286e-005
 9.764875e+002  1.019434e-005
 9.771062e+002  1.298522e-005
 9.777250e+002  1.145787e-005
 9.783437e+002  9.628912e-006
 9.789625e+002  8.853871e-006
 9.795812e+002  8.810536e-006
 9.802000e+002  9.653052e-006
 9.808187e+002  1.165587e-005
 9.814375e+002  1.004468e-005
 9.820562e+002  7.139254e-006
 9.826750e+002  7.167754e-006
 9.832937e+002  1.139648e-005
 9.839125e+002  1.284712e-005
 9.845312e+002  1.311109e-005
 9.851500e+002  1.276291e-005
 9.857687e+002  9.247504e-006
 9.863875e+002  9.841621e-006
 9.870062e+002  1.129346e-005
 9.876250e+002  1.127428e-005
 9.882437e+002  1.052146e-005
 9.888625e+002  1.016058e-005
 9.894812e+002  8.703694e-006
 9.901000e+002  1.006710e-005
 9.907187e+002  1.172092e-005
 9.913375e+002  1.208371e-005
 9.919562e+002  1.137449e-005
 9.925750e+002  1.274704e-005
 9.931937e+002  1.116897e-005
 9.938125e+002  9.505573e-006
 9.944312e+002  9.122951e-006
 9.950500e+002  8.339523e-006
 9.956687e+002  9.896582e-006
 9.962875e+002  9.558342e-006
 9.969062e+002  1.056994e-005
 9.975250e+002  9.058171e-006
 9.981437e+002  9.357335e-006
 9.987625e+002  1.286182e-005
 9.993812e+002  1.159372e-005
 1.000000e+003  1.162444e-005
