 1.000000e+000  6.772963e-004
 1.247500e+000  4.079448e-004
 1.495000e+000  3.293900e-004
 1.742500e+000  1.995926e-004
 1.990000e+000  2.314686e-004
 2.237500e+000  2.290872e-004
 2.485000e+000  2.121526e-004
 2.732500e+000  2.055308e-004
 2.980000e+000  1.024302e-004
 3.227500e+000  1.158638e-004
 3.475000e+000  9.877322e-005
 3.722500e+000  1.067104e-004
 3.970000e+000  1.190189e-004
 4.217500e+000  5.272961e-005
 4.465000e+000  9.563106e-005
 4.712500e+000  8.217030e-005
 4.960000e+000  5.133523e-005
 5.207500e+000  5.562364e-005
 5.455000e+000  7.937677e-005
 5.702500e+000  9.311420e-005
 5.950000e+000  1.045174e-004
 6.197500e+000  1.004779e-004
 6.445000e+000  9.031396e-005
 6.692500e+000  7.745785e-005
 6.940000e+000  6.677497e-005
 7.187500e+000  8.472389e-005
 7.435000e+000  6.779357e-005
 7.682500e+000  6.550449e-005
 7.930000e+000  8.817476e-005
 8.177500e+000  9.143017e-005
 8.425000e+000  5.610215e-005
 8.672500e+000  4.696039e-005
 8.920000e+000  4.647463e-005
 9.167500e+000  5.579498e-005
 9.415000e+000  6.053751e-005
 9.662500e+000  5.650032e-005
 9.910000e+000  6.410187e-005
 1.015750e+001  3.976711e-005
 1.040500e+001  4.252342e-005
 1.065250e+001  6.280291e-005
 1.090000e+001  7.229406e-005
 1.114750e+001  7.202719e-005
 1.139500e+001  7.017114e-005
 1.164250e+001  5.416760e-005
 1.189000e+001  6.008288e-005
 1.213750e+001  7.469281e-005
 1.238500e+001  8.764801e-005
 1.263250e+001  6.503327e-005
 1.288000e+001  4.579065e-005
 1.312750e+001  7.070107e-005
 1.337500e+001  9.316737e-005
 1.362250e+001  6.993067e-005
 1.387000e+001  5.525775e-005
 1.411750e+001  4.064359e-005
 1.436500e+001  4.692398e-005
 1.461250e+001  6.744229e-005
 1.486000e+001  5.572217e-005
 1.510750e+001  5.872187e-005
 1.535500e+001  6.725014e-005
 1.560250e+001  6.804300e-005
 1.585000e+001  5.722513e-005
 1.609750e+001  6.884364e-005
 1.634500e+001  6.161688e-005
 1.659250e+001  7.487630e-005
 1.684000e+001  7.814165e-005
 1.708750e+001  4.821174e-005
 1.733500e+001  4.301102e-005
 1.758250e+001  5.051621e-005
 1.783000e+001  3.487448e-005
 1.807750e+001  3.130120e-005
 1.832500e+001  4.854604e-005
 1.857250e+001  4.890876e-005
 1.882000e+001  4.641055e-005
 1.906750e+001  3.709409e-005
 1.931500e+001  2.334293e-005
 1.956250e+001  5.283512e-005
 1.981000e+001  4.373928e-005
 2.005750e+001  4.289161e-005
 2.030500e+001  4.202775e-005
 2.055250e+001  4.977126e-005
 2.080000e+001  5.340488e-005
 2.104750e+001  3.563964e-005
 2.129500e+001  4.539048e-005
 2.154250e+001  5.327818e-005
 2.179000e+001  4.075399e-005
 2.203750e+001  3.993045e-005
 2.228500e+001  4.563371e-005
 2.253250e+001  3.386302e-005
 2.278000e+001  5.153180e-005
 2.302750e+001  5.987043e-005
 2.327500e+001  4.820857e-005
 2.352250e+001  4.698059e-005
 2.377000e+001  5.460869e-005
 2.401750e+001  4.017305e-005
 2.426500e+001  3.560868e-005
 2.451250e+001  3.028802e-005
 2.476000e+001  4.676986e-005
 2.500750e+001  7.049692e-005
 2.525500e+001  6.114864e-005
 2.550250e+001  4.267380e-005
 2.575000e+001  5.714681e-005
 2.599750e+001  5.697009e-005
 2.624500e+001  4.470898e-005
 2.649250e+001  7.450664e-005
 2.674000e+001  6.640619e-005
 2.698750e+001  4.695914e-005
 2.723500e+001  4.378316e-005
 2.748250e+001  3.048232e-005
 2.773000e+001  4.908870e-005
 2.797750e+001  5.594691e-005
 2.822500e+001  5.690628e-005
 2.847250e+001  6.558953e-005
 2.872000e+001  6.163822e-005
 2.896750e+001  2.817247e-005
 2.921500e+001  3.446454e-005
 2.946250e+001  4.651233e-005
 2.971000e+001  4.509408e-005
 2.995750e+001  5.270162e-005
 3.020500e+001  5.273152e-005
 3.045250e+001  4.822096e-005
 3.070000e+001  4.275459e-005
 3.094750e+001  5.906805e-005
 3.119500e+001  5.766497e-005
 3.144250e+001  5.936794e-005
 3.169000e+001  4.383652e-005
 3.193750e+001  2.267356e-005
 3.218500e+001  3.623348e-005
 3.243250e+001  3.625873e-005
 3.268000e+001  3.781638e-005
 3.292750e+001  4.674229e-005
 3.317500e+001  5.058254e-005
 3.342250e+001  6.164089e-005
 3.367000e+001  6.052017e-005
 3.391750e+001  4.836265e-005
 3.416500e+001  4.016462e-005
 3.441250e+001  3.326642e-005
 3.466000e+001  4.198093e-005
 3.490750e+001  4.203316e-005
 3.515500e+001  3.137281e-005
 3.540250e+001  4.044171e-005
 3.565000e+001  3.846286e-005
 3.589750e+001  3.619996e-005
 3.614500e+001  5.159548e-005
 3.639250e+001  4.525503e-005
 3.664000e+001  3.573366e-005
 3.688750e+001  3.160707e-005
 3.713500e+001  2.933677e-005
 3.738250e+001  3.035108e-005
 3.763000e+001  3.570173e-005
 3.787750e+001  3.655736e-005
 3.812500e+001  4.192648e-005
 3.837250e+001  5.696576e-005
 3.862000e+001  4.533459e-005
 3.886750e+001  3.202847e-005
 3.911500e+001  3.032747e-005
 3.936250e+001  3.293336e-005
 3.961000e+001  3.700489e-005
 3.985750e+001  3.452603e-005
 4.010500e+001  2.719259e-005
 4.035250e+001  3.920352e-005
 4.060000e+001  3.348082e-005
 4.084750e+001  4.280910e-005
 4.109500e+001  3.238429e-005
 4.134250e+001  2.827506e-005
 4.159000e+001  5.928319e-005
 4.183750e+001  6.027460e-005
 4.208500e+001  3.980195e-005
 4.233250e+001  4.025195e-005
 4.258000e+001  3.998021e-005
 4.282750e+001  4.986063e-005
 4.307500e+001  4.648991e-005
 4.332250e+001  3.672037e-005
 4.357000e+001  3.967026e-005
 4.381750e+001  3.527070e-005
 4.406500e+001  4.270338e-005
 4.431250e+001  4.048586e-005
 4.456000e+001  2.426870e-005
 4.480750e+001  3.064208e-005
 4.505500e+001  4.340527e-005
 4.530250e+001  4.526059e-005
 4.555000e+001  4.135339e-005
 4.579750e+001  5.780221e-005
 4.604500e+001  5.066679e-005
 4.629250e+001  3.910570e-005
 4.654000e+001  3.459941e-005
 4.678750e+001  1.888169e-005
 4.703500e+001  3.236649e-005
 4.728250e+001  4.034510e-005
 4.753000e+001  3.043665e-005
 4.777750e+001  1.591831e-005
 4.802500e+001  3.315226e-005
 4.827250e+001  3.783387e-005
 4.852000e+001  2.648983e-005
 4.876750e+001  3.089928e-005
 4.901500e+001  3.938382e-005
 4.926250e+001  3.939915e-005
 4.951000e+001  4.522508e-005
 4.975750e+001  3.545087e-005
 5.000500e+001  3.617824e-005
 5.025250e+001  3.773656e-005
 5.050000e+001  2.685164e-005
 5.074750e+001  4.707382e-005
 5.099500e+001  5.483014e-005
 5.124250e+001  4.108924e-005
 5.149000e+001  4.425618e-005
 5.173750e+001  3.870104e-005
 5.198500e+001  3.943680e-005
 5.223250e+001  2.834641e-005
 5.248000e+001  1.599827e-005
 5.272750e+001  2.389453e-005
 5.297500e+001  3.517252e-005
 5.322250e+001  2.820472e-005
 5.347000e+001  3.174566e-005
 5.371750e+001  4.293565e-005
 5.396500e+001  2.804342e-005
 5.421250e+001  3.681491e-005
 5.446000e+001  3.166539e-005
 5.470750e+001  2.194880e-005
 5.495500e+001  2.415942e-005
 5.520250e+001  3.761230e-005
 5.545000e+001  3.915440e-005
 5.569750e+001  4.228904e-005
 5.594500e+001  2.618444e-005
 5.619250e+001  3.481600e-005
 5.644000e+001  4.892237e-005
 5.668750e+001  3.163746e-005
 5.693500e+001  3.488967e-005
 5.718250e+001  3.348297e-005
 5.743000e+001  3.516603e-005
 5.767750e+001  3.728866e-005
 5.792500e+001  4.969075e-005
 5.817250e+001  4.762337e-005
 5.842000e+001  3.454990e-005
 5.866750e+001  3.439156e-005
 5.891500e+001  2.797253e-005
 5.916250e+001  2.556060e-005
 5.941000e+001  3.043885e-005
 5.965750e+001  3.969582e-005
 5.990500e+001  3.550142e-005
 6.015250e+001  3.997503e-005
 6.040000e+001  4.400993e-005
 6.064750e+001  5.548691e-005
 6.089500e+001  4.749253e-005
 6.114250e+001  3.269186e-005
 6.139000e+001  3.455949e-005
 6.163750e+001  2.638356e-005
 6.188500e+001  2.488086e-005
 6.213250e+001  3.335262e-005
 6.238000e+001  3.207229e-005
 6.262750e+001  3.536951e-005
 6.287500e+001  3.162407e-005
 6.312250e+001  2.353889e-005
 6.337000e+001  2.565524e-005
 6.361750e+001  3.762622e-005
 6.386500e+001  4.721954e-005
 6.411250e+001  3.049411e-005
 6.436000e+001  2.245048e-005
 6.460750e+001  2.977468e-005
 6.485500e+001  3.499013e-005
 6.510250e+001  3.556911e-005
 6.535000e+001  2.663518e-005
 6.559750e+001  4.055290e-005
 6.584500e+001  5.049453e-005
 6.609250e+001  3.753213e-005
 6.634000e+001  2.301857e-005
 6.658750e+001  3.586880e-005
 6.683500e+001  4.885881e-005
 6.708250e+001  3.577492e-005
 6.733000e+001  3.218336e-005
 6.757750e+001  3.973683e-005
 6.782500e+001  3.207351e-005
 6.807250e+001  3.285603e-005
 6.832000e+001  5.020517e-005
 6.856750e+001  4.412785e-005
 6.881500e+001  3.356496e-005
 6.906250e+001  2.856443e-005
 6.931000e+001  3.842463e-005
 6.955750e+001  3.025118e-005
 6.980500e+001  2.573438e-005
 7.005250e+001  4.559008e-005
 7.030000e+001  3.391546e-005
 7.054750e+001  3.874495e-005
 7.079500e+001  4.549942e-005
 7.104250e+001  4.726919e-005
 7.129000e+001  4.322994e-005
 7.153750e+001  4.386694e-005
 7.178500e+001  3.457391e-005
 7.203250e+001  3.951264e-005
 7.228000e+001  3.457935e-005
 7.252750e+001  2.780269e-005
 7.277500e+001  3.141755e-005
 7.302250e+001  3.685452e-005
 7.327000e+001  3.840937e-005
 7.351750e+001  3.309240e-005
 7.376500e+001  2.780995e-005
 7.401250e+001  4.324639e-005
 7.426000e+001  4.311134e-005
 7.450750e+001  2.225490e-005
 7.475500e+001  3.063269e-005
 7.500250e+001  2.518748e-005
 7.525000e+001  3.526261e-005
 7.549750e+001  3.040034e-005
 7.574500e+001  4.647216e-005
 7.599250e+001  4.755914e-005
 7.624000e+001  4.639950e-005
 7.648750e+001  4.640262e-005
 7.673500e+001  3.667907e-005
 7.698250e+001  3.523695e-005
 7.723000e+001  2.577868e-005
 7.747750e+001  2.809937e-005
 7.772500e+001  3.529761e-005
 7.797250e+001  3.381223e-005
 7.822000e+001  4.187815e-005
 7.846750e+001  4.150729e-005
 7.871500e+001  4.460872e-005
 7.896250e+001  4.478195e-005
 7.921000e+001  3.383206e-005
 7.945750e+001  2.761099e-005
 7.970500e+001  3.942215e-005
 7.995250e+001  4.200939e-005
 8.020000e+001  5.036957e-005
 8.044750e+001  3.039243e-005
 8.069500e+001  4.955970e-005
 8.094250e+001  5.476995e-005
 8.119000e+001  3.198782e-005
 8.143750e+001  2.999476e-005
 8.168500e+001  3.910793e-005
 8.193250e+001  3.660941e-005
 8.218000e+001  2.979814e-005
 8.242750e+001  2.067764e-005
 8.267500e+001  1.959716e-005
 8.292250e+001  3.504561e-005
 8.317000e+001  4.507296e-005
 8.341750e+001  4.715793e-005
 8.366500e+001  3.361389e-005
 8.391250e+001  1.453484e-005
 8.416000e+001  2.430002e-005
 8.440750e+001  3.363790e-005
 8.465500e+001  3.299083e-005
 8.490250e+001  2.554768e-005
 8.515000e+001  2.643334e-005
 8.539750e+001  4.094125e-005
 8.564500e+001  3.722078e-005
 8.589250e+001  3.462464e-005
 8.614000e+001  2.548636e-005
 8.638750e+001  3.428975e-005
 8.663500e+001  2.524905e-005
 8.688250e+001  3.225954e-005
 8.713000e+001  3.550751e-005
 8.737750e+001  3.819516e-005
 8.762500e+001  3.526797e-005
 8.787250e+001  2.868924e-005
 8.812000e+001  2.889541e-005
 8.836750e+001  3.370603e-005
 8.861500e+001  3.987657e-005
 8.886250e+001  4.203105e-005
 8.911000e+001  3.619614e-005
 8.935750e+001  4.557383e-005
 8.960500e+001  4.796630e-005
 8.985250e+001  4.542672e-005
 9.010000e+001  4.046908e-005
 9.034750e+001  3.355808e-005
 9.059500e+001  3.768049e-005
 9.084250e+001  3.500429e-005
 9.109000e+001  3.973212e-005
 9.133750e+001  3.292415e-005
 9.158500e+001  2.402446e-005
 9.183250e+001  5.066232e-005
 9.208000e+001  5.732838e-005
 9.232750e+001  4.485946e-005
 9.257500e+001  3.717583e-005
 9.282250e+001  3.245159e-005
 9.307000e+001  3.439387e-005
 9.331750e+001  4.033547e-005
 9.356500e+001  3.426647e-005
 9.381250e+001  3.083823e-005
 9.406000e+001  3.558179e-005
 9.430750e+001  3.674106e-005
 9.455500e+001  4.206546e-005
 9.480250e+001  4.780729e-005
 9.505000e+001  3.682944e-005
 9.529750e+001  2.402258e-005
 9.554500e+001  2.366890e-005
 9.579250e+001  2.779573e-005
 9.604000e+001  2.546295e-005
 9.628750e+001  2.521224e-005
 9.653500e+001  2.726594e-005
 9.678250e+001  3.010939e-005
 9.703000e+001  1.786070e-005
 9.727750e+001  3.120411e-005
 9.752500e+001  4.353323e-005
 9.777250e+001  4.370522e-005
 9.802000e+001  2.809218e-005
 9.826750e+001  3.826426e-005
 9.851500e+001  4.757842e-005
 9.876250e+001  3.500781e-005
 9.901000e+001  3.729622e-005
 9.925750e+001  2.840616e-005
 9.950500e+001  1.592451e-005
 9.975250e+001  2.942181e-005
 1.000000e+002  4.915062e-005
