 1.000000e+000  6.697117e-004
 1.247500e+000  4.260809e-004
 1.495000e+000  2.492807e-004
 1.742500e+000  1.550203e-004
 1.990000e+000  1.603608e-004
 2.237500e+000  1.845093e-004
 2.485000e+000  9.272811e-005
 2.732500e+000  1.024796e-004
 2.980000e+000  8.239857e-005
 3.227500e+000  1.171051e-004
 3.475000e+000  7.020648e-005
 3.722500e+000  9.901265e-005
 3.970000e+000  8.652505e-005
 4.217500e+000  9.754064e-005
 4.465000e+000  9.200787e-005
 4.712500e+000  7.713814e-005
 4.960000e+000  7.730235e-005
 5.207500e+000  4.596532e-005
 5.455000e+000  7.273761e-005
 5.702500e+000  1.102014e-004
 5.950000e+000  1.242753e-004
 6.197500e+000  1.000472e-004
 6.445000e+000  8.358049e-005
 6.692500e+000  7.265502e-005
 6.940000e+000  6.727474e-005
 7.187500e+000  7.075165e-005
 7.435000e+000  5.306756e-005
 7.682500e+000  4.983188e-005
 7.930000e+000  6.689230e-005
 8.177500e+000  5.762861e-005
 8.425000e+000  1.010414e-004
 8.672500e+000  8.860648e-005
 8.920000e+000  4.788332e-005
 9.167500e+000  6.004541e-005
 9.415000e+000  8.094878e-005
 9.662500e+000  7.716354e-005
 9.910000e+000  4.067241e-005
 1.015750e+001  4.666447e-005
 1.040500e+001  3.909415e-005
 1.065250e+001  5.106030e-005
 1.090000e+001  7.808869e-005
 1.114750e+001  8.213203e-005
 1.139500e+001  7.618693e-005
 1.164250e+001  5.330588e-005
 1.189000e+001  5.910365e-005
 1.213750e+001  6.331640e-005
 1.238500e+001  5.493883e-005
 1.263250e+001  9.552421e-005
 1.288000e+001  8.322657e-005
 1.312750e+001  2.879357e-005
 1.337500e+001  8.055820e-005
 1.362250e+001  8.813847e-005
 1.387000e+001  9.222523e-005
 1.411750e+001  7.194279e-005
 1.436500e+001  5.165187e-005
 1.461250e+001  5.406685e-005
 1.486000e+001  3.055494e-005
 1.510750e+001  5.896763e-005
 1.535500e+001  5.260310e-005
 1.560250e+001  3.566369e-005
 1.585000e+001  4.449711e-005
 1.609750e+001  5.651177e-005
 1.634500e+001  5.068062e-005
 1.659250e+001  8.094056e-005
 1.684000e+001  7.713131e-005
 1.708750e+001  5.979220e-005
 1.733500e+001  6.316059e-005
 1.758250e+001  7.541110e-005
 1.783000e+001  7.846958e-005
 1.807750e+001  8.092478e-005
 1.832500e+001  7.456205e-005
 1.857250e+001  4.756498e-005
 1.882000e+001  5.539586e-005
 1.906750e+001  5.405984e-005
 1.931500e+001  5.128369e-005
 1.956250e+001  5.482242e-005
 1.981000e+001  7.023923e-005
 2.005750e+001  5.787646e-005
 2.030500e+001  5.840693e-005
 2.055250e+001  6.241625e-005
 2.080000e+001  5.455835e-005
 2.104750e+001  6.031429e-005
 2.129500e+001  7.774850e-005
 2.154250e+001  6.097031e-005
 2.179000e+001  4.759153e-005
 2.203750e+001  4.716124e-005
 2.228500e+001  3.123843e-005
 2.253250e+001  4.119480e-005
 2.278000e+001  7.524877e-005
 2.302750e+001  6.925374e-005
 2.327500e+001  6.223467e-005
 2.352250e+001  7.116940e-005
 2.377000e+001  6.997561e-005
 2.401750e+001  4.479868e-005
 2.426500e+001  3.293198e-005
 2.451250e+001  2.301713e-005
 2.476000e+001  4.259036e-005
 2.500750e+001  5.695861e-005
 2.525500e+001  5.428598e-005
 2.550250e+001  5.072842e-005
 2.575000e+001  4.295113e-005
 2.599750e+001  5.724422e-005
 2.624500e+001  5.690376e-005
 2.649250e+001  3.553966e-005
 2.674000e+001  3.930477e-005
 2.698750e+001  5.441351e-005
 2.723500e+001  3.317745e-005
 2.748250e+001  3.805923e-005
 2.773000e+001  1.830413e-005
 2.797750e+001  4.065707e-005
 2.822500e+001  6.490505e-005
 2.847250e+001  4.940150e-005
 2.872000e+001  3.897795e-005
 2.896750e+001  5.138140e-005
 2.921500e+001  5.107264e-005
 2.946250e+001  6.079330e-005
 2.971000e+001  4.477733e-005
 2.995750e+001  5.017761e-005
 3.020500e+001  4.538800e-005
 3.045250e+001  5.517256e-005
 3.070000e+001  4.842972e-005
 3.094750e+001  5.404892e-005
 3.119500e+001  7.344065e-005
 3.144250e+001  6.725577e-005
 3.169000e+001  4.403369e-005
 3.193750e+001  4.442527e-005
 3.218500e+001  4.087288e-005
 3.243250e+001  2.900115e-005
 3.268000e+001  2.460537e-005
 3.292750e+001  4.925885e-005
 3.317500e+001  3.285804e-005
 3.342250e+001  2.162914e-005
 3.367000e+001  3.744047e-005
 3.391750e+001  5.658344e-005
 3.416500e+001  5.793657e-005
 3.441250e+001  4.241877e-005
 3.466000e+001  5.861216e-005
 3.490750e+001  4.419772e-005
 3.515500e+001  3.121760e-005
 3.540250e+001  4.135771e-005
 3.565000e+001  5.668318e-005
 3.589750e+001  5.825899e-005
 3.614500e+001  5.293870e-005
 3.639250e+001  4.924646e-005
 3.664000e+001  2.832306e-005
 3.688750e+001  2.997856e-005
 3.713500e+001  4.354683e-005
 3.738250e+001  5.349177e-005
 3.763000e+001  6.029259e-005
 3.787750e+001  4.775189e-005
 3.812500e+001  6.722575e-005
 3.837250e+001  5.585433e-005
 3.862000e+001  3.133447e-005
 3.886750e+001  4.482285e-005
 3.911500e+001  3.047683e-005
 3.936250e+001  5.251950e-005
 3.961000e+001  5.507956e-005
 3.985750e+001  3.228603e-005
 4.010500e+001  4.398957e-005
 4.035250e+001  5.718026e-005
 4.060000e+001  3.166338e-005
 4.084750e+001  6.115329e-005
 4.109500e+001  6.770606e-005
 4.134250e+001  4.086996e-005
 4.159000e+001  2.725995e-005
 4.183750e+001  3.567190e-005
 4.208500e+001  4.111083e-005
 4.233250e+001  3.405020e-005
 4.258000e+001  4.123215e-005
 4.282750e+001  6.081352e-005
 4.307500e+001  5.175498e-005
 4.332250e+001  3.149865e-005
 4.357000e+001  3.255058e-005
 4.381750e+001  3.899877e-005
 4.406500e+001  4.528081e-005
 4.431250e+001  4.004219e-005
 4.456000e+001  3.253282e-005
 4.480750e+001  3.184022e-005
 4.505500e+001  3.129913e-005
 4.530250e+001  3.798734e-005
 4.555000e+001  3.836357e-005
 4.579750e+001  4.243055e-005
 4.604500e+001  4.648338e-005
 4.629250e+001  3.085244e-005
 4.654000e+001  3.482292e-005
 4.678750e+001  3.502318e-005
 4.703500e+001  3.739596e-005
 4.728250e+001  2.064449e-005
 4.753000e+001  3.349679e-005
 4.777750e+001  5.000466e-005
 4.802500e+001  4.497875e-005
 4.827250e+001  3.093858e-005
 4.852000e+001  5.913798e-005
 4.876750e+001  5.193276e-005
 4.901500e+001  3.576018e-005
 4.926250e+001  3.755773e-005
 4.951000e+001  3.998307e-005
 4.975750e+001  5.085367e-005
 5.000500e+001  6.306184e-005
 5.025250e+001  5.921081e-005
 5.050000e+001  3.200870e-005
 5.074750e+001  3.007248e-005
 5.099500e+001  3.839327e-005
 5.124250e+001  4.409530e-005
 5.149000e+001  3.925181e-005
 5.173750e+001  3.432109e-005
 5.198500e+001  3.545393e-005
 5.223250e+001  5.488034e-005
 5.248000e+001  6.047994e-005
 5.272750e+001  6.180227e-005
 5.297500e+001  5.529727e-005
 5.322250e+001  3.880369e-005
 5.347000e+001  4.685198e-005
 5.371750e+001  4.453930e-005
 5.396500e+001  3.829088e-005
 5.421250e+001  3.807937e-005
 5.446000e+001  3.578277e-005
 5.470750e+001  3.596049e-005
 5.495500e+001  2.795186e-005
 5.520250e+001  4.470482e-005
 5.545000e+001  3.413794e-005
 5.569750e+001  4.612845e-005
 5.594500e+001  3.126997e-005
 5.619250e+001  1.805279e-005
 5.644000e+001  2.536867e-005
 5.668750e+001  3.122211e-005
 5.693500e+001  3.826238e-005
 5.718250e+001  4.575186e-005
 5.743000e+001  4.021077e-005
 5.767750e+001  2.803431e-005
 5.792500e+001  3.816449e-005
 5.817250e+001  3.670694e-005
 5.842000e+001  5.347354e-005
 5.866750e+001  5.111958e-005
 5.891500e+001  4.542644e-005
 5.916250e+001  3.042745e-005
 5.941000e+001  3.108685e-005
 5.965750e+001  5.055417e-005
 5.990500e+001  4.008901e-005
 6.015250e+001  4.348781e-005
 6.040000e+001  3.899031e-005
 6.064750e+001  2.956481e-005
 6.089500e+001  3.420227e-005
 6.114250e+001  3.429864e-005
 6.139000e+001  3.156876e-005
 6.163750e+001  2.860042e-005
 6.188500e+001  2.673136e-005
 6.213250e+001  3.058449e-005
 6.238000e+001  3.492879e-005
 6.262750e+001  2.357315e-005
 6.287500e+001  3.889016e-005
 6.312250e+001  4.093146e-005
 6.337000e+001  3.829365e-005
 6.361750e+001  4.114442e-005
 6.386500e+001  2.725617e-005
 6.411250e+001  2.403532e-005
 6.436000e+001  3.118714e-005
 6.460750e+001  3.753405e-005
 6.485500e+001  2.825921e-005
 6.510250e+001  2.795273e-005
 6.535000e+001  3.447578e-005
 6.559750e+001  3.526873e-005
 6.584500e+001  3.649883e-005
 6.609250e+001  2.873458e-005
 6.634000e+001  2.126442e-005
 6.658750e+001  2.386256e-005
 6.683500e+001  4.121907e-005
 6.708250e+001  3.384823e-005
 6.733000e+001  4.086703e-005
 6.757750e+001  5.817842e-005
 6.782500e+001  2.915180e-005
 6.807250e+001  5.081549e-005
 6.832000e+001  3.542942e-005
 6.856750e+001  3.846781e-005
 6.881500e+001  4.898537e-005
 6.906250e+001  3.488707e-005
 6.931000e+001  2.777511e-005
 6.955750e+001  2.825973e-005
 6.980500e+001  2.541264e-005
 7.005250e+001  2.582329e-005
 7.030000e+001  5.518444e-005
 7.054750e+001  5.683186e-005
 7.079500e+001  3.626506e-005
 7.104250e+001  3.999473e-005
 7.129000e+001  3.580996e-005
 7.153750e+001  2.355555e-005
 7.178500e+001  3.125191e-005
 7.203250e+001  4.569854e-005
 7.228000e+001  3.751351e-005
 7.252750e+001  3.740714e-005
 7.277500e+001  5.430925e-005
 7.302250e+001  4.732519e-005
 7.327000e+001  5.306487e-005
 7.351750e+001  4.916964e-005
 7.376500e+001  2.549609e-005
 7.401250e+001  1.598509e-005
 7.426000e+001  2.205047e-005
 7.450750e+001  3.237430e-005
 7.475500e+001  4.194364e-005
 7.500250e+001  4.176812e-005
 7.525000e+001  4.109896e-005
 7.549750e+001  2.560077e-005
 7.574500e+001  3.876716e-005
 7.599250e+001  4.425488e-005
 7.624000e+001  4.942547e-005
 7.648750e+001  3.586965e-005
 7.673500e+001  2.680963e-005
 7.698250e+001  3.793034e-005
 7.723000e+001  4.489048e-005
 7.747750e+001  3.442609e-005
 7.772500e+001  3.257705e-005
 7.797250e+001  2.582645e-005
 7.822000e+001  3.030276e-005
 7.846750e+001  2.441949e-005
 7.871500e+001  3.165085e-005
 7.896250e+001  4.468722e-005
 7.921000e+001  3.183313e-005
 7.945750e+001  3.312373e-005
 7.970500e+001  3.326414e-005
 7.995250e+001  3.393918e-005
 8.020000e+001  3.784351e-005
 8.044750e+001  4.247321e-005
 8.069500e+001  4.396517e-005
 8.094250e+001  3.922539e-005
 8.119000e+001  3.367885e-005
 8.143750e+001  3.859882e-005
 8.168500e+001  4.179091e-005
 8.193250e+001  4.343399e-005
 8.218000e+001  3.143859e-005
 8.242750e+001  3.220090e-005
 8.267500e+001  3.990089e-005
 8.292250e+001  3.772536e-005
 8.317000e+001  2.784243e-005
 8.341750e+001  3.894929e-005
 8.366500e+001  5.550417e-005
 8.391250e+001  4.184645e-005
 8.416000e+001  3.902967e-005
 8.440750e+001  2.645074e-005
 8.465500e+001  3.582847e-005
 8.490250e+001  3.464543e-005
 8.515000e+001  3.469869e-005
 8.539750e+001  3.876174e-005
 8.564500e+001  3.249097e-005
 8.589250e+001  2.309757e-005
 8.614000e+001  3.143196e-005
 8.638750e+001  4.426610e-005
 8.663500e+001  3.221623e-005
 8.688250e+001  4.142280e-005
 8.713000e+001  4.521129e-005
 8.737750e+001  5.089118e-005
 8.762500e+001  3.774055e-005
 8.787250e+001  5.228314e-005
 8.812000e+001  3.706390e-005
 8.836750e+001  1.847937e-005
 8.861500e+001  2.582227e-005
 8.886250e+001  3.006429e-005
 8.911000e+001  4.548926e-005
 8.935750e+001  4.449541e-005
 8.960500e+001  3.657004e-005
 8.985250e+001  2.998960e-005
 9.010000e+001  2.723907e-005
 9.034750e+001  3.913062e-005
 9.059500e+001  4.033562e-005
 9.084250e+001  4.823478e-005
 9.109000e+001  4.388660e-005
 9.133750e+001  3.822486e-005
 9.158500e+001  4.334943e-005
 9.183250e+001  4.593297e-005
 9.208000e+001  4.572821e-005
 9.232750e+001  3.259944e-005
 9.257500e+001  3.360669e-005
 9.282250e+001  2.608387e-005
 9.307000e+001  2.740622e-005
 9.331750e+001  1.814248e-005
 9.356500e+001  4.156634e-005
 9.381250e+001  4.232565e-005
 9.406000e+001  4.027962e-005
 9.430750e+001  4.459521e-005
 9.455500e+001  3.645019e-005
 9.480250e+001  3.728986e-005
 9.505000e+001  3.448050e-005
 9.529750e+001  3.790212e-005
 9.554500e+001  3.793084e-005
 9.579250e+001  3.933888e-005
 9.604000e+001  3.280310e-005
 9.628750e+001  3.810657e-005
 9.653500e+001  4.906393e-005
 9.678250e+001  3.842234e-005
 9.703000e+001  1.845369e-005
 9.727750e+001  2.413954e-005
 9.752500e+001  2.915610e-005
 9.777250e+001  3.777927e-005
 9.802000e+001  3.844785e-005
 9.826750e+001  3.323573e-005
 9.851500e+001  3.756583e-005
 9.876250e+001  3.074072e-005
 9.901000e+001  3.141979e-005
 9.925750e+001  3.945555e-005
 9.950500e+001  4.400163e-005
 9.975250e+001  3.979382e-005
 1.000000e+002  1.869101e-005
