 1.000000e+000  8.651080e-004
 1.247500e+000  9.910086e-004
 1.495000e+000  8.814755e-004
 1.742500e+000  7.260972e-004
 1.990000e+000  6.662835e-004
 2.237500e+000  6.855592e-004
 2.485000e+000  5.087214e-004
 2.732500e+000  4.309658e-004
 2.980000e+000  5.401446e-004
 3.227500e+000  4.179489e-004
 3.475000e+000  4.556803e-004
 3.722500e+000  4.182865e-004
 3.970000e+000  3.486772e-004
 4.217500e+000  3.148837e-004
 4.465000e+000  3.013470e-004
 4.712500e+000  2.839343e-004
 4.960000e+000  3.263809e-004
 5.207500e+000  3.240440e-004
 5.455000e+000  3.342927e-004
 5.702500e+000  2.235450e-004
 5.950000e+000  2.522107e-004
 6.197500e+000  3.137416e-004
 6.445000e+000  3.098344e-004
 6.692500e+000  2.888883e-004
 6.940000e+000  2.553578e-004
 7.187500e+000  2.463564e-004
 7.435000e+000  2.201344e-004
 7.682500e+000  1.738773e-004
 7.930000e+000  2.390307e-004
 8.177500e+000  2.153147e-004
 8.425000e+000  2.899361e-004
 8.672500e+000  2.154512e-004
 8.920000e+000  2.727545e-004
 9.167500e+000  2.758124e-004
 9.415000e+000  2.609068e-004
 9.662500e+000  2.531564e-004
 9.910000e+000  3.842360e-004
 1.015750e+001  3.426175e-004
 1.040500e+001  2.616872e-004
 1.065250e+001  3.106502e-004
 1.090000e+001  1.800332e-004
 1.114750e+001  2.969449e-004
 1.139500e+001  3.818845e-004
 1.164250e+001  3.124864e-004
 1.189000e+001  2.475840e-004
 1.213750e+001  3.145149e-004
 1.238500e+001  2.595578e-004
 1.263250e+001  1.873026e-004
 1.288000e+001  1.609283e-004
 1.312750e+001  1.744187e-004
 1.337500e+001  2.351767e-004
 1.362250e+001  1.958658e-004
 1.387000e+001  2.015393e-004
 1.411750e+001  2.214169e-004
 1.436500e+001  2.365098e-004
 1.461250e+001  1.462527e-004
 1.486000e+001  1.186617e-004
 1.510750e+001  2.188842e-004
 1.535500e+001  2.093491e-004
 1.560250e+001  1.686685e-004
 1.585000e+001  1.851320e-004
 1.609750e+001  2.579642e-004
 1.634500e+001  2.404280e-004
 1.659250e+001  2.034109e-004
 1.684000e+001  2.170880e-004
 1.708750e+001  1.849307e-004
 1.733500e+001  1.583277e-004
 1.758250e+001  1.796201e-004
 1.783000e+001  1.347418e-004
 1.807750e+001  1.051219e-004
 1.832500e+001  1.171407e-004
 1.857250e+001  1.532243e-004
 1.882000e+001  2.007748e-004
 1.906750e+001  1.681875e-004
 1.931500e+001  8.349266e-005
 1.956250e+001  8.131635e-005
 1.981000e+001  1.760850e-004
 2.005750e+001  1.497767e-004
 2.030500e+001  1.946902e-004
 2.055250e+001  1.472339e-004
 2.080000e+001  1.212765e-004
 2.104750e+001  1.316331e-004
 2.129500e+001  1.799252e-004
 2.154250e+001  1.827254e-004
 2.179000e+001  1.552043e-004
 2.203750e+001  1.783118e-004
 2.228500e+001  1.641467e-004
 2.253250e+001  1.716899e-004
 2.278000e+001  1.793983e-004
 2.302750e+001  1.778285e-004
 2.327500e+001  1.936917e-004
 2.352250e+001  2.218273e-004
 2.377000e+001  2.080349e-004
 2.401750e+001  1.881617e-004
 2.426500e+001  1.493385e-004
 2.451250e+001  1.644630e-004
 2.476000e+001  1.412193e-004
 2.500750e+001  1.906170e-004
 2.525500e+001  1.544722e-004
 2.550250e+001  1.019444e-004
 2.575000e+001  1.212001e-004
 2.599750e+001  1.202921e-004
 2.624500e+001  1.605756e-004
 2.649250e+001  1.040108e-004
 2.674000e+001  1.006808e-004
 2.698750e+001  1.018542e-004
 2.723500e+001  1.236742e-004
 2.748250e+001  1.583138e-004
 2.773000e+001  1.752745e-004
 2.797750e+001  1.792315e-004
 2.822500e+001  1.737632e-004
 2.847250e+001  1.353769e-004
 2.872000e+001  1.005703e-004
 2.896750e+001  1.177293e-004
 2.921500e+001  1.287382e-004
 2.946250e+001  1.661586e-004
 2.971000e+001  1.280575e-004
 2.995750e+001  1.303531e-004
 3.020500e+001  1.973770e-004
 3.045250e+001  1.592596e-004
 3.070000e+001  8.709470e-005
 3.094750e+001  1.195731e-004
 3.119500e+001  1.002665e-004
 3.144250e+001  1.457082e-004
 3.169000e+001  1.747241e-004
 3.193750e+001  1.523262e-004
 3.218500e+001  1.240803e-004
 3.243250e+001  1.288602e-004
 3.268000e+001  1.439880e-004
 3.292750e+001  8.427162e-005
 3.317500e+001  1.007833e-004
 3.342250e+001  1.275319e-004
 3.367000e+001  1.041987e-004
 3.391750e+001  9.692438e-005
 3.416500e+001  1.152101e-004
 3.441250e+001  1.385931e-004
 3.466000e+001  1.814925e-004
 3.490750e+001  1.545247e-004
 3.515500e+001  1.330808e-004
 3.540250e+001  1.258649e-004
 3.565000e+001  8.003721e-005
 3.589750e+001  1.114897e-004
 3.614500e+001  1.301324e-004
 3.639250e+001  1.372217e-004
 3.664000e+001  1.379641e-004
 3.688750e+001  1.608264e-004
 3.713500e+001  1.598155e-004
 3.738250e+001  1.161429e-004
 3.763000e+001  1.108479e-004
 3.787750e+001  1.021556e-004
 3.812500e+001  1.657379e-004
 3.837250e+001  1.604694e-004
 3.862000e+001  1.570039e-004
 3.886750e+001  1.688978e-004
 3.911500e+001  1.146519e-004
 3.936250e+001  1.639344e-004
 3.961000e+001  2.642046e-004
 3.985750e+001  1.944760e-004
 4.010500e+001  1.165734e-004
 4.035250e+001  1.558064e-004
 4.060000e+001  1.462985e-004
 4.084750e+001  1.209117e-004
 4.109500e+001  1.436565e-004
 4.134250e+001  1.119074e-004
 4.159000e+001  8.296493e-005
 4.183750e+001  1.116104e-004
 4.208500e+001  1.582617e-004
 4.233250e+001  1.261317e-004
 4.258000e+001  1.492466e-004
 4.282750e+001  1.371704e-004
 4.307500e+001  1.675669e-004
 4.332250e+001  1.434639e-004
 4.357000e+001  1.421145e-004
 4.381750e+001  1.325989e-004
 4.406500e+001  1.540860e-004
 4.431250e+001  1.566775e-004
 4.456000e+001  1.841416e-004
 4.480750e+001  1.370624e-004
 4.505500e+001  7.915955e-005
 4.530250e+001  1.165921e-004
 4.555000e+001  1.162373e-004
 4.579750e+001  1.084247e-004
 4.604500e+001  8.571088e-005
 4.629250e+001  1.201241e-004
 4.654000e+001  1.332979e-004
 4.678750e+001  1.056243e-004
 4.703500e+001  9.686802e-005
 4.728250e+001  1.261762e-004
 4.753000e+001  1.031575e-004
 4.777750e+001  1.692159e-004
 4.802500e+001  1.348093e-004
 4.827250e+001  1.278348e-004
 4.852000e+001  1.540634e-004
 4.876750e+001  1.443927e-004
 4.901500e+001  1.361219e-004
 4.926250e+001  1.596289e-004
 4.951000e+001  2.978303e-004
 4.975750e+001  3.189808e-003
 5.000500e+001  4.556640e-003
 5.025250e+001  1.547394e-003
 5.050000e+001  2.072128e-004
 5.074750e+001  1.452809e-004
 5.099500e+001  1.696545e-004
 5.124250e+001  1.665498e-004
 5.149000e+001  1.257835e-004
 5.173750e+001  1.321647e-004
 5.198500e+001  1.745924e-004
 5.223250e+001  1.637500e-004
 5.248000e+001  1.489812e-004
 5.272750e+001  1.246084e-004
 5.297500e+001  1.388777e-004
 5.322250e+001  1.987960e-004
 5.347000e+001  2.019113e-004
 5.371750e+001  2.474175e-004
 5.396500e+001  2.720691e-004
 5.421250e+001  1.572043e-004
 5.446000e+001  1.645033e-004
 5.470750e+001  1.877754e-004
 5.495500e+001  2.094159e-004
 5.520250e+001  1.375638e-004
 5.545000e+001  9.887047e-005
 5.569750e+001  1.775675e-004
 5.594500e+001  2.156395e-004
 5.619250e+001  1.608003e-004
 5.644000e+001  1.441454e-004
 5.668750e+001  1.451043e-004
 5.693500e+001  1.577171e-004
 5.718250e+001  1.529469e-004
 5.743000e+001  1.775506e-004
 5.767750e+001  1.950906e-004
 5.792500e+001  2.392897e-004
 5.817250e+001  2.252510e-004
 5.842000e+001  1.776624e-004
 5.866750e+001  1.715266e-004
 5.891500e+001  2.002158e-004
 5.916250e+001  1.802902e-004
 5.941000e+001  1.254704e-004
 5.965750e+001  2.162412e-004
 5.990500e+001  2.767385e-004
 6.015250e+001  2.528247e-004
 6.040000e+001  1.166815e-004
 6.064750e+001  1.093740e-004
 6.089500e+001  1.421866e-004
 6.114250e+001  1.468560e-004
 6.139000e+001  1.368012e-004
 6.163750e+001  1.189087e-004
 6.188500e+001  1.401017e-004
 6.213250e+001  1.627806e-004
 6.238000e+001  1.207049e-004
 6.262750e+001  1.450842e-004
 6.287500e+001  1.049331e-004
 6.312250e+001  1.634368e-004
 6.337000e+001  1.658395e-004
 6.361750e+001  9.120514e-005
 6.386500e+001  1.267306e-004
 6.411250e+001  1.392281e-004
 6.436000e+001  1.505097e-004
 6.460750e+001  1.594429e-004
 6.485500e+001  1.441365e-004
 6.510250e+001  1.714742e-004
 6.535000e+001  1.372673e-004
 6.559750e+001  1.713736e-004
 6.584500e+001  1.954827e-004
 6.609250e+001  1.495142e-004
 6.634000e+001  2.058340e-004
 6.658750e+001  1.919388e-004
 6.683500e+001  1.496824e-004
 6.708250e+001  1.563711e-004
 6.733000e+001  1.550100e-004
 6.757750e+001  1.499584e-004
 6.782500e+001  1.890567e-004
 6.807250e+001  2.435149e-004
 6.832000e+001  2.000038e-004
 6.856750e+001  1.399622e-004
 6.881500e+001  1.652833e-004
 6.906250e+001  1.468312e-004
 6.931000e+001  1.230889e-004
 6.955750e+001  1.672022e-004
 6.980500e+001  1.896515e-004
 7.005250e+001  1.943495e-004
 7.030000e+001  2.000968e-004
 7.054750e+001  1.922667e-004
 7.079500e+001  1.455370e-004
 7.104250e+001  1.466247e-004
 7.129000e+001  1.836730e-004
 7.153750e+001  1.453968e-004
 7.178500e+001  1.586244e-004
 7.203250e+001  1.059467e-004
 7.228000e+001  1.734032e-004
 7.252750e+001  1.998122e-004
 7.277500e+001  2.083415e-004
 7.302250e+001  2.371502e-004
 7.327000e+001  2.468361e-004
 7.351750e+001  1.833762e-004
 7.376500e+001  1.089344e-004
 7.401250e+001  1.549025e-004
 7.426000e+001  1.532228e-004
 7.450750e+001  1.762922e-004
 7.475500e+001  2.370206e-004
 7.500250e+001  1.835068e-004
 7.525000e+001  1.369153e-004
 7.549750e+001  1.397255e-004
 7.574500e+001  2.026183e-004
 7.599250e+001  1.928136e-004
 7.624000e+001  1.870752e-004
 7.648750e+001  1.916097e-004
 7.673500e+001  1.348955e-004
 7.698250e+001  1.387093e-004
 7.723000e+001  1.905789e-004
 7.747750e+001  1.344011e-004
 7.772500e+001  1.324155e-004
 7.797250e+001  1.470717e-004
 7.822000e+001  9.825686e-005
 7.846750e+001  9.185539e-005
 7.871500e+001  9.991016e-005
 7.896250e+001  1.001175e-004
 7.921000e+001  1.068509e-004
 7.945750e+001  1.303545e-004
 7.970500e+001  1.300215e-004
 7.995250e+001  1.294746e-004
 8.020000e+001  1.782193e-004
 8.044750e+001  9.753168e-005
 8.069500e+001  1.444118e-004
 8.094250e+001  1.190663e-004
 8.119000e+001  1.255189e-004
 8.143750e+001  1.646944e-004
 8.168500e+001  1.774353e-004
 8.193250e+001  1.847440e-004
 8.218000e+001  1.452933e-004
 8.242750e+001  1.549938e-004
 8.267500e+001  1.269177e-004
 8.292250e+001  1.465674e-004
 8.317000e+001  1.514573e-004
 8.341750e+001  1.473926e-004
 8.366500e+001  1.342244e-004
 8.391250e+001  1.335002e-004
 8.416000e+001  1.705004e-004
 8.440750e+001  1.529226e-004
 8.465500e+001  1.483876e-004
 8.490250e+001  1.169565e-004
 8.515000e+001  1.045255e-004
 8.539750e+001  1.031032e-004
 8.564500e+001  1.125638e-004
 8.589250e+001  1.191243e-004
 8.614000e+001  7.956340e-005
 8.638750e+001  1.352693e-004
 8.663500e+001  1.336351e-004
 8.688250e+001  1.115496e-004
 8.713000e+001  2.045378e-004
 8.737750e+001  2.112586e-004
 8.762500e+001  1.388827e-004
 8.787250e+001  9.941930e-005
 8.812000e+001  1.293807e-004
 8.836750e+001  9.159575e-005
 8.861500e+001  8.257174e-005
 8.886250e+001  7.442053e-005
 8.911000e+001  1.119802e-004
 8.935750e+001  1.178825e-004
 8.960500e+001  1.168107e-004
 8.985250e+001  1.623310e-004
 9.010000e+001  1.973665e-004
 9.034750e+001  1.318315e-004
 9.059500e+001  8.235835e-005
 9.084250e+001  1.486004e-004
 9.109000e+001  1.561320e-004
 9.133750e+001  1.167420e-004
 9.158500e+001  1.280030e-004
 9.183250e+001  1.173039e-004
 9.208000e+001  1.333353e-004
 9.232750e+001  1.378671e-004
 9.257500e+001  1.520384e-004
 9.282250e+001  1.442033e-004
 9.307000e+001  9.855313e-005
 9.331750e+001  8.629752e-005
 9.356500e+001  1.053609e-004
 9.381250e+001  1.159477e-004
 9.406000e+001  1.228082e-004
 9.430750e+001  1.373594e-004
 9.455500e+001  1.898731e-004
 9.480250e+001  1.501726e-004
 9.505000e+001  7.423620e-005
 9.529750e+001  7.905941e-005
 9.554500e+001  1.364547e-004
 9.579250e+001  1.614610e-004
 9.604000e+001  1.092239e-004
 9.628750e+001  1.401007e-004
 9.653500e+001  1.967544e-004
 9.678250e+001  1.192164e-004
 9.703000e+001  1.025023e-004
 9.727750e+001  1.320380e-004
 9.752500e+001  1.260659e-004
 9.777250e+001  9.607709e-005
 9.802000e+001  1.026033e-004
 9.826750e+001  7.346845e-005
 9.851500e+001  9.892202e-005
 9.876250e+001  9.620363e-005
 9.901000e+001  1.059145e-004
 9.925750e+001  1.218679e-004
 9.950500e+001  1.006358e-004
 9.975250e+001  1.746095e-004
 1.000000e+002  1.370038e-004
