 1.000000e+001  7.241154e-005
 1.061875e+001  4.851392e-005
 1.123750e+001  6.246685e-005
 1.185625e+001  5.633142e-005
 1.247500e+001  6.959652e-005
 1.309375e+001  5.503765e-005
 1.371250e+001  6.021817e-005
 1.433125e+001  6.372511e-005
 1.495000e+001  6.605100e-005
 1.556875e+001  5.993017e-005
 1.618750e+001  6.012082e-005
 1.680625e+001  5.620300e-005
 1.742500e+001  5.043817e-005
 1.804375e+001  3.991029e-005
 1.866250e+001  5.398820e-005
 1.928125e+001  5.556253e-005
 1.990000e+001  4.234822e-005
 2.051875e+001  5.961711e-005
 2.113750e+001  5.378380e-005
 2.175625e+001  5.069615e-005
 2.237500e+001  4.963941e-005
 2.299375e+001  6.188142e-005
 2.361250e+001  5.533000e-005
 2.423125e+001  3.977240e-005
 2.485000e+001  4.128682e-005
 2.546875e+001  4.920532e-005
 2.608750e+001  4.573961e-005
 2.670625e+001  4.207457e-005
 2.732500e+001  4.612438e-005
 2.794375e+001  4.031326e-005
 2.856250e+001  5.076309e-005
 2.918125e+001  4.001260e-005
 2.980000e+001  3.386675e-005
 3.041875e+001  4.490815e-005
 3.103750e+001  5.035981e-005
 3.165625e+001  4.801124e-005
 3.227500e+001  4.262743e-005
 3.289375e+001  5.196383e-005
 3.351250e+001  4.621744e-005
 3.413125e+001  4.270067e-005
 3.475000e+001  3.921821e-005
 3.536875e+001  4.999885e-005
 3.598750e+001  3.205492e-005
 3.660625e+001  4.778840e-005
 3.722500e+001  5.185867e-005
 3.784375e+001  3.450300e-005
 3.846250e+001  4.250990e-005
 3.908125e+001  3.939898e-005
 3.970000e+001  4.705859e-005
 4.031875e+001  4.339209e-005
 4.093750e+001  4.733103e-005
 4.155625e+001  5.033864e-005
 4.217500e+001  3.848669e-005
 4.279375e+001  3.694891e-005
 4.341250e+001  4.773616e-005
 4.403125e+001  4.573613e-005
 4.465000e+001  3.910223e-005
 4.526875e+001  3.409761e-005
 4.588750e+001  3.089402e-005
 4.650625e+001  4.252612e-005
 4.712500e+001  3.809337e-005
 4.774375e+001  4.707558e-005
 4.836250e+001  4.541134e-005
 4.898125e+001  3.954016e-005
 4.960000e+001  3.496721e-005
 5.021875e+001  3.539650e-005
 5.083750e+001  3.565557e-005
 5.145625e+001  3.729382e-005
 5.207500e+001  3.470355e-005
 5.269375e+001  3.891875e-005
 5.331250e+001  4.394594e-005
 5.393125e+001  4.904582e-005
 5.455000e+001  4.466213e-005
 5.516875e+001  4.221154e-005
 5.578750e+001  3.850019e-005
 5.640625e+001  3.717263e-005
 5.702500e+001  4.031862e-005
 5.764375e+001  4.396452e-005
 5.826250e+001  4.641675e-005
 5.888125e+001  4.484279e-005
 5.950000e+001  3.380175e-005
 6.011875e+001  3.773819e-005
 6.073750e+001  4.157115e-005
 6.135625e+001  3.556020e-005
 6.197500e+001  3.512363e-005
 6.259375e+001  3.257534e-005
 6.321250e+001  2.256515e-005
 6.383125e+001  2.746435e-005
 6.445000e+001  3.594791e-005
 6.506875e+001  5.353128e-005
 6.568750e+001  4.713907e-005
 6.630625e+001  4.046025e-005
 6.692500e+001  3.855476e-005
 6.754375e+001  3.916390e-005
 6.816250e+001  4.140558e-005
 6.878125e+001  5.115090e-005
 6.940000e+001  4.123126e-005
 7.001875e+001  3.335614e-005
 7.063750e+001  4.110318e-005
 7.125625e+001  4.473342e-005
 7.187500e+001  4.446528e-005
 7.249375e+001  3.617077e-005
 7.311250e+001  3.900815e-005
 7.373125e+001  3.961533e-005
 7.435000e+001  3.310819e-005
 7.496875e+001  3.517226e-005
 7.558750e+001  3.567668e-005
 7.620625e+001  3.151379e-005
 7.682500e+001  3.747786e-005
 7.744375e+001  4.541340e-005
 7.806250e+001  4.175527e-005
 7.868125e+001  3.483419e-005
 7.930000e+001  3.341148e-005
 7.991875e+001  3.747845e-005
 8.053750e+001  4.684719e-005
 8.115625e+001  4.502721e-005
 8.177500e+001  4.021252e-005
 8.239375e+001  3.622089e-005
 8.301250e+001  3.985360e-005
 8.363125e+001  3.758005e-005
 8.425000e+001  3.680801e-005
 8.486875e+001  3.416912e-005
 8.548750e+001  2.425136e-005
 8.610625e+001  2.566497e-005
 8.672500e+001  3.401632e-005
 8.734375e+001  3.936336e-005
 8.796250e+001  3.744099e-005
 8.858125e+001  4.371286e-005
 8.920000e+001  4.356135e-005
 8.981875e+001  3.481028e-005
 9.043750e+001  4.136622e-005
 9.105625e+001  3.957296e-005
 9.167500e+001  3.652121e-005
 9.229375e+001  3.468406e-005
 9.291250e+001  3.718340e-005
 9.353125e+001  4.093096e-005
 9.415000e+001  4.241505e-005
 9.476875e+001  3.914807e-005
 9.538750e+001  3.850686e-005
 9.600625e+001  3.300435e-005
 9.662500e+001  3.263849e-005
 9.724375e+001  3.839616e-005
 9.786250e+001  3.903198e-005
 9.848125e+001  3.833819e-005
 9.910000e+001  3.588522e-005
 9.971875e+001  3.146931e-005
 1.003375e+002  3.642044e-005
 1.009563e+002  2.812934e-005
 1.015750e+002  3.026913e-005
 1.021938e+002  2.501266e-005
 1.028125e+002  2.603375e-005
 1.034313e+002  3.377037e-005
 1.040500e+002  3.407316e-005
 1.046688e+002  3.198856e-005
 1.052875e+002  3.445421e-005
 1.059063e+002  3.644837e-005
 1.065250e+002  3.392295e-005
 1.071438e+002  3.998404e-005
 1.077625e+002  3.479972e-005
 1.083813e+002  3.315807e-005
 1.090000e+002  3.218599e-005
 1.096188e+002  3.150587e-005
 1.102375e+002  2.161467e-005
 1.108563e+002  3.385033e-005
 1.114750e+002  3.930300e-005
 1.120938e+002  2.657417e-005
 1.127125e+002  3.307760e-005
 1.133313e+002  3.399089e-005
 1.139500e+002  2.763861e-005
 1.145688e+002  2.892115e-005
 1.151875e+002  3.481043e-005
 1.158063e+002  3.433582e-005
 1.164250e+002  3.121656e-005
 1.170438e+002  3.259756e-005
 1.176625e+002  3.611451e-005
 1.182813e+002  3.079756e-005
 1.189000e+002  3.014452e-005
 1.195188e+002  3.957643e-005
 1.201375e+002  3.334192e-005
 1.207563e+002  3.653413e-005
 1.213750e+002  3.992031e-005
 1.219938e+002  4.781659e-005
 1.226125e+002  4.615298e-005
 1.232313e+002  3.391130e-005
 1.238500e+002  3.497483e-005
 1.244688e+002  3.684606e-005
 1.250875e+002  2.845277e-005
 1.257063e+002  3.333737e-005
 1.263250e+002  4.227796e-005
 1.269438e+002  3.639088e-005
 1.275625e+002  3.743423e-005
 1.281813e+002  3.349975e-005
 1.288000e+002  3.378760e-005
 1.294188e+002  3.498716e-005
 1.300375e+002  3.526812e-005
 1.306563e+002  3.413313e-005
 1.312750e+002  2.798604e-005
 1.318938e+002  3.468493e-005
 1.325125e+002  4.295554e-005
 1.331313e+002  3.393164e-005
 1.337500e+002  3.380425e-005
 1.343688e+002  3.399375e-005
 1.349875e+002  3.394045e-005
 1.356063e+002  3.304999e-005
 1.362250e+002  3.465915e-005
 1.368438e+002  3.829362e-005
 1.374625e+002  4.371592e-005
 1.380813e+002  3.471512e-005
 1.387000e+002  2.597991e-005
 1.393188e+002  2.952467e-005
 1.399375e+002  3.227207e-005
 1.405563e+002  3.368787e-005
 1.411750e+002  3.769618e-005
 1.417938e+002  3.586264e-005
 1.424125e+002  3.790161e-005
 1.430313e+002  3.129093e-005
 1.436500e+002  2.780493e-005
 1.442688e+002  2.488925e-005
 1.448875e+002  3.435133e-005
 1.455063e+002  2.521322e-005
 1.461250e+002  3.434160e-005
 1.467438e+002  3.128580e-005
 1.473625e+002  2.860946e-005
 1.479813e+002  3.210479e-005
 1.486000e+002  3.325666e-005
 1.492188e+002  3.200235e-005
 1.498375e+002  3.618553e-005
 1.504563e+002  3.436035e-005
 1.510750e+002  2.667444e-005
 1.516938e+002  2.702084e-005
 1.523125e+002  3.370778e-005
 1.529313e+002  3.430279e-005
 1.535500e+002  2.817703e-005
 1.541688e+002  3.102813e-005
 1.547875e+002  3.524803e-005
 1.554063e+002  3.650978e-005
 1.560250e+002  3.626461e-005
 1.566438e+002  3.317575e-005
 1.572625e+002  2.949097e-005
 1.578813e+002  2.571165e-005
 1.585000e+002  3.364990e-005
 1.591188e+002  4.236656e-005
 1.597375e+002  3.625877e-005
 1.603563e+002  3.267715e-005
 1.609750e+002  2.447624e-005
 1.615938e+002  2.801572e-005
 1.622125e+002  3.020880e-005
 1.628313e+002  3.530550e-005
 1.634500e+002  2.940518e-005
 1.640688e+002  3.332088e-005
 1.646875e+002  3.186919e-005
 1.653063e+002  3.140270e-005
 1.659250e+002  3.168597e-005
 1.665438e+002  2.947354e-005
 1.671625e+002  3.181481e-005
 1.677813e+002  3.071571e-005
 1.684000e+002  2.871918e-005
 1.690188e+002  2.921356e-005
 1.696375e+002  3.279555e-005
 1.702563e+002  2.972285e-005
 1.708750e+002  3.073243e-005
 1.714938e+002  3.088436e-005
 1.721125e+002  3.230688e-005
 1.727313e+002  3.151348e-005
 1.733500e+002  2.645062e-005
 1.739688e+002  2.529344e-005
 1.745875e+002  3.188735e-005
 1.752063e+002  3.362045e-005
 1.758250e+002  4.105618e-005
 1.764438e+002  3.804908e-005
 1.770625e+002  2.884543e-005
 1.776813e+002  3.003079e-005
 1.783000e+002  3.488662e-005
 1.789188e+002  3.058023e-005
 1.795375e+002  3.272126e-005
 1.801563e+002  3.658867e-005
 1.807750e+002  3.780208e-005
 1.813938e+002  3.641122e-005
 1.820125e+002  2.937901e-005
 1.826313e+002  3.684397e-005
 1.832500e+002  2.955172e-005
 1.838688e+002  2.681374e-005
 1.844875e+002  2.690544e-005
 1.851063e+002  2.733827e-005
 1.857250e+002  2.530081e-005
 1.863438e+002  3.524525e-005
 1.869625e+002  2.839778e-005
 1.875813e+002  3.335405e-005
 1.882000e+002  3.289619e-005
 1.888188e+002  3.471294e-005
 1.894375e+002  3.233208e-005
 1.900563e+002  2.796514e-005
 1.906750e+002  2.823593e-005
 1.912938e+002  3.364803e-005
 1.919125e+002  3.178716e-005
 1.925313e+002  3.020840e-005
 1.931500e+002  3.123302e-005
 1.937688e+002  3.074079e-005
 1.943875e+002  3.049499e-005
 1.950063e+002  3.182951e-005
 1.956250e+002  3.030260e-005
 1.962438e+002  3.722076e-005
 1.968625e+002  2.969652e-005
 1.974813e+002  2.953377e-005
 1.981000e+002  3.451899e-005
 1.987188e+002  2.669204e-005
 1.993375e+002  3.314043e-005
 1.999563e+002  2.891225e-005
 2.005750e+002  2.674557e-005
 2.011938e+002  3.042235e-005
 2.018125e+002  3.021150e-005
 2.024313e+002  2.957457e-005
 2.030500e+002  2.882779e-005
 2.036688e+002  3.062887e-005
 2.042875e+002  3.041744e-005
 2.049063e+002  3.228880e-005
 2.055250e+002  2.828456e-005
 2.061438e+002  2.862253e-005
 2.067625e+002  2.961069e-005
 2.073813e+002  2.970313e-005
 2.080000e+002  2.902389e-005
 2.086188e+002  3.307691e-005
 2.092375e+002  3.383103e-005
 2.098563e+002  3.078544e-005
 2.104750e+002  2.561541e-005
 2.110938e+002  2.441467e-005
 2.117125e+002  2.318678e-005
 2.123313e+002  2.489272e-005
 2.129500e+002  2.971920e-005
 2.135688e+002  1.969029e-005
 2.141875e+002  2.550566e-005
 2.148063e+002  3.022007e-005
 2.154250e+002  3.395752e-005
 2.160438e+002  3.270499e-005
 2.166625e+002  3.589559e-005
 2.172813e+002  2.562139e-005
 2.179000e+002  2.578273e-005
 2.185188e+002  2.904092e-005
 2.191375e+002  2.407774e-005
 2.197563e+002  1.953259e-005
 2.203750e+002  2.323470e-005
 2.209938e+002  2.735724e-005
 2.216125e+002  2.905721e-005
 2.222313e+002  3.077419e-005
 2.228500e+002  2.739142e-005
 2.234688e+002  3.048276e-005
 2.240875e+002  3.153213e-005
 2.247063e+002  2.791910e-005
 2.253250e+002  2.573493e-005
 2.259438e+002  2.688881e-005
 2.265625e+002  3.193965e-005
 2.271813e+002  3.333169e-005
 2.278000e+002  2.397737e-005
 2.284188e+002  2.353841e-005
 2.290375e+002  2.814274e-005
 2.296563e+002  2.440199e-005
 2.302750e+002  2.509481e-005
 2.308938e+002  3.261043e-005
 2.315125e+002  3.168665e-005
 2.321313e+002  2.946627e-005
 2.327500e+002  2.911117e-005
 2.333688e+002  2.405945e-005
 2.339875e+002  2.388895e-005
 2.346063e+002  2.694320e-005
 2.352250e+002  2.942410e-005
 2.358438e+002  2.783676e-005
 2.364625e+002  2.509749e-005
 2.370813e+002  2.062495e-005
 2.377000e+002  2.545834e-005
 2.383188e+002  3.273326e-005
 2.389375e+002  2.715857e-005
 2.395563e+002  3.121510e-005
 2.401750e+002  3.712698e-005
 2.407938e+002  3.002885e-005
 2.414125e+002  2.875560e-005
 2.420313e+002  2.680439e-005
 2.426500e+002  1.983642e-005
 2.432688e+002  2.209173e-005
 2.438875e+002  2.295501e-005
 2.445063e+002  2.999734e-005
 2.451250e+002  2.714661e-005
 2.457438e+002  2.880470e-005
 2.463625e+002  3.152714e-005
 2.469813e+002  2.973353e-005
 2.476000e+002  2.159616e-005
 2.482188e+002  2.209512e-005
 2.488375e+002  2.781087e-005
 2.494563e+002  2.573709e-005
 2.500750e+002  2.685068e-005
 2.506938e+002  2.645093e-005
 2.513125e+002  2.882075e-005
 2.519313e+002  2.547740e-005
 2.525500e+002  2.540265e-005
 2.531688e+002  2.072698e-005
 2.537875e+002  1.917002e-005
 2.544063e+002  2.411876e-005
 2.550250e+002  2.471274e-005
 2.556438e+002  2.331548e-005
 2.562625e+002  2.436461e-005
 2.568813e+002  2.725230e-005
 2.575000e+002  2.752400e-005
 2.581188e+002  2.852115e-005
 2.587375e+002  2.824029e-005
 2.593563e+002  2.389804e-005
 2.599750e+002  2.408336e-005
 2.605938e+002  2.279766e-005
 2.612125e+002  2.583397e-005
 2.618313e+002  2.643274e-005
 2.624500e+002  2.426640e-005
 2.630688e+002  2.778478e-005
 2.636875e+002  2.545014e-005
 2.643063e+002  2.929393e-005
 2.649250e+002  2.649270e-005
 2.655438e+002  2.016790e-005
 2.661625e+002  2.497073e-005
 2.667813e+002  2.334941e-005
 2.674000e+002  2.289130e-005
 2.680188e+002  2.227728e-005
 2.686375e+002  2.254291e-005
 2.692563e+002  2.441806e-005
 2.698750e+002  2.244471e-005
 2.704938e+002  2.345152e-005
 2.711125e+002  2.591378e-005
 2.717313e+002  3.062085e-005
 2.723500e+002  3.280137e-005
 2.729688e+002  3.270842e-005
 2.735875e+002  3.033875e-005
 2.742063e+002  2.311119e-005
 2.748250e+002  2.033561e-005
 2.754438e+002  2.328990e-005
 2.760625e+002  2.658207e-005
 2.766813e+002  2.698029e-005
 2.773000e+002  2.536173e-005
 2.779188e+002  2.451453e-005
 2.785375e+002  2.254967e-005
 2.791563e+002  2.949132e-005
 2.797750e+002  2.169847e-005
 2.803938e+002  1.902560e-005
 2.810125e+002  2.436756e-005
 2.816313e+002  2.384773e-005
 2.822500e+002  2.472829e-005
 2.828688e+002  2.213907e-005
 2.834875e+002  2.532113e-005
 2.841063e+002  2.986831e-005
 2.847250e+002  2.922734e-005
 2.853438e+002  2.380289e-005
 2.859625e+002  2.511384e-005
 2.865813e+002  2.472820e-005
 2.872000e+002  1.936853e-005
 2.878188e+002  1.995501e-005
 2.884375e+002  2.405403e-005
 2.890563e+002  2.319517e-005
 2.896750e+002  2.629132e-005
 2.902938e+002  2.423160e-005
 2.909125e+002  2.112423e-005
 2.915313e+002  2.100950e-005
 2.921500e+002  2.065142e-005
 2.927688e+002  3.237883e-005
 2.933875e+002  2.746509e-005
 2.940063e+002  2.781385e-005
 2.946250e+002  2.868472e-005
 2.952438e+002  2.842096e-005
 2.958625e+002  2.648864e-005
 2.964813e+002  2.387923e-005
 2.971000e+002  2.590980e-005
 2.977188e+002  2.334140e-005
 2.983375e+002  2.557602e-005
 2.989563e+002  2.949325e-005
 2.995750e+002  2.717262e-005
 3.001938e+002  2.427841e-005
 3.008125e+002  2.535919e-005
 3.014313e+002  2.529779e-005
 3.020500e+002  2.110751e-005
 3.026688e+002  2.587549e-005
 3.032875e+002  3.179099e-005
 3.039063e+002  3.230148e-005
 3.045250e+002  2.101863e-005
 3.051438e+002  2.329615e-005
 3.057625e+002  2.830529e-005
 3.063813e+002  2.308683e-005
 3.070000e+002  1.954802e-005
 3.076188e+002  2.180345e-005
 3.082375e+002  2.803160e-005
 3.088563e+002  1.970181e-005
 3.094750e+002  2.129941e-005
 3.100938e+002  2.767130e-005
 3.107125e+002  2.336066e-005
 3.113313e+002  2.005572e-005
 3.119500e+002  2.313361e-005
 3.125688e+002  2.418757e-005
 3.131875e+002  2.771784e-005
 3.138063e+002  2.436681e-005
 3.144250e+002  2.021754e-005
 3.150437e+002  2.052606e-005
 3.156625e+002  2.676033e-005
 3.162812e+002  3.060175e-005
 3.169000e+002  2.520557e-005
 3.175187e+002  2.512805e-005
 3.181375e+002  2.101797e-005
 3.187562e+002  1.874278e-005
 3.193750e+002  2.390310e-005
 3.199937e+002  2.240594e-005
 3.206125e+002  2.377853e-005
 3.212312e+002  2.270068e-005
 3.218500e+002  2.710609e-005
 3.224687e+002  2.539220e-005
 3.230875e+002  1.466213e-005
 3.237062e+002  2.188425e-005
 3.243250e+002  2.853380e-005
 3.249437e+002  2.436653e-005
 3.255625e+002  2.144930e-005
 3.261812e+002  2.051184e-005
 3.268000e+002  1.527433e-005
 3.274187e+002  1.799663e-005
 3.280375e+002  2.658253e-005
 3.286562e+002  2.136063e-005
 3.292750e+002  2.492859e-005
 3.298937e+002  2.880260e-005
 3.305125e+002  2.282382e-005
 3.311312e+002  2.878051e-005
 3.317500e+002  2.980448e-005
 3.323687e+002  2.159980e-005
 3.329875e+002  1.912547e-005
 3.336062e+002  2.334386e-005
 3.342250e+002  2.626430e-005
 3.348437e+002  2.113397e-005
 3.354625e+002  2.223568e-005
 3.360812e+002  2.336828e-005
 3.367000e+002  2.545850e-005
 3.373187e+002  2.595011e-005
 3.379375e+002  2.454744e-005
 3.385562e+002  2.496902e-005
 3.391750e+002  2.067491e-005
 3.397937e+002  2.232152e-005
 3.404125e+002  2.654033e-005
 3.410312e+002  2.553880e-005
 3.416500e+002  2.183370e-005
 3.422687e+002  2.229374e-005
 3.428875e+002  1.855431e-005
 3.435062e+002  1.695817e-005
 3.441250e+002  2.478778e-005
 3.447437e+002  2.487094e-005
 3.453625e+002  2.267025e-005
 3.459812e+002  2.440868e-005
 3.466000e+002  2.599959e-005
 3.472187e+002  2.585771e-005
 3.478375e+002  2.109637e-005
 3.484562e+002  2.096852e-005
 3.490750e+002  2.266440e-005
 3.496937e+002  2.313835e-005
 3.503125e+002  2.073496e-005
 3.509312e+002  1.701193e-005
 3.515500e+002  2.333873e-005
 3.521687e+002  2.723400e-005
 3.527875e+002  2.869094e-005
 3.534062e+002  2.474483e-005
 3.540250e+002  2.072060e-005
 3.546437e+002  2.138037e-005
 3.552625e+002  2.608791e-005
 3.558812e+002  2.493710e-005
 3.565000e+002  2.481601e-005
 3.571187e+002  1.964171e-005
 3.577375e+002  2.111692e-005
 3.583562e+002  2.647018e-005
 3.589750e+002  1.735106e-005
 3.595937e+002  1.844250e-005
 3.602125e+002  2.038144e-005
 3.608312e+002  1.838624e-005
 3.614500e+002  2.353834e-005
 3.620687e+002  2.603848e-005
 3.626875e+002  2.344399e-005
 3.633062e+002  1.761837e-005
 3.639250e+002  2.120161e-005
 3.645437e+002  2.507713e-005
 3.651625e+002  2.639530e-005
 3.657812e+002  2.463632e-005
 3.664000e+002  2.101898e-005
 3.670187e+002  2.067832e-005
 3.676375e+002  1.906778e-005
 3.682562e+002  1.640312e-005
 3.688750e+002  2.378352e-005
 3.694937e+002  2.493722e-005
 3.701125e+002  2.226072e-005
 3.707312e+002  2.138551e-005
 3.713500e+002  2.599179e-005
 3.719687e+002  2.502857e-005
 3.725875e+002  2.003776e-005
 3.732062e+002  2.165301e-005
 3.738250e+002  2.801752e-005
 3.744437e+002  2.751693e-005
 3.750625e+002  2.305834e-005
 3.756812e+002  1.912521e-005
 3.763000e+002  2.708045e-005
 3.769187e+002  2.048292e-005
 3.775375e+002  2.227886e-005
 3.781562e+002  2.386250e-005
 3.787750e+002  2.475681e-005
 3.793937e+002  2.190739e-005
 3.800125e+002  1.768190e-005
 3.806312e+002  1.927162e-005
 3.812500e+002  2.169858e-005
 3.818687e+002  2.132352e-005
 3.824875e+002  1.873570e-005
 3.831062e+002  1.999861e-005
 3.837250e+002  1.787465e-005
 3.843437e+002  2.196685e-005
 3.849625e+002  2.330291e-005
 3.855812e+002  2.002465e-005
 3.862000e+002  2.236872e-005
 3.868187e+002  2.861897e-005
 3.874375e+002  2.347634e-005
 3.880562e+002  2.153176e-005
 3.886750e+002  2.043583e-005
 3.892937e+002  2.462297e-005
 3.899125e+002  2.425754e-005
 3.905312e+002  1.847673e-005
 3.911500e+002  1.760678e-005
 3.917687e+002  1.546870e-005
 3.923875e+002  1.716912e-005
 3.930062e+002  1.986682e-005
 3.936250e+002  2.138071e-005
 3.942437e+002  2.196340e-005
 3.948625e+002  1.961973e-005
 3.954812e+002  1.885787e-005
 3.961000e+002  2.207428e-005
 3.967187e+002  1.968224e-005
 3.973375e+002  1.827086e-005
 3.979562e+002  1.998574e-005
 3.985750e+002  1.979563e-005
 3.991937e+002  1.937183e-005
 3.998125e+002  1.902176e-005
 4.004312e+002  2.037540e-005
 4.010500e+002  2.341784e-005
 4.016687e+002  2.137644e-005
 4.022875e+002  1.979763e-005
 4.029062e+002  2.285767e-005
 4.035250e+002  2.027465e-005
 4.041437e+002  2.103462e-005
 4.047625e+002  2.284139e-005
 4.053812e+002  1.843527e-005
 4.060000e+002  1.081409e-005
 4.066187e+002  1.582382e-005
 4.072375e+002  1.527320e-005
 4.078562e+002  2.183665e-005
 4.084750e+002  2.077441e-005
 4.090937e+002  1.958645e-005
 4.097125e+002  1.634816e-005
 4.103312e+002  1.430489e-005
 4.109500e+002  1.960329e-005
 4.115687e+002  2.266847e-005
 4.121875e+002  2.339753e-005
 4.128062e+002  1.840345e-005
 4.134250e+002  1.647988e-005
 4.140437e+002  1.534089e-005
 4.146625e+002  1.969655e-005
 4.152812e+002  2.537398e-005
 4.159000e+002  2.284664e-005
 4.165187e+002  2.075514e-005
 4.171375e+002  2.255049e-005
 4.177562e+002  2.361619e-005
 4.183750e+002  2.615396e-005
 4.189937e+002  2.897458e-005
 4.196125e+002  2.497548e-005
 4.202312e+002  1.832827e-005
 4.208500e+002  2.074777e-005
 4.214687e+002  2.144006e-005
 4.220875e+002  2.167439e-005
 4.227062e+002  2.299607e-005
 4.233250e+002  2.712693e-005
 4.239437e+002  1.869717e-005
 4.245625e+002  1.926413e-005
 4.251812e+002  1.628076e-005
 4.258000e+002  1.321262e-005
 4.264187e+002  1.675405e-005
 4.270375e+002  1.992001e-005
 4.276562e+002  2.331270e-005
 4.282750e+002  1.824192e-005
 4.288937e+002  1.473216e-005
 4.295125e+002  1.563484e-005
 4.301312e+002  1.645316e-005
 4.307500e+002  1.697665e-005
 4.313687e+002  1.727478e-005
 4.319875e+002  1.894892e-005
 4.326062e+002  1.542037e-005
 4.332250e+002  1.240325e-005
 4.338437e+002  1.820917e-005
 4.344625e+002  1.958169e-005
 4.350812e+002  1.694159e-005
 4.357000e+002  2.163903e-005
 4.363187e+002  2.287139e-005
 4.369375e+002  1.899085e-005
 4.375562e+002  1.888512e-005
 4.381750e+002  1.959767e-005
 4.387937e+002  1.807603e-005
 4.394125e+002  2.041155e-005
 4.400312e+002  2.020395e-005
 4.406500e+002  1.975100e-005
 4.412687e+002  2.090403e-005
 4.418875e+002  1.894799e-005
 4.425062e+002  2.095334e-005
 4.431250e+002  2.083475e-005
 4.437437e+002  2.326729e-005
 4.443625e+002  2.298242e-005
 4.449812e+002  1.555157e-005
 4.456000e+002  1.455187e-005
 4.462187e+002  1.628691e-005
 4.468375e+002  2.220766e-005
 4.474562e+002  2.091275e-005
 4.480750e+002  2.174995e-005
 4.486937e+002  1.657629e-005
 4.493125e+002  1.995478e-005
 4.499312e+002  2.131646e-005
 4.505500e+002  2.295993e-005
 4.511687e+002  2.004483e-005
 4.517875e+002  1.759238e-005
 4.524062e+002  1.754641e-005
 4.530250e+002  1.697568e-005
 4.536437e+002  1.832416e-005
 4.542625e+002  1.913620e-005
 4.548812e+002  1.727155e-005
 4.555000e+002  1.627619e-005
 4.561187e+002  1.893200e-005
 4.567375e+002  1.887159e-005
 4.573562e+002  1.759572e-005
 4.579750e+002  2.045302e-005
 4.585937e+002  2.664190e-005
 4.592125e+002  2.465524e-005
 4.598312e+002  1.898958e-005
 4.604500e+002  1.633754e-005
 4.610687e+002  1.601150e-005
 4.616875e+002  2.040563e-005
 4.623062e+002  1.919557e-005
 4.629250e+002  1.920754e-005
 4.635437e+002  1.882454e-005
 4.641625e+002  1.912462e-005
 4.647812e+002  1.948788e-005
 4.654000e+002  2.004749e-005
 4.660187e+002  1.961691e-005
 4.666375e+002  1.737680e-005
 4.672562e+002  1.919698e-005
 4.678750e+002  1.815137e-005
 4.684937e+002  1.322325e-005
 4.691125e+002  1.630236e-005
 4.697312e+002  2.094933e-005
 4.703500e+002  1.811126e-005
 4.709687e+002  1.392800e-005
 4.715875e+002  1.614771e-005
 4.722062e+002  2.119335e-005
 4.728250e+002  2.164127e-005
 4.734437e+002  1.265567e-005
 4.740625e+002  1.320984e-005
 4.746812e+002  2.200661e-005
 4.753000e+002  2.230411e-005
 4.759187e+002  2.238672e-005
 4.765375e+002  1.973021e-005
 4.771562e+002  2.010481e-005
 4.777750e+002  1.904507e-005
 4.783937e+002  1.450331e-005
 4.790125e+002  1.888932e-005
 4.796312e+002  2.540197e-005
 4.802500e+002  2.119710e-005
 4.808687e+002  1.394730e-005
 4.814875e+002  1.664948e-005
 4.821062e+002  2.126010e-005
 4.827250e+002  1.931784e-005
 4.833437e+002  1.881903e-005
 4.839625e+002  2.686880e-005
 4.845812e+002  2.568410e-005
 4.852000e+002  2.240619e-005
 4.858187e+002  1.760172e-005
 4.864375e+002  1.784219e-005
 4.870562e+002  1.549329e-005
 4.876750e+002  1.565121e-005
 4.882937e+002  1.495836e-005
 4.889125e+002  1.617540e-005
 4.895312e+002  1.654524e-005
 4.901500e+002  1.632746e-005
 4.907687e+002  1.831925e-005
 4.913875e+002  1.978048e-005
 4.920062e+002  2.079751e-005
 4.926250e+002  1.822177e-005
 4.932437e+002  1.325918e-005
 4.938625e+002  2.062133e-005
 4.944812e+002  1.993521e-005
 4.951000e+002  1.604811e-005
 4.957187e+002  1.654814e-005
 4.963375e+002  1.810413e-005
 4.969562e+002  2.089539e-005
 4.975750e+002  2.053777e-005
 4.981937e+002  1.843882e-005
 4.988125e+002  1.987414e-005
 4.994312e+002  2.022664e-005
 5.000500e+002  1.567500e-005
 5.006687e+002  2.021400e-005
 5.012875e+002  2.337927e-005
 5.019062e+002  2.266760e-005
 5.025250e+002  2.084762e-005
 5.031437e+002  2.081977e-005
 5.037625e+002  2.147129e-005
 5.043812e+002  1.772082e-005
 5.050000e+002  1.443709e-005
 5.056187e+002  1.277516e-005
 5.062375e+002  1.240097e-005
 5.068562e+002  1.260724e-005
 5.074750e+002  1.424583e-005
 5.080937e+002  1.723667e-005
 5.087125e+002  1.804912e-005
 5.093312e+002  2.102018e-005
 5.099500e+002  2.171510e-005
 5.105687e+002  1.845570e-005
 5.111875e+002  1.957985e-005
 5.118062e+002  2.157975e-005
 5.124250e+002  1.985944e-005
 5.130437e+002  1.755524e-005
 5.136625e+002  1.606920e-005
 5.142812e+002  1.559966e-005
 5.149000e+002  1.742410e-005
 5.155187e+002  1.626944e-005
 5.161375e+002  1.627195e-005
 5.167562e+002  2.058078e-005
 5.173750e+002  1.976874e-005
 5.179937e+002  1.568020e-005
 5.186125e+002  1.621474e-005
 5.192312e+002  2.220379e-005
 5.198500e+002  1.971264e-005
 5.204687e+002  1.466500e-005
 5.210875e+002  1.689621e-005
 5.217062e+002  1.865276e-005
 5.223250e+002  1.596172e-005
 5.229437e+002  1.376735e-005
 5.235625e+002  1.787028e-005
 5.241812e+002  1.571133e-005
 5.248000e+002  1.185385e-005
 5.254187e+002  1.554697e-005
 5.260375e+002  1.696571e-005
 5.266562e+002  1.915763e-005
 5.272750e+002  1.908024e-005
 5.278937e+002  1.850391e-005
 5.285125e+002  1.659230e-005
 5.291312e+002  1.579992e-005
 5.297500e+002  1.598271e-005
 5.303687e+002  1.845379e-005
 5.309875e+002  1.610502e-005
 5.316062e+002  1.818363e-005
 5.322250e+002  1.530105e-005
 5.328437e+002  1.285052e-005
 5.334625e+002  1.469907e-005
 5.340812e+002  1.618737e-005
 5.347000e+002  1.697319e-005
 5.353187e+002  1.528620e-005
 5.359375e+002  1.664908e-005
 5.365562e+002  1.614526e-005
 5.371750e+002  1.924180e-005
 5.377937e+002  1.927355e-005
 5.384125e+002  1.869962e-005
 5.390312e+002  1.877301e-005
 5.396500e+002  1.706096e-005
 5.402687e+002  1.654905e-005
 5.408875e+002  1.780056e-005
 5.415062e+002  1.782597e-005
 5.421250e+002  1.838922e-005
 5.427437e+002  1.991975e-005
 5.433625e+002  1.741085e-005
 5.439812e+002  1.522471e-005
 5.446000e+002  1.959899e-005
 5.452187e+002  2.009577e-005
 5.458375e+002  2.188901e-005
 5.464562e+002  2.183336e-005
 5.470750e+002  2.006199e-005
 5.476937e+002  1.966132e-005
 5.483125e+002  1.978763e-005
 5.489312e+002  2.018463e-005
 5.495500e+002  1.830206e-005
 5.501687e+002  1.692934e-005
 5.507875e+002  1.955206e-005
 5.514062e+002  1.951360e-005
 5.520250e+002  1.688058e-005
 5.526437e+002  1.824218e-005
 5.532625e+002  1.603368e-005
 5.538812e+002  1.798829e-005
 5.545000e+002  1.951105e-005
 5.551187e+002  1.669082e-005
 5.557375e+002  1.808674e-005
 5.563562e+002  1.386191e-005
 5.569750e+002  1.815611e-005
 5.575937e+002  2.261944e-005
 5.582125e+002  1.789601e-005
 5.588312e+002  1.380548e-005
 5.594500e+002  1.417787e-005
 5.600687e+002  1.198241e-005
 5.606875e+002  1.523430e-005
 5.613062e+002  1.765329e-005
 5.619250e+002  1.765114e-005
 5.625437e+002  1.578147e-005
 5.631625e+002  1.799898e-005
 5.637812e+002  1.456798e-005
 5.644000e+002  1.434980e-005
 5.650187e+002  1.680867e-005
 5.656375e+002  1.480189e-005
 5.662562e+002  1.312717e-005
 5.668750e+002  1.913530e-005
 5.674937e+002  1.857875e-005
 5.681125e+002  1.529674e-005
 5.687312e+002  1.684103e-005
 5.693500e+002  1.540227e-005
 5.699687e+002  1.526148e-005
 5.705875e+002  1.372621e-005
 5.712062e+002  1.548042e-005
 5.718250e+002  1.709505e-005
 5.724437e+002  1.795079e-005
 5.730625e+002  1.472484e-005
 5.736812e+002  1.362320e-005
 5.743000e+002  1.501707e-005
 5.749187e+002  1.457263e-005
 5.755375e+002  1.442062e-005
 5.761562e+002  1.356130e-005
 5.767750e+002  1.339035e-005
 5.773937e+002  1.495250e-005
 5.780125e+002  1.382813e-005
 5.786312e+002  1.735087e-005
 5.792500e+002  1.647220e-005
 5.798687e+002  1.363235e-005
 5.804875e+002  1.651998e-005
 5.811062e+002  1.988203e-005
 5.817250e+002  1.896592e-005
 5.823437e+002  1.648375e-005
 5.829625e+002  1.762286e-005
 5.835812e+002  1.728626e-005
 5.842000e+002  1.485643e-005
 5.848187e+002  1.460278e-005
 5.854375e+002  1.376809e-005
 5.860562e+002  1.671698e-005
 5.866750e+002  1.909143e-005
 5.872937e+002  1.673586e-005
 5.879125e+002  1.522738e-005
 5.885312e+002  1.406255e-005
 5.891500e+002  1.716801e-005
 5.897687e+002  2.072398e-005
 5.903875e+002  2.048435e-005
 5.910062e+002  1.966128e-005
 5.916250e+002  1.755855e-005
 5.922437e+002  1.570545e-005
 5.928625e+002  1.797905e-005
 5.934812e+002  1.680740e-005
 5.941000e+002  1.489154e-005
 5.947187e+002  1.373642e-005
 5.953375e+002  1.478274e-005
 5.959562e+002  1.470949e-005
 5.965750e+002  1.481830e-005
 5.971937e+002  1.327628e-005
 5.978125e+002  1.548509e-005
 5.984312e+002  1.465747e-005
 5.990500e+002  1.385684e-005
 5.996687e+002  1.372379e-005
 6.002875e+002  1.342551e-005
 6.009062e+002  1.469339e-005
 6.015250e+002  1.242006e-005
 6.021437e+002  1.469975e-005
 6.027625e+002  1.352126e-005
 6.033812e+002  1.453190e-005
 6.040000e+002  1.531643e-005
 6.046187e+002  1.561406e-005
 6.052375e+002  1.682103e-005
 6.058562e+002  1.689302e-005
 6.064750e+002  1.540850e-005
 6.070937e+002  1.628549e-005
 6.077125e+002  2.168839e-005
 6.083312e+002  1.784134e-005
 6.089500e+002  1.779517e-005
 6.095687e+002  1.594267e-005
 6.101875e+002  1.775426e-005
 6.108062e+002  1.504302e-005
 6.114250e+002  1.475073e-005
 6.120437e+002  1.436808e-005
 6.126625e+002  1.747995e-005
 6.132812e+002  1.813309e-005
 6.139000e+002  1.587748e-005
 6.145187e+002  1.577963e-005
 6.151375e+002  1.853780e-005
 6.157562e+002  1.379715e-005
 6.163750e+002  1.300700e-005
 6.169937e+002  1.347112e-005
 6.176125e+002  1.657830e-005
 6.182312e+002  1.950788e-005
 6.188500e+002  1.508224e-005
 6.194687e+002  1.607055e-005
 6.200875e+002  1.631284e-005
 6.207062e+002  1.742746e-005
 6.213250e+002  1.681495e-005
 6.219437e+002  1.505665e-005
 6.225625e+002  1.692400e-005
 6.231812e+002  1.398714e-005
 6.238000e+002  1.219697e-005
 6.244187e+002  1.529709e-005
 6.250375e+002  1.583378e-005
 6.256562e+002  1.660991e-005
 6.262750e+002  1.823564e-005
 6.268937e+002  2.013528e-005
 6.275125e+002  2.086742e-005
 6.281312e+002  1.635810e-005
 6.287500e+002  1.242394e-005
 6.293687e+002  1.585915e-005
 6.299875e+002  1.806967e-005
 6.306062e+002  1.735898e-005
 6.312250e+002  1.364595e-005
 6.318437e+002  1.378810e-005
 6.324625e+002  1.465344e-005
 6.330812e+002  1.459340e-005
 6.337000e+002  1.215046e-005
 6.343187e+002  1.350206e-005
 6.349375e+002  1.531346e-005
 6.355562e+002  1.920235e-005
 6.361750e+002  1.712025e-005
 6.367937e+002  1.581228e-005
 6.374125e+002  1.721423e-005
 6.380312e+002  1.224891e-005
 6.386500e+002  1.362015e-005
 6.392687e+002  1.502590e-005
 6.398875e+002  1.654300e-005
 6.405062e+002  1.883510e-005
 6.411250e+002  1.706945e-005
 6.417437e+002  1.305342e-005
 6.423625e+002  1.269429e-005
 6.429812e+002  1.212570e-005
 6.436000e+002  1.242599e-005
 6.442187e+002  1.478148e-005
 6.448375e+002  1.506101e-005
 6.454562e+002  1.430656e-005
 6.460750e+002  1.091735e-005
 6.466937e+002  1.474952e-005
 6.473125e+002  1.906975e-005
 6.479312e+002  1.744454e-005
 6.485500e+002  1.674467e-005
 6.491687e+002  1.588169e-005
 6.497875e+002  1.075547e-005
 6.504062e+002  1.204329e-005
 6.510250e+002  1.288099e-005
 6.516437e+002  1.568933e-005
 6.522625e+002  1.503557e-005
 6.528812e+002  1.369796e-005
 6.535000e+002  1.342213e-005
 6.541187e+002  1.387168e-005
 6.547375e+002  1.490680e-005
 6.553562e+002  1.913088e-005
 6.559750e+002  1.875573e-005
 6.565937e+002  1.055338e-005
 6.572125e+002  1.187915e-005
 6.578312e+002  1.425501e-005
 6.584500e+002  1.587512e-005
 6.590687e+002  1.475680e-005
 6.596875e+002  1.641660e-005
 6.603062e+002  1.347422e-005
 6.609250e+002  1.434152e-005
 6.615437e+002  1.459186e-005
 6.621625e+002  1.524258e-005
 6.627812e+002  1.519947e-005
 6.634000e+002  1.306226e-005
 6.640187e+002  1.654009e-005
 6.646375e+002  1.410154e-005
 6.652562e+002  1.264805e-005
 6.658750e+002  1.373456e-005
 6.664937e+002  1.243740e-005
 6.671125e+002  1.494998e-005
 6.677312e+002  1.592906e-005
 6.683500e+002  1.350293e-005
 6.689687e+002  1.466782e-005
 6.695875e+002  1.535390e-005
 6.702062e+002  1.404446e-005
 6.708250e+002  1.175839e-005
 6.714437e+002  1.491529e-005
 6.720625e+002  1.190848e-005
 6.726812e+002  1.357920e-005
 6.733000e+002  1.328235e-005
 6.739187e+002  1.447435e-005
 6.745375e+002  1.370070e-005
 6.751562e+002  1.755070e-005
 6.757750e+002  1.579998e-005
 6.763937e+002  1.350417e-005
 6.770125e+002  1.315260e-005
 6.776312e+002  1.387195e-005
 6.782500e+002  1.335827e-005
 6.788687e+002  1.550526e-005
 6.794875e+002  1.775321e-005
 6.801062e+002  1.501232e-005
 6.807250e+002  1.073607e-005
 6.813437e+002  1.554771e-005
 6.819625e+002  1.448227e-005
 6.825812e+002  1.334880e-005
 6.832000e+002  1.642511e-005
 6.838187e+002  1.589176e-005
 6.844375e+002  1.606307e-005
 6.850562e+002  1.822059e-005
 6.856750e+002  1.664132e-005
 6.862937e+002  1.248579e-005
 6.869125e+002  1.488932e-005
 6.875312e+002  1.751006e-005
 6.881500e+002  1.352782e-005
 6.887687e+002  1.225030e-005
 6.893875e+002  1.534921e-005
 6.900062e+002  1.489333e-005
 6.906250e+002  1.372415e-005
 6.912437e+002  1.387249e-005
 6.918625e+002  1.398356e-005
 6.924812e+002  1.501095e-005
 6.931000e+002  1.414064e-005
 6.937187e+002  1.725024e-005
 6.943375e+002  1.676682e-005
 6.949562e+002  1.396941e-005
 6.955750e+002  1.089103e-005
 6.961937e+002  1.254421e-005
 6.968125e+002  1.376764e-005
 6.974312e+002  1.260665e-005
 6.980500e+002  1.336603e-005
 6.986687e+002  1.608869e-005
 6.992875e+002  1.750247e-005
 6.999062e+002  1.405431e-005
 7.005250e+002  1.245451e-005
 7.011437e+002  1.685953e-005
 7.017625e+002  1.430524e-005
 7.023812e+002  1.501694e-005
 7.030000e+002  1.402799e-005
 7.036187e+002  1.100792e-005
 7.042375e+002  1.096160e-005
 7.048562e+002  9.199706e-006
 7.054750e+002  9.808555e-006
 7.060937e+002  1.071096e-005
 7.067125e+002  1.209208e-005
 7.073312e+002  1.311404e-005
 7.079500e+002  1.290821e-005
 7.085687e+002  1.145890e-005
 7.091875e+002  1.186195e-005
 7.098062e+002  1.351486e-005
 7.104250e+002  1.657985e-005
 7.110437e+002  1.671173e-005
 7.116625e+002  1.407759e-005
 7.122812e+002  1.267822e-005
 7.129000e+002  1.288858e-005
 7.135187e+002  1.562336e-005
 7.141375e+002  1.585137e-005
 7.147562e+002  1.459786e-005
 7.153750e+002  1.512837e-005
 7.159937e+002  1.730438e-005
 7.166125e+002  1.642486e-005
 7.172312e+002  1.293189e-005
 7.178500e+002  1.681060e-005
 7.184687e+002  1.556113e-005
 7.190875e+002  1.371889e-005
 7.197062e+002  1.168630e-005
 7.203250e+002  1.670659e-005
 7.209437e+002  1.574360e-005
 7.215625e+002  1.619362e-005
 7.221812e+002  1.311670e-005
 7.228000e+002  1.165798e-005
 7.234187e+002  1.447987e-005
 7.240375e+002  1.300158e-005
 7.246562e+002  1.462968e-005
 7.252750e+002  1.392251e-005
 7.258937e+002  1.468982e-005
 7.265125e+002  1.295102e-005
 7.271312e+002  1.386754e-005
 7.277500e+002  1.344581e-005
 7.283687e+002  1.432129e-005
 7.289875e+002  1.276178e-005
 7.296062e+002  1.163440e-005
 7.302250e+002  1.727993e-005
 7.308437e+002  1.518454e-005
 7.314625e+002  1.343310e-005
 7.320812e+002  1.189628e-005
 7.327000e+002  1.423956e-005
 7.333187e+002  1.579347e-005
 7.339375e+002  1.420779e-005
 7.345562e+002  1.180597e-005
 7.351750e+002  1.118022e-005
 7.357937e+002  1.365650e-005
 7.364125e+002  1.137632e-005
 7.370312e+002  1.176149e-005
 7.376500e+002  1.151997e-005
 7.382687e+002  1.267633e-005
 7.388875e+002  1.505668e-005
 7.395062e+002  1.345256e-005
 7.401250e+002  1.227622e-005
 7.407437e+002  1.423729e-005
 7.413625e+002  1.245304e-005
 7.419812e+002  1.380598e-005
 7.426000e+002  1.392281e-005
 7.432187e+002  1.252434e-005
 7.438375e+002  1.141207e-005
 7.444562e+002  1.442608e-005
 7.450750e+002  1.360558e-005
 7.456937e+002  1.422254e-005
 7.463125e+002  1.707697e-005
 7.469312e+002  1.207684e-005
 7.475500e+002  1.168038e-005
 7.481687e+002  1.514329e-005
 7.487875e+002  1.310259e-005
 7.494062e+002  1.089171e-005
 7.500250e+002  1.226123e-005
 7.506437e+002  1.410563e-005
 7.512625e+002  1.428435e-005
 7.518812e+002  1.251529e-005
 7.525000e+002  1.271744e-005
 7.531187e+002  1.106249e-005
 7.537375e+002  1.560520e-005
 7.543562e+002  1.398029e-005
 7.549750e+002  1.258873e-005
 7.555937e+002  1.408417e-005
 7.562125e+002  1.472928e-005
 7.568312e+002  1.191383e-005
 7.574500e+002  1.542714e-005
 7.580687e+002  1.385174e-005
 7.586875e+002  1.262293e-005
 7.593062e+002  1.342566e-005
 7.599250e+002  1.279499e-005
 7.605437e+002  1.285040e-005
 7.611625e+002  1.266705e-005
 7.617812e+002  1.324104e-005
 7.624000e+002  1.425831e-005
 7.630187e+002  1.223799e-005
 7.636375e+002  1.113389e-005
 7.642562e+002  1.349520e-005
 7.648750e+002  1.427878e-005
 7.654937e+002  1.386595e-005
 7.661125e+002  1.477576e-005
 7.667312e+002  1.494171e-005
 7.673500e+002  1.707630e-005
 7.679687e+002  1.458995e-005
 7.685875e+002  1.291607e-005
 7.692062e+002  1.453000e-005
 7.698250e+002  1.589212e-005
 7.704437e+002  1.423101e-005
 7.710625e+002  1.563782e-005
 7.716812e+002  1.605732e-005
 7.723000e+002  1.326836e-005
 7.729187e+002  1.267821e-005
 7.735375e+002  1.322876e-005
 7.741562e+002  1.334658e-005
 7.747750e+002  1.369033e-005
 7.753937e+002  8.934675e-006
 7.760125e+002  1.209226e-005
 7.766312e+002  1.291361e-005
 7.772500e+002  1.478001e-005
 7.778687e+002  1.664571e-005
 7.784875e+002  1.534200e-005
 7.791062e+002  1.133666e-005
 7.797250e+002  1.224801e-005
 7.803437e+002  1.295740e-005
 7.809625e+002  1.326248e-005
 7.815812e+002  1.102994e-005
 7.822000e+002  1.525831e-005
 7.828187e+002  1.552591e-005
 7.834375e+002  1.391094e-005
 7.840562e+002  1.213385e-005
 7.846750e+002  8.863711e-006
 7.852937e+002  1.158141e-005
 7.859125e+002  1.210837e-005
 7.865312e+002  1.096537e-005
 7.871500e+002  1.081983e-005
 7.877687e+002  1.185734e-005
 7.883875e+002  1.363012e-005
 7.890062e+002  1.166254e-005
 7.896250e+002  1.247510e-005
 7.902437e+002  1.168251e-005
 7.908625e+002  1.159337e-005
 7.914812e+002  1.273121e-005
 7.921000e+002  1.298183e-005
 7.927187e+002  1.419125e-005
 7.933375e+002  1.332175e-005
 7.939562e+002  1.304853e-005
 7.945750e+002  1.198714e-005
 7.951937e+002  1.106804e-005
 7.958125e+002  1.266252e-005
 7.964312e+002  1.495396e-005
 7.970500e+002  1.233140e-005
 7.976687e+002  1.180000e-005
 7.982875e+002  1.236726e-005
 7.989062e+002  1.191015e-005
 7.995250e+002  1.313567e-005
 8.001437e+002  1.168707e-005
 8.007625e+002  1.148964e-005
 8.013812e+002  1.413307e-005
 8.020000e+002  1.245315e-005
 8.026187e+002  1.105259e-005
 8.032375e+002  1.140841e-005
 8.038562e+002  1.326666e-005
 8.044750e+002  1.559102e-005
 8.050937e+002  1.272758e-005
 8.057125e+002  1.481321e-005
 8.063312e+002  1.288936e-005
 8.069500e+002  1.307638e-005
 8.075687e+002  1.337874e-005
 8.081875e+002  1.386737e-005
 8.088062e+002  1.304251e-005
 8.094250e+002  1.243810e-005
 8.100437e+002  1.015303e-005
 8.106625e+002  1.285374e-005
 8.112812e+002  1.441055e-005
 8.119000e+002  1.250558e-005
 8.125187e+002  1.213231e-005
 8.131375e+002  1.437647e-005
 8.137562e+002  1.419152e-005
 8.143750e+002  1.392496e-005
 8.149937e+002  1.249211e-005
 8.156125e+002  1.154090e-005
 8.162312e+002  1.279008e-005
 8.168500e+002  1.112962e-005
 8.174687e+002  9.595181e-006
 8.180875e+002  1.063123e-005
 8.187062e+002  1.129744e-005
 8.193250e+002  1.033850e-005
 8.199437e+002  1.358841e-005
 8.205625e+002  1.545689e-005
 8.211812e+002  1.273337e-005
 8.218000e+002  1.202550e-005
 8.224187e+002  1.376988e-005
 8.230375e+002  1.183271e-005
 8.236562e+002  1.039232e-005
 8.242750e+002  1.099253e-005
 8.248937e+002  1.241220e-005
 8.255125e+002  1.160508e-005
 8.261312e+002  1.140982e-005
 8.267500e+002  1.275518e-005
 8.273687e+002  1.026403e-005
 8.279875e+002  9.750788e-006
 8.286062e+002  1.193063e-005
 8.292250e+002  1.115055e-005
 8.298437e+002  1.191101e-005
 8.304625e+002  1.299670e-005
 8.310812e+002  1.069471e-005
 8.317000e+002  9.576025e-006
 8.323187e+002  1.334540e-005
 8.329375e+002  1.143535e-005
 8.335562e+002  9.331424e-006
 8.341750e+002  1.175219e-005
 8.347937e+002  1.021686e-005
 8.354125e+002  1.138784e-005
 8.360312e+002  1.337924e-005
 8.366500e+002  1.259877e-005
 8.372687e+002  9.604649e-006
 8.378875e+002  1.032343e-005
 8.385062e+002  1.133517e-005
 8.391250e+002  1.509839e-005
 8.397437e+002  1.371554e-005
 8.403625e+002  1.168640e-005
 8.409812e+002  1.446821e-005
 8.416000e+002  1.174703e-005
 8.422187e+002  9.591112e-006
 8.428375e+002  1.207618e-005
 8.434562e+002  1.285677e-005
 8.440750e+002  1.205163e-005
 8.446937e+002  1.310000e-005
 8.453125e+002  1.344241e-005
 8.459312e+002  1.100273e-005
 8.465500e+002  1.264326e-005
 8.471687e+002  1.127976e-005
 8.477875e+002  1.182570e-005
 8.484062e+002  1.125608e-005
 8.490250e+002  9.326484e-006
 8.496437e+002  1.254314e-005
 8.502625e+002  1.247670e-005
 8.508812e+002  1.007501e-005
 8.515000e+002  9.670417e-006
 8.521187e+002  1.377091e-005
 8.527375e+002  1.297118e-005
 8.533562e+002  1.223690e-005
 8.539750e+002  1.483270e-005
 8.545937e+002  1.305746e-005
 8.552125e+002  1.179174e-005
 8.558312e+002  1.213421e-005
 8.564500e+002  1.106347e-005
 8.570687e+002  1.004297e-005
 8.576875e+002  1.264831e-005
 8.583062e+002  1.058317e-005
 8.589250e+002  1.064800e-005
 8.595437e+002  1.423332e-005
 8.601625e+002  1.428659e-005
 8.607812e+002  1.088108e-005
 8.614000e+002  1.075999e-005
 8.620187e+002  1.209328e-005
 8.626375e+002  1.213756e-005
 8.632562e+002  1.312897e-005
 8.638750e+002  1.544917e-005
 8.644937e+002  1.398962e-005
 8.651125e+002  1.215415e-005
 8.657312e+002  1.055400e-005
 8.663500e+002  8.728590e-006
 8.669687e+002  9.626206e-006
 8.675875e+002  1.084818e-005
 8.682062e+002  1.100725e-005
 8.688250e+002  1.250714e-005
 8.694437e+002  1.230821e-005
 8.700625e+002  1.090347e-005
 8.706812e+002  9.015343e-006
 8.713000e+002  1.257748e-005
 8.719187e+002  1.063773e-005
 8.725375e+002  8.685023e-006
 8.731562e+002  8.614269e-006
 8.737750e+002  1.008370e-005
 8.743937e+002  1.300234e-005
 8.750125e+002  1.288630e-005
 8.756312e+002  1.127872e-005
 8.762500e+002  1.006609e-005
 8.768687e+002  1.090420e-005
 8.774875e+002  1.149906e-005
 8.781062e+002  1.068163e-005
 8.787250e+002  1.107938e-005
 8.793437e+002  1.151989e-005
 8.799625e+002  1.090483e-005
 8.805812e+002  9.734550e-006
 8.812000e+002  1.046429e-005
 8.818187e+002  1.419571e-005
 8.824375e+002  1.155745e-005
 8.830562e+002  9.429883e-006
 8.836750e+002  1.171314e-005
 8.842937e+002  1.213068e-005
 8.849125e+002  1.166900e-005
 8.855312e+002  1.141382e-005
 8.861500e+002  1.170796e-005
 8.867687e+002  1.277480e-005
 8.873875e+002  1.424414e-005
 8.880062e+002  1.107426e-005
 8.886250e+002  1.214783e-005
 8.892437e+002  1.205500e-005
 8.898625e+002  1.094249e-005
 8.904812e+002  1.405926e-005
 8.911000e+002  1.537117e-005
 8.917187e+002  1.183109e-005
 8.923375e+002  1.093867e-005
 8.929562e+002  1.112482e-005
 8.935750e+002  1.031504e-005
 8.941937e+002  1.129484e-005
 8.948125e+002  1.092176e-005
 8.954312e+002  1.018113e-005
 8.960500e+002  1.257312e-005
 8.966687e+002  1.052884e-005
 8.972875e+002  1.158213e-005
 8.979062e+002  1.086383e-005
 8.985250e+002  1.091109e-005
 8.991437e+002  1.089279e-005
 8.997625e+002  1.253322e-005
 9.003812e+002  1.251802e-005
 9.010000e+002  1.379027e-005
 9.016187e+002  1.221602e-005
 9.022375e+002  1.121060e-005
 9.028562e+002  1.389652e-005
 9.034750e+002  1.322813e-005
 9.040937e+002  1.248658e-005
 9.047125e+002  1.220696e-005
 9.053312e+002  1.017087e-005
 9.059500e+002  1.215705e-005
 9.065687e+002  1.012348e-005
 9.071875e+002  1.160767e-005
 9.078062e+002  1.035412e-005
 9.084250e+002  1.021651e-005
 9.090437e+002  1.145927e-005
 9.096625e+002  9.686401e-006
 9.102812e+002  1.055800e-005
 9.109000e+002  1.206473e-005
 9.115187e+002  1.171058e-005
 9.121375e+002  1.365573e-005
 9.127562e+002  1.497259e-005
 9.133750e+002  1.311685e-005
 9.139937e+002  1.248674e-005
 9.146125e+002  1.432807e-005
 9.152312e+002  1.313261e-005
 9.158500e+002  1.227989e-005
 9.164687e+002  1.138481e-005
 9.170875e+002  1.025381e-005
 9.177062e+002  9.933386e-006
 9.183250e+002  8.892472e-006
 9.189437e+002  1.072374e-005
 9.195625e+002  1.530897e-005
 9.201812e+002  1.324783e-005
 9.208000e+002  1.262739e-005
 9.214187e+002  9.503438e-006
 9.220375e+002  1.007173e-005
 9.226562e+002  1.233941e-005
 9.232750e+002  1.218253e-005
 9.238937e+002  9.744727e-006
 9.245125e+002  9.909145e-006
 9.251312e+002  1.002744e-005
 9.257500e+002  1.197674e-005
 9.263687e+002  1.262467e-005
 9.269875e+002  9.976255e-006
 9.276062e+002  7.318664e-006
 9.282250e+002  1.002956e-005
 9.288437e+002  1.078168e-005
 9.294625e+002  1.075908e-005
 9.300812e+002  1.250647e-005
 9.307000e+002  1.156647e-005
 9.313187e+002  1.023000e-005
 9.319375e+002  9.719311e-006
 9.325562e+002  1.193500e-005
 9.331750e+002  1.059591e-005
 9.337937e+002  1.128150e-005
 9.344125e+002  1.092201e-005
 9.350312e+002  9.838988e-006
 9.356500e+002  9.572815e-006
 9.362687e+002  7.592300e-006
 9.368875e+002  9.242033e-006
 9.375062e+002  1.097064e-005
 9.381250e+002  7.913922e-006
 9.387437e+002  7.987248e-006
 9.393625e+002  1.212385e-005
 9.399812e+002  1.327207e-005
 9.406000e+002  1.245649e-005
 9.412187e+002  1.254010e-005
 9.418375e+002  1.041259e-005
 9.424562e+002  8.645302e-006
 9.430750e+002  9.115323e-006
 9.436937e+002  1.315505e-005
 9.443125e+002  1.195627e-005
 9.449312e+002  9.561322e-006
 9.455500e+002  1.027561e-005
 9.461687e+002  1.166668e-005
 9.467875e+002  1.287352e-005
 9.474062e+002  1.127440e-005
 9.480250e+002  1.336353e-005
 9.486437e+002  1.422663e-005
 9.492625e+002  1.518837e-005
 9.498812e+002  1.203166e-005
 9.505000e+002  1.053523e-005
 9.511187e+002  1.161624e-005
 9.517375e+002  1.150283e-005
 9.523562e+002  1.049187e-005
 9.529750e+002  8.492492e-006
 9.535937e+002  9.775174e-006
 9.542125e+002  1.012027e-005
 9.548312e+002  9.916374e-006
 9.554500e+002  1.059081e-005
 9.560687e+002  8.538185e-006
 9.566875e+002  1.046010e-005
 9.573062e+002  1.081387e-005
 9.579250e+002  1.282441e-005
 9.585437e+002  1.129596e-005
 9.591625e+002  1.262338e-005
 9.597812e+002  1.306809e-005
 9.604000e+002  1.378097e-005
 9.610187e+002  1.116849e-005
 9.616375e+002  1.060712e-005
 9.622562e+002  1.054509e-005
 9.628750e+002  1.107965e-005
 9.634937e+002  1.316373e-005
 9.641125e+002  9.731323e-006
 9.647312e+002  1.215783e-005
 9.653500e+002  1.289541e-005
 9.659687e+002  9.433014e-006
 9.665875e+002  9.430616e-006
 9.672062e+002  9.613394e-006
 9.678250e+002  9.309272e-006
 9.684437e+002  8.120574e-006
 9.690625e+002  1.026906e-005
 9.696812e+002  1.159117e-005
 9.703000e+002  1.080887e-005
 9.709187e+002  1.141974e-005
 9.715375e+002  1.003192e-005
 9.721562e+002  1.030059e-005
 9.727750e+002  1.134082e-005
 9.733937e+002  1.130579e-005
 9.740125e+002  1.038151e-005
 9.746312e+002  1.063349e-005
 9.752500e+002  1.181271e-005
 9.758687e+002  1.278541e-005
 9.764875e+002  1.236923e-005
 9.771062e+002  1.177089e-005
 9.777250e+002  1.164295e-005
 9.783437e+002  1.121184e-005
 9.789625e+002  9.442656e-006
 9.795812e+002  1.065465e-005
 9.802000e+002  8.960788e-006
 9.808187e+002  1.062506e-005
 9.814375e+002  1.208567e-005
 9.820562e+002  7.700538e-006
 9.826750e+002  9.526108e-006
 9.832937e+002  1.278153e-005
 9.839125e+002  1.351579e-005
 9.845312e+002  1.320694e-005
 9.851500e+002  1.193073e-005
 9.857687e+002  1.118928e-005
 9.863875e+002  8.085942e-006
 9.870062e+002  1.016828e-005
 9.876250e+002  1.224878e-005
 9.882437e+002  1.195282e-005
 9.888625e+002  1.212460e-005
 9.894812e+002  8.915175e-006
 9.901000e+002  8.628607e-006
 9.907187e+002  8.705685e-006
 9.913375e+002  1.004584e-005
 9.919562e+002  9.038897e-006
 9.925750e+002  9.654681e-006
 9.931937e+002  8.821588e-006
 9.938125e+002  9.564694e-006
 9.944312e+002  1.036969e-005
 9.950500e+002  1.100445e-005
 9.956687e+002  1.261511e-005
 9.962875e+002  1.412936e-005
 9.969062e+002  1.234185e-005
 9.975250e+002  1.072458e-005
 9.981437e+002  1.058027e-005
 9.987625e+002  9.132456e-006
 9.993812e+002  1.282471e-005
 1.000000e+003  1.164713e-005
