 1.000000e+000  7.737134e-004
 1.247500e+000  3.254972e-004
 1.495000e+000  3.244374e-004
 1.742500e+000  1.416061e-004
 1.990000e+000  2.111796e-004
 2.237500e+000  1.452424e-004
 2.485000e+000  1.028556e-004
 2.732500e+000  1.397197e-004
 2.980000e+000  1.169565e-004
 3.227500e+000  8.734963e-005
 3.475000e+000  8.669906e-005
 3.722500e+000  6.219829e-005
 3.970000e+000  4.676807e-005
 4.217500e+000  8.386599e-005
 4.465000e+000  1.001025e-004
 4.712500e+000  1.013800e-004
 4.960000e+000  8.178712e-005
 5.207500e+000  8.058343e-005
 5.455000e+000  1.100405e-004
 5.702500e+000  5.830557e-005
 5.950000e+000  3.992797e-005
 6.197500e+000  5.104943e-005
 6.445000e+000  5.845716e-005
 6.692500e+000  6.527192e-005
 6.940000e+000  4.903509e-005
 7.187500e+000  8.215490e-005
 7.435000e+000  8.719232e-005
 7.682500e+000  3.373787e-005
 7.930000e+000  7.285543e-005
 8.177500e+000  6.025879e-005
 8.425000e+000  1.831444e-005
 8.672500e+000  6.980006e-005
 8.920000e+000  9.572223e-005
 9.167500e+000  7.895767e-005
 9.415000e+000  8.162400e-005
 9.662500e+000  4.977475e-005
 9.910000e+000  4.955432e-005
 1.015750e+001  5.650634e-005
 1.040500e+001  7.280637e-005
 1.065250e+001  7.959524e-005
 1.090000e+001  7.835264e-005
 1.114750e+001  7.131447e-005
 1.139500e+001  5.875306e-005
 1.164250e+001  8.393899e-005
 1.189000e+001  8.276517e-005
 1.213750e+001  7.219398e-005
 1.238500e+001  8.290764e-005
 1.263250e+001  6.700445e-005
 1.288000e+001  5.700623e-005
 1.312750e+001  5.241766e-005
 1.337500e+001  3.209047e-005
 1.362250e+001  5.477979e-005
 1.387000e+001  5.942039e-005
 1.411750e+001  6.568181e-005
 1.436500e+001  6.977792e-005
 1.461250e+001  8.343223e-005
 1.486000e+001  5.831683e-005
 1.510750e+001  3.961747e-005
 1.535500e+001  4.566500e-005
 1.560250e+001  5.793918e-005
 1.585000e+001  5.886182e-005
 1.609750e+001  5.260651e-005
 1.634500e+001  5.513443e-005
 1.659250e+001  6.567943e-005
 1.684000e+001  6.948443e-005
 1.708750e+001  7.076082e-005
 1.733500e+001  4.225403e-005
 1.758250e+001  4.932790e-005
 1.783000e+001  3.466419e-005
 1.807750e+001  6.097611e-005
 1.832500e+001  5.563924e-005
 1.857250e+001  4.083419e-005
 1.882000e+001  3.774055e-005
 1.906750e+001  3.476587e-005
 1.931500e+001  4.610853e-005
 1.956250e+001  3.140504e-005
 1.981000e+001  6.184352e-005
 2.005750e+001  8.326030e-005
 2.030500e+001  5.623623e-005
 2.055250e+001  3.747663e-005
 2.080000e+001  6.616364e-005
 2.104750e+001  5.610278e-005
 2.129500e+001  3.765121e-005
 2.154250e+001  6.043559e-005
 2.179000e+001  6.139394e-005
 2.203750e+001  6.296168e-005
 2.228500e+001  7.755655e-005
 2.253250e+001  7.806736e-005
 2.278000e+001  3.573768e-005
 2.302750e+001  3.363204e-005
 2.327500e+001  2.428668e-005
 2.352250e+001  4.051038e-005
 2.377000e+001  6.599706e-005
 2.401750e+001  7.669739e-005
 2.426500e+001  5.569271e-005
 2.451250e+001  5.415823e-005
 2.476000e+001  5.333897e-005
 2.500750e+001  5.871973e-005
 2.525500e+001  5.380248e-005
 2.550250e+001  5.065866e-005
 2.575000e+001  4.985254e-005
 2.599750e+001  6.058716e-005
 2.624500e+001  4.841857e-005
 2.649250e+001  3.712097e-005
 2.674000e+001  2.623754e-005
 2.698750e+001  2.990492e-005
 2.723500e+001  3.603556e-005
 2.748250e+001  3.113090e-005
 2.773000e+001  4.828448e-005
 2.797750e+001  5.107789e-005
 2.822500e+001  4.572462e-005
 2.847250e+001  4.691938e-005
 2.872000e+001  4.290406e-005
 2.896750e+001  3.820534e-005
 2.921500e+001  4.398423e-005
 2.946250e+001  4.335242e-005
 2.971000e+001  3.704035e-005
 2.995750e+001  3.400743e-005
 3.020500e+001  4.615144e-005
 3.045250e+001  4.818356e-005
 3.070000e+001  4.177755e-005
 3.094750e+001  5.877835e-005
 3.119500e+001  8.888988e-005
 3.144250e+001  6.947475e-005
 3.169000e+001  4.399833e-005
 3.193750e+001  4.297578e-005
 3.218500e+001  6.460157e-005
 3.243250e+001  5.269329e-005
 3.268000e+001  3.960099e-005
 3.292750e+001  4.702763e-005
 3.317500e+001  4.893428e-005
 3.342250e+001  6.604199e-005
 3.367000e+001  5.526495e-005
 3.391750e+001  5.409789e-005
 3.416500e+001  2.335013e-005
 3.441250e+001  2.851994e-005
 3.466000e+001  2.945186e-005
 3.490750e+001  4.796650e-005
 3.515500e+001  5.620897e-005
 3.540250e+001  5.279280e-005
 3.565000e+001  4.765799e-005
 3.589750e+001  3.316014e-005
 3.614500e+001  4.022185e-005
 3.639250e+001  4.478918e-005
 3.664000e+001  5.458826e-005
 3.688750e+001  6.595780e-005
 3.713500e+001  6.213793e-005
 3.738250e+001  6.200885e-005
 3.763000e+001  3.895431e-005
 3.787750e+001  3.379438e-005
 3.812500e+001  3.087600e-005
 3.837250e+001  3.983333e-005
 3.862000e+001  3.265903e-005
 3.886750e+001  2.692609e-005
 3.911500e+001  2.938388e-005
 3.936250e+001  5.261150e-005
 3.961000e+001  6.437223e-005
 3.985750e+001  5.639984e-005
 4.010500e+001  3.005867e-005
 4.035250e+001  5.214513e-005
 4.060000e+001  5.493537e-005
 4.084750e+001  4.833579e-005
 4.109500e+001  4.364987e-005
 4.134250e+001  3.534024e-005
 4.159000e+001  2.813909e-005
 4.183750e+001  1.979448e-005
 4.208500e+001  3.749300e-005
 4.233250e+001  3.667400e-005
 4.258000e+001  2.626747e-005
 4.282750e+001  3.059786e-005
 4.307500e+001  4.634258e-005
 4.332250e+001  6.361193e-005
 4.357000e+001  5.322215e-005
 4.381750e+001  4.485706e-005
 4.406500e+001  5.345465e-005
 4.431250e+001  4.573282e-005
 4.456000e+001  3.399638e-005
 4.480750e+001  3.455441e-005
 4.505500e+001  4.513255e-005
 4.530250e+001  4.693000e-005
 4.555000e+001  3.599343e-005
 4.579750e+001  5.291604e-005
 4.604500e+001  4.176458e-005
 4.629250e+001  6.278436e-005
 4.654000e+001  5.263677e-005
 4.678750e+001  4.388731e-005
 4.703500e+001  2.283386e-005
 4.728250e+001  3.643503e-005
 4.753000e+001  3.146073e-005
 4.777750e+001  3.454567e-005
 4.802500e+001  3.486786e-005
 4.827250e+001  3.841895e-005
 4.852000e+001  3.408076e-005
 4.876750e+001  2.937131e-005
 4.901500e+001  3.811937e-005
 4.926250e+001  3.222576e-005
 4.951000e+001  6.173019e-005
 4.975750e+001  6.983790e-005
 5.000500e+001  6.032968e-005
 5.025250e+001  5.354502e-005
 5.050000e+001  3.526871e-005
 5.074750e+001  2.584048e-005
 5.099500e+001  3.874559e-005
 5.124250e+001  3.400544e-005
 5.149000e+001  3.202132e-005
 5.173750e+001  2.855619e-005
 5.198500e+001  4.695510e-005
 5.223250e+001  4.471961e-005
 5.248000e+001  4.278897e-005
 5.272750e+001  4.108724e-005
 5.297500e+001  4.435337e-005
 5.322250e+001  4.963916e-005
 5.347000e+001  3.705974e-005
 5.371750e+001  4.010839e-005
 5.396500e+001  4.702486e-005
 5.421250e+001  4.758345e-005
 5.446000e+001  5.331456e-005
 5.470750e+001  4.240660e-005
 5.495500e+001  4.483716e-005
 5.520250e+001  3.613781e-005
 5.545000e+001  4.458440e-005
 5.569750e+001  5.153103e-005
 5.594500e+001  3.425207e-005
 5.619250e+001  2.633582e-005
 5.644000e+001  3.783052e-005
 5.668750e+001  5.042160e-005
 5.693500e+001  4.190975e-005
 5.718250e+001  3.606090e-005
 5.743000e+001  4.362396e-005
 5.767750e+001  3.495347e-005
 5.792500e+001  4.407250e-005
 5.817250e+001  4.997573e-005
 5.842000e+001  4.820612e-005
 5.866750e+001  4.906793e-005
 5.891500e+001  3.899262e-005
 5.916250e+001  3.788571e-005
 5.941000e+001  4.460833e-005
 5.965750e+001  3.689768e-005
 5.990500e+001  3.574074e-005
 6.015250e+001  1.792198e-005
 6.040000e+001  3.530381e-005
 6.064750e+001  4.171694e-005
 6.089500e+001  4.707846e-005
 6.114250e+001  5.343567e-005
 6.139000e+001  4.781286e-005
 6.163750e+001  5.152135e-005
 6.188500e+001  4.535338e-005
 6.213250e+001  4.283989e-005
 6.238000e+001  4.230243e-005
 6.262750e+001  5.036881e-005
 6.287500e+001  5.914310e-005
 6.312250e+001  5.118686e-005
 6.337000e+001  4.243584e-005
 6.361750e+001  4.307938e-005
 6.386500e+001  3.272324e-005
 6.411250e+001  2.776405e-005
 6.436000e+001  3.008744e-005
 6.460750e+001  4.442372e-005
 6.485500e+001  4.314522e-005
 6.510250e+001  4.677147e-005
 6.535000e+001  4.782623e-005
 6.559750e+001  3.369819e-005
 6.584500e+001  2.600406e-005
 6.609250e+001  2.684312e-005
 6.634000e+001  3.404033e-005
 6.658750e+001  3.031549e-005
 6.683500e+001  4.515002e-005
 6.708250e+001  4.656254e-005
 6.733000e+001  2.866139e-005
 6.757750e+001  4.483386e-005
 6.782500e+001  5.802908e-005
 6.807250e+001  4.865003e-005
 6.832000e+001  3.516994e-005
 6.856750e+001  3.347789e-005
 6.881500e+001  5.430419e-005
 6.906250e+001  5.011410e-005
 6.931000e+001  2.901254e-005
 6.955750e+001  2.497997e-005
 6.980500e+001  2.731004e-005
 7.005250e+001  2.845475e-005
 7.030000e+001  3.362900e-005
 7.054750e+001  5.458082e-005
 7.079500e+001  6.868868e-005
 7.104250e+001  5.130206e-005
 7.129000e+001  4.293406e-005
 7.153750e+001  5.031853e-005
 7.178500e+001  4.901600e-005
 7.203250e+001  4.293869e-005
 7.228000e+001  5.299805e-005
 7.252750e+001  5.094488e-005
 7.277500e+001  4.297948e-005
 7.302250e+001  4.788540e-005
 7.327000e+001  3.153953e-005
 7.351750e+001  2.294384e-005
 7.376500e+001  4.670761e-005
 7.401250e+001  5.085700e-005
 7.426000e+001  3.499843e-005
 7.450750e+001  2.798942e-005
 7.475500e+001  5.107488e-005
 7.500250e+001  4.143173e-005
 7.525000e+001  3.418926e-005
 7.549750e+001  2.538482e-005
 7.574500e+001  4.196730e-005
 7.599250e+001  5.687195e-005
 7.624000e+001  6.252931e-005
 7.648750e+001  5.179621e-005
 7.673500e+001  3.573441e-005
 7.698250e+001  5.101190e-005
 7.723000e+001  4.227754e-005
 7.747750e+001  3.291542e-005
 7.772500e+001  3.417777e-005
 7.797250e+001  4.380888e-005
 7.822000e+001  3.551775e-005
 7.846750e+001  4.605584e-005
 7.871500e+001  7.633982e-005
 7.896250e+001  8.865671e-005
 7.921000e+001  6.015562e-005
 7.945750e+001  3.913392e-005
 7.970500e+001  4.157099e-005
 7.995250e+001  4.006042e-005
 8.020000e+001  4.760235e-005
 8.044750e+001  4.609337e-005
 8.069500e+001  4.667540e-005
 8.094250e+001  4.845431e-005
 8.119000e+001  2.882307e-005
 8.143750e+001  2.525915e-005
 8.168500e+001  3.857385e-005
 8.193250e+001  3.723737e-005
 8.218000e+001  4.050172e-005
 8.242750e+001  4.542961e-005
 8.267500e+001  3.386695e-005
 8.292250e+001  3.576053e-005
 8.317000e+001  3.758401e-005
 8.341750e+001  4.070532e-005
 8.366500e+001  4.258343e-005
 8.391250e+001  4.272040e-005
 8.416000e+001  4.037461e-005
 8.440750e+001  2.270416e-005
 8.465500e+001  3.824877e-005
 8.490250e+001  4.070250e-005
 8.515000e+001  4.251523e-005
 8.539750e+001  3.406747e-005
 8.564500e+001  3.096995e-005
 8.589250e+001  4.038103e-005
 8.614000e+001  4.555980e-005
 8.638750e+001  4.887710e-005
 8.663500e+001  3.528653e-005
 8.688250e+001  2.763984e-005
 8.713000e+001  3.008504e-005
 8.737750e+001  3.799156e-005
 8.762500e+001  4.708195e-005
 8.787250e+001  3.298154e-005
 8.812000e+001  3.910186e-005
 8.836750e+001  4.435877e-005
 8.861500e+001  3.207893e-005
 8.886250e+001  2.570368e-005
 8.911000e+001  3.899725e-005
 8.935750e+001  4.852465e-005
 8.960500e+001  3.860641e-005
 8.985250e+001  2.759226e-005
 9.010000e+001  3.110168e-005
 9.034750e+001  3.055411e-005
 9.059500e+001  4.017782e-005
 9.084250e+001  2.926349e-005
 9.109000e+001  3.732084e-005
 9.133750e+001  3.979222e-005
 9.158500e+001  3.156687e-005
 9.183250e+001  3.586826e-005
 9.208000e+001  3.008122e-005
 9.232750e+001  2.814338e-005
 9.257500e+001  3.549696e-005
 9.282250e+001  2.445492e-005
 9.307000e+001  3.098760e-005
 9.331750e+001  3.817160e-005
 9.356500e+001  3.207170e-005
 9.381250e+001  2.151827e-005
 9.406000e+001  3.615232e-005
 9.430750e+001  4.304982e-005
 9.455500e+001  4.476927e-005
 9.480250e+001  2.911657e-005
 9.505000e+001  1.443102e-005
 9.529750e+001  1.476530e-005
 9.554500e+001  1.493477e-005
 9.579250e+001  2.909143e-005
 9.604000e+001  3.542913e-005
 9.628750e+001  4.501613e-005
 9.653500e+001  4.492657e-005
 9.678250e+001  2.220137e-005
 9.703000e+001  1.803381e-005
 9.727750e+001  2.383907e-005
 9.752500e+001  3.244082e-005
 9.777250e+001  2.556737e-005
 9.802000e+001  2.653419e-005
 9.826750e+001  2.990381e-005
 9.851500e+001  2.781208e-005
 9.876250e+001  2.970381e-005
 9.901000e+001  3.946189e-005
 9.925750e+001  4.354617e-005
 9.950500e+001  3.209128e-005
 9.975250e+001  3.539968e-005
 1.000000e+002  4.349645e-005
