 1.000000e+000  7.250068e-004
 1.247500e+000  4.397316e-004
 1.495000e+000  2.568063e-004
 1.742500e+000  2.473895e-004
 1.990000e+000  2.223576e-004
 2.237500e+000  1.462069e-004
 2.485000e+000  9.648345e-005
 2.732500e+000  8.259232e-005
 2.980000e+000  1.210036e-004
 3.227500e+000  1.474372e-004
 3.475000e+000  1.084284e-004
 3.722500e+000  1.209017e-004
 3.970000e+000  9.465850e-005
 4.217500e+000  8.107063e-005
 4.465000e+000  4.501216e-005
 4.712500e+000  5.641698e-005
 4.960000e+000  5.539272e-005
 5.207500e+000  6.648936e-005
 5.455000e+000  7.817679e-005
 5.702500e+000  7.714406e-005
 5.950000e+000  7.564021e-005
 6.197500e+000  7.134248e-005
 6.445000e+000  7.334655e-005
 6.692500e+000  6.797876e-005
 6.940000e+000  8.637046e-005
 7.187500e+000  7.520233e-005
 7.435000e+000  6.360971e-005
 7.682500e+000  6.053900e-005
 7.930000e+000  6.673705e-005
 8.177500e+000  8.694066e-005
 8.425000e+000  8.637242e-005
 8.672500e+000  9.510967e-005
 8.920000e+000  6.849105e-005
 9.167500e+000  4.876456e-005
 9.415000e+000  6.266905e-005
 9.662500e+000  7.028400e-005
 9.910000e+000  7.141340e-005
 1.015750e+001  5.923959e-005
 1.040500e+001  4.534751e-005
 1.065250e+001  6.160933e-005
 1.090000e+001  6.775370e-005
 1.114750e+001  8.271445e-005
 1.139500e+001  6.646254e-005
 1.164250e+001  9.271915e-005
 1.189000e+001  8.925027e-005
 1.213750e+001  5.418932e-005
 1.238500e+001  5.654333e-005
 1.263250e+001  8.811761e-005
 1.288000e+001  8.595907e-005
 1.312750e+001  7.640349e-005
 1.337500e+001  7.350394e-005
 1.362250e+001  4.980194e-005
 1.387000e+001  4.824982e-005
 1.411750e+001  5.236783e-005
 1.436500e+001  6.791632e-005
 1.461250e+001  7.622549e-005
 1.486000e+001  5.741023e-005
 1.510750e+001  3.714989e-005
 1.535500e+001  4.714650e-005
 1.560250e+001  6.374555e-005
 1.585000e+001  6.929145e-005
 1.609750e+001  6.970116e-005
 1.634500e+001  7.703695e-005
 1.659250e+001  7.619396e-005
 1.684000e+001  5.807222e-005
 1.708750e+001  3.357850e-005
 1.733500e+001  5.446319e-005
 1.758250e+001  6.501268e-005
 1.783000e+001  4.703606e-005
 1.807750e+001  3.109879e-005
 1.832500e+001  4.755522e-005
 1.857250e+001  4.968877e-005
 1.882000e+001  4.857087e-005
 1.906750e+001  4.691760e-005
 1.931500e+001  3.434788e-005
 1.956250e+001  3.910313e-005
 1.981000e+001  4.287804e-005
 2.005750e+001  4.819869e-005
 2.030500e+001  4.348425e-005
 2.055250e+001  4.120488e-005
 2.080000e+001  5.436236e-005
 2.104750e+001  6.631256e-005
 2.129500e+001  6.017547e-005
 2.154250e+001  4.625038e-005
 2.179000e+001  6.444286e-005
 2.203750e+001  5.655993e-005
 2.228500e+001  6.329542e-005
 2.253250e+001  4.806784e-005
 2.278000e+001  3.853372e-005
 2.302750e+001  4.144563e-005
 2.327500e+001  4.045815e-005
 2.352250e+001  2.821702e-005
 2.377000e+001  5.750445e-005
 2.401750e+001  5.103143e-005
 2.426500e+001  3.180872e-005
 2.451250e+001  3.825363e-005
 2.476000e+001  3.810403e-005
 2.500750e+001  3.319850e-005
 2.525500e+001  3.523044e-005
 2.550250e+001  2.883433e-005
 2.575000e+001  3.669297e-005
 2.599750e+001  6.554319e-005
 2.624500e+001  5.093511e-005
 2.649250e+001  4.510077e-005
 2.674000e+001  4.900651e-005
 2.698750e+001  5.421623e-005
 2.723500e+001  4.936452e-005
 2.748250e+001  6.362198e-005
 2.773000e+001  5.567961e-005
 2.797750e+001  5.041769e-005
 2.822500e+001  4.905476e-005
 2.847250e+001  3.794719e-005
 2.872000e+001  5.367708e-005
 2.896750e+001  7.233658e-005
 2.921500e+001  5.682453e-005
 2.946250e+001  6.163061e-005
 2.971000e+001  5.514933e-005
 2.995750e+001  4.739408e-005
 3.020500e+001  2.244318e-005
 3.045250e+001  4.520393e-005
 3.070000e+001  3.813383e-005
 3.094750e+001  4.440408e-005
 3.119500e+001  4.719405e-005
 3.144250e+001  3.409763e-005
 3.169000e+001  3.941443e-005
 3.193750e+001  3.583741e-005
 3.218500e+001  3.668810e-005
 3.243250e+001  4.951133e-005
 3.268000e+001  4.733654e-005
 3.292750e+001  3.539265e-005
 3.317500e+001  4.981131e-005
 3.342250e+001  5.871249e-005
 3.367000e+001  3.806440e-005
 3.391750e+001  2.593957e-005
 3.416500e+001  2.499493e-005
 3.441250e+001  3.118047e-005
 3.466000e+001  4.683383e-005
 3.490750e+001  4.095826e-005
 3.515500e+001  4.218206e-005
 3.540250e+001  6.401485e-005
 3.565000e+001  5.954400e-005
 3.589750e+001  4.992357e-005
 3.614500e+001  4.962543e-005
 3.639250e+001  4.828394e-005
 3.664000e+001  2.762130e-005
 3.688750e+001  2.530257e-005
 3.713500e+001  4.791939e-005
 3.738250e+001  4.521271e-005
 3.763000e+001  5.035123e-005
 3.787750e+001  6.453433e-005
 3.812500e+001  5.019205e-005
 3.837250e+001  3.748405e-005
 3.862000e+001  4.275169e-005
 3.886750e+001  3.805782e-005
 3.911500e+001  3.638823e-005
 3.936250e+001  3.680016e-005
 3.961000e+001  3.241145e-005
 3.985750e+001  3.729980e-005
 4.010500e+001  3.734350e-005
 4.035250e+001  3.879056e-005
 4.060000e+001  4.236546e-005
 4.084750e+001  3.623664e-005
 4.109500e+001  3.382652e-005
 4.134250e+001  2.953109e-005
 4.159000e+001  4.198377e-005
 4.183750e+001  5.060397e-005
 4.208500e+001  3.919058e-005
 4.233250e+001  2.391825e-005
 4.258000e+001  3.939992e-005
 4.282750e+001  3.712796e-005
 4.307500e+001  3.806220e-005
 4.332250e+001  3.403652e-005
 4.357000e+001  5.164039e-005
 4.381750e+001  4.025920e-005
 4.406500e+001  1.492766e-005
 4.431250e+001  3.594484e-005
 4.456000e+001  4.261288e-005
 4.480750e+001  3.658585e-005
 4.505500e+001  3.735536e-005
 4.530250e+001  4.507498e-005
 4.555000e+001  4.795258e-005
 4.579750e+001  4.919742e-005
 4.604500e+001  4.857383e-005
 4.629250e+001  4.025728e-005
 4.654000e+001  3.400705e-005
 4.678750e+001  4.328406e-005
 4.703500e+001  4.572360e-005
 4.728250e+001  3.324740e-005
 4.753000e+001  4.802313e-005
 4.777750e+001  4.989617e-005
 4.802500e+001  4.028071e-005
 4.827250e+001  5.108784e-005
 4.852000e+001  4.397290e-005
 4.876750e+001  4.150572e-005
 4.901500e+001  4.103172e-005
 4.926250e+001  5.045347e-005
 4.951000e+001  4.784455e-005
 4.975750e+001  4.917263e-005
 5.000500e+001  4.186998e-005
 5.025250e+001  3.549416e-005
 5.050000e+001  2.862676e-005
 5.074750e+001  3.481263e-005
 5.099500e+001  3.198333e-005
 5.124250e+001  4.107132e-005
 5.149000e+001  4.168686e-005
 5.173750e+001  3.114291e-005
 5.198500e+001  3.808381e-005
 5.223250e+001  3.897715e-005
 5.248000e+001  3.729294e-005
 5.272750e+001  2.684648e-005
 5.297500e+001  3.384336e-005
 5.322250e+001  4.206249e-005
 5.347000e+001  3.957531e-005
 5.371750e+001  4.145733e-005
 5.396500e+001  4.069567e-005
 5.421250e+001  4.133475e-005
 5.446000e+001  3.728904e-005
 5.470750e+001  5.982263e-005
 5.495500e+001  5.009295e-005
 5.520250e+001  3.717222e-005
 5.545000e+001  4.571966e-005
 5.569750e+001  4.410944e-005
 5.594500e+001  4.664098e-005
 5.619250e+001  3.733157e-005
 5.644000e+001  4.258665e-005
 5.668750e+001  3.535997e-005
 5.693500e+001  3.162193e-005
 5.718250e+001  3.926077e-005
 5.743000e+001  3.660153e-005
 5.767750e+001  3.206432e-005
 5.792500e+001  4.692317e-005
 5.817250e+001  4.720730e-005
 5.842000e+001  3.756983e-005
 5.866750e+001  4.050698e-005
 5.891500e+001  2.718462e-005
 5.916250e+001  3.055236e-005
 5.941000e+001  3.138515e-005
 5.965750e+001  3.208848e-005
 5.990500e+001  2.596016e-005
 6.015250e+001  2.301408e-005
 6.040000e+001  2.098382e-005
 6.064750e+001  2.414446e-005
 6.089500e+001  3.009638e-005
 6.114250e+001  4.346945e-005
 6.139000e+001  4.524730e-005
 6.163750e+001  3.917503e-005
 6.188500e+001  4.744201e-005
 6.213250e+001  4.927366e-005
 6.238000e+001  3.292081e-005
 6.262750e+001  3.529029e-005
 6.287500e+001  4.036362e-005
 6.312250e+001  5.146602e-005
 6.337000e+001  4.662771e-005
 6.361750e+001  4.001948e-005
 6.386500e+001  2.767802e-005
 6.411250e+001  2.932472e-005
 6.436000e+001  4.616797e-005
 6.460750e+001  3.877738e-005
 6.485500e+001  4.154114e-005
 6.510250e+001  4.944464e-005
 6.535000e+001  3.980798e-005
 6.559750e+001  4.395598e-005
 6.584500e+001  5.011232e-005
 6.609250e+001  4.937774e-005
 6.634000e+001  5.301806e-005
 6.658750e+001  4.765828e-005
 6.683500e+001  3.403093e-005
 6.708250e+001  3.307866e-005
 6.733000e+001  2.682072e-005
 6.757750e+001  3.322399e-005
 6.782500e+001  3.964696e-005
 6.807250e+001  4.401169e-005
 6.832000e+001  3.555522e-005
 6.856750e+001  3.719157e-005
 6.881500e+001  2.691687e-005
 6.906250e+001  3.406858e-005
 6.931000e+001  3.803226e-005
 6.955750e+001  3.924622e-005
 6.980500e+001  3.562576e-005
 7.005250e+001  2.888773e-005
 7.030000e+001  4.035657e-005
 7.054750e+001  4.875256e-005
 7.079500e+001  4.166164e-005
 7.104250e+001  3.739284e-005
 7.129000e+001  3.855689e-005
 7.153750e+001  3.896653e-005
 7.178500e+001  3.649532e-005
 7.203250e+001  2.316807e-005
 7.228000e+001  2.951514e-005
 7.252750e+001  2.718003e-005
 7.277500e+001  3.043666e-005
 7.302250e+001  2.761782e-005
 7.327000e+001  4.537738e-005
 7.351750e+001  6.189574e-005
 7.376500e+001  4.954557e-005
 7.401250e+001  4.168456e-005
 7.426000e+001  3.599196e-005
 7.450750e+001  2.208609e-005
 7.475500e+001  4.117540e-005
 7.500250e+001  4.455706e-005
 7.525000e+001  3.183829e-005
 7.549750e+001  4.417807e-005
 7.574500e+001  4.275656e-005
 7.599250e+001  3.524265e-005
 7.624000e+001  3.439126e-005
 7.648750e+001  3.595421e-005
 7.673500e+001  3.828676e-005
 7.698250e+001  4.197850e-005
 7.723000e+001  3.337126e-005
 7.747750e+001  2.126532e-005
 7.772500e+001  2.739809e-005
 7.797250e+001  2.923061e-005
 7.822000e+001  3.862104e-005
 7.846750e+001  4.791254e-005
 7.871500e+001  4.586849e-005
 7.896250e+001  2.877807e-005
 7.921000e+001  3.235714e-005
 7.945750e+001  4.264025e-005
 7.970500e+001  3.885570e-005
 7.995250e+001  3.722271e-005
 8.020000e+001  3.988221e-005
 8.044750e+001  3.843686e-005
 8.069500e+001  4.612217e-005
 8.094250e+001  3.640221e-005
 8.119000e+001  2.567217e-005
 8.143750e+001  3.620784e-005
 8.168500e+001  4.020486e-005
 8.193250e+001  3.393044e-005
 8.218000e+001  2.177805e-005
 8.242750e+001  2.529480e-005
 8.267500e+001  3.712162e-005
 8.292250e+001  4.885454e-005
 8.317000e+001  4.231378e-005
 8.341750e+001  3.815310e-005
 8.366500e+001  3.558813e-005
 8.391250e+001  3.698431e-005
 8.416000e+001  5.717955e-005
 8.440750e+001  4.057838e-005
 8.465500e+001  3.836843e-005
 8.490250e+001  4.040248e-005
 8.515000e+001  3.600239e-005
 8.539750e+001  3.749279e-005
 8.564500e+001  4.510568e-005
 8.589250e+001  2.444515e-005
 8.614000e+001  2.837816e-005
 8.638750e+001  3.874248e-005
 8.663500e+001  4.501681e-005
 8.688250e+001  4.618548e-005
 8.713000e+001  3.823275e-005
 8.737750e+001  3.846486e-005
 8.762500e+001  4.185907e-005
 8.787250e+001  2.683068e-005
 8.812000e+001  3.410785e-005
 8.836750e+001  4.073646e-005
 8.861500e+001  4.478045e-005
 8.886250e+001  4.618263e-005
 8.911000e+001  2.896805e-005
 8.935750e+001  3.477263e-005
 8.960500e+001  3.704030e-005
 8.985250e+001  3.089135e-005
 9.010000e+001  2.867488e-005
 9.034750e+001  3.987710e-005
 9.059500e+001  4.041032e-005
 9.084250e+001  4.167187e-005
 9.109000e+001  3.818800e-005
 9.133750e+001  4.141263e-005
 9.158500e+001  4.286498e-005
 9.183250e+001  3.794243e-005
 9.208000e+001  3.577419e-005
 9.232750e+001  3.108374e-005
 9.257500e+001  3.102537e-005
 9.282250e+001  3.330099e-005
 9.307000e+001  4.490721e-005
 9.331750e+001  4.891346e-005
 9.356500e+001  3.521580e-005
 9.381250e+001  3.238090e-005
 9.406000e+001  2.328706e-005
 9.430750e+001  3.309489e-005
 9.455500e+001  5.165778e-005
 9.480250e+001  3.726209e-005
 9.505000e+001  3.700943e-005
 9.529750e+001  3.191977e-005
 9.554500e+001  3.351099e-005
 9.579250e+001  3.519071e-005
 9.604000e+001  3.814198e-005
 9.628750e+001  3.416831e-005
 9.653500e+001  2.773955e-005
 9.678250e+001  3.420553e-005
 9.703000e+001  2.513703e-005
 9.727750e+001  2.002767e-005
 9.752500e+001  3.289479e-005
 9.777250e+001  3.761410e-005
 9.802000e+001  3.804155e-005
 9.826750e+001  3.253152e-005
 9.851500e+001  2.239298e-005
 9.876250e+001  3.103877e-005
 9.901000e+001  3.709380e-005
 9.925750e+001  2.802013e-005
 9.950500e+001  3.195751e-005
 9.975250e+001  3.926652e-005
 1.000000e+002  5.443562e-005
