 1.000000e+001  1.107518e-004
 1.061875e+001  1.172589e-004
 1.123750e+001  1.081652e-004
 1.185625e+001  1.030718e-004
 1.247500e+001  1.070103e-004
 1.309375e+001  1.172135e-004
 1.371250e+001  1.186287e-004
 1.433125e+001  1.072632e-004
 1.495000e+001  1.155083e-004
 1.556875e+001  1.078063e-004
 1.618750e+001  1.054108e-004
 1.680625e+001  9.481820e-005
 1.742500e+001  8.709358e-005
 1.804375e+001  8.836410e-005
 1.866250e+001  1.119011e-004
 1.928125e+001  1.126095e-004
 1.990000e+001  1.099118e-004
 2.051875e+001  9.710011e-005
 2.113750e+001  1.045619e-004
 2.175625e+001  1.063480e-004
 2.237500e+001  1.146499e-004
 2.299375e+001  1.000588e-004
 2.361250e+001  8.158761e-005
 2.423125e+001  9.006677e-005
 2.485000e+001  9.701169e-005
 2.546875e+001  1.110949e-004
 2.608750e+001  9.997208e-005
 2.670625e+001  9.992870e-005
 2.732500e+001  9.663456e-005
 2.794375e+001  1.066856e-004
 2.856250e+001  9.197971e-005
 2.918125e+001  7.858114e-005
 2.980000e+001  9.208967e-005
 3.041875e+001  7.678547e-005
 3.103750e+001  7.496456e-005
 3.165625e+001  7.597144e-005
 3.227500e+001  9.078038e-005
 3.289375e+001  8.676640e-005
 3.351250e+001  8.723508e-005
 3.413125e+001  9.082591e-005
 3.475000e+001  8.155764e-005
 3.536875e+001  8.727614e-005
 3.598750e+001  8.587778e-005
 3.660625e+001  8.093834e-005
 3.722500e+001  7.878348e-005
 3.784375e+001  7.392912e-005
 3.846250e+001  8.417173e-005
 3.908125e+001  8.623299e-005
 3.970000e+001  8.314514e-005
 4.031875e+001  8.442871e-005
 4.093750e+001  7.196636e-005
 4.155625e+001  8.363337e-005
 4.217500e+001  7.868631e-005
 4.279375e+001  7.872473e-005
 4.341250e+001  8.679096e-005
 4.403125e+001  8.014724e-005
 4.465000e+001  8.177849e-005
 4.526875e+001  7.704363e-005
 4.588750e+001  8.145630e-005
 4.650625e+001  7.702251e-005
 4.712500e+001  7.705616e-005
 4.774375e+001  8.923482e-005
 4.836250e+001  9.358509e-005
 4.898125e+001  3.052719e-004
 4.960000e+001  1.968834e-003
 5.021875e+001  2.326875e-003
 5.083750e+001  6.226574e-004
 5.145625e+001  1.007228e-004
 5.207500e+001  8.456364e-005
 5.269375e+001  8.606500e-005
 5.331250e+001  8.643026e-005
 5.393125e+001  7.946054e-005
 5.455000e+001  8.322922e-005
 5.516875e+001  7.902889e-005
 5.578750e+001  8.429219e-005
 5.640625e+001  7.292637e-005
 5.702500e+001  7.821459e-005
 5.764375e+001  7.282020e-005
 5.826250e+001  7.054408e-005
 5.888125e+001  7.525931e-005
 5.950000e+001  8.036091e-005
 6.011875e+001  9.959526e-005
 6.073750e+001  7.850694e-005
 6.135625e+001  7.255887e-005
 6.197500e+001  7.492240e-005
 6.259375e+001  7.769285e-005
 6.321250e+001  7.105421e-005
 6.383125e+001  6.586834e-005
 6.445000e+001  7.141011e-005
 6.506875e+001  8.251529e-005
 6.568750e+001  7.900081e-005
 6.630625e+001  7.906989e-005
 6.692500e+001  8.413753e-005
 6.754375e+001  8.243241e-005
 6.816250e+001  7.181879e-005
 6.878125e+001  6.823357e-005
 6.940000e+001  6.909469e-005
 7.001875e+001  7.282037e-005
 7.063750e+001  7.290434e-005
 7.125625e+001  7.387152e-005
 7.187500e+001  7.488486e-005
 7.249375e+001  6.822137e-005
 7.311250e+001  7.110286e-005
 7.373125e+001  7.576833e-005
 7.435000e+001  8.434236e-005
 7.496875e+001  8.185979e-005
 7.558750e+001  7.782480e-005
 7.620625e+001  7.565513e-005
 7.682500e+001  7.152384e-005
 7.744375e+001  6.883653e-005
 7.806250e+001  8.227921e-005
 7.868125e+001  7.661955e-005
 7.930000e+001  8.018400e-005
 7.991875e+001  7.841258e-005
 8.053750e+001  7.408003e-005
 8.115625e+001  6.721376e-005
 8.177500e+001  7.505180e-005
 8.239375e+001  7.943071e-005
 8.301250e+001  7.699130e-005
 8.363125e+001  7.560285e-005
 8.425000e+001  7.526398e-005
 8.486875e+001  8.146771e-005
 8.548750e+001  7.229346e-005
 8.610625e+001  7.526666e-005
 8.672500e+001  8.124741e-005
 8.734375e+001  7.882204e-005
 8.796250e+001  7.215303e-005
 8.858125e+001  6.683364e-005
 8.920000e+001  6.171969e-005
 8.981875e+001  6.357103e-005
 9.043750e+001  7.278699e-005
 9.105625e+001  6.898285e-005
 9.167500e+001  6.744332e-005
 9.229375e+001  6.157402e-005
 9.291250e+001  6.069192e-005
 9.353125e+001  7.497516e-005
 9.415000e+001  8.496719e-005
 9.476875e+001  7.606106e-005
 9.538750e+001  7.631539e-005
 9.600625e+001  7.229245e-005
 9.662500e+001  6.628636e-005
 9.724375e+001  7.056432e-005
 9.786250e+001  7.458134e-005
 9.848125e+001  6.659129e-005
 9.910000e+001  6.719284e-005
 9.971875e+001  1.239028e-004
 1.003375e+002  1.133563e-004
 1.009563e+002  7.063470e-005
 1.015750e+002  6.685519e-005
 1.021938e+002  6.963310e-005
 1.028125e+002  6.891129e-005
 1.034313e+002  7.916825e-005
 1.040500e+002  7.243200e-005
 1.046688e+002  6.663011e-005
 1.052875e+002  7.135235e-005
 1.059063e+002  7.643983e-005
 1.065250e+002  7.715864e-005
 1.071438e+002  7.632657e-005
 1.077625e+002  7.763237e-005
 1.083813e+002  8.607761e-005
 1.090000e+002  9.337721e-005
 1.096188e+002  7.969560e-005
 1.102375e+002  7.222228e-005
 1.108563e+002  7.440944e-005
 1.114750e+002  7.800572e-005
 1.120938e+002  7.194199e-005
 1.127125e+002  7.686179e-005
 1.133313e+002  7.351924e-005
 1.139500e+002  7.780801e-005
 1.145688e+002  6.651429e-005
 1.151875e+002  7.065120e-005
 1.158063e+002  7.812067e-005
 1.164250e+002  7.672232e-005
 1.170438e+002  7.286128e-005
 1.176625e+002  6.720698e-005
 1.182813e+002  6.793945e-005
 1.189000e+002  7.625716e-005
 1.195188e+002  7.666483e-005
 1.201375e+002  8.520560e-005
 1.207563e+002  6.935096e-005
 1.213750e+002  6.490318e-005
 1.219938e+002  7.339560e-005
 1.226125e+002  5.973850e-005
 1.232313e+002  6.682712e-005
 1.238500e+002  7.044499e-005
 1.244688e+002  7.015601e-005
 1.250875e+002  8.025970e-005
 1.257063e+002  8.000528e-005
 1.263250e+002  7.957709e-005
 1.269438e+002  7.380185e-005
 1.275625e+002  7.007489e-005
 1.281813e+002  7.156876e-005
 1.288000e+002  6.791382e-005
 1.294188e+002  6.244260e-005
 1.300375e+002  6.472982e-005
 1.306563e+002  7.528429e-005
 1.312750e+002  8.074184e-005
 1.318938e+002  8.601371e-005
 1.325125e+002  8.523623e-005
 1.331313e+002  7.596555e-005
 1.337500e+002  8.140451e-005
 1.343688e+002  6.698135e-005
 1.349875e+002  6.588841e-005
 1.356063e+002  7.037496e-005
 1.362250e+002  6.860769e-005
 1.368438e+002  6.376196e-005
 1.374625e+002  7.476108e-005
 1.380813e+002  7.248132e-005
 1.387000e+002  7.791615e-005
 1.393188e+002  6.788012e-005
 1.399375e+002  7.501147e-005
 1.405563e+002  6.590732e-005
 1.411750e+002  6.260452e-005
 1.417938e+002  6.594870e-005
 1.424125e+002  6.977493e-005
 1.430313e+002  8.003944e-005
 1.436500e+002  6.395396e-005
 1.442688e+002  6.849840e-005
 1.448875e+002  6.944069e-005
 1.455063e+002  7.413554e-005
 1.461250e+002  7.791848e-005
 1.467438e+002  6.314507e-005
 1.473625e+002  6.631308e-005
 1.479813e+002  6.667420e-005
 1.486000e+002  8.264656e-005
 1.492188e+002  9.400973e-004
 1.498375e+002  2.601311e-003
 1.504563e+002  1.752064e-003
 1.510750e+002  1.476753e-004
 1.516938e+002  8.170291e-005
 1.523125e+002  7.585269e-005
 1.529313e+002  7.591091e-005
 1.535500e+002  7.605688e-005
 1.541688e+002  7.963767e-005
 1.547875e+002  7.194504e-005
 1.554063e+002  6.930099e-005
 1.560250e+002  6.796185e-005
 1.566438e+002  6.362915e-005
 1.572625e+002  6.509470e-005
 1.578813e+002  6.811091e-005
 1.585000e+002  6.563024e-005
 1.591188e+002  6.667079e-005
 1.597375e+002  6.523505e-005
 1.603563e+002  6.963035e-005
 1.609750e+002  6.365638e-005
 1.615938e+002  7.246081e-005
 1.622125e+002  8.048157e-005
 1.628313e+002  7.877147e-005
 1.634500e+002  7.400685e-005
 1.640688e+002  7.451702e-005
 1.646875e+002  7.069701e-005
 1.653063e+002  7.531221e-005
 1.659250e+002  7.392954e-005
 1.665438e+002  7.069138e-005
 1.671625e+002  7.226311e-005
 1.677813e+002  7.017961e-005
 1.684000e+002  7.182621e-005
 1.690188e+002  7.829394e-005
 1.696375e+002  8.263057e-005
 1.702563e+002  6.698111e-005
 1.708750e+002  6.412194e-005
 1.714938e+002  6.494957e-005
 1.721125e+002  6.101280e-005
 1.727313e+002  6.825375e-005
 1.733500e+002  6.651705e-005
 1.739688e+002  5.796983e-005
 1.745875e+002  5.703109e-005
 1.752063e+002  6.008014e-005
 1.758250e+002  7.359518e-005
 1.764438e+002  7.774950e-005
 1.770625e+002  6.621140e-005
 1.776813e+002  7.694908e-005
 1.783000e+002  8.316556e-005
 1.789188e+002  7.755327e-005
 1.795375e+002  7.627078e-005
 1.801563e+002  8.132527e-005
 1.807750e+002  7.080067e-005
 1.813938e+002  7.050726e-005
 1.820125e+002  7.003090e-005
 1.826313e+002  6.084416e-005
 1.832500e+002  6.774102e-005
 1.838688e+002  7.539856e-005
 1.844875e+002  7.000211e-005
 1.851063e+002  6.795806e-005
 1.857250e+002  6.972078e-005
 1.863438e+002  7.784585e-005
 1.869625e+002  6.727378e-005
 1.875813e+002  6.940958e-005
 1.882000e+002  7.861298e-005
 1.888188e+002  7.615662e-005
 1.894375e+002  6.476107e-005
 1.900563e+002  7.211790e-005
 1.906750e+002  6.243716e-005
 1.912938e+002  7.420412e-005
 1.919125e+002  8.428822e-005
 1.925313e+002  6.844846e-005
 1.931500e+002  6.036898e-005
 1.937688e+002  6.060516e-005
 1.943875e+002  7.083221e-005
 1.950063e+002  7.459454e-005
 1.956250e+002  6.595673e-005
 1.962438e+002  6.805410e-005
 1.968625e+002  7.201654e-005
 1.974813e+002  7.617579e-005
 1.981000e+002  7.971604e-005
 1.987188e+002  8.190456e-005
 1.993375e+002  8.962698e-005
 1.999563e+002  1.370851e-004
 2.005750e+002  9.122156e-005
 2.011938e+002  6.732187e-005
 2.018125e+002  7.664209e-005
 2.024313e+002  7.794600e-005
 2.030500e+002  7.074466e-005
 2.036688e+002  6.377790e-005
 2.042875e+002  6.728288e-005
 2.049063e+002  7.900930e-005
 2.055250e+002  7.513418e-005
 2.061438e+002  6.991816e-005
 2.067625e+002  6.461036e-005
 2.073813e+002  6.021025e-005
 2.080000e+002  6.528280e-005
 2.086188e+002  6.169369e-005
 2.092375e+002  7.172074e-005
 2.098563e+002  7.859408e-005
 2.104750e+002  7.720720e-005
 2.110938e+002  6.794555e-005
 2.117125e+002  6.114045e-005
 2.123313e+002  6.004128e-005
 2.129500e+002  6.533585e-005
 2.135688e+002  6.543679e-005
 2.141875e+002  6.500562e-005
 2.148063e+002  6.844082e-005
 2.154250e+002  7.456945e-005
 2.160438e+002  6.988359e-005
 2.166625e+002  7.216361e-005
 2.172813e+002  6.559001e-005
 2.179000e+002  5.274306e-005
 2.185188e+002  6.458854e-005
 2.191375e+002  7.717184e-005
 2.197563e+002  7.346108e-005
 2.203750e+002  7.609328e-005
 2.209938e+002  7.718829e-005
 2.216125e+002  7.433813e-005
 2.222313e+002  7.786747e-005
 2.228500e+002  6.973356e-005
 2.234688e+002  6.998960e-005
 2.240875e+002  7.239986e-005
 2.247063e+002  6.677192e-005
 2.253250e+002  7.182583e-005
 2.259438e+002  7.064883e-005
 2.265625e+002  6.681728e-005
 2.271813e+002  7.441301e-005
 2.278000e+002  7.634603e-005
 2.284188e+002  7.062041e-005
 2.290375e+002  6.733597e-005
 2.296563e+002  7.593205e-005
 2.302750e+002  7.792209e-005
 2.308938e+002  7.721718e-005
 2.315125e+002  6.839169e-005
 2.321313e+002  6.275807e-005
 2.327500e+002  6.920914e-005
 2.333688e+002  7.418640e-005
 2.339875e+002  7.994315e-005
 2.346063e+002  7.060598e-005
 2.352250e+002  6.809556e-005
 2.358438e+002  7.021830e-005
 2.364625e+002  7.241267e-005
 2.370813e+002  6.252607e-005
 2.377000e+002  5.903574e-005
 2.383188e+002  7.918471e-005
 2.389375e+002  8.602891e-005
 2.395563e+002  8.418196e-005
 2.401750e+002  7.966978e-005
 2.407938e+002  7.539466e-005
 2.414125e+002  7.286714e-005
 2.420313e+002  7.170569e-005
 2.426500e+002  7.042894e-005
 2.432688e+002  5.427158e-005
 2.438875e+002  6.061626e-005
 2.445063e+002  7.247270e-005
 2.451250e+002  6.119579e-005
 2.457438e+002  5.902282e-005
 2.463625e+002  6.718431e-005
 2.469813e+002  6.762857e-005
 2.476000e+002  6.837305e-005
 2.482188e+002  7.819092e-005
 2.488375e+002  8.000689e-005
 2.494563e+002  4.782403e-004
 2.500750e+002  7.060551e-004
 2.506938e+002  2.634254e-004
 2.513125e+002  7.155126e-005
 2.519313e+002  6.487715e-005
 2.525500e+002  6.852974e-005
 2.531688e+002  7.822864e-005
 2.537875e+002  7.625407e-005
 2.544063e+002  6.945895e-005
 2.550250e+002  7.056207e-005
 2.556438e+002  7.482250e-005
 2.562625e+002  7.575757e-005
 2.568813e+002  6.806389e-005
 2.575000e+002  6.604484e-005
 2.581188e+002  7.394907e-005
 2.587375e+002  6.648043e-005
 2.593563e+002  6.748754e-005
 2.599750e+002  6.444712e-005
 2.605938e+002  6.463593e-005
 2.612125e+002  6.709425e-005
 2.618313e+002  7.234253e-005
 2.624500e+002  6.524211e-005
 2.630688e+002  7.258352e-005
 2.636875e+002  7.944782e-005
 2.643063e+002  8.216565e-005
 2.649250e+002  7.830587e-005
 2.655438e+002  6.866652e-005
 2.661625e+002  6.240830e-005
 2.667813e+002  5.698952e-005
 2.674000e+002  5.931960e-005
 2.680188e+002  6.733808e-005
 2.686375e+002  5.882106e-005
 2.692563e+002  7.212369e-005
 2.698750e+002  6.803066e-005
 2.704938e+002  6.935213e-005
 2.711125e+002  6.172203e-005
 2.717313e+002  5.816500e-005
 2.723500e+002  5.924953e-005
 2.729688e+002  5.797025e-005
 2.735875e+002  6.337760e-005
 2.742063e+002  6.624238e-005
 2.748250e+002  6.400293e-005
 2.754438e+002  6.077479e-005
 2.760625e+002  6.136819e-005
 2.766813e+002  6.640376e-005
 2.773000e+002  6.709846e-005
 2.779188e+002  6.973655e-005
 2.785375e+002  7.164296e-005
 2.791563e+002  6.410354e-005
 2.797750e+002  5.901605e-005
 2.803938e+002  7.247602e-005
 2.810125e+002  6.446371e-005
 2.816313e+002  6.486701e-005
 2.822500e+002  6.669740e-005
 2.828688e+002  7.263010e-005
 2.834875e+002  6.329280e-005
 2.841063e+002  7.083388e-005
 2.847250e+002  7.740645e-005
 2.853438e+002  6.668628e-005
 2.859625e+002  6.448917e-005
 2.865813e+002  6.451302e-005
 2.872000e+002  6.855839e-005
 2.878188e+002  6.915964e-005
 2.884375e+002  7.957110e-005
 2.890563e+002  8.860620e-005
 2.896750e+002  7.915322e-005
 2.902938e+002  6.907925e-005
 2.909125e+002  7.044844e-005
 2.915313e+002  7.020420e-005
 2.921500e+002  6.981047e-005
 2.927688e+002  6.772970e-005
 2.933875e+002  6.825309e-005
 2.940063e+002  6.849488e-005
 2.946250e+002  7.814968e-005
 2.952438e+002  7.820094e-005
 2.958625e+002  7.654279e-005
 2.964813e+002  7.171059e-005
 2.971000e+002  6.959936e-005
 2.977188e+002  7.387471e-005
 2.983375e+002  7.905870e-005
 2.989563e+002  7.518031e-005
 2.995750e+002  7.902458e-005
 3.001938e+002  7.591270e-005
 3.008125e+002  7.416988e-005
 3.014313e+002  7.379264e-005
 3.020500e+002  6.451872e-005
 3.026688e+002  6.440459e-005
 3.032875e+002  7.266741e-005
 3.039063e+002  6.123199e-005
 3.045250e+002  6.172275e-005
 3.051438e+002  7.183768e-005
 3.057625e+002  7.492323e-005
 3.063813e+002  6.864857e-005
 3.070000e+002  7.330157e-005
 3.076188e+002  6.886917e-005
 3.082375e+002  6.102582e-005
 3.088563e+002  6.887937e-005
 3.094750e+002  7.536291e-005
 3.100938e+002  7.340587e-005
 3.107125e+002  7.319176e-005
 3.113313e+002  6.465079e-005
 3.119500e+002  6.195402e-005
 3.125688e+002  6.357868e-005
 3.131875e+002  7.356192e-005
 3.138063e+002  8.185534e-005
 3.144250e+002  8.314891e-005
 3.150437e+002  6.591504e-005
 3.156625e+002  5.971178e-005
 3.162812e+002  6.502293e-005
 3.169000e+002  7.230873e-005
 3.175187e+002  7.888981e-005
 3.181375e+002  8.129874e-005
 3.187562e+002  7.342515e-005
 3.193750e+002  6.728847e-005
 3.199937e+002  6.461941e-005
 3.206125e+002  6.094249e-005
 3.212312e+002  5.827004e-005
 3.218500e+002  5.872217e-005
 3.224687e+002  6.975073e-005
 3.230875e+002  6.600057e-005
 3.237062e+002  6.284492e-005
 3.243250e+002  5.598062e-005
 3.249437e+002  7.222699e-005
 3.255625e+002  7.010604e-005
 3.261812e+002  7.509346e-005
 3.268000e+002  8.557660e-005
 3.274187e+002  7.521376e-005
 3.280375e+002  7.347672e-005
 3.286562e+002  7.579862e-005
 3.292750e+002  7.211500e-005
 3.298937e+002  7.062102e-005
 3.305125e+002  7.413335e-005
 3.311312e+002  6.283255e-005
 3.317500e+002  6.629251e-005
 3.323687e+002  6.917862e-005
 3.329875e+002  7.404035e-005
 3.336062e+002  6.362502e-005
 3.342250e+002  5.908384e-005
 3.348437e+002  7.132855e-005
 3.354625e+002  7.631116e-005
 3.360812e+002  7.005722e-005
 3.367000e+002  6.605030e-005
 3.373187e+002  6.531125e-005
 3.379375e+002  7.663183e-005
 3.385562e+002  7.927535e-005
 3.391750e+002  7.337520e-005
 3.397937e+002  6.756861e-005
 3.404125e+002  6.129176e-005
 3.410312e+002  6.798935e-005
 3.416500e+002  7.154535e-005
 3.422687e+002  7.025762e-005
 3.428875e+002  6.940745e-005
 3.435062e+002  6.307177e-005
 3.441250e+002  5.703357e-005
 3.447437e+002  6.300801e-005
 3.453625e+002  6.389109e-005
 3.459812e+002  6.739629e-005
 3.466000e+002  6.618463e-005
 3.472187e+002  6.381936e-005
 3.478375e+002  7.104584e-005
 3.484562e+002  7.060700e-005
 3.490750e+002  7.474589e-005
 3.496937e+002  1.079109e-004
 3.503125e+002  1.028438e-004
 3.509312e+002  8.058102e-005
 3.515500e+002  7.501963e-005
 3.521687e+002  6.773829e-005
 3.527875e+002  7.354955e-005
 3.534062e+002  6.072986e-005
 3.540250e+002  6.598060e-005
 3.546437e+002  6.580700e-005
 3.552625e+002  6.080390e-005
 3.558812e+002  6.787010e-005
 3.565000e+002  7.784570e-005
 3.571187e+002  8.235765e-005
 3.577375e+002  8.249849e-005
 3.583562e+002  7.981431e-005
 3.589750e+002  7.165196e-005
 3.595937e+002  6.487838e-005
 3.602125e+002  6.598882e-005
 3.608312e+002  6.530052e-005
 3.614500e+002  6.225155e-005
 3.620687e+002  6.232786e-005
 3.626875e+002  7.365440e-005
 3.633062e+002  7.847296e-005
 3.639250e+002  7.543499e-005
 3.645437e+002  6.549914e-005
 3.651625e+002  6.733441e-005
 3.657812e+002  7.283357e-005
 3.664000e+002  6.661884e-005
 3.670187e+002  6.513687e-005
 3.676375e+002  7.546825e-005
 3.682562e+002  6.091932e-005
 3.688750e+002  6.000382e-005
 3.694937e+002  6.850023e-005
 3.701125e+002  7.334969e-005
 3.707312e+002  6.763703e-005
 3.713500e+002  6.087566e-005
 3.719687e+002  7.709131e-005
 3.725875e+002  6.298276e-005
 3.732062e+002  5.111184e-005
 3.738250e+002  6.642159e-005
 3.744437e+002  7.580197e-005
 3.750625e+002  7.585212e-005
 3.756812e+002  7.214920e-005
 3.763000e+002  6.902669e-005
 3.769187e+002  6.328931e-005
 3.775375e+002  6.609996e-005
 3.781562e+002  6.442052e-005
 3.787750e+002  6.643115e-005
 3.793937e+002  7.964118e-005
 3.800125e+002  7.163130e-005
 3.806312e+002  7.218114e-005
 3.812500e+002  8.067770e-005
 3.818687e+002  7.238486e-005
 3.824875e+002  6.565312e-005
 3.831062e+002  7.485544e-005
 3.837250e+002  6.784216e-005
 3.843437e+002  7.255484e-005
 3.849625e+002  7.479085e-005
 3.855812e+002  7.095336e-005
 3.862000e+002  6.257068e-005
 3.868187e+002  5.753709e-005
 3.874375e+002  5.679565e-005
 3.880562e+002  6.545446e-005
 3.886750e+002  7.950388e-005
 3.892937e+002  6.486732e-005
 3.899125e+002  6.977180e-005
 3.905312e+002  7.019740e-005
 3.911500e+002  5.915797e-005
 3.917687e+002  6.193579e-005
 3.923875e+002  5.526332e-005
 3.930062e+002  6.189604e-005
 3.936250e+002  6.750974e-005
 3.942437e+002  7.152899e-005
 3.948625e+002  7.230189e-005
 3.954812e+002  8.037749e-005
 3.961000e+002  7.650602e-005
 3.967187e+002  6.887828e-005
 3.973375e+002  5.547974e-005
 3.979562e+002  6.110407e-005
 3.985750e+002  6.601089e-005
 3.991937e+002  6.435737e-005
 3.998125e+002  6.861232e-005
 4.004312e+002  6.562128e-005
 4.010500e+002  6.877254e-005
 4.016687e+002  7.467189e-005
 4.022875e+002  7.176283e-005
 4.029062e+002  7.303572e-005
 4.035250e+002  6.817975e-005
 4.041437e+002  6.878183e-005
 4.047625e+002  7.430714e-005
 4.053812e+002  7.223777e-005
 4.060000e+002  6.628529e-005
 4.066187e+002  5.219899e-005
 4.072375e+002  6.500577e-005
 4.078562e+002  8.584222e-005
 4.084750e+002  6.732394e-005
 4.090937e+002  5.479479e-005
 4.097125e+002  6.355861e-005
 4.103312e+002  6.758044e-005
 4.109500e+002  6.792449e-005
 4.115687e+002  6.525132e-005
 4.121875e+002  5.733171e-005
 4.128062e+002  6.758567e-005
 4.134250e+002  6.867572e-005
 4.140437e+002  6.482213e-005
 4.146625e+002  6.725909e-005
 4.152812e+002  7.069000e-005
 4.159000e+002  5.753558e-005
 4.165187e+002  6.262456e-005
 4.171375e+002  7.030017e-005
 4.177562e+002  7.084743e-005
 4.183750e+002  7.059317e-005
 4.189937e+002  6.275117e-005
 4.196125e+002  6.023748e-005
 4.202312e+002  7.136632e-005
 4.208500e+002  6.945378e-005
 4.214687e+002  6.236364e-005
 4.220875e+002  6.993752e-005
 4.227062e+002  7.747947e-005
 4.233250e+002  8.068670e-005
 4.239437e+002  7.732314e-005
 4.245625e+002  6.929454e-005
 4.251812e+002  6.730443e-005
 4.258000e+002  7.256771e-005
 4.264187e+002  7.239022e-005
 4.270375e+002  6.246210e-005
 4.276562e+002  5.902117e-005
 4.282750e+002  7.175208e-005
 4.288937e+002  7.675493e-005
 4.295125e+002  7.885437e-005
 4.301312e+002  7.144656e-005
 4.307500e+002  7.365231e-005
 4.313687e+002  7.347278e-005
 4.319875e+002  6.790768e-005
 4.326062e+002  6.937163e-005
 4.332250e+002  6.985312e-005
 4.338437e+002  7.307108e-005
 4.344625e+002  7.146353e-005
 4.350812e+002  7.711329e-005
 4.357000e+002  7.688563e-005
 4.363187e+002  7.388212e-005
 4.369375e+002  6.896108e-005
 4.375562e+002  6.053112e-005
 4.381750e+002  6.494938e-005
 4.387937e+002  6.124261e-005
 4.394125e+002  6.067777e-005
 4.400312e+002  6.473720e-005
 4.406500e+002  7.091333e-005
 4.412687e+002  7.608641e-005
 4.418875e+002  7.132034e-005
 4.425062e+002  7.863366e-005
 4.431250e+002  7.213880e-005
 4.437437e+002  6.658163e-005
 4.443625e+002  5.821815e-005
 4.449812e+002  5.520142e-005
 4.456000e+002  6.239490e-005
 4.462187e+002  5.538857e-005
 4.468375e+002  6.136381e-005
 4.474562e+002  6.520100e-005
 4.480750e+002  6.158077e-005
 4.486937e+002  7.394264e-005
 4.493125e+002  1.437895e-004
 4.499312e+002  2.492925e-004
 4.505500e+002  1.300355e-004
 4.511687e+002  7.072222e-005
 4.517875e+002  7.422955e-005
 4.524062e+002  8.460660e-005
 4.530250e+002  8.117513e-005
 4.536437e+002  7.202412e-005
 4.542625e+002  7.070090e-005
 4.548812e+002  7.488980e-005
 4.555000e+002  7.414171e-005
 4.561187e+002  6.371441e-005
 4.567375e+002  6.946500e-005
 4.573562e+002  7.516866e-005
 4.579750e+002  6.950630e-005
 4.585937e+002  6.105811e-005
 4.592125e+002  5.407215e-005
 4.598312e+002  6.856068e-005
 4.604500e+002  6.431351e-005
 4.610687e+002  6.676127e-005
 4.616875e+002  7.562052e-005
 4.623062e+002  6.679089e-005
 4.629250e+002  6.147876e-005
 4.635437e+002  6.070953e-005
 4.641625e+002  6.510928e-005
 4.647812e+002  6.323831e-005
 4.654000e+002  6.453374e-005
 4.660187e+002  6.567934e-005
 4.666375e+002  7.903757e-005
 4.672562e+002  7.958869e-005
 4.678750e+002  6.733041e-005
 4.684937e+002  7.869703e-005
 4.691125e+002  8.133283e-005
 4.697312e+002  7.478614e-005
 4.703500e+002  7.516391e-005
 4.709687e+002  7.263983e-005
 4.715875e+002  6.697364e-005
 4.722062e+002  6.052392e-005
 4.728250e+002  6.634177e-005
 4.734437e+002  7.246130e-005
 4.740625e+002  8.087757e-005
 4.746812e+002  7.835060e-005
 4.753000e+002  7.441038e-005
 4.759187e+002  6.321082e-005
 4.765375e+002  6.833880e-005
 4.771562e+002  6.639900e-005
 4.777750e+002  6.504944e-005
 4.783937e+002  7.261144e-005
 4.790125e+002  8.367111e-005
 4.796312e+002  7.944892e-005
 4.802500e+002  7.250779e-005
 4.808687e+002  6.929358e-005
 4.814875e+002  6.011014e-005
 4.821062e+002  7.116726e-005
 4.827250e+002  5.992031e-005
 4.833437e+002  7.091000e-005
 4.839625e+002  6.935881e-005
 4.845812e+002  6.859853e-005
 4.852000e+002  6.884343e-005
 4.858187e+002  6.048356e-005
 4.864375e+002  5.643650e-005
 4.870562e+002  6.236161e-005
 4.876750e+002  6.238268e-005
 4.882937e+002  5.989191e-005
 4.889125e+002  6.072739e-005
 4.895312e+002  5.887957e-005
 4.901500e+002  6.364188e-005
 4.907687e+002  6.754089e-005
 4.913875e+002  6.861307e-005
 4.920062e+002  7.247277e-005
 4.926250e+002  6.657871e-005
 4.932437e+002  7.037682e-005
 4.938625e+002  6.965931e-005
 4.944812e+002  5.499948e-005
 4.951000e+002  6.481811e-005
 4.957187e+002  7.056476e-005
 4.963375e+002  7.493655e-005
 4.969562e+002  7.637904e-005
 4.975750e+002  7.622090e-005
 4.981937e+002  7.575629e-005
 4.988125e+002  6.065935e-005
 4.994312e+002  6.083840e-005
 5.000500e+002  7.725044e-005
 5.006687e+002  7.298132e-005
 5.012875e+002  7.368956e-005
 5.019062e+002  7.286193e-005
 5.025250e+002  7.347893e-005
 5.031437e+002  7.788202e-005
 5.037625e+002  7.489255e-005
 5.043812e+002  6.934952e-005
 5.050000e+002  6.410898e-005
 5.056187e+002  5.497016e-005
 5.062375e+002  7.259029e-005
 5.068562e+002  7.850356e-005
 5.074750e+002  6.609915e-005
 5.080937e+002  5.995995e-005
 5.087125e+002  5.722828e-005
 5.093312e+002  6.067396e-005
 5.099500e+002  7.223714e-005
 5.105687e+002  6.565115e-005
 5.111875e+002  6.059270e-005
 5.118062e+002  6.959830e-005
 5.124250e+002  6.571872e-005
 5.130437e+002  5.635424e-005
 5.136625e+002  6.098253e-005
 5.142812e+002  6.784747e-005
 5.149000e+002  6.979261e-005
 5.155187e+002  7.158643e-005
 5.161375e+002  7.107400e-005
 5.167562e+002  6.627643e-005
 5.173750e+002  5.419841e-005
 5.179937e+002  5.773646e-005
 5.186125e+002  5.936065e-005
 5.192312e+002  7.102327e-005
 5.198500e+002  8.315642e-005
 5.204687e+002  8.082100e-005
 5.210875e+002  7.965586e-005
 5.217062e+002  8.087281e-005
 5.223250e+002  6.875080e-005
 5.229437e+002  6.471494e-005
 5.235625e+002  7.888213e-005
 5.241812e+002  7.990583e-005
 5.248000e+002  5.932293e-005
 5.254187e+002  5.989599e-005
 5.260375e+002  6.280492e-005
 5.266562e+002  7.201682e-005
 5.272750e+002  7.433885e-005
 5.278937e+002  7.386119e-005
 5.285125e+002  7.032930e-005
 5.291312e+002  6.071065e-005
 5.297500e+002  6.870406e-005
 5.303687e+002  6.993400e-005
 5.309875e+002  5.333764e-005
 5.316062e+002  6.155858e-005
 5.322250e+002  6.440983e-005
 5.328437e+002  7.232079e-005
 5.334625e+002  7.015403e-005
 5.340812e+002  7.270551e-005
 5.347000e+002  6.081779e-005
 5.353187e+002  6.243843e-005
 5.359375e+002  7.400141e-005
 5.365562e+002  6.876478e-005
 5.371750e+002  6.230890e-005
 5.377937e+002  6.593207e-005
 5.384125e+002  5.961857e-005
 5.390312e+002  6.190690e-005
 5.396500e+002  6.617109e-005
 5.402687e+002  7.536156e-005
 5.408875e+002  7.548893e-005
 5.415062e+002  7.261082e-005
 5.421250e+002  7.205606e-005
 5.427437e+002  7.024701e-005
 5.433625e+002  6.006274e-005
 5.439812e+002  6.287364e-005
 5.446000e+002  7.119075e-005
 5.452187e+002  7.738601e-005
 5.458375e+002  7.804827e-005
 5.464562e+002  7.447465e-005
 5.470750e+002  6.712880e-005
 5.476937e+002  5.431977e-005
 5.483125e+002  6.679070e-005
 5.489312e+002  6.323193e-005
 5.495500e+002  7.100216e-005
 5.501687e+002  6.969172e-005
 5.507875e+002  5.542204e-005
 5.514062e+002  6.870490e-005
 5.520250e+002  6.815724e-005
 5.526437e+002  7.257413e-005
 5.532625e+002  7.704340e-005
 5.538812e+002  7.900462e-005
 5.545000e+002  7.839201e-005
 5.551187e+002  7.627886e-005
 5.557375e+002  6.955674e-005
 5.563562e+002  7.195856e-005
 5.569750e+002  6.774762e-005
 5.575937e+002  6.433265e-005
 5.582125e+002  6.136168e-005
 5.588312e+002  6.314374e-005
 5.594500e+002  6.443668e-005
 5.600687e+002  6.389055e-005
 5.606875e+002  6.787509e-005
 5.613062e+002  6.751360e-005
 5.619250e+002  7.405044e-005
 5.625437e+002  6.644708e-005
 5.631625e+002  5.579345e-005
 5.637812e+002  5.987686e-005
 5.644000e+002  6.753113e-005
 5.650187e+002  6.648757e-005
 5.656375e+002  7.285759e-005
 5.662562e+002  6.660365e-005
 5.668750e+002  6.541539e-005
 5.674937e+002  6.740586e-005
 5.681125e+002  7.150535e-005
 5.687312e+002  7.090689e-005
 5.693500e+002  6.595894e-005
 5.699687e+002  6.085849e-005
 5.705875e+002  6.759347e-005
 5.712062e+002  6.221878e-005
 5.718250e+002  6.787065e-005
 5.724437e+002  6.515256e-005
 5.730625e+002  6.003898e-005
 5.736812e+002  6.711393e-005
 5.743000e+002  6.115420e-005
 5.749187e+002  6.660940e-005
 5.755375e+002  6.810010e-005
 5.761562e+002  6.787828e-005
 5.767750e+002  6.272791e-005
 5.773937e+002  5.807852e-005
 5.780125e+002  6.473324e-005
 5.786312e+002  6.115339e-005
 5.792500e+002  6.954769e-005
 5.798687e+002  6.620802e-005
 5.804875e+002  6.024054e-005
 5.811062e+002  6.369829e-005
 5.817250e+002  7.156078e-005
 5.823437e+002  6.724878e-005
 5.829625e+002  6.027488e-005
 5.835812e+002  6.353916e-005
 5.842000e+002  6.747927e-005
 5.848187e+002  7.054302e-005
 5.854375e+002  7.223930e-005
 5.860562e+002  7.246792e-005
 5.866750e+002  6.876734e-005
 5.872937e+002  7.436308e-005
 5.879125e+002  6.738256e-005
 5.885312e+002  5.944151e-005
 5.891500e+002  6.546814e-005
 5.897687e+002  7.097587e-005
 5.903875e+002  7.446889e-005
 5.910062e+002  7.942579e-005
 5.916250e+002  7.317868e-005
 5.922437e+002  6.749695e-005
 5.928625e+002  6.575789e-005
 5.934812e+002  7.188283e-005
 5.941000e+002  6.706680e-005
 5.947187e+002  6.616176e-005
 5.953375e+002  7.482475e-005
 5.959562e+002  7.377644e-005
 5.965750e+002  5.995111e-005
 5.971937e+002  5.464449e-005
 5.978125e+002  6.068062e-005
 5.984312e+002  6.910209e-005
 5.990500e+002  6.760013e-005
 5.996687e+002  6.490943e-005
 6.002875e+002  6.926270e-005
 6.009062e+002  7.395160e-005
 6.015250e+002  6.175719e-005
 6.021437e+002  6.695182e-005
 6.027625e+002  7.179809e-005
 6.033812e+002  7.008755e-005
 6.040000e+002  6.578015e-005
 6.046187e+002  6.278518e-005
 6.052375e+002  6.076510e-005
 6.058562e+002  6.672900e-005
 6.064750e+002  7.536963e-005
 6.070937e+002  7.456131e-005
 6.077125e+002  6.627975e-005
 6.083312e+002  6.793808e-005
 6.089500e+002  6.870993e-005
 6.095687e+002  6.862553e-005
 6.101875e+002  7.017852e-005
 6.108062e+002  7.317679e-005
 6.114250e+002  7.195652e-005
 6.120437e+002  6.911185e-005
 6.126625e+002  6.638620e-005
 6.132812e+002  6.482663e-005
 6.139000e+002  6.586136e-005
 6.145187e+002  6.406455e-005
 6.151375e+002  7.570284e-005
 6.157562e+002  7.053724e-005
 6.163750e+002  6.920165e-005
 6.169937e+002  6.944857e-005
 6.176125e+002  6.564684e-005
 6.182312e+002  5.666248e-005
 6.188500e+002  6.740882e-005
 6.194687e+002  6.497765e-005
 6.200875e+002  7.370947e-005
 6.207062e+002  7.508841e-005
 6.213250e+002  7.434203e-005
 6.219437e+002  5.960772e-005
 6.225625e+002  5.032811e-005
 6.231812e+002  7.158695e-005
 6.238000e+002  7.637267e-005
 6.244187e+002  7.507549e-005
 6.250375e+002  6.347622e-005
 6.256562e+002  5.543027e-005
 6.262750e+002  6.836103e-005
 6.268937e+002  7.275542e-005
 6.275125e+002  7.063008e-005
 6.281312e+002  6.838931e-005
 6.287500e+002  7.494405e-005
 6.293687e+002  7.093944e-005
 6.299875e+002  6.416355e-005
 6.306062e+002  6.517426e-005
 6.312250e+002  7.409126e-005
 6.318437e+002  7.945825e-005
 6.324625e+002  6.341847e-005
 6.330812e+002  6.218294e-005
 6.337000e+002  6.652367e-005
 6.343187e+002  6.673173e-005
 6.349375e+002  6.853553e-005
 6.355562e+002  7.394688e-005
 6.361750e+002  6.546013e-005
 6.367937e+002  7.064445e-005
 6.374125e+002  7.181331e-005
 6.380312e+002  6.527273e-005
 6.386500e+002  6.977038e-005
 6.392687e+002  7.469436e-005
 6.398875e+002  7.404657e-005
 6.405062e+002  6.647667e-005
 6.411250e+002  7.195847e-005
 6.417437e+002  7.548589e-005
 6.423625e+002  7.201524e-005
 6.429812e+002  6.260229e-005
 6.436000e+002  6.953520e-005
 6.442187e+002  7.700413e-005
 6.448375e+002  6.934734e-005
 6.454562e+002  7.336355e-005
 6.460750e+002  7.531653e-005
 6.466937e+002  7.213496e-005
 6.473125e+002  7.139387e-005
 6.479312e+002  7.323274e-005
 6.485500e+002  7.562280e-005
 6.491687e+002  7.972091e-005
 6.497875e+002  8.881726e-005
 6.504062e+002  8.509977e-005
 6.510250e+002  7.933770e-005
 6.516437e+002  6.235286e-005
 6.522625e+002  6.876176e-005
 6.528812e+002  8.131617e-005
 6.535000e+002  7.464133e-005
 6.541187e+002  6.708071e-005
 6.547375e+002  6.919466e-005
 6.553562e+002  6.600759e-005
 6.559750e+002  7.026111e-005
 6.565937e+002  7.001401e-005
 6.572125e+002  7.688376e-005
 6.578312e+002  7.544108e-005
 6.584500e+002  7.124571e-005
 6.590687e+002  6.883067e-005
 6.596875e+002  6.828239e-005
 6.603062e+002  6.983403e-005
 6.609250e+002  6.931802e-005
 6.615437e+002  5.986265e-005
 6.621625e+002  6.221599e-005
 6.627812e+002  7.356810e-005
 6.634000e+002  7.556173e-005
 6.640187e+002  7.273305e-005
 6.646375e+002  6.817289e-005
 6.652562e+002  6.764646e-005
 6.658750e+002  7.101519e-005
 6.664937e+002  6.749856e-005
 6.671125e+002  6.537482e-005
 6.677312e+002  7.175321e-005
 6.683500e+002  6.566748e-005
 6.689687e+002  6.922868e-005
 6.695875e+002  6.298697e-005
 6.702062e+002  6.909159e-005
 6.708250e+002  6.427722e-005
 6.714437e+002  5.946167e-005
 6.720625e+002  5.223102e-005
 6.726812e+002  6.313551e-005
 6.733000e+002  7.018938e-005
 6.739187e+002  6.895267e-005
 6.745375e+002  6.366007e-005
 6.751562e+002  6.594253e-005
 6.757750e+002  7.257652e-005
 6.763937e+002  6.830075e-005
 6.770125e+002  6.657773e-005
 6.776312e+002  6.937657e-005
 6.782500e+002  6.928375e-005
 6.788687e+002  6.941692e-005
 6.794875e+002  6.897138e-005
 6.801062e+002  6.630368e-005
 6.807250e+002  7.816243e-005
 6.813437e+002  6.752052e-005
 6.819625e+002  5.392782e-005
 6.825812e+002  6.350463e-005
 6.832000e+002  6.786592e-005
 6.838187e+002  6.620888e-005
 6.844375e+002  6.993903e-005
 6.850562e+002  7.026395e-005
 6.856750e+002  7.106638e-005
 6.862937e+002  6.651889e-005
 6.869125e+002  6.987003e-005
 6.875312e+002  6.675632e-005
 6.881500e+002  6.050465e-005
 6.887687e+002  6.032494e-005
 6.893875e+002  7.110725e-005
 6.900062e+002  6.595228e-005
 6.906250e+002  6.004733e-005
 6.912437e+002  7.191545e-005
 6.918625e+002  7.004878e-005
 6.924812e+002  6.616033e-005
 6.931000e+002  6.892619e-005
 6.937187e+002  6.922269e-005
 6.943375e+002  6.664626e-005
 6.949562e+002  6.057266e-005
 6.955750e+002  6.133927e-005
 6.961937e+002  6.765024e-005
 6.968125e+002  6.935246e-005
 6.974312e+002  6.749941e-005
 6.980500e+002  6.169829e-005
 6.986687e+002  5.612878e-005
 6.992875e+002  5.663474e-005
 6.999062e+002  5.816207e-005
 7.005250e+002  6.184305e-005
 7.011437e+002  6.343048e-005
 7.017625e+002  6.055234e-005
 7.023812e+002  6.336196e-005
 7.030000e+002  5.568582e-005
 7.036187e+002  6.391989e-005
 7.042375e+002  6.413053e-005
 7.048562e+002  5.797461e-005
 7.054750e+002  6.381424e-005
 7.060937e+002  6.495222e-005
 7.067125e+002  6.752115e-005
 7.073312e+002  7.243437e-005
 7.079500e+002  6.847568e-005
 7.085687e+002  6.631325e-005
 7.091875e+002  6.753087e-005
 7.098062e+002  7.094953e-005
 7.104250e+002  6.940520e-005
 7.110437e+002  7.443362e-005
 7.116625e+002  6.700402e-005
 7.122812e+002  6.767548e-005
 7.129000e+002  7.214892e-005
 7.135187e+002  6.055875e-005
 7.141375e+002  5.742525e-005
 7.147562e+002  6.539644e-005
 7.153750e+002  6.469610e-005
 7.159937e+002  5.964736e-005
 7.166125e+002  6.590994e-005
 7.172312e+002  6.042329e-005
 7.178500e+002  6.964839e-005
 7.184687e+002  7.079764e-005
 7.190875e+002  7.517263e-005
 7.197062e+002  7.906550e-005
 7.203250e+002  7.521248e-005
 7.209437e+002  6.994190e-005
 7.215625e+002  6.638072e-005
 7.221812e+002  6.164003e-005
 7.228000e+002  7.341684e-005
 7.234187e+002  7.540910e-005
 7.240375e+002  7.286072e-005
 7.246562e+002  6.467509e-005
 7.252750e+002  6.095820e-005
 7.258937e+002  5.624581e-005
 7.265125e+002  6.434345e-005
 7.271312e+002  6.993549e-005
 7.277500e+002  6.747632e-005
 7.283687e+002  7.114615e-005
 7.289875e+002  6.459314e-005
 7.296062e+002  5.820338e-005
 7.302250e+002  6.014406e-005
 7.308437e+002  6.528493e-005
 7.314625e+002  7.064960e-005
 7.320812e+002  6.937730e-005
 7.327000e+002  7.307607e-005
 7.333187e+002  7.289912e-005
 7.339375e+002  6.605151e-005
 7.345562e+002  6.295201e-005
 7.351750e+002  6.513131e-005
 7.357937e+002  6.412914e-005
 7.364125e+002  5.597676e-005
 7.370312e+002  6.348662e-005
 7.376500e+002  7.628795e-005
 7.382687e+002  7.624091e-005
 7.388875e+002  7.756709e-005
 7.395062e+002  8.161886e-005
 7.401250e+002  6.813152e-005
 7.407437e+002  6.998668e-005
 7.413625e+002  6.160961e-005
 7.419812e+002  6.175495e-005
 7.426000e+002  5.279196e-005
 7.432187e+002  6.518058e-005
 7.438375e+002  7.173798e-005
 7.444562e+002  7.095410e-005
 7.450750e+002  7.047377e-005
 7.456937e+002  6.994911e-005
 7.463125e+002  7.128402e-005
 7.469312e+002  7.113557e-005
 7.475500e+002  7.182114e-005
 7.481687e+002  7.139201e-005
 7.487875e+002  7.256599e-005
 7.494062e+002  1.200262e-004
 7.500250e+002  1.555534e-004
 7.506437e+002  9.610237e-005
 7.512625e+002  7.266554e-005
 7.518812e+002  7.464270e-005
 7.525000e+002  7.913378e-005
 7.531187e+002  8.155956e-005
 7.537375e+002  7.515794e-005
 7.543562e+002  5.844070e-005
 7.549750e+002  6.205449e-005
 7.555937e+002  7.123668e-005
 7.562125e+002  7.422977e-005
 7.568312e+002  6.557804e-005
 7.574500e+002  7.112458e-005
 7.580687e+002  7.639715e-005
 7.586875e+002  7.360879e-005
 7.593062e+002  6.588077e-005
 7.599250e+002  6.600815e-005
 7.605437e+002  6.655816e-005
 7.611625e+002  7.663757e-005
 7.617812e+002  6.558142e-005
 7.624000e+002  6.873789e-005
 7.630187e+002  6.684390e-005
 7.636375e+002  6.448910e-005
 7.642562e+002  5.234662e-005
 7.648750e+002  6.188011e-005
 7.654937e+002  7.015395e-005
 7.661125e+002  6.784004e-005
 7.667312e+002  7.063750e-005
 7.673500e+002  7.155925e-005
 7.679687e+002  7.549719e-005
 7.685875e+002  6.942304e-005
 7.692062e+002  6.140537e-005
 7.698250e+002  6.896099e-005
 7.704437e+002  6.508907e-005
 7.710625e+002  6.112929e-005
 7.716812e+002  6.411160e-005
 7.723000e+002  6.524741e-005
 7.729187e+002  5.508224e-005
 7.735375e+002  7.063064e-005
 7.741562e+002  7.195360e-005
 7.747750e+002  5.757860e-005
 7.753937e+002  6.574884e-005
 7.760125e+002  6.530802e-005
 7.766312e+002  6.176781e-005
 7.772500e+002  6.812854e-005
 7.778687e+002  5.987808e-005
 7.784875e+002  6.254430e-005
 7.791062e+002  6.644616e-005
 7.797250e+002  6.501218e-005
 7.803437e+002  5.671537e-005
 7.809625e+002  6.351090e-005
 7.815812e+002  6.352514e-005
 7.822000e+002  5.860453e-005
 7.828187e+002  5.250575e-005
 7.834375e+002  5.184722e-005
 7.840562e+002  6.580840e-005
 7.846750e+002  5.938278e-005
 7.852937e+002  6.150063e-005
 7.859125e+002  6.609159e-005
 7.865312e+002  6.351722e-005
 7.871500e+002  7.080047e-005
 7.877687e+002  7.001413e-005
 7.883875e+002  6.926876e-005
 7.890062e+002  6.962097e-005
 7.896250e+002  6.541675e-005
 7.902437e+002  7.138511e-005
 7.908625e+002  6.658756e-005
 7.914812e+002  7.506341e-005
 7.921000e+002  7.313427e-005
 7.927187e+002  7.144034e-005
 7.933375e+002  6.091312e-005
 7.939562e+002  5.508428e-005
 7.945750e+002  6.343411e-005
 7.951937e+002  7.479155e-005
 7.958125e+002  7.892273e-005
 7.964312e+002  6.907640e-005
 7.970500e+002  6.680846e-005
 7.976687e+002  6.608679e-005
 7.982875e+002  7.088433e-005
 7.989062e+002  7.158259e-005
 7.995250e+002  6.175268e-005
 8.001437e+002  6.842575e-005
 8.007625e+002  7.068740e-005
 8.013812e+002  6.691729e-005
 8.020000e+002  6.404615e-005
 8.026187e+002  7.102628e-005
 8.032375e+002  7.277102e-005
 8.038562e+002  7.144662e-005
 8.044750e+002  6.964184e-005
 8.050937e+002  6.888627e-005
 8.057125e+002  7.302443e-005
 8.063312e+002  7.271859e-005
 8.069500e+002  7.216395e-005
 8.075687e+002  7.268690e-005
 8.081875e+002  6.552851e-005
 8.088062e+002  7.353350e-005
 8.094250e+002  6.751424e-005
 8.100437e+002  7.389712e-005
 8.106625e+002  7.475702e-005
 8.112812e+002  7.109232e-005
 8.119000e+002  7.437146e-005
 8.125187e+002  6.296485e-005
 8.131375e+002  6.825047e-005
 8.137562e+002  6.270676e-005
 8.143750e+002  6.429760e-005
 8.149937e+002  6.977716e-005
 8.156125e+002  6.700441e-005
 8.162312e+002  5.886442e-005
 8.168500e+002  5.965683e-005
 8.174687e+002  6.726265e-005
 8.180875e+002  6.845493e-005
 8.187062e+002  6.278509e-005
 8.193250e+002  6.754593e-005
 8.199437e+002  7.064201e-005
 8.205625e+002  6.146146e-005
 8.211812e+002  6.851398e-005
 8.218000e+002  7.145432e-005
 8.224187e+002  6.064682e-005
 8.230375e+002  4.622766e-005
 8.236562e+002  5.796724e-005
 8.242750e+002  6.995997e-005
 8.248937e+002  7.968581e-005
 8.255125e+002  6.999569e-005
 8.261312e+002  6.208414e-005
 8.267500e+002  6.083903e-005
 8.273687e+002  7.014459e-005
 8.279875e+002  6.182066e-005
 8.286062e+002  6.302102e-005
 8.292250e+002  5.946098e-005
 8.298437e+002  6.644201e-005
 8.304625e+002  7.177292e-005
 8.310812e+002  7.863110e-005
 8.317000e+002  7.850706e-005
 8.323187e+002  6.733563e-005
 8.329375e+002  7.797024e-005
 8.335562e+002  7.382471e-005
 8.341750e+002  6.495231e-005
 8.347937e+002  7.209434e-005
 8.354125e+002  6.650586e-005
 8.360312e+002  7.603081e-005
 8.366500e+002  6.947773e-005
 8.372687e+002  6.792391e-005
 8.378875e+002  7.177355e-005
 8.385062e+002  6.982454e-005
 8.391250e+002  6.460078e-005
 8.397437e+002  6.355470e-005
 8.403625e+002  6.428086e-005
 8.409812e+002  7.298169e-005
 8.416000e+002  7.690826e-005
 8.422187e+002  7.049545e-005
 8.428375e+002  6.983890e-005
 8.434562e+002  6.272166e-005
 8.440750e+002  6.358397e-005
 8.446937e+002  5.831599e-005
 8.453125e+002  5.705357e-005
 8.459312e+002  6.853347e-005
 8.465500e+002  7.044611e-005
 8.471687e+002  7.005092e-005
 8.477875e+002  6.338066e-005
 8.484062e+002  6.408572e-005
 8.490250e+002  7.165931e-005
 8.496437e+002  1.531791e-004
 8.502625e+002  1.182311e-004
 8.508812e+002  5.677722e-005
 8.515000e+002  6.379715e-005
 8.521187e+002  6.397136e-005
 8.527375e+002  6.282550e-005
 8.533562e+002  6.051811e-005
 8.539750e+002  6.213354e-005
 8.545937e+002  7.244733e-005
 8.552125e+002  6.690896e-005
 8.558312e+002  5.818146e-005
 8.564500e+002  6.629477e-005
 8.570687e+002  6.989338e-005
 8.576875e+002  6.316231e-005
 8.583062e+002  6.019050e-005
 8.589250e+002  6.356063e-005
 8.595437e+002  7.126060e-005
 8.601625e+002  7.648726e-005
 8.607812e+002  7.021109e-005
 8.614000e+002  6.048568e-005
 8.620187e+002  7.254639e-005
 8.626375e+002  7.921740e-005
 8.632562e+002  8.066874e-005
 8.638750e+002  7.455551e-005
 8.644937e+002  7.526695e-005
 8.651125e+002  6.889338e-005
 8.657312e+002  6.395867e-005
 8.663500e+002  6.844560e-005
 8.669687e+002  7.481182e-005
 8.675875e+002  6.375994e-005
 8.682062e+002  6.760832e-005
 8.688250e+002  6.971277e-005
 8.694437e+002  6.520453e-005
 8.700625e+002  6.265978e-005
 8.706812e+002  6.945314e-005
 8.713000e+002  6.617342e-005
 8.719187e+002  6.473680e-005
 8.725375e+002  5.646707e-005
 8.731562e+002  5.986962e-005
 8.737750e+002  6.889730e-005
 8.743937e+002  7.446019e-005
 8.750125e+002  6.057821e-005
 8.756312e+002  6.710196e-005
 8.762500e+002  6.921661e-005
 8.768687e+002  6.909710e-005
 8.774875e+002  6.505791e-005
 8.781062e+002  6.324120e-005
 8.787250e+002  6.584689e-005
 8.793437e+002  6.431320e-005
 8.799625e+002  6.290610e-005
 8.805812e+002  6.018982e-005
 8.812000e+002  6.183361e-005
 8.818187e+002  5.532461e-005
 8.824375e+002  6.302762e-005
 8.830562e+002  6.042411e-005
 8.836750e+002  6.071457e-005
 8.842937e+002  6.914537e-005
 8.849125e+002  5.911429e-005
 8.855312e+002  6.396609e-005
 8.861500e+002  6.384275e-005
 8.867687e+002  6.437751e-005
 8.873875e+002  7.455774e-005
 8.880062e+002  7.533274e-005
 8.886250e+002  6.402634e-005
 8.892437e+002  6.512205e-005
 8.898625e+002  7.330099e-005
 8.904812e+002  6.076072e-005
 8.911000e+002  5.649515e-005
 8.917187e+002  6.645461e-005
 8.923375e+002  6.021916e-005
 8.929562e+002  5.822423e-005
 8.935750e+002  5.934168e-005
 8.941937e+002  5.590429e-005
 8.948125e+002  5.868066e-005
 8.954312e+002  6.432508e-005
 8.960500e+002  5.828276e-005
 8.966687e+002  6.296450e-005
 8.972875e+002  6.298500e-005
 8.979062e+002  6.734431e-005
 8.985250e+002  6.111965e-005
 8.991437e+002  6.223342e-005
 8.997625e+002  7.152920e-005
 9.003812e+002  8.019656e-005
 9.010000e+002  6.675776e-005
 9.016187e+002  5.459235e-005
 9.022375e+002  5.861206e-005
 9.028562e+002  6.673682e-005
 9.034750e+002  7.846564e-005
 9.040937e+002  7.535222e-005
 9.047125e+002  6.740508e-005
 9.053312e+002  7.300490e-005
 9.059500e+002  7.266450e-005
 9.065687e+002  6.027823e-005
 9.071875e+002  5.388547e-005
 9.078062e+002  6.471099e-005
 9.084250e+002  8.210186e-005
 9.090437e+002  8.054208e-005
 9.096625e+002  5.374962e-005
 9.102812e+002  5.805433e-005
 9.109000e+002  7.502582e-005
 9.115187e+002  7.551466e-005
 9.121375e+002  6.156392e-005
 9.127562e+002  6.588774e-005
 9.133750e+002  7.212558e-005
 9.139937e+002  7.742616e-005
 9.146125e+002  6.699957e-005
 9.152312e+002  6.159565e-005
 9.158500e+002  6.657703e-005
 9.164687e+002  5.285749e-005
 9.170875e+002  6.111487e-005
 9.177062e+002  7.244583e-005
 9.183250e+002  7.844693e-005
 9.189437e+002  7.322251e-005
 9.195625e+002  6.630946e-005
 9.201812e+002  6.455913e-005
 9.208000e+002  6.238502e-005
 9.214187e+002  6.636604e-005
 9.220375e+002  5.924862e-005
 9.226562e+002  6.126554e-005
 9.232750e+002  6.288651e-005
 9.238937e+002  6.048440e-005
 9.245125e+002  6.992876e-005
 9.251312e+002  6.479810e-005
 9.257500e+002  6.331572e-005
 9.263687e+002  7.003051e-005
 9.269875e+002  8.156070e-005
 9.276062e+002  7.049643e-005
 9.282250e+002  6.655365e-005
 9.288437e+002  6.961033e-005
 9.294625e+002  7.228607e-005
 9.300812e+002  7.002141e-005
 9.307000e+002  6.749127e-005
 9.313187e+002  6.338823e-005
 9.319375e+002  6.664631e-005
 9.325562e+002  7.435328e-005
 9.331750e+002  7.418131e-005
 9.337937e+002  6.876769e-005
 9.344125e+002  7.416918e-005
 9.350312e+002  6.323045e-005
 9.356500e+002  6.540303e-005
 9.362687e+002  7.194049e-005
 9.368875e+002  7.006709e-005
 9.375062e+002  7.165057e-005
 9.381250e+002  7.350365e-005
 9.387437e+002  7.548081e-005
 9.393625e+002  7.385497e-005
 9.399812e+002  6.769054e-005
 9.406000e+002  6.761548e-005
 9.412187e+002  6.682621e-005
 9.418375e+002  6.996468e-005
 9.424562e+002  6.980262e-005
 9.430750e+002  5.988706e-005
 9.436937e+002  5.769842e-005
 9.443125e+002  6.195823e-005
 9.449312e+002  5.639820e-005
 9.455500e+002  5.844907e-005
 9.461687e+002  6.390322e-005
 9.467875e+002  6.707556e-005
 9.474062e+002  7.241430e-005
 9.480250e+002  7.648520e-005
 9.486437e+002  7.074709e-005
 9.492625e+002  8.297503e-005
 9.498812e+002  1.017275e-004
 9.505000e+002  7.678666e-005
 9.511187e+002  6.648772e-005
 9.517375e+002  6.709400e-005
 9.523562e+002  6.573459e-005
 9.529750e+002  6.327358e-005
 9.535937e+002  6.125142e-005
 9.542125e+002  5.984682e-005
 9.548312e+002  6.935534e-005
 9.554500e+002  7.581573e-005
 9.560687e+002  6.248398e-005
 9.566875e+002  6.559280e-005
 9.573062e+002  7.781844e-005
 9.579250e+002  7.015376e-005
 9.585437e+002  5.595335e-005
 9.591625e+002  6.213599e-005
 9.597812e+002  6.952147e-005
 9.604000e+002  6.744365e-005
 9.610187e+002  5.864608e-005
 9.616375e+002  6.258827e-005
 9.622562e+002  7.177446e-005
 9.628750e+002  6.457492e-005
 9.634937e+002  6.391983e-005
 9.641125e+002  6.506912e-005
 9.647312e+002  5.867182e-005
 9.653500e+002  6.446233e-005
 9.659687e+002  6.644668e-005
 9.665875e+002  7.225160e-005
 9.672062e+002  6.594210e-005
 9.678250e+002  5.907463e-005
 9.684437e+002  6.047483e-005
 9.690625e+002  5.606845e-005
 9.696812e+002  5.879512e-005
 9.703000e+002  6.989290e-005
 9.709187e+002  7.114690e-005
 9.715375e+002  7.694255e-005
 9.721562e+002  7.050020e-005
 9.727750e+002  6.794054e-005
 9.733937e+002  6.533806e-005
 9.740125e+002  6.757051e-005
 9.746312e+002  6.722389e-005
 9.752500e+002  6.518037e-005
 9.758687e+002  6.270442e-005
 9.764875e+002  6.409920e-005
 9.771062e+002  6.481956e-005
 9.777250e+002  6.611690e-005
 9.783437e+002  7.329923e-005
 9.789625e+002  6.930211e-005
 9.795812e+002  6.102104e-005
 9.802000e+002  6.182241e-005
 9.808187e+002  6.339405e-005
 9.814375e+002  6.822377e-005
 9.820562e+002  6.720293e-005
 9.826750e+002  7.218905e-005
 9.832937e+002  6.751917e-005
 9.839125e+002  6.236227e-005
 9.845312e+002  5.878754e-005
 9.851500e+002  6.200576e-005
 9.857687e+002  7.049833e-005
 9.863875e+002  7.037286e-005
 9.870062e+002  6.395732e-005
 9.876250e+002  6.617534e-005
 9.882437e+002  6.723692e-005
 9.888625e+002  5.869934e-005
 9.894812e+002  6.643305e-005
 9.901000e+002  5.902818e-005
 9.907187e+002  5.730041e-005
 9.913375e+002  5.898790e-005
 9.919562e+002  6.507937e-005
 9.925750e+002  6.379893e-005
 9.931937e+002  5.743239e-005
 9.938125e+002  6.219040e-005
 9.944312e+002  6.394671e-005
 9.950500e+002  6.096317e-005
 9.956687e+002  6.309304e-005
 9.962875e+002  6.137112e-005
 9.969062e+002  6.483681e-005
 9.975250e+002  6.312352e-005
 9.981437e+002  6.138163e-005
 9.987625e+002  5.462896e-005
 9.993812e+002  7.087901e-005
 1.000000e+003  6.720071e-005
