 1.000000e+000  8.417334e-003
 1.247500e+000  6.923876e-003
 1.495000e+000  7.366914e-003
 1.742500e+000  7.227263e-003
 1.990000e+000  6.871177e-003
 2.237500e+000  5.915831e-003
 2.485000e+000  4.751933e-003
 2.732500e+000  4.981688e-003
 2.980000e+000  4.948193e-003
 3.227500e+000  4.475199e-003
 3.475000e+000  4.809442e-003
 3.722500e+000  4.056426e-003
 3.970000e+000  3.720119e-003
 4.217500e+000  4.058664e-003
 4.465000e+000  4.091220e-003
 4.712500e+000  3.583687e-003
 4.960000e+000  3.468025e-003
 5.207500e+000  3.551576e-003
 5.455000e+000  3.321760e-003
 5.702500e+000  3.439775e-003
 5.950000e+000  3.334476e-003
 6.197500e+000  3.066789e-003
 6.445000e+000  2.783871e-003
 6.692500e+000  2.812848e-003
 6.940000e+000  3.138942e-003
 7.187500e+000  2.841051e-003
 7.435000e+000  2.953536e-003
 7.682500e+000  3.207135e-003
 7.930000e+000  3.246619e-003
 8.177500e+000  2.597444e-003
 8.425000e+000  2.567375e-003
 8.672500e+000  2.849571e-003
 8.920000e+000  2.902736e-003
 9.167500e+000  2.427089e-003
 9.415000e+000  2.573235e-003
 9.662500e+000  2.837930e-003
 9.910000e+000  2.363304e-003
 1.015750e+001  2.283320e-003
 1.040500e+001  2.654443e-003
 1.065250e+001  2.602474e-003
 1.090000e+001  2.480318e-003
 1.114750e+001  2.428509e-003
 1.139500e+001  2.343090e-003
 1.164250e+001  2.299423e-003
 1.189000e+001  2.455435e-003
 1.213750e+001  2.337488e-003
 1.238500e+001  2.379788e-003
 1.263250e+001  2.211196e-003
 1.288000e+001  2.215354e-003
 1.312750e+001  2.241721e-003
 1.337500e+001  2.160018e-003
 1.362250e+001  1.925578e-003
 1.387000e+001  2.127686e-003
 1.411750e+001  2.089961e-003
 1.436500e+001  1.851265e-003
 1.461250e+001  1.902225e-003
 1.486000e+001  1.953533e-003
 1.510750e+001  1.637278e-003
 1.535500e+001  1.615059e-003
 1.560250e+001  1.911961e-003
 1.585000e+001  1.844976e-003
 1.609750e+001  1.767193e-003
 1.634500e+001  1.731170e-003
 1.659250e+001  1.965265e-003
 1.684000e+001  1.972179e-003
 1.708750e+001  1.834834e-003
 1.733500e+001  1.874818e-003
 1.758250e+001  1.621391e-003
 1.783000e+001  1.701236e-003
 1.807750e+001  1.803494e-003
 1.832500e+001  1.827636e-003
 1.857250e+001  1.717094e-003
 1.882000e+001  1.557930e-003
 1.906750e+001  1.677460e-003
 1.931500e+001  1.750093e-003
 1.956250e+001  1.911818e-003
 1.981000e+001  1.798228e-003
 2.005750e+001  1.793536e-003
 2.030500e+001  1.722002e-003
 2.055250e+001  1.571812e-003
 2.080000e+001  1.627910e-003
 2.104750e+001  1.534688e-003
 2.129500e+001  1.710696e-003
 2.154250e+001  1.490144e-003
 2.179000e+001  1.393092e-003
 2.203750e+001  1.450337e-003
 2.228500e+001  1.472866e-003
 2.253250e+001  1.573415e-003
 2.278000e+001  1.544442e-003
 2.302750e+001  1.587864e-003
 2.327500e+001  1.511384e-003
 2.352250e+001  1.522205e-003
 2.377000e+001  1.415309e-003
 2.401750e+001  1.541142e-003
 2.426500e+001  1.530488e-003
 2.451250e+001  1.460925e-003
 2.476000e+001  1.528769e-003
 2.500750e+001  1.533745e-003
 2.525500e+001  1.575138e-003
 2.550250e+001  1.575120e-003
 2.575000e+001  1.366593e-003
 2.599750e+001  1.660288e-003
 2.624500e+001  1.571040e-003
 2.649250e+001  1.431012e-003
 2.674000e+001  1.382961e-003
 2.698750e+001  1.301630e-003
 2.723500e+001  1.533065e-003
 2.748250e+001  1.505929e-003
 2.773000e+001  1.340078e-003
 2.797750e+001  1.412888e-003
 2.822500e+001  1.320614e-003
 2.847250e+001  1.475453e-003
 2.872000e+001  1.353532e-003
 2.896750e+001  1.316355e-003
 2.921500e+001  1.219692e-003
 2.946250e+001  1.390207e-003
 2.971000e+001  1.305248e-003
 2.995750e+001  1.376693e-003
 3.020500e+001  1.399811e-003
 3.045250e+001  1.394551e-003
 3.070000e+001  1.371229e-003
 3.094750e+001  1.307914e-003
 3.119500e+001  1.172630e-003
 3.144250e+001  1.118575e-003
 3.169000e+001  1.283555e-003
 3.193750e+001  1.354543e-003
 3.218500e+001  1.163199e-003
 3.243250e+001  1.164268e-003
 3.268000e+001  1.178363e-003
 3.292750e+001  1.292849e-003
 3.317500e+001  1.259753e-003
 3.342250e+001  1.096200e-003
 3.367000e+001  1.144840e-003
 3.391750e+001  1.340759e-003
 3.416500e+001  1.338830e-003
 3.441250e+001  1.285757e-003
 3.466000e+001  1.222028e-003
 3.490750e+001  1.264528e-003
 3.515500e+001  1.184156e-003
 3.540250e+001  1.243200e-003
 3.565000e+001  1.209412e-003
 3.589750e+001  1.191172e-003
 3.614500e+001  1.163089e-003
 3.639250e+001  1.164364e-003
 3.664000e+001  1.242918e-003
 3.688750e+001  1.039418e-003
 3.713500e+001  1.001244e-003
 3.738250e+001  1.138201e-003
 3.763000e+001  1.156961e-003
 3.787750e+001  1.086774e-003
 3.812500e+001  1.046627e-003
 3.837250e+001  1.018039e-003
 3.862000e+001  1.212625e-003
 3.886750e+001  1.076370e-003
 3.911500e+001  1.044627e-003
 3.936250e+001  1.178218e-003
 3.961000e+001  1.085021e-003
 3.985750e+001  1.060062e-003
 4.010500e+001  1.025970e-003
 4.035250e+001  1.042033e-003
 4.060000e+001  1.032929e-003
 4.084750e+001  1.028730e-003
 4.109500e+001  1.090197e-003
 4.134250e+001  1.012124e-003
 4.159000e+001  9.507439e-004
 4.183750e+001  9.724354e-004
 4.208500e+001  9.610303e-004
 4.233250e+001  1.011409e-003
 4.258000e+001  9.933144e-004
 4.282750e+001  1.081738e-003
 4.307500e+001  1.063860e-003
 4.332250e+001  9.397429e-004
 4.357000e+001  9.212022e-004
 4.381750e+001  9.904286e-004
 4.406500e+001  9.473886e-004
 4.431250e+001  8.650832e-004
 4.456000e+001  9.313527e-004
 4.480750e+001  1.043962e-003
 4.505500e+001  9.180591e-004
 4.530250e+001  7.870146e-004
 4.555000e+001  9.830098e-004
 4.579750e+001  1.056339e-003
 4.604500e+001  9.372750e-004
 4.629250e+001  9.206947e-004
 4.654000e+001  1.071072e-003
 4.678750e+001  1.041760e-003
 4.703500e+001  8.446220e-004
 4.728250e+001  8.934208e-004
 4.753000e+001  9.381297e-004
 4.777750e+001  1.000082e-003
 4.802500e+001  1.021147e-003
 4.827250e+001  8.974195e-004
 4.852000e+001  9.911910e-004
 4.876750e+001  1.072265e-003
 4.901500e+001  1.001984e-003
 4.926250e+001  1.012273e-003
 4.951000e+001  9.500221e-004
 4.975750e+001  7.753209e-003
 5.000500e+001  1.358087e-002
 5.025250e+001  5.919068e-003
 5.050000e+001  9.618646e-004
 5.074750e+001  9.154383e-004
 5.099500e+001  8.816894e-004
 5.124250e+001  9.024833e-004
 5.149000e+001  9.469621e-004
 5.173750e+001  9.499661e-004
 5.198500e+001  9.222852e-004
 5.223250e+001  9.344484e-004
 5.248000e+001  1.004180e-003
 5.272750e+001  9.122658e-004
 5.297500e+001  9.091491e-004
 5.322250e+001  9.223201e-004
 5.347000e+001  9.111094e-004
 5.371750e+001  9.163731e-004
 5.396500e+001  8.263184e-004
 5.421250e+001  8.650156e-004
 5.446000e+001  8.666861e-004
 5.470750e+001  8.520980e-004
 5.495500e+001  8.060481e-004
 5.520250e+001  7.902819e-004
 5.545000e+001  7.988515e-004
 5.569750e+001  7.662873e-004
 5.594500e+001  7.898370e-004
 5.619250e+001  9.276531e-004
 5.644000e+001  9.592316e-004
 5.668750e+001  9.482760e-004
 5.693500e+001  8.403255e-004
 5.718250e+001  8.798543e-004
 5.743000e+001  8.758877e-004
 5.767750e+001  8.728809e-004
 5.792500e+001  8.085411e-004
 5.817250e+001  7.942405e-004
 5.842000e+001  8.538472e-004
 5.866750e+001  9.635638e-004
 5.891500e+001  7.852613e-004
 5.916250e+001  6.976790e-004
 5.941000e+001  7.690661e-004
 5.965750e+001  7.985051e-004
 5.990500e+001  8.211554e-004
 6.015250e+001  7.952652e-004
 6.040000e+001  7.409267e-004
 6.064750e+001  7.904822e-004
 6.089500e+001  8.898380e-004
 6.114250e+001  9.057544e-004
 6.139000e+001  7.852936e-004
 6.163750e+001  7.578006e-004
 6.188500e+001  7.246519e-004
 6.213250e+001  7.772643e-004
 6.238000e+001  8.664898e-004
 6.262750e+001  8.117992e-004
 6.287500e+001  6.812647e-004
 6.312250e+001  8.041196e-004
 6.337000e+001  7.918391e-004
 6.361750e+001  7.115679e-004
 6.386500e+001  7.562493e-004
 6.411250e+001  7.417796e-004
 6.436000e+001  6.819590e-004
 6.460750e+001  7.414245e-004
 6.485500e+001  7.447613e-004
 6.510250e+001  8.276405e-004
 6.535000e+001  9.660465e-004
 6.559750e+001  8.525372e-004
 6.584500e+001  7.480872e-004
 6.609250e+001  7.207154e-004
 6.634000e+001  8.195090e-004
 6.658750e+001  8.670667e-004
 6.683500e+001  8.728758e-004
 6.708250e+001  8.385743e-004
 6.733000e+001  8.521119e-004
 6.757750e+001  8.961416e-004
 6.782500e+001  7.804962e-004
 6.807250e+001  6.715108e-004
 6.832000e+001  6.587428e-004
 6.856750e+001  6.597075e-004
 6.881500e+001  7.475053e-004
 6.906250e+001  7.111779e-004
 6.931000e+001  7.770835e-004
 6.955750e+001  7.538393e-004
 6.980500e+001  7.343366e-004
 7.005250e+001  7.294118e-004
 7.030000e+001  7.408398e-004
 7.054750e+001  7.407386e-004
 7.079500e+001  7.417656e-004
 7.104250e+001  7.547255e-004
 7.129000e+001  7.879550e-004
 7.153750e+001  7.313796e-004
 7.178500e+001  7.200348e-004
 7.203250e+001  7.310728e-004
 7.228000e+001  6.684436e-004
 7.252750e+001  6.323585e-004
 7.277500e+001  7.378419e-004
 7.302250e+001  7.578048e-004
 7.327000e+001  6.973906e-004
 7.351750e+001  6.960715e-004
 7.376500e+001  6.564878e-004
 7.401250e+001  7.441783e-004
 7.426000e+001  7.113434e-004
 7.450750e+001  8.489234e-004
 7.475500e+001  7.248365e-004
 7.500250e+001  6.638035e-004
 7.525000e+001  7.219704e-004
 7.549750e+001  7.013820e-004
 7.574500e+001  6.802225e-004
 7.599250e+001  6.502412e-004
 7.624000e+001  7.242724e-004
 7.648750e+001  7.930608e-004
 7.673500e+001  6.920700e-004
 7.698250e+001  5.739476e-004
 7.723000e+001  7.468904e-004
 7.747750e+001  7.582762e-004
 7.772500e+001  6.625549e-004
 7.797250e+001  7.001985e-004
 7.822000e+001  6.639567e-004
 7.846750e+001  6.749795e-004
 7.871500e+001  7.539007e-004
 7.896250e+001  7.701190e-004
 7.921000e+001  6.860275e-004
 7.945750e+001  6.662617e-004
 7.970500e+001  6.549605e-004
 7.995250e+001  7.776873e-004
 8.020000e+001  7.520642e-004
 8.044750e+001  7.220775e-004
 8.069500e+001  7.049285e-004
 8.094250e+001  6.597936e-004
 8.119000e+001  6.268636e-004
 8.143750e+001  6.110774e-004
 8.168500e+001  6.819061e-004
 8.193250e+001  8.119613e-004
 8.218000e+001  7.432512e-004
 8.242750e+001  6.241059e-004
 8.267500e+001  5.789362e-004
 8.292250e+001  6.234848e-004
 8.317000e+001  6.048859e-004
 8.341750e+001  6.342627e-004
 8.366500e+001  7.117448e-004
 8.391250e+001  6.420505e-004
 8.416000e+001  6.660797e-004
 8.440750e+001  6.048219e-004
 8.465500e+001  6.582941e-004
 8.490250e+001  7.277051e-004
 8.515000e+001  6.888184e-004
 8.539750e+001  5.455253e-004
 8.564500e+001  4.957113e-004
 8.589250e+001  5.914779e-004
 8.614000e+001  6.341221e-004
 8.638750e+001  5.376809e-004
 8.663500e+001  5.511229e-004
 8.688250e+001  6.078645e-004
 8.713000e+001  5.181557e-004
 8.737750e+001  5.092891e-004
 8.762500e+001  5.539887e-004
 8.787250e+001  6.188634e-004
 8.812000e+001  6.548435e-004
 8.836750e+001  6.279318e-004
 8.861500e+001  6.035426e-004
 8.886250e+001  6.767098e-004
 8.911000e+001  6.193226e-004
 8.935750e+001  6.337982e-004
 8.960500e+001  6.365142e-004
 8.985250e+001  6.316007e-004
 9.010000e+001  6.203581e-004
 9.034750e+001  5.190427e-004
 9.059500e+001  5.421547e-004
 9.084250e+001  6.320387e-004
 9.109000e+001  6.130233e-004
 9.133750e+001  6.701569e-004
 9.158500e+001  6.263815e-004
 9.183250e+001  5.795734e-004
 9.208000e+001  5.973646e-004
 9.232750e+001  6.001367e-004
 9.257500e+001  5.890688e-004
 9.282250e+001  6.105456e-004
 9.307000e+001  6.405771e-004
 9.331750e+001  5.961275e-004
 9.356500e+001  5.458445e-004
 9.381250e+001  6.725290e-004
 9.406000e+001  7.305636e-004
 9.430750e+001  6.802211e-004
 9.455500e+001  6.485428e-004
 9.480250e+001  6.203631e-004
 9.505000e+001  5.825301e-004
 9.529750e+001  6.777754e-004
 9.554500e+001  6.651167e-004
 9.579250e+001  6.017530e-004
 9.604000e+001  5.970535e-004
 9.628750e+001  5.885539e-004
 9.653500e+001  5.772049e-004
 9.678250e+001  5.514474e-004
 9.703000e+001  5.269449e-004
 9.727750e+001  5.497547e-004
 9.752500e+001  6.345592e-004
 9.777250e+001  5.738755e-004
 9.802000e+001  5.748296e-004
 9.826750e+001  6.437237e-004
 9.851500e+001  5.702150e-004
 9.876250e+001  5.476150e-004
 9.901000e+001  4.982341e-004
 9.925750e+001  5.067308e-004
 9.950500e+001  6.433851e-004
 9.975250e+001  1.180862e-003
 1.000000e+002  1.752930e-003
