 1.000000e+001  1.299458e-004
 1.061875e+001  1.301717e-004
 1.123750e+001  1.126341e-004
 1.185625e+001  1.037152e-004
 1.247500e+001  1.113925e-004
 1.309375e+001  1.236601e-004
 1.371250e+001  1.072990e-004
 1.433125e+001  1.064955e-004
 1.495000e+001  1.029392e-004
 1.556875e+001  9.880684e-005
 1.618750e+001  1.081592e-004
 1.680625e+001  1.157974e-004
 1.742500e+001  1.200215e-004
 1.804375e+001  1.255156e-004
 1.866250e+001  1.122925e-004
 1.928125e+001  9.725687e-005
 1.990000e+001  1.041255e-004
 2.051875e+001  1.063072e-004
 2.113750e+001  1.005777e-004
 2.175625e+001  1.025322e-004
 2.237500e+001  1.056588e-004
 2.299375e+001  1.115352e-004
 2.361250e+001  1.004108e-004
 2.423125e+001  9.184313e-005
 2.485000e+001  8.349482e-005
 2.546875e+001  8.916659e-005
 2.608750e+001  9.540131e-005
 2.670625e+001  8.321080e-005
 2.732500e+001  9.292628e-005
 2.794375e+001  1.001078e-004
 2.856250e+001  9.190508e-005
 2.918125e+001  9.750358e-005
 2.980000e+001  1.026238e-004
 3.041875e+001  1.037239e-004
 3.103750e+001  1.085300e-004
 3.165625e+001  9.967676e-005
 3.227500e+001  9.325751e-005
 3.289375e+001  8.542148e-005
 3.351250e+001  8.332551e-005
 3.413125e+001  8.085004e-005
 3.475000e+001  8.950892e-005
 3.536875e+001  9.133475e-005
 3.598750e+001  8.642789e-005
 3.660625e+001  8.595111e-005
 3.722500e+001  9.280592e-005
 3.784375e+001  9.455788e-005
 3.846250e+001  8.981983e-005
 3.908125e+001  8.171700e-005
 3.970000e+001  7.632969e-005
 4.031875e+001  9.600612e-005
 4.093750e+001  1.367012e-004
 4.155625e+001  1.108867e-004
 4.217500e+001  8.471658e-005
 4.279375e+001  7.763027e-005
 4.341250e+001  8.165273e-005
 4.403125e+001  7.776431e-005
 4.465000e+001  8.280365e-005
 4.526875e+001  8.583976e-005
 4.588750e+001  8.203781e-005
 4.650625e+001  8.141600e-005
 4.712500e+001  9.906933e-005
 4.774375e+001  1.320512e-004
 4.836250e+001  3.000159e-004
 4.898125e+001  1.634925e-003
 4.960000e+001  1.171202e-002
 5.021875e+001  1.399436e-002
 5.083750e+001  3.749713e-003
 5.145625e+001  4.225770e-004
 5.207500e+001  1.463764e-004
 5.269375e+001  9.655676e-005
 5.331250e+001  7.621285e-005
 5.393125e+001  8.115746e-005
 5.455000e+001  8.530065e-005
 5.516875e+001  8.014415e-005
 5.578750e+001  8.326401e-005
 5.640625e+001  8.635964e-005
 5.702500e+001  8.088360e-005
 5.764375e+001  7.822977e-005
 5.826250e+001  1.330028e-004
 5.888125e+001  2.914985e-004
 5.950000e+001  2.084960e-004
 6.011875e+001  9.635652e-005
 6.073750e+001  8.973393e-005
 6.135625e+001  9.081903e-005
 6.197500e+001  7.864490e-005
 6.259375e+001  7.459890e-005
 6.321250e+001  7.960874e-005
 6.383125e+001  8.076599e-005
 6.445000e+001  7.886369e-005
 6.506875e+001  7.099071e-005
 6.568750e+001  8.024632e-005
 6.630625e+001  8.161024e-005
 6.692500e+001  7.769421e-005
 6.754375e+001  8.143439e-005
 6.816250e+001  8.623093e-005
 6.878125e+001  8.301621e-005
 6.940000e+001  7.868014e-005
 7.001875e+001  8.521809e-005
 7.063750e+001  7.337225e-005
 7.125625e+001  7.265949e-005
 7.187500e+001  6.965471e-005
 7.249375e+001  7.916228e-005
 7.311250e+001  7.962404e-005
 7.373125e+001  7.854921e-005
 7.435000e+001  7.420646e-005
 7.496875e+001  8.010602e-005
 7.558750e+001  7.466259e-005
 7.620625e+001  8.290565e-005
 7.682500e+001  9.528510e-005
 7.744375e+001  1.107608e-004
 7.806250e+001  1.076193e-004
 7.868125e+001  7.912146e-005
 7.930000e+001  8.608970e-005
 7.991875e+001  8.557173e-005
 8.053750e+001  7.527381e-005
 8.115625e+001  8.155142e-005
 8.177500e+001  9.332892e-005
 8.239375e+001  8.642478e-005
 8.301250e+001  7.182179e-005
 8.363125e+001  7.529285e-005
 8.425000e+001  7.661277e-005
 8.486875e+001  6.499830e-005
 8.548750e+001  7.179295e-005
 8.610625e+001  7.464481e-005
 8.672500e+001  8.084591e-005
 8.734375e+001  7.796825e-005
 8.796250e+001  7.071263e-005
 8.858125e+001  8.244711e-005
 8.920000e+001  9.218856e-005
 8.981875e+001  7.578051e-005
 9.043750e+001  7.638951e-005
 9.105625e+001  7.579675e-005
 9.167500e+001  7.861765e-005
 9.229375e+001  7.741712e-005
 9.291250e+001  8.161408e-005
 9.353125e+001  8.488012e-005
 9.415000e+001  7.436163e-005
 9.476875e+001  6.858749e-005
 9.538750e+001  7.452067e-005
 9.600625e+001  6.807957e-005
 9.662500e+001  6.552633e-005
 9.724375e+001  7.458049e-005
 9.786250e+001  8.031950e-005
 9.848125e+001  7.458422e-005
 9.910000e+001  1.232210e-004
 9.971875e+001  3.939280e-004
 1.003375e+002  3.549962e-004
 1.009563e+002  9.160330e-005
 1.015750e+002  7.863155e-005
 1.021938e+002  7.915311e-005
 1.028125e+002  8.314112e-005
 1.034313e+002  8.364021e-005
 1.040500e+002  7.431930e-005
 1.046688e+002  7.812437e-005
 1.052875e+002  6.713542e-005
 1.059063e+002  7.086127e-005
 1.065250e+002  8.502785e-005
 1.071438e+002  7.752904e-005
 1.077625e+002  6.666589e-005
 1.083813e+002  7.029310e-005
 1.090000e+002  6.500443e-005
 1.096188e+002  7.595881e-005
 1.102375e+002  8.145120e-005
 1.108563e+002  8.582400e-005
 1.114750e+002  8.709765e-005
 1.120938e+002  8.579791e-005
 1.127125e+002  7.873723e-005
 1.133313e+002  7.287675e-005
 1.139500e+002  6.935055e-005
 1.145688e+002  7.319420e-005
 1.151875e+002  7.302723e-005
 1.158063e+002  7.251459e-005
 1.164250e+002  7.386511e-005
 1.170438e+002  7.340085e-005
 1.176625e+002  7.328527e-005
 1.182813e+002  7.825180e-005
 1.189000e+002  7.657891e-005
 1.195188e+002  7.251558e-005
 1.201375e+002  8.298093e-005
 1.207563e+002  7.036344e-005
 1.213750e+002  7.005658e-005
 1.219938e+002  7.457564e-005
 1.226125e+002  7.620090e-005
 1.232313e+002  8.274923e-005
 1.238500e+002  7.561183e-005
 1.244688e+002  7.017320e-005
 1.250875e+002  6.654939e-005
 1.257063e+002  7.213257e-005
 1.263250e+002  7.057569e-005
 1.269438e+002  7.314890e-005
 1.275625e+002  6.783039e-005
 1.281813e+002  6.906297e-005
 1.288000e+002  7.058171e-005
 1.294188e+002  7.257811e-005
 1.300375e+002  7.395037e-005
 1.306563e+002  7.163595e-005
 1.312750e+002  7.405471e-005
 1.318938e+002  7.769663e-005
 1.325125e+002  8.014161e-005
 1.331313e+002  8.148923e-005
 1.337500e+002  8.226778e-005
 1.343688e+002  8.177175e-005
 1.349875e+002  8.006524e-005
 1.356063e+002  7.291856e-005
 1.362250e+002  6.498064e-005
 1.368438e+002  6.873890e-005
 1.374625e+002  7.249201e-005
 1.380813e+002  7.803953e-005
 1.387000e+002  7.911454e-005
 1.393188e+002  6.874079e-005
 1.399375e+002  7.107918e-005
 1.405563e+002  1.593012e-004
 1.411750e+002  1.989805e-004
 1.417938e+002  8.232347e-005
 1.424125e+002  6.536309e-005
 1.430313e+002  7.494812e-005
 1.436500e+002  7.955721e-005
 1.442688e+002  7.669778e-005
 1.448875e+002  6.474272e-005
 1.455063e+002  7.129467e-005
 1.461250e+002  7.495227e-005
 1.467438e+002  6.582158e-005
 1.473625e+002  7.676617e-005
 1.479813e+002  9.662380e-005
 1.486000e+002  2.380135e-004
 1.492188e+002  3.415314e-003
 1.498375e+002  9.731148e-003
 1.504563e+002  6.737734e-003
 1.510750e+002  5.803852e-004
 1.516938e+002  1.362756e-004
 1.523125e+002  8.051922e-005
 1.529313e+002  8.269835e-005
 1.535500e+002  8.348721e-005
 1.541688e+002  7.362538e-005
 1.547875e+002  7.105184e-005
 1.554063e+002  6.622614e-005
 1.560250e+002  6.752731e-005
 1.566438e+002  7.149654e-005
 1.572625e+002  7.052031e-005
 1.578813e+002  7.020987e-005
 1.585000e+002  7.070325e-005
 1.591188e+002  7.228885e-005
 1.597375e+002  7.362922e-005
 1.603563e+002  6.876949e-005
 1.609750e+002  7.215338e-005
 1.615938e+002  7.309039e-005
 1.622125e+002  7.170118e-005
 1.628313e+002  7.433143e-005
 1.634500e+002  7.506312e-005
 1.640688e+002  7.424029e-005
 1.646875e+002  6.754320e-005
 1.653063e+002  7.126457e-005
 1.659250e+002  7.741725e-005
 1.665438e+002  6.922275e-005
 1.671625e+002  6.932109e-005
 1.677813e+002  7.821634e-005
 1.684000e+002  7.144739e-005
 1.690188e+002  6.114994e-005
 1.696375e+002  6.690866e-005
 1.702563e+002  7.784173e-005
 1.708750e+002  7.449352e-005
 1.714938e+002  6.531782e-005
 1.721125e+002  6.547110e-005
 1.727313e+002  6.878674e-005
 1.733500e+002  7.389842e-005
 1.739688e+002  7.541899e-005
 1.745875e+002  6.737900e-005
 1.752063e+002  6.830318e-005
 1.758250e+002  6.830015e-005
 1.764438e+002  6.828677e-005
 1.770625e+002  7.496624e-005
 1.776813e+002  7.638447e-005
 1.783000e+002  7.982601e-005
 1.789188e+002  7.239521e-005
 1.795375e+002  6.919859e-005
 1.801563e+002  8.121547e-005
 1.807750e+002  7.983553e-005
 1.813938e+002  7.647682e-005
 1.820125e+002  7.194711e-005
 1.826313e+002  6.986501e-005
 1.832500e+002  6.152042e-005
 1.838688e+002  7.127822e-005
 1.844875e+002  7.358962e-005
 1.851063e+002  6.670228e-005
 1.857250e+002  6.645800e-005
 1.863438e+002  8.240594e-005
 1.869625e+002  8.206807e-005
 1.875813e+002  7.740144e-005
 1.882000e+002  7.282440e-005
 1.888188e+002  6.704408e-005
 1.894375e+002  6.752080e-005
 1.900563e+002  7.189752e-005
 1.906750e+002  7.412004e-005
 1.912938e+002  7.711897e-005
 1.919125e+002  7.195163e-005
 1.925313e+002  7.320426e-005
 1.931500e+002  7.132963e-005
 1.937688e+002  6.842957e-005
 1.943875e+002  6.625258e-005
 1.950063e+002  6.973662e-005
 1.956250e+002  7.396740e-005
 1.962438e+002  6.512832e-005
 1.968625e+002  6.894665e-005
 1.974813e+002  7.228040e-005
 1.981000e+002  7.418783e-005
 1.987188e+002  6.889621e-005
 1.993375e+002  2.611530e-004
 1.999563e+002  5.096317e-004
 2.005750e+002  2.755362e-004
 2.011938e+002  7.625042e-005
 2.018125e+002  6.642613e-005
 2.024313e+002  6.540958e-005
 2.030500e+002  6.594144e-005
 2.036688e+002  7.205432e-005
 2.042875e+002  6.618363e-005
 2.049063e+002  6.770768e-005
 2.055250e+002  6.681525e-005
 2.061438e+002  7.915272e-005
 2.067625e+002  7.371790e-005
 2.073813e+002  6.817987e-005
 2.080000e+002  7.459193e-005
 2.086188e+002  6.845385e-005
 2.092375e+002  7.172379e-005
 2.098563e+002  6.784870e-005
 2.104750e+002  6.805918e-005
 2.110938e+002  5.836816e-005
 2.117125e+002  6.718036e-005
 2.123313e+002  7.202517e-005
 2.129500e+002  6.672236e-005
 2.135688e+002  6.863525e-005
 2.141875e+002  6.726183e-005
 2.148063e+002  6.359741e-005
 2.154250e+002  6.850719e-005
 2.160438e+002  7.648257e-005
 2.166625e+002  6.828168e-005
 2.172813e+002  6.711409e-005
 2.179000e+002  6.900082e-005
 2.185188e+002  7.457824e-005
 2.191375e+002  7.387685e-005
 2.197563e+002  6.996938e-005
 2.203750e+002  7.070428e-005
 2.209938e+002  6.670102e-005
 2.216125e+002  6.997665e-005
 2.222313e+002  7.107902e-005
 2.228500e+002  7.691192e-005
 2.234688e+002  7.304504e-005
 2.240875e+002  6.826677e-005
 2.247063e+002  6.708773e-005
 2.253250e+002  7.679540e-005
 2.259438e+002  7.798931e-005
 2.265625e+002  7.356793e-005
 2.271813e+002  7.316153e-005
 2.278000e+002  6.923459e-005
 2.284188e+002  6.914250e-005
 2.290375e+002  7.872038e-005
 2.296563e+002  6.944012e-005
 2.302750e+002  7.278914e-005
 2.308938e+002  7.003771e-005
 2.315125e+002  6.526049e-005
 2.321313e+002  7.129545e-005
 2.327500e+002  6.758798e-005
 2.333688e+002  6.212639e-005
 2.339875e+002  7.060159e-005
 2.346063e+002  6.793927e-005
 2.352250e+002  6.932803e-005
 2.358438e+002  7.455892e-005
 2.364625e+002  7.254279e-005
 2.370813e+002  6.150458e-005
 2.377000e+002  7.185418e-005
 2.383188e+002  8.147315e-005
 2.389375e+002  7.895312e-005
 2.395563e+002  7.616504e-005
 2.401750e+002  7.624020e-005
 2.407938e+002  7.866121e-005
 2.414125e+002  7.257423e-005
 2.420313e+002  6.207919e-005
 2.426500e+002  6.575732e-005
 2.432688e+002  6.922293e-005
 2.438875e+002  7.401636e-005
 2.445063e+002  7.535148e-005
 2.451250e+002  7.178989e-005
 2.457438e+002  7.708704e-005
 2.463625e+002  7.572209e-005
 2.469813e+002  6.401403e-005
 2.476000e+002  7.067798e-005
 2.482188e+002  7.172368e-005
 2.488375e+002  1.427542e-004
 2.494563e+002  1.486846e-003
 2.500750e+002  2.266332e-003
 2.506938e+002  8.671663e-004
 2.513125e+002  8.246947e-005
 2.519313e+002  7.408195e-005
 2.525500e+002  7.145746e-005
 2.531688e+002  7.021593e-005
 2.537875e+002  6.770823e-005
 2.544063e+002  7.399849e-005
 2.550250e+002  7.980085e-005
 2.556438e+002  7.189134e-005
 2.562625e+002  6.917130e-005
 2.568813e+002  7.602163e-005
 2.575000e+002  7.364982e-005
 2.581188e+002  6.511658e-005
 2.587375e+002  6.772130e-005
 2.593563e+002  6.478789e-005
 2.599750e+002  6.255603e-005
 2.605938e+002  6.768153e-005
 2.612125e+002  7.093776e-005
 2.618313e+002  6.616346e-005
 2.624500e+002  6.703587e-005
 2.630688e+002  7.079778e-005
 2.636875e+002  7.125788e-005
 2.643063e+002  7.391684e-005
 2.649250e+002  7.405415e-005
 2.655438e+002  7.184101e-005
 2.661625e+002  6.948274e-005
 2.667813e+002  6.820825e-005
 2.674000e+002  7.238496e-005
 2.680188e+002  7.359280e-005
 2.686375e+002  6.965589e-005
 2.692563e+002  6.240536e-005
 2.698750e+002  6.978529e-005
 2.704938e+002  7.370615e-005
 2.711125e+002  6.895818e-005
 2.717313e+002  7.207729e-005
 2.723500e+002  7.316400e-005
 2.729688e+002  7.101663e-005
 2.735875e+002  7.019520e-005
 2.742063e+002  6.764600e-005
 2.748250e+002  6.605198e-005
 2.754438e+002  6.379626e-005
 2.760625e+002  6.201211e-005
 2.766813e+002  6.685454e-005
 2.773000e+002  7.305725e-005
 2.779188e+002  6.532942e-005
 2.785375e+002  6.645193e-005
 2.791563e+002  7.096098e-005
 2.797750e+002  7.505075e-005
 2.803938e+002  6.918736e-005
 2.810125e+002  6.454584e-005
 2.816313e+002  6.162168e-005
 2.822500e+002  6.353197e-005
 2.828688e+002  6.655832e-005
 2.834875e+002  7.299826e-005
 2.841063e+002  6.917063e-005
 2.847250e+002  6.625895e-005
 2.853438e+002  6.393570e-005
 2.859625e+002  6.165020e-005
 2.865813e+002  6.203279e-005
 2.872000e+002  6.605383e-005
 2.878188e+002  7.146770e-005
 2.884375e+002  6.323497e-005
 2.890563e+002  6.564331e-005
 2.896750e+002  6.937721e-005
 2.902938e+002  6.661031e-005
 2.909125e+002  6.462112e-005
 2.915313e+002  7.506736e-005
 2.921500e+002  7.122600e-005
 2.927688e+002  6.999803e-005
 2.933875e+002  6.865685e-005
 2.940063e+002  7.059552e-005
 2.946250e+002  7.492202e-005
 2.952438e+002  7.210532e-005
 2.958625e+002  6.980783e-005
 2.964813e+002  7.303582e-005
 2.971000e+002  7.155570e-005
 2.977188e+002  7.548868e-005
 2.983375e+002  7.117613e-005
 2.989563e+002  6.237851e-005
 2.995750e+002  8.401014e-005
 3.001938e+002  9.545838e-005
 3.008125e+002  6.806622e-005
 3.014313e+002  6.542293e-005
 3.020500e+002  6.240707e-005
 3.026688e+002  6.666912e-005
 3.032875e+002  6.762463e-005
 3.039063e+002  6.741759e-005
 3.045250e+002  6.689382e-005
 3.051438e+002  6.447169e-005
 3.057625e+002  7.382010e-005
 3.063813e+002  7.698231e-005
 3.070000e+002  6.947251e-005
 3.076188e+002  6.940063e-005
 3.082375e+002  7.596003e-005
 3.088563e+002  7.334181e-005
 3.094750e+002  7.297161e-005
 3.100938e+002  7.216965e-005
 3.107125e+002  6.459261e-005
 3.113313e+002  6.726518e-005
 3.119500e+002  6.517419e-005
 3.125688e+002  6.829969e-005
 3.131875e+002  7.056915e-005
 3.138063e+002  6.928408e-005
 3.144250e+002  7.025871e-005
 3.150437e+002  7.499141e-005
 3.156625e+002  7.198588e-005
 3.162812e+002  7.091359e-005
 3.169000e+002  7.130305e-005
 3.175187e+002  7.052471e-005
 3.181375e+002  6.955489e-005
 3.187562e+002  7.414996e-005
 3.193750e+002  7.169297e-005
 3.199937e+002  6.894626e-005
 3.206125e+002  6.934331e-005
 3.212312e+002  7.420196e-005
 3.218500e+002  6.861479e-005
 3.224687e+002  6.969006e-005
 3.230875e+002  6.743297e-005
 3.237062e+002  7.145772e-005
 3.243250e+002  7.422510e-005
 3.249437e+002  7.007371e-005
 3.255625e+002  7.114691e-005
 3.261812e+002  6.810315e-005
 3.268000e+002  6.920966e-005
 3.274187e+002  6.642098e-005
 3.280375e+002  6.666458e-005
 3.286562e+002  7.555851e-005
 3.292750e+002  7.572041e-005
 3.298937e+002  6.786434e-005
 3.305125e+002  6.342388e-005
 3.311312e+002  7.098480e-005
 3.317500e+002  7.111396e-005
 3.323687e+002  7.069801e-005
 3.329875e+002  6.545786e-005
 3.336062e+002  6.916791e-005
 3.342250e+002  6.449389e-005
 3.348437e+002  6.797728e-005
 3.354625e+002  6.593174e-005
 3.360812e+002  6.216772e-005
 3.367000e+002  5.941639e-005
 3.373187e+002  6.305173e-005
 3.379375e+002  6.761974e-005
 3.385562e+002  7.443095e-005
 3.391750e+002  6.312639e-005
 3.397937e+002  6.572100e-005
 3.404125e+002  6.936448e-005
 3.410312e+002  6.758451e-005
 3.416500e+002  5.795403e-005
 3.422687e+002  6.227077e-005
 3.428875e+002  6.177877e-005
 3.435062e+002  6.172013e-005
 3.441250e+002  6.688556e-005
 3.447437e+002  7.544657e-005
 3.453625e+002  6.742248e-005
 3.459812e+002  6.721373e-005
 3.466000e+002  6.935844e-005
 3.472187e+002  7.439442e-005
 3.478375e+002  7.551916e-005
 3.484562e+002  6.770936e-005
 3.490750e+002  1.819462e-004
 3.496937e+002  5.896118e-004
 3.503125e+002  5.168645e-004
 3.509312e+002  1.151253e-004
 3.515500e+002  7.520546e-005
 3.521687e+002  7.277587e-005
 3.527875e+002  6.815495e-005
 3.534062e+002  7.115940e-005
 3.540250e+002  7.016237e-005
 3.546437e+002  7.148063e-005
 3.552625e+002  6.652201e-005
 3.558812e+002  6.914767e-005
 3.565000e+002  6.540592e-005
 3.571187e+002  6.695511e-005
 3.577375e+002  6.219981e-005
 3.583562e+002  6.809170e-005
 3.589750e+002  6.164645e-005
 3.595937e+002  6.082856e-005
 3.602125e+002  6.817193e-005
 3.608312e+002  6.527319e-005
 3.614500e+002  5.972091e-005
 3.620687e+002  6.085301e-005
 3.626875e+002  6.476108e-005
 3.633062e+002  6.808117e-005
 3.639250e+002  6.884750e-005
 3.645437e+002  6.960524e-005
 3.651625e+002  6.964838e-005
 3.657812e+002  7.024812e-005
 3.664000e+002  6.894984e-005
 3.670187e+002  6.789605e-005
 3.676375e+002  7.247038e-005
 3.682562e+002  7.262545e-005
 3.688750e+002  6.785799e-005
 3.694937e+002  6.294903e-005
 3.701125e+002  6.464032e-005
 3.707312e+002  6.493307e-005
 3.713500e+002  6.087298e-005
 3.719687e+002  6.743378e-005
 3.725875e+002  7.171765e-005
 3.732062e+002  7.031479e-005
 3.738250e+002  6.882416e-005
 3.744437e+002  6.210591e-005
 3.750625e+002  6.705970e-005
 3.756812e+002  6.503003e-005
 3.763000e+002  6.310995e-005
 3.769187e+002  6.511796e-005
 3.775375e+002  6.205586e-005
 3.781562e+002  6.556119e-005
 3.787750e+002  6.961171e-005
 3.793937e+002  6.975536e-005
 3.800125e+002  6.937933e-005
 3.806312e+002  6.701405e-005
 3.812500e+002  6.917739e-005
 3.818687e+002  7.088410e-005
 3.824875e+002  7.272811e-005
 3.831062e+002  6.879880e-005
 3.837250e+002  7.190748e-005
 3.843437e+002  7.249422e-005
 3.849625e+002  7.255716e-005
 3.855812e+002  7.115205e-005
 3.862000e+002  6.208095e-005
 3.868187e+002  6.342754e-005
 3.874375e+002  6.656609e-005
 3.880562e+002  6.349595e-005
 3.886750e+002  6.610848e-005
 3.892937e+002  6.728025e-005
 3.899125e+002  6.558404e-005
 3.905312e+002  7.074245e-005
 3.911500e+002  7.309845e-005
 3.917687e+002  6.406884e-005
 3.923875e+002  6.501527e-005
 3.930062e+002  6.964570e-005
 3.936250e+002  6.323419e-005
 3.942437e+002  6.508467e-005
 3.948625e+002  6.841253e-005
 3.954812e+002  7.588415e-005
 3.961000e+002  7.415661e-005
 3.967187e+002  7.408785e-005
 3.973375e+002  7.006433e-005
 3.979562e+002  6.662340e-005
 3.985750e+002  6.538910e-005
 3.991937e+002  6.708163e-005
 3.998125e+002  1.037172e-004
 4.004312e+002  8.427572e-005
 4.010500e+002  6.442261e-005
 4.016687e+002  6.784734e-005
 4.022875e+002  7.012435e-005
 4.029062e+002  6.928886e-005
 4.035250e+002  7.289240e-005
 4.041437e+002  7.337480e-005
 4.047625e+002  7.132946e-005
 4.053812e+002  7.075437e-005
 4.060000e+002  7.087338e-005
 4.066187e+002  6.345136e-005
 4.072375e+002  6.274946e-005
 4.078562e+002  7.145173e-005
 4.084750e+002  7.110754e-005
 4.090937e+002  5.904303e-005
 4.097125e+002  6.594867e-005
 4.103312e+002  6.811950e-005
 4.109500e+002  6.723017e-005
 4.115687e+002  6.034158e-005
 4.121875e+002  6.865065e-005
 4.128062e+002  7.244847e-005
 4.134250e+002  6.841800e-005
 4.140437e+002  7.154015e-005
 4.146625e+002  7.224777e-005
 4.152812e+002  6.552094e-005
 4.159000e+002  6.488506e-005
 4.165187e+002  6.141311e-005
 4.171375e+002  7.006346e-005
 4.177562e+002  7.159292e-005
 4.183750e+002  6.663583e-005
 4.189937e+002  6.406153e-005
 4.196125e+002  6.976403e-005
 4.202312e+002  6.843104e-005
 4.208500e+002  6.345441e-005
 4.214687e+002  6.677959e-005
 4.220875e+002  6.532614e-005
 4.227062e+002  7.086681e-005
 4.233250e+002  7.077007e-005
 4.239437e+002  6.960474e-005
 4.245625e+002  6.828200e-005
 4.251812e+002  6.216567e-005
 4.258000e+002  5.930890e-005
 4.264187e+002  6.457357e-005
 4.270375e+002  6.790355e-005
 4.276562e+002  6.267903e-005
 4.282750e+002  5.788378e-005
 4.288937e+002  6.271179e-005
 4.295125e+002  6.788451e-005
 4.301312e+002  6.532575e-005
 4.307500e+002  7.402561e-005
 4.313687e+002  7.528575e-005
 4.319875e+002  6.905871e-005
 4.326062e+002  6.641618e-005
 4.332250e+002  6.452361e-005
 4.338437e+002  6.852569e-005
 4.344625e+002  7.446384e-005
 4.350812e+002  6.473224e-005
 4.357000e+002  7.057396e-005
 4.363187e+002  7.042822e-005
 4.369375e+002  7.823112e-005
 4.375562e+002  7.152929e-005
 4.381750e+002  6.846775e-005
 4.387937e+002  6.768905e-005
 4.394125e+002  6.758824e-005
 4.400312e+002  7.159773e-005
 4.406500e+002  6.678305e-005
 4.412687e+002  6.820491e-005
 4.418875e+002  6.945826e-005
 4.425062e+002  6.261448e-005
 4.431250e+002  6.637254e-005
 4.437437e+002  6.571627e-005
 4.443625e+002  6.545883e-005
 4.449812e+002  6.396630e-005
 4.456000e+002  6.495495e-005
 4.462187e+002  6.573880e-005
 4.468375e+002  6.235214e-005
 4.474562e+002  6.990709e-005
 4.480750e+002  6.083668e-005
 4.486937e+002  6.492193e-005
 4.493125e+002  2.416935e-004
 4.499312e+002  4.621380e-004
 4.505500e+002  2.455823e-004
 4.511687e+002  6.389130e-005
 4.517875e+002  6.366035e-005
 4.524062e+002  7.147462e-005
 4.530250e+002  6.626351e-005
 4.536437e+002  6.313382e-005
 4.542625e+002  6.407733e-005
 4.548812e+002  6.328299e-005
 4.555000e+002  6.517594e-005
 4.561187e+002  7.127326e-005
 4.567375e+002  6.361939e-005
 4.573562e+002  6.202971e-005
 4.579750e+002  7.147581e-005
 4.585937e+002  6.992973e-005
 4.592125e+002  6.791269e-005
 4.598312e+002  6.367759e-005
 4.604500e+002  6.600855e-005
 4.610687e+002  6.973651e-005
 4.616875e+002  6.666255e-005
 4.623062e+002  7.186176e-005
 4.629250e+002  7.218984e-005
 4.635437e+002  7.444623e-005
 4.641625e+002  7.095028e-005
 4.647812e+002  7.142397e-005
 4.654000e+002  7.093142e-005
 4.660187e+002  6.912529e-005
 4.666375e+002  7.197386e-005
 4.672562e+002  7.599479e-005
 4.678750e+002  7.421500e-005
 4.684937e+002  7.288916e-005
 4.691125e+002  7.579391e-005
 4.697312e+002  7.847031e-005
 4.703500e+002  6.945164e-005
 4.709687e+002  6.850543e-005
 4.715875e+002  6.878273e-005
 4.722062e+002  6.891165e-005
 4.728250e+002  6.715629e-005
 4.734437e+002  6.820166e-005
 4.740625e+002  7.081604e-005
 4.746812e+002  6.821878e-005
 4.753000e+002  6.251535e-005
 4.759187e+002  6.086400e-005
 4.765375e+002  5.814648e-005
 4.771562e+002  6.562114e-005
 4.777750e+002  6.769120e-005
 4.783937e+002  6.639898e-005
 4.790125e+002  6.897633e-005
 4.796312e+002  6.984890e-005
 4.802500e+002  7.132805e-005
 4.808687e+002  6.738076e-005
 4.814875e+002  6.705472e-005
 4.821062e+002  6.548040e-005
 4.827250e+002  7.079762e-005
 4.833437e+002  7.039876e-005
 4.839625e+002  6.843856e-005
 4.845812e+002  6.901454e-005
 4.852000e+002  7.219242e-005
 4.858187e+002  6.920555e-005
 4.864375e+002  6.770129e-005
 4.870562e+002  6.554308e-005
 4.876750e+002  6.832881e-005
 4.882937e+002  6.596772e-005
 4.889125e+002  6.850535e-005
 4.895312e+002  7.668091e-005
 4.901500e+002  7.577158e-005
 4.907687e+002  6.648592e-005
 4.913875e+002  6.452905e-005
 4.920062e+002  6.727275e-005
 4.926250e+002  6.562854e-005
 4.932437e+002  6.450647e-005
 4.938625e+002  7.271753e-005
 4.944812e+002  7.453508e-005
 4.951000e+002  7.462049e-005
 4.957187e+002  6.939043e-005
 4.963375e+002  6.506229e-005
 4.969562e+002  6.848281e-005
 4.975750e+002  6.746925e-005
 4.981937e+002  6.227236e-005
 4.988125e+002  6.009954e-005
 4.994312e+002  5.465466e-005
 5.000500e+002  6.629518e-005
 5.006687e+002  6.604980e-005
 5.012875e+002  6.625625e-005
 5.019062e+002  6.640750e-005
 5.025250e+002  7.187654e-005
 5.031437e+002  6.758480e-005
 5.037625e+002  7.176697e-005
 5.043812e+002  7.252736e-005
 5.050000e+002  6.854117e-005
 5.056187e+002  6.121020e-005
 5.062375e+002  6.873439e-005
 5.068562e+002  7.509060e-005
 5.074750e+002  7.038163e-005
 5.080937e+002  6.394717e-005
 5.087125e+002  6.062044e-005
 5.093312e+002  6.619421e-005
 5.099500e+002  7.396346e-005
 5.105687e+002  6.517754e-005
 5.111875e+002  6.647941e-005
 5.118062e+002  6.791885e-005
 5.124250e+002  6.405861e-005
 5.130437e+002  6.573830e-005
 5.136625e+002  6.164360e-005
 5.142812e+002  7.209327e-005
 5.149000e+002  7.207067e-005
 5.155187e+002  6.411079e-005
 5.161375e+002  6.422717e-005
 5.167562e+002  6.218122e-005
 5.173750e+002  7.076485e-005
 5.179937e+002  6.551456e-005
 5.186125e+002  7.587694e-005
 5.192312e+002  7.379029e-005
 5.198500e+002  6.830860e-005
 5.204687e+002  7.157153e-005
 5.210875e+002  7.039146e-005
 5.217062e+002  6.999965e-005
 5.223250e+002  7.187589e-005
 5.229437e+002  6.579648e-005
 5.235625e+002  6.485334e-005
 5.241812e+002  6.559179e-005
 5.248000e+002  7.305774e-005
 5.254187e+002  7.422146e-005
 5.260375e+002  6.300416e-005
 5.266562e+002  6.941287e-005
 5.272750e+002  6.917365e-005
 5.278937e+002  5.830036e-005
 5.285125e+002  6.039320e-005
 5.291312e+002  6.614891e-005
 5.297500e+002  7.631270e-005
 5.303687e+002  7.277922e-005
 5.309875e+002  7.586667e-005
 5.316062e+002  6.949048e-005
 5.322250e+002  6.972608e-005
 5.328437e+002  7.027692e-005
 5.334625e+002  6.537318e-005
 5.340812e+002  6.563365e-005
 5.347000e+002  6.441823e-005
 5.353187e+002  6.700619e-005
 5.359375e+002  6.608082e-005
 5.365562e+002  6.405468e-005
 5.371750e+002  7.476217e-005
 5.377937e+002  7.097507e-005
 5.384125e+002  6.368497e-005
 5.390312e+002  6.433909e-005
 5.396500e+002  6.950586e-005
 5.402687e+002  6.726717e-005
 5.408875e+002  6.749004e-005
 5.415062e+002  6.241881e-005
 5.421250e+002  6.052305e-005
 5.427437e+002  6.067976e-005
 5.433625e+002  6.469432e-005
 5.439812e+002  6.882897e-005
 5.446000e+002  6.715879e-005
 5.452187e+002  6.967114e-005
 5.458375e+002  7.212935e-005
 5.464562e+002  7.143044e-005
 5.470750e+002  7.206064e-005
 5.476937e+002  6.578461e-005
 5.483125e+002  6.420602e-005
 5.489312e+002  1.273439e-004
 5.495500e+002  4.794952e-004
 5.501687e+002  5.291785e-004
 5.507875e+002  1.606813e-004
 5.514062e+002  6.708385e-005
 5.520250e+002  6.920746e-005
 5.526437e+002  6.741252e-005
 5.532625e+002  6.562023e-005
 5.538812e+002  6.444457e-005
 5.545000e+002  6.446786e-005
 5.551187e+002  7.242895e-005
 5.557375e+002  7.341232e-005
 5.563562e+002  6.873971e-005
 5.569750e+002  6.394917e-005
 5.575937e+002  6.369891e-005
 5.582125e+002  7.072045e-005
 5.588312e+002  6.694641e-005
 5.594500e+002  6.845307e-005
 5.600687e+002  6.560692e-005
 5.606875e+002  6.534744e-005
 5.613062e+002  6.485555e-005
 5.619250e+002  6.648794e-005
 5.625437e+002  7.420171e-005
 5.631625e+002  7.214004e-005
 5.637812e+002  7.296364e-005
 5.644000e+002  6.980904e-005
 5.650187e+002  7.559332e-005
 5.656375e+002  6.643804e-005
 5.662562e+002  6.317358e-005
 5.668750e+002  6.782298e-005
 5.674937e+002  6.109227e-005
 5.681125e+002  5.987531e-005
 5.687312e+002  6.870755e-005
 5.693500e+002  6.961751e-005
 5.699687e+002  7.241753e-005
 5.705875e+002  7.247471e-005
 5.712062e+002  6.879370e-005
 5.718250e+002  6.235238e-005
 5.724437e+002  6.569343e-005
 5.730625e+002  6.789219e-005
 5.736812e+002  6.532377e-005
 5.743000e+002  6.344615e-005
 5.749187e+002  6.892022e-005
 5.755375e+002  6.786899e-005
 5.761562e+002  6.856935e-005
 5.767750e+002  7.178801e-005
 5.773937e+002  6.582311e-005
 5.780125e+002  6.557112e-005
 5.786312e+002  6.164293e-005
 5.792500e+002  5.792507e-005
 5.798687e+002  6.001955e-005
 5.804875e+002  6.039973e-005
 5.811062e+002  6.012899e-005
 5.817250e+002  7.011802e-005
 5.823437e+002  7.576284e-005
 5.829625e+002  7.334637e-005
 5.835812e+002  7.367736e-005
 5.842000e+002  6.950505e-005
 5.848187e+002  7.006534e-005
 5.854375e+002  7.066348e-005
 5.860562e+002  6.610906e-005
 5.866750e+002  6.655767e-005
 5.872937e+002  6.759461e-005
 5.879125e+002  6.381491e-005
 5.885312e+002  6.841285e-005
 5.891500e+002  6.997911e-005
 5.897687e+002  7.039829e-005
 5.903875e+002  7.258669e-005
 5.910062e+002  6.496848e-005
 5.916250e+002  6.483031e-005
 5.922437e+002  6.275747e-005
 5.928625e+002  7.032356e-005
 5.934812e+002  7.596894e-005
 5.941000e+002  7.196502e-005
 5.947187e+002  6.691816e-005
 5.953375e+002  6.398395e-005
 5.959562e+002  6.377551e-005
 5.965750e+002  6.816677e-005
 5.971937e+002  7.088683e-005
 5.978125e+002  7.321237e-005
 5.984312e+002  7.395983e-005
 5.990500e+002  7.396820e-005
 5.996687e+002  7.302431e-005
 6.002875e+002  7.392387e-005
 6.009062e+002  7.011333e-005
 6.015250e+002  7.044215e-005
 6.021437e+002  7.146334e-005
 6.027625e+002  6.703497e-005
 6.033812e+002  7.061744e-005
 6.040000e+002  6.988239e-005
 6.046187e+002  6.870881e-005
 6.052375e+002  7.424999e-005
 6.058562e+002  7.036136e-005
 6.064750e+002  7.731720e-005
 6.070937e+002  7.765118e-005
 6.077125e+002  6.900524e-005
 6.083312e+002  6.563415e-005
 6.089500e+002  6.994473e-005
 6.095687e+002  6.357361e-005
 6.101875e+002  6.852821e-005
 6.108062e+002  7.212769e-005
 6.114250e+002  6.959539e-005
 6.120437e+002  5.942923e-005
 6.126625e+002  6.382524e-005
 6.132812e+002  6.625945e-005
 6.139000e+002  6.466207e-005
 6.145187e+002  6.753366e-005
 6.151375e+002  6.693781e-005
 6.157562e+002  6.311037e-005
 6.163750e+002  6.514714e-005
 6.169937e+002  6.368812e-005
 6.176125e+002  6.391306e-005
 6.182312e+002  6.685514e-005
 6.188500e+002  6.381902e-005
 6.194687e+002  6.075070e-005
 6.200875e+002  6.857672e-005
 6.207062e+002  6.940789e-005
 6.213250e+002  6.206617e-005
 6.219437e+002  7.206525e-005
 6.225625e+002  7.468588e-005
 6.231812e+002  6.783261e-005
 6.238000e+002  6.717765e-005
 6.244187e+002  6.636383e-005
 6.250375e+002  6.244779e-005
 6.256562e+002  6.280468e-005
 6.262750e+002  6.169665e-005
 6.268937e+002  6.360684e-005
 6.275125e+002  5.853706e-005
 6.281312e+002  5.972358e-005
 6.287500e+002  7.056580e-005
 6.293687e+002  6.939777e-005
 6.299875e+002  6.673144e-005
 6.306062e+002  6.993857e-005
 6.312250e+002  7.072458e-005
 6.318437e+002  6.676996e-005
 6.324625e+002  6.573447e-005
 6.330812e+002  6.565765e-005
 6.337000e+002  6.522700e-005
 6.343187e+002  6.833727e-005
 6.349375e+002  7.039397e-005
 6.355562e+002  6.524330e-005
 6.361750e+002  7.060867e-005
 6.367937e+002  7.565435e-005
 6.374125e+002  6.989901e-005
 6.380312e+002  5.734439e-005
 6.386500e+002  6.054714e-005
 6.392687e+002  6.440007e-005
 6.398875e+002  6.592473e-005
 6.405062e+002  6.268467e-005
 6.411250e+002  6.749288e-005
 6.417437e+002  7.416194e-005
 6.423625e+002  7.020917e-005
 6.429812e+002  6.390113e-005
 6.436000e+002  6.775808e-005
 6.442187e+002  6.830162e-005
 6.448375e+002  7.431666e-005
 6.454562e+002  6.706891e-005
 6.460750e+002  6.655176e-005
 6.466937e+002  6.654510e-005
 6.473125e+002  6.649377e-005
 6.479312e+002  6.358280e-005
 6.485500e+002  6.601938e-005
 6.491687e+002  1.099094e-004
 6.497875e+002  2.162138e-004
 6.504062e+002  1.601298e-004
 6.510250e+002  7.062966e-005
 6.516437e+002  6.821317e-005
 6.522625e+002  6.849329e-005
 6.528812e+002  6.654968e-005
 6.535000e+002  6.635937e-005
 6.541187e+002  7.666905e-005
 6.547375e+002  7.517199e-005
 6.553562e+002  7.647495e-005
 6.559750e+002  7.129032e-005
 6.565937e+002  6.668939e-005
 6.572125e+002  6.863386e-005
 6.578312e+002  7.205693e-005
 6.584500e+002  6.350266e-005
 6.590687e+002  6.438000e-005
 6.596875e+002  7.195177e-005
 6.603062e+002  6.994556e-005
 6.609250e+002  6.617232e-005
 6.615437e+002  6.698708e-005
 6.621625e+002  6.410326e-005
 6.627812e+002  6.890825e-005
 6.634000e+002  6.674642e-005
 6.640187e+002  6.702988e-005
 6.646375e+002  7.031912e-005
 6.652562e+002  7.074237e-005
 6.658750e+002  7.015571e-005
 6.664937e+002  7.418817e-005
 6.671125e+002  7.295858e-005
 6.677312e+002  7.397338e-005
 6.683500e+002  7.722022e-005
 6.689687e+002  7.220276e-005
 6.695875e+002  6.725801e-005
 6.702062e+002  6.164626e-005
 6.708250e+002  6.428576e-005
 6.714437e+002  6.652166e-005
 6.720625e+002  6.315112e-005
 6.726812e+002  6.693516e-005
 6.733000e+002  6.311211e-005
 6.739187e+002  6.674690e-005
 6.745375e+002  6.331257e-005
 6.751562e+002  6.231965e-005
 6.757750e+002  6.769390e-005
 6.763937e+002  7.400718e-005
 6.770125e+002  6.809293e-005
 6.776312e+002  6.598254e-005
 6.782500e+002  6.761896e-005
 6.788687e+002  6.354216e-005
 6.794875e+002  5.900238e-005
 6.801062e+002  6.502463e-005
 6.807250e+002  7.270371e-005
 6.813437e+002  7.504459e-005
 6.819625e+002  7.303344e-005
 6.825812e+002  6.799826e-005
 6.832000e+002  6.306590e-005
 6.838187e+002  7.212934e-005
 6.844375e+002  6.151622e-005
 6.850562e+002  6.066885e-005
 6.856750e+002  6.621953e-005
 6.862937e+002  6.364905e-005
 6.869125e+002  6.609613e-005
 6.875312e+002  7.014931e-005
 6.881500e+002  7.448786e-005
 6.887687e+002  6.664636e-005
 6.893875e+002  7.144472e-005
 6.900062e+002  7.263994e-005
 6.906250e+002  6.976685e-005
 6.912437e+002  6.326228e-005
 6.918625e+002  6.790355e-005
 6.924812e+002  6.229753e-005
 6.931000e+002  6.921598e-005
 6.937187e+002  6.605339e-005
 6.943375e+002  6.023092e-005
 6.949562e+002  6.247901e-005
 6.955750e+002  6.501089e-005
 6.961937e+002  6.585727e-005
 6.968125e+002  6.786098e-005
 6.974312e+002  7.220783e-005
 6.980500e+002  6.675698e-005
 6.986687e+002  6.581038e-005
 6.992875e+002  7.144904e-005
 6.999062e+002  7.895343e-005
 7.005250e+002  7.325320e-005
 7.011437e+002  6.867164e-005
 7.017625e+002  6.284765e-005
 7.023812e+002  6.199582e-005
 7.030000e+002  7.042108e-005
 7.036187e+002  6.971474e-005
 7.042375e+002  7.034121e-005
 7.048562e+002  6.682645e-005
 7.054750e+002  6.020529e-005
 7.060937e+002  5.969681e-005
 7.067125e+002  6.407723e-005
 7.073312e+002  6.551268e-005
 7.079500e+002  6.349128e-005
 7.085687e+002  6.771571e-005
 7.091875e+002  6.732044e-005
 7.098062e+002  6.684056e-005
 7.104250e+002  7.159922e-005
 7.110437e+002  7.306121e-005
 7.116625e+002  6.987127e-005
 7.122812e+002  7.073825e-005
 7.129000e+002  6.806195e-005
 7.135187e+002  5.930106e-005
 7.141375e+002  6.124381e-005
 7.147562e+002  6.952516e-005
 7.153750e+002  6.671665e-005
 7.159937e+002  6.605531e-005
 7.166125e+002  6.554654e-005
 7.172312e+002  6.043830e-005
 7.178500e+002  5.950942e-005
 7.184687e+002  6.481145e-005
 7.190875e+002  6.928061e-005
 7.197062e+002  6.851547e-005
 7.203250e+002  6.487006e-005
 7.209437e+002  6.519315e-005
 7.215625e+002  7.174454e-005
 7.221812e+002  6.702887e-005
 7.228000e+002  7.119136e-005
 7.234187e+002  6.944271e-005
 7.240375e+002  6.769520e-005
 7.246562e+002  6.833560e-005
 7.252750e+002  6.845695e-005
 7.258937e+002  6.737360e-005
 7.265125e+002  6.871728e-005
 7.271312e+002  6.817067e-005
 7.277500e+002  6.592997e-005
 7.283687e+002  6.343896e-005
 7.289875e+002  6.513073e-005
 7.296062e+002  7.356174e-005
 7.302250e+002  7.448007e-005
 7.308437e+002  7.071361e-005
 7.314625e+002  6.904910e-005
 7.320812e+002  7.250888e-005
 7.327000e+002  6.833952e-005
 7.333187e+002  7.185365e-005
 7.339375e+002  7.375828e-005
 7.345562e+002  6.943373e-005
 7.351750e+002  6.251654e-005
 7.357937e+002  5.990126e-005
 7.364125e+002  6.128012e-005
 7.370312e+002  6.233583e-005
 7.376500e+002  6.185181e-005
 7.382687e+002  6.633230e-005
 7.388875e+002  6.907283e-005
 7.395062e+002  7.173694e-005
 7.401250e+002  6.353923e-005
 7.407437e+002  6.725008e-005
 7.413625e+002  6.903662e-005
 7.419812e+002  6.774193e-005
 7.426000e+002  6.560364e-005
 7.432187e+002  6.305316e-005
 7.438375e+002  6.594173e-005
 7.444562e+002  7.277905e-005
 7.450750e+002  6.746592e-005
 7.456937e+002  6.068156e-005
 7.463125e+002  6.402920e-005
 7.469312e+002  6.241345e-005
 7.475500e+002  6.607008e-005
 7.481687e+002  6.652372e-005
 7.487875e+002  7.843714e-005
 7.494062e+002  2.213944e-004
 7.500250e+002  3.002280e-004
 7.506437e+002  1.492434e-004
 7.512625e+002  6.959244e-005
 7.518812e+002  6.330434e-005
 7.525000e+002  6.727769e-005
 7.531187e+002  7.084741e-005
 7.537375e+002  6.572703e-005
 7.543562e+002  7.200444e-005
 7.549750e+002  6.474021e-005
 7.555937e+002  6.796294e-005
 7.562125e+002  7.352316e-005
 7.568312e+002  7.722092e-005
 7.574500e+002  6.863653e-005
 7.580687e+002  7.147100e-005
 7.586875e+002  7.840318e-005
 7.593062e+002  7.323494e-005
 7.599250e+002  7.109092e-005
 7.605437e+002  6.746301e-005
 7.611625e+002  6.159312e-005
 7.617812e+002  6.712764e-005
 7.624000e+002  6.635149e-005
 7.630187e+002  6.600352e-005
 7.636375e+002  6.924959e-005
 7.642562e+002  6.622831e-005
 7.648750e+002  6.587951e-005
 7.654937e+002  6.846281e-005
 7.661125e+002  6.379244e-005
 7.667312e+002  6.962138e-005
 7.673500e+002  6.751966e-005
 7.679687e+002  6.962571e-005
 7.685875e+002  6.866928e-005
 7.692062e+002  6.985860e-005
 7.698250e+002  6.687243e-005
 7.704437e+002  6.644748e-005
 7.710625e+002  6.618589e-005
 7.716812e+002  6.871246e-005
 7.723000e+002  6.447131e-005
 7.729187e+002  6.775390e-005
 7.735375e+002  7.260084e-005
 7.741562e+002  7.388431e-005
 7.747750e+002  8.287659e-005
 7.753937e+002  7.701943e-005
 7.760125e+002  6.582375e-005
 7.766312e+002  6.849391e-005
 7.772500e+002  6.760502e-005
 7.778687e+002  6.760434e-005
 7.784875e+002  6.139646e-005
 7.791062e+002  7.151871e-005
 7.797250e+002  7.017675e-005
 7.803437e+002  7.289237e-005
 7.809625e+002  6.966861e-005
 7.815812e+002  6.559021e-005
 7.822000e+002  6.830549e-005
 7.828187e+002  7.058424e-005
 7.834375e+002  6.750985e-005
 7.840562e+002  6.393824e-005
 7.846750e+002  6.468706e-005
 7.852937e+002  5.629531e-005
 7.859125e+002  5.812372e-005
 7.865312e+002  6.442414e-005
 7.871500e+002  6.809145e-005
 7.877687e+002  7.306408e-005
 7.883875e+002  6.830620e-005
 7.890062e+002  6.621246e-005
 7.896250e+002  6.525074e-005
 7.902437e+002  7.230390e-005
 7.908625e+002  7.277876e-005
 7.914812e+002  6.387561e-005
 7.921000e+002  6.428691e-005
 7.927187e+002  6.463075e-005
 7.933375e+002  6.901048e-005
 7.939562e+002  6.188792e-005
 7.945750e+002  5.781993e-005
 7.951937e+002  6.706262e-005
 7.958125e+002  7.703321e-005
 7.964312e+002  6.909202e-005
 7.970500e+002  6.775479e-005
 7.976687e+002  6.292894e-005
 7.982875e+002  6.150246e-005
 7.989062e+002  7.011936e-005
 7.995250e+002  8.208861e-005
 8.001437e+002  7.869795e-005
 8.007625e+002  7.169475e-005
 8.013812e+002  6.830233e-005
 8.020000e+002  6.593743e-005
 8.026187e+002  6.893579e-005
 8.032375e+002  7.179804e-005
 8.038562e+002  6.629131e-005
 8.044750e+002  7.057477e-005
 8.050937e+002  6.759564e-005
 8.057125e+002  6.587546e-005
 8.063312e+002  6.856107e-005
 8.069500e+002  6.498420e-005
 8.075687e+002  6.186862e-005
 8.081875e+002  6.399126e-005
 8.088062e+002  6.499266e-005
 8.094250e+002  6.758761e-005
 8.100437e+002  6.991512e-005
 8.106625e+002  6.433727e-005
 8.112812e+002  5.885168e-005
 8.119000e+002  5.599710e-005
 8.125187e+002  6.491681e-005
 8.131375e+002  7.749675e-005
 8.137562e+002  7.365169e-005
 8.143750e+002  7.377178e-005
 8.149937e+002  6.505746e-005
 8.156125e+002  6.670384e-005
 8.162312e+002  6.821476e-005
 8.168500e+002  6.708038e-005
 8.174687e+002  6.547376e-005
 8.180875e+002  6.592398e-005
 8.187062e+002  6.247363e-005
 8.193250e+002  6.684950e-005
 8.199437e+002  6.318398e-005
 8.205625e+002  6.362481e-005
 8.211812e+002  6.345835e-005
 8.218000e+002  6.423850e-005
 8.224187e+002  6.752950e-005
 8.230375e+002  6.826140e-005
 8.236562e+002  6.944079e-005
 8.242750e+002  7.327223e-005
 8.248937e+002  6.800948e-005
 8.255125e+002  6.692702e-005
 8.261312e+002  5.828637e-005
 8.267500e+002  6.302664e-005
 8.273687e+002  6.599444e-005
 8.279875e+002  6.795528e-005
 8.286062e+002  7.493364e-005
 8.292250e+002  6.773277e-005
 8.298437e+002  6.927137e-005
 8.304625e+002  6.643304e-005
 8.310812e+002  6.225311e-005
 8.317000e+002  6.513865e-005
 8.323187e+002  6.551527e-005
 8.329375e+002  7.218979e-005
 8.335562e+002  6.725050e-005
 8.341750e+002  7.332460e-005
 8.347937e+002  7.103744e-005
 8.354125e+002  6.111486e-005
 8.360312e+002  6.410967e-005
 8.366500e+002  7.223691e-005
 8.372687e+002  7.155929e-005
 8.378875e+002  6.968728e-005
 8.385062e+002  7.502816e-005
 8.391250e+002  6.743807e-005
 8.397437e+002  6.763452e-005
 8.403625e+002  6.725649e-005
 8.409812e+002  6.499883e-005
 8.416000e+002  6.362314e-005
 8.422187e+002  6.444288e-005
 8.428375e+002  6.498380e-005
 8.434562e+002  6.678697e-005
 8.440750e+002  7.104181e-005
 8.446937e+002  7.042222e-005
 8.453125e+002  6.385144e-005
 8.459312e+002  6.787382e-005
 8.465500e+002  7.152794e-005
 8.471687e+002  6.730397e-005
 8.477875e+002  6.176842e-005
 8.484062e+002  6.554524e-005
 8.490250e+002  8.020216e-005
 8.496437e+002  1.072194e-004
 8.502625e+002  9.145227e-005
 8.508812e+002  6.317164e-005
 8.515000e+002  6.756784e-005
 8.521187e+002  7.270981e-005
 8.527375e+002  7.583114e-005
 8.533562e+002  6.276178e-005
 8.539750e+002  6.085313e-005
 8.545937e+002  6.358092e-005
 8.552125e+002  6.899140e-005
 8.558312e+002  6.631990e-005
 8.564500e+002  6.173902e-005
 8.570687e+002  5.759897e-005
 8.576875e+002  6.200558e-005
 8.583062e+002  6.979650e-005
 8.589250e+002  6.829869e-005
 8.595437e+002  6.642131e-005
 8.601625e+002  7.188268e-005
 8.607812e+002  6.690495e-005
 8.614000e+002  6.627523e-005
 8.620187e+002  6.794348e-005
 8.626375e+002  6.717798e-005
 8.632562e+002  7.264440e-005
 8.638750e+002  7.292718e-005
 8.644937e+002  6.697582e-005
 8.651125e+002  7.134676e-005
 8.657312e+002  7.339753e-005
 8.663500e+002  7.330791e-005
 8.669687e+002  7.500104e-005
 8.675875e+002  6.073195e-005
 8.682062e+002  6.497720e-005
 8.688250e+002  7.349934e-005
 8.694437e+002  6.566744e-005
 8.700625e+002  5.892978e-005
 8.706812e+002  6.558914e-005
 8.713000e+002  6.178510e-005
 8.719187e+002  6.863337e-005
 8.725375e+002  7.512827e-005
 8.731562e+002  7.272736e-005
 8.737750e+002  7.251118e-005
 8.743937e+002  7.013488e-005
 8.750125e+002  6.851412e-005
 8.756312e+002  6.775902e-005
 8.762500e+002  6.523372e-005
 8.768687e+002  6.932211e-005
 8.774875e+002  6.328895e-005
 8.781062e+002  6.685035e-005
 8.787250e+002  6.824395e-005
 8.793437e+002  6.635716e-005
 8.799625e+002  6.556955e-005
 8.805812e+002  6.551859e-005
 8.812000e+002  6.975886e-005
 8.818187e+002  7.059083e-005
 8.824375e+002  6.568720e-005
 8.830562e+002  7.392273e-005
 8.836750e+002  7.247207e-005
 8.842937e+002  6.600605e-005
 8.849125e+002  6.544674e-005
 8.855312e+002  7.154990e-005
 8.861500e+002  6.634507e-005
 8.867687e+002  6.055186e-005
 8.873875e+002  6.269581e-005
 8.880062e+002  7.127661e-005
 8.886250e+002  7.032448e-005
 8.892437e+002  6.489726e-005
 8.898625e+002  6.019740e-005
 8.904812e+002  6.082406e-005
 8.911000e+002  6.612737e-005
 8.917187e+002  6.751960e-005
 8.923375e+002  6.459491e-005
 8.929562e+002  7.036761e-005
 8.935750e+002  6.687349e-005
 8.941937e+002  6.565512e-005
 8.948125e+002  6.706610e-005
 8.954312e+002  7.053285e-005
 8.960500e+002  7.099537e-005
 8.966687e+002  6.729331e-005
 8.972875e+002  6.994320e-005
 8.979062e+002  7.011016e-005
 8.985250e+002  7.182718e-005
 8.991437e+002  7.359102e-005
 8.997625e+002  7.517122e-005
 9.003812e+002  6.575968e-005
 9.010000e+002  6.757722e-005
 9.016187e+002  6.696689e-005
 9.022375e+002  6.508712e-005
 9.028562e+002  6.666389e-005
 9.034750e+002  7.353648e-005
 9.040937e+002  6.376250e-005
 9.047125e+002  6.366721e-005
 9.053312e+002  7.185979e-005
 9.059500e+002  6.937211e-005
 9.065687e+002  6.026339e-005
 9.071875e+002  7.041351e-005
 9.078062e+002  6.435064e-005
 9.084250e+002  5.979604e-005
 9.090437e+002  5.927616e-005
 9.096625e+002  6.741035e-005
 9.102812e+002  6.995881e-005
 9.109000e+002  6.642879e-005
 9.115187e+002  6.807039e-005
 9.121375e+002  6.188647e-005
 9.127562e+002  6.413944e-005
 9.133750e+002  6.712825e-005
 9.139937e+002  6.695212e-005
 9.146125e+002  6.634797e-005
 9.152312e+002  6.426601e-005
 9.158500e+002  6.580041e-005
 9.164687e+002  6.141198e-005
 9.170875e+002  6.609101e-005
 9.177062e+002  6.777295e-005
 9.183250e+002  6.825470e-005
 9.189437e+002  7.359203e-005
 9.195625e+002  6.481925e-005
 9.201812e+002  6.206374e-005
 9.208000e+002  6.287561e-005
 9.214187e+002  6.396119e-005
 9.220375e+002  6.116016e-005
 9.226562e+002  6.951841e-005
 9.232750e+002  6.838586e-005
 9.238937e+002  6.158709e-005
 9.245125e+002  6.719234e-005
 9.251312e+002  6.749838e-005
 9.257500e+002  6.819628e-005
 9.263687e+002  7.494428e-005
 9.269875e+002  7.028790e-005
 9.276062e+002  6.457336e-005
 9.282250e+002  7.000551e-005
 9.288437e+002  6.883397e-005
 9.294625e+002  7.016543e-005
 9.300812e+002  6.748115e-005
 9.307000e+002  7.172945e-005
 9.313187e+002  7.589925e-005
 9.319375e+002  7.169589e-005
 9.325562e+002  7.038322e-005
 9.331750e+002  6.638521e-005
 9.337937e+002  6.722909e-005
 9.344125e+002  7.096930e-005
 9.350312e+002  6.880583e-005
 9.356500e+002  6.868393e-005
 9.362687e+002  7.142951e-005
 9.368875e+002  6.461071e-005
 9.375062e+002  6.670939e-005
 9.381250e+002  6.793101e-005
 9.387437e+002  6.783399e-005
 9.393625e+002  6.424182e-005
 9.399812e+002  6.525068e-005
 9.406000e+002  6.998333e-005
 9.412187e+002  7.064653e-005
 9.418375e+002  6.708615e-005
 9.424562e+002  6.849414e-005
 9.430750e+002  6.453027e-005
 9.436937e+002  6.367355e-005
 9.443125e+002  6.875779e-005
 9.449312e+002  6.494932e-005
 9.455500e+002  6.687900e-005
 9.461687e+002  6.659443e-005
 9.467875e+002  6.429327e-005
 9.474062e+002  7.335351e-005
 9.480250e+002  7.117875e-005
 9.486437e+002  5.994219e-005
 9.492625e+002  8.413628e-005
 9.498812e+002  1.182586e-004
 9.505000e+002  8.104199e-005
 9.511187e+002  6.308983e-005
 9.517375e+002  6.595254e-005
 9.523562e+002  6.713476e-005
 9.529750e+002  6.826715e-005
 9.535937e+002  7.081029e-005
 9.542125e+002  6.936804e-005
 9.548312e+002  6.704139e-005
 9.554500e+002  7.403128e-005
 9.560687e+002  7.061455e-005
 9.566875e+002  6.108595e-005
 9.573062e+002  6.678515e-005
 9.579250e+002  7.063931e-005
 9.585437e+002  7.231205e-005
 9.591625e+002  7.093052e-005
 9.597812e+002  7.330664e-005
 9.604000e+002  6.588860e-005
 9.610187e+002  6.491446e-005
 9.616375e+002  6.510781e-005
 9.622562e+002  7.043208e-005
 9.628750e+002  6.929119e-005
 9.634937e+002  7.106803e-005
 9.641125e+002  6.982930e-005
 9.647312e+002  6.284585e-005
 9.653500e+002  6.372111e-005
 9.659687e+002  6.008829e-005
 9.665875e+002  6.071807e-005
 9.672062e+002  6.788947e-005
 9.678250e+002  6.805191e-005
 9.684437e+002  6.419458e-005
 9.690625e+002  6.750149e-005
 9.696812e+002  7.047459e-005
 9.703000e+002  6.833367e-005
 9.709187e+002  6.505809e-005
 9.715375e+002  6.374652e-005
 9.721562e+002  6.665544e-005
 9.727750e+002  6.897490e-005
 9.733937e+002  6.179791e-005
 9.740125e+002  6.297078e-005
 9.746312e+002  6.245072e-005
 9.752500e+002  7.130938e-005
 9.758687e+002  7.255472e-005
 9.764875e+002  6.667038e-005
 9.771062e+002  6.155319e-005
 9.777250e+002  5.985954e-005
 9.783437e+002  6.683853e-005
 9.789625e+002  6.591150e-005
 9.795812e+002  6.870663e-005
 9.802000e+002  6.504258e-005
 9.808187e+002  6.641143e-005
 9.814375e+002  6.773849e-005
 9.820562e+002  6.468626e-005
 9.826750e+002  6.944478e-005
 9.832937e+002  6.881045e-005
 9.839125e+002  6.799842e-005
 9.845312e+002  6.402905e-005
 9.851500e+002  6.425314e-005
 9.857687e+002  6.585506e-005
 9.863875e+002  6.328613e-005
 9.870062e+002  5.998757e-005
 9.876250e+002  6.620125e-005
 9.882437e+002  6.603052e-005
 9.888625e+002  6.518544e-005
 9.894812e+002  6.688371e-005
 9.901000e+002  5.927325e-005
 9.907187e+002  5.825400e-005
 9.913375e+002  6.060178e-005
 9.919562e+002  6.605471e-005
 9.925750e+002  6.515828e-005
 9.931937e+002  5.757534e-005
 9.938125e+002  5.567385e-005
 9.944312e+002  6.147724e-005
 9.950500e+002  6.891408e-005
 9.956687e+002  6.763183e-005
 9.962875e+002  6.445997e-005
 9.969062e+002  6.197598e-005
 9.975250e+002  7.176734e-005
 9.981437e+002  6.855762e-005
 9.987625e+002  6.950685e-005
 9.993812e+002  6.941634e-005
 1.000000e+003  6.810763e-005
