 1.000000e+000  4.755099e-004
 1.247500e+000  4.188412e-004
 1.495000e+000  3.639395e-004
 1.742500e+000  3.283830e-004
 1.990000e+000  2.683152e-004
 2.237500e+000  2.326026e-004
 2.485000e+000  2.179866e-004
 2.732500e+000  2.200490e-004
 2.980000e+000  2.117035e-004
 3.227500e+000  2.313244e-004
 3.475000e+000  2.292330e-004
 3.722500e+000  2.237016e-004
 3.970000e+000  1.903256e-004
 4.217500e+000  2.083685e-004
 4.465000e+000  1.943556e-004
 4.712500e+000  2.030667e-004
 4.960000e+000  1.901234e-004
 5.207500e+000  1.944426e-004
 5.455000e+000  1.826653e-004
 5.702500e+000  1.705604e-004
 5.950000e+000  1.709553e-004
 6.197500e+000  1.689862e-004
 6.445000e+000  1.718059e-004
 6.692500e+000  1.611377e-004
 6.940000e+000  1.417931e-004
 7.187500e+000  1.454827e-004
 7.435000e+000  1.469650e-004
 7.682500e+000  1.449688e-004
 7.930000e+000  1.424262e-004
 8.177500e+000  1.323367e-004
 8.425000e+000  1.189093e-004
 8.672500e+000  1.340120e-004
 8.920000e+000  1.411000e-004
 9.167500e+000  1.454355e-004
 9.415000e+000  1.417997e-004
 9.662500e+000  1.357730e-004
 9.910000e+000  1.332868e-004
 1.015750e+001  1.414570e-004
 1.040500e+001  1.452871e-004
 1.065250e+001  1.434479e-004
 1.090000e+001  1.288741e-004
 1.114750e+001  1.200772e-004
 1.139500e+001  1.209138e-004
 1.164250e+001  1.246246e-004
 1.189000e+001  1.309321e-004
 1.213750e+001  1.176614e-004
 1.238500e+001  1.063073e-004
 1.263250e+001  1.152577e-004
 1.288000e+001  1.168096e-004
 1.312750e+001  1.137595e-004
 1.337500e+001  1.163008e-004
 1.362250e+001  1.088771e-004
 1.387000e+001  9.959606e-005
 1.411750e+001  1.058896e-004
 1.436500e+001  1.047584e-004
 1.461250e+001  1.035705e-004
 1.486000e+001  1.058781e-004
 1.510750e+001  9.649681e-005
 1.535500e+001  1.066638e-004
 1.560250e+001  1.078531e-004
 1.585000e+001  9.607859e-005
 1.609750e+001  8.818213e-005
 1.634500e+001  1.071144e-004
 1.659250e+001  1.045504e-004
 1.684000e+001  1.011557e-004
 1.708750e+001  9.611258e-005
 1.733500e+001  1.168129e-004
 1.758250e+001  1.122945e-004
 1.783000e+001  1.039711e-004
 1.807750e+001  1.044101e-004
 1.832500e+001  1.023615e-004
 1.857250e+001  1.000816e-004
 1.882000e+001  9.992641e-005
 1.906750e+001  1.003697e-004
 1.931500e+001  9.804965e-005
 1.956250e+001  1.039316e-004
 1.981000e+001  1.002134e-004
 2.005750e+001  1.024401e-004
 2.030500e+001  1.083408e-004
 2.055250e+001  1.120062e-004
 2.080000e+001  1.089024e-004
 2.104750e+001  1.085813e-004
 2.129500e+001  9.360850e-005
 2.154250e+001  8.870049e-005
 2.179000e+001  9.085137e-005
 2.203750e+001  1.064710e-004
 2.228500e+001  1.185127e-004
 2.253250e+001  1.064202e-004
 2.278000e+001  1.044330e-004
 2.302750e+001  1.040938e-004
 2.327500e+001  1.036366e-004
 2.352250e+001  9.117152e-005
 2.377000e+001  8.075736e-005
 2.401750e+001  9.529688e-005
 2.426500e+001  8.593943e-005
 2.451250e+001  8.911014e-005
 2.476000e+001  9.739786e-005
 2.500750e+001  1.005744e-004
 2.525500e+001  9.156920e-005
 2.550250e+001  8.928128e-005
 2.575000e+001  9.643886e-005
 2.599750e+001  9.111738e-005
 2.624500e+001  8.951807e-005
 2.649250e+001  8.252236e-005
 2.674000e+001  1.008574e-004
 2.698750e+001  9.548020e-005
 2.723500e+001  8.647948e-005
 2.748250e+001  8.403051e-005
 2.773000e+001  8.808939e-005
 2.797750e+001  9.532739e-005
 2.822500e+001  8.827537e-005
 2.847250e+001  8.892898e-005
 2.872000e+001  1.077621e-004
 2.896750e+001  1.094834e-004
 2.921500e+001  9.309501e-005
 2.946250e+001  8.202209e-005
 2.971000e+001  8.383942e-005
 2.995750e+001  9.063138e-005
 3.020500e+001  9.737929e-005
 3.045250e+001  9.433415e-005
 3.070000e+001  8.989342e-005
 3.094750e+001  9.296644e-005
 3.119500e+001  8.748400e-005
 3.144250e+001  8.844131e-005
 3.169000e+001  8.732636e-005
 3.193750e+001  1.002283e-004
 3.218500e+001  1.008220e-004
 3.243250e+001  8.606353e-005
 3.268000e+001  8.240584e-005
 3.292750e+001  7.758981e-005
 3.317500e+001  8.358663e-005
 3.342250e+001  9.060321e-005
 3.367000e+001  9.804455e-005
 3.391750e+001  8.601582e-005
 3.416500e+001  8.672188e-005
 3.441250e+001  8.377406e-005
 3.466000e+001  7.866545e-005
 3.490750e+001  8.121748e-005
 3.515500e+001  7.568852e-005
 3.540250e+001  8.021485e-005
 3.565000e+001  8.884929e-005
 3.589750e+001  9.478991e-005
 3.614500e+001  9.137071e-005
 3.639250e+001  9.056194e-005
 3.664000e+001  9.247295e-005
 3.688750e+001  9.069070e-005
 3.713500e+001  8.545136e-005
 3.738250e+001  8.749232e-005
 3.763000e+001  9.162016e-005
 3.787750e+001  8.997154e-005
 3.812500e+001  8.821260e-005
 3.837250e+001  8.906244e-005
 3.862000e+001  8.877757e-005
 3.886750e+001  8.880558e-005
 3.911500e+001  8.549964e-005
 3.936250e+001  8.628366e-005
 3.961000e+001  8.258908e-005
 3.985750e+001  8.488597e-005
 4.010500e+001  9.025521e-005
 4.035250e+001  8.133235e-005
 4.060000e+001  1.030931e-004
 4.084750e+001  1.230065e-004
 4.109500e+001  9.004115e-005
 4.134250e+001  7.952799e-005
 4.159000e+001  8.809459e-005
 4.183750e+001  8.171017e-005
 4.208500e+001  8.788011e-005
 4.233250e+001  8.669539e-005
 4.258000e+001  7.952952e-005
 4.282750e+001  8.700337e-005
 4.307500e+001  1.026648e-004
 4.332250e+001  9.033875e-005
 4.357000e+001  7.684855e-005
 4.381750e+001  8.057697e-005
 4.406500e+001  8.516099e-005
 4.431250e+001  8.188465e-005
 4.456000e+001  8.391438e-005
 4.480750e+001  9.079025e-005
 4.505500e+001  8.814470e-005
 4.530250e+001  8.344445e-005
 4.555000e+001  8.591409e-005
 4.579750e+001  8.252939e-005
 4.604500e+001  7.529696e-005
 4.629250e+001  8.049884e-005
 4.654000e+001  8.054683e-005
 4.678750e+001  8.152039e-005
 4.703500e+001  8.353755e-005
 4.728250e+001  8.084334e-005
 4.753000e+001  8.669096e-005
 4.777750e+001  9.745437e-005
 4.802500e+001  8.292725e-005
 4.827250e+001  7.290599e-005
 4.852000e+001  8.992003e-005
 4.876750e+001  8.668875e-005
 4.901500e+001  9.516643e-005
 4.926250e+001  1.230148e-004
 4.951000e+001  3.949110e-004
 4.975750e+001  1.336027e-002
 5.000500e+001  2.386609e-002
 5.025250e+001  1.064491e-002
 5.050000e+001  2.883900e-004
 5.074750e+001  1.044644e-004
 5.099500e+001  1.008730e-004
 5.124250e+001  8.675991e-005
 5.149000e+001  6.983422e-005
 5.173750e+001  7.434399e-005
 5.198500e+001  8.296058e-005
 5.223250e+001  8.392911e-005
 5.248000e+001  7.941309e-005
 5.272750e+001  8.344039e-005
 5.297500e+001  8.337740e-005
 5.322250e+001  8.379545e-005
 5.347000e+001  7.749162e-005
 5.371750e+001  8.134372e-005
 5.396500e+001  8.246619e-005
 5.421250e+001  6.921678e-005
 5.446000e+001  7.269428e-005
 5.470750e+001  7.346527e-005
 5.495500e+001  8.047193e-005
 5.520250e+001  8.660565e-005
 5.545000e+001  8.245090e-005
 5.569750e+001  8.385281e-005
 5.594500e+001  8.551410e-005
 5.619250e+001  8.376883e-005
 5.644000e+001  8.424381e-005
 5.668750e+001  8.378848e-005
 5.693500e+001  8.058071e-005
 5.718250e+001  6.848522e-005
 5.743000e+001  6.974444e-005
 5.767750e+001  8.148859e-005
 5.792500e+001  7.773462e-005
 5.817250e+001  7.265728e-005
 5.842000e+001  8.055514e-005
 5.866750e+001  8.797360e-005
 5.891500e+001  2.107961e-004
 5.916250e+001  3.371090e-004
 5.941000e+001  1.811290e-004
 5.965750e+001  8.878835e-005
 5.990500e+001  9.277842e-005
 6.015250e+001  8.799764e-005
 6.040000e+001  8.679960e-005
 6.064750e+001  8.763407e-005
 6.089500e+001  8.023141e-005
 6.114250e+001  8.699989e-005
 6.139000e+001  8.696052e-005
 6.163750e+001  8.584918e-005
 6.188500e+001  8.804571e-005
 6.213250e+001  7.955166e-005
 6.238000e+001  7.539080e-005
 6.262750e+001  7.352904e-005
 6.287500e+001  8.231218e-005
 6.312250e+001  7.761021e-005
 6.337000e+001  8.122040e-005
 6.361750e+001  7.431011e-005
 6.386500e+001  7.854782e-005
 6.411250e+001  7.956171e-005
 6.436000e+001  7.548941e-005
 6.460750e+001  7.674783e-005
 6.485500e+001  9.360375e-005
 6.510250e+001  8.969432e-005
 6.535000e+001  7.854938e-005
 6.559750e+001  7.363756e-005
 6.584500e+001  8.973478e-005
 6.609250e+001  7.999097e-005
 6.634000e+001  6.748318e-005
 6.658750e+001  7.011646e-005
 6.683500e+001  7.153115e-005
 6.708250e+001  7.552881e-005
 6.733000e+001  7.390427e-005
 6.757750e+001  6.603940e-005
 6.782500e+001  7.304150e-005
 6.807250e+001  7.868225e-005
 6.832000e+001  7.390517e-005
 6.856750e+001  7.462218e-005
 6.881500e+001  7.944008e-005
 6.906250e+001  7.578044e-005
 6.931000e+001  6.851875e-005
 6.955750e+001  7.433641e-005
 6.980500e+001  7.475206e-005
 7.005250e+001  7.633595e-005
 7.030000e+001  8.509827e-005
 7.054750e+001  8.613763e-005
 7.079500e+001  8.186527e-005
 7.104250e+001  7.962987e-005
 7.129000e+001  7.775134e-005
 7.153750e+001  7.226937e-005
 7.178500e+001  7.334448e-005
 7.203250e+001  8.045986e-005
 7.228000e+001  8.084420e-005
 7.252750e+001  7.998443e-005
 7.277500e+001  8.239675e-005
 7.302250e+001  8.855302e-005
 7.327000e+001  8.488068e-005
 7.351750e+001  8.082339e-005
 7.376500e+001  8.299950e-005
 7.401250e+001  7.972241e-005
 7.426000e+001  8.364240e-005
 7.450750e+001  7.852152e-005
 7.475500e+001  7.556960e-005
 7.500250e+001  7.695455e-005
 7.525000e+001  8.036926e-005
 7.549750e+001  8.146700e-005
 7.574500e+001  6.644092e-005
 7.599250e+001  6.385493e-005
 7.624000e+001  8.318607e-005
 7.648750e+001  9.239914e-005
 7.673500e+001  8.403914e-005
 7.698250e+001  7.589275e-005
 7.723000e+001  8.851367e-005
 7.747750e+001  1.064596e-004
 7.772500e+001  1.274531e-004
 7.797250e+001  1.193944e-004
 7.822000e+001  1.059895e-004
 7.846750e+001  9.008686e-005
 7.871500e+001  7.654106e-005
 7.896250e+001  7.871697e-005
 7.921000e+001  8.839686e-005
 7.945750e+001  8.001435e-005
 7.970500e+001  8.785873e-005
 7.995250e+001  8.481219e-005
 8.020000e+001  8.330845e-005
 8.044750e+001  8.313157e-005
 8.069500e+001  8.146727e-005
 8.094250e+001  7.752290e-005
 8.119000e+001  7.306480e-005
 8.143750e+001  7.433241e-005
 8.168500e+001  8.315227e-005
 8.193250e+001  7.914974e-005
 8.218000e+001  8.506917e-005
 8.242750e+001  8.507756e-005
 8.267500e+001  8.846843e-005
 8.292250e+001  7.037922e-005
 8.317000e+001  7.215708e-005
 8.341750e+001  8.192508e-005
 8.366500e+001  7.238448e-005
 8.391250e+001  6.915373e-005
 8.416000e+001  6.404387e-005
 8.440750e+001  7.490390e-005
 8.465500e+001  8.078124e-005
 8.490250e+001  7.508625e-005
 8.515000e+001  6.973930e-005
 8.539750e+001  7.063638e-005
 8.564500e+001  7.367385e-005
 8.589250e+001  8.151551e-005
 8.614000e+001  8.264902e-005
 8.638750e+001  7.864571e-005
 8.663500e+001  8.237495e-005
 8.688250e+001  8.451777e-005
 8.713000e+001  7.958680e-005
 8.737750e+001  7.052907e-005
 8.762500e+001  7.465315e-005
 8.787250e+001  7.051737e-005
 8.812000e+001  7.631644e-005
 8.836750e+001  8.809807e-005
 8.861500e+001  8.222291e-005
 8.886250e+001  7.717441e-005
 8.911000e+001  8.213512e-005
 8.935750e+001  7.768636e-005
 8.960500e+001  7.516803e-005
 8.985250e+001  7.123138e-005
 9.010000e+001  7.477536e-005
 9.034750e+001  7.050504e-005
 9.059500e+001  7.362044e-005
 9.084250e+001  8.374702e-005
 9.109000e+001  7.298682e-005
 9.133750e+001  7.421259e-005
 9.158500e+001  7.452243e-005
 9.183250e+001  7.283222e-005
 9.208000e+001  7.854346e-005
 9.232750e+001  7.158027e-005
 9.257500e+001  7.597426e-005
 9.282250e+001  7.489379e-005
 9.307000e+001  7.506052e-005
 9.331750e+001  7.802897e-005
 9.356500e+001  7.965644e-005
 9.381250e+001  7.501511e-005
 9.406000e+001  8.340194e-005
 9.430750e+001  7.447046e-005
 9.455500e+001  6.545622e-005
 9.480250e+001  6.701397e-005
 9.505000e+001  7.212952e-005
 9.529750e+001  6.533721e-005
 9.554500e+001  6.528461e-005
 9.579250e+001  6.891552e-005
 9.604000e+001  7.422214e-005
 9.628750e+001  7.928284e-005
 9.653500e+001  8.063517e-005
 9.678250e+001  8.125178e-005
 9.703000e+001  7.505558e-005
 9.727750e+001  7.407297e-005
 9.752500e+001  8.137254e-005
 9.777250e+001  8.095697e-005
 9.802000e+001  7.747319e-005
 9.826750e+001  8.417338e-005
 9.851500e+001  8.075969e-005
 9.876250e+001  8.731304e-005
 9.901000e+001  8.745852e-005
 9.925750e+001  7.881786e-005
 9.950500e+001  8.160738e-005
 9.975250e+001  4.205810e-004
 1.000000e+002  7.065040e-004
