 1.000000e+000  2.149069e-003
 1.247500e+000  1.790469e-003
 1.495000e+000  1.359699e-003
 1.742500e+000  9.972392e-004
 1.990000e+000  1.023121e-003
 2.237500e+000  1.117480e-003
 2.485000e+000  9.818146e-004
 2.732500e+000  9.880115e-004
 2.980000e+000  8.012116e-004
 3.227500e+000  7.535547e-004
 3.475000e+000  7.696888e-004
 3.722500e+000  7.429387e-004
 3.970000e+000  7.657645e-004
 4.217500e+000  6.657537e-004
 4.465000e+000  6.163215e-004
 4.712500e+000  6.696262e-004
 4.960000e+000  6.300302e-004
 5.207500e+000  5.592643e-004
 5.455000e+000  4.603151e-004
 5.702500e+000  4.628402e-004
 5.950000e+000  6.599669e-004
 6.197500e+000  5.818467e-004
 6.445000e+000  5.384426e-004
 6.692500e+000  5.331845e-004
 6.940000e+000  5.446276e-004
 7.187500e+000  3.419260e-004
 7.435000e+000  3.150072e-004
 7.682500e+000  4.762112e-004
 7.930000e+000  2.517683e-004
 8.177500e+000  4.495839e-004
 8.425000e+000  4.918230e-004
 8.672500e+000  4.566847e-004
 8.920000e+000  4.111303e-004
 9.167500e+000  2.253270e-004
 9.415000e+000  2.212326e-004
 9.662500e+000  3.605165e-004
 9.910000e+000  3.158281e-004
 1.015750e+001  3.256514e-004
 1.040500e+001  3.807929e-004
 1.065250e+001  3.733600e-004
 1.090000e+001  3.915041e-004
 1.114750e+001  4.187225e-004
 1.139500e+001  4.135160e-004
 1.164250e+001  3.061801e-004
 1.189000e+001  3.072972e-004
 1.213750e+001  3.263962e-004
 1.238500e+001  2.495067e-004
 1.263250e+001  1.972506e-004
 1.288000e+001  2.571945e-004
 1.312750e+001  2.797812e-004
 1.337500e+001  4.073840e-004
 1.362250e+001  4.136477e-004
 1.387000e+001  2.938771e-004
 1.411750e+001  2.191455e-004
 1.436500e+001  3.019187e-004
 1.461250e+001  3.611106e-004
 1.486000e+001  3.536248e-004
 1.510750e+001  3.182466e-004
 1.535500e+001  3.195228e-004
 1.560250e+001  3.228152e-004
 1.585000e+001  2.747832e-004
 1.609750e+001  3.824297e-004
 1.634500e+001  3.673796e-004
 1.659250e+001  3.209422e-004
 1.684000e+001  2.824091e-004
 1.708750e+001  2.517679e-004
 1.733500e+001  3.058794e-004
 1.758250e+001  3.768500e-004
 1.783000e+001  4.203561e-004
 1.807750e+001  3.518851e-004
 1.832500e+001  3.308047e-004
 1.857250e+001  2.961405e-004
 1.882000e+001  2.408963e-004
 1.906750e+001  3.126419e-004
 1.931500e+001  2.291677e-004
 1.956250e+001  2.895033e-004
 1.981000e+001  3.927616e-004
 2.005750e+001  3.407158e-004
 2.030500e+001  2.767078e-004
 2.055250e+001  2.659692e-004
 2.080000e+001  3.135113e-004
 2.104750e+001  3.110640e-004
 2.129500e+001  2.920540e-004
 2.154250e+001  2.516643e-004
 2.179000e+001  2.571790e-004
 2.203750e+001  3.178580e-004
 2.228500e+001  3.993364e-004
 2.253250e+001  3.265482e-004
 2.278000e+001  2.858750e-004
 2.302750e+001  3.463900e-004
 2.327500e+001  3.625706e-004
 2.352250e+001  2.916706e-004
 2.377000e+001  3.023610e-004
 2.401750e+001  2.771169e-004
 2.426500e+001  2.254766e-004
 2.451250e+001  2.959259e-004
 2.476000e+001  2.316515e-004
 2.500750e+001  3.027674e-004
 2.525500e+001  2.064596e-004
 2.550250e+001  3.104321e-004
 2.575000e+001  3.325390e-004
 2.599750e+001  3.641025e-004
 2.624500e+001  2.735013e-004
 2.649250e+001  1.564434e-004
 2.674000e+001  2.839329e-004
 2.698750e+001  1.954010e-004
 2.723500e+001  1.833843e-004
 2.748250e+001  2.354375e-004
 2.773000e+001  2.609059e-004
 2.797750e+001  2.627423e-004
 2.822500e+001  2.163612e-004
 2.847250e+001  2.105292e-004
 2.872000e+001  2.643619e-004
 2.896750e+001  3.115263e-004
 2.921500e+001  2.768223e-004
 2.946250e+001  2.766153e-004
 2.971000e+001  1.979112e-004
 2.995750e+001  2.389117e-004
 3.020500e+001  3.048000e-004
 3.045250e+001  2.709022e-004
 3.070000e+001  2.604657e-004
 3.094750e+001  2.774629e-004
 3.119500e+001  2.437005e-004
 3.144250e+001  2.887152e-004
 3.169000e+001  2.946495e-004
 3.193750e+001  2.927173e-004
 3.218500e+001  3.071318e-004
 3.243250e+001  2.620912e-004
 3.268000e+001  1.991354e-004
 3.292750e+001  2.259804e-004
 3.317500e+001  2.100293e-004
 3.342250e+001  1.793353e-004
 3.367000e+001  2.550985e-004
 3.391750e+001  2.320757e-004
 3.416500e+001  1.630577e-004
 3.441250e+001  1.931157e-004
 3.466000e+001  1.617003e-004
 3.490750e+001  2.725716e-004
 3.515500e+001  3.389523e-004
 3.540250e+001  3.267029e-004
 3.565000e+001  3.032404e-004
 3.589750e+001  2.736798e-004
 3.614500e+001  1.578494e-004
 3.639250e+001  1.721535e-004
 3.664000e+001  1.673312e-004
 3.688750e+001  2.333634e-004
 3.713500e+001  3.470166e-004
 3.738250e+001  2.642473e-004
 3.763000e+001  2.028651e-004
 3.787750e+001  2.488885e-004
 3.812500e+001  1.434577e-004
 3.837250e+001  1.727459e-004
 3.862000e+001  1.864663e-004
 3.886750e+001  1.837583e-004
 3.911500e+001  2.432432e-004
 3.936250e+001  3.932347e-004
 3.961000e+001  3.950087e-004
 3.985750e+001  2.426665e-004
 4.010500e+001  2.442466e-004
 4.035250e+001  2.241191e-004
 4.060000e+001  1.846114e-004
 4.084750e+001  1.498301e-004
 4.109500e+001  2.035446e-004
 4.134250e+001  2.006857e-004
 4.159000e+001  1.959857e-004
 4.183750e+001  1.929420e-004
 4.208500e+001  2.141443e-004
 4.233250e+001  1.933422e-004
 4.258000e+001  3.962417e-004
 4.282750e+001  4.140397e-004
 4.307500e+001  2.194090e-004
 4.332250e+001  1.591364e-004
 4.357000e+001  1.959847e-004
 4.381750e+001  1.759261e-004
 4.406500e+001  1.905063e-004
 4.431250e+001  2.107586e-004
 4.456000e+001  1.970331e-004
 4.480750e+001  1.712647e-004
 4.505500e+001  1.781237e-004
 4.530250e+001  2.104776e-004
 4.555000e+001  2.064038e-004
 4.579750e+001  1.902861e-004
 4.604500e+001  2.037151e-004
 4.629250e+001  2.386146e-004
 4.654000e+001  1.770864e-004
 4.678750e+001  1.822503e-004
 4.703500e+001  1.359771e-004
 4.728250e+001  1.604403e-004
 4.753000e+001  1.845204e-004
 4.777750e+001  1.789314e-004
 4.802500e+001  2.242133e-004
 4.827250e+001  2.011470e-004
 4.852000e+001  1.550592e-004
 4.876750e+001  1.720397e-004
 4.901500e+001  2.449618e-004
 4.926250e+001  2.730481e-004
 4.951000e+001  2.149415e-004
 4.975750e+001  1.052706e-002
 5.000500e+001  2.100673e-002
 5.025250e+001  1.046861e-002
 5.050000e+001  1.939750e-004
 5.074750e+001  1.920163e-004
 5.099500e+001  1.846366e-004
 5.124250e+001  1.409459e-004
 5.149000e+001  1.299120e-004
 5.173750e+001  1.839012e-004
 5.198500e+001  1.632853e-004
 5.223250e+001  1.633280e-004
 5.248000e+001  2.215901e-004
 5.272750e+001  1.956703e-004
 5.297500e+001  1.668656e-004
 5.322250e+001  1.698561e-004
 5.347000e+001  1.739850e-004
 5.371750e+001  2.000275e-004
 5.396500e+001  2.356770e-004
 5.421250e+001  2.163868e-004
 5.446000e+001  1.232435e-004
 5.470750e+001  1.389573e-004
 5.495500e+001  1.737576e-004
 5.520250e+001  2.053365e-004
 5.545000e+001  1.968391e-004
 5.569750e+001  1.708256e-004
 5.594500e+001  1.792240e-004
 5.619250e+001  1.868642e-004
 5.644000e+001  2.093663e-004
 5.668750e+001  1.479809e-004
 5.693500e+001  1.433889e-004
 5.718250e+001  1.798101e-004
 5.743000e+001  2.011139e-004
 5.767750e+001  1.807882e-004
 5.792500e+001  1.646691e-004
 5.817250e+001  9.611991e-005
 5.842000e+001  1.316230e-004
 5.866750e+001  1.371400e-004
 5.891500e+001  1.313982e-004
 5.916250e+001  1.479289e-004
 5.941000e+001  1.090715e-004
 5.965750e+001  1.810518e-004
 5.990500e+001  1.530946e-004
 6.015250e+001  1.332755e-004
 6.040000e+001  1.934759e-004
 6.064750e+001  1.745756e-004
 6.089500e+001  1.111870e-004
 6.114250e+001  1.198102e-004
 6.139000e+001  1.198565e-004
 6.163750e+001  1.695551e-004
 6.188500e+001  1.657524e-004
 6.213250e+001  1.794446e-004
 6.238000e+001  1.926837e-004
 6.262750e+001  1.591943e-004
 6.287500e+001  1.445355e-004
 6.312250e+001  1.855468e-004
 6.337000e+001  1.326488e-004
 6.361750e+001  1.306839e-004
 6.386500e+001  1.281183e-004
 6.411250e+001  1.194485e-004
 6.436000e+001  1.321374e-004
 6.460750e+001  1.453209e-004
 6.485500e+001  1.377267e-004
 6.510250e+001  1.813649e-004
 6.535000e+001  1.619410e-004
 6.559750e+001  1.735930e-004
 6.584500e+001  1.554138e-004
 6.609250e+001  1.831063e-004
 6.634000e+001  1.395380e-004
 6.658750e+001  1.158370e-004
 6.683500e+001  1.636539e-004
 6.708250e+001  1.593357e-004
 6.733000e+001  1.772817e-004
 6.757750e+001  1.848047e-004
 6.782500e+001  1.521129e-004
 6.807250e+001  1.320842e-004
 6.832000e+001  1.164275e-004
 6.856750e+001  1.444456e-004
 6.881500e+001  1.672999e-004
 6.906250e+001  1.497679e-004
 6.931000e+001  1.323959e-004
 6.955750e+001  1.804534e-004
 6.980500e+001  2.177363e-004
 7.005250e+001  1.502711e-004
 7.030000e+001  1.515622e-004
 7.054750e+001  1.634891e-004
 7.079500e+001  1.849209e-004
 7.104250e+001  2.006629e-004
 7.129000e+001  1.672625e-004
 7.153750e+001  1.275410e-004
 7.178500e+001  1.566046e-004
 7.203250e+001  1.474170e-004
 7.228000e+001  1.401324e-004
 7.252750e+001  1.235487e-004
 7.277500e+001  1.311259e-004
 7.302250e+001  1.342723e-004
 7.327000e+001  8.499027e-005
 7.351750e+001  9.526335e-005
 7.376500e+001  1.358632e-004
 7.401250e+001  1.153981e-004
 7.426000e+001  1.554215e-004
 7.450750e+001  1.524070e-004
 7.475500e+001  1.402285e-004
 7.500250e+001  1.252758e-004
 7.525000e+001  1.784334e-004
 7.549750e+001  3.695724e-004
 7.574500e+001  3.700121e-004
 7.599250e+001  1.716380e-004
 7.624000e+001  1.115706e-004
 7.648750e+001  1.542735e-004
 7.673500e+001  1.492089e-004
 7.698250e+001  1.145661e-004
 7.723000e+001  1.386100e-004
 7.747750e+001  1.290859e-004
 7.772500e+001  1.160341e-004
 7.797250e+001  1.258400e-004
 7.822000e+001  1.785182e-004
 7.846750e+001  1.437447e-004
 7.871500e+001  1.684811e-004
 7.896250e+001  2.046267e-004
 7.921000e+001  1.413071e-004
 7.945750e+001  1.269227e-004
 7.970500e+001  1.184146e-004
 7.995250e+001  1.500136e-004
 8.020000e+001  1.033697e-004
 8.044750e+001  1.035655e-004
 8.069500e+001  9.334610e-005
 8.094250e+001  9.606866e-005
 8.119000e+001  9.614066e-005
 8.143750e+001  1.026191e-004
 8.168500e+001  1.078014e-004
 8.193250e+001  1.244393e-004
 8.218000e+001  9.746935e-005
 8.242750e+001  8.996451e-005
 8.267500e+001  9.729584e-005
 8.292250e+001  1.310840e-004
 8.317000e+001  1.172705e-004
 8.341750e+001  1.202519e-004
 8.366500e+001  1.220048e-004
 8.391250e+001  9.941654e-005
 8.416000e+001  1.110082e-004
 8.440750e+001  8.553776e-005
 8.465500e+001  6.249072e-005
 8.490250e+001  1.005804e-004
 8.515000e+001  1.026035e-004
 8.539750e+001  1.025828e-004
 8.564500e+001  1.008541e-004
 8.589250e+001  1.000845e-004
 8.614000e+001  1.008324e-004
 8.638750e+001  1.385865e-004
 8.663500e+001  1.061828e-004
 8.688250e+001  1.139683e-004
 8.713000e+001  1.329581e-004
 8.737750e+001  1.444329e-004
 8.762500e+001  1.096302e-004
 8.787250e+001  9.006874e-005
 8.812000e+001  9.121703e-005
 8.836750e+001  1.014099e-004
 8.861500e+001  1.084617e-004
 8.886250e+001  8.805990e-005
 8.911000e+001  7.308564e-005
 8.935750e+001  7.880770e-005
 8.960500e+001  9.627068e-005
 8.985250e+001  9.443659e-005
 9.010000e+001  1.242708e-004
 9.034750e+001  1.211809e-004
 9.059500e+001  9.202882e-005
 9.084250e+001  7.858922e-005
 9.109000e+001  1.235316e-004
 9.133750e+001  2.004896e-004
 9.158500e+001  3.086568e-004
 9.183250e+001  1.593705e-004
 9.208000e+001  9.919324e-005
 9.232750e+001  1.159553e-004
 9.257500e+001  8.718700e-005
 9.282250e+001  8.303436e-005
 9.307000e+001  1.205875e-004
 9.331750e+001  1.343097e-004
 9.356500e+001  1.017710e-004
 9.381250e+001  1.207953e-004
 9.406000e+001  1.089045e-004
 9.430750e+001  1.173114e-004
 9.455500e+001  9.823791e-005
 9.480250e+001  1.011072e-004
 9.505000e+001  9.503706e-005
 9.529750e+001  1.086763e-004
 9.554500e+001  8.625206e-005
 9.579250e+001  8.278574e-005
 9.604000e+001  8.593948e-005
 9.628750e+001  1.056865e-004
 9.653500e+001  9.717197e-005
 9.678250e+001  8.272210e-005
 9.703000e+001  9.926417e-005
 9.727750e+001  1.062166e-004
 9.752500e+001  8.584674e-005
 9.777250e+001  6.845806e-005
 9.802000e+001  9.593174e-005
 9.826750e+001  1.118389e-004
 9.851500e+001  9.551912e-005
 9.876250e+001  1.220629e-004
 9.901000e+001  1.059385e-004
 9.925750e+001  8.810824e-005
 9.950500e+001  8.845581e-005
 9.975250e+001  2.115911e-004
 1.000000e+002  4.802449e-004
