 1.000000e+001  6.073455e-004
 1.061875e+001  5.510564e-004
 1.123750e+001  5.472231e-004
 1.185625e+001  5.466847e-004
 1.247500e+001  5.502836e-004
 1.309375e+001  7.555108e-004
 1.371250e+001  6.911141e-004
 1.433125e+001  4.416432e-004
 1.495000e+001  4.040588e-004
 1.556875e+001  3.902612e-004
 1.618750e+001  3.791630e-004
 1.680625e+001  3.091849e-004
 1.742500e+001  3.499057e-004
 1.804375e+001  3.313481e-004
 1.866250e+001  3.337352e-004
 1.928125e+001  3.019052e-004
 1.990000e+001  1.943748e-004
 2.051875e+001  2.624727e-004
 2.113750e+001  3.115132e-004
 2.175625e+001  3.085658e-004
 2.237500e+001  2.607383e-004
 2.299375e+001  2.678536e-004
 2.361250e+001  2.639697e-004
 2.423125e+001  2.584168e-004
 2.485000e+001  2.783409e-004
 2.546875e+001  3.354383e-004
 2.608750e+001  3.740408e-004
 2.670625e+001  3.566657e-004
 2.732500e+001  3.615958e-004
 2.794375e+001  3.378791e-004
 2.856250e+001  2.346354e-004
 2.918125e+001  2.403904e-004
 2.980000e+001  3.427521e-004
 3.041875e+001  3.762200e-004
 3.103750e+001  3.639430e-004
 3.165625e+001  3.730413e-004
 3.227500e+001  3.648150e-004
 3.289375e+001  2.983464e-004
 3.351250e+001  2.670301e-004
 3.413125e+001  2.813594e-004
 3.475000e+001  2.987307e-004
 3.536875e+001  2.477672e-004
 3.598750e+001  1.815053e-004
 3.660625e+001  1.940414e-004
 3.722500e+001  2.048087e-004
 3.784375e+001  2.033638e-004
 3.846250e+001  2.659458e-004
 3.908125e+001  3.435672e-004
 3.970000e+001  3.870591e-004
 4.031875e+001  2.929567e-004
 4.093750e+001  2.802039e-004
 4.155625e+001  2.279967e-004
 4.217500e+001  2.173000e-004
 4.279375e+001  3.054191e-004
 4.341250e+001  3.391840e-004
 4.403125e+001  3.299220e-004
 4.465000e+001  3.278942e-004
 4.526875e+001  3.561743e-004
 4.588750e+001  3.658898e-004
 4.650625e+001  3.162377e-004
 4.712500e+001  2.353415e-004
 4.774375e+001  2.185906e-004
 4.836250e+001  2.262775e-004
 4.898125e+001  2.663535e-004
 4.960000e+001  1.605813e-003
 5.021875e+001  1.921746e-003
 5.083750e+001  5.252895e-004
 5.145625e+001  1.746286e-004
 5.207500e+001  1.506616e-004
 5.269375e+001  1.856788e-004
 5.331250e+001  2.259597e-004
 5.393125e+001  2.301818e-004
 5.455000e+001  2.486965e-004
 5.516875e+001  2.366590e-004
 5.578750e+001  2.295084e-004
 5.640625e+001  2.336270e-004
 5.702500e+001  1.988777e-004
 5.764375e+001  2.292156e-004
 5.826250e+001  1.820346e-004
 5.888125e+001  1.659016e-004
 5.950000e+001  1.861146e-004
 6.011875e+001  1.880646e-004
 6.073750e+001  1.631060e-004
 6.135625e+001  1.644984e-004
 6.197500e+001  1.675169e-004
 6.259375e+001  2.016770e-004
 6.321250e+001  1.969557e-004
 6.383125e+001  1.905061e-004
 6.445000e+001  2.045216e-004
 6.506875e+001  2.077638e-004
 6.568750e+001  2.159873e-004
 6.630625e+001  2.172442e-004
 6.692500e+001  1.840252e-004
 6.754375e+001  1.849135e-004
 6.816250e+001  2.143965e-004
 6.878125e+001  2.051471e-004
 6.940000e+001  1.742880e-004
 7.001875e+001  1.385719e-004
 7.063750e+001  1.382864e-004
 7.125625e+001  1.252475e-004
 7.187500e+001  1.063476e-004
 7.249375e+001  1.008077e-004
 7.311250e+001  1.072163e-004
 7.373125e+001  1.290810e-004
 7.435000e+001  1.678914e-004
 7.496875e+001  1.634639e-004
 7.558750e+001  1.906299e-004
 7.620625e+001  1.722940e-004
 7.682500e+001  1.316291e-004
 7.744375e+001  1.360250e-004
 7.806250e+001  1.242892e-004
 7.868125e+001  1.162722e-004
 7.930000e+001  1.028063e-004
 7.991875e+001  9.174800e-005
 8.053750e+001  1.103207e-004
 8.115625e+001  1.288429e-004
 8.177500e+001  1.498089e-004
 8.239375e+001  1.980841e-004
 8.301250e+001  1.727179e-004
 8.363125e+001  1.674074e-004
 8.425000e+001  1.512725e-004
 8.486875e+001  1.392827e-004
 8.548750e+001  1.403814e-004
 8.610625e+001  1.444666e-004
 8.672500e+001  1.470001e-004
 8.734375e+001  1.381209e-004
 8.796250e+001  1.266394e-004
 8.858125e+001  1.199976e-004
 8.920000e+001  1.169255e-004
 8.981875e+001  1.237379e-004
 9.043750e+001  1.221559e-004
 9.105625e+001  1.468214e-004
 9.167500e+001  1.476869e-004
 9.229375e+001  1.168261e-004
 9.291250e+001  1.037735e-004
 9.353125e+001  9.207726e-005
 9.415000e+001  1.170037e-004
 9.476875e+001  1.199841e-004
 9.538750e+001  1.166852e-004
 9.600625e+001  1.317568e-004
 9.662500e+001  1.122593e-004
 9.724375e+001  1.098346e-004
 9.786250e+001  1.098687e-004
 9.848125e+001  9.801043e-005
 9.910000e+001  1.148427e-004
 9.971875e+001  1.672918e-004
 1.003375e+002  1.484123e-004
 1.009563e+002  1.026680e-004
 1.015750e+002  1.066605e-004
 1.021938e+002  1.158493e-004
 1.028125e+002  1.249768e-004
 1.034313e+002  9.882260e-005
 1.040500e+002  1.006145e-004
 1.046688e+002  9.704211e-005
 1.052875e+002  1.014113e-004
 1.059063e+002  1.025717e-004
 1.065250e+002  8.957716e-005
 1.071438e+002  8.415389e-005
 1.077625e+002  1.101572e-004
 1.083813e+002  1.135360e-004
 1.090000e+002  1.055998e-004
 1.096188e+002  1.122510e-004
 1.102375e+002  1.012807e-004
 1.108563e+002  9.113420e-005
 1.114750e+002  9.838327e-005
 1.120938e+002  9.378830e-005
 1.127125e+002  9.962249e-005
 1.133313e+002  1.066128e-004
 1.139500e+002  1.088596e-004
 1.145688e+002  1.102363e-004
 1.151875e+002  1.119749e-004
 1.158063e+002  1.069714e-004
 1.164250e+002  1.095663e-004
 1.170438e+002  1.031076e-004
 1.176625e+002  1.024824e-004
 1.182813e+002  9.322581e-005
 1.189000e+002  8.424816e-005
 1.195188e+002  9.542675e-005
 1.201375e+002  1.038734e-004
 1.207563e+002  1.260479e-004
 1.213750e+002  1.164363e-004
 1.219938e+002  1.100858e-004
 1.226125e+002  9.779274e-005
 1.232313e+002  8.991416e-005
 1.238500e+002  9.785317e-005
 1.244688e+002  7.868313e-005
 1.250875e+002  8.067610e-005
 1.257063e+002  8.745861e-005
 1.263250e+002  8.524433e-005
 1.269438e+002  9.267040e-005
 1.275625e+002  1.077307e-004
 1.281813e+002  9.399184e-005
 1.288000e+002  9.308760e-005
 1.294188e+002  1.115683e-004
 1.300375e+002  8.931098e-005
 1.306563e+002  1.003898e-004
 1.312750e+002  1.044703e-004
 1.318938e+002  1.128589e-004
 1.325125e+002  1.074946e-004
 1.331313e+002  1.025307e-004
 1.337500e+002  1.074446e-004
 1.343688e+002  1.031211e-004
 1.349875e+002  9.988506e-005
 1.356063e+002  9.087345e-005
 1.362250e+002  1.092877e-004
 1.368438e+002  1.211060e-004
 1.374625e+002  1.173527e-004
 1.380813e+002  1.111178e-004
 1.387000e+002  8.780175e-005
 1.393188e+002  9.293132e-005
 1.399375e+002  8.966339e-005
 1.405563e+002  8.610895e-005
 1.411750e+002  8.220053e-005
 1.417938e+002  7.889762e-005
 1.424125e+002  8.516753e-005
 1.430313e+002  8.257816e-005
 1.436500e+002  7.145275e-005
 1.442688e+002  6.985744e-005
 1.448875e+002  8.730622e-005
 1.455063e+002  8.961542e-005
 1.461250e+002  8.622744e-005
 1.467438e+002  8.678089e-005
 1.473625e+002  1.048217e-004
 1.479813e+002  8.988634e-005
 1.486000e+002  8.436928e-005
 1.492188e+002  5.051145e-004
 1.498375e+002  1.360890e-003
 1.504563e+002  9.490208e-004
 1.510750e+002  1.404155e-004
 1.516938e+002  9.296546e-005
 1.523125e+002  9.023191e-005
 1.529313e+002  7.393031e-005
 1.535500e+002  7.912836e-005
 1.541688e+002  8.643646e-005
 1.547875e+002  9.277044e-005
 1.554063e+002  9.036666e-005
 1.560250e+002  8.306010e-005
 1.566438e+002  7.882027e-005
 1.572625e+002  8.819862e-005
 1.578813e+002  9.010957e-005
 1.585000e+002  9.180529e-005
 1.591188e+002  8.238508e-005
 1.597375e+002  7.150766e-005
 1.603563e+002  8.749470e-005
 1.609750e+002  9.803978e-005
 1.615938e+002  8.944286e-005
 1.622125e+002  8.950225e-005
 1.628313e+002  1.001252e-004
 1.634500e+002  7.919727e-005
 1.640688e+002  8.127391e-005
 1.646875e+002  1.003143e-004
 1.653063e+002  9.428505e-005
 1.659250e+002  8.195339e-005
 1.665438e+002  8.157908e-005
 1.671625e+002  7.972662e-005
 1.677813e+002  8.791493e-005
 1.684000e+002  7.591794e-005
 1.690188e+002  7.310070e-005
 1.696375e+002  8.155083e-005
 1.702563e+002  7.137767e-005
 1.708750e+002  7.589790e-005
 1.714938e+002  6.762848e-005
 1.721125e+002  7.307158e-005
 1.727313e+002  8.286729e-005
 1.733500e+002  8.693023e-005
 1.739688e+002  7.149744e-005
 1.745875e+002  7.878803e-005
 1.752063e+002  7.576640e-005
 1.758250e+002  7.762594e-005
 1.764438e+002  7.970923e-005
 1.770625e+002  9.024557e-005
 1.776813e+002  8.219477e-005
 1.783000e+002  8.186968e-005
 1.789188e+002  8.791363e-005
 1.795375e+002  7.889825e-005
 1.801563e+002  5.786239e-005
 1.807750e+002  7.457521e-005
 1.813938e+002  8.692077e-005
 1.820125e+002  6.890010e-005
 1.826313e+002  6.530557e-005
 1.832500e+002  7.588226e-005
 1.838688e+002  9.030062e-005
 1.844875e+002  8.869927e-005
 1.851063e+002  8.486211e-005
 1.857250e+002  7.160465e-005
 1.863438e+002  7.932483e-005
 1.869625e+002  8.291786e-005
 1.875813e+002  7.841726e-005
 1.882000e+002  8.206245e-005
 1.888188e+002  8.041901e-005
 1.894375e+002  8.511150e-005
 1.900563e+002  9.707664e-005
 1.906750e+002  9.417907e-005
 1.912938e+002  7.947565e-005
 1.919125e+002  7.583191e-005
 1.925313e+002  7.181533e-005
 1.931500e+002  6.433380e-005
 1.937688e+002  6.692286e-005
 1.943875e+002  7.635858e-005
 1.950063e+002  7.467373e-005
 1.956250e+002  7.891318e-005
 1.962438e+002  8.683021e-005
 1.968625e+002  8.254047e-005
 1.974813e+002  7.485949e-005
 1.981000e+002  7.349872e-005
 1.987188e+002  6.705301e-005
 1.993375e+002  7.818192e-005
 1.999563e+002  1.175020e-004
 2.005750e+002  8.609884e-005
 2.011938e+002  7.097608e-005
 2.018125e+002  8.199616e-005
 2.024313e+002  7.975007e-005
 2.030500e+002  8.176488e-005
 2.036688e+002  7.440500e-005
 2.042875e+002  7.245968e-005
 2.049063e+002  7.207596e-005
 2.055250e+002  7.332720e-005
 2.061438e+002  8.056856e-005
 2.067625e+002  6.921765e-005
 2.073813e+002  8.370706e-005
 2.080000e+002  7.189913e-005
 2.086188e+002  7.547790e-005
 2.092375e+002  8.140263e-005
 2.098563e+002  7.016736e-005
 2.104750e+002  7.526267e-005
 2.110938e+002  6.957409e-005
 2.117125e+002  6.711713e-005
 2.123313e+002  6.634615e-005
 2.129500e+002  7.897956e-005
 2.135688e+002  7.881215e-005
 2.141875e+002  6.933302e-005
 2.148063e+002  7.687293e-005
 2.154250e+002  7.513171e-005
 2.160438e+002  7.855665e-005
 2.166625e+002  7.960724e-005
 2.172813e+002  7.908047e-005
 2.179000e+002  7.018592e-005
 2.185188e+002  8.066843e-005
 2.191375e+002  7.115638e-005
 2.197563e+002  7.151495e-005
 2.203750e+002  7.934980e-005
 2.209938e+002  6.826627e-005
 2.216125e+002  6.941133e-005
 2.222313e+002  7.626135e-005
 2.228500e+002  8.704240e-005
 2.234688e+002  9.135511e-005
 2.240875e+002  7.747985e-005
 2.247063e+002  8.796795e-005
 2.253250e+002  8.808782e-005
 2.259438e+002  6.468600e-005
 2.265625e+002  6.395945e-005
 2.271813e+002  7.096722e-005
 2.278000e+002  7.972155e-005
 2.284188e+002  8.046955e-005
 2.290375e+002  6.609983e-005
 2.296563e+002  7.071483e-005
 2.302750e+002  7.176476e-005
 2.308938e+002  7.228165e-005
 2.315125e+002  7.757811e-005
 2.321313e+002  7.879946e-005
 2.327500e+002  7.013529e-005
 2.333688e+002  7.363023e-005
 2.339875e+002  7.783329e-005
 2.346063e+002  7.993095e-005
 2.352250e+002  6.808153e-005
 2.358438e+002  6.826539e-005
 2.364625e+002  7.561714e-005
 2.370813e+002  7.929305e-005
 2.377000e+002  7.473835e-005
 2.383188e+002  6.981805e-005
 2.389375e+002  8.242483e-005
 2.395563e+002  7.706604e-005
 2.401750e+002  7.179860e-005
 2.407938e+002  7.676221e-005
 2.414125e+002  7.627670e-005
 2.420313e+002  7.014338e-005
 2.426500e+002  7.722651e-005
 2.432688e+002  7.462283e-005
 2.438875e+002  6.587661e-005
 2.445063e+002  6.940543e-005
 2.451250e+002  7.225097e-005
 2.457438e+002  7.975008e-005
 2.463625e+002  8.057474e-005
 2.469813e+002  6.739298e-005
 2.476000e+002  7.187254e-005
 2.482188e+002  7.293438e-005
 2.488375e+002  7.826151e-005
 2.494563e+002  3.232967e-004
 2.500750e+002  4.700320e-004
 2.506938e+002  1.987489e-004
 2.513125e+002  7.792693e-005
 2.519313e+002  7.598831e-005
 2.525500e+002  6.647493e-005
 2.531688e+002  5.836316e-005
 2.537875e+002  6.917453e-005
 2.544063e+002  7.164687e-005
 2.550250e+002  6.543364e-005
 2.556438e+002  6.275584e-005
 2.562625e+002  7.677020e-005
 2.568813e+002  7.279495e-005
 2.575000e+002  6.837022e-005
 2.581188e+002  6.622964e-005
 2.587375e+002  6.908668e-005
 2.593563e+002  6.392705e-005
 2.599750e+002  7.169609e-005
 2.605938e+002  8.382941e-005
 2.612125e+002  8.513998e-005
 2.618313e+002  7.758986e-005
 2.624500e+002  7.093448e-005
 2.630688e+002  7.934851e-005
 2.636875e+002  8.756921e-005
 2.643063e+002  8.474909e-005
 2.649250e+002  7.498862e-005
 2.655438e+002  5.778221e-005
 2.661625e+002  7.716952e-005
 2.667813e+002  8.399123e-005
 2.674000e+002  6.968666e-005
 2.680188e+002  7.518888e-005
 2.686375e+002  7.204082e-005
 2.692563e+002  6.707332e-005
 2.698750e+002  6.543408e-005
 2.704938e+002  7.636862e-005
 2.711125e+002  7.933171e-005
 2.717313e+002  8.907075e-005
 2.723500e+002  9.132559e-005
 2.729688e+002  7.876523e-005
 2.735875e+002  8.265591e-005
 2.742063e+002  7.228861e-005
 2.748250e+002  7.482731e-005
 2.754438e+002  7.195042e-005
 2.760625e+002  7.355024e-005
 2.766813e+002  6.110557e-005
 2.773000e+002  7.416239e-005
 2.779188e+002  7.761087e-005
 2.785375e+002  7.045116e-005
 2.791563e+002  7.182095e-005
 2.797750e+002  7.870413e-005
 2.803938e+002  7.990927e-005
 2.810125e+002  7.482471e-005
 2.816313e+002  6.696166e-005
 2.822500e+002  6.653231e-005
 2.828688e+002  7.388419e-005
 2.834875e+002  7.157331e-005
 2.841063e+002  7.368623e-005
 2.847250e+002  6.718876e-005
 2.853438e+002  5.626140e-005
 2.859625e+002  6.538032e-005
 2.865813e+002  6.551384e-005
 2.872000e+002  6.659672e-005
 2.878188e+002  7.003565e-005
 2.884375e+002  6.824952e-005
 2.890563e+002  7.566070e-005
 2.896750e+002  8.440125e-005
 2.902938e+002  8.883273e-005
 2.909125e+002  8.073524e-005
 2.915313e+002  7.494825e-005
 2.921500e+002  6.501100e-005
 2.927688e+002  7.141649e-005
 2.933875e+002  7.993491e-005
 2.940063e+002  8.845987e-005
 2.946250e+002  8.135437e-005
 2.952438e+002  7.701995e-005
 2.958625e+002  7.870545e-005
 2.964813e+002  8.586075e-005
 2.971000e+002  7.370024e-005
 2.977188e+002  8.108381e-005
 2.983375e+002  7.297073e-005
 2.989563e+002  7.426283e-005
 2.995750e+002  8.115450e-005
 3.001938e+002  7.773722e-005
 3.008125e+002  7.458175e-005
 3.014313e+002  7.441511e-005
 3.020500e+002  7.797367e-005
 3.026688e+002  7.089836e-005
 3.032875e+002  7.498661e-005
 3.039063e+002  7.904000e-005
 3.045250e+002  8.007463e-005
 3.051438e+002  6.978672e-005
 3.057625e+002  7.229426e-005
 3.063813e+002  7.246289e-005
 3.070000e+002  6.796729e-005
 3.076188e+002  6.790546e-005
 3.082375e+002  7.325939e-005
 3.088563e+002  7.787939e-005
 3.094750e+002  6.863113e-005
 3.100938e+002  6.868142e-005
 3.107125e+002  6.108305e-005
 3.113313e+002  6.160549e-005
 3.119500e+002  6.561238e-005
 3.125688e+002  6.766212e-005
 3.131875e+002  7.032557e-005
 3.138063e+002  7.400504e-005
 3.144250e+002  7.193416e-005
 3.150437e+002  7.167714e-005
 3.156625e+002  7.879489e-005
 3.162812e+002  8.256799e-005
 3.169000e+002  7.739177e-005
 3.175187e+002  6.618527e-005
 3.181375e+002  7.594801e-005
 3.187562e+002  8.169169e-005
 3.193750e+002  7.309799e-005
 3.199937e+002  7.555993e-005
 3.206125e+002  7.530139e-005
 3.212312e+002  8.609487e-005
 3.218500e+002  7.791933e-005
 3.224687e+002  6.707367e-005
 3.230875e+002  6.617938e-005
 3.237062e+002  5.774008e-005
 3.243250e+002  6.050805e-005
 3.249437e+002  6.688392e-005
 3.255625e+002  8.096935e-005
 3.261812e+002  7.000779e-005
 3.268000e+002  8.397065e-005
 3.274187e+002  7.595042e-005
 3.280375e+002  6.589826e-005
 3.286562e+002  6.580784e-005
 3.292750e+002  6.388788e-005
 3.298937e+002  6.638407e-005
 3.305125e+002  7.034842e-005
 3.311312e+002  6.867549e-005
 3.317500e+002  7.136280e-005
 3.323687e+002  7.481833e-005
 3.329875e+002  7.745258e-005
 3.336062e+002  7.611784e-005
 3.342250e+002  7.502721e-005
 3.348437e+002  7.431661e-005
 3.354625e+002  7.292884e-005
 3.360812e+002  7.388531e-005
 3.367000e+002  6.784223e-005
 3.373187e+002  6.461829e-005
 3.379375e+002  7.261233e-005
 3.385562e+002  6.484685e-005
 3.391750e+002  6.689216e-005
 3.397937e+002  6.846315e-005
 3.404125e+002  7.472067e-005
 3.410312e+002  7.417580e-005
 3.416500e+002  6.766288e-005
 3.422687e+002  6.343553e-005
 3.428875e+002  6.137284e-005
 3.435062e+002  6.577171e-005
 3.441250e+002  6.907430e-005
 3.447437e+002  6.978522e-005
 3.453625e+002  7.212777e-005
 3.459812e+002  7.250083e-005
 3.466000e+002  7.575569e-005
 3.472187e+002  8.253088e-005
 3.478375e+002  8.309832e-005
 3.484562e+002  7.953766e-005
 3.490750e+002  6.635578e-005
 3.496937e+002  7.699404e-005
 3.503125e+002  7.532073e-005
 3.509312e+002  6.399737e-005
 3.515500e+002  6.435576e-005
 3.521687e+002  6.621847e-005
 3.527875e+002  7.118913e-005
 3.534062e+002  7.289062e-005
 3.540250e+002  8.037280e-005
 3.546437e+002  8.315066e-005
 3.552625e+002  7.161545e-005
 3.558812e+002  7.490640e-005
 3.565000e+002  6.960550e-005
 3.571187e+002  7.601165e-005
 3.577375e+002  7.085961e-005
 3.583562e+002  6.536738e-005
 3.589750e+002  6.118203e-005
 3.595937e+002  6.695284e-005
 3.602125e+002  7.709341e-005
 3.608312e+002  7.397774e-005
 3.614500e+002  7.305008e-005
 3.620687e+002  7.668551e-005
 3.626875e+002  7.590715e-005
 3.633062e+002  6.936433e-005
 3.639250e+002  7.592926e-005
 3.645437e+002  7.259078e-005
 3.651625e+002  7.361628e-005
 3.657812e+002  6.431249e-005
 3.664000e+002  5.739379e-005
 3.670187e+002  7.190663e-005
 3.676375e+002  7.598348e-005
 3.682562e+002  7.049934e-005
 3.688750e+002  6.973973e-005
 3.694937e+002  6.637782e-005
 3.701125e+002  7.104421e-005
 3.707312e+002  7.453996e-005
 3.713500e+002  7.528413e-005
 3.719687e+002  6.087960e-005
 3.725875e+002  6.389042e-005
 3.732062e+002  6.980870e-005
 3.738250e+002  6.613880e-005
 3.744437e+002  6.511212e-005
 3.750625e+002  5.564929e-005
 3.756812e+002  7.019303e-005
 3.763000e+002  8.543739e-005
 3.769187e+002  7.217109e-005
 3.775375e+002  7.374472e-005
 3.781562e+002  8.738352e-005
 3.787750e+002  7.604033e-005
 3.793937e+002  6.458866e-005
 3.800125e+002  6.969805e-005
 3.806312e+002  7.474427e-005
 3.812500e+002  7.398274e-005
 3.818687e+002  7.621191e-005
 3.824875e+002  6.397934e-005
 3.831062e+002  6.209710e-005
 3.837250e+002  6.424459e-005
 3.843437e+002  6.433052e-005
 3.849625e+002  7.283116e-005
 3.855812e+002  6.525151e-005
 3.862000e+002  6.333254e-005
 3.868187e+002  6.735109e-005
 3.874375e+002  6.647839e-005
 3.880562e+002  6.914086e-005
 3.886750e+002  7.176624e-005
 3.892937e+002  7.106375e-005
 3.899125e+002  7.201448e-005
 3.905312e+002  6.874205e-005
 3.911500e+002  6.803742e-005
 3.917687e+002  6.969979e-005
 3.923875e+002  7.093923e-005
 3.930062e+002  7.392749e-005
 3.936250e+002  6.991602e-005
 3.942437e+002  6.114771e-005
 3.948625e+002  6.719634e-005
 3.954812e+002  7.081631e-005
 3.961000e+002  7.422319e-005
 3.967187e+002  7.927276e-005
 3.973375e+002  7.735673e-005
 3.979562e+002  7.338048e-005
 3.985750e+002  7.265171e-005
 3.991937e+002  6.896221e-005
 3.998125e+002  7.517110e-005
 4.004312e+002  7.732289e-005
 4.010500e+002  7.414670e-005
 4.016687e+002  7.305206e-005
 4.022875e+002  8.558537e-005
 4.029062e+002  8.468035e-005
 4.035250e+002  7.097017e-005
 4.041437e+002  5.932944e-005
 4.047625e+002  5.894178e-005
 4.053812e+002  7.089195e-005
 4.060000e+002  7.870872e-005
 4.066187e+002  7.626445e-005
 4.072375e+002  6.507630e-005
 4.078562e+002  6.380729e-005
 4.084750e+002  6.380908e-005
 4.090937e+002  5.911815e-005
 4.097125e+002  6.736619e-005
 4.103312e+002  6.384050e-005
 4.109500e+002  6.580249e-005
 4.115687e+002  5.989627e-005
 4.121875e+002  6.407585e-005
 4.128062e+002  6.944300e-005
 4.134250e+002  7.791156e-005
 4.140437e+002  7.995354e-005
 4.146625e+002  8.107398e-005
 4.152812e+002  7.949513e-005
 4.159000e+002  7.910384e-005
 4.165187e+002  7.546597e-005
 4.171375e+002  7.491130e-005
 4.177562e+002  7.119063e-005
 4.183750e+002  7.154345e-005
 4.189937e+002  7.369418e-005
 4.196125e+002  8.254061e-005
 4.202312e+002  8.477894e-005
 4.208500e+002  8.372200e-005
 4.214687e+002  6.732192e-005
 4.220875e+002  7.219091e-005
 4.227062e+002  6.774081e-005
 4.233250e+002  7.096991e-005
 4.239437e+002  7.109008e-005
 4.245625e+002  6.802168e-005
 4.251812e+002  5.641337e-005
 4.258000e+002  7.337877e-005
 4.264187e+002  7.639474e-005
 4.270375e+002  6.760974e-005
 4.276562e+002  6.666922e-005
 4.282750e+002  6.989705e-005
 4.288937e+002  7.177816e-005
 4.295125e+002  7.387024e-005
 4.301312e+002  7.257189e-005
 4.307500e+002  6.949848e-005
 4.313687e+002  7.811115e-005
 4.319875e+002  7.915756e-005
 4.326062e+002  7.030365e-005
 4.332250e+002  6.528364e-005
 4.338437e+002  7.128774e-005
 4.344625e+002  6.932977e-005
 4.350812e+002  7.056329e-005
 4.357000e+002  8.044974e-005
 4.363187e+002  7.678396e-005
 4.369375e+002  8.068091e-005
 4.375562e+002  7.657288e-005
 4.381750e+002  6.800221e-005
 4.387937e+002  6.939227e-005
 4.394125e+002  7.287764e-005
 4.400312e+002  8.089490e-005
 4.406500e+002  9.040260e-005
 4.412687e+002  7.834619e-005
 4.418875e+002  7.113842e-005
 4.425062e+002  6.833692e-005
 4.431250e+002  7.342566e-005
 4.437437e+002  7.096317e-005
 4.443625e+002  6.122973e-005
 4.449812e+002  6.429320e-005
 4.456000e+002  7.054349e-005
 4.462187e+002  6.959897e-005
 4.468375e+002  6.028357e-005
 4.474562e+002  5.641455e-005
 4.480750e+002  6.055807e-005
 4.486937e+002  5.338709e-005
 4.493125e+002  1.285293e-004
 4.499312e+002  2.156294e-004
 4.505500e+002  1.249598e-004
 4.511687e+002  6.552792e-005
 4.517875e+002  7.110005e-005
 4.524062e+002  6.288108e-005
 4.530250e+002  6.010238e-005
 4.536437e+002  6.942765e-005
 4.542625e+002  6.688958e-005
 4.548812e+002  7.147764e-005
 4.555000e+002  7.239377e-005
 4.561187e+002  8.014220e-005
 4.567375e+002  7.855364e-005
 4.573562e+002  6.546291e-005
 4.579750e+002  6.216551e-005
 4.585937e+002  6.023791e-005
 4.592125e+002  7.416820e-005
 4.598312e+002  7.904647e-005
 4.604500e+002  7.141089e-005
 4.610687e+002  6.404290e-005
 4.616875e+002  7.151220e-005
 4.623062e+002  7.130838e-005
 4.629250e+002  6.791111e-005
 4.635437e+002  5.942810e-005
 4.641625e+002  6.810338e-005
 4.647812e+002  7.039464e-005
 4.654000e+002  7.023494e-005
 4.660187e+002  7.673260e-005
 4.666375e+002  8.445656e-005
 4.672562e+002  7.423618e-005
 4.678750e+002  6.478694e-005
 4.684937e+002  7.552382e-005
 4.691125e+002  7.119124e-005
 4.697312e+002  6.203151e-005
 4.703500e+002  6.596628e-005
 4.709687e+002  6.351148e-005
 4.715875e+002  6.808559e-005
 4.722062e+002  7.117776e-005
 4.728250e+002  6.215396e-005
 4.734437e+002  5.712529e-005
 4.740625e+002  6.582550e-005
 4.746812e+002  7.290862e-005
 4.753000e+002  7.040962e-005
 4.759187e+002  6.848909e-005
 4.765375e+002  7.123998e-005
 4.771562e+002  6.780015e-005
 4.777750e+002  6.950308e-005
 4.783937e+002  6.300951e-005
 4.790125e+002  6.601107e-005
 4.796312e+002  7.102660e-005
 4.802500e+002  8.115980e-005
 4.808687e+002  6.610642e-005
 4.814875e+002  6.399576e-005
 4.821062e+002  6.284878e-005
 4.827250e+002  7.346233e-005
 4.833437e+002  6.945572e-005
 4.839625e+002  6.683707e-005
 4.845812e+002  7.381175e-005
 4.852000e+002  8.004540e-005
 4.858187e+002  7.229073e-005
 4.864375e+002  6.756151e-005
 4.870562e+002  5.785987e-005
 4.876750e+002  6.732758e-005
 4.882937e+002  6.921520e-005
 4.889125e+002  7.633764e-005
 4.895312e+002  6.956433e-005
 4.901500e+002  5.983783e-005
 4.907687e+002  7.458507e-005
 4.913875e+002  6.568333e-005
 4.920062e+002  6.587448e-005
 4.926250e+002  6.165451e-005
 4.932437e+002  5.450372e-005
 4.938625e+002  5.925944e-005
 4.944812e+002  7.931656e-005
 4.951000e+002  8.915949e-005
 4.957187e+002  8.170784e-005
 4.963375e+002  7.739051e-005
 4.969562e+002  6.946800e-005
 4.975750e+002  7.077304e-005
 4.981937e+002  6.814463e-005
 4.988125e+002  6.495227e-005
 4.994312e+002  7.009193e-005
 5.000500e+002  8.086428e-005
 5.006687e+002  7.349375e-005
 5.012875e+002  6.123406e-005
 5.019062e+002  6.724821e-005
 5.025250e+002  7.508982e-005
 5.031437e+002  7.177462e-005
 5.037625e+002  5.805180e-005
 5.043812e+002  7.435658e-005
 5.050000e+002  7.619332e-005
 5.056187e+002  6.951047e-005
 5.062375e+002  6.381260e-005
 5.068562e+002  6.831114e-005
 5.074750e+002  7.626265e-005
 5.080937e+002  6.661922e-005
 5.087125e+002  5.645456e-005
 5.093312e+002  5.467128e-005
 5.099500e+002  6.711136e-005
 5.105687e+002  6.629332e-005
 5.111875e+002  6.854753e-005
 5.118062e+002  6.608503e-005
 5.124250e+002  6.699024e-005
 5.130437e+002  7.287657e-005
 5.136625e+002  6.900401e-005
 5.142812e+002  7.512605e-005
 5.149000e+002  6.333262e-005
 5.155187e+002  6.890366e-005
 5.161375e+002  6.852535e-005
 5.167562e+002  7.152872e-005
 5.173750e+002  7.318241e-005
 5.179937e+002  7.511613e-005
 5.186125e+002  7.611720e-005
 5.192312e+002  6.788583e-005
 5.198500e+002  7.065789e-005
 5.204687e+002  8.568920e-005
 5.210875e+002  7.355629e-005
 5.217062e+002  6.599786e-005
 5.223250e+002  6.878448e-005
 5.229437e+002  7.403990e-005
 5.235625e+002  7.046842e-005
 5.241812e+002  7.091254e-005
 5.248000e+002  7.096514e-005
 5.254187e+002  7.698790e-005
 5.260375e+002  6.954884e-005
 5.266562e+002  6.559130e-005
 5.272750e+002  6.294566e-005
 5.278937e+002  6.307259e-005
 5.285125e+002  7.039902e-005
 5.291312e+002  5.976900e-005
 5.297500e+002  6.661298e-005
 5.303687e+002  7.057079e-005
 5.309875e+002  6.429254e-005
 5.316062e+002  6.708639e-005
 5.322250e+002  6.827022e-005
 5.328437e+002  7.541663e-005
 5.334625e+002  7.825644e-005
 5.340812e+002  7.268585e-005
 5.347000e+002  6.729647e-005
 5.353187e+002  5.719642e-005
 5.359375e+002  6.985466e-005
 5.365562e+002  6.684266e-005
 5.371750e+002  6.603663e-005
 5.377937e+002  7.367187e-005
 5.384125e+002  7.309503e-005
 5.390312e+002  6.881826e-005
 5.396500e+002  6.428820e-005
 5.402687e+002  6.215297e-005
 5.408875e+002  5.933203e-005
 5.415062e+002  6.884351e-005
 5.421250e+002  8.218330e-005
 5.427437e+002  7.560336e-005
 5.433625e+002  7.347140e-005
 5.439812e+002  7.255323e-005
 5.446000e+002  6.462404e-005
 5.452187e+002  6.163380e-005
 5.458375e+002  6.961973e-005
 5.464562e+002  7.537376e-005
 5.470750e+002  7.923339e-005
 5.476937e+002  6.499212e-005
 5.483125e+002  6.411325e-005
 5.489312e+002  6.741497e-005
 5.495500e+002  9.747418e-005
 5.501687e+002  1.089539e-004
 5.507875e+002  7.257051e-005
 5.514062e+002  7.800133e-005
 5.520250e+002  7.564247e-005
 5.526437e+002  6.427561e-005
 5.532625e+002  6.984085e-005
 5.538812e+002  5.551923e-005
 5.545000e+002  6.175248e-005
 5.551187e+002  6.438703e-005
 5.557375e+002  6.507656e-005
 5.563562e+002  6.832603e-005
 5.569750e+002  6.197951e-005
 5.575937e+002  6.288317e-005
 5.582125e+002  5.763499e-005
 5.588312e+002  6.541396e-005
 5.594500e+002  6.815053e-005
 5.600687e+002  7.221408e-005
 5.606875e+002  6.671953e-005
 5.613062e+002  5.572982e-005
 5.619250e+002  6.143606e-005
 5.625437e+002  7.191689e-005
 5.631625e+002  7.415838e-005
 5.637812e+002  7.501224e-005
 5.644000e+002  7.835951e-005
 5.650187e+002  7.797746e-005
 5.656375e+002  7.821824e-005
 5.662562e+002  7.332898e-005
 5.668750e+002  6.278586e-005
 5.674937e+002  6.179538e-005
 5.681125e+002  6.620062e-005
 5.687312e+002  6.790200e-005
 5.693500e+002  6.554629e-005
 5.699687e+002  6.567446e-005
 5.705875e+002  7.104954e-005
 5.712062e+002  8.318477e-005
 5.718250e+002  7.298200e-005
 5.724437e+002  6.625578e-005
 5.730625e+002  6.992025e-005
 5.736812e+002  6.646071e-005
 5.743000e+002  5.454878e-005
 5.749187e+002  5.660810e-005
 5.755375e+002  6.055713e-005
 5.761562e+002  7.221886e-005
 5.767750e+002  6.839006e-005
 5.773937e+002  6.727000e-005
 5.780125e+002  6.946239e-005
 5.786312e+002  6.804618e-005
 5.792500e+002  7.490699e-005
 5.798687e+002  8.417707e-005
 5.804875e+002  6.496823e-005
 5.811062e+002  7.434577e-005
 5.817250e+002  7.373422e-005
 5.823437e+002  6.295461e-005
 5.829625e+002  7.937368e-005
 5.835812e+002  6.831344e-005
 5.842000e+002  6.099616e-005
 5.848187e+002  5.454602e-005
 5.854375e+002  5.489214e-005
 5.860562e+002  6.922356e-005
 5.866750e+002  7.402351e-005
 5.872937e+002  6.793656e-005
 5.879125e+002  6.724797e-005
 5.885312e+002  6.920376e-005
 5.891500e+002  6.292109e-005
 5.897687e+002  6.278391e-005
 5.903875e+002  5.879590e-005
 5.910062e+002  6.146301e-005
 5.916250e+002  6.623294e-005
 5.922437e+002  6.790091e-005
 5.928625e+002  6.454942e-005
 5.934812e+002  6.195021e-005
 5.941000e+002  6.869758e-005
 5.947187e+002  6.536502e-005
 5.953375e+002  6.318707e-005
 5.959562e+002  6.615085e-005
 5.965750e+002  6.631412e-005
 5.971937e+002  6.113498e-005
 5.978125e+002  6.146063e-005
 5.984312e+002  7.204414e-005
 5.990500e+002  6.091846e-005
 5.996687e+002  4.985401e-005
 6.002875e+002  7.375216e-005
 6.009062e+002  7.594348e-005
 6.015250e+002  6.128208e-005
 6.021437e+002  7.458303e-005
 6.027625e+002  8.300963e-005
 6.033812e+002  7.685953e-005
 6.040000e+002  7.656855e-005
 6.046187e+002  7.369994e-005
 6.052375e+002  6.556708e-005
 6.058562e+002  6.495785e-005
 6.064750e+002  7.202048e-005
 6.070937e+002  7.046554e-005
 6.077125e+002  6.622713e-005
 6.083312e+002  6.619525e-005
 6.089500e+002  6.719160e-005
 6.095687e+002  7.320872e-005
 6.101875e+002  8.071087e-005
 6.108062e+002  7.134385e-005
 6.114250e+002  6.722422e-005
 6.120437e+002  6.576511e-005
 6.126625e+002  6.162005e-005
 6.132812e+002  6.464611e-005
 6.139000e+002  5.852880e-005
 6.145187e+002  6.756891e-005
 6.151375e+002  6.167627e-005
 6.157562e+002  6.790345e-005
 6.163750e+002  6.501753e-005
 6.169937e+002  6.206729e-005
 6.176125e+002  7.576748e-005
 6.182312e+002  7.209425e-005
 6.188500e+002  6.278693e-005
 6.194687e+002  7.919353e-005
 6.200875e+002  7.188922e-005
 6.207062e+002  7.820903e-005
 6.213250e+002  8.173512e-005
 6.219437e+002  7.418084e-005
 6.225625e+002  6.854190e-005
 6.231812e+002  7.428627e-005
 6.238000e+002  7.536369e-005
 6.244187e+002  6.291146e-005
 6.250375e+002  5.856255e-005
 6.256562e+002  6.779753e-005
 6.262750e+002  6.788131e-005
 6.268937e+002  7.201192e-005
 6.275125e+002  7.236481e-005
 6.281312e+002  6.445121e-005
 6.287500e+002  6.892093e-005
 6.293687e+002  7.002436e-005
 6.299875e+002  6.545856e-005
 6.306062e+002  6.224163e-005
 6.312250e+002  6.983493e-005
 6.318437e+002  6.706859e-005
 6.324625e+002  5.893957e-005
 6.330812e+002  6.287453e-005
 6.337000e+002  5.631008e-005
 6.343187e+002  6.549529e-005
 6.349375e+002  5.975618e-005
 6.355562e+002  6.375705e-005
 6.361750e+002  7.793849e-005
 6.367937e+002  6.913192e-005
 6.374125e+002  6.895350e-005
 6.380312e+002  6.968207e-005
 6.386500e+002  6.509708e-005
 6.392687e+002  6.555153e-005
 6.398875e+002  6.877549e-005
 6.405062e+002  6.689525e-005
 6.411250e+002  6.013834e-005
 6.417437e+002  6.719334e-005
 6.423625e+002  6.580134e-005
 6.429812e+002  6.635304e-005
 6.436000e+002  7.088877e-005
 6.442187e+002  7.630973e-005
 6.448375e+002  7.757842e-005
 6.454562e+002  7.708283e-005
 6.460750e+002  7.955273e-005
 6.466937e+002  7.825786e-005
 6.473125e+002  7.514144e-005
 6.479312e+002  6.741077e-005
 6.485500e+002  7.023089e-005
 6.491687e+002  7.001363e-005
 6.497875e+002  1.054662e-004
 6.504062e+002  8.475773e-005
 6.510250e+002  6.442145e-005
 6.516437e+002  5.997860e-005
 6.522625e+002  6.563391e-005
 6.528812e+002  7.761923e-005
 6.535000e+002  6.155707e-005
 6.541187e+002  6.258283e-005
 6.547375e+002  6.184768e-005
 6.553562e+002  5.588117e-005
 6.559750e+002  4.969160e-005
 6.565937e+002  6.448133e-005
 6.572125e+002  6.399571e-005
 6.578312e+002  7.066304e-005
 6.584500e+002  7.048386e-005
 6.590687e+002  6.990640e-005
 6.596875e+002  6.638938e-005
 6.603062e+002  6.317286e-005
 6.609250e+002  6.817932e-005
 6.615437e+002  8.028103e-005
 6.621625e+002  8.218688e-005
 6.627812e+002  7.562753e-005
 6.634000e+002  7.313686e-005
 6.640187e+002  7.744349e-005
 6.646375e+002  7.848946e-005
 6.652562e+002  8.145947e-005
 6.658750e+002  6.221420e-005
 6.664937e+002  6.360869e-005
 6.671125e+002  6.851145e-005
 6.677312e+002  6.438428e-005
 6.683500e+002  7.449606e-005
 6.689687e+002  8.079140e-005
 6.695875e+002  7.329128e-005
 6.702062e+002  7.232566e-005
 6.708250e+002  6.880374e-005
 6.714437e+002  6.429242e-005
 6.720625e+002  7.091391e-005
 6.726812e+002  7.477574e-005
 6.733000e+002  6.613492e-005
 6.739187e+002  6.619356e-005
 6.745375e+002  6.074184e-005
 6.751562e+002  6.616509e-005
 6.757750e+002  7.852620e-005
 6.763937e+002  6.461021e-005
 6.770125e+002  6.293481e-005
 6.776312e+002  5.935681e-005
 6.782500e+002  5.323251e-005
 6.788687e+002  6.086436e-005
 6.794875e+002  7.571562e-005
 6.801062e+002  7.505643e-005
 6.807250e+002  7.128114e-005
 6.813437e+002  6.718311e-005
 6.819625e+002  7.975031e-005
 6.825812e+002  7.373508e-005
 6.832000e+002  5.455905e-005
 6.838187e+002  6.164747e-005
 6.844375e+002  7.716527e-005
 6.850562e+002  7.043221e-005
 6.856750e+002  7.256625e-005
 6.862937e+002  7.826799e-005
 6.869125e+002  7.464724e-005
 6.875312e+002  7.735335e-005
 6.881500e+002  7.550810e-005
 6.887687e+002  7.604132e-005
 6.893875e+002  7.491832e-005
 6.900062e+002  8.037734e-005
 6.906250e+002  8.341286e-005
 6.912437e+002  7.446704e-005
 6.918625e+002  6.935743e-005
 6.924812e+002  6.233968e-005
 6.931000e+002  6.581003e-005
 6.937187e+002  6.864628e-005
 6.943375e+002  7.380882e-005
 6.949562e+002  6.736071e-005
 6.955750e+002  6.869652e-005
 6.961937e+002  7.621617e-005
 6.968125e+002  6.894023e-005
 6.974312e+002  6.920066e-005
 6.980500e+002  6.640019e-005
 6.986687e+002  6.219486e-005
 6.992875e+002  6.288373e-005
 6.999062e+002  7.802000e-005
 7.005250e+002  7.228276e-005
 7.011437e+002  6.192339e-005
 7.017625e+002  5.796799e-005
 7.023812e+002  6.344057e-005
 7.030000e+002  7.541234e-005
 7.036187e+002  8.285210e-005
 7.042375e+002  6.911316e-005
 7.048562e+002  5.874198e-005
 7.054750e+002  6.301036e-005
 7.060937e+002  6.229864e-005
 7.067125e+002  6.205543e-005
 7.073312e+002  5.713464e-005
 7.079500e+002  6.780229e-005
 7.085687e+002  7.131646e-005
 7.091875e+002  7.677986e-005
 7.098062e+002  7.062000e-005
 7.104250e+002  5.815829e-005
 7.110437e+002  5.948575e-005
 7.116625e+002  6.535992e-005
 7.122812e+002  6.474863e-005
 7.129000e+002  7.553918e-005
 7.135187e+002  6.112874e-005
 7.141375e+002  6.297350e-005
 7.147562e+002  6.819003e-005
 7.153750e+002  6.737919e-005
 7.159937e+002  7.160826e-005
 7.166125e+002  7.175583e-005
 7.172312e+002  6.688358e-005
 7.178500e+002  6.718663e-005
 7.184687e+002  6.309164e-005
 7.190875e+002  6.842192e-005
 7.197062e+002  7.836580e-005
 7.203250e+002  7.465224e-005
 7.209437e+002  8.044545e-005
 7.215625e+002  7.440071e-005
 7.221812e+002  7.763226e-005
 7.228000e+002  7.155340e-005
 7.234187e+002  7.322670e-005
 7.240375e+002  7.178093e-005
 7.246562e+002  6.835477e-005
 7.252750e+002  6.973752e-005
 7.258937e+002  7.284517e-005
 7.265125e+002  6.963526e-005
 7.271312e+002  5.774996e-005
 7.277500e+002  6.076644e-005
 7.283687e+002  5.918104e-005
 7.289875e+002  7.734714e-005
 7.296062e+002  8.210667e-005
 7.302250e+002  7.142360e-005
 7.308437e+002  6.504768e-005
 7.314625e+002  7.338231e-005
 7.320812e+002  7.115069e-005
 7.327000e+002  7.431527e-005
 7.333187e+002  6.315102e-005
 7.339375e+002  6.789293e-005
 7.345562e+002  6.888823e-005
 7.351750e+002  6.872603e-005
 7.357937e+002  7.425419e-005
 7.364125e+002  6.749504e-005
 7.370312e+002  5.635252e-005
 7.376500e+002  7.617799e-005
 7.382687e+002  7.773060e-005
 7.388875e+002  7.320401e-005
 7.395062e+002  7.710879e-005
 7.401250e+002  6.877677e-005
 7.407437e+002  6.467412e-005
 7.413625e+002  7.207560e-005
 7.419812e+002  7.723650e-005
 7.426000e+002  7.335974e-005
 7.432187e+002  6.639667e-005
 7.438375e+002  7.507931e-005
 7.444562e+002  7.546386e-005
 7.450750e+002  8.041530e-005
 7.456937e+002  7.421107e-005
 7.463125e+002  6.824530e-005
 7.469312e+002  6.674868e-005
 7.475500e+002  6.766628e-005
 7.481687e+002  7.099021e-005
 7.487875e+002  6.921685e-005
 7.494062e+002  8.829571e-005
 7.500250e+002  9.613119e-005
 7.506437e+002  7.044873e-005
 7.512625e+002  6.311853e-005
 7.518812e+002  7.312306e-005
 7.525000e+002  7.737419e-005
 7.531187e+002  7.130021e-005
 7.537375e+002  6.939475e-005
 7.543562e+002  7.775745e-005
 7.549750e+002  7.840009e-005
 7.555937e+002  7.031028e-005
 7.562125e+002  7.283502e-005
 7.568312e+002  7.822882e-005
 7.574500e+002  7.787829e-005
 7.580687e+002  7.330128e-005
 7.586875e+002  6.369649e-005
 7.593062e+002  6.916681e-005
 7.599250e+002  6.562379e-005
 7.605437e+002  6.010361e-005
 7.611625e+002  7.390394e-005
 7.617812e+002  6.994339e-005
 7.624000e+002  6.134313e-005
 7.630187e+002  7.106284e-005
 7.636375e+002  8.036121e-005
 7.642562e+002  8.238482e-005
 7.648750e+002  8.458037e-005
 7.654937e+002  6.199748e-005
 7.661125e+002  5.423180e-005
 7.667312e+002  6.311463e-005
 7.673500e+002  6.583004e-005
 7.679687e+002  6.497063e-005
 7.685875e+002  6.353100e-005
 7.692062e+002  6.450703e-005
 7.698250e+002  6.733772e-005
 7.704437e+002  6.697318e-005
 7.710625e+002  7.323989e-005
 7.716812e+002  6.380783e-005
 7.723000e+002  5.169867e-005
 7.729187e+002  7.253406e-005
 7.735375e+002  7.095050e-005
 7.741562e+002  6.010317e-005
 7.747750e+002  6.699427e-005
 7.753937e+002  7.415583e-005
 7.760125e+002  6.775812e-005
 7.766312e+002  6.662907e-005
 7.772500e+002  7.030423e-005
 7.778687e+002  6.032772e-005
 7.784875e+002  6.489582e-005
 7.791062e+002  6.081296e-005
 7.797250e+002  6.721945e-005
 7.803437e+002  7.484010e-005
 7.809625e+002  6.266915e-005
 7.815812e+002  5.828209e-005
 7.822000e+002  6.145937e-005
 7.828187e+002  6.487114e-005
 7.834375e+002  7.293499e-005
 7.840562e+002  7.178143e-005
 7.846750e+002  7.137279e-005
 7.852937e+002  7.114546e-005
 7.859125e+002  6.898464e-005
 7.865312e+002  5.835132e-005
 7.871500e+002  6.042705e-005
 7.877687e+002  6.379770e-005
 7.883875e+002  5.814638e-005
 7.890062e+002  6.606379e-005
 7.896250e+002  6.679711e-005
 7.902437e+002  6.519031e-005
 7.908625e+002  6.913271e-005
 7.914812e+002  7.073202e-005
 7.921000e+002  6.684936e-005
 7.927187e+002  7.542084e-005
 7.933375e+002  7.327694e-005
 7.939562e+002  7.546657e-005
 7.945750e+002  7.164748e-005
 7.951937e+002  7.188572e-005
 7.958125e+002  6.917167e-005
 7.964312e+002  6.402529e-005
 7.970500e+002  7.185919e-005
 7.976687e+002  8.210067e-005
 7.982875e+002  7.280787e-005
 7.989062e+002  7.283772e-005
 7.995250e+002  6.670026e-005
 8.001437e+002  6.736414e-005
 8.007625e+002  7.004945e-005
 8.013812e+002  5.656513e-005
 8.020000e+002  6.776705e-005
 8.026187e+002  8.204144e-005
 8.032375e+002  7.620615e-005
 8.038562e+002  6.550439e-005
 8.044750e+002  5.447693e-005
 8.050937e+002  6.716803e-005
 8.057125e+002  6.832131e-005
 8.063312e+002  7.078761e-005
 8.069500e+002  7.737003e-005
 8.075687e+002  7.595654e-005
 8.081875e+002  6.133735e-005
 8.088062e+002  6.223794e-005
 8.094250e+002  6.966744e-005
 8.100437e+002  6.618430e-005
 8.106625e+002  6.633567e-005
 8.112812e+002  7.184940e-005
 8.119000e+002  7.978303e-005
 8.125187e+002  7.108498e-005
 8.131375e+002  6.757580e-005
 8.137562e+002  6.271648e-005
 8.143750e+002  7.400349e-005
 8.149937e+002  7.845918e-005
 8.156125e+002  7.106949e-005
 8.162312e+002  6.980732e-005
 8.168500e+002  6.773700e-005
 8.174687e+002  6.104220e-005
 8.180875e+002  5.374518e-005
 8.187062e+002  6.648717e-005
 8.193250e+002  7.023765e-005
 8.199437e+002  6.194737e-005
 8.205625e+002  5.958089e-005
 8.211812e+002  5.842022e-005
 8.218000e+002  6.179170e-005
 8.224187e+002  5.913018e-005
 8.230375e+002  5.927557e-005
 8.236562e+002  7.076644e-005
 8.242750e+002  7.134280e-005
 8.248937e+002  6.674485e-005
 8.255125e+002  6.659976e-005
 8.261312e+002  7.143132e-005
 8.267500e+002  7.037487e-005
 8.273687e+002  6.847194e-005
 8.279875e+002  6.945251e-005
 8.286062e+002  5.616935e-005
 8.292250e+002  7.236645e-005
 8.298437e+002  6.719733e-005
 8.304625e+002  6.459850e-005
 8.310812e+002  5.702736e-005
 8.317000e+002  6.562910e-005
 8.323187e+002  6.353719e-005
 8.329375e+002  7.329114e-005
 8.335562e+002  6.827830e-005
 8.341750e+002  7.540238e-005
 8.347937e+002  7.532654e-005
 8.354125e+002  7.133845e-005
 8.360312e+002  7.850666e-005
 8.366500e+002  6.957088e-005
 8.372687e+002  6.386037e-005
 8.378875e+002  5.939470e-005
 8.385062e+002  6.924119e-005
 8.391250e+002  6.848991e-005
 8.397437e+002  6.267521e-005
 8.403625e+002  7.486969e-005
 8.409812e+002  6.872500e-005
 8.416000e+002  7.997878e-005
 8.422187e+002  8.094174e-005
 8.428375e+002  7.128855e-005
 8.434562e+002  7.151469e-005
 8.440750e+002  6.514862e-005
 8.446937e+002  7.793221e-005
 8.453125e+002  8.133455e-005
 8.459312e+002  6.448046e-005
 8.465500e+002  5.615501e-005
 8.471687e+002  5.288017e-005
 8.477875e+002  6.766555e-005
 8.484062e+002  8.002799e-005
 8.490250e+002  7.482140e-005
 8.496437e+002  1.027746e-004
 8.502625e+002  8.678395e-005
 8.508812e+002  6.892926e-005
 8.515000e+002  6.293751e-005
 8.521187e+002  6.183554e-005
 8.527375e+002  7.072464e-005
 8.533562e+002  7.356730e-005
 8.539750e+002  7.494675e-005
 8.545937e+002  6.603377e-005
 8.552125e+002  6.681239e-005
 8.558312e+002  6.486522e-005
 8.564500e+002  6.420957e-005
 8.570687e+002  6.714384e-005
 8.576875e+002  6.680564e-005
 8.583062e+002  5.827092e-005
 8.589250e+002  6.163297e-005
 8.595437e+002  6.802110e-005
 8.601625e+002  7.413028e-005
 8.607812e+002  7.965897e-005
 8.614000e+002  6.768034e-005
 8.620187e+002  7.639239e-005
 8.626375e+002  7.292137e-005
 8.632562e+002  6.341665e-005
 8.638750e+002  5.539317e-005
 8.644937e+002  6.668298e-005
 8.651125e+002  6.905063e-005
 8.657312e+002  5.757392e-005
 8.663500e+002  7.854011e-005
 8.669687e+002  7.488851e-005
 8.675875e+002  5.657520e-005
 8.682062e+002  6.397959e-005
 8.688250e+002  7.123801e-005
 8.694437e+002  5.888006e-005
 8.700625e+002  5.765524e-005
 8.706812e+002  7.769333e-005
 8.713000e+002  7.888191e-005
 8.719187e+002  6.831067e-005
 8.725375e+002  7.159036e-005
 8.731562e+002  7.560860e-005
 8.737750e+002  6.572314e-005
 8.743937e+002  6.903506e-005
 8.750125e+002  6.981377e-005
 8.756312e+002  6.602150e-005
 8.762500e+002  5.745407e-005
 8.768687e+002  6.520862e-005
 8.774875e+002  6.382244e-005
 8.781062e+002  6.988912e-005
 8.787250e+002  7.794319e-005
 8.793437e+002  7.207592e-005
 8.799625e+002  7.113631e-005
 8.805812e+002  6.933324e-005
 8.812000e+002  5.523207e-005
 8.818187e+002  6.264999e-005
 8.824375e+002  6.665724e-005
 8.830562e+002  7.168621e-005
 8.836750e+002  6.618272e-005
 8.842937e+002  6.308592e-005
 8.849125e+002  7.387663e-005
 8.855312e+002  7.287154e-005
 8.861500e+002  5.974545e-005
 8.867687e+002  5.877305e-005
 8.873875e+002  6.769638e-005
 8.880062e+002  5.994086e-005
 8.886250e+002  5.574261e-005
 8.892437e+002  6.440384e-005
 8.898625e+002  6.649414e-005
 8.904812e+002  7.090712e-005
 8.911000e+002  7.015738e-005
 8.917187e+002  6.496486e-005
 8.923375e+002  6.927544e-005
 8.929562e+002  5.687651e-005
 8.935750e+002  6.307496e-005
 8.941937e+002  7.650729e-005
 8.948125e+002  6.618189e-005
 8.954312e+002  6.823040e-005
 8.960500e+002  8.610101e-005
 8.966687e+002  7.395200e-005
 8.972875e+002  6.903481e-005
 8.979062e+002  6.597468e-005
 8.985250e+002  6.625361e-005
 8.991437e+002  8.111446e-005
 8.997625e+002  8.674341e-005
 9.003812e+002  7.661626e-005
 9.010000e+002  6.918100e-005
 9.016187e+002  7.136727e-005
 9.022375e+002  6.839505e-005
 9.028562e+002  7.130963e-005
 9.034750e+002  6.599520e-005
 9.040937e+002  6.318185e-005
 9.047125e+002  7.003304e-005
 9.053312e+002  6.745011e-005
 9.059500e+002  6.786195e-005
 9.065687e+002  6.785937e-005
 9.071875e+002  7.019947e-005
 9.078062e+002  7.310467e-005
 9.084250e+002  7.667436e-005
 9.090437e+002  7.149123e-005
 9.096625e+002  5.568920e-005
 9.102812e+002  5.041877e-005
 9.109000e+002  6.542983e-005
 9.115187e+002  7.320687e-005
 9.121375e+002  7.263211e-005
 9.127562e+002  6.968933e-005
 9.133750e+002  6.134235e-005
 9.139937e+002  6.472107e-005
 9.146125e+002  5.766585e-005
 9.152312e+002  6.557565e-005
 9.158500e+002  7.406726e-005
 9.164687e+002  6.415976e-005
 9.170875e+002  5.903482e-005
 9.177062e+002  6.187901e-005
 9.183250e+002  6.439024e-005
 9.189437e+002  6.211097e-005
 9.195625e+002  6.695690e-005
 9.201812e+002  6.334730e-005
 9.208000e+002  6.589766e-005
 9.214187e+002  6.254072e-005
 9.220375e+002  6.359980e-005
 9.226562e+002  7.109681e-005
 9.232750e+002  8.535841e-005
 9.238937e+002  7.051794e-005
 9.245125e+002  5.921827e-005
 9.251312e+002  6.386928e-005
 9.257500e+002  5.926353e-005
 9.263687e+002  6.785105e-005
 9.269875e+002  7.062442e-005
 9.276062e+002  7.087691e-005
 9.282250e+002  5.620563e-005
 9.288437e+002  6.269065e-005
 9.294625e+002  6.355451e-005
 9.300812e+002  5.432745e-005
 9.307000e+002  6.799310e-005
 9.313187e+002  6.576778e-005
 9.319375e+002  6.183150e-005
 9.325562e+002  5.977971e-005
 9.331750e+002  6.508138e-005
 9.337937e+002  7.140168e-005
 9.344125e+002  6.688446e-005
 9.350312e+002  6.769414e-005
 9.356500e+002  6.609785e-005
 9.362687e+002  7.361601e-005
 9.368875e+002  7.475447e-005
 9.375062e+002  8.279374e-005
 9.381250e+002  6.758637e-005
 9.387437e+002  6.387420e-005
 9.393625e+002  7.916107e-005
 9.399812e+002  7.414284e-005
 9.406000e+002  6.672159e-005
 9.412187e+002  7.769865e-005
 9.418375e+002  7.746398e-005
 9.424562e+002  7.686993e-005
 9.430750e+002  7.220167e-005
 9.436937e+002  6.868578e-005
 9.443125e+002  6.263964e-005
 9.449312e+002  8.039875e-005
 9.455500e+002  7.056330e-005
 9.461687e+002  5.880640e-005
 9.467875e+002  6.275850e-005
 9.474062e+002  7.414571e-005
 9.480250e+002  8.093878e-005
 9.486437e+002  6.868298e-005
 9.492625e+002  6.254019e-005
 9.498812e+002  8.364505e-005
 9.505000e+002  8.847418e-005
 9.511187e+002  6.768414e-005
 9.517375e+002  5.759569e-005
 9.523562e+002  7.250937e-005
 9.529750e+002  7.594186e-005
 9.535937e+002  6.592626e-005
 9.542125e+002  6.301580e-005
 9.548312e+002  6.746974e-005
 9.554500e+002  6.185847e-005
 9.560687e+002  6.870022e-005
 9.566875e+002  5.987805e-005
 9.573062e+002  5.708964e-005
 9.579250e+002  8.190994e-005
 9.585437e+002  7.322388e-005
 9.591625e+002  6.859871e-005
 9.597812e+002  5.282155e-005
 9.604000e+002  6.516435e-005
 9.610187e+002  7.538027e-005
 9.616375e+002  6.380244e-005
 9.622562e+002  5.985068e-005
 9.628750e+002  6.818511e-005
 9.634937e+002  6.706409e-005
 9.641125e+002  6.961352e-005
 9.647312e+002  6.427619e-005
 9.653500e+002  6.568531e-005
 9.659687e+002  6.908870e-005
 9.665875e+002  6.608399e-005
 9.672062e+002  7.565342e-005
 9.678250e+002  8.032716e-005
 9.684437e+002  7.577706e-005
 9.690625e+002  6.162656e-005
 9.696812e+002  6.255737e-005
 9.703000e+002  6.650721e-005
 9.709187e+002  6.936713e-005
 9.715375e+002  7.175030e-005
 9.721562e+002  6.884683e-005
 9.727750e+002  6.393755e-005
 9.733937e+002  6.030315e-005
 9.740125e+002  7.241771e-005
 9.746312e+002  7.406428e-005
 9.752500e+002  6.382774e-005
 9.758687e+002  7.829372e-005
 9.764875e+002  6.752725e-005
 9.771062e+002  6.623053e-005
 9.777250e+002  7.022866e-005
 9.783437e+002  6.541493e-005
 9.789625e+002  6.983686e-005
 9.795812e+002  6.486051e-005
 9.802000e+002  6.180961e-005
 9.808187e+002  6.616746e-005
 9.814375e+002  6.430449e-005
 9.820562e+002  6.296231e-005
 9.826750e+002  5.360604e-005
 9.832937e+002  5.930023e-005
 9.839125e+002  6.679186e-005
 9.845312e+002  6.505208e-005
 9.851500e+002  6.506227e-005
 9.857687e+002  5.985149e-005
 9.863875e+002  6.321537e-005
 9.870062e+002  7.631773e-005
 9.876250e+002  6.989503e-005
 9.882437e+002  6.580875e-005
 9.888625e+002  7.655328e-005
 9.894812e+002  7.990314e-005
 9.901000e+002  6.922922e-005
 9.907187e+002  5.879024e-005
 9.913375e+002  6.988771e-005
 9.919562e+002  6.779835e-005
 9.925750e+002  6.842601e-005
 9.931937e+002  7.132562e-005
 9.938125e+002  6.315053e-005
 9.944312e+002  6.472973e-005
 9.950500e+002  6.967524e-005
 9.956687e+002  7.378124e-005
 9.962875e+002  6.777267e-005
 9.969062e+002  6.007728e-005
 9.975250e+002  6.934615e-005
 9.981437e+002  6.905891e-005
 9.987625e+002  6.331522e-005
 9.993812e+002  6.472608e-005
 1.000000e+003  7.001107e-005
