 1.000000e+001  3.835865e-004
 1.061875e+001  3.618448e-004
 1.123750e+001  3.703981e-004
 1.185625e+001  4.182532e-004
 1.247500e+001  3.970344e-004
 1.309375e+001  3.787046e-004
 1.371250e+001  3.757068e-004
 1.433125e+001  3.042757e-004
 1.495000e+001  3.209470e-004
 1.556875e+001  2.945290e-004
 1.618750e+001  3.360777e-004
 1.680625e+001  2.857366e-004
 1.742500e+001  2.574627e-004
 1.804375e+001  2.683685e-004
 1.866250e+001  2.896545e-004
 1.928125e+001  3.234791e-004
 1.990000e+001  3.521771e-004
 2.051875e+001  3.271768e-004
 2.113750e+001  3.523559e-004
 2.175625e+001  2.852231e-004
 2.237500e+001  2.017392e-004
 2.299375e+001  3.067351e-004
 2.361250e+001  3.627626e-004
 2.423125e+001  3.084892e-004
 2.485000e+001  2.568655e-004
 2.546875e+001  2.416662e-004
 2.608750e+001  2.381829e-004
 2.670625e+001  2.439601e-004
 2.732500e+001  2.803938e-004
 2.794375e+001  3.057247e-004
 2.856250e+001  2.749025e-004
 2.918125e+001  2.902403e-004
 2.980000e+001  2.773884e-004
 3.041875e+001  2.423421e-004
 3.103750e+001  2.281520e-004
 3.165625e+001  2.082542e-004
 3.227500e+001  2.238668e-004
 3.289375e+001  2.317250e-004
 3.351250e+001  1.757171e-004
 3.413125e+001  1.389098e-004
 3.475000e+001  1.590513e-004
 3.536875e+001  2.201390e-004
 3.598750e+001  2.574126e-004
 3.660625e+001  2.353986e-004
 3.722500e+001  2.099624e-004
 3.784375e+001  2.621518e-004
 3.846250e+001  2.476807e-004
 3.908125e+001  2.317135e-004
 3.970000e+001  2.400502e-004
 4.031875e+001  2.202329e-004
 4.093750e+001  2.181306e-004
 4.155625e+001  2.038298e-004
 4.217500e+001  1.998897e-004
 4.279375e+001  2.472643e-004
 4.341250e+001  1.615488e-004
 4.403125e+001  1.854708e-004
 4.465000e+001  2.145527e-004
 4.526875e+001  1.900649e-004
 4.588750e+001  1.932679e-004
 4.650625e+001  2.142170e-004
 4.712500e+001  2.165807e-004
 4.774375e+001  1.926959e-004
 4.836250e+001  3.327985e-004
 4.898125e+001  1.604231e-003
 4.960000e+001  1.031853e-002
 5.021875e+001  1.184764e-002
 5.083750e+001  3.016976e-003
 5.145625e+001  3.767974e-004
 5.207500e+001  2.386756e-004
 5.269375e+001  1.555355e-004
 5.331250e+001  1.889627e-004
 5.393125e+001  1.487309e-004
 5.455000e+001  1.693431e-004
 5.516875e+001  2.056212e-004
 5.578750e+001  1.653721e-004
 5.640625e+001  1.687380e-004
 5.702500e+001  1.528544e-004
 5.764375e+001  1.152818e-004
 5.826250e+001  9.657614e-005
 5.888125e+001  1.131960e-004
 5.950000e+001  1.476757e-004
 6.011875e+001  1.711948e-004
 6.073750e+001  1.249314e-004
 6.135625e+001  1.184916e-004
 6.197500e+001  1.457151e-004
 6.259375e+001  1.688719e-004
 6.321250e+001  1.497049e-004
 6.383125e+001  1.544867e-004
 6.445000e+001  1.561208e-004
 6.506875e+001  1.643060e-004
 6.568750e+001  1.435960e-004
 6.630625e+001  1.452318e-004
 6.692500e+001  1.305849e-004
 6.754375e+001  1.326847e-004
 6.816250e+001  1.525134e-004
 6.878125e+001  1.437098e-004
 6.940000e+001  1.567510e-004
 7.001875e+001  2.420331e-004
 7.063750e+001  2.126327e-004
 7.125625e+001  1.482611e-004
 7.187500e+001  1.470329e-004
 7.249375e+001  1.543824e-004
 7.311250e+001  1.388657e-004
 7.373125e+001  1.083773e-004
 7.435000e+001  1.330859e-004
 7.496875e+001  1.839790e-004
 7.558750e+001  2.399475e-004
 7.620625e+001  1.352487e-004
 7.682500e+001  9.862347e-005
 7.744375e+001  1.330122e-004
 7.806250e+001  1.062995e-004
 7.868125e+001  1.397323e-004
 7.930000e+001  1.521843e-004
 7.991875e+001  1.348459e-004
 8.053750e+001  1.222055e-004
 8.115625e+001  1.379372e-004
 8.177500e+001  1.288095e-004
 8.239375e+001  1.285936e-004
 8.301250e+001  1.325419e-004
 8.363125e+001  1.064475e-004
 8.425000e+001  1.074463e-004
 8.486875e+001  1.133851e-004
 8.548750e+001  1.171347e-004
 8.610625e+001  1.093563e-004
 8.672500e+001  9.198387e-005
 8.734375e+001  1.145687e-004
 8.796250e+001  1.357554e-004
 8.858125e+001  1.431108e-004
 8.920000e+001  1.346523e-004
 8.981875e+001  1.110745e-004
 9.043750e+001  9.829048e-005
 9.105625e+001  1.600206e-004
 9.167500e+001  1.959394e-004
 9.229375e+001  1.154439e-004
 9.291250e+001  9.646250e-005
 9.353125e+001  9.460366e-005
 9.415000e+001  1.007495e-004
 9.476875e+001  1.064430e-004
 9.538750e+001  1.076335e-004
 9.600625e+001  9.761065e-005
 9.662500e+001  1.142840e-004
 9.724375e+001  9.694943e-005
 9.786250e+001  9.198265e-005
 9.848125e+001  1.121619e-004
 9.910000e+001  1.146944e-004
 9.971875e+001  2.292086e-004
 1.003375e+002  2.158856e-004
 1.009563e+002  1.046217e-004
 1.015750e+002  9.315130e-005
 1.021938e+002  7.871815e-005
 1.028125e+002  9.233551e-005
 1.034313e+002  9.012335e-005
 1.040500e+002  1.127780e-004
 1.046688e+002  1.090757e-004
 1.052875e+002  1.174907e-004
 1.059063e+002  1.047229e-004
 1.065250e+002  8.625379e-005
 1.071438e+002  9.698186e-005
 1.077625e+002  7.964832e-005
 1.083813e+002  7.842049e-005
 1.090000e+002  7.444868e-005
 1.096188e+002  6.876950e-005
 1.102375e+002  6.279833e-005
 1.108563e+002  7.316968e-005
 1.114750e+002  8.808137e-005
 1.120938e+002  1.005301e-004
 1.127125e+002  8.061928e-005
 1.133313e+002  7.497966e-005
 1.139500e+002  8.851883e-005
 1.145688e+002  9.643840e-005
 1.151875e+002  7.710325e-005
 1.158063e+002  9.848101e-005
 1.164250e+002  9.052059e-005
 1.170438e+002  7.144821e-005
 1.176625e+002  6.770648e-005
 1.182813e+002  6.972859e-005
 1.189000e+002  6.090381e-005
 1.195188e+002  1.325025e-004
 1.201375e+002  1.557039e-004
 1.207563e+002  8.714686e-005
 1.213750e+002  1.043119e-004
 1.219938e+002  8.051272e-005
 1.226125e+002  7.470076e-005
 1.232313e+002  7.769242e-005
 1.238500e+002  7.474102e-005
 1.244688e+002  7.842933e-005
 1.250875e+002  7.085944e-005
 1.257063e+002  6.389554e-005
 1.263250e+002  6.325405e-005
 1.269438e+002  6.458342e-005
 1.275625e+002  8.239420e-005
 1.281813e+002  6.981100e-005
 1.288000e+002  5.974090e-005
 1.294188e+002  7.056699e-005
 1.300375e+002  7.301941e-005
 1.306563e+002  6.725376e-005
 1.312750e+002  8.390104e-005
 1.318938e+002  6.923555e-005
 1.325125e+002  5.932270e-005
 1.331313e+002  5.772991e-005
 1.337500e+002  6.019519e-005
 1.343688e+002  5.741619e-005
 1.349875e+002  6.680099e-005
 1.356063e+002  7.621023e-005
 1.362250e+002  8.698488e-005
 1.368438e+002  8.964119e-005
 1.374625e+002  8.437032e-005
 1.380813e+002  7.817992e-005
 1.387000e+002  7.498168e-005
 1.393188e+002  7.490323e-005
 1.399375e+002  6.963459e-005
 1.405563e+002  4.958662e-005
 1.411750e+002  7.485392e-005
 1.417938e+002  7.838141e-005
 1.424125e+002  8.984555e-005
 1.430313e+002  7.811028e-005
 1.436500e+002  8.528720e-005
 1.442688e+002  8.842801e-005
 1.448875e+002  7.353845e-005
 1.455063e+002  7.410316e-005
 1.461250e+002  7.597107e-005
 1.467438e+002  7.585759e-005
 1.473625e+002  6.698780e-005
 1.479813e+002  7.549128e-005
 1.486000e+002  1.901241e-004
 1.492188e+002  3.700574e-003
 1.498375e+002  9.227117e-003
 1.504563e+002  5.671665e-003
 1.510750e+002  2.917588e-004
 1.516938e+002  8.302747e-005
 1.523125e+002  6.730835e-005
 1.529313e+002  5.696624e-005
 1.535500e+002  7.489499e-005
 1.541688e+002  8.594079e-005
 1.547875e+002  6.357971e-005
 1.554063e+002  6.216292e-005
 1.560250e+002  6.101286e-005
 1.566438e+002  6.602020e-005
 1.572625e+002  7.346346e-005
 1.578813e+002  7.001469e-005
 1.585000e+002  6.458802e-005
 1.591188e+002  6.267434e-005
 1.597375e+002  5.390003e-005
 1.603563e+002  6.032896e-005
 1.609750e+002  5.487545e-005
 1.615938e+002  6.060522e-005
 1.622125e+002  6.348904e-005
 1.628313e+002  5.538315e-005
 1.634500e+002  6.310167e-005
 1.640688e+002  6.367235e-005
 1.646875e+002  6.542233e-005
 1.653063e+002  6.250359e-005
 1.659250e+002  5.018650e-005
 1.665438e+002  5.675018e-005
 1.671625e+002  6.109638e-005
 1.677813e+002  5.722935e-005
 1.684000e+002  5.793553e-005
 1.690188e+002  4.361718e-005
 1.696375e+002  5.297388e-005
 1.702563e+002  5.452827e-005
 1.708750e+002  5.473198e-005
 1.714938e+002  6.089749e-005
 1.721125e+002  4.848988e-005
 1.727313e+002  5.069385e-005
 1.733500e+002  5.189508e-005
 1.739688e+002  5.741555e-005
 1.745875e+002  6.620548e-005
 1.752063e+002  6.216308e-005
 1.758250e+002  6.422013e-005
 1.764438e+002  5.837606e-005
 1.770625e+002  5.245096e-005
 1.776813e+002  4.648486e-005
 1.783000e+002  4.402555e-005
 1.789188e+002  5.418998e-005
 1.795375e+002  4.932547e-005
 1.801563e+002  5.091363e-005
 1.807750e+002  5.639876e-005
 1.813938e+002  5.376755e-005
 1.820125e+002  5.310285e-005
 1.826313e+002  6.829857e-005
 1.832500e+002  6.852340e-005
 1.838688e+002  5.115927e-005
 1.844875e+002  4.640961e-005
 1.851063e+002  4.941757e-005
 1.857250e+002  5.387647e-005
 1.863438e+002  5.648139e-005
 1.869625e+002  5.326018e-005
 1.875813e+002  4.752887e-005
 1.882000e+002  4.415599e-005
 1.888188e+002  5.538801e-005
 1.894375e+002  6.491009e-005
 1.900563e+002  5.394688e-005
 1.906750e+002  5.553609e-005
 1.912938e+002  4.633292e-005
 1.919125e+002  4.602310e-005
 1.925313e+002  4.086237e-005
 1.931500e+002  5.341752e-005
 1.937688e+002  6.427460e-005
 1.943875e+002  5.784159e-005
 1.950063e+002  5.764052e-005
 1.956250e+002  5.141794e-005
 1.962438e+002  5.209460e-005
 1.968625e+002  6.167247e-005
 1.974813e+002  6.316276e-005
 1.981000e+002  4.315014e-005
 1.987188e+002  3.958424e-005
 1.993375e+002  2.575875e-004
 1.999563e+002  4.623573e-004
 2.005750e+002  2.202724e-004
 2.011938e+002  5.677321e-005
 2.018125e+002  6.333525e-005
 2.024313e+002  5.687985e-005
 2.030500e+002  4.962329e-005
 2.036688e+002  5.779209e-005
 2.042875e+002  4.799467e-005
 2.049063e+002  5.501970e-005
 2.055250e+002  4.076012e-005
 2.061438e+002  4.006811e-005
 2.067625e+002  3.785877e-005
 2.073813e+002  5.301816e-005
 2.080000e+002  5.302037e-005
 2.086188e+002  3.856768e-005
 2.092375e+002  3.589541e-005
 2.098563e+002  3.569964e-005
 2.104750e+002  3.513257e-005
 2.110938e+002  3.955998e-005
 2.117125e+002  4.239652e-005
 2.123313e+002  4.671828e-005
 2.129500e+002  4.665412e-005
 2.135688e+002  4.827676e-005
 2.141875e+002  4.993727e-005
 2.148063e+002  5.234539e-005
 2.154250e+002  3.996227e-005
 2.160438e+002  3.607300e-005
 2.166625e+002  3.688342e-005
 2.172813e+002  4.089691e-005
 2.179000e+002  4.233143e-005
 2.185188e+002  3.741826e-005
 2.191375e+002  3.656237e-005
 2.197563e+002  4.636144e-005
 2.203750e+002  3.967957e-005
 2.209938e+002  4.744774e-005
 2.216125e+002  5.372934e-005
 2.222313e+002  6.162197e-005
 2.228500e+002  4.922719e-005
 2.234688e+002  4.481955e-005
 2.240875e+002  5.230488e-005
 2.247063e+002  5.253614e-005
 2.253250e+002  3.933124e-005
 2.259438e+002  4.381186e-005
 2.265625e+002  6.055358e-005
 2.271813e+002  4.535191e-005
 2.278000e+002  4.515036e-005
 2.284188e+002  4.223216e-005
 2.290375e+002  4.117784e-005
 2.296563e+002  4.709390e-005
 2.302750e+002  4.841407e-005
 2.308938e+002  4.576431e-005
 2.315125e+002  4.135321e-005
 2.321313e+002  4.812817e-005
 2.327500e+002  4.632038e-005
 2.333688e+002  3.816373e-005
 2.339875e+002  4.006518e-005
 2.346063e+002  5.146605e-005
 2.352250e+002  6.063134e-005
 2.358438e+002  5.514159e-005
 2.364625e+002  5.064141e-005
 2.370813e+002  5.960988e-005
 2.377000e+002  5.983573e-005
 2.383188e+002  5.316149e-005
 2.389375e+002  4.043401e-005
 2.395563e+002  4.271858e-005
 2.401750e+002  4.660817e-005
 2.407938e+002  4.324871e-005
 2.414125e+002  3.713606e-005
 2.420313e+002  4.020361e-005
 2.426500e+002  4.201021e-005
 2.432688e+002  4.274223e-005
 2.438875e+002  4.947339e-005
 2.445063e+002  5.666688e-005
 2.451250e+002  5.445360e-005
 2.457438e+002  5.197403e-005
 2.463625e+002  5.484446e-005
 2.469813e+002  3.549512e-005
 2.476000e+002  4.188274e-005
 2.482188e+002  5.897842e-005
 2.488375e+002  1.852684e-004
 2.494563e+002  1.538106e-003
 2.500750e+002  1.960424e-003
 2.506938e+002  5.959647e-004
 2.513125e+002  5.937179e-005
 2.519313e+002  4.798208e-005
 2.525500e+002  4.046984e-005
 2.531688e+002  3.449496e-005
 2.537875e+002  3.649698e-005
 2.544063e+002  3.342961e-005
 2.550250e+002  3.581001e-005
 2.556438e+002  4.076147e-005
 2.562625e+002  3.753593e-005
 2.568813e+002  5.184778e-005
 2.575000e+002  5.639066e-005
 2.581188e+002  4.891066e-005
 2.587375e+002  3.824369e-005
 2.593563e+002  4.678537e-005
 2.599750e+002  3.822858e-005
 2.605938e+002  4.134624e-005
 2.612125e+002  4.212078e-005
 2.618313e+002  3.933560e-005
 2.624500e+002  3.621632e-005
 2.630688e+002  3.828981e-005
 2.636875e+002  3.595120e-005
 2.643063e+002  4.616576e-005
 2.649250e+002  4.443565e-005
 2.655438e+002  4.495432e-005
 2.661625e+002  3.883584e-005
 2.667813e+002  3.834033e-005
 2.674000e+002  5.138047e-005
 2.680188e+002  4.221367e-005
 2.686375e+002  4.335131e-005
 2.692563e+002  5.146423e-005
 2.698750e+002  4.419334e-005
 2.704938e+002  3.406729e-005
 2.711125e+002  3.519610e-005
 2.717313e+002  3.844101e-005
 2.723500e+002  3.638562e-005
 2.729688e+002  3.529350e-005
 2.735875e+002  4.522206e-005
 2.742063e+002  4.954143e-005
 2.748250e+002  5.714153e-005
 2.754438e+002  4.867526e-005
 2.760625e+002  3.608140e-005
 2.766813e+002  3.678174e-005
 2.773000e+002  3.799311e-005
 2.779188e+002  4.443777e-005
 2.785375e+002  3.828975e-005
 2.791563e+002  3.707629e-005
 2.797750e+002  3.915408e-005
 2.803938e+002  4.677824e-005
 2.810125e+002  4.193769e-005
 2.816313e+002  4.060949e-005
 2.822500e+002  4.582004e-005
 2.828688e+002  4.459408e-005
 2.834875e+002  2.785892e-005
 2.841063e+002  2.963097e-005
 2.847250e+002  3.598913e-005
 2.853438e+002  4.442146e-005
 2.859625e+002  5.002744e-005
 2.865813e+002  4.877207e-005
 2.872000e+002  3.573517e-005
 2.878188e+002  3.569508e-005
 2.884375e+002  2.880373e-005
 2.890563e+002  3.700980e-005
 2.896750e+002  3.966714e-005
 2.902938e+002  4.980948e-005
 2.909125e+002  5.031299e-005
 2.915313e+002  4.190307e-005
 2.921500e+002  4.664283e-005
 2.927688e+002  4.291045e-005
 2.933875e+002  4.111369e-005
 2.940063e+002  4.311265e-005
 2.946250e+002  4.143349e-005
 2.952438e+002  4.275278e-005
 2.958625e+002  3.942755e-005
 2.964813e+002  3.759986e-005
 2.971000e+002  3.923650e-005
 2.977188e+002  3.549051e-005
 2.983375e+002  3.789611e-005
 2.989563e+002  1.636912e-004
 2.995750e+002  6.802540e-004
 3.001938e+002  6.310225e-004
 3.008125e+002  1.190536e-004
 3.014313e+002  4.431864e-005
 3.020500e+002  3.904934e-005
 3.026688e+002  2.623004e-005
 3.032875e+002  3.589781e-005
 3.039063e+002  4.225581e-005
 3.045250e+002  4.048701e-005
 3.051438e+002  3.178530e-005
 3.057625e+002  3.573547e-005
 3.063813e+002  3.868759e-005
 3.070000e+002  3.672455e-005
 3.076188e+002  4.130173e-005
 3.082375e+002  4.418237e-005
 3.088563e+002  3.968751e-005
 3.094750e+002  3.475775e-005
 3.100938e+002  4.335543e-005
 3.107125e+002  4.701879e-005
 3.113313e+002  4.032853e-005
 3.119500e+002  3.726096e-005
 3.125688e+002  4.197599e-005
 3.131875e+002  4.641138e-005
 3.138063e+002  5.035284e-005
 3.144250e+002  4.791466e-005
 3.150437e+002  3.918758e-005
 3.156625e+002  3.747377e-005
 3.162812e+002  3.731047e-005
 3.169000e+002  3.296616e-005
 3.175187e+002  3.441640e-005
 3.181375e+002  3.523523e-005
 3.187562e+002  4.054557e-005
 3.193750e+002  3.097755e-005
 3.199937e+002  3.027550e-005
 3.206125e+002  3.340709e-005
 3.212312e+002  2.539836e-005
 3.218500e+002  3.538057e-005
 3.224687e+002  3.896630e-005
 3.230875e+002  4.176647e-005
 3.237062e+002  4.624670e-005
 3.243250e+002  4.096764e-005
 3.249437e+002  3.885419e-005
 3.255625e+002  3.992264e-005
 3.261812e+002  4.643177e-005
 3.268000e+002  5.235043e-005
 3.274187e+002  4.065094e-005
 3.280375e+002  3.411621e-005
 3.286562e+002  3.432847e-005
 3.292750e+002  2.935736e-005
 3.298937e+002  3.207523e-005
 3.305125e+002  3.751918e-005
 3.311312e+002  4.103019e-005
 3.317500e+002  3.775064e-005
 3.323687e+002  4.146222e-005
 3.329875e+002  2.768784e-005
 3.336062e+002  3.494058e-005
 3.342250e+002  4.573654e-005
 3.348437e+002  4.045632e-005
 3.354625e+002  4.103640e-005
 3.360812e+002  4.473221e-005
 3.367000e+002  4.214334e-005
 3.373187e+002  3.269090e-005
 3.379375e+002  3.410766e-005
 3.385562e+002  4.311440e-005
 3.391750e+002  3.542593e-005
 3.397937e+002  2.792974e-005
 3.404125e+002  3.499530e-005
 3.410312e+002  3.561181e-005
 3.416500e+002  3.691532e-005
 3.422687e+002  3.449476e-005
 3.428875e+002  2.742373e-005
 3.435062e+002  3.566653e-005
 3.441250e+002  4.257344e-005
 3.447437e+002  4.726395e-005
 3.453625e+002  4.292352e-005
 3.459812e+002  3.700144e-005
 3.466000e+002  3.036430e-005
 3.472187e+002  2.662445e-005
 3.478375e+002  3.824612e-005
 3.484562e+002  4.333966e-005
 3.490750e+002  2.349502e-004
 3.496937e+002  6.590691e-004
 3.503125e+002  4.560512e-004
 3.509312e+002  5.955179e-005
 3.515500e+002  3.679273e-005
 3.521687e+002  2.652658e-005
 3.527875e+002  3.537886e-005
 3.534062e+002  3.843258e-005
 3.540250e+002  2.892924e-005
 3.546437e+002  3.857665e-005
 3.552625e+002  4.041225e-005
 3.558812e+002  3.442990e-005
 3.565000e+002  3.202226e-005
 3.571187e+002  2.928687e-005
 3.577375e+002  3.488981e-005
 3.583562e+002  3.646259e-005
 3.589750e+002  3.902710e-005
 3.595937e+002  4.582103e-005
 3.602125e+002  3.902037e-005
 3.608312e+002  3.973260e-005
 3.614500e+002  4.551259e-005
 3.620687e+002  3.376313e-005
 3.626875e+002  2.835590e-005
 3.633062e+002  3.460341e-005
 3.639250e+002  3.211489e-005
 3.645437e+002  2.909278e-005
 3.651625e+002  3.148670e-005
 3.657812e+002  4.191894e-005
 3.664000e+002  4.198427e-005
 3.670187e+002  3.689251e-005
 3.676375e+002  3.966103e-005
 3.682562e+002  3.538678e-005
 3.688750e+002  3.229680e-005
 3.694937e+002  3.967513e-005
 3.701125e+002  4.490419e-005
 3.707312e+002  4.247173e-005
 3.713500e+002  3.944234e-005
 3.719687e+002  4.219614e-005
 3.725875e+002  4.178392e-005
 3.732062e+002  4.545297e-005
 3.738250e+002  4.501839e-005
 3.744437e+002  4.178254e-005
 3.750625e+002  3.837134e-005
 3.756812e+002  3.924822e-005
 3.763000e+002  3.821824e-005
 3.769187e+002  3.414893e-005
 3.775375e+002  2.596712e-005
 3.781562e+002  2.561813e-005
 3.787750e+002  3.712702e-005
 3.793937e+002  3.007068e-005
 3.800125e+002  3.616213e-005
 3.806312e+002  3.665908e-005
 3.812500e+002  3.344122e-005
 3.818687e+002  3.452224e-005
 3.824875e+002  4.052381e-005
 3.831062e+002  4.243007e-005
 3.837250e+002  3.389485e-005
 3.843437e+002  3.830803e-005
 3.849625e+002  3.839150e-005
 3.855812e+002  3.971141e-005
 3.862000e+002  4.099341e-005
 3.868187e+002  3.356319e-005
 3.874375e+002  2.863247e-005
 3.880562e+002  3.143562e-005
 3.886750e+002  2.893174e-005
 3.892937e+002  3.426660e-005
 3.899125e+002  2.923310e-005
 3.905312e+002  3.637185e-005
 3.911500e+002  4.019823e-005
 3.917687e+002  4.010454e-005
 3.923875e+002  4.058583e-005
 3.930062e+002  4.270037e-005
 3.936250e+002  3.840980e-005
 3.942437e+002  3.342091e-005
 3.948625e+002  4.227823e-005
 3.954812e+002  4.479733e-005
 3.961000e+002  3.262582e-005
 3.967187e+002  3.739431e-005
 3.973375e+002  3.676674e-005
 3.979562e+002  3.622064e-005
 3.985750e+002  2.783197e-005
 3.991937e+002  3.417061e-004
 3.998125e+002  6.725442e-004
 4.004312e+002  3.339046e-004
 4.010500e+002  3.343283e-005
 4.016687e+002  3.301490e-005
 4.022875e+002  3.985381e-005
 4.029062e+002  4.231867e-005
 4.035250e+002  3.662611e-005
 4.041437e+002  3.870182e-005
 4.047625e+002  3.775910e-005
 4.053812e+002  2.893101e-005
 4.060000e+002  3.500621e-005
 4.066187e+002  3.947805e-005
 4.072375e+002  3.095018e-005
 4.078562e+002  2.822457e-005
 4.084750e+002  3.758028e-005
 4.090937e+002  3.382789e-005
 4.097125e+002  3.819015e-005
 4.103312e+002  4.053787e-005
 4.109500e+002  2.578797e-005
 4.115687e+002  3.804274e-005
 4.121875e+002  3.832370e-005
 4.128062e+002  3.285319e-005
 4.134250e+002  3.617268e-005
 4.140437e+002  3.830597e-005
 4.146625e+002  3.537720e-005
 4.152812e+002  2.535208e-005
 4.159000e+002  3.410563e-005
 4.165187e+002  3.664348e-005
 4.171375e+002  4.068687e-005
 4.177562e+002  3.927414e-005
 4.183750e+002  4.197361e-005
 4.189937e+002  3.361160e-005
 4.196125e+002  2.267647e-005
 4.202312e+002  2.652658e-005
 4.208500e+002  3.082644e-005
 4.214687e+002  2.944008e-005
 4.220875e+002  2.934012e-005
 4.227062e+002  2.638409e-005
 4.233250e+002  2.702067e-005
 4.239437e+002  3.304612e-005
 4.245625e+002  3.592518e-005
 4.251812e+002  3.759542e-005
 4.258000e+002  3.380334e-005
 4.264187e+002  3.555286e-005
 4.270375e+002  3.906381e-005
 4.276562e+002  3.561854e-005
 4.282750e+002  3.136780e-005
 4.288937e+002  4.191254e-005
 4.295125e+002  4.607438e-005
 4.301312e+002  3.351988e-005
 4.307500e+002  3.964776e-005
 4.313687e+002  3.839013e-005
 4.319875e+002  3.863218e-005
 4.326062e+002  3.861353e-005
 4.332250e+002  3.556555e-005
 4.338437e+002  3.403386e-005
 4.344625e+002  2.781159e-005
 4.350812e+002  3.186936e-005
 4.357000e+002  3.197994e-005
 4.363187e+002  3.252962e-005
 4.369375e+002  3.388512e-005
 4.375562e+002  2.587200e-005
 4.381750e+002  3.375654e-005
 4.387937e+002  3.226275e-005
 4.394125e+002  3.118559e-005
 4.400312e+002  3.147321e-005
 4.406500e+002  2.975909e-005
 4.412687e+002  3.640376e-005
 4.418875e+002  4.118168e-005
 4.425062e+002  4.197039e-005
 4.431250e+002  4.048695e-005
 4.437437e+002  3.054073e-005
 4.443625e+002  2.501112e-005
 4.449812e+002  3.498735e-005
 4.456000e+002  4.242835e-005
 4.462187e+002  3.642322e-005
 4.468375e+002  3.336212e-005
 4.474562e+002  3.174907e-005
 4.480750e+002  3.891817e-005
 4.486937e+002  4.446320e-005
 4.493125e+002  4.148352e-004
 4.499312e+002  5.799606e-004
 4.505500e+002  1.985758e-004
 4.511687e+002  3.789626e-005
 4.517875e+002  3.785825e-005
 4.524062e+002  3.295744e-005
 4.530250e+002  3.147195e-005
 4.536437e+002  2.845851e-005
 4.542625e+002  2.684137e-005
 4.548812e+002  2.454546e-005
 4.555000e+002  3.472916e-005
 4.561187e+002  3.512321e-005
 4.567375e+002  4.323872e-005
 4.573562e+002  3.483439e-005
 4.579750e+002  3.348934e-005
 4.585937e+002  3.188912e-005
 4.592125e+002  3.679796e-005
 4.598312e+002  3.906988e-005
 4.604500e+002  2.946725e-005
 4.610687e+002  3.690069e-005
 4.616875e+002  3.626528e-005
 4.623062e+002  2.797338e-005
 4.629250e+002  3.874323e-005
 4.635437e+002  4.065584e-005
 4.641625e+002  3.170568e-005
 4.647812e+002  3.026540e-005
 4.654000e+002  4.045143e-005
 4.660187e+002  4.259756e-005
 4.666375e+002  3.537550e-005
 4.672562e+002  3.204618e-005
 4.678750e+002  3.284700e-005
 4.684937e+002  3.097765e-005
 4.691125e+002  2.842153e-005
 4.697312e+002  2.718497e-005
 4.703500e+002  3.030062e-005
 4.709687e+002  3.030637e-005
 4.715875e+002  3.316543e-005
 4.722062e+002  2.993870e-005
 4.728250e+002  3.372284e-005
 4.734437e+002  3.648066e-005
 4.740625e+002  3.353966e-005
 4.746812e+002  3.526063e-005
 4.753000e+002  3.483983e-005
 4.759187e+002  3.240432e-005
 4.765375e+002  3.606003e-005
 4.771562e+002  3.914832e-005
 4.777750e+002  3.749243e-005
 4.783937e+002  3.811977e-005
 4.790125e+002  3.388690e-005
 4.796312e+002  2.895204e-005
 4.802500e+002  2.805862e-005
 4.808687e+002  2.446466e-005
 4.814875e+002  3.165896e-005
 4.821062e+002  2.732464e-005
 4.827250e+002  3.171068e-005
 4.833437e+002  3.572913e-005
 4.839625e+002  3.126312e-005
 4.845812e+002  2.137018e-005
 4.852000e+002  2.752998e-005
 4.858187e+002  3.426140e-005
 4.864375e+002  3.788586e-005
 4.870562e+002  3.962671e-005
 4.876750e+002  3.251994e-005
 4.882937e+002  3.120470e-005
 4.889125e+002  4.034574e-005
 4.895312e+002  4.021166e-005
 4.901500e+002  3.616779e-005
 4.907687e+002  3.023614e-005
 4.913875e+002  3.787933e-005
 4.920062e+002  3.763808e-005
 4.926250e+002  4.362660e-005
 4.932437e+002  3.891303e-005
 4.938625e+002  3.259319e-005
 4.944812e+002  3.455804e-005
 4.951000e+002  2.956064e-005
 4.957187e+002  2.775720e-005
 4.963375e+002  3.512196e-005
 4.969562e+002  3.685038e-005
 4.975750e+002  3.177954e-005
 4.981937e+002  4.094758e-005
 4.988125e+002  1.212179e-004
 4.994312e+002  6.149638e-004
 5.000500e+002  6.319589e-004
 5.006687e+002  1.432725e-004
 5.012875e+002  2.713112e-005
 5.019062e+002  3.457836e-005
 5.025250e+002  3.231881e-005
 5.031437e+002  3.643409e-005
 5.037625e+002  3.188312e-005
 5.043812e+002  2.835844e-005
 5.050000e+002  2.862321e-005
 5.056187e+002  2.819189e-005
 5.062375e+002  2.986213e-005
 5.068562e+002  3.043860e-005
 5.074750e+002  3.404881e-005
 5.080937e+002  2.679683e-005
 5.087125e+002  2.845406e-005
 5.093312e+002  3.180670e-005
 5.099500e+002  3.109309e-005
 5.105687e+002  3.211207e-005
 5.111875e+002  2.769201e-005
 5.118062e+002  3.195344e-005
 5.124250e+002  3.412656e-005
 5.130437e+002  3.596974e-005
 5.136625e+002  4.219550e-005
 5.142812e+002  3.595199e-005
 5.149000e+002  3.463518e-005
 5.155187e+002  3.631070e-005
 5.161375e+002  3.053283e-005
 5.167562e+002  2.480399e-005
 5.173750e+002  3.150677e-005
 5.179937e+002  3.249717e-005
 5.186125e+002  3.231513e-005
 5.192312e+002  3.229284e-005
 5.198500e+002  2.673297e-005
 5.204687e+002  2.491428e-005
 5.210875e+002  2.648268e-005
 5.217062e+002  3.235659e-005
 5.223250e+002  2.726830e-005
 5.229437e+002  2.674626e-005
 5.235625e+002  2.834382e-005
 5.241812e+002  3.033820e-005
 5.248000e+002  2.579427e-005
 5.254187e+002  3.399023e-005
 5.260375e+002  4.311560e-005
 5.266562e+002  4.440256e-005
 5.272750e+002  2.746851e-005
 5.278937e+002  2.443736e-005
 5.285125e+002  3.398207e-005
 5.291312e+002  3.304401e-005
 5.297500e+002  2.449973e-005
 5.303687e+002  3.160540e-005
 5.309875e+002  3.700838e-005
 5.316062e+002  2.983000e-005
 5.322250e+002  3.451521e-005
 5.328437e+002  3.425749e-005
 5.334625e+002  3.491513e-005
 5.340812e+002  2.903639e-005
 5.347000e+002  2.342351e-005
 5.353187e+002  2.252023e-005
 5.359375e+002  3.134705e-005
 5.365562e+002  2.924878e-005
 5.371750e+002  2.481568e-005
 5.377937e+002  3.136246e-005
 5.384125e+002  3.920290e-005
 5.390312e+002  3.993027e-005
 5.396500e+002  3.921129e-005
 5.402687e+002  3.736284e-005
 5.408875e+002  2.888903e-005
 5.415062e+002  4.061340e-005
 5.421250e+002  3.367026e-005
 5.427437e+002  2.877563e-005
 5.433625e+002  3.185265e-005
 5.439812e+002  3.889556e-005
 5.446000e+002  2.932337e-005
 5.452187e+002  3.026476e-005
 5.458375e+002  3.315800e-005
 5.464562e+002  3.132441e-005
 5.470750e+002  3.375787e-005
 5.476937e+002  3.672308e-005
 5.483125e+002  4.266200e-005
 5.489312e+002  2.707737e-004
 5.495500e+002  8.589281e-004
 5.501687e+002  6.461925e-004
 5.507875e+002  8.081840e-005
 5.514062e+002  3.561172e-005
 5.520250e+002  2.426646e-005
 5.526437e+002  2.950512e-005
 5.532625e+002  3.496153e-005
 5.538812e+002  2.581438e-005
 5.545000e+002  2.941722e-005
 5.551187e+002  3.406468e-005
 5.557375e+002  3.381184e-005
 5.563562e+002  3.475205e-005
 5.569750e+002  3.735133e-005
 5.575937e+002  4.133670e-005
 5.582125e+002  3.365116e-005
 5.588312e+002  3.224426e-005
 5.594500e+002  2.844055e-005
 5.600687e+002  2.830867e-005
 5.606875e+002  2.573320e-005
 5.613062e+002  3.665074e-005
 5.619250e+002  3.599686e-005
 5.625437e+002  3.453444e-005
 5.631625e+002  3.127137e-005
 5.637812e+002  3.033867e-005
 5.644000e+002  3.267832e-005
 5.650187e+002  3.382600e-005
 5.656375e+002  3.805267e-005
 5.662562e+002  3.734946e-005
 5.668750e+002  3.404323e-005
 5.674937e+002  2.719382e-005
 5.681125e+002  2.382770e-005
 5.687312e+002  3.115328e-005
 5.693500e+002  3.369227e-005
 5.699687e+002  3.284579e-005
 5.705875e+002  2.816776e-005
 5.712062e+002  2.939755e-005
 5.718250e+002  3.509069e-005
 5.724437e+002  2.477538e-005
 5.730625e+002  2.830653e-005
 5.736812e+002  3.273790e-005
 5.743000e+002  3.543980e-005
 5.749187e+002  3.517080e-005
 5.755375e+002  3.748823e-005
 5.761562e+002  3.252673e-005
 5.767750e+002  2.167034e-005
 5.773937e+002  3.168018e-005
 5.780125e+002  3.241961e-005
 5.786312e+002  3.915318e-005
 5.792500e+002  3.724628e-005
 5.798687e+002  3.257844e-005
 5.804875e+002  3.375857e-005
 5.811062e+002  3.472953e-005
 5.817250e+002  3.308994e-005
 5.823437e+002  2.933181e-005
 5.829625e+002  3.300216e-005
 5.835812e+002  2.778781e-005
 5.842000e+002  3.509998e-005
 5.848187e+002  2.449279e-005
 5.854375e+002  3.040485e-005
 5.860562e+002  4.617583e-005
 5.866750e+002  4.111694e-005
 5.872937e+002  3.447368e-005
 5.879125e+002  3.492279e-005
 5.885312e+002  4.039448e-005
 5.891500e+002  3.978164e-005
 5.897687e+002  2.592238e-005
 5.903875e+002  3.423447e-005
 5.910062e+002  3.563899e-005
 5.916250e+002  3.801393e-005
 5.922437e+002  4.186853e-005
 5.928625e+002  4.387181e-005
 5.934812e+002  4.211173e-005
 5.941000e+002  4.253300e-005
 5.947187e+002  3.649231e-005
 5.953375e+002  2.680952e-005
 5.959562e+002  2.861790e-005
 5.965750e+002  2.645090e-005
 5.971937e+002  3.533378e-005
 5.978125e+002  2.940534e-005
 5.984312e+002  3.340174e-005
 5.990500e+002  1.963907e-004
 5.996687e+002  4.041025e-004
 6.002875e+002  2.178142e-004
 6.009062e+002  3.644163e-005
 6.015250e+002  2.446120e-005
 6.021437e+002  3.126345e-005
 6.027625e+002  3.104951e-005
 6.033812e+002  2.842887e-005
 6.040000e+002  2.980279e-005
 6.046187e+002  3.546225e-005
 6.052375e+002  2.835522e-005
 6.058562e+002  2.193354e-005
 6.064750e+002  2.696166e-005
 6.070937e+002  3.519813e-005
 6.077125e+002  3.430243e-005
 6.083312e+002  3.250466e-005
 6.089500e+002  3.358567e-005
 6.095687e+002  3.058539e-005
 6.101875e+002  3.023146e-005
 6.108062e+002  2.830809e-005
 6.114250e+002  3.060956e-005
 6.120437e+002  3.325178e-005
 6.126625e+002  2.880115e-005
 6.132812e+002  2.550662e-005
 6.139000e+002  2.035816e-005
 6.145187e+002  2.892093e-005
 6.151375e+002  3.176239e-005
 6.157562e+002  3.044346e-005
 6.163750e+002  3.483722e-005
 6.169937e+002  3.440974e-005
 6.176125e+002  2.968884e-005
 6.182312e+002  2.949363e-005
 6.188500e+002  3.317969e-005
 6.194687e+002  3.158780e-005
 6.200875e+002  2.933739e-005
 6.207062e+002  3.302461e-005
 6.213250e+002  3.342707e-005
 6.219437e+002  3.934666e-005
 6.225625e+002  3.315437e-005
 6.231812e+002  3.246935e-005
 6.238000e+002  3.386044e-005
 6.244187e+002  3.198714e-005
 6.250375e+002  2.825267e-005
 6.256562e+002  3.150775e-005
 6.262750e+002  3.994841e-005
 6.268937e+002  3.563848e-005
 6.275125e+002  3.291175e-005
 6.281312e+002  2.661009e-005
 6.287500e+002  2.590435e-005
 6.293687e+002  3.031452e-005
 6.299875e+002  3.131429e-005
 6.306062e+002  3.134891e-005
 6.312250e+002  3.414142e-005
 6.318437e+002  3.889892e-005
 6.324625e+002  2.520338e-005
 6.330812e+002  2.406546e-005
 6.337000e+002  2.879687e-005
 6.343187e+002  3.127279e-005
 6.349375e+002  3.291247e-005
 6.355562e+002  3.102496e-005
 6.361750e+002  3.174709e-005
 6.367937e+002  2.982324e-005
 6.374125e+002  3.432527e-005
 6.380312e+002  2.640287e-005
 6.386500e+002  3.798453e-005
 6.392687e+002  3.583719e-005
 6.398875e+002  3.501423e-005
 6.405062e+002  3.051798e-005
 6.411250e+002  2.687642e-005
 6.417437e+002  3.449645e-005
 6.423625e+002  3.994585e-005
 6.429812e+002  3.856768e-005
 6.436000e+002  3.300885e-005
 6.442187e+002  3.265947e-005
 6.448375e+002  2.684569e-005
 6.454562e+002  2.877292e-005
 6.460750e+002  2.839265e-005
 6.466937e+002  3.654636e-005
 6.473125e+002  2.900700e-005
 6.479312e+002  3.356147e-005
 6.485500e+002  5.797145e-005
 6.491687e+002  5.829362e-004
 6.497875e+002  9.039042e-004
 6.504062e+002  3.537407e-004
 6.510250e+002  3.297891e-005
 6.516437e+002  3.249375e-005
 6.522625e+002  2.915976e-005
 6.528812e+002  2.485583e-005
 6.535000e+002  2.868003e-005
 6.541187e+002  2.824243e-005
 6.547375e+002  3.009478e-005
 6.553562e+002  2.607445e-005
 6.559750e+002  3.158460e-005
 6.565937e+002  3.291492e-005
 6.572125e+002  2.989996e-005
 6.578312e+002  3.763107e-005
 6.584500e+002  3.900229e-005
 6.590687e+002  2.980879e-005
 6.596875e+002  3.002232e-005
 6.603062e+002  2.700401e-005
 6.609250e+002  3.203933e-005
 6.615437e+002  2.769487e-005
 6.621625e+002  2.620666e-005
 6.627812e+002  3.641347e-005
 6.634000e+002  3.754707e-005
 6.640187e+002  3.697692e-005
 6.646375e+002  3.081784e-005
 6.652562e+002  3.479094e-005
 6.658750e+002  3.706875e-005
 6.664937e+002  3.747671e-005
 6.671125e+002  3.480216e-005
 6.677312e+002  3.098574e-005
 6.683500e+002  3.246206e-005
 6.689687e+002  3.225251e-005
 6.695875e+002  2.406417e-005
 6.702062e+002  2.671578e-005
 6.708250e+002  2.533844e-005
 6.714437e+002  2.289641e-005
 6.720625e+002  1.939344e-005
 6.726812e+002  2.602648e-005
 6.733000e+002  3.153884e-005
 6.739187e+002  3.388670e-005
 6.745375e+002  3.325972e-005
 6.751562e+002  2.684666e-005
 6.757750e+002  3.079804e-005
 6.763937e+002  3.612531e-005
 6.770125e+002  3.082362e-005
 6.776312e+002  2.992574e-005
 6.782500e+002  3.227501e-005
 6.788687e+002  3.114824e-005
 6.794875e+002  2.904392e-005
 6.801062e+002  3.107946e-005
 6.807250e+002  3.790412e-005
 6.813437e+002  3.821391e-005
 6.819625e+002  3.531742e-005
 6.825812e+002  3.597781e-005
 6.832000e+002  3.519956e-005
 6.838187e+002  3.675000e-005
 6.844375e+002  3.415696e-005
 6.850562e+002  3.401508e-005
 6.856750e+002  3.034231e-005
 6.862937e+002  2.814921e-005
 6.869125e+002  3.257807e-005
 6.875312e+002  2.899869e-005
 6.881500e+002  3.613866e-005
 6.887687e+002  3.696711e-005
 6.893875e+002  3.183507e-005
 6.900062e+002  3.169280e-005
 6.906250e+002  3.421146e-005
 6.912437e+002  3.341421e-005
 6.918625e+002  4.661689e-005
 6.924812e+002  4.642725e-005
 6.931000e+002  3.278466e-005
 6.937187e+002  3.031546e-005
 6.943375e+002  3.118694e-005
 6.949562e+002  3.394546e-005
 6.955750e+002  2.457107e-005
 6.961937e+002  2.778665e-005
 6.968125e+002  3.620063e-005
 6.974312e+002  2.870478e-005
 6.980500e+002  3.983915e-005
 6.986687e+002  7.918211e-005
 6.992875e+002  4.297774e-004
 6.999062e+002  4.870873e-004
 7.005250e+002  1.317742e-004
 7.011437e+002  3.179845e-005
 7.017625e+002  3.375268e-005
 7.023812e+002  2.756193e-005
 7.030000e+002  2.088876e-005
 7.036187e+002  2.992673e-005
 7.042375e+002  3.447004e-005
 7.048562e+002  2.996632e-005
 7.054750e+002  2.364772e-005
 7.060937e+002  3.590334e-005
 7.067125e+002  3.487031e-005
 7.073312e+002  3.728149e-005
 7.079500e+002  3.500844e-005
 7.085687e+002  3.744927e-005
 7.091875e+002  3.338272e-005
 7.098062e+002  2.813843e-005
 7.104250e+002  2.487457e-005
 7.110437e+002  2.735926e-005
 7.116625e+002  3.073144e-005
 7.122812e+002  3.648722e-005
 7.129000e+002  3.186265e-005
 7.135187e+002  2.534854e-005
 7.141375e+002  2.627974e-005
 7.147562e+002  2.909108e-005
 7.153750e+002  3.183091e-005
 7.159937e+002  3.180149e-005
 7.166125e+002  3.973946e-005
 7.172312e+002  3.265376e-005
 7.178500e+002  1.736340e-005
 7.184687e+002  2.337664e-005
 7.190875e+002  2.285315e-005
 7.197062e+002  3.204389e-005
 7.203250e+002  3.660299e-005
 7.209437e+002  4.255797e-005
 7.215625e+002  3.686201e-005
 7.221812e+002  3.355626e-005
 7.228000e+002  2.848708e-005
 7.234187e+002  2.596324e-005
 7.240375e+002  3.524588e-005
 7.246562e+002  3.686559e-005
 7.252750e+002  3.598120e-005
 7.258937e+002  3.171182e-005
 7.265125e+002  3.790461e-005
 7.271312e+002  3.535384e-005
 7.277500e+002  2.962157e-005
 7.283687e+002  3.134265e-005
 7.289875e+002  3.752528e-005
 7.296062e+002  3.702641e-005
 7.302250e+002  3.264673e-005
 7.308437e+002  2.810353e-005
 7.314625e+002  3.168748e-005
 7.320812e+002  2.512359e-005
 7.327000e+002  2.424222e-005
 7.333187e+002  3.286278e-005
 7.339375e+002  2.988829e-005
 7.345562e+002  3.383930e-005
 7.351750e+002  3.078395e-005
 7.357937e+002  3.053138e-005
 7.364125e+002  2.565058e-005
 7.370312e+002  2.732236e-005
 7.376500e+002  2.515948e-005
 7.382687e+002  2.679690e-005
 7.388875e+002  3.005246e-005
 7.395062e+002  1.981731e-005
 7.401250e+002  2.584084e-005
 7.407437e+002  3.034631e-005
 7.413625e+002  3.238679e-005
 7.419812e+002  2.795935e-005
 7.426000e+002  2.636676e-005
 7.432187e+002  3.462256e-005
 7.438375e+002  2.534123e-005
 7.444562e+002  2.952332e-005
 7.450750e+002  2.689104e-005
 7.456937e+002  3.322910e-005
 7.463125e+002  3.278646e-005
 7.469312e+002  3.414084e-005
 7.475500e+002  2.731745e-005
 7.481687e+002  3.002566e-005
 7.487875e+002  1.533228e-004
 7.494062e+002  5.387689e-004
 7.500250e+002  4.557355e-004
 7.506437e+002  7.805675e-005
 7.512625e+002  2.922783e-005
 7.518812e+002  3.020667e-005
 7.525000e+002  3.839596e-005
 7.531187e+002  2.975823e-005
 7.537375e+002  3.306099e-005
 7.543562e+002  3.558542e-005
 7.549750e+002  2.984197e-005
 7.555937e+002  2.936195e-005
 7.562125e+002  3.137039e-005
 7.568312e+002  3.209375e-005
 7.574500e+002  3.650408e-005
 7.580687e+002  3.021092e-005
 7.586875e+002  3.106874e-005
 7.593062e+002  3.194194e-005
 7.599250e+002  3.566478e-005
 7.605437e+002  3.352051e-005
 7.611625e+002  2.764656e-005
 7.617812e+002  2.633647e-005
 7.624000e+002  2.709624e-005
 7.630187e+002  2.975699e-005
 7.636375e+002  2.982989e-005
 7.642562e+002  2.267859e-005
 7.648750e+002  2.043799e-005
 7.654937e+002  2.319177e-005
 7.661125e+002  3.633322e-005
 7.667312e+002  3.285770e-005
 7.673500e+002  2.433321e-005
 7.679687e+002  2.878107e-005
 7.685875e+002  2.320169e-005
 7.692062e+002  3.342723e-005
 7.698250e+002  3.727668e-005
 7.704437e+002  3.046953e-005
 7.710625e+002  2.465735e-005
 7.716812e+002  2.356231e-005
 7.723000e+002  3.066930e-005
 7.729187e+002  2.943687e-005
 7.735375e+002  2.716224e-005
 7.741562e+002  2.684180e-005
 7.747750e+002  2.735850e-005
 7.753937e+002  2.619378e-005
 7.760125e+002  2.534109e-005
 7.766312e+002  2.395320e-005
 7.772500e+002  2.549224e-005
 7.778687e+002  2.617445e-005
 7.784875e+002  4.162501e-005
 7.791062e+002  3.942652e-005
 7.797250e+002  3.183821e-005
 7.803437e+002  3.438989e-005
 7.809625e+002  3.483516e-005
 7.815812e+002  2.766379e-005
 7.822000e+002  2.824688e-005
 7.828187e+002  3.331751e-005
 7.834375e+002  2.657680e-005
 7.840562e+002  2.898303e-005
 7.846750e+002  3.811987e-005
 7.852937e+002  3.021893e-005
 7.859125e+002  3.186933e-005
 7.865312e+002  3.594652e-005
 7.871500e+002  3.439632e-005
 7.877687e+002  3.117647e-005
 7.883875e+002  3.543102e-005
 7.890062e+002  2.592693e-005
 7.896250e+002  2.144375e-005
 7.902437e+002  2.971054e-005
 7.908625e+002  3.087515e-005
 7.914812e+002  3.129896e-005
 7.921000e+002  3.122585e-005
 7.927187e+002  3.235916e-005
 7.933375e+002  3.468068e-005
 7.939562e+002  2.643901e-005
 7.945750e+002  2.704654e-005
 7.951937e+002  3.211776e-005
 7.958125e+002  3.517092e-005
 7.964312e+002  3.545832e-005
 7.970500e+002  2.922536e-005
 7.976687e+002  3.043821e-005
 7.982875e+002  2.998360e-005
 7.989062e+002  1.515632e-004
 7.995250e+002  3.600636e-004
 8.001437e+002  2.316768e-004
 8.007625e+002  4.631552e-005
 8.013812e+002  3.353008e-005
 8.020000e+002  3.266930e-005
 8.026187e+002  3.151841e-005
 8.032375e+002  2.595275e-005
 8.038562e+002  3.194409e-005
 8.044750e+002  2.912874e-005
 8.050937e+002  3.095960e-005
 8.057125e+002  2.952662e-005
 8.063312e+002  2.851693e-005
 8.069500e+002  2.951135e-005
 8.075687e+002  3.063185e-005
 8.081875e+002  3.467382e-005
 8.088062e+002  3.566421e-005
 8.094250e+002  3.306111e-005
 8.100437e+002  3.188001e-005
 8.106625e+002  2.798246e-005
 8.112812e+002  2.838604e-005
 8.119000e+002  2.963183e-005
 8.125187e+002  2.463856e-005
 8.131375e+002  2.243619e-005
 8.137562e+002  2.781886e-005
 8.143750e+002  2.852439e-005
 8.149937e+002  2.496989e-005
 8.156125e+002  2.516471e-005
 8.162312e+002  3.276536e-005
 8.168500e+002  3.111548e-005
 8.174687e+002  3.231171e-005
 8.180875e+002  2.883243e-005
 8.187062e+002  2.628092e-005
 8.193250e+002  2.813891e-005
 8.199437e+002  3.334879e-005
 8.205625e+002  3.247016e-005
 8.211812e+002  3.050762e-005
 8.218000e+002  2.561780e-005
 8.224187e+002  2.747495e-005
 8.230375e+002  2.958985e-005
 8.236562e+002  2.619514e-005
 8.242750e+002  3.360732e-005
 8.248937e+002  3.129067e-005
 8.255125e+002  2.356263e-005
 8.261312e+002  2.393553e-005
 8.267500e+002  2.475726e-005
 8.273687e+002  2.458069e-005
 8.279875e+002  2.647400e-005
 8.286062e+002  3.538334e-005
 8.292250e+002  3.451235e-005
 8.298437e+002  2.789328e-005
 8.304625e+002  2.976910e-005
 8.310812e+002  2.908623e-005
 8.317000e+002  2.821773e-005
 8.323187e+002  2.713596e-005
 8.329375e+002  2.342176e-005
 8.335562e+002  2.746523e-005
 8.341750e+002  3.681089e-005
 8.347937e+002  3.003386e-005
 8.354125e+002  2.379316e-005
 8.360312e+002  2.236299e-005
 8.366500e+002  2.831726e-005
 8.372687e+002  3.998595e-005
 8.378875e+002  3.727946e-005
 8.385062e+002  3.918854e-005
 8.391250e+002  3.949436e-005
 8.397437e+002  3.031862e-005
 8.403625e+002  2.858731e-005
 8.409812e+002  3.252259e-005
 8.416000e+002  3.913721e-005
 8.422187e+002  3.275245e-005
 8.428375e+002  2.344818e-005
 8.434562e+002  2.199463e-005
 8.440750e+002  2.981086e-005
 8.446937e+002  2.656757e-005
 8.453125e+002  2.454338e-005
 8.459312e+002  3.411975e-005
 8.465500e+002  3.510894e-005
 8.471687e+002  3.206007e-005
 8.477875e+002  3.596391e-005
 8.484062e+002  3.370560e-005
 8.490250e+002  3.916723e-004
 8.496437e+002  6.567591e-004
 8.502625e+002  2.878630e-004
 8.508812e+002  2.534487e-005
 8.515000e+002  2.668384e-005
 8.521187e+002  3.546081e-005
 8.527375e+002  3.171457e-005
 8.533562e+002  2.845111e-005
 8.539750e+002  3.061289e-005
 8.545937e+002  2.421432e-005
 8.552125e+002  2.775180e-005
 8.558312e+002  2.990459e-005
 8.564500e+002  3.072819e-005
 8.570687e+002  2.206900e-005
 8.576875e+002  2.300603e-005
 8.583062e+002  2.835334e-005
 8.589250e+002  2.826969e-005
 8.595437e+002  2.707455e-005
 8.601625e+002  2.977102e-005
 8.607812e+002  3.471803e-005
 8.614000e+002  2.526099e-005
 8.620187e+002  2.888862e-005
 8.626375e+002  2.982096e-005
 8.632562e+002  2.753819e-005
 8.638750e+002  2.440768e-005
 8.644937e+002  2.835086e-005
 8.651125e+002  2.948386e-005
 8.657312e+002  3.750979e-005
 8.663500e+002  3.486128e-005
 8.669687e+002  2.509948e-005
 8.675875e+002  2.683562e-005
 8.682062e+002  2.921467e-005
 8.688250e+002  2.470285e-005
 8.694437e+002  2.892047e-005
 8.700625e+002  2.080329e-005
 8.706812e+002  2.232004e-005
 8.713000e+002  2.923558e-005
 8.719187e+002  3.216647e-005
 8.725375e+002  2.863511e-005
 8.731562e+002  3.054461e-005
 8.737750e+002  2.673063e-005
 8.743937e+002  2.191874e-005
 8.750125e+002  2.389128e-005
 8.756312e+002  2.658150e-005
 8.762500e+002  2.813119e-005
 8.768687e+002  3.169631e-005
 8.774875e+002  3.750412e-005
 8.781062e+002  3.127323e-005
 8.787250e+002  2.269721e-005
 8.793437e+002  2.704387e-005
 8.799625e+002  2.950916e-005
 8.805812e+002  3.195776e-005
 8.812000e+002  3.038320e-005
 8.818187e+002  3.021038e-005
 8.824375e+002  2.610663e-005
 8.830562e+002  2.861904e-005
 8.836750e+002  2.772844e-005
 8.842937e+002  2.742238e-005
 8.849125e+002  3.058558e-005
 8.855312e+002  2.958488e-005
 8.861500e+002  3.392064e-005
 8.867687e+002  3.343353e-005
 8.873875e+002  2.573697e-005
 8.880062e+002  3.032893e-005
 8.886250e+002  2.805107e-005
 8.892437e+002  2.951447e-005
 8.898625e+002  3.174739e-005
 8.904812e+002  2.960698e-005
 8.911000e+002  3.805891e-005
 8.917187e+002  3.886285e-005
 8.923375e+002  2.825811e-005
 8.929562e+002  3.283474e-005
 8.935750e+002  3.398681e-005
 8.941937e+002  2.376413e-005
 8.948125e+002  1.729757e-005
 8.954312e+002  2.511923e-005
 8.960500e+002  2.669758e-005
 8.966687e+002  3.398201e-005
 8.972875e+002  3.296186e-005
 8.979062e+002  3.441882e-005
 8.985250e+002  3.816671e-005
 8.991437e+002  2.348085e-004
 8.997625e+002  2.891125e-004
 9.003812e+002  8.285148e-005
 9.010000e+002  3.335316e-005
 9.016187e+002  2.680542e-005
 9.022375e+002  2.991062e-005
 9.028562e+002  3.670894e-005
 9.034750e+002  3.651035e-005
 9.040937e+002  3.482004e-005
 9.047125e+002  3.933042e-005
 9.053312e+002  3.544340e-005
 9.059500e+002  2.642619e-005
 9.065687e+002  2.611548e-005
 9.071875e+002  2.715940e-005
 9.078062e+002  3.140777e-005
 9.084250e+002  3.226304e-005
 9.090437e+002  2.774954e-005
 9.096625e+002  2.743077e-005
 9.102812e+002  3.692164e-005
 9.109000e+002  3.441948e-005
 9.115187e+002  2.653104e-005
 9.121375e+002  2.534002e-005
 9.127562e+002  3.157740e-005
 9.133750e+002  3.653741e-005
 9.139937e+002  2.788942e-005
 9.146125e+002  3.122491e-005
 9.152312e+002  2.882049e-005
 9.158500e+002  2.221421e-005
 9.164687e+002  3.046312e-005
 9.170875e+002  3.355090e-005
 9.177062e+002  2.612936e-005
 9.183250e+002  2.523165e-005
 9.189437e+002  2.784205e-005
 9.195625e+002  3.099227e-005
 9.201812e+002  3.937342e-005
 9.208000e+002  3.548559e-005
 9.214187e+002  2.858793e-005
 9.220375e+002  2.321085e-005
 9.226562e+002  2.326665e-005
 9.232750e+002  2.392225e-005
 9.238937e+002  3.610464e-005
 9.245125e+002  3.588888e-005
 9.251312e+002  2.863702e-005
 9.257500e+002  2.713594e-005
 9.263687e+002  2.767529e-005
 9.269875e+002  2.956054e-005
 9.276062e+002  3.572067e-005
 9.282250e+002  3.211395e-005
 9.288437e+002  3.082257e-005
 9.294625e+002  3.021269e-005
 9.300812e+002  2.637022e-005
 9.307000e+002  2.573761e-005
 9.313187e+002  2.402661e-005
 9.319375e+002  2.742707e-005
 9.325562e+002  2.941153e-005
 9.331750e+002  2.668155e-005
 9.337937e+002  2.570244e-005
 9.344125e+002  2.825777e-005
 9.350312e+002  3.089838e-005
 9.356500e+002  2.832352e-005
 9.362687e+002  2.803744e-005
 9.368875e+002  3.522487e-005
 9.375062e+002  3.685376e-005
 9.381250e+002  2.503476e-005
 9.387437e+002  2.300036e-005
 9.393625e+002  2.793241e-005
 9.399812e+002  2.849890e-005
 9.406000e+002  2.427843e-005
 9.412187e+002  2.555992e-005
 9.418375e+002  3.097109e-005
 9.424562e+002  3.830521e-005
 9.430750e+002  2.651469e-005
 9.436937e+002  2.403104e-005
 9.443125e+002  2.799230e-005
 9.449312e+002  2.745868e-005
 9.455500e+002  3.205878e-005
 9.461687e+002  2.950841e-005
 9.467875e+002  2.379486e-005
 9.474062e+002  2.374057e-005
 9.480250e+002  3.913124e-005
 9.486437e+002  1.338978e-004
 9.492625e+002  5.114136e-004
 9.498812e+002  4.727146e-004
 9.505000e+002  9.940941e-005
 9.511187e+002  4.265593e-005
 9.517375e+002  3.387462e-005
 9.523562e+002  2.485934e-005
 9.529750e+002  2.748575e-005
 9.535937e+002  3.547020e-005
 9.542125e+002  3.284089e-005
 9.548312e+002  2.427851e-005
 9.554500e+002  2.811789e-005
 9.560687e+002  2.626462e-005
 9.566875e+002  2.913292e-005
 9.573062e+002  3.022489e-005
 9.579250e+002  3.274350e-005
 9.585437e+002  3.515559e-005
 9.591625e+002  3.166286e-005
 9.597812e+002  2.248015e-005
 9.604000e+002  2.675057e-005
 9.610187e+002  3.125030e-005
 9.616375e+002  3.080196e-005
 9.622562e+002  2.793530e-005
 9.628750e+002  2.344987e-005
 9.634937e+002  2.412424e-005
 9.641125e+002  2.638378e-005
 9.647312e+002  2.916941e-005
 9.653500e+002  2.322508e-005
 9.659687e+002  2.237949e-005
 9.665875e+002  2.292246e-005
 9.672062e+002  2.068065e-005
 9.678250e+002  2.267740e-005
 9.684437e+002  2.694259e-005
 9.690625e+002  2.535150e-005
 9.696812e+002  2.386133e-005
 9.703000e+002  2.194552e-005
 9.709187e+002  2.522306e-005
 9.715375e+002  2.739687e-005
 9.721562e+002  2.254229e-005
 9.727750e+002  2.087985e-005
 9.733937e+002  2.590328e-005
 9.740125e+002  2.745340e-005
 9.746312e+002  1.982995e-005
 9.752500e+002  3.059074e-005
 9.758687e+002  3.192359e-005
 9.764875e+002  2.954441e-005
 9.771062e+002  3.308123e-005
 9.777250e+002  3.268851e-005
 9.783437e+002  2.238259e-005
 9.789625e+002  2.251838e-005
 9.795812e+002  2.844515e-005
 9.802000e+002  2.907551e-005
 9.808187e+002  2.709894e-005
 9.814375e+002  3.010401e-005
 9.820562e+002  2.787473e-005
 9.826750e+002  2.448698e-005
 9.832937e+002  2.634459e-005
 9.839125e+002  3.025544e-005
 9.845312e+002  3.240966e-005
 9.851500e+002  2.063125e-005
 9.857687e+002  2.061192e-005
 9.863875e+002  2.659489e-005
 9.870062e+002  3.058450e-005
 9.876250e+002  3.262264e-005
 9.882437e+002  2.457487e-005
 9.888625e+002  3.072417e-005
 9.894812e+002  3.786719e-005
 9.901000e+002  2.640876e-005
 9.907187e+002  2.744390e-005
 9.913375e+002  3.299866e-005
 9.919562e+002  3.430938e-005
 9.925750e+002  2.732732e-005
 9.931937e+002  3.072722e-005
 9.938125e+002  2.882192e-005
 9.944312e+002  2.916527e-005
 9.950500e+002  2.810268e-005
 9.956687e+002  2.878294e-005
 9.962875e+002  2.353525e-005
 9.969062e+002  2.303585e-005
 9.975250e+002  2.607861e-005
 9.981437e+002  2.667744e-005
 9.987625e+002  1.157366e-004
 9.993812e+002  2.829472e-004
 1.000000e+003  1.957346e-004
