 1.000000e+000  4.571820e-004
 1.247500e+000  3.259213e-004
 1.495000e+000  1.407448e-004
 1.742500e+000  1.140747e-004
 1.990000e+000  2.345059e-004
 2.237500e+000  2.375699e-004
 2.485000e+000  2.340789e-004
 2.732500e+000  1.463887e-004
 2.980000e+000  1.408298e-004
 3.227500e+000  1.378738e-004
 3.475000e+000  1.283452e-004
 3.722500e+000  1.027833e-004
 3.970000e+000  1.244931e-004
 4.217500e+000  1.377914e-004
 4.465000e+000  1.856150e-004
 4.712500e+000  2.097911e-004
 4.960000e+000  2.235260e-004
 5.207500e+000  2.311240e-004
 5.455000e+000  1.496195e-004
 5.702500e+000  1.619336e-004
 5.950000e+000  1.848176e-004
 6.197500e+000  2.009486e-004
 6.445000e+000  1.475778e-004
 6.692500e+000  1.322154e-004
 6.940000e+000  1.137501e-004
 7.187500e+000  9.176456e-005
 7.435000e+000  7.886175e-005
 7.682500e+000  8.781900e-005
 7.930000e+000  8.795668e-005
 8.177500e+000  9.521949e-005
 8.425000e+000  1.284433e-004
 8.672500e+000  1.269708e-004
 8.920000e+000  1.158347e-004
 9.167500e+000  1.084436e-004
 9.415000e+000  1.648889e-004
 9.662500e+000  1.351705e-004
 9.910000e+000  1.422838e-004
 1.015750e+001  1.039435e-004
 1.040500e+001  9.159131e-005
 1.065250e+001  8.229134e-005
 1.090000e+001  1.040976e-004
 1.114750e+001  1.665972e-004
 1.139500e+001  1.406246e-004
 1.164250e+001  1.304889e-004
 1.189000e+001  1.283459e-004
 1.213750e+001  1.504154e-004
 1.238500e+001  1.397764e-004
 1.263250e+001  8.337925e-005
 1.288000e+001  1.629127e-004
 1.312750e+001  1.270550e-004
 1.337500e+001  1.085378e-004
 1.362250e+001  6.604955e-005
 1.387000e+001  9.639873e-005
 1.411750e+001  1.195453e-004
 1.436500e+001  9.414777e-005
 1.461250e+001  8.310878e-005
 1.486000e+001  9.570718e-005
 1.510750e+001  7.751397e-005
 1.535500e+001  1.011067e-004
 1.560250e+001  1.113891e-004
 1.585000e+001  8.038155e-005
 1.609750e+001  1.065828e-004
 1.634500e+001  8.927952e-005
 1.659250e+001  5.717810e-005
 1.684000e+001  1.405612e-004
 1.708750e+001  1.189191e-004
 1.733500e+001  6.425510e-005
 1.758250e+001  1.257670e-004
 1.783000e+001  1.416865e-004
 1.807750e+001  1.413334e-004
 1.832500e+001  1.030630e-004
 1.857250e+001  8.027642e-005
 1.882000e+001  8.346018e-005
 1.906750e+001  9.226475e-005
 1.931500e+001  9.894342e-005
 1.956250e+001  1.769104e-004
 1.981000e+001  1.610687e-004
 2.005750e+001  9.861834e-005
 2.030500e+001  5.595243e-005
 2.055250e+001  6.737174e-005
 2.080000e+001  8.268733e-005
 2.104750e+001  1.082062e-004
 2.129500e+001  8.837593e-005
 2.154250e+001  7.334912e-005
 2.179000e+001  5.055080e-005
 2.203750e+001  7.179946e-005
 2.228500e+001  9.029526e-005
 2.253250e+001  1.031297e-004
 2.278000e+001  1.302403e-004
 2.302750e+001  7.715725e-005
 2.327500e+001  8.987674e-005
 2.352250e+001  7.060131e-005
 2.377000e+001  8.040573e-005
 2.401750e+001  1.027547e-004
 2.426500e+001  7.267771e-005
 2.451250e+001  5.999305e-005
 2.476000e+001  5.725143e-005
 2.500750e+001  1.002091e-004
 2.525500e+001  8.454999e-005
 2.550250e+001  1.113193e-004
 2.575000e+001  1.200265e-004
 2.599750e+001  1.055271e-004
 2.624500e+001  1.172943e-004
 2.649250e+001  1.065239e-004
 2.674000e+001  1.077980e-004
 2.698750e+001  6.684964e-005
 2.723500e+001  1.054259e-004
 2.748250e+001  1.081618e-004
 2.773000e+001  9.074107e-005
 2.797750e+001  1.041431e-004
 2.822500e+001  9.808539e-005
 2.847250e+001  7.318571e-005
 2.872000e+001  6.890224e-005
 2.896750e+001  8.553405e-005
 2.921500e+001  1.327948e-004
 2.946250e+001  1.004849e-004
 2.971000e+001  8.087206e-005
 2.995750e+001  8.288918e-005
 3.020500e+001  1.082835e-004
 3.045250e+001  8.131261e-005
 3.070000e+001  4.699596e-005
 3.094750e+001  5.772802e-005
 3.119500e+001  8.800580e-005
 3.144250e+001  5.169723e-005
 3.169000e+001  7.455392e-005
 3.193750e+001  9.071812e-005
 3.218500e+001  1.165666e-004
 3.243250e+001  9.008880e-005
 3.268000e+001  4.133415e-005
 3.292750e+001  9.450625e-005
 3.317500e+001  1.232384e-004
 3.342250e+001  1.399726e-004
 3.367000e+001  1.078741e-004
 3.391750e+001  9.539897e-005
 3.416500e+001  6.545348e-005
 3.441250e+001  4.554303e-005
 3.466000e+001  5.583074e-005
 3.490750e+001  4.661863e-005
 3.515500e+001  4.389179e-005
 3.540250e+001  7.763891e-005
 3.565000e+001  9.814708e-005
 3.589750e+001  7.306349e-005
 3.614500e+001  7.756087e-005
 3.639250e+001  6.217119e-005
 3.664000e+001  9.200948e-005
 3.688750e+001  9.791808e-005
 3.713500e+001  9.136772e-005
 3.738250e+001  5.616851e-005
 3.763000e+001  6.464179e-005
 3.787750e+001  6.913942e-005
 3.812500e+001  8.374868e-005
 3.837250e+001  7.475272e-005
 3.862000e+001  7.026980e-005
 3.886750e+001  7.706375e-005
 3.911500e+001  8.177907e-005
 3.936250e+001  7.683266e-005
 3.961000e+001  5.894905e-005
 3.985750e+001  8.050711e-005
 4.010500e+001  8.162806e-005
 4.035250e+001  7.918065e-005
 4.060000e+001  6.798190e-005
 4.084750e+001  9.215385e-005
 4.109500e+001  1.006193e-004
 4.134250e+001  8.222514e-005
 4.159000e+001  7.194340e-005
 4.183750e+001  1.071483e-004
 4.208500e+001  1.085938e-004
 4.233250e+001  9.974879e-005
 4.258000e+001  7.360032e-005
 4.282750e+001  7.127760e-005
 4.307500e+001  7.102880e-005
 4.332250e+001  7.959049e-005
 4.357000e+001  7.132358e-005
 4.381750e+001  7.669174e-005
 4.406500e+001  7.300152e-005
 4.431250e+001  7.996589e-005
 4.456000e+001  1.227790e-004
 4.480750e+001  1.200637e-004
 4.505500e+001  9.117022e-005
 4.530250e+001  8.730825e-005
 4.555000e+001  6.371445e-005
 4.579750e+001  6.171060e-005
 4.604500e+001  8.578674e-005
 4.629250e+001  9.260632e-005
 4.654000e+001  8.398053e-005
 4.678750e+001  9.039965e-005
 4.703500e+001  8.145089e-005
 4.728250e+001  8.006334e-005
 4.753000e+001  8.653839e-005
 4.777750e+001  6.326894e-005
 4.802500e+001  1.007617e-004
 4.827250e+001  4.985430e-005
 4.852000e+001  6.773257e-005
 4.876750e+001  9.615482e-005
 4.901500e+001  7.754263e-005
 4.926250e+001  8.248602e-005
 4.951000e+001  1.110171e-004
 4.975750e+001  1.440041e-003
 5.000500e+001  2.207565e-003
 5.025250e+001  7.980537e-004
 5.050000e+001  8.329243e-005
 5.074750e+001  6.490585e-005
 5.099500e+001  4.923660e-005
 5.124250e+001  7.847910e-005
 5.149000e+001  6.762011e-005
 5.173750e+001  4.796745e-005
 5.198500e+001  5.839693e-005
 5.223250e+001  7.834961e-005
 5.248000e+001  8.158225e-005
 5.272750e+001  8.639970e-005
 5.297500e+001  1.019793e-004
 5.322250e+001  6.326511e-005
 5.347000e+001  6.592111e-005
 5.371750e+001  8.173783e-005
 5.396500e+001  1.251033e-004
 5.421250e+001  1.043638e-004
 5.446000e+001  3.789025e-005
 5.470750e+001  7.622280e-005
 5.495500e+001  5.529369e-005
 5.520250e+001  7.529923e-005
 5.545000e+001  8.731639e-005
 5.569750e+001  9.745675e-005
 5.594500e+001  1.434143e-004
 5.619250e+001  1.235866e-004
 5.644000e+001  8.666145e-005
 5.668750e+001  9.574314e-005
 5.693500e+001  9.064957e-005
 5.718250e+001  9.323825e-005
 5.743000e+001  1.273774e-004
 5.767750e+001  9.553577e-005
 5.792500e+001  6.294868e-005
 5.817250e+001  8.000540e-005
 5.842000e+001  9.040060e-005
 5.866750e+001  9.866748e-005
 5.891500e+001  6.683694e-005
 5.916250e+001  6.460217e-005
 5.941000e+001  9.862993e-005
 5.965750e+001  1.036728e-004
 5.990500e+001  7.033385e-005
 6.015250e+001  4.749641e-005
 6.040000e+001  4.344495e-005
 6.064750e+001  5.737129e-005
 6.089500e+001  7.531157e-005
 6.114250e+001  7.478846e-005
 6.139000e+001  6.785020e-005
 6.163750e+001  1.311275e-004
 6.188500e+001  1.109260e-004
 6.213250e+001  9.396549e-005
 6.238000e+001  1.180508e-004
 6.262750e+001  9.469942e-005
 6.287500e+001  9.243597e-005
 6.312250e+001  7.558974e-005
 6.337000e+001  5.921142e-005
 6.361750e+001  9.996127e-005
 6.386500e+001  1.231060e-004
 6.411250e+001  1.048675e-004
 6.436000e+001  8.164343e-005
 6.460750e+001  9.816783e-005
 6.485500e+001  9.321852e-005
 6.510250e+001  7.798688e-005
 6.535000e+001  7.234103e-005
 6.559750e+001  6.466161e-005
 6.584500e+001  6.241989e-005
 6.609250e+001  5.761425e-005
 6.634000e+001  7.256151e-005
 6.658750e+001  7.413853e-005
 6.683500e+001  6.564966e-005
 6.708250e+001  5.573745e-005
 6.733000e+001  5.629423e-005
 6.757750e+001  8.941545e-005
 6.782500e+001  6.467760e-005
 6.807250e+001  5.259247e-005
 6.832000e+001  8.899065e-005
 6.856750e+001  8.738087e-005
 6.881500e+001  6.189297e-005
 6.906250e+001  5.113612e-005
 6.931000e+001  4.760730e-005
 6.955750e+001  5.430241e-005
 6.980500e+001  9.586684e-005
 7.005250e+001  8.050361e-005
 7.030000e+001  4.937593e-005
 7.054750e+001  6.591756e-005
 7.079500e+001  5.676678e-005
 7.104250e+001  7.590277e-005
 7.129000e+001  7.948906e-005
 7.153750e+001  6.198776e-005
 7.178500e+001  4.918419e-005
 7.203250e+001  8.190279e-005
 7.228000e+001  9.588880e-005
 7.252750e+001  8.638966e-005
 7.277500e+001  5.605781e-005
 7.302250e+001  4.146227e-005
 7.327000e+001  5.236403e-005
 7.351750e+001  6.249216e-005
 7.376500e+001  9.494393e-005
 7.401250e+001  8.857485e-005
 7.426000e+001  8.386527e-005
 7.450750e+001  9.210986e-005
 7.475500e+001  7.989905e-005
 7.500250e+001  8.152215e-005
 7.525000e+001  6.089544e-005
 7.549750e+001  7.371562e-005
 7.574500e+001  7.392999e-005
 7.599250e+001  5.428119e-005
 7.624000e+001  6.838619e-005
 7.648750e+001  7.894248e-005
 7.673500e+001  1.284411e-004
 7.698250e+001  1.041320e-004
 7.723000e+001  5.787091e-005
 7.747750e+001  5.707050e-005
 7.772500e+001  6.219039e-005
 7.797250e+001  6.858980e-005
 7.822000e+001  5.707508e-005
 7.846750e+001  3.799148e-005
 7.871500e+001  7.333835e-005
 7.896250e+001  9.608555e-005
 7.921000e+001  7.498609e-005
 7.945750e+001  5.253664e-005
 7.970500e+001  4.512881e-005
 7.995250e+001  7.408238e-005
 8.020000e+001  6.754810e-005
 8.044750e+001  8.281524e-005
 8.069500e+001  8.921396e-005
 8.094250e+001  5.506525e-005
 8.119000e+001  5.965062e-005
 8.143750e+001  1.056615e-004
 8.168500e+001  9.211502e-005
 8.193250e+001  7.750336e-005
 8.218000e+001  8.780638e-005
 8.242750e+001  9.561039e-005
 8.267500e+001  7.085928e-005
 8.292250e+001  7.731599e-005
 8.317000e+001  8.980711e-005
 8.341750e+001  9.127780e-005
 8.366500e+001  4.710472e-005
 8.391250e+001  4.857283e-005
 8.416000e+001  7.381385e-005
 8.440750e+001  5.506622e-005
 8.465500e+001  8.245122e-005
 8.490250e+001  7.612179e-005
 8.515000e+001  8.413122e-005
 8.539750e+001  7.172119e-005
 8.564500e+001  4.700422e-005
 8.589250e+001  8.302420e-005
 8.614000e+001  8.757524e-005
 8.638750e+001  7.293073e-005
 8.663500e+001  5.671071e-005
 8.688250e+001  7.025398e-005
 8.713000e+001  5.736990e-005
 8.737750e+001  4.479654e-005
 8.762500e+001  5.808915e-005
 8.787250e+001  5.580707e-005
 8.812000e+001  4.208470e-005
 8.836750e+001  7.804346e-005
 8.861500e+001  1.118140e-004
 8.886250e+001  9.954644e-005
 8.911000e+001  7.539727e-005
 8.935750e+001  6.832814e-005
 8.960500e+001  7.623676e-005
 8.985250e+001  9.119582e-005
 9.010000e+001  9.138137e-005
 9.034750e+001  8.558670e-005
 9.059500e+001  8.684498e-005
 9.084250e+001  7.341706e-005
 9.109000e+001  4.561581e-005
 9.133750e+001  8.332352e-005
 9.158500e+001  7.974775e-005
 9.183250e+001  6.475652e-005
 9.208000e+001  5.317122e-005
 9.232750e+001  6.936699e-005
 9.257500e+001  5.563689e-005
 9.282250e+001  3.861834e-005
 9.307000e+001  5.425711e-005
 9.331750e+001  8.959125e-005
 9.356500e+001  9.705612e-005
 9.381250e+001  8.630022e-005
 9.406000e+001  6.634187e-005
 9.430750e+001  7.970607e-005
 9.455500e+001  7.703572e-005
 9.480250e+001  5.724272e-005
 9.505000e+001  1.030686e-004
 9.529750e+001  8.919400e-005
 9.554500e+001  7.140042e-005
 9.579250e+001  4.542387e-005
 9.604000e+001  3.105147e-005
 9.628750e+001  7.653194e-005
 9.653500e+001  7.421855e-005
 9.678250e+001  7.931098e-005
 9.703000e+001  1.022317e-004
 9.727750e+001  9.924739e-005
 9.752500e+001  1.091580e-004
 9.777250e+001  9.175944e-005
 9.802000e+001  9.650495e-005
 9.826750e+001  1.052408e-004
 9.851500e+001  7.078570e-005
 9.876250e+001  6.736379e-005
 9.901000e+001  6.685613e-005
 9.925750e+001  7.868657e-005
 9.950500e+001  7.373811e-005
 9.975250e+001  1.375087e-004
 1.000000e+002  1.897444e-004
