 1.000000e+001  3.337876e-004
 1.061875e+001  2.549363e-004
 1.123750e+001  3.120276e-004
 1.185625e+001  2.919058e-004
 1.247500e+001  3.042560e-004
 1.309375e+001  3.244839e-004
 1.371250e+001  2.549419e-004
 1.433125e+001  2.393458e-004
 1.495000e+001  2.497135e-004
 1.556875e+001  2.155381e-004
 1.618750e+001  3.199868e-004
 1.680625e+001  3.317720e-004
 1.742500e+001  2.539604e-004
 1.804375e+001  2.288494e-004
 1.866250e+001  2.648070e-004
 1.928125e+001  2.909510e-004
 1.990000e+001  2.335373e-004
 2.051875e+001  2.480526e-004
 2.113750e+001  2.462104e-004
 2.175625e+001  2.023042e-004
 2.237500e+001  2.170093e-004
 2.299375e+001  2.155651e-004
 2.361250e+001  2.869035e-004
 2.423125e+001  2.544993e-004
 2.485000e+001  2.348520e-004
 2.546875e+001  2.442121e-004
 2.608750e+001  2.526148e-004
 2.670625e+001  2.914698e-004
 2.732500e+001  2.483080e-004
 2.794375e+001  2.434413e-004
 2.856250e+001  1.724587e-004
 2.918125e+001  2.045099e-004
 2.980000e+001  2.242621e-004
 3.041875e+001  2.419140e-004
 3.103750e+001  2.021377e-004
 3.165625e+001  1.798129e-004
 3.227500e+001  2.503416e-004
 3.289375e+001  2.549637e-004
 3.351250e+001  2.175306e-004
 3.413125e+001  2.414636e-004
 3.475000e+001  2.647450e-004
 3.536875e+001  2.195055e-004
 3.598750e+001  1.986769e-004
 3.660625e+001  1.962637e-004
 3.722500e+001  2.164045e-004
 3.784375e+001  2.103318e-004
 3.846250e+001  2.107259e-004
 3.908125e+001  2.652369e-004
 3.970000e+001  1.903647e-004
 4.031875e+001  1.511064e-004
 4.093750e+001  2.056697e-004
 4.155625e+001  2.102810e-004
 4.217500e+001  2.014126e-004
 4.279375e+001  3.231425e-004
 4.341250e+001  2.870384e-004
 4.403125e+001  2.053889e-004
 4.465000e+001  1.833083e-004
 4.526875e+001  1.971533e-004
 4.588750e+001  1.394580e-004
 4.650625e+001  1.721842e-004
 4.712500e+001  1.650031e-004
 4.774375e+001  2.125357e-004
 4.836250e+001  2.184806e-004
 4.898125e+001  1.114023e-003
 4.960000e+001  9.083371e-003
 5.021875e+001  1.155731e-002
 5.083750e+001  3.374796e-003
 5.145625e+001  3.604426e-004
 5.207500e+001  2.255553e-004
 5.269375e+001  1.602300e-004
 5.331250e+001  1.522519e-004
 5.393125e+001  1.512367e-004
 5.455000e+001  1.536363e-004
 5.516875e+001  1.169589e-004
 5.578750e+001  1.558047e-004
 5.640625e+001  1.321192e-004
 5.702500e+001  1.720092e-004
 5.764375e+001  1.622670e-004
 5.826250e+001  1.136776e-004
 5.888125e+001  1.107732e-004
 5.950000e+001  1.260654e-004
 6.011875e+001  1.382163e-004
 6.073750e+001  1.260056e-004
 6.135625e+001  1.527194e-004
 6.197500e+001  1.439152e-004
 6.259375e+001  1.369182e-004
 6.321250e+001  1.373640e-004
 6.383125e+001  1.303217e-004
 6.445000e+001  1.629587e-004
 6.506875e+001  1.288624e-004
 6.568750e+001  1.372361e-004
 6.630625e+001  1.372489e-004
 6.692500e+001  1.407078e-004
 6.754375e+001  1.424364e-004
 6.816250e+001  1.558060e-004
 6.878125e+001  1.428652e-004
 6.940000e+001  1.481275e-004
 7.001875e+001  2.356772e-004
 7.063750e+001  1.741810e-004
 7.125625e+001  1.224212e-004
 7.187500e+001  1.331279e-004
 7.249375e+001  1.439116e-004
 7.311250e+001  1.328944e-004
 7.373125e+001  1.322153e-004
 7.435000e+001  1.125982e-004
 7.496875e+001  1.711317e-004
 7.558750e+001  2.435005e-004
 7.620625e+001  1.413255e-004
 7.682500e+001  1.173145e-004
 7.744375e+001  1.224632e-004
 7.806250e+001  1.407697e-004
 7.868125e+001  1.675695e-004
 7.930000e+001  1.170146e-004
 7.991875e+001  1.304104e-004
 8.053750e+001  1.479702e-004
 8.115625e+001  1.568189e-004
 8.177500e+001  1.199931e-004
 8.239375e+001  9.698211e-005
 8.301250e+001  1.182497e-004
 8.363125e+001  1.312134e-004
 8.425000e+001  9.800689e-005
 8.486875e+001  1.041440e-004
 8.548750e+001  9.117785e-005
 8.610625e+001  1.083168e-004
 8.672500e+001  1.097107e-004
 8.734375e+001  1.082936e-004
 8.796250e+001  1.006828e-004
 8.858125e+001  7.171755e-005
 8.920000e+001  8.971794e-005
 8.981875e+001  8.880799e-005
 9.043750e+001  9.598452e-005
 9.105625e+001  1.085567e-004
 9.167500e+001  1.537747e-004
 9.229375e+001  1.141636e-004
 9.291250e+001  1.276994e-004
 9.353125e+001  9.993604e-005
 9.415000e+001  9.879762e-005
 9.476875e+001  8.852226e-005
 9.538750e+001  1.063080e-004
 9.600625e+001  1.061493e-004
 9.662500e+001  9.415904e-005
 9.724375e+001  1.058291e-004
 9.786250e+001  1.243534e-004
 9.848125e+001  1.274273e-004
 9.910000e+001  1.192935e-004
 9.971875e+001  2.860820e-004
 1.003375e+002  2.887804e-004
 1.009563e+002  1.033681e-004
 1.015750e+002  1.079600e-004
 1.021938e+002  1.069741e-004
 1.028125e+002  7.631606e-005
 1.034313e+002  8.112247e-005
 1.040500e+002  8.908708e-005
 1.046688e+002  8.877249e-005
 1.052875e+002  9.512459e-005
 1.059063e+002  8.451019e-005
 1.065250e+002  8.443681e-005
 1.071438e+002  7.985658e-005
 1.077625e+002  8.931454e-005
 1.083813e+002  8.762188e-005
 1.090000e+002  8.806390e-005
 1.096188e+002  7.165497e-005
 1.102375e+002  7.962294e-005
 1.108563e+002  8.882381e-005
 1.114750e+002  6.955850e-005
 1.120938e+002  7.454870e-005
 1.127125e+002  7.447069e-005
 1.133313e+002  7.876593e-005
 1.139500e+002  7.763166e-005
 1.145688e+002  8.268475e-005
 1.151875e+002  9.099612e-005
 1.158063e+002  9.298722e-005
 1.164250e+002  8.538076e-005
 1.170438e+002  8.047086e-005
 1.176625e+002  8.569254e-005
 1.182813e+002  7.126910e-005
 1.189000e+002  7.686641e-005
 1.195188e+002  1.053899e-004
 1.201375e+002  1.287133e-004
 1.207563e+002  8.164340e-005
 1.213750e+002  7.716468e-005
 1.219938e+002  6.850917e-005
 1.226125e+002  5.574312e-005
 1.232313e+002  6.844799e-005
 1.238500e+002  9.196678e-005
 1.244688e+002  1.189587e-004
 1.250875e+002  8.346539e-005
 1.257063e+002  7.639442e-005
 1.263250e+002  6.994004e-005
 1.269438e+002  6.871118e-005
 1.275625e+002  6.250796e-005
 1.281813e+002  3.955227e-005
 1.288000e+002  5.461881e-005
 1.294188e+002  5.773973e-005
 1.300375e+002  6.010419e-005
 1.306563e+002  6.748488e-005
 1.312750e+002  7.987226e-005
 1.318938e+002  7.997212e-005
 1.325125e+002  6.891385e-005
 1.331313e+002  7.102509e-005
 1.337500e+002  7.667149e-005
 1.343688e+002  7.217292e-005
 1.349875e+002  7.284115e-005
 1.356063e+002  7.213810e-005
 1.362250e+002  6.423694e-005
 1.368438e+002  8.637444e-005
 1.374625e+002  7.749572e-005
 1.380813e+002  8.089542e-005
 1.387000e+002  6.830621e-005
 1.393188e+002  4.733495e-005
 1.399375e+002  4.838452e-005
 1.405563e+002  5.927064e-005
 1.411750e+002  6.853984e-005
 1.417938e+002  7.279439e-005
 1.424125e+002  6.037021e-005
 1.430313e+002  4.687771e-005
 1.436500e+002  4.837446e-005
 1.442688e+002  5.731511e-005
 1.448875e+002  7.430002e-005
 1.455063e+002  7.694473e-005
 1.461250e+002  7.214258e-005
 1.467438e+002  6.531526e-005
 1.473625e+002  7.767866e-005
 1.479813e+002  1.243411e-004
 1.486000e+002  2.405739e-004
 1.492188e+002  2.164533e-003
 1.498375e+002  8.007235e-003
 1.504563e+002  6.663723e-003
 1.510750e+002  9.241978e-004
 1.516938e+002  1.793750e-004
 1.523125e+002  1.013162e-004
 1.529313e+002  6.830072e-005
 1.535500e+002  6.167612e-005
 1.541688e+002  5.273804e-005
 1.547875e+002  5.609289e-005
 1.554063e+002  6.751359e-005
 1.560250e+002  6.415523e-005
 1.566438e+002  5.070521e-005
 1.572625e+002  4.913305e-005
 1.578813e+002  6.128272e-005
 1.585000e+002  6.397326e-005
 1.591188e+002  5.172286e-005
 1.597375e+002  5.325178e-005
 1.603563e+002  4.333175e-005
 1.609750e+002  5.397084e-005
 1.615938e+002  6.037076e-005
 1.622125e+002  5.821674e-005
 1.628313e+002  5.452698e-005
 1.634500e+002  5.460557e-005
 1.640688e+002  5.435364e-005
 1.646875e+002  5.580828e-005
 1.653063e+002  5.582306e-005
 1.659250e+002  6.039519e-005
 1.665438e+002  5.977045e-005
 1.671625e+002  5.398585e-005
 1.677813e+002  5.924569e-005
 1.684000e+002  6.409315e-005
 1.690188e+002  6.518538e-005
 1.696375e+002  7.266392e-005
 1.702563e+002  6.434704e-005
 1.708750e+002  6.140710e-005
 1.714938e+002  5.002069e-005
 1.721125e+002  5.050016e-005
 1.727313e+002  4.862919e-005
 1.733500e+002  5.503700e-005
 1.739688e+002  5.999982e-005
 1.745875e+002  6.272192e-005
 1.752063e+002  5.327897e-005
 1.758250e+002  6.734773e-005
 1.764438e+002  6.959944e-005
 1.770625e+002  5.753630e-005
 1.776813e+002  5.212027e-005
 1.783000e+002  4.833045e-005
 1.789188e+002  5.536651e-005
 1.795375e+002  4.910941e-005
 1.801563e+002  5.474115e-005
 1.807750e+002  6.395253e-005
 1.813938e+002  4.317769e-005
 1.820125e+002  4.888974e-005
 1.826313e+002  5.392979e-005
 1.832500e+002  4.489307e-005
 1.838688e+002  4.270413e-005
 1.844875e+002  4.694998e-005
 1.851063e+002  4.850247e-005
 1.857250e+002  5.421438e-005
 1.863438e+002  4.866385e-005
 1.869625e+002  4.277404e-005
 1.875813e+002  5.457983e-005
 1.882000e+002  5.746715e-005
 1.888188e+002  5.178992e-005
 1.894375e+002  4.736007e-005
 1.900563e+002  5.597719e-005
 1.906750e+002  5.572375e-005
 1.912938e+002  5.246165e-005
 1.919125e+002  4.644187e-005
 1.925313e+002  4.186532e-005
 1.931500e+002  4.951197e-005
 1.937688e+002  5.894001e-005
 1.943875e+002  5.485212e-005
 1.950063e+002  4.818965e-005
 1.956250e+002  5.883096e-005
 1.962438e+002  5.144036e-005
 1.968625e+002  4.820279e-005
 1.974813e+002  4.079938e-005
 1.981000e+002  4.464825e-005
 1.987188e+002  4.683332e-005
 1.993375e+002  1.044941e-004
 1.999563e+002  2.642529e-004
 2.005750e+002  1.806213e-004
 2.011938e+002  4.161518e-005
 2.018125e+002  4.670829e-005
 2.024313e+002  3.712974e-005
 2.030500e+002  4.534209e-005
 2.036688e+002  4.590352e-005
 2.042875e+002  4.614463e-005
 2.049063e+002  4.199894e-005
 2.055250e+002  4.440173e-005
 2.061438e+002  4.815329e-005
 2.067625e+002  5.909680e-005
 2.073813e+002  5.431615e-005
 2.080000e+002  4.610726e-005
 2.086188e+002  3.901632e-005
 2.092375e+002  4.415724e-005
 2.098563e+002  5.309130e-005
 2.104750e+002  4.547374e-005
 2.110938e+002  4.935422e-005
 2.117125e+002  5.464926e-005
 2.123313e+002  5.707889e-005
 2.129500e+002  5.498500e-005
 2.135688e+002  4.760268e-005
 2.141875e+002  4.954904e-005
 2.148063e+002  4.693675e-005
 2.154250e+002  4.772629e-005
 2.160438e+002  5.029397e-005
 2.166625e+002  4.272815e-005
 2.172813e+002  4.183452e-005
 2.179000e+002  3.810100e-005
 2.185188e+002  4.600886e-005
 2.191375e+002  6.056689e-005
 2.197563e+002  4.460024e-005
 2.203750e+002  4.359677e-005
 2.209938e+002  3.994910e-005
 2.216125e+002  3.649342e-005
 2.222313e+002  3.892525e-005
 2.228500e+002  4.541011e-005
 2.234688e+002  4.671402e-005
 2.240875e+002  4.385314e-005
 2.247063e+002  4.643029e-005
 2.253250e+002  5.403121e-005
 2.259438e+002  4.749154e-005
 2.265625e+002  3.856299e-005
 2.271813e+002  3.996559e-005
 2.278000e+002  3.698540e-005
 2.284188e+002  3.591746e-005
 2.290375e+002  2.839915e-005
 2.296563e+002  4.556295e-005
 2.302750e+002  4.006816e-005
 2.308938e+002  3.858571e-005
 2.315125e+002  3.765704e-005
 2.321313e+002  3.950008e-005
 2.327500e+002  5.123740e-005
 2.333688e+002  5.025423e-005
 2.339875e+002  4.269930e-005
 2.346063e+002  3.872009e-005
 2.352250e+002  4.579763e-005
 2.358438e+002  5.124244e-005
 2.364625e+002  5.513919e-005
 2.370813e+002  4.995131e-005
 2.377000e+002  4.489522e-005
 2.383188e+002  3.742227e-005
 2.389375e+002  4.023686e-005
 2.395563e+002  2.787142e-005
 2.401750e+002  3.019185e-005
 2.407938e+002  4.085341e-005
 2.414125e+002  4.635702e-005
 2.420313e+002  3.742405e-005
 2.426500e+002  4.049432e-005
 2.432688e+002  3.453286e-005
 2.438875e+002  3.570049e-005
 2.445063e+002  3.966643e-005
 2.451250e+002  5.369549e-005
 2.457438e+002  5.979230e-005
 2.463625e+002  5.092709e-005
 2.469813e+002  5.033021e-005
 2.476000e+002  4.123697e-005
 2.482188e+002  4.989236e-005
 2.488375e+002  5.069924e-005
 2.494563e+002  9.313997e-004
 2.500750e+002  1.989329e-003
 2.506938e+002  1.058650e-003
 2.513125e+002  4.316694e-005
 2.519313e+002  4.934369e-005
 2.525500e+002  4.693301e-005
 2.531688e+002  3.944835e-005
 2.537875e+002  4.045841e-005
 2.544063e+002  4.810718e-005
 2.550250e+002  4.530356e-005
 2.556438e+002  4.708917e-005
 2.562625e+002  4.806044e-005
 2.568813e+002  4.693463e-005
 2.575000e+002  4.209749e-005
 2.581188e+002  3.227551e-005
 2.587375e+002  3.276277e-005
 2.593563e+002  2.735577e-005
 2.599750e+002  3.956201e-005
 2.605938e+002  4.167464e-005
 2.612125e+002  4.307543e-005
 2.618313e+002  3.324713e-005
 2.624500e+002  3.674021e-005
 2.630688e+002  4.113714e-005
 2.636875e+002  4.450086e-005
 2.643063e+002  4.281699e-005
 2.649250e+002  3.542346e-005
 2.655438e+002  3.919005e-005
 2.661625e+002  4.029428e-005
 2.667813e+002  3.396069e-005
 2.674000e+002  3.830543e-005
 2.680188e+002  4.569974e-005
 2.686375e+002  4.224462e-005
 2.692563e+002  3.914665e-005
 2.698750e+002  3.301958e-005
 2.704938e+002  3.340700e-005
 2.711125e+002  3.852686e-005
 2.717313e+002  4.665040e-005
 2.723500e+002  3.975182e-005
 2.729688e+002  4.384273e-005
 2.735875e+002  4.325048e-005
 2.742063e+002  4.014278e-005
 2.748250e+002  3.956928e-005
 2.754438e+002  4.746214e-005
 2.760625e+002  4.852656e-005
 2.766813e+002  4.659939e-005
 2.773000e+002  4.373807e-005
 2.779188e+002  4.669811e-005
 2.785375e+002  3.687617e-005
 2.791563e+002  3.442388e-005
 2.797750e+002  3.566054e-005
 2.803938e+002  5.057673e-005
 2.810125e+002  4.917354e-005
 2.816313e+002  4.731759e-005
 2.822500e+002  4.785480e-005
 2.828688e+002  4.427776e-005
 2.834875e+002  3.416640e-005
 2.841063e+002  3.144467e-005
 2.847250e+002  4.266436e-005
 2.853438e+002  4.479168e-005
 2.859625e+002  4.089804e-005
 2.865813e+002  3.030690e-005
 2.872000e+002  2.826087e-005
 2.878188e+002  3.413207e-005
 2.884375e+002  4.041432e-005
 2.890563e+002  3.971501e-005
 2.896750e+002  4.111935e-005
 2.902938e+002  3.875424e-005
 2.909125e+002  3.326011e-005
 2.915313e+002  3.570979e-005
 2.921500e+002  4.051025e-005
 2.927688e+002  4.172505e-005
 2.933875e+002  3.248585e-005
 2.940063e+002  3.672936e-005
 2.946250e+002  3.993947e-005
 2.952438e+002  3.987306e-005
 2.958625e+002  4.468663e-005
 2.964813e+002  4.068766e-005
 2.971000e+002  3.204077e-005
 2.977188e+002  3.345562e-005
 2.983375e+002  4.172528e-005
 2.989563e+002  4.191815e-005
 2.995750e+002  4.204213e-004
 3.001938e+002  7.149728e-004
 3.008125e+002  3.028317e-004
 3.014313e+002  3.210308e-005
 3.020500e+002  3.757578e-005
 3.026688e+002  3.841200e-005
 3.032875e+002  3.371983e-005
 3.039063e+002  3.035963e-005
 3.045250e+002  2.880722e-005
 3.051438e+002  3.036003e-005
 3.057625e+002  4.338549e-005
 3.063813e+002  3.961273e-005
 3.070000e+002  3.877859e-005
 3.076188e+002  3.276233e-005
 3.082375e+002  2.940480e-005
 3.088563e+002  3.050576e-005
 3.094750e+002  4.167044e-005
 3.100938e+002  4.290179e-005
 3.107125e+002  4.223139e-005
 3.113313e+002  4.322211e-005
 3.119500e+002  3.998792e-005
 3.125688e+002  3.926692e-005
 3.131875e+002  4.626082e-005
 3.138063e+002  4.400797e-005
 3.144250e+002  4.411317e-005
 3.150437e+002  3.840997e-005
 3.156625e+002  3.635910e-005
 3.162812e+002  3.964234e-005
 3.169000e+002  4.151537e-005
 3.175187e+002  4.514143e-005
 3.181375e+002  3.467218e-005
 3.187562e+002  3.734217e-005
 3.193750e+002  4.325347e-005
 3.199937e+002  4.146251e-005
 3.206125e+002  3.923173e-005
 3.212312e+002  4.333531e-005
 3.218500e+002  4.184110e-005
 3.224687e+002  3.191654e-005
 3.230875e+002  3.510439e-005
 3.237062e+002  4.458019e-005
 3.243250e+002  4.538109e-005
 3.249437e+002  4.507604e-005
 3.255625e+002  4.010068e-005
 3.261812e+002  4.184162e-005
 3.268000e+002  4.248856e-005
 3.274187e+002  3.745819e-005
 3.280375e+002  3.841108e-005
 3.286562e+002  4.233385e-005
 3.292750e+002  4.184732e-005
 3.298937e+002  3.837082e-005
 3.305125e+002  3.684308e-005
 3.311312e+002  3.657245e-005
 3.317500e+002  3.628810e-005
 3.323687e+002  3.683354e-005
 3.329875e+002  4.423538e-005
 3.336062e+002  4.635691e-005
 3.342250e+002  3.612899e-005
 3.348437e+002  3.994545e-005
 3.354625e+002  3.984415e-005
 3.360812e+002  3.706913e-005
 3.367000e+002  3.066914e-005
 3.373187e+002  3.962818e-005
 3.379375e+002  4.264780e-005
 3.385562e+002  3.769130e-005
 3.391750e+002  4.407807e-005
 3.397937e+002  4.200234e-005
 3.404125e+002  2.838202e-005
 3.410312e+002  3.676384e-005
 3.416500e+002  3.151346e-005
 3.422687e+002  2.930417e-005
 3.428875e+002  4.153609e-005
 3.435062e+002  4.598167e-005
 3.441250e+002  3.940662e-005
 3.447437e+002  3.886876e-005
 3.453625e+002  3.795387e-005
 3.459812e+002  3.759648e-005
 3.466000e+002  3.453750e-005
 3.472187e+002  3.741367e-005
 3.478375e+002  3.247620e-005
 3.484562e+002  3.943032e-005
 3.490750e+002  6.404930e-005
 3.496937e+002  4.312916e-004
 3.503125e+002  5.795542e-004
 3.509312e+002  1.848791e-004
 3.515500e+002  4.020830e-005
 3.521687e+002  2.991755e-005
 3.527875e+002  3.058586e-005
 3.534062e+002  3.790809e-005
 3.540250e+002  3.893564e-005
 3.546437e+002  3.942861e-005
 3.552625e+002  4.648383e-005
 3.558812e+002  3.882384e-005
 3.565000e+002  4.309428e-005
 3.571187e+002  4.046038e-005
 3.577375e+002  3.000193e-005
 3.583562e+002  3.371772e-005
 3.589750e+002  3.726212e-005
 3.595937e+002  3.508582e-005
 3.602125e+002  3.523572e-005
 3.608312e+002  3.674157e-005
 3.614500e+002  4.096821e-005
 3.620687e+002  3.481730e-005
 3.626875e+002  2.689203e-005
 3.633062e+002  2.387423e-005
 3.639250e+002  2.635395e-005
 3.645437e+002  3.181838e-005
 3.651625e+002  3.618814e-005
 3.657812e+002  3.332384e-005
 3.664000e+002  3.412788e-005
 3.670187e+002  3.552701e-005
 3.676375e+002  4.002053e-005
 3.682562e+002  3.731419e-005
 3.688750e+002  3.511974e-005
 3.694937e+002  3.555403e-005
 3.701125e+002  3.141107e-005
 3.707312e+002  3.824928e-005
 3.713500e+002  2.997758e-005
 3.719687e+002  3.359378e-005
 3.725875e+002  3.432209e-005
 3.732062e+002  3.497250e-005
 3.738250e+002  3.706751e-005
 3.744437e+002  3.833092e-005
 3.750625e+002  3.613727e-005
 3.756812e+002  3.297291e-005
 3.763000e+002  3.756582e-005
 3.769187e+002  3.171513e-005
 3.775375e+002  3.561833e-005
 3.781562e+002  3.809335e-005
 3.787750e+002  3.044738e-005
 3.793937e+002  2.415188e-005
 3.800125e+002  2.709474e-005
 3.806312e+002  2.601336e-005
 3.812500e+002  3.219501e-005
 3.818687e+002  4.060866e-005
 3.824875e+002  3.991260e-005
 3.831062e+002  3.911668e-005
 3.837250e+002  3.958214e-005
 3.843437e+002  4.163344e-005
 3.849625e+002  4.395036e-005
 3.855812e+002  4.137450e-005
 3.862000e+002  3.403407e-005
 3.868187e+002  3.533273e-005
 3.874375e+002  3.846055e-005
 3.880562e+002  3.880005e-005
 3.886750e+002  3.558775e-005
 3.892937e+002  3.287550e-005
 3.899125e+002  3.397879e-005
 3.905312e+002  3.411984e-005
 3.911500e+002  3.421294e-005
 3.917687e+002  3.817401e-005
 3.923875e+002  4.146558e-005
 3.930062e+002  3.576089e-005
 3.936250e+002  2.848628e-005
 3.942437e+002  3.324394e-005
 3.948625e+002  3.731879e-005
 3.954812e+002  3.599639e-005
 3.961000e+002  3.433492e-005
 3.967187e+002  3.673879e-005
 3.973375e+002  3.452233e-005
 3.979562e+002  3.188395e-005
 3.985750e+002  3.203962e-005
 3.991937e+002  9.616435e-005
 3.998125e+002  5.229680e-004
 4.004312e+002  5.819621e-004
 4.010500e+002  1.519682e-004
 4.016687e+002  4.200291e-005
 4.022875e+002  3.856145e-005
 4.029062e+002  4.040300e-005
 4.035250e+002  3.734455e-005
 4.041437e+002  4.003564e-005
 4.047625e+002  3.422444e-005
 4.053812e+002  3.307123e-005
 4.060000e+002  2.855554e-005
 4.066187e+002  2.724353e-005
 4.072375e+002  3.305803e-005
 4.078562e+002  3.653051e-005
 4.084750e+002  3.686162e-005
 4.090937e+002  3.125967e-005
 4.097125e+002  3.198394e-005
 4.103312e+002  3.226845e-005
 4.109500e+002  2.862360e-005
 4.115687e+002  3.512301e-005
 4.121875e+002  3.568489e-005
 4.128062e+002  3.621725e-005
 4.134250e+002  3.301806e-005
 4.140437e+002  3.113795e-005
 4.146625e+002  2.897711e-005
 4.152812e+002  3.069076e-005
 4.159000e+002  3.374699e-005
 4.165187e+002  2.808548e-005
 4.171375e+002  2.243902e-005
 4.177562e+002  2.692251e-005
 4.183750e+002  3.309802e-005
 4.189937e+002  3.510975e-005
 4.196125e+002  3.552043e-005
 4.202312e+002  3.539624e-005
 4.208500e+002  3.592589e-005
 4.214687e+002  3.517115e-005
 4.220875e+002  2.922690e-005
 4.227062e+002  2.984801e-005
 4.233250e+002  3.634292e-005
 4.239437e+002  3.577120e-005
 4.245625e+002  3.405990e-005
 4.251812e+002  3.723363e-005
 4.258000e+002  4.054602e-005
 4.264187e+002  4.586811e-005
 4.270375e+002  3.531438e-005
 4.276562e+002  2.922604e-005
 4.282750e+002  3.312713e-005
 4.288937e+002  3.439317e-005
 4.295125e+002  2.768981e-005
 4.301312e+002  3.460847e-005
 4.307500e+002  3.506576e-005
 4.313687e+002  3.420848e-005
 4.319875e+002  3.507503e-005
 4.326062e+002  3.494104e-005
 4.332250e+002  3.496775e-005
 4.338437e+002  3.675692e-005
 4.344625e+002  3.737261e-005
 4.350812e+002  3.158937e-005
 4.357000e+002  2.237253e-005
 4.363187e+002  2.823345e-005
 4.369375e+002  2.912782e-005
 4.375562e+002  2.760453e-005
 4.381750e+002  2.419705e-005
 4.387937e+002  2.574400e-005
 4.394125e+002  2.860945e-005
 4.400312e+002  2.734005e-005
 4.406500e+002  3.015734e-005
 4.412687e+002  3.459429e-005
 4.418875e+002  2.805670e-005
 4.425062e+002  2.892476e-005
 4.431250e+002  3.626753e-005
 4.437437e+002  3.250431e-005
 4.443625e+002  3.761396e-005
 4.449812e+002  3.927654e-005
 4.456000e+002  2.822875e-005
 4.462187e+002  2.384713e-005
 4.468375e+002  2.867409e-005
 4.474562e+002  3.670090e-005
 4.480750e+002  3.253036e-005
 4.486937e+002  2.915772e-005
 4.493125e+002  1.308322e-004
 4.499312e+002  4.970291e-004
 4.505500e+002  4.429986e-004
 4.511687e+002  8.240542e-005
 4.517875e+002  3.466434e-005
 4.524062e+002  2.967077e-005
 4.530250e+002  3.397013e-005
 4.536437e+002  3.004580e-005
 4.542625e+002  3.408444e-005
 4.548812e+002  4.380176e-005
 4.555000e+002  3.327312e-005
 4.561187e+002  2.798848e-005
 4.567375e+002  3.417691e-005
 4.573562e+002  3.509783e-005
 4.579750e+002  3.767242e-005
 4.585937e+002  3.406225e-005
 4.592125e+002  2.989946e-005
 4.598312e+002  3.004487e-005
 4.604500e+002  3.704817e-005
 4.610687e+002  3.814347e-005
 4.616875e+002  3.685017e-005
 4.623062e+002  3.482987e-005
 4.629250e+002  3.042928e-005
 4.635437e+002  3.281670e-005
 4.641625e+002  2.783630e-005
 4.647812e+002  2.754658e-005
 4.654000e+002  3.763621e-005
 4.660187e+002  4.039211e-005
 4.666375e+002  4.011067e-005
 4.672562e+002  3.892696e-005
 4.678750e+002  3.089042e-005
 4.684937e+002  3.504416e-005
 4.691125e+002  3.009661e-005
 4.697312e+002  2.801478e-005
 4.703500e+002  3.127638e-005
 4.709687e+002  3.726182e-005
 4.715875e+002  3.499547e-005
 4.722062e+002  2.954472e-005
 4.728250e+002  3.399047e-005
 4.734437e+002  2.920810e-005
 4.740625e+002  2.875468e-005
 4.746812e+002  3.138107e-005
 4.753000e+002  2.597167e-005
 4.759187e+002  3.119878e-005
 4.765375e+002  3.598052e-005
 4.771562e+002  3.170861e-005
 4.777750e+002  3.530653e-005
 4.783937e+002  3.852903e-005
 4.790125e+002  3.604774e-005
 4.796312e+002  3.066952e-005
 4.802500e+002  3.412356e-005
 4.808687e+002  3.095867e-005
 4.814875e+002  3.115958e-005
 4.821062e+002  3.072085e-005
 4.827250e+002  3.310454e-005
 4.833437e+002  2.961303e-005
 4.839625e+002  3.320874e-005
 4.845812e+002  2.552314e-005
 4.852000e+002  2.645414e-005
 4.858187e+002  3.023200e-005
 4.864375e+002  3.713691e-005
 4.870562e+002  3.157100e-005
 4.876750e+002  2.947635e-005
 4.882937e+002  3.020754e-005
 4.889125e+002  2.985446e-005
 4.895312e+002  2.982544e-005
 4.901500e+002  2.891279e-005
 4.907687e+002  2.771739e-005
 4.913875e+002  3.000320e-005
 4.920062e+002  3.508887e-005
 4.926250e+002  3.871739e-005
 4.932437e+002  3.479655e-005
 4.938625e+002  2.980550e-005
 4.944812e+002  2.227717e-005
 4.951000e+002  2.563347e-005
 4.957187e+002  3.246724e-005
 4.963375e+002  3.554026e-005
 4.969562e+002  2.647165e-005
 4.975750e+002  2.826153e-005
 4.981937e+002  3.310522e-005
 4.988125e+002  4.446356e-005
 4.994312e+002  2.277613e-004
 5.000500e+002  6.616658e-004
 5.006687e+002  4.700732e-004
 5.012875e+002  5.897562e-005
 5.019062e+002  3.776394e-005
 5.025250e+002  3.723169e-005
 5.031437e+002  3.235831e-005
 5.037625e+002  3.741440e-005
 5.043812e+002  3.556773e-005
 5.050000e+002  2.930328e-005
 5.056187e+002  3.449276e-005
 5.062375e+002  3.425239e-005
 5.068562e+002  3.205627e-005
 5.074750e+002  3.199196e-005
 5.080937e+002  3.572805e-005
 5.087125e+002  3.703061e-005
 5.093312e+002  2.927570e-005
 5.099500e+002  2.827202e-005
 5.105687e+002  2.674215e-005
 5.111875e+002  3.058051e-005
 5.118062e+002  2.728379e-005
 5.124250e+002  3.568918e-005
 5.130437e+002  3.180124e-005
 5.136625e+002  2.810658e-005
 5.142812e+002  2.719299e-005
 5.149000e+002  2.413651e-005
 5.155187e+002  2.984693e-005
 5.161375e+002  3.748409e-005
 5.167562e+002  3.443781e-005
 5.173750e+002  3.228155e-005
 5.179937e+002  3.412147e-005
 5.186125e+002  3.392318e-005
 5.192312e+002  3.027894e-005
 5.198500e+002  2.892278e-005
 5.204687e+002  3.575871e-005
 5.210875e+002  3.680931e-005
 5.217062e+002  2.997017e-005
 5.223250e+002  3.060785e-005
 5.229437e+002  3.456984e-005
 5.235625e+002  3.305477e-005
 5.241812e+002  3.073695e-005
 5.248000e+002  2.809133e-005
 5.254187e+002  3.520155e-005
 5.260375e+002  3.828268e-005
 5.266562e+002  2.862598e-005
 5.272750e+002  2.818627e-005
 5.278937e+002  2.480512e-005
 5.285125e+002  2.288187e-005
 5.291312e+002  2.969940e-005
 5.297500e+002  3.902208e-005
 5.303687e+002  3.424508e-005
 5.309875e+002  3.465900e-005
 5.316062e+002  3.706839e-005
 5.322250e+002  3.727036e-005
 5.328437e+002  3.483202e-005
 5.334625e+002  3.842108e-005
 5.340812e+002  4.140846e-005
 5.347000e+002  3.161354e-005
 5.353187e+002  2.630309e-005
 5.359375e+002  2.677282e-005
 5.365562e+002  3.068489e-005
 5.371750e+002  2.708139e-005
 5.377937e+002  2.596938e-005
 5.384125e+002  2.864544e-005
 5.390312e+002  3.069926e-005
 5.396500e+002  3.416421e-005
 5.402687e+002  3.545807e-005
 5.408875e+002  3.545692e-005
 5.415062e+002  3.334756e-005
 5.421250e+002  3.476406e-005
 5.427437e+002  3.182832e-005
 5.433625e+002  3.094304e-005
 5.439812e+002  3.107829e-005
 5.446000e+002  3.421112e-005
 5.452187e+002  3.182743e-005
 5.458375e+002  2.759783e-005
 5.464562e+002  3.281364e-005
 5.470750e+002  3.382602e-005
 5.476937e+002  3.284037e-005
 5.483125e+002  3.531968e-005
 5.489312e+002  3.686204e-005
 5.495500e+002  3.534357e-004
 5.501687e+002  8.234369e-004
 5.507875e+002  4.809661e-004
 5.514062e+002  4.977654e-005
 5.520250e+002  5.230279e-005
 5.526437e+002  4.407213e-005
 5.532625e+002  3.863532e-005
 5.538812e+002  3.819135e-005
 5.545000e+002  3.718405e-005
 5.551187e+002  3.495441e-005
 5.557375e+002  3.921139e-005
 5.563562e+002  4.007486e-005
 5.569750e+002  3.006956e-005
 5.575937e+002  3.141183e-005
 5.582125e+002  3.011606e-005
 5.588312e+002  3.438240e-005
 5.594500e+002  3.482018e-005
 5.600687e+002  3.300761e-005
 5.606875e+002  3.245542e-005
 5.613062e+002  3.220179e-005
 5.619250e+002  2.692706e-005
 5.625437e+002  3.226108e-005
 5.631625e+002  3.421388e-005
 5.637812e+002  3.230883e-005
 5.644000e+002  3.240732e-005
 5.650187e+002  3.211574e-005
 5.656375e+002  3.103330e-005
 5.662562e+002  3.116519e-005
 5.668750e+002  2.855295e-005
 5.674937e+002  3.191615e-005
 5.681125e+002  3.803311e-005
 5.687312e+002  3.154118e-005
 5.693500e+002  2.271585e-005
 5.699687e+002  2.908446e-005
 5.705875e+002  3.120692e-005
 5.712062e+002  2.427326e-005
 5.718250e+002  3.161351e-005
 5.724437e+002  2.696150e-005
 5.730625e+002  2.918656e-005
 5.736812e+002  3.226608e-005
 5.743000e+002  2.909223e-005
 5.749187e+002  3.265573e-005
 5.755375e+002  3.135302e-005
 5.761562e+002  3.476355e-005
 5.767750e+002  3.259009e-005
 5.773937e+002  2.988494e-005
 5.780125e+002  3.304472e-005
 5.786312e+002  2.773774e-005
 5.792500e+002  3.028616e-005
 5.798687e+002  3.161009e-005
 5.804875e+002  2.956958e-005
 5.811062e+002  2.971914e-005
 5.817250e+002  3.280018e-005
 5.823437e+002  2.614777e-005
 5.829625e+002  2.567111e-005
 5.835812e+002  2.621131e-005
 5.842000e+002  2.483433e-005
 5.848187e+002  2.359111e-005
 5.854375e+002  2.690409e-005
 5.860562e+002  3.065009e-005
 5.866750e+002  2.855777e-005
 5.872937e+002  3.032514e-005
 5.879125e+002  2.850852e-005
 5.885312e+002  3.096950e-005
 5.891500e+002  2.784188e-005
 5.897687e+002  2.295571e-005
 5.903875e+002  3.035776e-005
 5.910062e+002  3.190059e-005
 5.916250e+002  3.091249e-005
 5.922437e+002  2.544189e-005
 5.928625e+002  2.029238e-005
 5.934812e+002  2.331331e-005
 5.941000e+002  3.236715e-005
 5.947187e+002  3.564103e-005
 5.953375e+002  3.549680e-005
 5.959562e+002  3.456561e-005
 5.965750e+002  3.279936e-005
 5.971937e+002  3.373637e-005
 5.978125e+002  3.321213e-005
 5.984312e+002  2.963525e-005
 5.990500e+002  3.279797e-005
 5.996687e+002  2.193034e-004
 6.002875e+002  3.816669e-004
 6.009062e+002  1.803783e-004
 6.015250e+002  3.383821e-005
 6.021437e+002  3.128211e-005
 6.027625e+002  2.973004e-005
 6.033812e+002  3.379004e-005
 6.040000e+002  4.117665e-005
 6.046187e+002  3.833816e-005
 6.052375e+002  3.208414e-005
 6.058562e+002  2.783318e-005
 6.064750e+002  3.278319e-005
 6.070937e+002  2.975508e-005
 6.077125e+002  2.623599e-005
 6.083312e+002  3.167733e-005
 6.089500e+002  2.879972e-005
 6.095687e+002  3.105682e-005
 6.101875e+002  2.900166e-005
 6.108062e+002  3.266445e-005
 6.114250e+002  3.379997e-005
 6.120437e+002  2.877203e-005
 6.126625e+002  3.117022e-005
 6.132812e+002  3.015116e-005
 6.139000e+002  2.667678e-005
 6.145187e+002  3.063156e-005
 6.151375e+002  3.600600e-005
 6.157562e+002  2.815876e-005
 6.163750e+002  3.510306e-005
 6.169937e+002  3.535931e-005
 6.176125e+002  2.861183e-005
 6.182312e+002  2.302652e-005
 6.188500e+002  2.217296e-005
 6.194687e+002  2.645913e-005
 6.200875e+002  3.058687e-005
 6.207062e+002  3.002412e-005
 6.213250e+002  3.113960e-005
 6.219437e+002  3.312559e-005
 6.225625e+002  2.930870e-005
 6.231812e+002  3.180959e-005
 6.238000e+002  2.881294e-005
 6.244187e+002  2.775389e-005
 6.250375e+002  3.364783e-005
 6.256562e+002  3.467767e-005
 6.262750e+002  3.786833e-005
 6.268937e+002  3.757624e-005
 6.275125e+002  2.534927e-005
 6.281312e+002  3.125490e-005
 6.287500e+002  2.751651e-005
 6.293687e+002  2.600425e-005
 6.299875e+002  2.774889e-005
 6.306062e+002  2.631655e-005
 6.312250e+002  3.459431e-005
 6.318437e+002  3.278560e-005
 6.324625e+002  2.984110e-005
 6.330812e+002  2.715109e-005
 6.337000e+002  2.828067e-005
 6.343187e+002  3.517348e-005
 6.349375e+002  3.185824e-005
 6.355562e+002  2.588853e-005
 6.361750e+002  2.692953e-005
 6.367937e+002  3.091681e-005
 6.374125e+002  3.095676e-005
 6.380312e+002  2.987083e-005
 6.386500e+002  3.772815e-005
 6.392687e+002  3.666997e-005
 6.398875e+002  2.725223e-005
 6.405062e+002  2.196817e-005
 6.411250e+002  2.249653e-005
 6.417437e+002  2.904679e-005
 6.423625e+002  2.897764e-005
 6.429812e+002  2.870494e-005
 6.436000e+002  3.150602e-005
 6.442187e+002  2.912574e-005
 6.448375e+002  2.629521e-005
 6.454562e+002  3.012003e-005
 6.460750e+002  2.678818e-005
 6.466937e+002  3.447157e-005
 6.473125e+002  3.223964e-005
 6.479312e+002  2.548346e-005
 6.485500e+002  3.640495e-005
 6.491687e+002  4.884522e-005
 6.497875e+002  5.616863e-004
 6.504062e+002  8.211316e-004
 6.510250e+002  2.921076e-004
 6.516437e+002  4.320011e-005
 6.522625e+002  3.099813e-005
 6.528812e+002  2.654965e-005
 6.535000e+002  2.862076e-005
 6.541187e+002  2.766849e-005
 6.547375e+002  2.894362e-005
 6.553562e+002  3.535154e-005
 6.559750e+002  3.458858e-005
 6.565937e+002  3.321508e-005
 6.572125e+002  3.243312e-005
 6.578312e+002  3.436786e-005
 6.584500e+002  3.203186e-005
 6.590687e+002  2.830730e-005
 6.596875e+002  2.984253e-005
 6.603062e+002  3.100853e-005
 6.609250e+002  2.889958e-005
 6.615437e+002  2.466695e-005
 6.621625e+002  2.553324e-005
 6.627812e+002  2.931390e-005
 6.634000e+002  3.892203e-005
 6.640187e+002  3.829994e-005
 6.646375e+002  3.065358e-005
 6.652562e+002  3.127753e-005
 6.658750e+002  3.545295e-005
 6.664937e+002  3.188913e-005
 6.671125e+002  2.711089e-005
 6.677312e+002  2.669359e-005
 6.683500e+002  3.011782e-005
 6.689687e+002  3.199123e-005
 6.695875e+002  2.902714e-005
 6.702062e+002  2.668136e-005
 6.708250e+002  3.150161e-005
 6.714437e+002  3.476670e-005
 6.720625e+002  3.467815e-005
 6.726812e+002  3.306927e-005
 6.733000e+002  2.803617e-005
 6.739187e+002  3.680334e-005
 6.745375e+002  3.897607e-005
 6.751562e+002  4.275543e-005
 6.757750e+002  4.149762e-005
 6.763937e+002  3.742988e-005
 6.770125e+002  3.571511e-005
 6.776312e+002  3.772045e-005
 6.782500e+002  3.628236e-005
 6.788687e+002  3.403113e-005
 6.794875e+002  3.007843e-005
 6.801062e+002  3.254169e-005
 6.807250e+002  3.278961e-005
 6.813437e+002  3.322588e-005
 6.819625e+002  3.959682e-005
 6.825812e+002  3.522942e-005
 6.832000e+002  3.336624e-005
 6.838187e+002  3.413261e-005
 6.844375e+002  2.283648e-005
 6.850562e+002  2.846377e-005
 6.856750e+002  2.838988e-005
 6.862937e+002  3.073176e-005
 6.869125e+002  3.572055e-005
 6.875312e+002  3.479391e-005
 6.881500e+002  3.435334e-005
 6.887687e+002  3.206662e-005
 6.893875e+002  3.067316e-005
 6.900062e+002  3.615564e-005
 6.906250e+002  2.404187e-005
 6.912437e+002  2.772192e-005
 6.918625e+002  3.111858e-005
 6.924812e+002  2.982626e-005
 6.931000e+002  2.748409e-005
 6.937187e+002  3.301002e-005
 6.943375e+002  3.486857e-005
 6.949562e+002  3.142898e-005
 6.955750e+002  2.243212e-005
 6.961937e+002  2.129766e-005
 6.968125e+002  2.693038e-005
 6.974312e+002  2.709288e-005
 6.980500e+002  3.046642e-005
 6.986687e+002  4.241941e-005
 6.992875e+002  6.672193e-005
 6.999062e+002  3.924583e-004
 7.005250e+002  4.616066e-004
 7.011437e+002  1.342775e-004
 7.017625e+002  2.823540e-005
 7.023812e+002  3.257394e-005
 7.030000e+002  3.128393e-005
 7.036187e+002  2.521592e-005
 7.042375e+002  2.867150e-005
 7.048562e+002  2.217243e-005
 7.054750e+002  3.074019e-005
 7.060937e+002  3.503293e-005
 7.067125e+002  3.500394e-005
 7.073312e+002  3.508011e-005
 7.079500e+002  3.837789e-005
 7.085687e+002  3.446697e-005
 7.091875e+002  2.225068e-005
 7.098062e+002  2.165794e-005
 7.104250e+002  2.662576e-005
 7.110437e+002  2.916079e-005
 7.116625e+002  2.860054e-005
 7.122812e+002  2.801108e-005
 7.129000e+002  3.055396e-005
 7.135187e+002  2.461515e-005
 7.141375e+002  2.894666e-005
 7.147562e+002  3.009901e-005
 7.153750e+002  2.954812e-005
 7.159937e+002  2.481107e-005
 7.166125e+002  2.926332e-005
 7.172312e+002  2.518320e-005
 7.178500e+002  2.156351e-005
 7.184687e+002  3.051664e-005
 7.190875e+002  3.376216e-005
 7.197062e+002  2.949884e-005
 7.203250e+002  2.282255e-005
 7.209437e+002  2.366791e-005
 7.215625e+002  2.425402e-005
 7.221812e+002  2.474144e-005
 7.228000e+002  2.621818e-005
 7.234187e+002  2.735532e-005
 7.240375e+002  3.093808e-005
 7.246562e+002  3.313048e-005
 7.252750e+002  2.978536e-005
 7.258937e+002  2.679587e-005
 7.265125e+002  3.422127e-005
 7.271312e+002  3.151562e-005
 7.277500e+002  3.044059e-005
 7.283687e+002  3.327898e-005
 7.289875e+002  3.141474e-005
 7.296062e+002  3.366058e-005
 7.302250e+002  2.892217e-005
 7.308437e+002  2.383277e-005
 7.314625e+002  2.488155e-005
 7.320812e+002  3.027513e-005
 7.327000e+002  2.540579e-005
 7.333187e+002  2.273378e-005
 7.339375e+002  2.372858e-005
 7.345562e+002  2.818572e-005
 7.351750e+002  3.679982e-005
 7.357937e+002  3.690703e-005
 7.364125e+002  3.051266e-005
 7.370312e+002  3.144242e-005
 7.376500e+002  2.756457e-005
 7.382687e+002  2.943768e-005
 7.388875e+002  3.110887e-005
 7.395062e+002  3.002925e-005
 7.401250e+002  3.169789e-005
 7.407437e+002  3.247012e-005
 7.413625e+002  2.395587e-005
 7.419812e+002  3.042794e-005
 7.426000e+002  3.189439e-005
 7.432187e+002  2.330101e-005
 7.438375e+002  2.812217e-005
 7.444562e+002  3.387769e-005
 7.450750e+002  3.188112e-005
 7.456937e+002  2.552792e-005
 7.463125e+002  2.397534e-005
 7.469312e+002  3.012682e-005
 7.475500e+002  3.576455e-005
 7.481687e+002  4.372072e-005
 7.487875e+002  3.483314e-005
 7.494062e+002  1.189897e-004
 7.500250e+002  4.791788e-004
 7.506437e+002  4.510130e-004
 7.512625e+002  8.891798e-005
 7.518812e+002  4.312518e-005
 7.525000e+002  3.770942e-005
 7.531187e+002  2.780427e-005
 7.537375e+002  2.943420e-005
 7.543562e+002  2.801873e-005
 7.549750e+002  3.365736e-005
 7.555937e+002  3.203086e-005
 7.562125e+002  2.613139e-005
 7.568312e+002  2.441735e-005
 7.574500e+002  2.736733e-005
 7.580687e+002  2.957868e-005
 7.586875e+002  2.144333e-005
 7.593062e+002  2.797179e-005
 7.599250e+002  3.422742e-005
 7.605437e+002  3.342462e-005
 7.611625e+002  3.048791e-005
 7.617812e+002  2.497837e-005
 7.624000e+002  2.591163e-005
 7.630187e+002  2.872106e-005
 7.636375e+002  3.217029e-005
 7.642562e+002  3.141700e-005
 7.648750e+002  2.454915e-005
 7.654937e+002  2.432141e-005
 7.661125e+002  2.695035e-005
 7.667312e+002  2.448364e-005
 7.673500e+002  2.712985e-005
 7.679687e+002  2.756373e-005
 7.685875e+002  2.713212e-005
 7.692062e+002  2.252722e-005
 7.698250e+002  2.838202e-005
 7.704437e+002  2.767703e-005
 7.710625e+002  2.637802e-005
 7.716812e+002  2.582770e-005
 7.723000e+002  2.635264e-005
 7.729187e+002  2.808844e-005
 7.735375e+002  2.758785e-005
 7.741562e+002  2.751957e-005
 7.747750e+002  2.716184e-005
 7.753937e+002  3.275738e-005
 7.760125e+002  3.829937e-005
 7.766312e+002  4.233471e-005
 7.772500e+002  4.002601e-005
 7.778687e+002  3.050062e-005
 7.784875e+002  2.791812e-005
 7.791062e+002  2.838986e-005
 7.797250e+002  2.842234e-005
 7.803437e+002  2.790117e-005
 7.809625e+002  2.911699e-005
 7.815812e+002  3.202873e-005
 7.822000e+002  3.556815e-005
 7.828187e+002  3.237050e-005
 7.834375e+002  2.444510e-005
 7.840562e+002  2.658112e-005
 7.846750e+002  3.125954e-005
 7.852937e+002  2.795081e-005
 7.859125e+002  2.635951e-005
 7.865312e+002  2.760198e-005
 7.871500e+002  2.961391e-005
 7.877687e+002  3.020279e-005
 7.883875e+002  2.856792e-005
 7.890062e+002  3.089290e-005
 7.896250e+002  3.194497e-005
 7.902437e+002  3.088629e-005
 7.908625e+002  2.611110e-005
 7.914812e+002  2.802488e-005
 7.921000e+002  2.396733e-005
 7.927187e+002  2.507978e-005
 7.933375e+002  3.248289e-005
 7.939562e+002  3.047704e-005
 7.945750e+002  2.521342e-005
 7.951937e+002  2.564800e-005
 7.958125e+002  2.863231e-005
 7.964312e+002  3.023633e-005
 7.970500e+002  2.397773e-005
 7.976687e+002  2.944357e-005
 7.982875e+002  3.939977e-005
 7.989062e+002  3.625803e-005
 7.995250e+002  1.006763e-004
 8.001437e+002  3.124451e-004
 8.007625e+002  2.478982e-004
 8.013812e+002  4.421377e-005
 8.020000e+002  3.376580e-005
 8.026187e+002  3.060135e-005
 8.032375e+002  2.874006e-005
 8.038562e+002  2.804124e-005
 8.044750e+002  2.488368e-005
 8.050937e+002  3.093233e-005
 8.057125e+002  3.093671e-005
 8.063312e+002  3.079351e-005
 8.069500e+002  2.190469e-005
 8.075687e+002  3.024358e-005
 8.081875e+002  3.457801e-005
 8.088062e+002  2.906876e-005
 8.094250e+002  2.650200e-005
 8.100437e+002  2.317247e-005
 8.106625e+002  2.463540e-005
 8.112812e+002  2.275119e-005
 8.119000e+002  2.560094e-005
 8.125187e+002  3.217659e-005
 8.131375e+002  3.407463e-005
 8.137562e+002  2.890327e-005
 8.143750e+002  2.669581e-005
 8.149937e+002  2.690033e-005
 8.156125e+002  2.980793e-005
 8.162312e+002  2.872992e-005
 8.168500e+002  2.423582e-005
 8.174687e+002  2.946265e-005
 8.180875e+002  2.529199e-005
 8.187062e+002  2.275054e-005
 8.193250e+002  2.695394e-005
 8.199437e+002  3.015564e-005
 8.205625e+002  3.303516e-005
 8.211812e+002  2.758060e-005
 8.218000e+002  3.130835e-005
 8.224187e+002  2.894183e-005
 8.230375e+002  3.053037e-005
 8.236562e+002  3.082709e-005
 8.242750e+002  3.736439e-005
 8.248937e+002  3.537660e-005
 8.255125e+002  2.896865e-005
 8.261312e+002  3.648325e-005
 8.267500e+002  3.124103e-005
 8.273687e+002  2.922236e-005
 8.279875e+002  2.846067e-005
 8.286062e+002  2.831971e-005
 8.292250e+002  3.119515e-005
 8.298437e+002  3.337180e-005
 8.304625e+002  3.565788e-005
 8.310812e+002  3.626476e-005
 8.317000e+002  2.940238e-005
 8.323187e+002  3.126489e-005
 8.329375e+002  3.285396e-005
 8.335562e+002  2.324452e-005
 8.341750e+002  2.464484e-005
 8.347937e+002  2.618641e-005
 8.354125e+002  2.411440e-005
 8.360312e+002  2.739995e-005
 8.366500e+002  3.155896e-005
 8.372687e+002  2.908600e-005
 8.378875e+002  2.388065e-005
 8.385062e+002  2.679478e-005
 8.391250e+002  3.205269e-005
 8.397437e+002  2.757636e-005
 8.403625e+002  2.743527e-005
 8.409812e+002  2.912443e-005
 8.416000e+002  2.597060e-005
 8.422187e+002  2.556122e-005
 8.428375e+002  2.424661e-005
 8.434562e+002  2.608354e-005
 8.440750e+002  3.032061e-005
 8.446937e+002  2.778444e-005
 8.453125e+002  3.577871e-005
 8.459312e+002  3.996947e-005
 8.465500e+002  3.056473e-005
 8.471687e+002  3.658514e-005
 8.477875e+002  3.315615e-005
 8.484062e+002  3.695895e-005
 8.490250e+002  3.035405e-005
 8.496437e+002  2.463967e-004
 8.502625e+002  6.005683e-004
 8.508812e+002  3.697200e-004
 8.515000e+002  4.176074e-005
 8.521187e+002  3.410124e-005
 8.527375e+002  3.466090e-005
 8.533562e+002  3.212081e-005
 8.539750e+002  3.056350e-005
 8.545937e+002  2.486152e-005
 8.552125e+002  2.680833e-005
 8.558312e+002  2.572102e-005
 8.564500e+002  2.636833e-005
 8.570687e+002  2.601056e-005
 8.576875e+002  2.450838e-005
 8.583062e+002  2.125794e-005
 8.589250e+002  2.948833e-005
 8.595437e+002  3.741154e-005
 8.601625e+002  2.973709e-005
 8.607812e+002  2.550245e-005
 8.614000e+002  2.553114e-005
 8.620187e+002  2.530049e-005
 8.626375e+002  2.613830e-005
 8.632562e+002  3.408430e-005
 8.638750e+002  2.924289e-005
 8.644937e+002  2.573711e-005
 8.651125e+002  3.177368e-005
 8.657312e+002  3.160747e-005
 8.663500e+002  2.687931e-005
 8.669687e+002  2.868591e-005
 8.675875e+002  2.487848e-005
 8.682062e+002  2.714145e-005
 8.688250e+002  3.000175e-005
 8.694437e+002  3.301602e-005
 8.700625e+002  2.806604e-005
 8.706812e+002  2.613847e-005
 8.713000e+002  2.440894e-005
 8.719187e+002  2.357714e-005
 8.725375e+002  2.555389e-005
 8.731562e+002  3.128716e-005
 8.737750e+002  3.531623e-005
 8.743937e+002  3.214819e-005
 8.750125e+002  3.755818e-005
 8.756312e+002  3.725302e-005
 8.762500e+002  3.324636e-005
 8.768687e+002  2.709825e-005
 8.774875e+002  2.259736e-005
 8.781062e+002  2.840154e-005
 8.787250e+002  3.116564e-005
 8.793437e+002  3.281055e-005
 8.799625e+002  2.843770e-005
 8.805812e+002  2.381713e-005
 8.812000e+002  3.081955e-005
 8.818187e+002  2.828466e-005
 8.824375e+002  3.115633e-005
 8.830562e+002  3.340552e-005
 8.836750e+002  3.427642e-005
 8.842937e+002  3.118717e-005
 8.849125e+002  2.703304e-005
 8.855312e+002  2.745517e-005
 8.861500e+002  2.576076e-005
 8.867687e+002  2.998441e-005
 8.873875e+002  2.724912e-005
 8.880062e+002  2.280272e-005
 8.886250e+002  3.266310e-005
 8.892437e+002  2.890169e-005
 8.898625e+002  2.577313e-005
 8.904812e+002  2.978969e-005
 8.911000e+002  2.892886e-005
 8.917187e+002  2.566955e-005
 8.923375e+002  2.619101e-005
 8.929562e+002  3.499276e-005
 8.935750e+002  3.844366e-005
 8.941937e+002  2.561571e-005
 8.948125e+002  2.063278e-005
 8.954312e+002  2.148428e-005
 8.960500e+002  2.110845e-005
 8.966687e+002  2.571464e-005
 8.972875e+002  3.040628e-005
 8.979062e+002  3.327892e-005
 8.985250e+002  2.923787e-005
 8.991437e+002  2.620677e-005
 8.997625e+002  1.432814e-004
 9.003812e+002  2.904363e-004
 9.010000e+002  1.519383e-004
 9.016187e+002  3.072896e-005
 9.022375e+002  3.170877e-005
 9.028562e+002  3.083449e-005
 9.034750e+002  2.478618e-005
 9.040937e+002  2.362910e-005
 9.047125e+002  2.348765e-005
 9.053312e+002  3.086428e-005
 9.059500e+002  3.015587e-005
 9.065687e+002  3.023958e-005
 9.071875e+002  3.190283e-005
 9.078062e+002  3.609404e-005
 9.084250e+002  2.843568e-005
 9.090437e+002  2.087947e-005
 9.096625e+002  2.163992e-005
 9.102812e+002  2.586993e-005
 9.109000e+002  3.062934e-005
 9.115187e+002  2.317180e-005
 9.121375e+002  2.637463e-005
 9.127562e+002  3.164048e-005
 9.133750e+002  3.060992e-005
 9.139937e+002  2.531258e-005
 9.146125e+002  2.844904e-005
 9.152312e+002  3.169790e-005
 9.158500e+002  2.898395e-005
 9.164687e+002  3.007784e-005
 9.170875e+002  2.945119e-005
 9.177062e+002  2.724412e-005
 9.183250e+002  2.770721e-005
 9.189437e+002  2.713609e-005
 9.195625e+002  2.812903e-005
 9.201812e+002  3.117591e-005
 9.208000e+002  3.600335e-005
 9.214187e+002  3.499730e-005
 9.220375e+002  2.592682e-005
 9.226562e+002  3.271303e-005
 9.232750e+002  2.992340e-005
 9.238937e+002  3.034678e-005
 9.245125e+002  2.649363e-005
 9.251312e+002  2.603972e-005
 9.257500e+002  2.806444e-005
 9.263687e+002  3.680060e-005
 9.269875e+002  2.637183e-005
 9.276062e+002  2.333324e-005
 9.282250e+002  3.075191e-005
 9.288437e+002  2.811781e-005
 9.294625e+002  2.869615e-005
 9.300812e+002  3.317480e-005
 9.307000e+002  3.440867e-005
 9.313187e+002  3.046724e-005
 9.319375e+002  3.287029e-005
 9.325562e+002  2.866910e-005
 9.331750e+002  3.410552e-005
 9.337937e+002  3.359587e-005
 9.344125e+002  2.698253e-005
 9.350312e+002  2.938790e-005
 9.356500e+002  2.789870e-005
 9.362687e+002  2.883806e-005
 9.368875e+002  3.072053e-005
 9.375062e+002  3.500084e-005
 9.381250e+002  2.927355e-005
 9.387437e+002  2.811866e-005
 9.393625e+002  3.299549e-005
 9.399812e+002  2.432174e-005
 9.406000e+002  2.327501e-005
 9.412187e+002  2.714956e-005
 9.418375e+002  2.815374e-005
 9.424562e+002  2.539824e-005
 9.430750e+002  2.431191e-005
 9.436937e+002  2.746254e-005
 9.443125e+002  2.967181e-005
 9.449312e+002  3.540435e-005
 9.455500e+002  3.707575e-005
 9.461687e+002  2.991735e-005
 9.467875e+002  3.098878e-005
 9.474062e+002  2.774406e-005
 9.480250e+002  2.888492e-005
 9.486437e+002  3.376851e-005
 9.492625e+002  3.978272e-005
 9.498812e+002  3.351234e-004
 9.505000e+002  5.194789e-004
 9.511187e+002  2.016373e-004
 9.517375e+002  3.100621e-005
 9.523562e+002  2.752557e-005
 9.529750e+002  3.001955e-005
 9.535937e+002  3.124993e-005
 9.542125e+002  3.173750e-005
 9.548312e+002  3.039078e-005
 9.554500e+002  2.337826e-005
 9.560687e+002  2.063892e-005
 9.566875e+002  2.563965e-005
 9.573062e+002  2.707177e-005
 9.579250e+002  2.907655e-005
 9.585437e+002  2.274268e-005
 9.591625e+002  2.505637e-005
 9.597812e+002  2.669934e-005
 9.604000e+002  3.003038e-005
 9.610187e+002  3.177098e-005
 9.616375e+002  2.984716e-005
 9.622562e+002  2.861505e-005
 9.628750e+002  2.685805e-005
 9.634937e+002  3.158773e-005
 9.641125e+002  2.905587e-005
 9.647312e+002  2.698054e-005
 9.653500e+002  3.128324e-005
 9.659687e+002  3.722604e-005
 9.665875e+002  2.695638e-005
 9.672062e+002  2.461725e-005
 9.678250e+002  2.473535e-005
 9.684437e+002  2.779639e-005
 9.690625e+002  2.515332e-005
 9.696812e+002  2.415967e-005
 9.703000e+002  3.018682e-005
 9.709187e+002  3.114737e-005
 9.715375e+002  3.140208e-005
 9.721562e+002  2.757129e-005
 9.727750e+002  2.555887e-005
 9.733937e+002  2.966944e-005
 9.740125e+002  2.957759e-005
 9.746312e+002  3.445336e-005
 9.752500e+002  2.962924e-005
 9.758687e+002  2.951267e-005
 9.764875e+002  3.267840e-005
 9.771062e+002  3.087890e-005
 9.777250e+002  3.104972e-005
 9.783437e+002  3.198327e-005
 9.789625e+002  3.571335e-005
 9.795812e+002  3.218023e-005
 9.802000e+002  2.376662e-005
 9.808187e+002  2.259324e-005
 9.814375e+002  2.454319e-005
 9.820562e+002  3.233429e-005
 9.826750e+002  3.029826e-005
 9.832937e+002  2.629716e-005
 9.839125e+002  2.516975e-005
 9.845312e+002  3.370114e-005
 9.851500e+002  2.781746e-005
 9.857687e+002  2.326257e-005
 9.863875e+002  2.709868e-005
 9.870062e+002  2.532952e-005
 9.876250e+002  2.714067e-005
 9.882437e+002  2.698085e-005
 9.888625e+002  3.051646e-005
 9.894812e+002  2.885097e-005
 9.901000e+002  3.262307e-005
 9.907187e+002  2.766138e-005
 9.913375e+002  2.297942e-005
 9.919562e+002  2.606150e-005
 9.925750e+002  2.334097e-005
 9.931937e+002  2.492668e-005
 9.938125e+002  2.854236e-005
 9.944312e+002  3.142437e-005
 9.950500e+002  3.254962e-005
 9.956687e+002  2.959397e-005
 9.962875e+002  2.810478e-005
 9.969062e+002  2.856306e-005
 9.975250e+002  3.069953e-005
 9.981437e+002  2.948781e-005
 9.987625e+002  2.535452e-005
 9.993812e+002  3.101283e-005
 1.000000e+003  1.872574e-004
