 1.000000e+001  3.160449e-004
 1.061875e+001  2.659956e-004
 1.123750e+001  2.657734e-004
 1.185625e+001  2.611191e-004
 1.247500e+001  2.170835e-004
 1.309375e+001  2.273150e-004
 1.371250e+001  2.413003e-004
 1.433125e+001  2.024634e-004
 1.495000e+001  1.610611e-004
 1.556875e+001  1.668528e-004
 1.618750e+001  1.503215e-004
 1.680625e+001  1.697574e-004
 1.742500e+001  1.502579e-004
 1.804375e+001  1.782008e-004
 1.866250e+001  1.963436e-004
 1.928125e+001  1.845562e-004
 1.990000e+001  1.736638e-004
 2.051875e+001  1.600740e-004
 2.113750e+001  1.655505e-004
 2.175625e+001  1.802035e-004
 2.237500e+001  1.785196e-004
 2.299375e+001  1.359913e-004
 2.361250e+001  1.348701e-004
 2.423125e+001  1.609769e-004
 2.485000e+001  1.328770e-004
 2.546875e+001  1.474953e-004
 2.608750e+001  1.606771e-004
 2.670625e+001  1.321483e-004
 2.732500e+001  1.346638e-004
 2.794375e+001  1.685040e-004
 2.856250e+001  1.533738e-004
 2.918125e+001  1.285830e-004
 2.980000e+001  1.426773e-004
 3.041875e+001  1.362789e-004
 3.103750e+001  1.470402e-004
 3.165625e+001  1.499615e-004
 3.227500e+001  1.366085e-004
 3.289375e+001  1.218026e-004
 3.351250e+001  1.412171e-004
 3.413125e+001  1.460641e-004
 3.475000e+001  1.321578e-004
 3.536875e+001  1.302001e-004
 3.598750e+001  1.381421e-004
 3.660625e+001  1.076063e-004
 3.722500e+001  1.106631e-004
 3.784375e+001  1.067563e-004
 3.846250e+001  1.106410e-004
 3.908125e+001  1.712979e-004
 3.970000e+001  1.581085e-004
 4.031875e+001  1.367643e-004
 4.093750e+001  1.193002e-004
 4.155625e+001  1.007694e-004
 4.217500e+001  1.119866e-004
 4.279375e+001  1.502397e-004
 4.341250e+001  1.350109e-004
 4.403125e+001  1.139720e-004
 4.465000e+001  1.051017e-004
 4.526875e+001  9.573928e-005
 4.588750e+001  1.210851e-004
 4.650625e+001  1.112304e-004
 4.712500e+001  9.217796e-005
 4.774375e+001  1.141416e-004
 4.836250e+001  1.694002e-004
 4.898125e+001  6.498226e-004
 4.960000e+001  5.549205e-003
 5.021875e+001  7.128499e-003
 5.083750e+001  2.088106e-003
 5.145625e+001  2.460594e-004
 5.207500e+001  1.160596e-004
 5.269375e+001  9.902203e-005
 5.331250e+001  1.029186e-004
 5.393125e+001  1.021985e-004
 5.455000e+001  8.125099e-005
 5.516875e+001  9.439152e-005
 5.578750e+001  1.009895e-004
 5.640625e+001  9.786972e-005
 5.702500e+001  8.703474e-005
 5.764375e+001  1.039037e-004
 5.826250e+001  1.208504e-004
 5.888125e+001  1.008294e-004
 5.950000e+001  8.654903e-005
 6.011875e+001  8.429933e-005
 6.073750e+001  7.646874e-005
 6.135625e+001  7.599329e-005
 6.197500e+001  8.049005e-005
 6.259375e+001  7.176655e-005
 6.321250e+001  7.862206e-005
 6.383125e+001  7.245469e-005
 6.445000e+001  8.255035e-005
 6.506875e+001  8.261011e-005
 6.568750e+001  8.806535e-005
 6.630625e+001  7.887202e-005
 6.692500e+001  8.549893e-005
 6.754375e+001  7.810268e-005
 6.816250e+001  6.669234e-005
 6.878125e+001  8.157588e-005
 6.940000e+001  8.490045e-005
 7.001875e+001  1.622337e-004
 7.063750e+001  1.319043e-004
 7.125625e+001  6.392217e-005
 7.187500e+001  8.020494e-005
 7.249375e+001  6.831910e-005
 7.311250e+001  7.260690e-005
 7.373125e+001  6.896600e-005
 7.435000e+001  5.548668e-005
 7.496875e+001  9.475513e-005
 7.558750e+001  1.290841e-004
 7.620625e+001  7.587755e-005
 7.682500e+001  7.509864e-005
 7.744375e+001  7.723882e-005
 7.806250e+001  7.731700e-005
 7.868125e+001  8.773466e-005
 7.930000e+001  6.756897e-005
 7.991875e+001  6.067183e-005
 8.053750e+001  6.668902e-005
 8.115625e+001  6.868660e-005
 8.177500e+001  6.104095e-005
 8.239375e+001  6.001312e-005
 8.301250e+001  5.227087e-005
 8.363125e+001  6.422075e-005
 8.425000e+001  6.950546e-005
 8.486875e+001  6.138446e-005
 8.548750e+001  4.952412e-005
 8.610625e+001  3.897001e-005
 8.672500e+001  4.103200e-005
 8.734375e+001  5.305830e-005
 8.796250e+001  5.819169e-005
 8.858125e+001  5.468644e-005
 8.920000e+001  5.657798e-005
 8.981875e+001  6.302239e-005
 9.043750e+001  6.349390e-005
 9.105625e+001  9.733337e-005
 9.167500e+001  1.285429e-004
 9.229375e+001  8.468718e-005
 9.291250e+001  4.995416e-005
 9.353125e+001  5.188576e-005
 9.415000e+001  4.883762e-005
 9.476875e+001  5.881695e-005
 9.538750e+001  5.505615e-005
 9.600625e+001  5.160287e-005
 9.662500e+001  5.346843e-005
 9.724375e+001  5.382941e-005
 9.786250e+001  5.494401e-005
 9.848125e+001  4.949444e-005
 9.910000e+001  5.642807e-005
 9.971875e+001  1.802542e-004
 1.003375e+002  1.832225e-004
 1.009563e+002  5.486935e-005
 1.015750e+002  4.376113e-005
 1.021938e+002  4.411964e-005
 1.028125e+002  4.406421e-005
 1.034313e+002  4.248882e-005
 1.040500e+002  4.891227e-005
 1.046688e+002  5.870076e-005
 1.052875e+002  5.091841e-005
 1.059063e+002  5.119712e-005
 1.065250e+002  4.654002e-005
 1.071438e+002  4.500521e-005
 1.077625e+002  4.931155e-005
 1.083813e+002  4.722631e-005
 1.090000e+002  4.421738e-005
 1.096188e+002  3.895231e-005
 1.102375e+002  4.208943e-005
 1.108563e+002  4.359354e-005
 1.114750e+002  5.493567e-005
 1.120938e+002  5.539111e-005
 1.127125e+002  4.634507e-005
 1.133313e+002  4.170332e-005
 1.139500e+002  4.660311e-005
 1.145688e+002  4.487302e-005
 1.151875e+002  3.939887e-005
 1.158063e+002  3.588067e-005
 1.164250e+002  3.511255e-005
 1.170438e+002  4.374390e-005
 1.176625e+002  4.121604e-005
 1.182813e+002  3.779521e-005
 1.189000e+002  4.640525e-005
 1.195188e+002  6.122894e-005
 1.201375e+002  6.512990e-005
 1.207563e+002  4.529836e-005
 1.213750e+002  5.158617e-005
 1.219938e+002  4.552771e-005
 1.226125e+002  4.177172e-005
 1.232313e+002  5.143058e-005
 1.238500e+002  5.154849e-005
 1.244688e+002  6.121797e-005
 1.250875e+002  6.180606e-005
 1.257063e+002  4.552103e-005
 1.263250e+002  3.760100e-005
 1.269438e+002  4.037298e-005
 1.275625e+002  4.223878e-005
 1.281813e+002  4.092800e-005
 1.288000e+002  4.681140e-005
 1.294188e+002  4.201072e-005
 1.300375e+002  4.488470e-005
 1.306563e+002  4.177256e-005
 1.312750e+002  3.534682e-005
 1.318938e+002  3.799826e-005
 1.325125e+002  3.607530e-005
 1.331313e+002  3.022269e-005
 1.337500e+002  3.903186e-005
 1.343688e+002  4.680772e-005
 1.349875e+002  4.281268e-005
 1.356063e+002  4.539696e-005
 1.362250e+002  4.500402e-005
 1.368438e+002  4.135819e-005
 1.374625e+002  4.378957e-005
 1.380813e+002  4.021331e-005
 1.387000e+002  3.593750e-005
 1.393188e+002  3.446475e-005
 1.399375e+002  3.872861e-005
 1.405563e+002  4.302008e-005
 1.411750e+002  4.268020e-005
 1.417938e+002  4.306542e-005
 1.424125e+002  3.934618e-005
 1.430313e+002  3.429754e-005
 1.436500e+002  4.123964e-005
 1.442688e+002  4.147587e-005
 1.448875e+002  4.225236e-005
 1.455063e+002  4.061461e-005
 1.461250e+002  3.919315e-005
 1.467438e+002  5.148003e-005
 1.473625e+002  4.567590e-005
 1.479813e+002  6.865903e-005
 1.486000e+002  1.460776e-004
 1.492188e+002  1.236735e-003
 1.498375e+002  4.814131e-003
 1.504563e+002  4.163372e-003
 1.510750e+002  6.384914e-004
 1.516938e+002  1.166468e-004
 1.523125e+002  5.280878e-005
 1.529313e+002  4.106803e-005
 1.535500e+002  3.506842e-005
 1.541688e+002  3.960019e-005
 1.547875e+002  4.095723e-005
 1.554063e+002  3.702700e-005
 1.560250e+002  3.503807e-005
 1.566438e+002  3.186527e-005
 1.572625e+002  3.479867e-005
 1.578813e+002  3.483389e-005
 1.585000e+002  3.195645e-005
 1.591188e+002  3.345074e-005
 1.597375e+002  3.331052e-005
 1.603563e+002  3.249256e-005
 1.609750e+002  2.999687e-005
 1.615938e+002  3.040742e-005
 1.622125e+002  3.864664e-005
 1.628313e+002  4.281718e-005
 1.634500e+002  3.670579e-005
 1.640688e+002  2.736943e-005
 1.646875e+002  3.472956e-005
 1.653063e+002  3.995656e-005
 1.659250e+002  3.674916e-005
 1.665438e+002  2.748820e-005
 1.671625e+002  2.972489e-005
 1.677813e+002  3.770385e-005
 1.684000e+002  3.291135e-005
 1.690188e+002  3.358808e-005
 1.696375e+002  3.346232e-005
 1.702563e+002  2.952491e-005
 1.708750e+002  3.050048e-005
 1.714938e+002  3.069900e-005
 1.721125e+002  4.085399e-005
 1.727313e+002  3.916754e-005
 1.733500e+002  3.092722e-005
 1.739688e+002  3.600439e-005
 1.745875e+002  3.518498e-005
 1.752063e+002  3.559907e-005
 1.758250e+002  4.314788e-005
 1.764438e+002  3.942070e-005
 1.770625e+002  3.515693e-005
 1.776813e+002  3.116630e-005
 1.783000e+002  3.371702e-005
 1.789188e+002  3.824530e-005
 1.795375e+002  3.695492e-005
 1.801563e+002  3.082397e-005
 1.807750e+002  3.062183e-005
 1.813938e+002  3.245264e-005
 1.820125e+002  3.401493e-005
 1.826313e+002  2.899219e-005
 1.832500e+002  3.136691e-005
 1.838688e+002  3.349173e-005
 1.844875e+002  3.417102e-005
 1.851063e+002  2.625084e-005
 1.857250e+002  2.639881e-005
 1.863438e+002  2.836681e-005
 1.869625e+002  3.135163e-005
 1.875813e+002  3.218099e-005
 1.882000e+002  3.095912e-005
 1.888188e+002  2.989139e-005
 1.894375e+002  2.180720e-005
 1.900563e+002  2.552261e-005
 1.906750e+002  2.608077e-005
 1.912938e+002  2.794113e-005
 1.919125e+002  3.170467e-005
 1.925313e+002  2.927924e-005
 1.931500e+002  3.210671e-005
 1.937688e+002  3.366340e-005
 1.943875e+002  2.604099e-005
 1.950063e+002  2.710818e-005
 1.956250e+002  3.426745e-005
 1.962438e+002  3.345616e-005
 1.968625e+002  3.298115e-005
 1.974813e+002  2.677009e-005
 1.981000e+002  2.709759e-005
 1.987188e+002  3.120305e-005
 1.993375e+002  5.183575e-005
 1.999563e+002  1.083379e-004
 2.005750e+002  7.799519e-005
 2.011938e+002  3.496608e-005
 2.018125e+002  3.035770e-005
 2.024313e+002  2.512758e-005
 2.030500e+002  3.018608e-005
 2.036688e+002  2.959819e-005
 2.042875e+002  2.968829e-005
 2.049063e+002  2.799240e-005
 2.055250e+002  3.186458e-005
 2.061438e+002  3.328299e-005
 2.067625e+002  3.025802e-005
 2.073813e+002  2.914224e-005
 2.080000e+002  2.505201e-005
 2.086188e+002  2.545734e-005
 2.092375e+002  2.938216e-005
 2.098563e+002  3.024201e-005
 2.104750e+002  3.169530e-005
 2.110938e+002  2.875164e-005
 2.117125e+002  1.788055e-005
 2.123313e+002  2.019103e-005
 2.129500e+002  2.425270e-005
 2.135688e+002  2.659215e-005
 2.141875e+002  2.638043e-005
 2.148063e+002  1.940055e-005
 2.154250e+002  2.114899e-005
 2.160438e+002  2.333477e-005
 2.166625e+002  2.975367e-005
 2.172813e+002  3.058525e-005
 2.179000e+002  3.125098e-005
 2.185188e+002  3.601182e-005
 2.191375e+002  3.468775e-005
 2.197563e+002  2.892994e-005
 2.203750e+002  2.936144e-005
 2.209938e+002  3.163055e-005
 2.216125e+002  3.097972e-005
 2.222313e+002  2.656830e-005
 2.228500e+002  2.586104e-005
 2.234688e+002  2.846793e-005
 2.240875e+002  2.744374e-005
 2.247063e+002  2.841267e-005
 2.253250e+002  3.041383e-005
 2.259438e+002  2.796989e-005
 2.265625e+002  2.561014e-005
 2.271813e+002  2.103178e-005
 2.278000e+002  2.523426e-005
 2.284188e+002  2.854722e-005
 2.290375e+002  3.258169e-005
 2.296563e+002  3.177370e-005
 2.302750e+002  2.465097e-005
 2.308938e+002  2.264256e-005
 2.315125e+002  2.117071e-005
 2.321313e+002  2.355070e-005
 2.327500e+002  2.424384e-005
 2.333688e+002  2.835014e-005
 2.339875e+002  2.754342e-005
 2.346063e+002  2.893835e-005
 2.352250e+002  3.304237e-005
 2.358438e+002  3.749195e-005
 2.364625e+002  3.158376e-005
 2.370813e+002  3.133634e-005
 2.377000e+002  2.495156e-005
 2.383188e+002  1.761649e-005
 2.389375e+002  2.116418e-005
 2.395563e+002  2.528216e-005
 2.401750e+002  3.298866e-005
 2.407938e+002  2.983242e-005
 2.414125e+002  2.523298e-005
 2.420313e+002  2.351310e-005
 2.426500e+002  2.008436e-005
 2.432688e+002  2.052442e-005
 2.438875e+002  2.294188e-005
 2.445063e+002  2.448360e-005
 2.451250e+002  2.608751e-005
 2.457438e+002  2.284584e-005
 2.463625e+002  2.096263e-005
 2.469813e+002  2.187515e-005
 2.476000e+002  2.048304e-005
 2.482188e+002  2.356748e-005
 2.488375e+002  3.181475e-005
 2.494563e+002  5.193636e-004
 2.500750e+002  1.185780e-003
 2.506938e+002  6.831636e-004
 2.513125e+002  3.742761e-005
 2.519313e+002  2.945612e-005
 2.525500e+002  2.326905e-005
 2.531688e+002  2.869399e-005
 2.537875e+002  3.155444e-005
 2.544063e+002  2.222349e-005
 2.550250e+002  2.072772e-005
 2.556438e+002  2.583898e-005
 2.562625e+002  2.659115e-005
 2.568813e+002  2.630954e-005
 2.575000e+002  3.093397e-005
 2.581188e+002  2.634806e-005
 2.587375e+002  2.550084e-005
 2.593563e+002  2.517547e-005
 2.599750e+002  2.190425e-005
 2.605938e+002  1.906312e-005
 2.612125e+002  2.692730e-005
 2.618313e+002  2.455688e-005
 2.624500e+002  2.256684e-005
 2.630688e+002  2.509999e-005
 2.636875e+002  2.840111e-005
 2.643063e+002  2.714397e-005
 2.649250e+002  2.868201e-005
 2.655438e+002  2.386468e-005
 2.661625e+002  1.996646e-005
 2.667813e+002  2.454132e-005
 2.674000e+002  2.281656e-005
 2.680188e+002  2.385385e-005
 2.686375e+002  2.985531e-005
 2.692563e+002  3.250407e-005
 2.698750e+002  2.911475e-005
 2.704938e+002  2.737570e-005
 2.711125e+002  2.407074e-005
 2.717313e+002  2.735962e-005
 2.723500e+002  2.854274e-005
 2.729688e+002  2.745939e-005
 2.735875e+002  2.493234e-005
 2.742063e+002  2.674088e-005
 2.748250e+002  2.521574e-005
 2.754438e+002  2.576053e-005
 2.760625e+002  2.387348e-005
 2.766813e+002  2.443668e-005
 2.773000e+002  2.342292e-005
 2.779188e+002  2.064890e-005
 2.785375e+002  1.947578e-005
 2.791563e+002  2.372728e-005
 2.797750e+002  2.693226e-005
 2.803938e+002  2.712136e-005
 2.810125e+002  2.650794e-005
 2.816313e+002  2.806204e-005
 2.822500e+002  2.543294e-005
 2.828688e+002  2.548743e-005
 2.834875e+002  2.845877e-005
 2.841063e+002  2.844971e-005
 2.847250e+002  2.321733e-005
 2.853438e+002  1.976099e-005
 2.859625e+002  2.449826e-005
 2.865813e+002  2.131480e-005
 2.872000e+002  2.732611e-005
 2.878188e+002  2.539727e-005
 2.884375e+002  2.459504e-005
 2.890563e+002  2.978879e-005
 2.896750e+002  2.678914e-005
 2.902938e+002  2.553425e-005
 2.909125e+002  2.291175e-005
 2.915313e+002  2.027110e-005
 2.921500e+002  2.481535e-005
 2.927688e+002  2.467871e-005
 2.933875e+002  2.176396e-005
 2.940063e+002  2.385570e-005
 2.946250e+002  2.381964e-005
 2.952438e+002  2.271194e-005
 2.958625e+002  2.073957e-005
 2.964813e+002  2.301451e-005
 2.971000e+002  2.406696e-005
 2.977188e+002  1.829819e-005
 2.983375e+002  2.348403e-005
 2.989563e+002  2.835724e-005
 2.995750e+002  1.987626e-004
 3.001938e+002  3.675426e-004
 3.008125e+002  1.693783e-004
 3.014313e+002  2.292163e-005
 3.020500e+002  2.353215e-005
 3.026688e+002  2.308123e-005
 3.032875e+002  2.443049e-005
 3.039063e+002  2.759599e-005
 3.045250e+002  2.450575e-005
 3.051438e+002  2.470196e-005
 3.057625e+002  2.141778e-005
 3.063813e+002  2.090995e-005
 3.070000e+002  2.361051e-005
 3.076188e+002  2.202717e-005
 3.082375e+002  2.240237e-005
 3.088563e+002  2.356832e-005
 3.094750e+002  2.263466e-005
 3.100938e+002  2.611796e-005
 3.107125e+002  2.427923e-005
 3.113313e+002  2.454444e-005
 3.119500e+002  2.551948e-005
 3.125688e+002  2.805590e-005
 3.131875e+002  2.262942e-005
 3.138063e+002  2.528756e-005
 3.144250e+002  2.752598e-005
 3.150437e+002  2.268322e-005
 3.156625e+002  2.518286e-005
 3.162812e+002  2.524882e-005
 3.169000e+002  2.525320e-005
 3.175187e+002  2.778952e-005
 3.181375e+002  2.267656e-005
 3.187562e+002  2.211712e-005
 3.193750e+002  2.084026e-005
 3.199937e+002  2.632759e-005
 3.206125e+002  3.002742e-005
 3.212312e+002  2.779248e-005
 3.218500e+002  2.579318e-005
 3.224687e+002  2.259209e-005
 3.230875e+002  2.352451e-005
 3.237062e+002  2.490600e-005
 3.243250e+002  2.526010e-005
 3.249437e+002  2.494424e-005
 3.255625e+002  1.885672e-005
 3.261812e+002  2.022319e-005
 3.268000e+002  2.234637e-005
 3.274187e+002  2.418054e-005
 3.280375e+002  3.144300e-005
 3.286562e+002  2.703600e-005
 3.292750e+002  2.248195e-005
 3.298937e+002  2.231993e-005
 3.305125e+002  2.386699e-005
 3.311312e+002  2.799168e-005
 3.317500e+002  2.071520e-005
 3.323687e+002  1.951586e-005
 3.329875e+002  2.052848e-005
 3.336062e+002  1.883364e-005
 3.342250e+002  2.318469e-005
 3.348437e+002  2.471278e-005
 3.354625e+002  2.507793e-005
 3.360812e+002  2.628770e-005
 3.367000e+002  2.351801e-005
 3.373187e+002  2.327698e-005
 3.379375e+002  2.515188e-005
 3.385562e+002  2.538788e-005
 3.391750e+002  2.559050e-005
 3.397937e+002  2.491662e-005
 3.404125e+002  2.387591e-005
 3.410312e+002  2.029022e-005
 3.416500e+002  2.152926e-005
 3.422687e+002  2.429809e-005
 3.428875e+002  2.251912e-005
 3.435062e+002  2.370612e-005
 3.441250e+002  2.455653e-005
 3.447437e+002  3.123045e-005
 3.453625e+002  2.831944e-005
 3.459812e+002  2.550824e-005
 3.466000e+002  2.482497e-005
 3.472187e+002  2.262371e-005
 3.478375e+002  2.519778e-005
 3.484562e+002  2.403208e-005
 3.490750e+002  3.255705e-005
 3.496937e+002  2.113691e-004
 3.503125e+002  3.069923e-004
 3.509312e+002  1.128619e-004
 3.515500e+002  3.091158e-005
 3.521687e+002  3.126447e-005
 3.527875e+002  3.256528e-005
 3.534062e+002  2.843828e-005
 3.540250e+002  2.767304e-005
 3.546437e+002  2.825512e-005
 3.552625e+002  2.642373e-005
 3.558812e+002  2.567857e-005
 3.565000e+002  2.113135e-005
 3.571187e+002  2.140108e-005
 3.577375e+002  1.856489e-005
 3.583562e+002  2.048180e-005
 3.589750e+002  2.821904e-005
 3.595937e+002  2.505348e-005
 3.602125e+002  2.537955e-005
 3.608312e+002  2.298830e-005
 3.614500e+002  1.700173e-005
 3.620687e+002  1.959099e-005
 3.626875e+002  2.157676e-005
 3.633062e+002  2.222621e-005
 3.639250e+002  2.296724e-005
 3.645437e+002  2.544924e-005
 3.651625e+002  2.739912e-005
 3.657812e+002  2.960615e-005
 3.664000e+002  2.638428e-005
 3.670187e+002  1.988363e-005
 3.676375e+002  1.841978e-005
 3.682562e+002  1.999112e-005
 3.688750e+002  2.298286e-005
 3.694937e+002  2.303272e-005
 3.701125e+002  2.460710e-005
 3.707312e+002  1.959249e-005
 3.713500e+002  2.575804e-005
 3.719687e+002  2.856398e-005
 3.725875e+002  2.440986e-005
 3.732062e+002  2.162406e-005
 3.738250e+002  2.145497e-005
 3.744437e+002  2.717373e-005
 3.750625e+002  2.753145e-005
 3.756812e+002  2.057711e-005
 3.763000e+002  1.849703e-005
 3.769187e+002  1.663732e-005
 3.775375e+002  1.756163e-005
 3.781562e+002  1.829798e-005
 3.787750e+002  2.180306e-005
 3.793937e+002  2.150590e-005
 3.800125e+002  2.156219e-005
 3.806312e+002  2.265379e-005
 3.812500e+002  2.385804e-005
 3.818687e+002  2.990759e-005
 3.824875e+002  2.708191e-005
 3.831062e+002  2.335241e-005
 3.837250e+002  2.121362e-005
 3.843437e+002  2.228248e-005
 3.849625e+002  2.048644e-005
 3.855812e+002  1.794493e-005
 3.862000e+002  2.199692e-005
 3.868187e+002  2.237024e-005
 3.874375e+002  2.366147e-005
 3.880562e+002  2.470525e-005
 3.886750e+002  2.148428e-005
 3.892937e+002  2.214600e-005
 3.899125e+002  2.379164e-005
 3.905312e+002  2.120610e-005
 3.911500e+002  2.633855e-005
 3.917687e+002  2.455052e-005
 3.923875e+002  2.346701e-005
 3.930062e+002  2.239796e-005
 3.936250e+002  2.166141e-005
 3.942437e+002  2.040553e-005
 3.948625e+002  2.089474e-005
 3.954812e+002  1.903435e-005
 3.961000e+002  2.737439e-005
 3.967187e+002  2.248986e-005
 3.973375e+002  2.277253e-005
 3.979562e+002  2.034456e-005
 3.985750e+002  2.462846e-005
 3.991937e+002  4.119362e-005
 3.998125e+002  2.376066e-004
 4.004312e+002  2.954121e-004
 4.010500e+002  9.198197e-005
 4.016687e+002  2.151924e-005
 4.022875e+002  2.117210e-005
 4.029062e+002  2.564977e-005
 4.035250e+002  2.149388e-005
 4.041437e+002  1.986780e-005
 4.047625e+002  1.892426e-005
 4.053812e+002  2.538238e-005
 4.060000e+002  2.562576e-005
 4.066187e+002  2.216769e-005
 4.072375e+002  1.950086e-005
 4.078562e+002  2.150594e-005
 4.084750e+002  2.350465e-005
 4.090937e+002  2.605599e-005
 4.097125e+002  2.209308e-005
 4.103312e+002  2.248164e-005
 4.109500e+002  2.093970e-005
 4.115687e+002  1.806935e-005
 4.121875e+002  1.912012e-005
 4.128062e+002  1.802647e-005
 4.134250e+002  1.955593e-005
 4.140437e+002  2.122299e-005
 4.146625e+002  1.688218e-005
 4.152812e+002  1.853391e-005
 4.159000e+002  2.238923e-005
 4.165187e+002  2.565500e-005
 4.171375e+002  2.275130e-005
 4.177562e+002  2.468666e-005
 4.183750e+002  1.950403e-005
 4.189937e+002  1.791544e-005
 4.196125e+002  1.889166e-005
 4.202312e+002  1.836398e-005
 4.208500e+002  2.069828e-005
 4.214687e+002  2.480184e-005
 4.220875e+002  2.494065e-005
 4.227062e+002  2.556130e-005
 4.233250e+002  2.436688e-005
 4.239437e+002  2.348210e-005
 4.245625e+002  2.370104e-005
 4.251812e+002  2.090012e-005
 4.258000e+002  2.001241e-005
 4.264187e+002  2.206327e-005
 4.270375e+002  2.374097e-005
 4.276562e+002  2.418551e-005
 4.282750e+002  2.645776e-005
 4.288937e+002  2.269149e-005
 4.295125e+002  2.008025e-005
 4.301312e+002  2.446950e-005
 4.307500e+002  2.680622e-005
 4.313687e+002  2.428342e-005
 4.319875e+002  2.000666e-005
 4.326062e+002  2.440101e-005
 4.332250e+002  2.309150e-005
 4.338437e+002  2.306024e-005
 4.344625e+002  2.312572e-005
 4.350812e+002  2.540958e-005
 4.357000e+002  2.538031e-005
 4.363187e+002  2.180059e-005
 4.369375e+002  2.130673e-005
 4.375562e+002  2.032564e-005
 4.381750e+002  2.113930e-005
 4.387937e+002  1.803282e-005
 4.394125e+002  1.567343e-005
 4.400312e+002  2.684996e-005
 4.406500e+002  2.686784e-005
 4.412687e+002  1.924729e-005
 4.418875e+002  1.973935e-005
 4.425062e+002  1.678397e-005
 4.431250e+002  1.894619e-005
 4.437437e+002  2.177537e-005
 4.443625e+002  1.895210e-005
 4.449812e+002  2.088495e-005
 4.456000e+002  2.347367e-005
 4.462187e+002  2.135755e-005
 4.468375e+002  2.036294e-005
 4.474562e+002  1.812891e-005
 4.480750e+002  1.927029e-005
 4.486937e+002  2.045521e-005
 4.493125e+002  5.493858e-005
 4.499312e+002  2.463530e-004
 4.505500e+002  2.416518e-004
 4.511687e+002  5.229637e-005
 4.517875e+002  1.762270e-005
 4.524062e+002  2.557655e-005
 4.530250e+002  2.729816e-005
 4.536437e+002  2.460316e-005
 4.542625e+002  2.274381e-005
 4.548812e+002  1.978741e-005
 4.555000e+002  2.264273e-005
 4.561187e+002  2.185766e-005
 4.567375e+002  2.204366e-005
 4.573562e+002  2.072992e-005
 4.579750e+002  2.206174e-005
 4.585937e+002  2.026324e-005
 4.592125e+002  2.904589e-005
 4.598312e+002  2.548416e-005
 4.604500e+002  2.046041e-005
 4.610687e+002  2.061565e-005
 4.616875e+002  1.948895e-005
 4.623062e+002  1.996734e-005
 4.629250e+002  2.286172e-005
 4.635437e+002  2.482525e-005
 4.641625e+002  2.331712e-005
 4.647812e+002  2.658182e-005
 4.654000e+002  2.731645e-005
 4.660187e+002  2.603268e-005
 4.666375e+002  2.238029e-005
 4.672562e+002  2.555195e-005
 4.678750e+002  1.805561e-005
 4.684937e+002  1.987314e-005
 4.691125e+002  2.114983e-005
 4.697312e+002  2.326950e-005
 4.703500e+002  2.466032e-005
 4.709687e+002  1.853402e-005
 4.715875e+002  1.564896e-005
 4.722062e+002  2.007698e-005
 4.728250e+002  2.421613e-005
 4.734437e+002  1.983549e-005
 4.740625e+002  2.264424e-005
 4.746812e+002  2.093296e-005
 4.753000e+002  2.101794e-005
 4.759187e+002  2.255563e-005
 4.765375e+002  2.170056e-005
 4.771562e+002  2.292380e-005
 4.777750e+002  2.579708e-005
 4.783937e+002  2.661822e-005
 4.790125e+002  2.365902e-005
 4.796312e+002  1.823955e-005
 4.802500e+002  2.000586e-005
 4.808687e+002  2.081431e-005
 4.814875e+002  2.325091e-005
 4.821062e+002  2.243341e-005
 4.827250e+002  2.410061e-005
 4.833437e+002  2.250506e-005
 4.839625e+002  2.122176e-005
 4.845812e+002  2.145423e-005
 4.852000e+002  1.851477e-005
 4.858187e+002  2.377284e-005
 4.864375e+002  2.162721e-005
 4.870562e+002  2.185050e-005
 4.876750e+002  2.442449e-005
 4.882937e+002  2.580494e-005
 4.889125e+002  2.268921e-005
 4.895312e+002  2.086824e-005
 4.901500e+002  1.891353e-005
 4.907687e+002  2.280577e-005
 4.913875e+002  1.864780e-005
 4.920062e+002  2.497973e-005
 4.926250e+002  2.714844e-005
 4.932437e+002  2.032654e-005
 4.938625e+002  2.143529e-005
 4.944812e+002  2.091483e-005
 4.951000e+002  2.588530e-005
 4.957187e+002  2.915538e-005
 4.963375e+002  2.269568e-005
 4.969562e+002  1.855220e-005
 4.975750e+002  1.828044e-005
 4.981937e+002  2.196056e-005
 4.988125e+002  2.262370e-005
 4.994312e+002  9.727677e-005
 5.000500e+002  3.165360e-004
 5.006687e+002  2.606070e-004
 5.012875e+002  4.504190e-005
 5.019062e+002  2.567503e-005
 5.025250e+002  2.485742e-005
 5.031437e+002  2.087244e-005
 5.037625e+002  2.363906e-005
 5.043812e+002  2.739098e-005
 5.050000e+002  2.402015e-005
 5.056187e+002  2.496610e-005
 5.062375e+002  2.645353e-005
 5.068562e+002  2.192581e-005
 5.074750e+002  2.107865e-005
 5.080937e+002  1.670432e-005
 5.087125e+002  2.131421e-005
 5.093312e+002  2.321612e-005
 5.099500e+002  2.099243e-005
 5.105687e+002  2.309134e-005
 5.111875e+002  2.440811e-005
 5.118062e+002  2.126198e-005
 5.124250e+002  2.118597e-005
 5.130437e+002  2.044418e-005
 5.136625e+002  1.925181e-005
 5.142812e+002  1.891296e-005
 5.149000e+002  2.085621e-005
 5.155187e+002  2.700524e-005
 5.161375e+002  2.523169e-005
 5.167562e+002  2.018896e-005
 5.173750e+002  2.342429e-005
 5.179937e+002  2.644126e-005
 5.186125e+002  2.350742e-005
 5.192312e+002  2.273771e-005
 5.198500e+002  2.157998e-005
 5.204687e+002  1.925613e-005
 5.210875e+002  2.344009e-005
 5.217062e+002  2.107261e-005
 5.223250e+002  2.341109e-005
 5.229437e+002  2.070085e-005
 5.235625e+002  1.838815e-005
 5.241812e+002  2.044285e-005
 5.248000e+002  2.181554e-005
 5.254187e+002  1.967810e-005
 5.260375e+002  1.757920e-005
 5.266562e+002  1.994759e-005
 5.272750e+002  1.908852e-005
 5.278937e+002  1.902265e-005
 5.285125e+002  2.379043e-005
 5.291312e+002  2.053065e-005
 5.297500e+002  1.997767e-005
 5.303687e+002  1.896611e-005
 5.309875e+002  2.430085e-005
 5.316062e+002  2.387648e-005
 5.322250e+002  2.038745e-005
 5.328437e+002  2.361818e-005
 5.334625e+002  2.781587e-005
 5.340812e+002  2.356720e-005
 5.347000e+002  1.843290e-005
 5.353187e+002  2.280724e-005
 5.359375e+002  2.412058e-005
 5.365562e+002  1.721506e-005
 5.371750e+002  2.192102e-005
 5.377937e+002  2.076236e-005
 5.384125e+002  2.126805e-005
 5.390312e+002  2.395695e-005
 5.396500e+002  2.032316e-005
 5.402687e+002  1.599942e-005
 5.408875e+002  1.676083e-005
 5.415062e+002  2.354428e-005
 5.421250e+002  2.534618e-005
 5.427437e+002  2.413971e-005
 5.433625e+002  2.311148e-005
 5.439812e+002  2.269001e-005
 5.446000e+002  2.191335e-005
 5.452187e+002  2.240867e-005
 5.458375e+002  1.669117e-005
 5.464562e+002  1.754966e-005
 5.470750e+002  2.133477e-005
 5.476937e+002  2.186303e-005
 5.483125e+002  2.206182e-005
 5.489312e+002  2.305036e-005
 5.495500e+002  1.641683e-004
 5.501687e+002  4.189415e-004
 5.507875e+002  2.846340e-004
 5.514062e+002  3.646508e-005
 5.520250e+002  2.304553e-005
 5.526437e+002  2.430553e-005
 5.532625e+002  2.044789e-005
 5.538812e+002  1.944893e-005
 5.545000e+002  1.954065e-005
 5.551187e+002  2.208214e-005
 5.557375e+002  2.241203e-005
 5.563562e+002  1.989409e-005
 5.569750e+002  2.005552e-005
 5.575937e+002  2.385607e-005
 5.582125e+002  2.611357e-005
 5.588312e+002  2.286583e-005
 5.594500e+002  1.990729e-005
 5.600687e+002  1.742950e-005
 5.606875e+002  2.192551e-005
 5.613062e+002  2.151920e-005
 5.619250e+002  2.139002e-005
 5.625437e+002  2.071258e-005
 5.631625e+002  1.640122e-005
 5.637812e+002  1.518639e-005
 5.644000e+002  1.874418e-005
 5.650187e+002  2.035338e-005
 5.656375e+002  2.369953e-005
 5.662562e+002  1.947665e-005
 5.668750e+002  1.727875e-005
 5.674937e+002  1.745064e-005
 5.681125e+002  2.259694e-005
 5.687312e+002  2.795361e-005
 5.693500e+002  2.414834e-005
 5.699687e+002  2.297911e-005
 5.705875e+002  2.497881e-005
 5.712062e+002  2.087914e-005
 5.718250e+002  2.151304e-005
 5.724437e+002  1.929865e-005
 5.730625e+002  2.146462e-005
 5.736812e+002  2.062823e-005
 5.743000e+002  2.222322e-005
 5.749187e+002  2.496617e-005
 5.755375e+002  2.741364e-005
 5.761562e+002  2.211795e-005
 5.767750e+002  1.908342e-005
 5.773937e+002  2.017443e-005
 5.780125e+002  2.140671e-005
 5.786312e+002  2.327104e-005
 5.792500e+002  2.007224e-005
 5.798687e+002  1.687849e-005
 5.804875e+002  1.897238e-005
 5.811062e+002  2.246008e-005
 5.817250e+002  2.346354e-005
 5.823437e+002  2.209028e-005
 5.829625e+002  2.167337e-005
 5.835812e+002  2.214392e-005
 5.842000e+002  2.344965e-005
 5.848187e+002  2.185603e-005
 5.854375e+002  1.887151e-005
 5.860562e+002  1.858123e-005
 5.866750e+002  2.097808e-005
 5.872937e+002  2.245721e-005
 5.879125e+002  1.942181e-005
 5.885312e+002  2.018721e-005
 5.891500e+002  2.231619e-005
 5.897687e+002  2.556240e-005
 5.903875e+002  2.755443e-005
 5.910062e+002  2.305384e-005
 5.916250e+002  1.926142e-005
 5.922437e+002  2.417360e-005
 5.928625e+002  2.348501e-005
 5.934812e+002  2.620122e-005
 5.941000e+002  2.815453e-005
 5.947187e+002  2.218230e-005
 5.953375e+002  2.196704e-005
 5.959562e+002  1.951637e-005
 5.965750e+002  1.815966e-005
 5.971937e+002  2.205212e-005
 5.978125e+002  2.307076e-005
 5.984312e+002  1.891534e-005
 5.990500e+002  2.158404e-005
 5.996687e+002  8.621159e-005
 6.002875e+002  1.734420e-004
 6.009062e+002  9.538723e-005
 6.015250e+002  2.110068e-005
 6.021437e+002  2.567523e-005
 6.027625e+002  2.011563e-005
 6.033812e+002  1.633755e-005
 6.040000e+002  1.964511e-005
 6.046187e+002  1.999065e-005
 6.052375e+002  1.557129e-005
 6.058562e+002  1.299708e-005
 6.064750e+002  1.370380e-005
 6.070937e+002  1.903145e-005
 6.077125e+002  1.634562e-005
 6.083312e+002  1.529287e-005
 6.089500e+002  2.352666e-005
 6.095687e+002  2.433626e-005
 6.101875e+002  2.244833e-005
 6.108062e+002  2.209994e-005
 6.114250e+002  2.139560e-005
 6.120437e+002  2.477095e-005
 6.126625e+002  2.287602e-005
 6.132812e+002  1.844402e-005
 6.139000e+002  2.043883e-005
 6.145187e+002  2.372826e-005
 6.151375e+002  2.247569e-005
 6.157562e+002  2.234094e-005
 6.163750e+002  2.395823e-005
 6.169937e+002  2.621206e-005
 6.176125e+002  2.357043e-005
 6.182312e+002  2.240675e-005
 6.188500e+002  2.236620e-005
 6.194687e+002  2.301890e-005
 6.200875e+002  2.168788e-005
 6.207062e+002  1.972393e-005
 6.213250e+002  1.860361e-005
 6.219437e+002  1.964393e-005
 6.225625e+002  2.158472e-005
 6.231812e+002  2.573722e-005
 6.238000e+002  2.756917e-005
 6.244187e+002  2.695838e-005
 6.250375e+002  2.412737e-005
 6.256562e+002  2.384213e-005
 6.262750e+002  2.317141e-005
 6.268937e+002  2.277327e-005
 6.275125e+002  1.962391e-005
 6.281312e+002  2.545578e-005
 6.287500e+002  2.413237e-005
 6.293687e+002  2.130682e-005
 6.299875e+002  2.356581e-005
 6.306062e+002  2.528516e-005
 6.312250e+002  1.984864e-005
 6.318437e+002  1.728487e-005
 6.324625e+002  1.852171e-005
 6.330812e+002  2.125882e-005
 6.337000e+002  1.932314e-005
 6.343187e+002  1.812013e-005
 6.349375e+002  1.914521e-005
 6.355562e+002  1.894748e-005
 6.361750e+002  1.727570e-005
 6.367937e+002  1.752286e-005
 6.374125e+002  1.993051e-005
 6.380312e+002  2.152162e-005
 6.386500e+002  1.906376e-005
 6.392687e+002  2.234348e-005
 6.398875e+002  2.155441e-005
 6.405062e+002  2.105242e-005
 6.411250e+002  1.770033e-005
 6.417437e+002  2.083959e-005
 6.423625e+002  2.429797e-005
 6.429812e+002  2.393065e-005
 6.436000e+002  2.242488e-005
 6.442187e+002  2.459478e-005
 6.448375e+002  2.399449e-005
 6.454562e+002  2.194487e-005
 6.460750e+002  2.243269e-005
 6.466937e+002  2.357979e-005
 6.473125e+002  2.275600e-005
 6.479312e+002  2.531820e-005
 6.485500e+002  2.559341e-005
 6.491687e+002  3.367085e-005
 6.497875e+002  2.632191e-004
 6.504062e+002  4.328174e-004
 6.510250e+002  1.975099e-004
 6.516437e+002  2.285355e-005
 6.522625e+002  2.288144e-005
 6.528812e+002  2.444486e-005
 6.535000e+002  2.270919e-005
 6.541187e+002  1.998355e-005
 6.547375e+002  2.146914e-005
 6.553562e+002  2.119110e-005
 6.559750e+002  2.373235e-005
 6.565937e+002  2.038073e-005
 6.572125e+002  1.965814e-005
 6.578312e+002  1.744775e-005
 6.584500e+002  1.903513e-005
 6.590687e+002  2.553503e-005
 6.596875e+002  2.512504e-005
 6.603062e+002  2.252463e-005
 6.609250e+002  1.883546e-005
 6.615437e+002  1.859834e-005
 6.621625e+002  2.429138e-005
 6.627812e+002  2.245355e-005
 6.634000e+002  2.133202e-005
 6.640187e+002  2.447631e-005
 6.646375e+002  2.055836e-005
 6.652562e+002  2.053605e-005
 6.658750e+002  2.179928e-005
 6.664937e+002  2.196992e-005
 6.671125e+002  2.130556e-005
 6.677312e+002  2.168967e-005
 6.683500e+002  1.830241e-005
 6.689687e+002  2.218442e-005
 6.695875e+002  2.613449e-005
 6.702062e+002  2.221692e-005
 6.708250e+002  2.087501e-005
 6.714437e+002  2.386660e-005
 6.720625e+002  2.258410e-005
 6.726812e+002  2.366708e-005
 6.733000e+002  2.272602e-005
 6.739187e+002  2.780866e-005
 6.745375e+002  2.541261e-005
 6.751562e+002  2.547409e-005
 6.757750e+002  2.404232e-005
 6.763937e+002  1.824659e-005
 6.770125e+002  2.331453e-005
 6.776312e+002  1.916565e-005
 6.782500e+002  1.773477e-005
 6.788687e+002  2.016967e-005
 6.794875e+002  2.103200e-005
 6.801062e+002  2.092331e-005
 6.807250e+002  1.910107e-005
 6.813437e+002  2.376579e-005
 6.819625e+002  2.156904e-005
 6.825812e+002  2.102524e-005
 6.832000e+002  1.783814e-005
 6.838187e+002  2.300328e-005
 6.844375e+002  2.639542e-005
 6.850562e+002  2.296761e-005
 6.856750e+002  1.771382e-005
 6.862937e+002  1.734206e-005
 6.869125e+002  1.803351e-005
 6.875312e+002  1.990697e-005
 6.881500e+002  1.883985e-005
 6.887687e+002  1.983954e-005
 6.893875e+002  2.275499e-005
 6.900062e+002  2.126311e-005
 6.906250e+002  1.823306e-005
 6.912437e+002  2.138724e-005
 6.918625e+002  2.253006e-005
 6.924812e+002  2.232709e-005
 6.931000e+002  2.511454e-005
 6.937187e+002  2.102859e-005
 6.943375e+002  2.017157e-005
 6.949562e+002  2.036825e-005
 6.955750e+002  1.772537e-005
 6.961937e+002  1.887304e-005
 6.968125e+002  1.670395e-005
 6.974312e+002  2.087883e-005
 6.980500e+002  2.331428e-005
 6.986687e+002  2.299906e-005
 6.992875e+002  3.593905e-005
 6.999062e+002  1.714502e-004
 7.005250e+002  2.329267e-004
 7.011437e+002  8.886369e-005
 7.017625e+002  1.791401e-005
 7.023812e+002  1.714369e-005
 7.030000e+002  1.618875e-005
 7.036187e+002  1.626721e-005
 7.042375e+002  1.724624e-005
 7.048562e+002  2.318036e-005
 7.054750e+002  1.911570e-005
 7.060937e+002  1.891788e-005
 7.067125e+002  2.040786e-005
 7.073312e+002  2.117556e-005
 7.079500e+002  2.250138e-005
 7.085687e+002  2.274984e-005
 7.091875e+002  2.289726e-005
 7.098062e+002  2.333108e-005
 7.104250e+002  2.365374e-005
 7.110437e+002  2.196795e-005
 7.116625e+002  1.648888e-005
 7.122812e+002  1.853948e-005
 7.129000e+002  1.672288e-005
 7.135187e+002  1.767415e-005
 7.141375e+002  2.066328e-005
 7.147562e+002  2.079204e-005
 7.153750e+002  1.877620e-005
 7.159937e+002  1.555095e-005
 7.166125e+002  1.730724e-005
 7.172312e+002  1.851863e-005
 7.178500e+002  2.025350e-005
 7.184687e+002  1.950360e-005
 7.190875e+002  1.948636e-005
 7.197062e+002  2.054861e-005
 7.203250e+002  2.161002e-005
 7.209437e+002  2.742953e-005
 7.215625e+002  2.340979e-005
 7.221812e+002  1.787558e-005
 7.228000e+002  1.954244e-005
 7.234187e+002  2.236424e-005
 7.240375e+002  2.443538e-005
 7.246562e+002  2.286859e-005
 7.252750e+002  2.135907e-005
 7.258937e+002  2.057285e-005
 7.265125e+002  2.220825e-005
 7.271312e+002  2.213559e-005
 7.277500e+002  1.996305e-005
 7.283687e+002  2.535017e-005
 7.289875e+002  2.472170e-005
 7.296062e+002  2.397681e-005
 7.302250e+002  1.968279e-005
 7.308437e+002  1.611852e-005
 7.314625e+002  1.796199e-005
 7.320812e+002  2.178145e-005
 7.327000e+002  2.104210e-005
 7.333187e+002  2.131304e-005
 7.339375e+002  2.255819e-005
 7.345562e+002  2.236606e-005
 7.351750e+002  2.142315e-005
 7.357937e+002  1.990677e-005
 7.364125e+002  1.789855e-005
 7.370312e+002  2.033962e-005
 7.376500e+002  2.336039e-005
 7.382687e+002  2.110477e-005
 7.388875e+002  2.407339e-005
 7.395062e+002  2.800006e-005
 7.401250e+002  2.718903e-005
 7.407437e+002  2.128245e-005
 7.413625e+002  2.207465e-005
 7.419812e+002  1.946306e-005
 7.426000e+002  1.998564e-005
 7.432187e+002  2.361423e-005
 7.438375e+002  2.131398e-005
 7.444562e+002  2.098722e-005
 7.450750e+002  1.855413e-005
 7.456937e+002  1.955274e-005
 7.463125e+002  2.069137e-005
 7.469312e+002  2.262455e-005
 7.475500e+002  2.453049e-005
 7.481687e+002  2.626818e-005
 7.487875e+002  2.601762e-005
 7.494062e+002  4.522284e-005
 7.500250e+002  2.083262e-004
 7.506437e+002  2.407839e-004
 7.512625e+002  7.597219e-005
 7.518812e+002  1.715920e-005
 7.525000e+002  1.887418e-005
 7.531187e+002  1.890675e-005
 7.537375e+002  1.846847e-005
 7.543562e+002  2.182990e-005
 7.549750e+002  2.113329e-005
 7.555937e+002  1.775708e-005
 7.562125e+002  1.900031e-005
 7.568312e+002  2.161339e-005
 7.574500e+002  2.343142e-005
 7.580687e+002  2.253064e-005
 7.586875e+002  2.067098e-005
 7.593062e+002  1.666471e-005
 7.599250e+002  1.941495e-005
 7.605437e+002  2.430752e-005
 7.611625e+002  2.384870e-005
 7.617812e+002  2.383964e-005
 7.624000e+002  1.812735e-005
 7.630187e+002  2.219635e-005
 7.636375e+002  1.871188e-005
 7.642562e+002  1.669347e-005
 7.648750e+002  1.640375e-005
 7.654937e+002  2.036952e-005
 7.661125e+002  2.401360e-005
 7.667312e+002  2.232510e-005
 7.673500e+002  1.689447e-005
 7.679687e+002  1.895810e-005
 7.685875e+002  2.123323e-005
 7.692062e+002  1.901175e-005
 7.698250e+002  1.940565e-005
 7.704437e+002  2.192102e-005
 7.710625e+002  2.289194e-005
 7.716812e+002  2.318879e-005
 7.723000e+002  2.262695e-005
 7.729187e+002  2.499258e-005
 7.735375e+002  2.249992e-005
 7.741562e+002  1.748695e-005
 7.747750e+002  2.138078e-005
 7.753937e+002  2.256583e-005
 7.760125e+002  2.433344e-005
 7.766312e+002  2.374085e-005
 7.772500e+002  2.552338e-005
 7.778687e+002  2.540091e-005
 7.784875e+002  2.297780e-005
 7.791062e+002  2.039801e-005
 7.797250e+002  2.036751e-005
 7.803437e+002  2.317827e-005
 7.809625e+002  2.358774e-005
 7.815812e+002  2.073543e-005
 7.822000e+002  2.059353e-005
 7.828187e+002  2.234270e-005
 7.834375e+002  2.292384e-005
 7.840562e+002  2.062880e-005
 7.846750e+002  2.349411e-005
 7.852937e+002  2.474140e-005
 7.859125e+002  1.971031e-005
 7.865312e+002  1.755030e-005
 7.871500e+002  1.603502e-005
 7.877687e+002  2.021011e-005
 7.883875e+002  2.291126e-005
 7.890062e+002  2.136955e-005
 7.896250e+002  2.294307e-005
 7.902437e+002  1.799864e-005
 7.908625e+002  2.214018e-005
 7.914812e+002  2.017987e-005
 7.921000e+002  2.143966e-005
 7.927187e+002  1.914501e-005
 7.933375e+002  1.678940e-005
 7.939562e+002  1.890255e-005
 7.945750e+002  2.035105e-005
 7.951937e+002  1.943545e-005
 7.958125e+002  1.763854e-005
 7.964312e+002  1.572918e-005
 7.970500e+002  1.456116e-005
 7.976687e+002  1.955407e-005
 7.982875e+002  2.149160e-005
 7.989062e+002  2.257484e-005
 7.995250e+002  3.837995e-005
 8.001437e+002  1.314079e-004
 8.007625e+002  1.265573e-004
 8.013812e+002  3.491414e-005
 8.020000e+002  2.220927e-005
 8.026187e+002  2.185266e-005
 8.032375e+002  1.874013e-005
 8.038562e+002  1.595078e-005
 8.044750e+002  1.836265e-005
 8.050937e+002  2.010947e-005
 8.057125e+002  1.933707e-005
 8.063312e+002  2.048375e-005
 8.069500e+002  2.112406e-005
 8.075687e+002  2.118906e-005
 8.081875e+002  2.278857e-005
 8.088062e+002  2.610299e-005
 8.094250e+002  2.372897e-005
 8.100437e+002  2.167723e-005
 8.106625e+002  2.393348e-005
 8.112812e+002  2.529029e-005
 8.119000e+002  2.509324e-005
 8.125187e+002  2.402019e-005
 8.131375e+002  2.369912e-005
 8.137562e+002  2.501646e-005
 8.143750e+002  2.149524e-005
 8.149937e+002  2.002014e-005
 8.156125e+002  1.898246e-005
 8.162312e+002  2.089722e-005
 8.168500e+002  1.825961e-005
 8.174687e+002  1.923422e-005
 8.180875e+002  2.018123e-005
 8.187062e+002  2.444927e-005
 8.193250e+002  2.441816e-005
 8.199437e+002  2.382437e-005
 8.205625e+002  2.118089e-005
 8.211812e+002  2.327120e-005
 8.218000e+002  1.930292e-005
 8.224187e+002  2.019997e-005
 8.230375e+002  1.892930e-005
 8.236562e+002  1.868575e-005
 8.242750e+002  1.816911e-005
 8.248937e+002  2.495261e-005
 8.255125e+002  2.145356e-005
 8.261312e+002  2.055216e-005
 8.267500e+002  1.462844e-005
 8.273687e+002  1.591935e-005
 8.279875e+002  1.763197e-005
 8.286062e+002  2.199893e-005
 8.292250e+002  2.560219e-005
 8.298437e+002  2.211785e-005
 8.304625e+002  2.099927e-005
 8.310812e+002  2.090689e-005
 8.317000e+002  1.889883e-005
 8.323187e+002  2.441313e-005
 8.329375e+002  2.518441e-005
 8.335562e+002  2.039452e-005
 8.341750e+002  1.762847e-005
 8.347937e+002  2.109688e-005
 8.354125e+002  2.038142e-005
 8.360312e+002  1.718394e-005
 8.366500e+002  2.152752e-005
 8.372687e+002  2.265199e-005
 8.378875e+002  1.883189e-005
 8.385062e+002  1.571810e-005
 8.391250e+002  1.789522e-005
 8.397437e+002  1.909124e-005
 8.403625e+002  2.028038e-005
 8.409812e+002  1.661282e-005
 8.416000e+002  1.899684e-005
 8.422187e+002  2.195134e-005
 8.428375e+002  2.392275e-005
 8.434562e+002  2.618021e-005
 8.440750e+002  2.166430e-005
 8.446937e+002  1.661205e-005
 8.453125e+002  1.778036e-005
 8.459312e+002  1.946744e-005
 8.465500e+002  2.547741e-005
 8.471687e+002  2.422393e-005
 8.477875e+002  2.377886e-005
 8.484062e+002  2.636954e-005
 8.490250e+002  3.174638e-005
 8.496437e+002  9.533647e-005
 8.502625e+002  2.667523e-004
 8.508812e+002  2.109955e-004
 8.515000e+002  3.813279e-005
 8.521187e+002  2.049999e-005
 8.527375e+002  2.298903e-005
 8.533562e+002  2.088283e-005
 8.539750e+002  2.096324e-005
 8.545937e+002  2.288351e-005
 8.552125e+002  1.810110e-005
 8.558312e+002  1.869191e-005
 8.564500e+002  1.856012e-005
 8.570687e+002  2.114258e-005
 8.576875e+002  2.193136e-005
 8.583062e+002  1.905435e-005
 8.589250e+002  1.877528e-005
 8.595437e+002  1.798787e-005
 8.601625e+002  2.187245e-005
 8.607812e+002  2.107097e-005
 8.614000e+002  2.250880e-005
 8.620187e+002  1.934504e-005
 8.626375e+002  2.023201e-005
 8.632562e+002  2.412320e-005
 8.638750e+002  2.101637e-005
 8.644937e+002  2.331500e-005
 8.651125e+002  2.113710e-005
 8.657312e+002  2.366240e-005
 8.663500e+002  2.006143e-005
 8.669687e+002  1.727321e-005
 8.675875e+002  1.709706e-005
 8.682062e+002  1.855292e-005
 8.688250e+002  2.194755e-005
 8.694437e+002  2.528679e-005
 8.700625e+002  2.004379e-005
 8.706812e+002  1.907012e-005
 8.713000e+002  1.480830e-005
 8.719187e+002  2.205495e-005
 8.725375e+002  2.257758e-005
 8.731562e+002  1.933564e-005
 8.737750e+002  2.166759e-005
 8.743937e+002  1.852258e-005
 8.750125e+002  1.927002e-005
 8.756312e+002  1.991032e-005
 8.762500e+002  2.121809e-005
 8.768687e+002  2.078535e-005
 8.774875e+002  2.053334e-005
 8.781062e+002  2.118092e-005
 8.787250e+002  2.741566e-005
 8.793437e+002  2.170853e-005
 8.799625e+002  1.691523e-005
 8.805812e+002  1.375670e-005
 8.812000e+002  1.661773e-005
 8.818187e+002  1.976471e-005
 8.824375e+002  1.976244e-005
 8.830562e+002  1.663004e-005
 8.836750e+002  1.605247e-005
 8.842937e+002  2.075116e-005
 8.849125e+002  2.215148e-005
 8.855312e+002  1.822307e-005
 8.861500e+002  2.034246e-005
 8.867687e+002  1.983727e-005
 8.873875e+002  1.727902e-005
 8.880062e+002  2.195865e-005
 8.886250e+002  1.884423e-005
 8.892437e+002  2.174477e-005
 8.898625e+002  2.185637e-005
 8.904812e+002  1.845073e-005
 8.911000e+002  2.469700e-005
 8.917187e+002  2.406146e-005
 8.923375e+002  1.933575e-005
 8.929562e+002  2.190862e-005
 8.935750e+002  2.294748e-005
 8.941937e+002  2.113672e-005
 8.948125e+002  2.028641e-005
 8.954312e+002  2.251435e-005
 8.960500e+002  1.849422e-005
 8.966687e+002  1.676562e-005
 8.972875e+002  1.640536e-005
 8.979062e+002  1.436716e-005
 8.985250e+002  1.877145e-005
 8.991437e+002  2.468926e-005
 8.997625e+002  5.707892e-005
 9.003812e+002  1.261812e-004
 9.010000e+002  7.993995e-005
 9.016187e+002  2.046070e-005
 9.022375e+002  2.385208e-005
 9.028562e+002  2.310120e-005
 9.034750e+002  2.196644e-005
 9.040937e+002  2.095549e-005
 9.047125e+002  2.066434e-005
 9.053312e+002  2.547766e-005
 9.059500e+002  2.500798e-005
 9.065687e+002  2.083849e-005
 9.071875e+002  1.703843e-005
 9.078062e+002  2.174539e-005
 9.084250e+002  2.195469e-005
 9.090437e+002  1.928914e-005
 9.096625e+002  1.584305e-005
 9.102812e+002  1.715060e-005
 9.109000e+002  1.943655e-005
 9.115187e+002  2.027903e-005
 9.121375e+002  2.101867e-005
 9.127562e+002  1.944360e-005
 9.133750e+002  1.676386e-005
 9.139937e+002  1.720676e-005
 9.146125e+002  1.987699e-005
 9.152312e+002  2.014033e-005
 9.158500e+002  1.838294e-005
 9.164687e+002  1.737013e-005
 9.170875e+002  1.798578e-005
 9.177062e+002  1.524018e-005
 9.183250e+002  1.723291e-005
 9.189437e+002  1.941995e-005
 9.195625e+002  2.008815e-005
 9.201812e+002  2.018994e-005
 9.208000e+002  1.948564e-005
 9.214187e+002  1.450129e-005
 9.220375e+002  2.092642e-005
 9.226562e+002  2.153315e-005
 9.232750e+002  2.029617e-005
 9.238937e+002  1.807421e-005
 9.245125e+002  1.761434e-005
 9.251312e+002  2.066183e-005
 9.257500e+002  2.327905e-005
 9.263687e+002  1.960330e-005
 9.269875e+002  1.995427e-005
 9.276062e+002  2.194402e-005
 9.282250e+002  2.487568e-005
 9.288437e+002  2.319629e-005
 9.294625e+002  1.968568e-005
 9.300812e+002  1.473721e-005
 9.307000e+002  1.771185e-005
 9.313187e+002  1.853972e-005
 9.319375e+002  1.606780e-005
 9.325562e+002  2.026135e-005
 9.331750e+002  2.117969e-005
 9.337937e+002  2.091671e-005
 9.344125e+002  1.762114e-005
 9.350312e+002  1.786121e-005
 9.356500e+002  1.788801e-005
 9.362687e+002  1.899975e-005
 9.368875e+002  1.886694e-005
 9.375062e+002  2.019427e-005
 9.381250e+002  1.944906e-005
 9.387437e+002  1.269078e-005
 9.393625e+002  1.719800e-005
 9.399812e+002  2.397569e-005
 9.406000e+002  2.237075e-005
 9.412187e+002  1.974098e-005
 9.418375e+002  2.346084e-005
 9.424562e+002  2.306108e-005
 9.430750e+002  1.535325e-005
 9.436937e+002  1.812887e-005
 9.443125e+002  2.122261e-005
 9.449312e+002  1.977288e-005
 9.455500e+002  1.860116e-005
 9.461687e+002  2.126905e-005
 9.467875e+002  2.014856e-005
 9.474062e+002  1.862317e-005
 9.480250e+002  1.718599e-005
 9.486437e+002  1.731930e-005
 9.492625e+002  2.563648e-005
 9.498812e+002  1.412699e-004
 9.505000e+002  2.514949e-004
 9.511187e+002  1.430873e-004
 9.517375e+002  3.248704e-005
 9.523562e+002  2.704946e-005
 9.529750e+002  2.620049e-005
 9.535937e+002  2.496066e-005
 9.542125e+002  2.129384e-005
 9.548312e+002  1.884742e-005
 9.554500e+002  1.985246e-005
 9.560687e+002  1.921438e-005
 9.566875e+002  2.022342e-005
 9.573062e+002  2.173388e-005
 9.579250e+002  1.632301e-005
 9.585437e+002  1.794987e-005
 9.591625e+002  1.853347e-005
 9.597812e+002  1.896605e-005
 9.604000e+002  2.186135e-005
 9.610187e+002  2.303077e-005
 9.616375e+002  2.545095e-005
 9.622562e+002  2.231491e-005
 9.628750e+002  1.694715e-005
 9.634937e+002  1.925886e-005
 9.641125e+002  2.200860e-005
 9.647312e+002  2.440926e-005
 9.653500e+002  2.112318e-005
 9.659687e+002  2.333553e-005
 9.665875e+002  2.092048e-005
 9.672062e+002  1.626361e-005
 9.678250e+002  1.336907e-005
 9.684437e+002  1.803908e-005
 9.690625e+002  2.206052e-005
 9.696812e+002  2.229560e-005
 9.703000e+002  2.126925e-005
 9.709187e+002  2.109144e-005
 9.715375e+002  2.122024e-005
 9.721562e+002  1.763463e-005
 9.727750e+002  2.071591e-005
 9.733937e+002  2.299996e-005
 9.740125e+002  2.471212e-005
 9.746312e+002  2.088880e-005
 9.752500e+002  2.389507e-005
 9.758687e+002  2.045892e-005
 9.764875e+002  1.843467e-005
 9.771062e+002  2.394369e-005
 9.777250e+002  2.167260e-005
 9.783437e+002  1.423021e-005
 9.789625e+002  1.797221e-005
 9.795812e+002  1.936752e-005
 9.802000e+002  1.959092e-005
 9.808187e+002  2.186266e-005
 9.814375e+002  1.932560e-005
 9.820562e+002  1.660802e-005
 9.826750e+002  1.681222e-005
 9.832937e+002  1.664047e-005
 9.839125e+002  1.657151e-005
 9.845312e+002  1.823244e-005
 9.851500e+002  1.958241e-005
 9.857687e+002  1.685175e-005
 9.863875e+002  1.660440e-005
 9.870062e+002  1.763629e-005
 9.876250e+002  1.922939e-005
 9.882437e+002  2.158868e-005
 9.888625e+002  1.992992e-005
 9.894812e+002  2.005085e-005
 9.901000e+002  1.725664e-005
 9.907187e+002  1.672284e-005
 9.913375e+002  2.161025e-005
 9.919562e+002  1.741392e-005
 9.925750e+002  1.459831e-005
 9.931937e+002  1.754160e-005
 9.938125e+002  1.772573e-005
 9.944312e+002  1.788943e-005
 9.950500e+002  1.974423e-005
 9.956687e+002  1.854709e-005
 9.962875e+002  1.850425e-005
 9.969062e+002  2.260488e-005
 9.975250e+002  2.336751e-005
 9.981437e+002  2.047919e-005
 9.987625e+002  1.810595e-005
 9.993812e+002  1.979865e-005
 1.000000e+003  7.733147e-005
