 1.000000e+001  1.652154e-004
 1.061875e+001  1.521448e-004
 1.123750e+001  1.610075e-004
 1.185625e+001  1.417481e-004
 1.247500e+001  1.239975e-004
 1.309375e+001  1.391216e-004
 1.371250e+001  1.512946e-004
 1.433125e+001  1.240109e-004
 1.495000e+001  1.113146e-004
 1.556875e+001  1.178541e-004
 1.618750e+001  1.533119e-004
 1.680625e+001  1.404862e-004
 1.742500e+001  1.217669e-004
 1.804375e+001  1.428464e-004
 1.866250e+001  1.180427e-004
 1.928125e+001  1.212397e-004
 1.990000e+001  1.236002e-004
 2.051875e+001  1.083561e-004
 2.113750e+001  1.058462e-004
 2.175625e+001  1.026426e-004
 2.237500e+001  9.876024e-005
 2.299375e+001  1.076057e-004
 2.361250e+001  1.220205e-004
 2.423125e+001  1.435064e-004
 2.485000e+001  1.306380e-004
 2.546875e+001  1.050953e-004
 2.608750e+001  1.227889e-004
 2.670625e+001  1.065952e-004
 2.732500e+001  1.199149e-004
 2.794375e+001  1.086047e-004
 2.856250e+001  9.616261e-005
 2.918125e+001  1.380160e-004
 2.980000e+001  1.127466e-004
 3.041875e+001  8.823605e-005
 3.103750e+001  9.545347e-005
 3.165625e+001  1.091197e-004
 3.227500e+001  1.059523e-004
 3.289375e+001  1.281001e-004
 3.351250e+001  1.183889e-004
 3.413125e+001  1.120373e-004
 3.475000e+001  1.060821e-004
 3.536875e+001  9.964317e-005
 3.598750e+001  1.154497e-004
 3.660625e+001  1.107981e-004
 3.722500e+001  9.423884e-005
 3.784375e+001  1.071702e-004
 3.846250e+001  1.061883e-004
 3.908125e+001  1.468345e-004
 3.970000e+001  1.387676e-004
 4.031875e+001  8.983949e-005
 4.093750e+001  9.125106e-005
 4.155625e+001  1.087596e-004
 4.217500e+001  1.215955e-004
 4.279375e+001  1.381060e-004
 4.341250e+001  1.046292e-004
 4.403125e+001  1.048515e-004
 4.465000e+001  1.058936e-004
 4.526875e+001  1.023782e-004
 4.588750e+001  1.060862e-004
 4.650625e+001  9.740740e-005
 4.712500e+001  9.952616e-005
 4.774375e+001  8.900209e-005
 4.836250e+001  8.563025e-005
 4.898125e+001  1.573303e-004
 4.960000e+001  1.040614e-003
 5.021875e+001  1.335818e-003
 5.083750e+001  4.275416e-004
 5.145625e+001  9.591533e-005
 5.207500e+001  7.890251e-005
 5.269375e+001  7.771014e-005
 5.331250e+001  8.882562e-005
 5.393125e+001  7.483726e-005
 5.455000e+001  7.363853e-005
 5.516875e+001  8.852626e-005
 5.578750e+001  8.744236e-005
 5.640625e+001  8.396310e-005
 5.702500e+001  8.404230e-005
 5.764375e+001  6.836817e-005
 5.826250e+001  7.630473e-005
 5.888125e+001  9.169588e-005
 5.950000e+001  9.618747e-005
 6.011875e+001  1.066091e-004
 6.073750e+001  8.256879e-005
 6.135625e+001  8.509883e-005
 6.197500e+001  8.875017e-005
 6.259375e+001  7.442815e-005
 6.321250e+001  8.370009e-005
 6.383125e+001  1.060196e-004
 6.445000e+001  9.240583e-005
 6.506875e+001  7.839393e-005
 6.568750e+001  7.426578e-005
 6.630625e+001  7.065146e-005
 6.692500e+001  7.514688e-005
 6.754375e+001  8.150001e-005
 6.816250e+001  9.695498e-005
 6.878125e+001  9.812134e-005
 6.940000e+001  9.326693e-005
 7.001875e+001  1.208067e-004
 7.063750e+001  9.187592e-005
 7.125625e+001  7.734682e-005
 7.187500e+001  7.769735e-005
 7.249375e+001  8.771965e-005
 7.311250e+001  8.323832e-005
 7.373125e+001  8.340713e-005
 7.435000e+001  8.811634e-005
 7.496875e+001  1.256155e-004
 7.558750e+001  1.951661e-004
 7.620625e+001  1.345113e-004
 7.682500e+001  7.975491e-005
 7.744375e+001  7.232959e-005
 7.806250e+001  7.473889e-005
 7.868125e+001  8.301053e-005
 7.930000e+001  8.299312e-005
 7.991875e+001  7.912743e-005
 8.053750e+001  1.059719e-004
 8.115625e+001  1.127410e-004
 8.177500e+001  1.036956e-004
 8.239375e+001  9.408303e-005
 8.301250e+001  8.920342e-005
 8.363125e+001  7.310296e-005
 8.425000e+001  6.885666e-005
 8.486875e+001  6.784700e-005
 8.548750e+001  7.826191e-005
 8.610625e+001  7.873201e-005
 8.672500e+001  8.067620e-005
 8.734375e+001  7.166246e-005
 8.796250e+001  8.391299e-005
 8.858125e+001  7.204050e-005
 8.920000e+001  7.843777e-005
 8.981875e+001  7.531719e-005
 9.043750e+001  7.113370e-005
 9.105625e+001  8.095409e-005
 9.167500e+001  9.325053e-005
 9.229375e+001  9.271804e-005
 9.291250e+001  6.952350e-005
 9.353125e+001  6.771584e-005
 9.415000e+001  6.166752e-005
 9.476875e+001  7.094617e-005
 9.538750e+001  5.997688e-005
 9.600625e+001  7.423910e-005
 9.662500e+001  6.668133e-005
 9.724375e+001  6.420077e-005
 9.786250e+001  7.864238e-005
 9.848125e+001  7.813557e-005
 9.910000e+001  6.661360e-005
 9.971875e+001  9.007608e-005
 1.003375e+002  1.143273e-004
 1.009563e+002  9.781494e-005
 1.015750e+002  7.854259e-005
 1.021938e+002  5.824029e-005
 1.028125e+002  7.409947e-005
 1.034313e+002  7.703573e-005
 1.040500e+002  6.775263e-005
 1.046688e+002  7.566707e-005
 1.052875e+002  7.453911e-005
 1.059063e+002  6.273369e-005
 1.065250e+002  7.722932e-005
 1.071438e+002  8.462788e-005
 1.077625e+002  7.566421e-005
 1.083813e+002  8.430795e-005
 1.090000e+002  9.246357e-005
 1.096188e+002  6.760111e-005
 1.102375e+002  8.529881e-005
 1.108563e+002  8.772650e-005
 1.114750e+002  8.770852e-005
 1.120938e+002  8.142268e-005
 1.127125e+002  8.445068e-005
 1.133313e+002  7.876379e-005
 1.139500e+002  8.372675e-005
 1.145688e+002  8.712016e-005
 1.151875e+002  8.054959e-005
 1.158063e+002  8.894613e-005
 1.164250e+002  1.029260e-004
 1.170438e+002  9.391654e-005
 1.176625e+002  7.176933e-005
 1.182813e+002  8.203991e-005
 1.189000e+002  8.329099e-005
 1.195188e+002  8.427769e-005
 1.201375e+002  8.018163e-005
 1.207563e+002  6.628977e-005
 1.213750e+002  5.947489e-005
 1.219938e+002  6.816272e-005
 1.226125e+002  7.576418e-005
 1.232313e+002  7.589785e-005
 1.238500e+002  7.791439e-005
 1.244688e+002  7.872215e-005
 1.250875e+002  7.730381e-005
 1.257063e+002  7.911917e-005
 1.263250e+002  8.208796e-005
 1.269438e+002  6.719231e-005
 1.275625e+002  7.475071e-005
 1.281813e+002  7.701924e-005
 1.288000e+002  6.699609e-005
 1.294188e+002  6.121672e-005
 1.300375e+002  7.371835e-005
 1.306563e+002  8.676272e-005
 1.312750e+002  8.443821e-005
 1.318938e+002  7.740892e-005
 1.325125e+002  7.673758e-005
 1.331313e+002  7.725131e-005
 1.337500e+002  7.441178e-005
 1.343688e+002  6.674016e-005
 1.349875e+002  6.632762e-005
 1.356063e+002  8.052526e-005
 1.362250e+002  7.187105e-005
 1.368438e+002  5.957550e-005
 1.374625e+002  7.843145e-005
 1.380813e+002  7.350629e-005
 1.387000e+002  6.929095e-005
 1.393188e+002  6.770099e-005
 1.399375e+002  7.485669e-005
 1.405563e+002  8.928780e-005
 1.411750e+002  8.040507e-005
 1.417938e+002  7.529355e-005
 1.424125e+002  8.124127e-005
 1.430313e+002  8.543464e-005
 1.436500e+002  7.473097e-005
 1.442688e+002  8.246673e-005
 1.448875e+002  8.461754e-005
 1.455063e+002  6.843322e-005
 1.461250e+002  8.067287e-005
 1.467438e+002  7.276955e-005
 1.473625e+002  6.814831e-005
 1.479813e+002  7.139004e-005
 1.486000e+002  6.840264e-005
 1.492188e+002  1.892536e-004
 1.498375e+002  7.397307e-004
 1.504563e+002  6.665267e-004
 1.510750e+002  1.646396e-004
 1.516938e+002  1.069106e-004
 1.523125e+002  7.619038e-005
 1.529313e+002  6.301070e-005
 1.535500e+002  7.079892e-005
 1.541688e+002  7.890185e-005
 1.547875e+002  8.634919e-005
 1.554063e+002  8.384647e-005
 1.560250e+002  7.512716e-005
 1.566438e+002  7.867148e-005
 1.572625e+002  8.221060e-005
 1.578813e+002  8.349229e-005
 1.585000e+002  7.988485e-005
 1.591188e+002  7.717480e-005
 1.597375e+002  8.007601e-005
 1.603563e+002  7.174067e-005
 1.609750e+002  7.648014e-005
 1.615938e+002  8.369055e-005
 1.622125e+002  6.368213e-005
 1.628313e+002  5.962846e-005
 1.634500e+002  6.483740e-005
 1.640688e+002  7.982484e-005
 1.646875e+002  7.283123e-005
 1.653063e+002  7.616695e-005
 1.659250e+002  8.442264e-005
 1.665438e+002  9.121448e-005
 1.671625e+002  7.670361e-005
 1.677813e+002  6.174733e-005
 1.684000e+002  6.881667e-005
 1.690188e+002  6.650857e-005
 1.696375e+002  7.428536e-005
 1.702563e+002  5.921947e-005
 1.708750e+002  7.500525e-005
 1.714938e+002  8.120468e-005
 1.721125e+002  6.899286e-005
 1.727313e+002  7.612701e-005
 1.733500e+002  9.448476e-005
 1.739688e+002  8.516771e-005
 1.745875e+002  7.641844e-005
 1.752063e+002  7.310759e-005
 1.758250e+002  5.708114e-005
 1.764438e+002  5.503842e-005
 1.770625e+002  6.144569e-005
 1.776813e+002  5.853379e-005
 1.783000e+002  6.855017e-005
 1.789188e+002  7.843910e-005
 1.795375e+002  7.672811e-005
 1.801563e+002  7.495436e-005
 1.807750e+002  7.141298e-005
 1.813938e+002  7.230246e-005
 1.820125e+002  6.664930e-005
 1.826313e+002  7.283310e-005
 1.832500e+002  7.302429e-005
 1.838688e+002  6.946074e-005
 1.844875e+002  5.447996e-005
 1.851063e+002  7.064343e-005
 1.857250e+002  7.871286e-005
 1.863438e+002  7.195953e-005
 1.869625e+002  6.859841e-005
 1.875813e+002  6.825694e-005
 1.882000e+002  6.374443e-005
 1.888188e+002  7.953439e-005
 1.894375e+002  7.732275e-005
 1.900563e+002  6.799906e-005
 1.906750e+002  5.109682e-005
 1.912938e+002  6.328974e-005
 1.919125e+002  7.948060e-005
 1.925313e+002  7.311747e-005
 1.931500e+002  7.264118e-005
 1.937688e+002  6.532963e-005
 1.943875e+002  5.435874e-005
 1.950063e+002  5.614021e-005
 1.956250e+002  7.244187e-005
 1.962438e+002  7.705402e-005
 1.968625e+002  8.062204e-005
 1.974813e+002  7.601255e-005
 1.981000e+002  8.134943e-005
 1.987188e+002  6.666451e-005
 1.993375e+002  5.479055e-005
 1.999563e+002  7.125605e-005
 2.005750e+002  7.953875e-005
 2.011938e+002  6.554850e-005
 2.018125e+002  5.293701e-005
 2.024313e+002  5.994561e-005
 2.030500e+002  7.090343e-005
 2.036688e+002  7.419027e-005
 2.042875e+002  6.880817e-005
 2.049063e+002  7.164113e-005
 2.055250e+002  5.908744e-005
 2.061438e+002  6.640516e-005
 2.067625e+002  8.146510e-005
 2.073813e+002  7.730923e-005
 2.080000e+002  6.956561e-005
 2.086188e+002  6.428597e-005
 2.092375e+002  7.161612e-005
 2.098563e+002  6.058965e-005
 2.104750e+002  5.586318e-005
 2.110938e+002  6.758474e-005
 2.117125e+002  7.994453e-005
 2.123313e+002  8.314426e-005
 2.129500e+002  6.491465e-005
 2.135688e+002  6.548367e-005
 2.141875e+002  7.948888e-005
 2.148063e+002  7.776261e-005
 2.154250e+002  7.115484e-005
 2.160438e+002  6.881641e-005
 2.166625e+002  7.807586e-005
 2.172813e+002  8.770136e-005
 2.179000e+002  7.715389e-005
 2.185188e+002  6.318104e-005
 2.191375e+002  8.205317e-005
 2.197563e+002  8.291205e-005
 2.203750e+002  7.798475e-005
 2.209938e+002  8.551623e-005
 2.216125e+002  7.612625e-005
 2.222313e+002  7.892389e-005
 2.228500e+002  8.423550e-005
 2.234688e+002  7.006119e-005
 2.240875e+002  5.313214e-005
 2.247063e+002  7.331916e-005
 2.253250e+002  8.686749e-005
 2.259438e+002  8.119037e-005
 2.265625e+002  6.675081e-005
 2.271813e+002  7.419698e-005
 2.278000e+002  7.955542e-005
 2.284188e+002  8.178305e-005
 2.290375e+002  6.958165e-005
 2.296563e+002  6.140164e-005
 2.302750e+002  6.300853e-005
 2.308938e+002  7.080219e-005
 2.315125e+002  7.889243e-005
 2.321313e+002  6.964580e-005
 2.327500e+002  6.565246e-005
 2.333688e+002  5.388895e-005
 2.339875e+002  5.549399e-005
 2.346063e+002  6.367847e-005
 2.352250e+002  6.252623e-005
 2.358438e+002  5.439608e-005
 2.364625e+002  6.040593e-005
 2.370813e+002  6.468657e-005
 2.377000e+002  6.919198e-005
 2.383188e+002  5.874558e-005
 2.389375e+002  5.265715e-005
 2.395563e+002  6.135239e-005
 2.401750e+002  6.723226e-005
 2.407938e+002  5.832817e-005
 2.414125e+002  7.740375e-005
 2.420313e+002  7.197781e-005
 2.426500e+002  5.420233e-005
 2.432688e+002  7.011568e-005
 2.438875e+002  7.013668e-005
 2.445063e+002  6.982866e-005
 2.451250e+002  6.779876e-005
 2.457438e+002  6.995040e-005
 2.463625e+002  7.591318e-005
 2.469813e+002  7.864609e-005
 2.476000e+002  7.259858e-005
 2.482188e+002  5.756780e-005
 2.488375e+002  6.207892e-005
 2.494563e+002  1.598825e-004
 2.500750e+002  3.412531e-004
 2.506938e+002  2.066712e-004
 2.513125e+002  6.142354e-005
 2.519313e+002  7.213968e-005
 2.525500e+002  7.410755e-005
 2.531688e+002  6.857328e-005
 2.537875e+002  7.360508e-005
 2.544063e+002  6.596575e-005
 2.550250e+002  6.186424e-005
 2.556438e+002  6.780861e-005
 2.562625e+002  6.826422e-005
 2.568813e+002  8.037125e-005
 2.575000e+002  8.128359e-005
 2.581188e+002  6.524796e-005
 2.587375e+002  5.600851e-005
 2.593563e+002  7.119708e-005
 2.599750e+002  8.049304e-005
 2.605938e+002  8.443843e-005
 2.612125e+002  6.928329e-005
 2.618313e+002  6.301730e-005
 2.624500e+002  5.765681e-005
 2.630688e+002  5.690030e-005
 2.636875e+002  5.713149e-005
 2.643063e+002  6.759607e-005
 2.649250e+002  8.009339e-005
 2.655438e+002  6.809757e-005
 2.661625e+002  5.430503e-005
 2.667813e+002  7.325711e-005
 2.674000e+002  9.075725e-005
 2.680188e+002  7.770268e-005
 2.686375e+002  6.856489e-005
 2.692563e+002  7.825039e-005
 2.698750e+002  8.478554e-005
 2.704938e+002  7.317824e-005
 2.711125e+002  5.982252e-005
 2.717313e+002  6.749831e-005
 2.723500e+002  5.905021e-005
 2.729688e+002  7.601193e-005
 2.735875e+002  7.234605e-005
 2.742063e+002  4.879243e-005
 2.748250e+002  6.936657e-005
 2.754438e+002  7.021083e-005
 2.760625e+002  7.457871e-005
 2.766813e+002  7.388738e-005
 2.773000e+002  8.272345e-005
 2.779188e+002  7.512214e-005
 2.785375e+002  7.249096e-005
 2.791563e+002  7.034494e-005
 2.797750e+002  7.033464e-005
 2.803938e+002  7.121972e-005
 2.810125e+002  6.685145e-005
 2.816313e+002  6.592809e-005
 2.822500e+002  6.995591e-005
 2.828688e+002  7.390762e-005
 2.834875e+002  8.389070e-005
 2.841063e+002  8.525661e-005
 2.847250e+002  7.538072e-005
 2.853438e+002  6.537814e-005
 2.859625e+002  7.632442e-005
 2.865813e+002  7.218766e-005
 2.872000e+002  6.412610e-005
 2.878188e+002  8.740971e-005
 2.884375e+002  8.766929e-005
 2.890563e+002  7.162263e-005
 2.896750e+002  6.686108e-005
 2.902938e+002  5.862023e-005
 2.909125e+002  5.506638e-005
 2.915313e+002  5.664270e-005
 2.921500e+002  4.524604e-005
 2.927688e+002  5.239039e-005
 2.933875e+002  6.479415e-005
 2.940063e+002  7.500204e-005
 2.946250e+002  6.967970e-005
 2.952438e+002  4.082725e-005
 2.958625e+002  6.339743e-005
 2.964813e+002  7.336016e-005
 2.971000e+002  6.412915e-005
 2.977188e+002  6.985391e-005
 2.983375e+002  8.824310e-005
 2.989563e+002  8.874845e-005
 2.995750e+002  8.624987e-005
 3.001938e+002  9.200385e-005
 3.008125e+002  5.961434e-005
 3.014313e+002  6.618895e-005
 3.020500e+002  6.785968e-005
 3.026688e+002  6.736298e-005
 3.032875e+002  6.622857e-005
 3.039063e+002  7.304475e-005
 3.045250e+002  7.818904e-005
 3.051438e+002  6.639236e-005
 3.057625e+002  6.544307e-005
 3.063813e+002  6.434208e-005
 3.070000e+002  9.243854e-005
 3.076188e+002  8.936256e-005
 3.082375e+002  6.120370e-005
 3.088563e+002  7.060677e-005
 3.094750e+002  7.217502e-005
 3.100938e+002  6.168606e-005
 3.107125e+002  6.588692e-005
 3.113313e+002  6.953908e-005
 3.119500e+002  6.705312e-005
 3.125688e+002  6.362475e-005
 3.131875e+002  6.662606e-005
 3.138063e+002  6.972017e-005
 3.144250e+002  7.762374e-005
 3.150437e+002  6.481353e-005
 3.156625e+002  5.340634e-005
 3.162812e+002  6.156855e-005
 3.169000e+002  6.648256e-005
 3.175187e+002  6.379889e-005
 3.181375e+002  5.144410e-005
 3.187562e+002  5.884220e-005
 3.193750e+002  6.883714e-005
 3.199937e+002  7.338215e-005
 3.206125e+002  6.868345e-005
 3.212312e+002  7.586962e-005
 3.218500e+002  6.537714e-005
 3.224687e+002  6.841301e-005
 3.230875e+002  7.521330e-005
 3.237062e+002  7.034883e-005
 3.243250e+002  7.188604e-005
 3.249437e+002  7.510049e-005
 3.255625e+002  7.073523e-005
 3.261812e+002  6.188686e-005
 3.268000e+002  6.712869e-005
 3.274187e+002  7.346739e-005
 3.280375e+002  6.228983e-005
 3.286562e+002  5.795257e-005
 3.292750e+002  6.639105e-005
 3.298937e+002  7.491442e-005
 3.305125e+002  6.861713e-005
 3.311312e+002  7.746499e-005
 3.317500e+002  8.559676e-005
 3.323687e+002  6.537230e-005
 3.329875e+002  6.911820e-005
 3.336062e+002  7.085960e-005
 3.342250e+002  7.720316e-005
 3.348437e+002  8.229492e-005
 3.354625e+002  7.873766e-005
 3.360812e+002  8.206950e-005
 3.367000e+002  8.223192e-005
 3.373187e+002  6.162289e-005
 3.379375e+002  6.311216e-005
 3.385562e+002  6.035008e-005
 3.391750e+002  6.432661e-005
 3.397937e+002  7.572797e-005
 3.404125e+002  6.986561e-005
 3.410312e+002  7.355744e-005
 3.416500e+002  7.804940e-005
 3.422687e+002  7.728074e-005
 3.428875e+002  7.108877e-005
 3.435062e+002  6.235223e-005
 3.441250e+002  6.243963e-005
 3.447437e+002  6.624547e-005
 3.453625e+002  6.124550e-005
 3.459812e+002  6.665841e-005
 3.466000e+002  6.591942e-005
 3.472187e+002  7.010962e-005
 3.478375e+002  8.502021e-005
 3.484562e+002  8.283382e-005
 3.490750e+002  6.987877e-005
 3.496937e+002  1.068218e-004
 3.503125e+002  1.377528e-004
 3.509312e+002  8.412578e-005
 3.515500e+002  8.105841e-005
 3.521687e+002  6.772855e-005
 3.527875e+002  7.328337e-005
 3.534062e+002  6.918025e-005
 3.540250e+002  5.650691e-005
 3.546437e+002  5.208664e-005
 3.552625e+002  6.784340e-005
 3.558812e+002  6.752373e-005
 3.565000e+002  7.171860e-005
 3.571187e+002  7.919269e-005
 3.577375e+002  7.416340e-005
 3.583562e+002  6.996675e-005
 3.589750e+002  6.627437e-005
 3.595937e+002  7.511388e-005
 3.602125e+002  6.871057e-005
 3.608312e+002  7.159450e-005
 3.614500e+002  7.602701e-005
 3.620687e+002  7.057118e-005
 3.626875e+002  7.824785e-005
 3.633062e+002  7.704658e-005
 3.639250e+002  7.232497e-005
 3.645437e+002  8.043184e-005
 3.651625e+002  7.034523e-005
 3.657812e+002  7.035056e-005
 3.664000e+002  7.131599e-005
 3.670187e+002  6.684230e-005
 3.676375e+002  6.937096e-005
 3.682562e+002  7.092691e-005
 3.688750e+002  7.069318e-005
 3.694937e+002  6.762771e-005
 3.701125e+002  6.558320e-005
 3.707312e+002  7.705919e-005
 3.713500e+002  6.516590e-005
 3.719687e+002  6.193052e-005
 3.725875e+002  6.433579e-005
 3.732062e+002  5.558891e-005
 3.738250e+002  6.686743e-005
 3.744437e+002  6.521144e-005
 3.750625e+002  7.404086e-005
 3.756812e+002  7.587139e-005
 3.763000e+002  6.558314e-005
 3.769187e+002  6.776269e-005
 3.775375e+002  7.325316e-005
 3.781562e+002  8.553915e-005
 3.787750e+002  7.627759e-005
 3.793937e+002  6.635704e-005
 3.800125e+002  6.531381e-005
 3.806312e+002  7.093852e-005
 3.812500e+002  6.820304e-005
 3.818687e+002  7.336652e-005
 3.824875e+002  7.540265e-005
 3.831062e+002  6.819646e-005
 3.837250e+002  5.964275e-005
 3.843437e+002  6.324283e-005
 3.849625e+002  5.920854e-005
 3.855812e+002  5.651555e-005
 3.862000e+002  6.661604e-005
 3.868187e+002  7.716843e-005
 3.874375e+002  5.569312e-005
 3.880562e+002  4.638658e-005
 3.886750e+002  5.818988e-005
 3.892937e+002  7.005231e-005
 3.899125e+002  6.403952e-005
 3.905312e+002  5.322282e-005
 3.911500e+002  5.292247e-005
 3.917687e+002  6.706933e-005
 3.923875e+002  5.791308e-005
 3.930062e+002  6.506729e-005
 3.936250e+002  8.057673e-005
 3.942437e+002  7.733401e-005
 3.948625e+002  6.940277e-005
 3.954812e+002  6.635056e-005
 3.961000e+002  7.409686e-005
 3.967187e+002  7.516649e-005
 3.973375e+002  6.082872e-005
 3.979562e+002  6.735223e-005
 3.985750e+002  5.804795e-005
 3.991937e+002  5.776039e-005
 3.998125e+002  7.214761e-005
 4.004312e+002  6.752410e-005
 4.010500e+002  6.396341e-005
 4.016687e+002  6.624335e-005
 4.022875e+002  6.121831e-005
 4.029062e+002  5.950784e-005
 4.035250e+002  7.291668e-005
 4.041437e+002  6.039588e-005
 4.047625e+002  6.087123e-005
 4.053812e+002  6.187728e-005
 4.060000e+002  6.766330e-005
 4.066187e+002  6.901138e-005
 4.072375e+002  7.401807e-005
 4.078562e+002  7.497339e-005
 4.084750e+002  5.928082e-005
 4.090937e+002  5.667364e-005
 4.097125e+002  7.144853e-005
 4.103312e+002  6.356447e-005
 4.109500e+002  6.700194e-005
 4.115687e+002  7.669775e-005
 4.121875e+002  7.943475e-005
 4.128062e+002  7.930616e-005
 4.134250e+002  6.731423e-005
 4.140437e+002  8.384154e-005
 4.146625e+002  6.687612e-005
 4.152812e+002  6.410374e-005
 4.159000e+002  6.595236e-005
 4.165187e+002  7.404955e-005
 4.171375e+002  6.953795e-005
 4.177562e+002  5.162690e-005
 4.183750e+002  4.920746e-005
 4.189937e+002  6.761628e-005
 4.196125e+002  7.169516e-005
 4.202312e+002  7.004602e-005
 4.208500e+002  7.373428e-005
 4.214687e+002  6.151604e-005
 4.220875e+002  6.880195e-005
 4.227062e+002  6.728209e-005
 4.233250e+002  7.390744e-005
 4.239437e+002  8.478626e-005
 4.245625e+002  7.203670e-005
 4.251812e+002  7.522951e-005
 4.258000e+002  8.017761e-005
 4.264187e+002  7.662018e-005
 4.270375e+002  6.188198e-005
 4.276562e+002  7.365769e-005
 4.282750e+002  6.994840e-005
 4.288937e+002  6.469368e-005
 4.295125e+002  5.662881e-005
 4.301312e+002  5.637261e-005
 4.307500e+002  8.030287e-005
 4.313687e+002  7.470625e-005
 4.319875e+002  7.737269e-005
 4.326062e+002  6.766748e-005
 4.332250e+002  7.148968e-005
 4.338437e+002  7.305009e-005
 4.344625e+002  7.192757e-005
 4.350812e+002  7.697317e-005
 4.357000e+002  7.773168e-005
 4.363187e+002  6.324084e-005
 4.369375e+002  6.454438e-005
 4.375562e+002  7.045026e-005
 4.381750e+002  6.068424e-005
 4.387937e+002  5.951458e-005
 4.394125e+002  6.880728e-005
 4.400312e+002  5.915047e-005
 4.406500e+002  7.545074e-005
 4.412687e+002  7.320477e-005
 4.418875e+002  7.052390e-005
 4.425062e+002  8.318717e-005
 4.431250e+002  7.204039e-005
 4.437437e+002  6.888718e-005
 4.443625e+002  7.022361e-005
 4.449812e+002  6.472267e-005
 4.456000e+002  5.807955e-005
 4.462187e+002  6.765857e-005
 4.468375e+002  6.584310e-005
 4.474562e+002  6.260337e-005
 4.480750e+002  5.869302e-005
 4.486937e+002  6.413400e-005
 4.493125e+002  7.482681e-005
 4.499312e+002  8.849381e-005
 4.505500e+002  8.043488e-005
 4.511687e+002  6.046040e-005
 4.517875e+002  5.696781e-005
 4.524062e+002  5.563762e-005
 4.530250e+002  6.657964e-005
 4.536437e+002  8.318410e-005
 4.542625e+002  8.598655e-005
 4.548812e+002  7.068101e-005
 4.555000e+002  6.364829e-005
 4.561187e+002  7.267482e-005
 4.567375e+002  7.015155e-005
 4.573562e+002  6.068465e-005
 4.579750e+002  5.988279e-005
 4.585937e+002  6.166006e-005
 4.592125e+002  5.886598e-005
 4.598312e+002  6.110411e-005
 4.604500e+002  6.023471e-005
 4.610687e+002  6.465486e-005
 4.616875e+002  6.209356e-005
 4.623062e+002  7.181299e-005
 4.629250e+002  6.757298e-005
 4.635437e+002  6.818360e-005
 4.641625e+002  6.494763e-005
 4.647812e+002  7.196961e-005
 4.654000e+002  6.911050e-005
 4.660187e+002  5.235272e-005
 4.666375e+002  5.543408e-005
 4.672562e+002  6.538154e-005
 4.678750e+002  6.336059e-005
 4.684937e+002  6.558939e-005
 4.691125e+002  7.675553e-005
 4.697312e+002  6.276394e-005
 4.703500e+002  6.365849e-005
 4.709687e+002  7.748726e-005
 4.715875e+002  7.942766e-005
 4.722062e+002  8.369652e-005
 4.728250e+002  6.927205e-005
 4.734437e+002  7.472486e-005
 4.740625e+002  7.916286e-005
 4.746812e+002  6.199067e-005
 4.753000e+002  4.857527e-005
 4.759187e+002  7.126017e-005
 4.765375e+002  7.639881e-005
 4.771562e+002  6.854955e-005
 4.777750e+002  5.753775e-005
 4.783937e+002  6.197215e-005
 4.790125e+002  6.248675e-005
 4.796312e+002  6.466242e-005
 4.802500e+002  7.240514e-005
 4.808687e+002  6.209131e-005
 4.814875e+002  8.435349e-005
 4.821062e+002  7.646309e-005
 4.827250e+002  6.873885e-005
 4.833437e+002  6.888080e-005
 4.839625e+002  6.740958e-005
 4.845812e+002  6.370874e-005
 4.852000e+002  5.792912e-005
 4.858187e+002  7.133071e-005
 4.864375e+002  5.767389e-005
 4.870562e+002  7.353903e-005
 4.876750e+002  8.650070e-005
 4.882937e+002  7.871240e-005
 4.889125e+002  7.106081e-005
 4.895312e+002  7.136280e-005
 4.901500e+002  8.379438e-005
 4.907687e+002  8.167501e-005
 4.913875e+002  7.655613e-005
 4.920062e+002  7.292745e-005
 4.926250e+002  7.191725e-005
 4.932437e+002  6.176070e-005
 4.938625e+002  6.754843e-005
 4.944812e+002  7.563332e-005
 4.951000e+002  7.308992e-005
 4.957187e+002  7.667756e-005
 4.963375e+002  6.747334e-005
 4.969562e+002  6.765057e-005
 4.975750e+002  7.155471e-005
 4.981937e+002  6.529553e-005
 4.988125e+002  6.991313e-005
 4.994312e+002  7.986321e-005
 5.000500e+002  9.159980e-005
 5.006687e+002  7.576016e-005
 5.012875e+002  7.037925e-005
 5.019062e+002  8.383875e-005
 5.025250e+002  8.192956e-005
 5.031437e+002  7.699486e-005
 5.037625e+002  6.820778e-005
 5.043812e+002  6.468643e-005
 5.050000e+002  5.926206e-005
 5.056187e+002  5.065580e-005
 5.062375e+002  6.785726e-005
 5.068562e+002  6.898723e-005
 5.074750e+002  6.143733e-005
 5.080937e+002  6.389256e-005
 5.087125e+002  6.408279e-005
 5.093312e+002  6.245071e-005
 5.099500e+002  6.056656e-005
 5.105687e+002  5.843026e-005
 5.111875e+002  6.390031e-005
 5.118062e+002  6.191120e-005
 5.124250e+002  5.717657e-005
 5.130437e+002  5.194518e-005
 5.136625e+002  7.599846e-005
 5.142812e+002  7.217428e-005
 5.149000e+002  6.020161e-005
 5.155187e+002  7.090973e-005
 5.161375e+002  6.552215e-005
 5.167562e+002  6.493685e-005
 5.173750e+002  6.051747e-005
 5.179937e+002  6.543902e-005
 5.186125e+002  6.206508e-005
 5.192312e+002  6.821980e-005
 5.198500e+002  5.528299e-005
 5.204687e+002  6.617153e-005
 5.210875e+002  6.867143e-005
 5.217062e+002  7.186277e-005
 5.223250e+002  5.670332e-005
 5.229437e+002  5.900990e-005
 5.235625e+002  7.000803e-005
 5.241812e+002  7.704499e-005
 5.248000e+002  6.256345e-005
 5.254187e+002  6.108810e-005
 5.260375e+002  6.961845e-005
 5.266562e+002  4.825156e-005
 5.272750e+002  6.624649e-005
 5.278937e+002  7.245499e-005
 5.285125e+002  7.621113e-005
 5.291312e+002  7.626631e-005
 5.297500e+002  7.062425e-005
 5.303687e+002  6.386564e-005
 5.309875e+002  6.628322e-005
 5.316062e+002  7.810828e-005
 5.322250e+002  6.178395e-005
 5.328437e+002  7.200249e-005
 5.334625e+002  6.208096e-005
 5.340812e+002  5.255907e-005
 5.347000e+002  5.111741e-005
 5.353187e+002  5.656970e-005
 5.359375e+002  5.636723e-005
 5.365562e+002  6.340257e-005
 5.371750e+002  8.132229e-005
 5.377937e+002  7.838688e-005
 5.384125e+002  7.465630e-005
 5.390312e+002  7.541306e-005
 5.396500e+002  6.575980e-005
 5.402687e+002  6.608269e-005
 5.408875e+002  7.011475e-005
 5.415062e+002  7.118220e-005
 5.421250e+002  6.997980e-005
 5.427437e+002  8.105563e-005
 5.433625e+002  7.100170e-005
 5.439812e+002  5.575331e-005
 5.446000e+002  5.247332e-005
 5.452187e+002  6.112081e-005
 5.458375e+002  8.256572e-005
 5.464562e+002  7.603022e-005
 5.470750e+002  8.063357e-005
 5.476937e+002  8.170316e-005
 5.483125e+002  6.100187e-005
 5.489312e+002  5.633534e-005
 5.495500e+002  7.312364e-005
 5.501687e+002  8.482066e-005
 5.507875e+002  7.462978e-005
 5.514062e+002  5.366817e-005
 5.520250e+002  6.336543e-005
 5.526437e+002  7.339430e-005
 5.532625e+002  7.853690e-005
 5.538812e+002  7.283397e-005
 5.545000e+002  6.518532e-005
 5.551187e+002  6.110376e-005
 5.557375e+002  5.098755e-005
 5.563562e+002  5.119765e-005
 5.569750e+002  5.546122e-005
 5.575937e+002  7.260424e-005
 5.582125e+002  6.671987e-005
 5.588312e+002  6.794499e-005
 5.594500e+002  6.124686e-005
 5.600687e+002  6.319493e-005
 5.606875e+002  7.259444e-005
 5.613062e+002  6.367470e-005
 5.619250e+002  7.485856e-005
 5.625437e+002  6.608960e-005
 5.631625e+002  6.296799e-005
 5.637812e+002  7.050922e-005
 5.644000e+002  7.652768e-005
 5.650187e+002  6.547143e-005
 5.656375e+002  6.458920e-005
 5.662562e+002  7.906458e-005
 5.668750e+002  7.836522e-005
 5.674937e+002  7.279082e-005
 5.681125e+002  7.237145e-005
 5.687312e+002  6.256787e-005
 5.693500e+002  6.735597e-005
 5.699687e+002  7.392041e-005
 5.705875e+002  7.141309e-005
 5.712062e+002  6.993049e-005
 5.718250e+002  6.084578e-005
 5.724437e+002  7.096214e-005
 5.730625e+002  7.038527e-005
 5.736812e+002  7.228064e-005
 5.743000e+002  8.565455e-005
 5.749187e+002  7.308713e-005
 5.755375e+002  7.047241e-005
 5.761562e+002  8.238483e-005
 5.767750e+002  7.703922e-005
 5.773937e+002  6.987015e-005
 5.780125e+002  6.103124e-005
 5.786312e+002  6.490139e-005
 5.792500e+002  7.737301e-005
 5.798687e+002  6.308166e-005
 5.804875e+002  5.330964e-005
 5.811062e+002  5.415367e-005
 5.817250e+002  6.377032e-005
 5.823437e+002  6.758952e-005
 5.829625e+002  7.228316e-005
 5.835812e+002  7.861282e-005
 5.842000e+002  8.272818e-005
 5.848187e+002  8.349222e-005
 5.854375e+002  7.277908e-005
 5.860562e+002  6.739780e-005
 5.866750e+002  6.629920e-005
 5.872937e+002  6.972468e-005
 5.879125e+002  6.017988e-005
 5.885312e+002  7.211353e-005
 5.891500e+002  8.508936e-005
 5.897687e+002  7.437527e-005
 5.903875e+002  6.348853e-005
 5.910062e+002  6.230439e-005
 5.916250e+002  6.780479e-005
 5.922437e+002  6.277561e-005
 5.928625e+002  6.635212e-005
 5.934812e+002  6.155069e-005
 5.941000e+002  7.372547e-005
 5.947187e+002  7.992062e-005
 5.953375e+002  7.913851e-005
 5.959562e+002  6.910783e-005
 5.965750e+002  5.589389e-005
 5.971937e+002  5.513243e-005
 5.978125e+002  6.077865e-005
 5.984312e+002  7.570304e-005
 5.990500e+002  6.885855e-005
 5.996687e+002  8.151214e-005
 6.002875e+002  9.211376e-005
 6.009062e+002  8.148987e-005
 6.015250e+002  7.249990e-005
 6.021437e+002  5.369359e-005
 6.027625e+002  6.816927e-005
 6.033812e+002  8.540137e-005
 6.040000e+002  7.679955e-005
 6.046187e+002  7.028568e-005
 6.052375e+002  6.980758e-005
 6.058562e+002  6.354608e-005
 6.064750e+002  6.459117e-005
 6.070937e+002  5.856062e-005
 6.077125e+002  6.062389e-005
 6.083312e+002  6.252647e-005
 6.089500e+002  5.160997e-005
 6.095687e+002  5.825564e-005
 6.101875e+002  6.960617e-005
 6.108062e+002  5.052200e-005
 6.114250e+002  6.212915e-005
 6.120437e+002  7.065001e-005
 6.126625e+002  7.192489e-005
 6.132812e+002  5.981045e-005
 6.139000e+002  6.585909e-005
 6.145187e+002  6.612443e-005
 6.151375e+002  6.761272e-005
 6.157562e+002  6.991008e-005
 6.163750e+002  7.185534e-005
 6.169937e+002  6.785425e-005
 6.176125e+002  5.051415e-005
 6.182312e+002  5.935459e-005
 6.188500e+002  6.938661e-005
 6.194687e+002  7.130420e-005
 6.200875e+002  5.738658e-005
 6.207062e+002  5.662802e-005
 6.213250e+002  6.523711e-005
 6.219437e+002  7.859358e-005
 6.225625e+002  7.967089e-005
 6.231812e+002  7.386753e-005
 6.238000e+002  6.764166e-005
 6.244187e+002  7.288169e-005
 6.250375e+002  7.005341e-005
 6.256562e+002  6.744594e-005
 6.262750e+002  5.916769e-005
 6.268937e+002  6.865630e-005
 6.275125e+002  7.215723e-005
 6.281312e+002  6.665238e-005
 6.287500e+002  7.368815e-005
 6.293687e+002  7.848024e-005
 6.299875e+002  6.704229e-005
 6.306062e+002  6.331001e-005
 6.312250e+002  5.362515e-005
 6.318437e+002  5.409824e-005
 6.324625e+002  7.240509e-005
 6.330812e+002  7.421008e-005
 6.337000e+002  7.164109e-005
 6.343187e+002  8.172908e-005
 6.349375e+002  8.230432e-005
 6.355562e+002  5.923397e-005
 6.361750e+002  5.771200e-005
 6.367937e+002  7.473287e-005
 6.374125e+002  6.534354e-005
 6.380312e+002  6.723727e-005
 6.386500e+002  7.100728e-005
 6.392687e+002  5.593834e-005
 6.398875e+002  5.529718e-005
 6.405062e+002  6.986784e-005
 6.411250e+002  6.590905e-005
 6.417437e+002  5.535610e-005
 6.423625e+002  7.005177e-005
 6.429812e+002  6.199216e-005
 6.436000e+002  6.374302e-005
 6.442187e+002  6.136425e-005
 6.448375e+002  6.584268e-005
 6.454562e+002  6.640199e-005
 6.460750e+002  6.716359e-005
 6.466937e+002  5.384827e-005
 6.473125e+002  5.399815e-005
 6.479312e+002  6.893157e-005
 6.485500e+002  7.378248e-005
 6.491687e+002  6.910759e-005
 6.497875e+002  8.879296e-005
 6.504062e+002  9.757854e-005
 6.510250e+002  7.439798e-005
 6.516437e+002  7.049892e-005
 6.522625e+002  8.141110e-005
 6.528812e+002  7.331786e-005
 6.535000e+002  7.221324e-005
 6.541187e+002  7.756035e-005
 6.547375e+002  7.093885e-005
 6.553562e+002  7.155728e-005
 6.559750e+002  7.889726e-005
 6.565937e+002  6.703768e-005
 6.572125e+002  5.891150e-005
 6.578312e+002  7.488328e-005
 6.584500e+002  7.671479e-005
 6.590687e+002  6.330323e-005
 6.596875e+002  6.527278e-005
 6.603062e+002  7.267349e-005
 6.609250e+002  5.607489e-005
 6.615437e+002  5.397177e-005
 6.621625e+002  7.806782e-005
 6.627812e+002  8.427677e-005
 6.634000e+002  7.978020e-005
 6.640187e+002  7.704271e-005
 6.646375e+002  7.821179e-005
 6.652562e+002  7.544874e-005
 6.658750e+002  7.585391e-005
 6.664937e+002  6.959307e-005
 6.671125e+002  5.739341e-005
 6.677312e+002  6.627431e-005
 6.683500e+002  8.157679e-005
 6.689687e+002  8.394752e-005
 6.695875e+002  7.386188e-005
 6.702062e+002  7.451182e-005
 6.708250e+002  7.676625e-005
 6.714437e+002  5.722130e-005
 6.720625e+002  5.810719e-005
 6.726812e+002  6.592218e-005
 6.733000e+002  6.228459e-005
 6.739187e+002  7.158810e-005
 6.745375e+002  6.758268e-005
 6.751562e+002  5.583202e-005
 6.757750e+002  6.492597e-005
 6.763937e+002  7.337258e-005
 6.770125e+002  6.879978e-005
 6.776312e+002  6.948601e-005
 6.782500e+002  6.884117e-005
 6.788687e+002  5.297905e-005
 6.794875e+002  5.629552e-005
 6.801062e+002  6.981849e-005
 6.807250e+002  7.161841e-005
 6.813437e+002  6.256433e-005
 6.819625e+002  6.310081e-005
 6.825812e+002  5.508766e-005
 6.832000e+002  6.273676e-005
 6.838187e+002  6.704709e-005
 6.844375e+002  6.670771e-005
 6.850562e+002  6.927654e-005
 6.856750e+002  6.446503e-005
 6.862937e+002  6.706264e-005
 6.869125e+002  6.832980e-005
 6.875312e+002  6.623538e-005
 6.881500e+002  6.650435e-005
 6.887687e+002  6.629976e-005
 6.893875e+002  5.152114e-005
 6.900062e+002  6.069676e-005
 6.906250e+002  7.233732e-005
 6.912437e+002  5.804608e-005
 6.918625e+002  6.819488e-005
 6.924812e+002  7.225962e-005
 6.931000e+002  6.474967e-005
 6.937187e+002  6.168000e-005
 6.943375e+002  5.816916e-005
 6.949562e+002  5.282477e-005
 6.955750e+002  5.532729e-005
 6.961937e+002  7.836247e-005
 6.968125e+002  7.925777e-005
 6.974312e+002  5.542457e-005
 6.980500e+002  5.268560e-005
 6.986687e+002  5.832689e-005
 6.992875e+002  6.087543e-005
 6.999062e+002  5.661156e-005
 7.005250e+002  6.681497e-005
 7.011437e+002  6.565726e-005
 7.017625e+002  5.930301e-005
 7.023812e+002  6.628290e-005
 7.030000e+002  7.262693e-005
 7.036187e+002  7.300834e-005
 7.042375e+002  7.244715e-005
 7.048562e+002  6.347281e-005
 7.054750e+002  6.619087e-005
 7.060937e+002  7.060621e-005
 7.067125e+002  7.241232e-005
 7.073312e+002  6.618779e-005
 7.079500e+002  6.788387e-005
 7.085687e+002  6.983741e-005
 7.091875e+002  5.613838e-005
 7.098062e+002  5.730269e-005
 7.104250e+002  5.791648e-005
 7.110437e+002  6.943792e-005
 7.116625e+002  7.292099e-005
 7.122812e+002  6.923919e-005
 7.129000e+002  6.342808e-005
 7.135187e+002  6.345245e-005
 7.141375e+002  7.355167e-005
 7.147562e+002  6.497428e-005
 7.153750e+002  5.764447e-005
 7.159937e+002  6.609918e-005
 7.166125e+002  7.278858e-005
 7.172312e+002  7.058196e-005
 7.178500e+002  6.174279e-005
 7.184687e+002  6.806988e-005
 7.190875e+002  8.010445e-005
 7.197062e+002  8.372123e-005
 7.203250e+002  7.268379e-005
 7.209437e+002  7.014120e-005
 7.215625e+002  5.819977e-005
 7.221812e+002  5.390107e-005
 7.228000e+002  5.465432e-005
 7.234187e+002  6.034720e-005
 7.240375e+002  5.673517e-005
 7.246562e+002  6.192009e-005
 7.252750e+002  6.482209e-005
 7.258937e+002  6.614897e-005
 7.265125e+002  6.369536e-005
 7.271312e+002  4.426903e-005
 7.277500e+002  5.498087e-005
 7.283687e+002  6.202593e-005
 7.289875e+002  6.499992e-005
 7.296062e+002  5.410083e-005
 7.302250e+002  5.097844e-005
 7.308437e+002  6.272347e-005
 7.314625e+002  6.684009e-005
 7.320812e+002  6.561000e-005
 7.327000e+002  6.189637e-005
 7.333187e+002  6.768444e-005
 7.339375e+002  7.398119e-005
 7.345562e+002  4.959357e-005
 7.351750e+002  5.316247e-005
 7.357937e+002  6.076244e-005
 7.364125e+002  6.903608e-005
 7.370312e+002  6.168124e-005
 7.376500e+002  6.734825e-005
 7.382687e+002  7.382609e-005
 7.388875e+002  5.865536e-005
 7.395062e+002  7.269816e-005
 7.401250e+002  7.466392e-005
 7.407437e+002  6.396598e-005
 7.413625e+002  6.443693e-005
 7.419812e+002  6.833951e-005
 7.426000e+002  6.042341e-005
 7.432187e+002  6.894007e-005
 7.438375e+002  6.941789e-005
 7.444562e+002  6.236684e-005
 7.450750e+002  7.174423e-005
 7.456937e+002  7.398047e-005
 7.463125e+002  6.266667e-005
 7.469312e+002  4.601292e-005
 7.475500e+002  7.003944e-005
 7.481687e+002  6.940802e-005
 7.487875e+002  5.149481e-005
 7.494062e+002  5.489809e-005
 7.500250e+002  8.320545e-005
 7.506437e+002  9.410651e-005
 7.512625e+002  5.855543e-005
 7.518812e+002  5.847599e-005
 7.525000e+002  6.925063e-005
 7.531187e+002  7.414366e-005
 7.537375e+002  6.685297e-005
 7.543562e+002  5.616623e-005
 7.549750e+002  6.165517e-005
 7.555937e+002  6.576945e-005
 7.562125e+002  6.454064e-005
 7.568312e+002  5.552570e-005
 7.574500e+002  6.054359e-005
 7.580687e+002  6.598975e-005
 7.586875e+002  7.218874e-005
 7.593062e+002  7.177071e-005
 7.599250e+002  5.675087e-005
 7.605437e+002  7.432524e-005
 7.611625e+002  8.356486e-005
 7.617812e+002  7.187750e-005
 7.624000e+002  6.213754e-005
 7.630187e+002  6.530302e-005
 7.636375e+002  6.937677e-005
 7.642562e+002  7.157569e-005
 7.648750e+002  6.761467e-005
 7.654937e+002  5.804197e-005
 7.661125e+002  8.101023e-005
 7.667312e+002  6.791672e-005
 7.673500e+002  6.465396e-005
 7.679687e+002  6.545654e-005
 7.685875e+002  4.807673e-005
 7.692062e+002  5.817175e-005
 7.698250e+002  6.998462e-005
 7.704437e+002  7.419745e-005
 7.710625e+002  5.734550e-005
 7.716812e+002  4.286866e-005
 7.723000e+002  5.353627e-005
 7.729187e+002  6.839962e-005
 7.735375e+002  7.341333e-005
 7.741562e+002  6.073962e-005
 7.747750e+002  6.725104e-005
 7.753937e+002  7.378339e-005
 7.760125e+002  7.026066e-005
 7.766312e+002  6.745099e-005
 7.772500e+002  5.676462e-005
 7.778687e+002  5.973075e-005
 7.784875e+002  5.438233e-005
 7.791062e+002  7.235805e-005
 7.797250e+002  7.026887e-005
 7.803437e+002  6.053208e-005
 7.809625e+002  7.331638e-005
 7.815812e+002  8.114389e-005
 7.822000e+002  6.359259e-005
 7.828187e+002  6.375224e-005
 7.834375e+002  6.141316e-005
 7.840562e+002  5.767538e-005
 7.846750e+002  5.236189e-005
 7.852937e+002  4.815322e-005
 7.859125e+002  5.759927e-005
 7.865312e+002  7.119169e-005
 7.871500e+002  5.237532e-005
 7.877687e+002  5.960973e-005
 7.883875e+002  6.897637e-005
 7.890062e+002  5.680656e-005
 7.896250e+002  7.565261e-005
 7.902437e+002  7.604248e-005
 7.908625e+002  6.638921e-005
 7.914812e+002  8.142511e-005
 7.921000e+002  7.606736e-005
 7.927187e+002  5.573536e-005
 7.933375e+002  5.969071e-005
 7.939562e+002  6.757489e-005
 7.945750e+002  6.421724e-005
 7.951937e+002  6.446388e-005
 7.958125e+002  6.261564e-005
 7.964312e+002  6.080082e-005
 7.970500e+002  6.562307e-005
 7.976687e+002  7.343383e-005
 7.982875e+002  6.273768e-005
 7.989062e+002  5.943333e-005
 7.995250e+002  6.189915e-005
 8.001437e+002  5.571530e-005
 8.007625e+002  5.926269e-005
 8.013812e+002  7.608043e-005
 8.020000e+002  7.398632e-005
 8.026187e+002  5.992631e-005
 8.032375e+002  6.119157e-005
 8.038562e+002  5.732185e-005
 8.044750e+002  6.958022e-005
 8.050937e+002  7.796607e-005
 8.057125e+002  7.814673e-005
 8.063312e+002  7.658283e-005
 8.069500e+002  7.625905e-005
 8.075687e+002  6.697968e-005
 8.081875e+002  5.726242e-005
 8.088062e+002  5.559405e-005
 8.094250e+002  4.590053e-005
 8.100437e+002  5.687374e-005
 8.106625e+002  7.708642e-005
 8.112812e+002  6.035784e-005
 8.119000e+002  5.442233e-005
 8.125187e+002  5.506502e-005
 8.131375e+002  5.500011e-005
 8.137562e+002  5.840746e-005
 8.143750e+002  6.741519e-005
 8.149937e+002  6.878578e-005
 8.156125e+002  7.054927e-005
 8.162312e+002  5.415639e-005
 8.168500e+002  6.279938e-005
 8.174687e+002  8.225415e-005
 8.180875e+002  5.831798e-005
 8.187062e+002  5.376189e-005
 8.193250e+002  6.024254e-005
 8.199437e+002  5.379493e-005
 8.205625e+002  5.851635e-005
 8.211812e+002  6.055552e-005
 8.218000e+002  6.904819e-005
 8.224187e+002  6.723159e-005
 8.230375e+002  6.949166e-005
 8.236562e+002  6.252813e-005
 8.242750e+002  6.040526e-005
 8.248937e+002  7.058938e-005
 8.255125e+002  7.407639e-005
 8.261312e+002  6.238131e-005
 8.267500e+002  7.516915e-005
 8.273687e+002  7.498462e-005
 8.279875e+002  6.500729e-005
 8.286062e+002  8.309684e-005
 8.292250e+002  8.643035e-005
 8.298437e+002  7.736211e-005
 8.304625e+002  6.860206e-005
 8.310812e+002  7.748924e-005
 8.317000e+002  7.253606e-005
 8.323187e+002  5.371834e-005
 8.329375e+002  5.344174e-005
 8.335562e+002  5.595200e-005
 8.341750e+002  6.174854e-005
 8.347937e+002  5.953655e-005
 8.354125e+002  7.608346e-005
 8.360312e+002  7.349810e-005
 8.366500e+002  5.724285e-005
 8.372687e+002  6.625044e-005
 8.378875e+002  6.010383e-005
 8.385062e+002  6.041145e-005
 8.391250e+002  5.846325e-005
 8.397437e+002  6.333391e-005
 8.403625e+002  7.396528e-005
 8.409812e+002  7.982044e-005
 8.416000e+002  7.948793e-005
 8.422187e+002  6.973365e-005
 8.428375e+002  7.932621e-005
 8.434562e+002  7.657223e-005
 8.440750e+002  7.630541e-005
 8.446937e+002  7.049853e-005
 8.453125e+002  8.311901e-005
 8.459312e+002  7.565601e-005
 8.465500e+002  6.094074e-005
 8.471687e+002  6.540977e-005
 8.477875e+002  6.980785e-005
 8.484062e+002  6.031881e-005
 8.490250e+002  5.446700e-005
 8.496437e+002  7.637902e-005
 8.502625e+002  1.040565e-004
 8.508812e+002  8.217724e-005
 8.515000e+002  6.227857e-005
 8.521187e+002  5.712265e-005
 8.527375e+002  7.214691e-005
 8.533562e+002  7.346256e-005
 8.539750e+002  6.797421e-005
 8.545937e+002  8.250483e-005
 8.552125e+002  6.815579e-005
 8.558312e+002  6.633867e-005
 8.564500e+002  6.935259e-005
 8.570687e+002  6.445951e-005
 8.576875e+002  6.044271e-005
 8.583062e+002  6.093762e-005
 8.589250e+002  7.000895e-005
 8.595437e+002  7.071964e-005
 8.601625e+002  6.138872e-005
 8.607812e+002  5.989384e-005
 8.614000e+002  6.090535e-005
 8.620187e+002  5.771644e-005
 8.626375e+002  6.183550e-005
 8.632562e+002  7.716205e-005
 8.638750e+002  6.420791e-005
 8.644937e+002  5.773559e-005
 8.651125e+002  5.583476e-005
 8.657312e+002  6.489166e-005
 8.663500e+002  6.023764e-005
 8.669687e+002  6.300891e-005
 8.675875e+002  6.212251e-005
 8.682062e+002  6.832281e-005
 8.688250e+002  7.617649e-005
 8.694437e+002  6.982558e-005
 8.700625e+002  5.689797e-005
 8.706812e+002  6.102409e-005
 8.713000e+002  5.980867e-005
 8.719187e+002  6.957255e-005
 8.725375e+002  8.747807e-005
 8.731562e+002  7.507949e-005
 8.737750e+002  7.241297e-005
 8.743937e+002  7.907464e-005
 8.750125e+002  5.549961e-005
 8.756312e+002  5.268875e-005
 8.762500e+002  6.582725e-005
 8.768687e+002  6.688268e-005
 8.774875e+002  5.953135e-005
 8.781062e+002  4.632742e-005
 8.787250e+002  6.231293e-005
 8.793437e+002  6.801238e-005
 8.799625e+002  8.129014e-005
 8.805812e+002  8.418989e-005
 8.812000e+002  6.784674e-005
 8.818187e+002  5.951253e-005
 8.824375e+002  5.826166e-005
 8.830562e+002  5.991533e-005
 8.836750e+002  7.160870e-005
 8.842937e+002  7.343932e-005
 8.849125e+002  6.584438e-005
 8.855312e+002  7.311438e-005
 8.861500e+002  7.259008e-005
 8.867687e+002  6.600988e-005
 8.873875e+002  8.351627e-005
 8.880062e+002  7.919872e-005
 8.886250e+002  6.938101e-005
 8.892437e+002  6.879399e-005
 8.898625e+002  6.356957e-005
 8.904812e+002  7.510938e-005
 8.911000e+002  7.024806e-005
 8.917187e+002  6.257942e-005
 8.923375e+002  6.329115e-005
 8.929562e+002  6.437471e-005
 8.935750e+002  8.040136e-005
 8.941937e+002  6.558872e-005
 8.948125e+002  5.801793e-005
 8.954312e+002  6.685441e-005
 8.960500e+002  5.372400e-005
 8.966687e+002  5.268845e-005
 8.972875e+002  7.001576e-005
 8.979062e+002  5.902329e-005
 8.985250e+002  5.576280e-005
 8.991437e+002  6.643535e-005
 8.997625e+002  6.749535e-005
 9.003812e+002  7.333235e-005
 9.010000e+002  6.269480e-005
 9.016187e+002  5.761246e-005
 9.022375e+002  6.740023e-005
 9.028562e+002  6.533792e-005
 9.034750e+002  7.113890e-005
 9.040937e+002  7.034914e-005
 9.047125e+002  5.538017e-005
 9.053312e+002  5.885500e-005
 9.059500e+002  7.493030e-005
 9.065687e+002  7.560574e-005
 9.071875e+002  6.854100e-005
 9.078062e+002  7.311772e-005
 9.084250e+002  8.247662e-005
 9.090437e+002  7.015558e-005
 9.096625e+002  7.205657e-005
 9.102812e+002  7.103830e-005
 9.109000e+002  5.990078e-005
 9.115187e+002  6.751744e-005
 9.121375e+002  7.846592e-005
 9.127562e+002  7.773748e-005
 9.133750e+002  8.082907e-005
 9.139937e+002  8.459817e-005
 9.146125e+002  7.752117e-005
 9.152312e+002  8.219523e-005
 9.158500e+002  8.369353e-005
 9.164687e+002  6.766914e-005
 9.170875e+002  6.814418e-005
 9.177062e+002  8.847811e-005
 9.183250e+002  8.396726e-005
 9.189437e+002  7.779749e-005
 9.195625e+002  6.633868e-005
 9.201812e+002  7.050842e-005
 9.208000e+002  6.506977e-005
 9.214187e+002  5.532181e-005
 9.220375e+002  6.668465e-005
 9.226562e+002  7.888394e-005
 9.232750e+002  6.769847e-005
 9.238937e+002  6.035517e-005
 9.245125e+002  5.845510e-005
 9.251312e+002  4.284396e-005
 9.257500e+002  5.264680e-005
 9.263687e+002  6.470468e-005
 9.269875e+002  7.376493e-005
 9.276062e+002  7.408451e-005
 9.282250e+002  6.364544e-005
 9.288437e+002  6.027164e-005
 9.294625e+002  6.673071e-005
 9.300812e+002  8.002969e-005
 9.307000e+002  7.796221e-005
 9.313187e+002  6.624277e-005
 9.319375e+002  7.585803e-005
 9.325562e+002  6.309771e-005
 9.331750e+002  5.083793e-005
 9.337937e+002  5.439744e-005
 9.344125e+002  6.124060e-005
 9.350312e+002  7.433507e-005
 9.356500e+002  6.569798e-005
 9.362687e+002  7.198918e-005
 9.368875e+002  6.499265e-005
 9.375062e+002  6.058200e-005
 9.381250e+002  6.091307e-005
 9.387437e+002  7.156481e-005
 9.393625e+002  5.744326e-005
 9.399812e+002  6.161934e-005
 9.406000e+002  6.929072e-005
 9.412187e+002  5.789867e-005
 9.418375e+002  6.911180e-005
 9.424562e+002  6.662333e-005
 9.430750e+002  6.032433e-005
 9.436937e+002  6.305465e-005
 9.443125e+002  6.556240e-005
 9.449312e+002  5.989242e-005
 9.455500e+002  5.605252e-005
 9.461687e+002  5.155147e-005
 9.467875e+002  5.955032e-005
 9.474062e+002  6.926836e-005
 9.480250e+002  6.441461e-005
 9.486437e+002  6.163500e-005
 9.492625e+002  5.196170e-005
 9.498812e+002  6.582316e-005
 9.505000e+002  7.495726e-005
 9.511187e+002  8.156601e-005
 9.517375e+002  7.788263e-005
 9.523562e+002  7.069240e-005
 9.529750e+002  6.549086e-005
 9.535937e+002  5.958050e-005
 9.542125e+002  6.611783e-005
 9.548312e+002  6.418945e-005
 9.554500e+002  7.264563e-005
 9.560687e+002  7.060988e-005
 9.566875e+002  6.598642e-005
 9.573062e+002  5.445107e-005
 9.579250e+002  4.460487e-005
 9.585437e+002  6.804275e-005
 9.591625e+002  7.494338e-005
 9.597812e+002  7.378923e-005
 9.604000e+002  8.560296e-005
 9.610187e+002  7.520726e-005
 9.616375e+002  5.661412e-005
 9.622562e+002  6.659189e-005
 9.628750e+002  6.888306e-005
 9.634937e+002  6.564139e-005
 9.641125e+002  5.745380e-005
 9.647312e+002  8.268989e-005
 9.653500e+002  7.836863e-005
 9.659687e+002  5.624741e-005
 9.665875e+002  5.828959e-005
 9.672062e+002  6.458120e-005
 9.678250e+002  7.775448e-005
 9.684437e+002  5.708217e-005
 9.690625e+002  6.610843e-005
 9.696812e+002  7.561177e-005
 9.703000e+002  6.492093e-005
 9.709187e+002  5.928377e-005
 9.715375e+002  7.573347e-005
 9.721562e+002  6.084241e-005
 9.727750e+002  5.680972e-005
 9.733937e+002  6.194391e-005
 9.740125e+002  7.137439e-005
 9.746312e+002  5.705133e-005
 9.752500e+002  6.313638e-005
 9.758687e+002  6.935190e-005
 9.764875e+002  5.673913e-005
 9.771062e+002  6.124256e-005
 9.777250e+002  6.830512e-005
 9.783437e+002  7.429702e-005
 9.789625e+002  6.495987e-005
 9.795812e+002  6.393606e-005
 9.802000e+002  6.645408e-005
 9.808187e+002  6.738652e-005
 9.814375e+002  6.896770e-005
 9.820562e+002  5.380080e-005
 9.826750e+002  5.680083e-005
 9.832937e+002  5.568506e-005
 9.839125e+002  8.317872e-005
 9.845312e+002  7.741915e-005
 9.851500e+002  6.052972e-005
 9.857687e+002  6.873866e-005
 9.863875e+002  6.370725e-005
 9.870062e+002  6.713144e-005
 9.876250e+002  5.131217e-005
 9.882437e+002  5.974768e-005
 9.888625e+002  6.720847e-005
 9.894812e+002  6.961178e-005
 9.901000e+002  7.010791e-005
 9.907187e+002  8.684787e-005
 9.913375e+002  6.813190e-005
 9.919562e+002  5.220252e-005
 9.925750e+002  6.386617e-005
 9.931937e+002  6.381501e-005
 9.938125e+002  7.433153e-005
 9.944312e+002  7.233117e-005
 9.950500e+002  6.938661e-005
 9.956687e+002  6.011676e-005
 9.962875e+002  6.941944e-005
 9.969062e+002  8.017511e-005
 9.975250e+002  6.867122e-005
 9.981437e+002  6.452352e-005
 9.987625e+002  6.333280e-005
 9.993812e+002  5.463171e-005
 1.000000e+003  6.019662e-005
