 1.000000e+000  7.533412e-004
 1.247500e+000  5.806663e-004
 1.495000e+000  4.575518e-004
 1.742500e+000  4.512142e-004
 1.990000e+000  3.032853e-004
 2.237500e+000  2.960636e-004
 2.485000e+000  2.705172e-004
 2.732500e+000  3.265262e-004
 2.980000e+000  3.093237e-004
 3.227500e+000  2.004694e-004
 3.475000e+000  2.099634e-004
 3.722500e+000  1.796560e-004
 3.970000e+000  1.614568e-004
 4.217500e+000  1.902971e-004
 4.465000e+000  1.285660e-004
 4.712500e+000  1.287276e-004
 4.960000e+000  1.933597e-004
 5.207500e+000  2.486447e-004
 5.455000e+000  2.829662e-004
 5.702500e+000  1.818393e-004
 5.950000e+000  1.659340e-004
 6.197500e+000  1.558010e-004
 6.445000e+000  1.434758e-004
 6.692500e+000  1.890813e-004
 6.940000e+000  2.049722e-004
 7.187500e+000  1.713789e-004
 7.435000e+000  1.629403e-004
 7.682500e+000  1.869241e-004
 7.930000e+000  1.772964e-004
 8.177500e+000  1.071686e-004
 8.425000e+000  1.182648e-004
 8.672500e+000  1.392469e-004
 8.920000e+000  9.839963e-005
 9.167500e+000  1.084412e-004
 9.415000e+000  1.680437e-004
 9.662500e+000  1.538989e-004
 9.910000e+000  8.880313e-005
 1.015750e+001  7.544581e-005
 1.040500e+001  8.266871e-005
 1.065250e+001  1.737881e-004
 1.090000e+001  1.635849e-004
 1.114750e+001  1.293208e-004
 1.139500e+001  1.005753e-004
 1.164250e+001  8.748548e-005
 1.189000e+001  1.012963e-004
 1.213750e+001  1.227172e-004
 1.238500e+001  1.444264e-004
 1.263250e+001  1.240142e-004
 1.288000e+001  8.889215e-005
 1.312750e+001  1.057898e-004
 1.337500e+001  1.192656e-004
 1.362250e+001  1.252996e-004
 1.387000e+001  1.031088e-004
 1.411750e+001  1.095498e-004
 1.436500e+001  8.388544e-005
 1.461250e+001  9.130976e-005
 1.486000e+001  8.759574e-005
 1.510750e+001  9.814985e-005
 1.535500e+001  8.613662e-005
 1.560250e+001  9.979008e-005
 1.585000e+001  9.951066e-005
 1.609750e+001  9.510831e-005
 1.634500e+001  9.622845e-005
 1.659250e+001  1.079719e-004
 1.684000e+001  8.719176e-005
 1.708750e+001  8.761280e-005
 1.733500e+001  1.098962e-004
 1.758250e+001  9.534521e-005
 1.783000e+001  1.179190e-004
 1.807750e+001  1.174318e-004
 1.832500e+001  1.420179e-004
 1.857250e+001  1.253252e-004
 1.882000e+001  1.126033e-004
 1.906750e+001  1.056827e-004
 1.931500e+001  9.024935e-005
 1.956250e+001  9.339966e-005
 1.981000e+001  7.333910e-005
 2.005750e+001  9.886229e-005
 2.030500e+001  1.124429e-004
 2.055250e+001  1.148744e-004
 2.080000e+001  1.129311e-004
 2.104750e+001  8.181817e-005
 2.129500e+001  8.408611e-005
 2.154250e+001  1.045712e-004
 2.179000e+001  1.184472e-004
 2.203750e+001  1.381695e-004
 2.228500e+001  1.192566e-004
 2.253250e+001  9.904703e-005
 2.278000e+001  6.679088e-005
 2.302750e+001  5.407696e-005
 2.327500e+001  7.825488e-005
 2.352250e+001  8.971416e-005
 2.377000e+001  7.934585e-005
 2.401750e+001  8.293727e-005
 2.426500e+001  8.838110e-005
 2.451250e+001  1.042257e-004
 2.476000e+001  1.175768e-004
 2.500750e+001  7.133307e-005
 2.525500e+001  5.625367e-005
 2.550250e+001  6.941879e-005
 2.575000e+001  6.297555e-005
 2.599750e+001  6.219157e-005
 2.624500e+001  8.071913e-005
 2.649250e+001  1.015577e-004
 2.674000e+001  8.657433e-005
 2.698750e+001  6.111276e-005
 2.723500e+001  9.275495e-005
 2.748250e+001  8.275640e-005
 2.773000e+001  1.166119e-004
 2.797750e+001  1.011625e-004
 2.822500e+001  1.196504e-004
 2.847250e+001  1.127599e-004
 2.872000e+001  1.197086e-004
 2.896750e+001  9.941290e-005
 2.921500e+001  8.784523e-005
 2.946250e+001  9.371342e-005
 2.971000e+001  9.894823e-005
 2.995750e+001  1.005729e-004
 3.020500e+001  6.506594e-005
 3.045250e+001  7.705999e-005
 3.070000e+001  7.218704e-005
 3.094750e+001  7.465474e-005
 3.119500e+001  7.603737e-005
 3.144250e+001  6.214359e-005
 3.169000e+001  8.422871e-005
 3.193750e+001  7.936792e-005
 3.218500e+001  8.189034e-005
 3.243250e+001  7.477739e-005
 3.268000e+001  1.094705e-004
 3.292750e+001  1.006730e-004
 3.317500e+001  8.691118e-005
 3.342250e+001  9.151454e-005
 3.367000e+001  1.113251e-004
 3.391750e+001  8.940272e-005
 3.416500e+001  6.554572e-005
 3.441250e+001  9.880737e-005
 3.466000e+001  1.046434e-004
 3.490750e+001  8.029361e-005
 3.515500e+001  8.032685e-005
 3.540250e+001  8.664125e-005
 3.565000e+001  7.848288e-005
 3.589750e+001  7.329073e-005
 3.614500e+001  1.030809e-004
 3.639250e+001  6.784809e-005
 3.664000e+001  5.884940e-005
 3.688750e+001  5.972941e-005
 3.713500e+001  7.243352e-005
 3.738250e+001  1.001783e-004
 3.763000e+001  9.493023e-005
 3.787750e+001  4.933829e-005
 3.812500e+001  7.474099e-005
 3.837250e+001  7.430576e-005
 3.862000e+001  1.040771e-004
 3.886750e+001  1.088061e-004
 3.911500e+001  8.535997e-005
 3.936250e+001  8.292535e-005
 3.961000e+001  8.197683e-005
 3.985750e+001  9.211404e-005
 4.010500e+001  9.499210e-005
 4.035250e+001  9.544499e-005
 4.060000e+001  1.299817e-004
 4.084750e+001  9.728348e-005
 4.109500e+001  8.127356e-005
 4.134250e+001  6.778266e-005
 4.159000e+001  7.152691e-005
 4.183750e+001  8.785589e-005
 4.208500e+001  7.363073e-005
 4.233250e+001  6.389430e-005
 4.258000e+001  8.119163e-005
 4.282750e+001  9.878138e-005
 4.307500e+001  8.982396e-005
 4.332250e+001  6.096232e-005
 4.357000e+001  7.456607e-005
 4.381750e+001  7.775753e-005
 4.406500e+001  8.023019e-005
 4.431250e+001  7.718131e-005
 4.456000e+001  7.471471e-005
 4.480750e+001  6.833345e-005
 4.505500e+001  8.625954e-005
 4.530250e+001  7.929360e-005
 4.555000e+001  5.719993e-005
 4.579750e+001  5.907323e-005
 4.604500e+001  7.875298e-005
 4.629250e+001  6.854277e-005
 4.654000e+001  4.754264e-005
 4.678750e+001  8.887948e-005
 4.703500e+001  9.027643e-005
 4.728250e+001  6.268484e-005
 4.753000e+001  7.138262e-005
 4.777750e+001  5.740971e-005
 4.802500e+001  8.295445e-005
 4.827250e+001  1.057877e-004
 4.852000e+001  7.143730e-005
 4.876750e+001  6.852392e-005
 4.901500e+001  6.321901e-005
 4.926250e+001  7.354377e-005
 4.951000e+001  9.361311e-005
 4.975750e+001  9.952501e-004
 5.000500e+001  2.322872e-003
 5.025250e+001  1.318954e-003
 5.050000e+001  6.714843e-005
 5.074750e+001  6.977133e-005
 5.099500e+001  5.765090e-005
 5.124250e+001  7.680687e-005
 5.149000e+001  6.829037e-005
 5.173750e+001  7.801129e-005
 5.198500e+001  6.771312e-005
 5.223250e+001  6.457653e-005
 5.248000e+001  8.571273e-005
 5.272750e+001  7.566877e-005
 5.297500e+001  7.352794e-005
 5.322250e+001  6.657098e-005
 5.347000e+001  7.582855e-005
 5.371750e+001  8.585255e-005
 5.396500e+001  6.388187e-005
 5.421250e+001  8.091532e-005
 5.446000e+001  1.129329e-004
 5.470750e+001  9.220823e-005
 5.495500e+001  4.976232e-005
 5.520250e+001  7.373137e-005
 5.545000e+001  9.572023e-005
 5.569750e+001  8.111639e-005
 5.594500e+001  9.660732e-005
 5.619250e+001  9.078731e-005
 5.644000e+001  8.730472e-005
 5.668750e+001  9.353259e-005
 5.693500e+001  7.623309e-005
 5.718250e+001  9.827332e-005
 5.743000e+001  9.515693e-005
 5.767750e+001  1.007203e-004
 5.792500e+001  1.075622e-004
 5.817250e+001  7.563998e-005
 5.842000e+001  4.839569e-005
 5.866750e+001  7.084610e-005
 5.891500e+001  7.865880e-005
 5.916250e+001  8.548480e-005
 5.941000e+001  9.931708e-005
 5.965750e+001  8.376770e-005
 5.990500e+001  5.444600e-005
 6.015250e+001  9.762414e-005
 6.040000e+001  9.235672e-005
 6.064750e+001  6.053686e-005
 6.089500e+001  7.836095e-005
 6.114250e+001  7.720874e-005
 6.139000e+001  7.401122e-005
 6.163750e+001  6.075166e-005
 6.188500e+001  7.964654e-005
 6.213250e+001  6.483509e-005
 6.238000e+001  6.995801e-005
 6.262750e+001  8.626908e-005
 6.287500e+001  7.995657e-005
 6.312250e+001  5.230708e-005
 6.337000e+001  7.707065e-005
 6.361750e+001  5.275768e-005
 6.386500e+001  6.367774e-005
 6.411250e+001  7.455854e-005
 6.436000e+001  7.662897e-005
 6.460750e+001  7.164767e-005
 6.485500e+001  7.291581e-005
 6.510250e+001  8.784815e-005
 6.535000e+001  9.935959e-005
 6.559750e+001  7.106117e-005
 6.584500e+001  8.175198e-005
 6.609250e+001  7.700930e-005
 6.634000e+001  5.652424e-005
 6.658750e+001  3.583914e-005
 6.683500e+001  4.491412e-005
 6.708250e+001  6.750453e-005
 6.733000e+001  7.701454e-005
 6.757750e+001  9.857909e-005
 6.782500e+001  7.875286e-005
 6.807250e+001  9.327607e-005
 6.832000e+001  8.785609e-005
 6.856750e+001  9.872231e-005
 6.881500e+001  9.699295e-005
 6.906250e+001  8.498530e-005
 6.931000e+001  6.485333e-005
 6.955750e+001  6.892394e-005
 6.980500e+001  5.759284e-005
 7.005250e+001  5.072715e-005
 7.030000e+001  8.474277e-005
 7.054750e+001  8.169847e-005
 7.079500e+001  4.147765e-005
 7.104250e+001  7.600582e-005
 7.129000e+001  7.915397e-005
 7.153750e+001  6.362964e-005
 7.178500e+001  6.437727e-005
 7.203250e+001  8.901771e-005
 7.228000e+001  9.689179e-005
 7.252750e+001  6.890693e-005
 7.277500e+001  7.173604e-005
 7.302250e+001  5.704624e-005
 7.327000e+001  7.541470e-005
 7.351750e+001  7.465465e-005
 7.376500e+001  6.008909e-005
 7.401250e+001  5.162296e-005
 7.426000e+001  6.927388e-005
 7.450750e+001  7.028786e-005
 7.475500e+001  7.905248e-005
 7.500250e+001  9.995594e-005
 7.525000e+001  9.672663e-005
 7.549750e+001  9.355938e-005
 7.574500e+001  1.014303e-004
 7.599250e+001  1.058815e-004
 7.624000e+001  8.989406e-005
 7.648750e+001  7.607611e-005
 7.673500e+001  6.991712e-005
 7.698250e+001  4.570013e-005
 7.723000e+001  6.207437e-005
 7.747750e+001  8.553411e-005
 7.772500e+001  6.508871e-005
 7.797250e+001  6.837833e-005
 7.822000e+001  1.052822e-004
 7.846750e+001  1.163145e-004
 7.871500e+001  7.049814e-005
 7.896250e+001  7.757242e-005
 7.921000e+001  8.924872e-005
 7.945750e+001  5.720255e-005
 7.970500e+001  5.674181e-005
 7.995250e+001  5.720211e-005
 8.020000e+001  5.236050e-005
 8.044750e+001  8.357175e-005
 8.069500e+001  8.342667e-005
 8.094250e+001  1.138048e-004
 8.119000e+001  9.689020e-005
 8.143750e+001  6.335434e-005
 8.168500e+001  6.544482e-005
 8.193250e+001  6.177869e-005
 8.218000e+001  5.208897e-005
 8.242750e+001  8.227909e-005
 8.267500e+001  7.329704e-005
 8.292250e+001  7.108137e-005
 8.317000e+001  8.789597e-005
 8.341750e+001  8.918187e-005
 8.366500e+001  6.004175e-005
 8.391250e+001  6.107066e-005
 8.416000e+001  7.351257e-005
 8.440750e+001  8.642513e-005
 8.465500e+001  8.328576e-005
 8.490250e+001  9.383441e-005
 8.515000e+001  1.086082e-004
 8.539750e+001  6.654683e-005
 8.564500e+001  7.513922e-005
 8.589250e+001  8.940737e-005
 8.614000e+001  9.951362e-005
 8.638750e+001  8.030713e-005
 8.663500e+001  6.195745e-005
 8.688250e+001  9.065966e-005
 8.713000e+001  8.287921e-005
 8.737750e+001  7.686891e-005
 8.762500e+001  9.692219e-005
 8.787250e+001  8.447167e-005
 8.812000e+001  6.701964e-005
 8.836750e+001  7.670070e-005
 8.861500e+001  8.159346e-005
 8.886250e+001  6.510176e-005
 8.911000e+001  6.006932e-005
 8.935750e+001  6.996980e-005
 8.960500e+001  7.677866e-005
 8.985250e+001  6.989203e-005
 9.010000e+001  9.037290e-005
 9.034750e+001  1.107122e-004
 9.059500e+001  9.012695e-005
 9.084250e+001  8.165272e-005
 9.109000e+001  9.970369e-005
 9.133750e+001  8.942893e-005
 9.158500e+001  7.729087e-005
 9.183250e+001  7.661464e-005
 9.208000e+001  7.960917e-005
 9.232750e+001  1.084327e-004
 9.257500e+001  1.316715e-004
 9.282250e+001  1.106629e-004
 9.307000e+001  9.926010e-005
 9.331750e+001  8.142140e-005
 9.356500e+001  8.740979e-005
 9.381250e+001  7.803046e-005
 9.406000e+001  5.182686e-005
 9.430750e+001  9.881352e-005
 9.455500e+001  1.170731e-004
 9.480250e+001  8.034053e-005
 9.505000e+001  6.034391e-005
 9.529750e+001  4.809909e-005
 9.554500e+001  5.365988e-005
 9.579250e+001  8.309745e-005
 9.604000e+001  1.057912e-004
 9.628750e+001  8.945330e-005
 9.653500e+001  6.526665e-005
 9.678250e+001  7.141084e-005
 9.703000e+001  6.418357e-005
 9.727750e+001  4.974881e-005
 9.752500e+001  5.408616e-005
 9.777250e+001  8.283186e-005
 9.802000e+001  9.375372e-005
 9.826750e+001  8.078121e-005
 9.851500e+001  4.040717e-005
 9.876250e+001  7.127119e-005
 9.901000e+001  8.349754e-005
 9.925750e+001  5.903174e-005
 9.950500e+001  5.015646e-005
 9.975250e+001  9.541933e-005
 1.000000e+002  1.963507e-004
